500
0 1 0.100000 6.600000 0.500000 0.300000 0.000000 0.000000 0.000000 0.000000 0.000000 0.000000 1.000000 0.000000 0.000000 0.000000 0.000000
0 0 0.000000 1 1 0.100000 6.600000 0.700000 0.300000 0.000000 0.000000 0.000000 0.000000 0.000000 0.000000 1.000000 0.000000 0.000000 0.000000 0.000000
0 0 0.000000 2 1 0.100000 6.600000 0.900000 0.300000 0.000000 0.000000 0.000000 0.000000 0.000000 0.000000 1.000000 0.000000 0.000000 0.000000 0.000000
0 0 0.000000 3 1 0.100000 6.600000 1.100000 0.300000 0.000000 0.000000 0.000000 0.000000 0.000000 0.000000 1.000000 0.000000 0.000000 0.000000 0.000000
0 0 0.000000 4 1 0.100000 6.600000 1.300000 0.300000 0.000000 0.000000 0.000000 0.000000 0.000000 0.000000 1.000000 0.000000 0.000000 0.000000 0.000000
0 0 0.000000 5 1 0.100000 6.600000 1.500000 0.300000 0.000000 0.000000 0.000000 0.000000 0.000000 0.000000 1.000000 0.000000 0.000000 0.000000 0.000000
0 0 0.000000 6 1 0.100000 6.600000 1.700000 0.300000 0.000000 0.000000 0.000000 0.000000 0.000000 0.000000 1.000000 0.000000 0.000000 0.000000 0.000000
0 0 0.000000 7 1 0.100000 6.600000 1.900000 0.300000 0.000000 0.000000 0.000000 0.000000 0.000000 0.000000 1.000000 0.000000 0.000000 0.000000 0.000000
0 0 0.000000 8 1 0.100000 6.600000 2.100000 0.300000 0.000000 0.000000 0.000000 0.000000 0.000000 0.000000 1.000000 0.000000 0.000000 0.000000 0.000000
0 0 0.000000 9 1 0.100000 6.600000 2.300000 0.300000 0.000000 0.000000 0.000000 0.000000 0.000000 0.000000 1.000000 0.000000 0.000000 0.000000 0.000000
0 0 0.000000 10 1 0.100000 6.600000 2.500000 0.300000 0.000000 0.000000 0.000000 0.000000 0.000000 0.000000 1.000000 0.000000 0.000000 0.000000 0.000000
0 0 0.000000 11 1 0.100000 6.600000 2.700000 0.300000 0.000000 0.000000 0.000000 0.000000 0.000000 0.000000 1.000000 0.000000 0.000000 0.000000 0.000000
0 0 0.000000 12 1 0.100000 6.600000 2.900000 0.300000 0.000000 0.000000 0.000000 0.000000 0.000000 0.000000 1.000000 0.000000 0.000000 0.000000 0.000000
0 0 0.000000 13 1 0.100000 6.600000 3.100000 0.300000 0.000000 0.000000 0.000000 0.000000 0.000000 0.000000 1.000000 0.000000 0.000000 0.000000 0.000000
0 0 0.000000 14 1 0.100000 6.600000 3.300000 0.300000 0.000000 0.000000 0.000000 0.000000 0.000000 0.000000 1.000000 0.000000 0.000000 0.000000 0.000000
0 0 0.000000 15 1 0.100000 6.600000 3.500000 0.300000 0.000000 0.000000 0.000000 0.000000 0.000000 0.000000 1.000000 0.000000 0.000000 0.000000 0.000000
0 0 0.000000 16 1 0.100000 6.600000 3.700000 0.300000 0.000000 0.000000 0.000000 0.000000 0.000000 0.000000 1.000000 0.000000 0.000000 0.000000 0.000000
0 0 0.000000 17 1 0.100000 6.600000 3.900000 0.300000 0.000000 0.000000 0.000000 0.000000 0.000000 0.000000 1.000000 0.000000 0.000000 0.000000 0.000000
0 0 0.000000 18 1 0.100000 6.600000 4.100000 0.300000 0.000000 0.000000 0.000000 0.000000 0.000000 0.000000 1.000000 0.000000 0.000000 0.000000 0.000000
0 0 0.000000 19 1 0.100000 6.600000 4.300000 0.300000 0.000000 0.000000 0.000000 0.000000 0.000000 0.000000 1.000000 0.000000 0.000000 0.000000 0.000000
0 0 0.000000 20 1 0.100000 6.600000 4.500000 0.300000 0.000000 0.000000 0.000000 0.000000 0.000000 0.000000 1.000000 0.000000 0.000000 0.000000 0.000000
0 0 0.000000 21 1 0.100000 6.600000 4.700000 0.300000 0.000000 0.000000 0.000000 0.000000 0.000000 0.000000 1.000000 0.000000 0.000000 0.000000 0.000000
0 0 0.000000 22 1 0.100000 6.600000 4.900000 0.300000 0.000000 0.000000 0.000000 0.000000 0.000000 0.000000 1.000000 0.000000 0.000000 0.000000 0.000000
0 0 0.000000 23 1 0.100000 6.600000 5.100000 0.300000 0.000000 0.000000 0.000000 0.000000 0.000000 0.000000 1.000000 0.000000 0.000000 0.000000 0.000000
0 0 0.000000 24 1 0.100000 6.600000 5.300000 0.300000 0.000000 0.000000 0.000000 0.000000 0.000000 0.000000 1.000000 0.000000 0.000000 0.000000 0.000000
0 0 0.000000 25 1 0.100000 6.800000 0.500000 0.300000 0.000000 0.000000 0.000000 0.000000 0.000000 0.000000 1.000000 0.000000 0.000000 0.000000 0.000000
0 0 0.000000 26 1 0.100000 6.800000 0.700000 0.300000 0.000000 0.000000 0.000000 0.000000 0.000000 0.000000 1.000000 0.000000 0.000000 0.000000 0.000000
0 0 0.000000 27 1 0.100000 6.800000 0.900000 0.300000 0.000000 0.000000 0.000000 0.000000 0.000000 0.000000 1.000000 0.000000 0.000000 0.000000 0.000000
0 0 0.000000 28 1 0.100000 6.800000 1.100000 0.300000 0.000000 0.000000 0.000000 0.000000 0.000000 0.000000 1.000000 0.000000 0.000000 0.000000 0.000000
0 0 0.000000 29 1 0.100000 6.800000 1.300000 0.300000 0.000000 0.000000 0.000000 0.000000 0.000000 0.000000 1.000000 0.000000 0.000000 0.000000 0.000000
0 0 0.000000 30 1 0.100000 6.800000 1.500000 0.300000 0.000000 0.000000 0.000000 0.000000 0.000000 0.000000 1.000000 0.000000 0.000000 0.000000 0.000000
0 0 0.000000 31 1 0.100000 6.800000 1.700000 0.300000 0.000000 0.000000 0.000000 0.000000 0.000000 0.000000 1.000000 0.000000 0.000000 0.000000 0.000000
0 0 0.000000 32 1 0.100000 6.800000 1.900000 0.300000 0.000000 0.000000 0.000000 0.000000 0.000000 0.000000 1.000000 0.000000 0.000000 0.000000 0.000000
0 0 0.000000 33 1 0.100000 6.800000 2.100000 0.300000 0.000000 0.000000 0.000000 0.000000 0.000000 0.000000 1.000000 0.000000 0.000000 0.000000 0.000000
0 0 0.000000 34 1 0.100000 6.800000 2.300000 0.300000 0.000000 0.000000 0.000000 0.000000 0.000000 0.000000 1.000000 0.000000 0.000000 0.000000 0.000000
0 0 0.000000 35 1 0.100000 6.800000 2.500000 0.300000 0.000000 0.000000 0.000000 0.000000 0.000000 0.000000 1.000000 0.000000 0.000000 0.000000 0.000000
0 0 0.000000 36 1 0.100000 6.800000 2.700000 0.300000 0.000000 0.000000 0.000000 0.000000 0.000000 0.000000 1.000000 0.000000 0.000000 0.000000 0.000000
0 0 0.000000 37 1 0.100000 6.800000 2.900000 0.300000 0.000000 0.000000 0.000000 0.000000 0.000000 0.000000 1.000000 0.000000 0.000000 0.000000 0.000000
0 0 0.000000 38 1 0.100000 6.800000 3.100000 0.300000 0.000000 0.000000 0.000000 0.000000 0.000000 0.000000 1.000000 0.000000 0.000000 0.000000 0.000000
0 0 0.000000 39 1 0.100000 6.800000 3.300000 0.300000 0.000000 0.000000 0.000000 0.000000 0.000000 0.000000 1.000000 0.000000 0.000000 0.000000 0.000000
0 0 0.000000 40 1 0.100000 6.800000 3.500000 0.300000 0.000000 0.000000 0.000000 0.000000 0.000000 0.000000 1.000000 0.000000 0.000000 0.000000 0.000000
0 0 0.000000 41 1 0.100000 6.800000 3.700000 0.300000 0.000000 0.000000 0.000000 0.000000 0.000000 0.000000 1.000000 0.000000 0.000000 0.000000 0.000000
0 0 0.000000 42 1 0.100000 6.800000 3.900000 0.300000 0.000000 0.000000 0.000000 0.000000 0.000000 0.000000 1.000000 0.000000 0.000000 0.000000 0.000000
0 0 0.000000 43 1 0.100000 6.800000 4.100000 0.300000 0.000000 0.000000 0.000000 0.000000 0.000000 0.000000 1.000000 0.000000 0.000000 0.000000 0.000000
0 0 0.000000 44 1 0.100000 6.800000 4.300000 0.300000 0.000000 0.000000 0.000000 0.000000 0.000000 0.000000 1.000000 0.000000 0.000000 0.000000 0.000000
0 0 0.000000 45 1 0.100000 6.800000 4.500000 0.300000 0.000000 0.000000 0.000000 0.000000 0.000000 0.000000 1.000000 0.000000 0.000000 0.000000 0.000000
0 0 0.000000 46 1 0.100000 6.800000 4.700000 0.300000 0.000000 0.000000 0.000000 0.000000 0.000000 0.000000 1.000000 0.000000 0.000000 0.000000 0.000000
0 0 0.000000 47 1 0.100000 6.800000 4.900000 0.300000 0.000000 0.000000 0.000000 0.000000 0.000000 0.000000 1.000000 0.000000 0.000000 0.000000 0.000000
0 0 0.000000 48 1 0.100000 6.800000 5.100000 0.300000 0.000000 0.000000 0.000000 0.000000 0.000000 0.000000 1.000000 0.000000 0.000000 0.000000 0.000000
0 0 0.000000 49 1 0.100000 6.800000 5.300000 0.300000 0.000000 0.000000 0.000000 0.000000 0.000000 0.000000 1.000000 0.000000 0.000000 0.000000 0.000000
0 0 0.000000 50 1 0.100000 7.000000 0.500000 0.300000 0.000000 0.000000 0.000000 0.000000 0.000000 0.000000 1.000000 0.000000 0.000000 0.000000 0.000000
0 0 0.000000 51 1 0.100000 7.000000 0.700000 0.300000 0.000000 0.000000 0.000000 0.000000 0.000000 0.000000 1.000000 0.000000 0.000000 0.000000 0.000000
0 0 0.000000 52 1 0.100000 7.000000 0.900000 0.300000 0.000000 0.000000 0.000000 0.000000 0.000000 0.000000 1.000000 0.000000 0.000000 0.000000 0.000000
0 0 0.000000 53 1 0.100000 7.000000 1.100000 0.300000 0.000000 0.000000 0.000000 0.000000 0.000000 0.000000 1.000000 0.000000 0.000000 0.000000 0.000000
0 0 0.000000 54 1 0.100000 7.000000 1.300000 0.300000 0.000000 0.000000 0.000000 0.000000 0.000000 0.000000 1.000000 0.000000 0.000000 0.000000 0.000000
0 0 0.000000 55 1 0.100000 7.000000 1.500000 0.300000 0.000000 0.000000 0.000000 0.000000 0.000000 0.000000 1.000000 0.000000 0.000000 0.000000 0.000000
0 0 0.000000 56 1 0.100000 7.000000 1.700000 0.300000 0.000000 0.000000 0.000000 0.000000 0.000000 0.000000 1.000000 0.000000 0.000000 0.000000 0.000000
0 0 0.000000 57 1 0.100000 7.000000 1.900000 0.300000 0.000000 0.000000 0.000000 0.000000 0.000000 0.000000 1.000000 0.000000 0.000000 0.000000 0.000000
0 0 0.000000 58 1 0.100000 7.000000 2.100000 0.300000 0.000000 0.000000 0.000000 0.000000 0.000000 0.000000 1.000000 0.000000 0.000000 0.000000 0.000000
0 0 0.000000 59 1 0.100000 7.000000 2.300000 0.300000 0.000000 0.000000 0.000000 0.000000 0.000000 0.000000 1.000000 0.000000 0.000000 0.000000 0.000000
0 0 0.000000 60 1 0.100000 7.000000 2.500000 0.300000 0.000000 0.000000 0.000000 0.000000 0.000000 0.000000 1.000000 0.000000 0.000000 0.000000 0.000000
0 0 0.000000 61 1 0.100000 7.000000 2.700000 0.300000 0.000000 0.000000 0.000000 0.000000 0.000000 0.000000 1.000000 0.000000 0.000000 0.000000 0.000000
0 0 0.000000 62 1 0.100000 7.000000 2.900000 0.300000 0.000000 0.000000 0.000000 0.000000 0.000000 0.000000 1.000000 0.000000 0.000000 0.000000 0.000000
0 0 0.000000 63 1 0.100000 7.000000 3.100000 0.300000 0.000000 0.000000 0.000000 0.000000 0.000000 0.000000 1.000000 0.000000 0.000000 0.000000 0.000000
0 0 0.000000 64 1 0.100000 7.000000 3.300000 0.300000 0.000000 0.000000 0.000000 0.000000 0.000000 0.000000 1.000000 0.000000 0.000000 0.000000 0.000000
0 0 0.000000 65 1 0.100000 7.000000 3.500000 0.300000 0.000000 0.000000 0.000000 0.000000 0.000000 0.000000 1.000000 0.000000 0.000000 0.000000 0.000000
0 0 0.000000 66 1 0.100000 7.000000 3.700000 0.300000 0.000000 0.000000 0.000000 0.000000 0.000000 0.000000 1.000000 0.000000 0.000000 0.000000 0.000000
0 0 0.000000 67 1 0.100000 7.000000 3.900000 0.300000 0.000000 0.000000 0.000000 0.000000 0.000000 0.000000 1.000000 0.000000 0.000000 0.000000 0.000000
0 0 0.000000 68 1 0.100000 7.000000 4.100000 0.300000 0.000000 0.000000 0.000000 0.000000 0.000000 0.000000 1.000000 0.000000 0.000000 0.000000 0.000000
0 0 0.000000 69 1 0.100000 7.000000 4.300000 0.300000 0.000000 0.000000 0.000000 0.000000 0.000000 0.000000 1.000000 0.000000 0.000000 0.000000 0.000000
0 0 0.000000 70 1 0.100000 7.000000 4.500000 0.300000 0.000000 0.000000 0.000000 0.000000 0.000000 0.000000 1.000000 0.000000 0.000000 0.000000 0.000000
0 0 0.000000 71 1 0.100000 7.000000 4.700000 0.300000 0.000000 0.000000 0.000000 0.000000 0.000000 0.000000 1.000000 0.000000 0.000000 0.000000 0.000000
0 0 0.000000 72 1 0.100000 7.000000 4.900000 0.300000 0.000000 0.000000 0.000000 0.000000 0.000000 0.000000 1.000000 0.000000 0.000000 0.000000 0.000000
0 0 0.000000 73 1 0.100000 7.000000 5.100000 0.300000 0.000000 0.000000 0.000000 0.000000 0.000000 0.000000 1.000000 0.000000 0.000000 0.000000 0.000000
0 0 0.000000 74 1 0.100000 7.000000 5.300000 0.300000 0.000000 0.000000 0.000000 0.000000 0.000000 0.000000 1.000000 0.000000 0.000000 0.000000 0.000000
0 0 0.000000 75 1 0.100000 7.200000 0.500000 0.300000 0.000000 0.000000 0.000000 0.000000 0.000000 0.000000 1.000000 0.000000 0.000000 0.000000 0.000000
0 0 0.000000 76 1 0.100000 7.200000 0.700000 0.300000 0.000000 0.000000 0.000000 0.000000 0.000000 0.000000 1.000000 0.000000 0.000000 0.000000 0.000000
0 0 0.000000 77 1 0.100000 7.200000 0.900000 0.300000 0.000000 0.000000 0.000000 0.000000 0.000000 0.000000 1.000000 0.000000 0.000000 0.000000 0.000000
0 0 0.000000 78 1 0.100000 7.200000 1.100000 0.300000 0.000000 0.000000 0.000000 0.000000 0.000000 0.000000 1.000000 0.000000 0.000000 0.000000 0.000000
0 0 0.000000 79 1 0.100000 7.200000 1.300000 0.300000 0.000000 0.000000 0.000000 0.000000 0.000000 0.000000 1.000000 0.000000 0.000000 0.000000 0.000000
0 0 0.000000 80 1 0.100000 7.200000 1.500000 0.300000 0.000000 0.000000 0.000000 0.000000 0.000000 0.000000 1.000000 0.000000 0.000000 0.000000 0.000000
0 0 0.000000 81 1 0.100000 7.200000 1.700000 0.300000 0.000000 0.000000 0.000000 0.000000 0.000000 0.000000 1.000000 0.000000 0.000000 0.000000 0.000000
0 0 0.000000 82 1 0.100000 7.200000 1.900000 0.300000 0.000000 0.000000 0.000000 0.000000 0.000000 0.000000 1.000000 0.000000 0.000000 0.000000 0.000000
0 0 0.000000 83 1 0.100000 7.200000 2.100000 0.300000 0.000000 0.000000 0.000000 0.000000 0.000000 0.000000 1.000000 0.000000 0.000000 0.000000 0.000000
0 0 0.000000 84 1 0.100000 7.200000 2.300000 0.300000 0.000000 0.000000 0.000000 0.000000 0.000000 0.000000 1.000000 0.000000 0.000000 0.000000 0.000000
0 0 0.000000 85 1 0.100000 7.200000 2.500000 0.300000 0.000000 0.000000 0.000000 0.000000 0.000000 0.000000 1.000000 0.000000 0.000000 0.000000 0.000000
0 0 0.000000 86 1 0.100000 7.200000 2.700000 0.300000 0.000000 0.000000 0.000000 0.000000 0.000000 0.000000 1.000000 0.000000 0.000000 0.000000 0.000000
0 0 0.000000 87 1 0.100000 7.200000 2.900000 0.300000 0.000000 0.000000 0.000000 0.000000 0.000000 0.000000 1.000000 0.000000 0.000000 0.000000 0.000000
0 0 0.000000 88 1 0.100000 7.200000 3.100000 0.300000 0.000000 0.000000 0.000000 0.000000 0.000000 0.000000 1.000000 0.000000 0.000000 0.000000 0.000000
0 0 0.000000 89 1 0.100000 7.200000 3.300000 0.300000 0.000000 0.000000 0.000000 0.000000 0.000000 0.000000 1.000000 0.000000 0.000000 0.000000 0.000000
0 0 0.000000 90 1 0.100000 7.200000 3.500000 0.300000 0.000000 0.000000 0.000000 0.000000 0.000000 0.000000 1.000000 0.000000 0.000000 0.000000 0.000000
0 0 0.000000 91 1 0.100000 7.200000 3.700000 0.300000 0.000000 0.000000 0.000000 0.000000 0.000000 0.000000 1.000000 0.000000 0.000000 0.000000 0.000000
0 0 0.000000 92 1 0.100000 7.200000 3.900000 0.300000 0.000000 0.000000 0.000000 0.000000 0.000000 0.000000 1.000000 0.000000 0.000000 0.000000 0.000000
0 0 0.000000 93 1 0.100000 7.200000 4.100000 0.300000 0.000000 0.000000 0.000000 0.000000 0.000000 0.000000 1.000000 0.000000 0.000000 0.000000 0.000000
0 0 0.000000 94 1 0.100000 7.200000 4.300000 0.300000 0.000000 0.000000 0.000000 0.000000 0.000000 0.000000 1.000000 0.000000 0.000000 0.000000 0.000000
0 0 0.000000 95 1 0.100000 7.200000 4.500000 0.300000 0.000000 0.000000 0.000000 0.000000 0.000000 0.000000 1.000000 0.000000 0.000000 0.000000 0.000000
0 0 0.000000 96 1 0.100000 7.200000 4.700000 0.300000 0.000000 0.000000 0.000000 0.000000 0.000000 0.000000 1.000000 0.000000 0.000000 0.000000 0.000000
0 0 0.000000 97 1 0.100000 7.200000 4.900000 0.300000 0.000000 0.000000 0.000000 0.000000 0.000000 0.000000 1.000000 0.000000 0.000000 0.000000 0.000000
0 0 0.000000 98 1 0.100000 7.200000 5.100000 0.300000 0.000000 0.000000 0.000000 0.000000 0.000000 0.000000 1.000000 0.000000 0.000000 0.000000 0.000000
0 0 0.000000 99 1 0.100000 7.200000 5.300000 0.300000 0.000000 0.000000 0.000000 0.000000 0.000000 0.000000 1.000000 0.000000 0.000000 0.000000 0.000000
0 0 0.000000 100 1 0.100000 7.400000 0.500000 0.300000 0.000000 0.000000 0.000000 0.000000 0.000000 0.000000 1.000000 0.000000 0.000000 0.000000 0.000000
0 0 0.000000 101 1 0.100000 7.400000 0.700000 0.300000 0.000000 0.000000 0.000000 0.000000 0.000000 0.000000 1.000000 0.000000 0.000000 0.000000 0.000000
0 0 0.000000 102 1 0.100000 7.400000 0.900000 0.300000 0.000000 0.000000 0.000000 0.000000 0.000000 0.000000 1.000000 0.000000 0.000000 0.000000 0.000000
0 0 0.000000 103 1 0.100000 7.400000 1.100000 0.300000 0.000000 0.000000 0.000000 0.000000 0.000000 0.000000 1.000000 0.000000 0.000000 0.000000 0.000000
0 0 0.000000 104 1 0.100000 7.400000 1.300000 0.300000 0.000000 0.000000 0.000000 0.000000 0.000000 0.000000 1.000000 0.000000 0.000000 0.000000 0.000000
0 0 0.000000 105 1 0.100000 7.400000 1.500000 0.300000 0.000000 0.000000 0.000000 0.000000 0.000000 0.000000 1.000000 0.000000 0.000000 0.000000 0.000000
0 0 0.000000 106 1 0.100000 7.400000 1.700000 0.300000 0.000000 0.000000 0.000000 0.000000 0.000000 0.000000 1.000000 0.000000 0.000000 0.000000 0.000000
0 0 0.000000 107 1 0.100000 7.400000 1.900000 0.300000 0.000000 0.000000 0.000000 0.000000 0.000000 0.000000 1.000000 0.000000 0.000000 0.000000 0.000000
0 0 0.000000 108 1 0.100000 7.400000 2.100000 0.300000 0.000000 0.000000 0.000000 0.000000 0.000000 0.000000 1.000000 0.000000 0.000000 0.000000 0.000000
0 0 0.000000 109 1 0.100000 7.400000 2.300000 0.300000 0.000000 0.000000 0.000000 0.000000 0.000000 0.000000 1.000000 0.000000 0.000000 0.000000 0.000000
0 0 0.000000 110 1 0.100000 7.400000 2.500000 0.300000 0.000000 0.000000 0.000000 0.000000 0.000000 0.000000 1.000000 0.000000 0.000000 0.000000 0.000000
0 0 0.000000 111 1 0.100000 7.400000 2.700000 0.300000 0.000000 0.000000 0.000000 0.000000 0.000000 0.000000 1.000000 0.000000 0.000000 0.000000 0.000000
0 0 0.000000 112 1 0.100000 7.400000 2.900000 0.300000 0.000000 0.000000 0.000000 0.000000 0.000000 0.000000 1.000000 0.000000 0.000000 0.000000 0.000000
0 0 0.000000 113 1 0.100000 7.400000 3.100000 0.300000 0.000000 0.000000 0.000000 0.000000 0.000000 0.000000 1.000000 0.000000 0.000000 0.000000 0.000000
0 0 0.000000 114 1 0.100000 7.400000 3.300000 0.300000 0.000000 0.000000 0.000000 0.000000 0.000000 0.000000 1.000000 0.000000 0.000000 0.000000 0.000000
0 0 0.000000 115 1 0.100000 7.400000 3.500000 0.300000 0.000000 0.000000 0.000000 0.000000 0.000000 0.000000 1.000000 0.000000 0.000000 0.000000 0.000000
0 0 0.000000 116 1 0.100000 7.400000 3.700000 0.300000 0.000000 0.000000 0.000000 0.000000 0.000000 0.000000 1.000000 0.000000 0.000000 0.000000 0.000000
0 0 0.000000 117 1 0.100000 7.400000 3.900000 0.300000 0.000000 0.000000 0.000000 0.000000 0.000000 0.000000 1.000000 0.000000 0.000000 0.000000 0.000000
0 0 0.000000 118 1 0.100000 7.400000 4.100000 0.300000 0.000000 0.000000 0.000000 0.000000 0.000000 0.000000 1.000000 0.000000 0.000000 0.000000 0.000000
0 0 0.000000 119 1 0.100000 7.400000 4.300000 0.300000 0.000000 0.000000 0.000000 0.000000 0.000000 0.000000 1.000000 0.000000 0.000000 0.000000 0.000000
0 0 0.000000 120 1 0.100000 7.400000 4.500000 0.300000 0.000000 0.000000 0.000000 0.000000 0.000000 0.000000 1.000000 0.000000 0.000000 0.000000 0.000000
0 0 0.000000 121 1 0.100000 7.400000 4.700000 0.300000 0.000000 0.000000 0.000000 0.000000 0.000000 0.000000 1.000000 0.000000 0.000000 0.000000 0.000000
0 0 0.000000 122 1 0.100000 7.400000 4.900000 0.300000 0.000000 0.000000 0.000000 0.000000 0.000000 0.000000 1.000000 0.000000 0.000000 0.000000 0.000000
0 0 0.000000 123 1 0.100000 7.400000 5.100000 0.300000 0.000000 0.000000 0.000000 0.000000 0.000000 0.000000 1.000000 0.000000 0.000000 0.000000 0.000000
0 0 0.000000 124 1 0.100000 7.400000 5.300000 0.300000 0.000000 0.000000 0.000000 0.000000 0.000000 0.000000 1.000000 0.000000 0.000000 0.000000 0.000000
0 0 0.000000 125 1 0.100000 6.600000 0.500000 0.500000 0.000000 0.000000 0.000000 0.000000 0.000000 0.000000 1.000000 0.000000 0.000000 0.000000 0.000000
0 0 0.000000 126 1 0.100000 6.600000 0.700000 0.500000 0.000000 0.000000 0.000000 0.000000 0.000000 0.000000 1.000000 0.000000 0.000000 0.000000 0.000000
0 0 0.000000 127 1 0.100000 6.600000 0.900000 0.500000 0.000000 0.000000 0.000000 0.000000 0.000000 0.000000 1.000000 0.000000 0.000000 0.000000 0.000000
0 0 0.000000 128 1 0.100000 6.600000 1.100000 0.500000 0.000000 0.000000 0.000000 0.000000 0.000000 0.000000 1.000000 0.000000 0.000000 0.000000 0.000000
0 0 0.000000 129 1 0.100000 6.600000 1.300000 0.500000 0.000000 0.000000 0.000000 0.000000 0.000000 0.000000 1.000000 0.000000 0.000000 0.000000 0.000000
0 0 0.000000 130 1 0.100000 6.600000 1.500000 0.500000 0.000000 0.000000 0.000000 0.000000 0.000000 0.000000 1.000000 0.000000 0.000000 0.000000 0.000000
0 0 0.000000 131 1 0.100000 6.600000 1.700000 0.500000 0.000000 0.000000 0.000000 0.000000 0.000000 0.000000 1.000000 0.000000 0.000000 0.000000 0.000000
0 0 0.000000 132 1 0.100000 6.600000 1.900000 0.500000 0.000000 0.000000 0.000000 0.000000 0.000000 0.000000 1.000000 0.000000 0.000000 0.000000 0.000000
0 0 0.000000 133 1 0.100000 6.600000 2.100000 0.500000 0.000000 0.000000 0.000000 0.000000 0.000000 0.000000 1.000000 0.000000 0.000000 0.000000 0.000000
0 0 0.000000 134 1 0.100000 6.600000 2.300000 0.500000 0.000000 0.000000 0.000000 0.000000 0.000000 0.000000 1.000000 0.000000 0.000000 0.000000 0.000000
0 0 0.000000 135 1 0.100000 6.600000 2.500000 0.500000 0.000000 0.000000 0.000000 0.000000 0.000000 0.000000 1.000000 0.000000 0.000000 0.000000 0.000000
0 0 0.000000 136 1 0.100000 6.600000 2.700000 0.500000 0.000000 0.000000 0.000000 0.000000 0.000000 0.000000 1.000000 0.000000 0.000000 0.000000 0.000000
0 0 0.000000 137 1 0.100000 6.600000 2.900000 0.500000 0.000000 0.000000 0.000000 0.000000 0.000000 0.000000 1.000000 0.000000 0.000000 0.000000 0.000000
0 0 0.000000 138 1 0.100000 6.600000 3.100000 0.500000 0.000000 0.000000 0.000000 0.000000 0.000000 0.000000 1.000000 0.000000 0.000000 0.000000 0.000000
0 0 0.000000 139 1 0.100000 6.600000 3.300000 0.500000 0.000000 0.000000 0.000000 0.000000 0.000000 0.000000 1.000000 0.000000 0.000000 0.000000 0.000000
0 0 0.000000 140 1 0.100000 6.600000 3.500000 0.500000 0.000000 0.000000 0.000000 0.000000 0.000000 0.000000 1.000000 0.000000 0.000000 0.000000 0.000000
0 0 0.000000 141 1 0.100000 6.600000 3.700000 0.500000 0.000000 0.000000 0.000000 0.000000 0.000000 0.000000 1.000000 0.000000 0.000000 0.000000 0.000000
0 0 0.000000 142 1 0.100000 6.600000 3.900000 0.500000 0.000000 0.000000 0.000000 0.000000 0.000000 0.000000 1.000000 0.000000 0.000000 0.000000 0.000000
0 0 0.000000 143 1 0.100000 6.600000 4.100000 0.500000 0.000000 0.000000 0.000000 0.000000 0.000000 0.000000 1.000000 0.000000 0.000000 0.000000 0.000000
0 0 0.000000 144 1 0.100000 6.600000 4.300000 0.500000 0.000000 0.000000 0.000000 0.000000 0.000000 0.000000 1.000000 0.000000 0.000000 0.000000 0.000000
0 0 0.000000 145 1 0.100000 6.600000 4.500000 0.500000 0.000000 0.000000 0.000000 0.000000 0.000000 0.000000 1.000000 0.000000 0.000000 0.000000 0.000000
0 0 0.000000 146 1 0.100000 6.600000 4.700000 0.500000 0.000000 0.000000 0.000000 0.000000 0.000000 0.000000 1.000000 0.000000 0.000000 0.000000 0.000000
0 0 0.000000 147 1 0.100000 6.600000 4.900000 0.500000 0.000000 0.000000 0.000000 0.000000 0.000000 0.000000 1.000000 0.000000 0.000000 0.000000 0.000000
0 0 0.000000 148 1 0.100000 6.600000 5.100000 0.500000 0.000000 0.000000 0.000000 0.000000 0.000000 0.000000 1.000000 0.000000 0.000000 0.000000 0.000000
0 0 0.000000 149 1 0.100000 6.600000 5.300000 0.500000 0.000000 0.000000 0.000000 0.000000 0.000000 0.000000 1.000000 0.000000 0.000000 0.000000 0.000000
0 0 0.000000 150 1 0.100000 6.800000 0.500000 0.500000 0.000000 0.000000 0.000000 0.000000 0.000000 0.000000 1.000000 0.000000 0.000000 0.000000 0.000000
0 0 0.000000 151 1 0.100000 6.800000 0.700000 0.500000 0.000000 0.000000 0.000000 0.000000 0.000000 0.000000 1.000000 0.000000 0.000000 0.000000 0.000000
0 0 0.000000 152 1 0.100000 6.800000 0.900000 0.500000 0.000000 0.000000 0.000000 0.000000 0.000000 0.000000 1.000000 0.000000 0.000000 0.000000 0.000000
0 0 0.000000 153 1 0.100000 6.800000 1.100000 0.500000 0.000000 0.000000 0.000000 0.000000 0.000000 0.000000 1.000000 0.000000 0.000000 0.000000 0.000000
0 0 0.000000 154 1 0.100000 6.800000 1.300000 0.500000 0.000000 0.000000 0.000000 0.000000 0.000000 0.000000 1.000000 0.000000 0.000000 0.000000 0.000000
0 0 0.000000 155 1 0.100000 6.800000 1.500000 0.500000 0.000000 0.000000 0.000000 0.000000 0.000000 0.000000 1.000000 0.000000 0.000000 0.000000 0.000000
0 0 0.000000 156 1 0.100000 6.800000 1.700000 0.500000 0.000000 0.000000 0.000000 0.000000 0.000000 0.000000 1.000000 0.000000 0.000000 0.000000 0.000000
0 0 0.000000 157 1 0.100000 6.800000 1.900000 0.500000 0.000000 0.000000 0.000000 0.000000 0.000000 0.000000 1.000000 0.000000 0.000000 0.000000 0.000000
0 0 0.000000 158 1 0.100000 6.800000 2.100000 0.500000 0.000000 0.000000 0.000000 0.000000 0.000000 0.000000 1.000000 0.000000 0.000000 0.000000 0.000000
0 0 0.000000 159 1 0.100000 6.800000 2.300000 0.500000 0.000000 0.000000 0.000000 0.000000 0.000000 0.000000 1.000000 0.000000 0.000000 0.000000 0.000000
0 0 0.000000 160 1 0.100000 6.800000 2.500000 0.500000 0.000000 0.000000 0.000000 0.000000 0.000000 0.000000 1.000000 0.000000 0.000000 0.000000 0.000000
0 0 0.000000 161 1 0.100000 6.800000 2.700000 0.500000 0.000000 0.000000 0.000000 0.000000 0.000000 0.000000 1.000000 0.000000 0.000000 0.000000 0.000000
0 0 0.000000 162 1 0.100000 6.800000 2.900000 0.500000 0.000000 0.000000 0.000000 0.000000 0.000000 0.000000 1.000000 0.000000 0.000000 0.000000 0.000000
0 0 0.000000 163 1 0.100000 6.800000 3.100000 0.500000 0.000000 0.000000 0.000000 0.000000 0.000000 0.000000 1.000000 0.000000 0.000000 0.000000 0.000000
0 0 0.000000 164 1 0.100000 6.800000 3.300000 0.500000 0.000000 0.000000 0.000000 0.000000 0.000000 0.000000 1.000000 0.000000 0.000000 0.000000 0.000000
0 0 0.000000 165 1 0.100000 6.800000 3.500000 0.500000 0.000000 0.000000 0.000000 0.000000 0.000000 0.000000 1.000000 0.000000 0.000000 0.000000 0.000000
0 0 0.000000 166 1 0.100000 6.800000 3.700000 0.500000 0.000000 0.000000 0.000000 0.000000 0.000000 0.000000 1.000000 0.000000 0.000000 0.000000 0.000000
0 0 0.000000 167 1 0.100000 6.800000 3.900000 0.500000 0.000000 0.000000 0.000000 0.000000 0.000000 0.000000 1.000000 0.000000 0.000000 0.000000 0.000000
0 0 0.000000 168 1 0.100000 6.800000 4.100000 0.500000 0.000000 0.000000 0.000000 0.000000 0.000000 0.000000 1.000000 0.000000 0.000000 0.000000 0.000000
0 0 0.000000 169 1 0.100000 6.800000 4.300000 0.500000 0.000000 0.000000 0.000000 0.000000 0.000000 0.000000 1.000000 0.000000 0.000000 0.000000 0.000000
0 0 0.000000 170 1 0.100000 6.800000 4.500000 0.500000 0.000000 0.000000 0.000000 0.000000 0.000000 0.000000 1.000000 0.000000 0.000000 0.000000 0.000000
0 0 0.000000 171 1 0.100000 6.800000 4.700000 0.500000 0.000000 0.000000 0.000000 0.000000 0.000000 0.000000 1.000000 0.000000 0.000000 0.000000 0.000000
0 0 0.000000 172 1 0.100000 6.800000 4.900000 0.500000 0.000000 0.000000 0.000000 0.000000 0.000000 0.000000 1.000000 0.000000 0.000000 0.000000 0.000000
0 0 0.000000 173 1 0.100000 6.800000 5.100000 0.500000 0.000000 0.000000 0.000000 0.000000 0.000000 0.000000 1.000000 0.000000 0.000000 0.000000 0.000000
0 0 0.000000 174 1 0.100000 6.800000 5.300000 0.500000 0.000000 0.000000 0.000000 0.000000 0.000000 0.000000 1.000000 0.000000 0.000000 0.000000 0.000000
0 0 0.000000 175 1 0.100000 7.000000 0.500000 0.500000 0.000000 0.000000 0.000000 0.000000 0.000000 0.000000 1.000000 0.000000 0.000000 0.000000 0.000000
0 0 0.000000 176 1 0.100000 7.000000 0.700000 0.500000 0.000000 0.000000 0.000000 0.000000 0.000000 0.000000 1.000000 0.000000 0.000000 0.000000 0.000000
0 0 0.000000 177 1 0.100000 7.000000 0.900000 0.500000 0.000000 0.000000 0.000000 0.000000 0.000000 0.000000 1.000000 0.000000 0.000000 0.000000 0.000000
0 0 0.000000 178 1 0.100000 7.000000 1.100000 0.500000 0.000000 0.000000 0.000000 0.000000 0.000000 0.000000 1.000000 0.000000 0.000000 0.000000 0.000000
0 0 0.000000 179 1 0.100000 7.000000 1.300000 0.500000 0.000000 0.000000 0.000000 0.000000 0.000000 0.000000 1.000000 0.000000 0.000000 0.000000 0.000000
0 0 0.000000 180 1 0.100000 7.000000 1.500000 0.500000 0.000000 0.000000 0.000000 0.000000 0.000000 0.000000 1.000000 0.000000 0.000000 0.000000 0.000000
0 0 0.000000 181 1 0.100000 7.000000 1.700000 0.500000 0.000000 0.000000 0.000000 0.000000 0.000000 0.000000 1.000000 0.000000 0.000000 0.000000 0.000000
0 0 0.000000 182 1 0.100000 7.000000 1.900000 0.500000 0.000000 0.000000 0.000000 0.000000 0.000000 0.000000 1.000000 0.000000 0.000000 0.000000 0.000000
0 0 0.000000 183 1 0.100000 7.000000 2.100000 0.500000 0.000000 0.000000 0.000000 0.000000 0.000000 0.000000 1.000000 0.000000 0.000000 0.000000 0.000000
0 0 0.000000 184 1 0.100000 7.000000 2.300000 0.500000 0.000000 0.000000 0.000000 0.000000 0.000000 0.000000 1.000000 0.000000 0.000000 0.000000 0.000000
0 0 0.000000 185 1 0.100000 7.000000 2.500000 0.500000 0.000000 0.000000 0.000000 0.000000 0.000000 0.000000 1.000000 0.000000 0.000000 0.000000 0.000000
0 0 0.000000 186 1 0.100000 7.000000 2.700000 0.500000 0.000000 0.000000 0.000000 0.000000 0.000000 0.000000 1.000000 0.000000 0.000000 0.000000 0.000000
0 0 0.000000 187 1 0.100000 7.000000 2.900000 0.500000 0.000000 0.000000 0.000000 0.000000 0.000000 0.000000 1.000000 0.000000 0.000000 0.000000 0.000000
0 0 0.000000 188 1 0.100000 7.000000 3.100000 0.500000 0.000000 0.000000 0.000000 0.000000 0.000000 0.000000 1.000000 0.000000 0.000000 0.000000 0.000000
0 0 0.000000 189 1 0.100000 7.000000 3.300000 0.500000 0.000000 0.000000 0.000000 0.000000 0.000000 0.000000 1.000000 0.000000 0.000000 0.000000 0.000000
0 0 0.000000 190 1 0.100000 7.000000 3.500000 0.500000 0.000000 0.000000 0.000000 0.000000 0.000000 0.000000 1.000000 0.000000 0.000000 0.000000 0.000000
0 0 0.000000 191 1 0.100000 7.000000 3.700000 0.500000 0.000000 0.000000 0.000000 0.000000 0.000000 0.000000 1.000000 0.000000 0.000000 0.000000 0.000000
0 0 0.000000 192 1 0.100000 7.000000 3.900000 0.500000 0.000000 0.000000 0.000000 0.000000 0.000000 0.000000 1.000000 0.000000 0.000000 0.000000 0.000000
0 0 0.000000 193 1 0.100000 7.000000 4.100000 0.500000 0.000000 0.000000 0.000000 0.000000 0.000000 0.000000 1.000000 0.000000 0.000000 0.000000 0.000000
0 0 0.000000 194 1 0.100000 7.000000 4.300000 0.500000 0.000000 0.000000 0.000000 0.000000 0.000000 0.000000 1.000000 0.000000 0.000000 0.000000 0.000000
0 0 0.000000 195 1 0.100000 7.000000 4.500000 0.500000 0.000000 0.000000 0.000000 0.000000 0.000000 0.000000 1.000000 0.000000 0.000000 0.000000 0.000000
0 0 0.000000 196 1 0.100000 7.000000 4.700000 0.500000 0.000000 0.000000 0.000000 0.000000 0.000000 0.000000 1.000000 0.000000 0.000000 0.000000 0.000000
0 0 0.000000 197 1 0.100000 7.000000 4.900000 0.500000 0.000000 0.000000 0.000000 0.000000 0.000000 0.000000 1.000000 0.000000 0.000000 0.000000 0.000000
0 0 0.000000 198 1 0.100000 7.000000 5.100000 0.500000 0.000000 0.000000 0.000000 0.000000 0.000000 0.000000 1.000000 0.000000 0.000000 0.000000 0.000000
0 0 0.000000 199 1 0.100000 7.000000 5.300000 0.500000 0.000000 0.000000 0.000000 0.000000 0.000000 0.000000 1.000000 0.000000 0.000000 0.000000 0.000000
0 0 0.000000 200 1 0.100000 7.200000 0.500000 0.500000 0.000000 0.000000 0.000000 0.000000 0.000000 0.000000 1.000000 0.000000 0.000000 0.000000 0.000000
0 0 0.000000 201 1 0.100000 7.200000 0.700000 0.500000 0.000000 0.000000 0.000000 0.000000 0.000000 0.000000 1.000000 0.000000 0.000000 0.000000 0.000000
0 0 0.000000 202 1 0.100000 7.200000 0.900000 0.500000 0.000000 0.000000 0.000000 0.000000 0.000000 0.000000 1.000000 0.000000 0.000000 0.000000 0.000000
0 0 0.000000 203 1 0.100000 7.200000 1.100000 0.500000 0.000000 0.000000 0.000000 0.000000 0.000000 0.000000 1.000000 0.000000 0.000000 0.000000 0.000000
0 0 0.000000 204 1 0.100000 7.200000 1.300000 0.500000 0.000000 0.000000 0.000000 0.000000 0.000000 0.000000 1.000000 0.000000 0.000000 0.000000 0.000000
0 0 0.000000 205 1 0.100000 7.200000 1.500000 0.500000 0.000000 0.000000 0.000000 0.000000 0.000000 0.000000 1.000000 0.000000 0.000000 0.000000 0.000000
0 0 0.000000 206 1 0.100000 7.200000 1.700000 0.500000 0.000000 0.000000 0.000000 0.000000 0.000000 0.000000 1.000000 0.000000 0.000000 0.000000 0.000000
0 0 0.000000 207 1 0.100000 7.200000 1.900000 0.500000 0.000000 0.000000 0.000000 0.000000 0.000000 0.000000 1.000000 0.000000 0.000000 0.000000 0.000000
0 0 0.000000 208 1 0.100000 7.200000 2.100000 0.500000 0.000000 0.000000 0.000000 0.000000 0.000000 0.000000 1.000000 0.000000 0.000000 0.000000 0.000000
0 0 0.000000 209 1 0.100000 7.200000 2.300000 0.500000 0.000000 0.000000 0.000000 0.000000 0.000000 0.000000 1.000000 0.000000 0.000000 0.000000 0.000000
0 0 0.000000 210 1 0.100000 7.200000 2.500000 0.500000 0.000000 0.000000 0.000000 0.000000 0.000000 0.000000 1.000000 0.000000 0.000000 0.000000 0.000000
0 0 0.000000 211 1 0.100000 7.200000 2.700000 0.500000 0.000000 0.000000 0.000000 0.000000 0.000000 0.000000 1.000000 0.000000 0.000000 0.000000 0.000000
0 0 0.000000 212 1 0.100000 7.200000 2.900000 0.500000 0.000000 0.000000 0.000000 0.000000 0.000000 0.000000 1.000000 0.000000 0.000000 0.000000 0.000000
0 0 0.000000 213 1 0.100000 7.200000 3.100000 0.500000 0.000000 0.000000 0.000000 0.000000 0.000000 0.000000 1.000000 0.000000 0.000000 0.000000 0.000000
0 0 0.000000 214 1 0.100000 7.200000 3.300000 0.500000 0.000000 0.000000 0.000000 0.000000 0.000000 0.000000 1.000000 0.000000 0.000000 0.000000 0.000000
0 0 0.000000 215 1 0.100000 7.200000 3.500000 0.500000 0.000000 0.000000 0.000000 0.000000 0.000000 0.000000 1.000000 0.000000 0.000000 0.000000 0.000000
0 0 0.000000 216 1 0.100000 7.200000 3.700000 0.500000 0.000000 0.000000 0.000000 0.000000 0.000000 0.000000 1.000000 0.000000 0.000000 0.000000 0.000000
0 0 0.000000 217 1 0.100000 7.200000 3.900000 0.500000 0.000000 0.000000 0.000000 0.000000 0.000000 0.000000 1.000000 0.000000 0.000000 0.000000 0.000000
0 0 0.000000 218 1 0.100000 7.200000 4.100000 0.500000 0.000000 0.000000 0.000000 0.000000 0.000000 0.000000 1.000000 0.000000 0.000000 0.000000 0.000000
0 0 0.000000 219 1 0.100000 7.200000 4.300000 0.500000 0.000000 0.000000 0.000000 0.000000 0.000000 0.000000 1.000000 0.000000 0.000000 0.000000 0.000000
0 0 0.000000 220 1 0.100000 7.200000 4.500000 0.500000 0.000000 0.000000 0.000000 0.000000 0.000000 0.000000 1.000000 0.000000 0.000000 0.000000 0.000000
0 0 0.000000 221 1 0.100000 7.200000 4.700000 0.500000 0.000000 0.000000 0.000000 0.000000 0.000000 0.000000 1.000000 0.000000 0.000000 0.000000 0.000000
0 0 0.000000 222 1 0.100000 7.200000 4.900000 0.500000 0.000000 0.000000 0.000000 0.000000 0.000000 0.000000 1.000000 0.000000 0.000000 0.000000 0.000000
0 0 0.000000 223 1 0.100000 7.200000 5.100000 0.500000 0.000000 0.000000 0.000000 0.000000 0.000000 0.000000 1.000000 0.000000 0.000000 0.000000 0.000000
0 0 0.000000 224 1 0.100000 7.200000 5.300000 0.500000 0.000000 0.000000 0.000000 0.000000 0.000000 0.000000 1.000000 0.000000 0.000000 0.000000 0.000000
0 0 0.000000 225 1 0.100000 7.400000 0.500000 0.500000 0.000000 0.000000 0.000000 0.000000 0.000000 0.000000 1.000000 0.000000 0.000000 0.000000 0.000000
0 0 0.000000 226 1 0.100000 7.400000 0.700000 0.500000 0.000000 0.000000 0.000000 0.000000 0.000000 0.000000 1.000000 0.000000 0.000000 0.000000 0.000000
0 0 0.000000 227 1 0.100000 7.400000 0.900000 0.500000 0.000000 0.000000 0.000000 0.000000 0.000000 0.000000 1.000000 0.000000 0.000000 0.000000 0.000000
0 0 0.000000 228 1 0.100000 7.400000 1.100000 0.500000 0.000000 0.000000 0.000000 0.000000 0.000000 0.000000 1.000000 0.000000 0.000000 0.000000 0.000000
0 0 0.000000 229 1 0.100000 7.400000 1.300000 0.500000 0.000000 0.000000 0.000000 0.000000 0.000000 0.000000 1.000000 0.000000 0.000000 0.000000 0.000000
0 0 0.000000 230 1 0.100000 7.400000 1.500000 0.500000 0.000000 0.000000 0.000000 0.000000 0.000000 0.000000 1.000000 0.000000 0.000000 0.000000 0.000000
0 0 0.000000 231 1 0.100000 7.400000 1.700000 0.500000 0.000000 0.000000 0.000000 0.000000 0.000000 0.000000 1.000000 0.000000 0.000000 0.000000 0.000000
0 0 0.000000 232 1 0.100000 7.400000 1.900000 0.500000 0.000000 0.000000 0.000000 0.000000 0.000000 0.000000 1.000000 0.000000 0.000000 0.000000 0.000000
0 0 0.000000 233 1 0.100000 7.400000 2.100000 0.500000 0.000000 0.000000 0.000000 0.000000 0.000000 0.000000 1.000000 0.000000 0.000000 0.000000 0.000000
0 0 0.000000 234 1 0.100000 7.400000 2.300000 0.500000 0.000000 0.000000 0.000000 0.000000 0.000000 0.000000 1.000000 0.000000 0.000000 0.000000 0.000000
0 0 0.000000 235 1 0.100000 7.400000 2.500000 0.500000 0.000000 0.000000 0.000000 0.000000 0.000000 0.000000 1.000000 0.000000 0.000000 0.000000 0.000000
0 0 0.000000 236 1 0.100000 7.400000 2.700000 0.500000 0.000000 0.000000 0.000000 0.000000 0.000000 0.000000 1.000000 0.000000 0.000000 0.000000 0.000000
0 0 0.000000 237 1 0.100000 7.400000 2.900000 0.500000 0.000000 0.000000 0.000000 0.000000 0.000000 0.000000 1.000000 0.000000 0.000000 0.000000 0.000000
0 0 0.000000 238 1 0.100000 7.400000 3.100000 0.500000 0.000000 0.000000 0.000000 0.000000 0.000000 0.000000 1.000000 0.000000 0.000000 0.000000 0.000000
0 0 0.000000 239 1 0.100000 7.400000 3.300000 0.500000 0.000000 0.000000 0.000000 0.000000 0.000000 0.000000 1.000000 0.000000 0.000000 0.000000 0.000000
0 0 0.000000 240 1 0.100000 7.400000 3.500000 0.500000 0.000000 0.000000 0.000000 0.000000 0.000000 0.000000 1.000000 0.000000 0.000000 0.000000 0.000000
0 0 0.000000 241 1 0.100000 7.400000 3.700000 0.500000 0.000000 0.000000 0.000000 0.000000 0.000000 0.000000 1.000000 0.000000 0.000000 0.000000 0.000000
0 0 0.000000 242 1 0.100000 7.400000 3.900000 0.500000 0.000000 0.000000 0.000000 0.000000 0.000000 0.000000 1.000000 0.000000 0.000000 0.000000 0.000000
0 0 0.000000 243 1 0.100000 7.400000 4.100000 0.500000 0.000000 0.000000 0.000000 0.000000 0.000000 0.000000 1.000000 0.000000 0.000000 0.000000 0.000000
0 0 0.000000 244 1 0.100000 7.400000 4.300000 0.500000 0.000000 0.000000 0.000000 0.000000 0.000000 0.000000 1.000000 0.000000 0.000000 0.000000 0.000000
0 0 0.000000 245 1 0.100000 7.400000 4.500000 0.500000 0.000000 0.000000 0.000000 0.000000 0.000000 0.000000 1.000000 0.000000 0.000000 0.000000 0.000000
0 0 0.000000 246 1 0.100000 7.400000 4.700000 0.500000 0.000000 0.000000 0.000000 0.000000 0.000000 0.000000 1.000000 0.000000 0.000000 0.000000 0.000000
0 0 0.000000 247 1 0.100000 7.400000 4.900000 0.500000 0.000000 0.000000 0.000000 0.000000 0.000000 0.000000 1.000000 0.000000 0.000000 0.000000 0.000000
0 0 0.000000 248 1 0.100000 7.400000 5.100000 0.500000 0.000000 0.000000 0.000000 0.000000 0.000000 0.000000 1.000000 0.000000 0.000000 0.000000 0.000000
0 0 0.000000 249 1 0.100000 7.400000 5.300000 0.500000 0.000000 0.000000 0.000000 0.000000 0.000000 0.000000 1.000000 0.000000 0.000000 0.000000 0.000000
0 0 0.000000 250 1 0.100000 6.600000 0.500000 0.700000 0.000000 0.000000 0.000000 0.000000 0.000000 0.000000 1.000000 0.000000 0.000000 0.000000 0.000000
0 0 0.000000 251 1 0.100000 6.600000 0.700000 0.700000 0.000000 0.000000 0.000000 0.000000 0.000000 0.000000 1.000000 0.000000 0.000000 0.000000 0.000000
0 0 0.000000 252 1 0.100000 6.600000 0.900000 0.700000 0.000000 0.000000 0.000000 0.000000 0.000000 0.000000 1.000000 0.000000 0.000000 0.000000 0.000000
0 0 0.000000 253 1 0.100000 6.600000 1.100000 0.700000 0.000000 0.000000 0.000000 0.000000 0.000000 0.000000 1.000000 0.000000 0.000000 0.000000 0.000000
0 0 0.000000 254 1 0.100000 6.600000 1.300000 0.700000 0.000000 0.000000 0.000000 0.000000 0.000000 0.000000 1.000000 0.000000 0.000000 0.000000 0.000000
0 0 0.000000 255 1 0.100000 6.600000 1.500000 0.700000 0.000000 0.000000 0.000000 0.000000 0.000000 0.000000 1.000000 0.000000 0.000000 0.000000 0.000000
0 0 0.000000 256 1 0.100000 6.600000 1.700000 0.700000 0.000000 0.000000 0.000000 0.000000 0.000000 0.000000 1.000000 0.000000 0.000000 0.000000 0.000000
0 0 0.000000 257 1 0.100000 6.600000 1.900000 0.700000 0.000000 0.000000 0.000000 0.000000 0.000000 0.000000 1.000000 0.000000 0.000000 0.000000 0.000000
0 0 0.000000 258 1 0.100000 6.600000 2.100000 0.700000 0.000000 0.000000 0.000000 0.000000 0.000000 0.000000 1.000000 0.000000 0.000000 0.000000 0.000000
0 0 0.000000 259 1 0.100000 6.600000 2.300000 0.700000 0.000000 0.000000 0.000000 0.000000 0.000000 0.000000 1.000000 0.000000 0.000000 0.000000 0.000000
0 0 0.000000 260 1 0.100000 6.600000 2.500000 0.700000 0.000000 0.000000 0.000000 0.000000 0.000000 0.000000 1.000000 0.000000 0.000000 0.000000 0.000000
0 0 0.000000 261 1 0.100000 6.600000 2.700000 0.700000 0.000000 0.000000 0.000000 0.000000 0.000000 0.000000 1.000000 0.000000 0.000000 0.000000 0.000000
0 0 0.000000 262 1 0.100000 6.600000 2.900000 0.700000 0.000000 0.000000 0.000000 0.000000 0.000000 0.000000 1.000000 0.000000 0.000000 0.000000 0.000000
0 0 0.000000 263 1 0.100000 6.600000 3.100000 0.700000 0.000000 0.000000 0.000000 0.000000 0.000000 0.000000 1.000000 0.000000 0.000000 0.000000 0.000000
0 0 0.000000 264 1 0.100000 6.600000 3.300000 0.700000 0.000000 0.000000 0.000000 0.000000 0.000000 0.000000 1.000000 0.000000 0.000000 0.000000 0.000000
0 0 0.000000 265 1 0.100000 6.600000 3.500000 0.700000 0.000000 0.000000 0.000000 0.000000 0.000000 0.000000 1.000000 0.000000 0.000000 0.000000 0.000000
0 0 0.000000 266 1 0.100000 6.600000 3.700000 0.700000 0.000000 0.000000 0.000000 0.000000 0.000000 0.000000 1.000000 0.000000 0.000000 0.000000 0.000000
0 0 0.000000 267 1 0.100000 6.600000 3.900000 0.700000 0.000000 0.000000 0.000000 0.000000 0.000000 0.000000 1.000000 0.000000 0.000000 0.000000 0.000000
0 0 0.000000 268 1 0.100000 6.600000 4.100000 0.700000 0.000000 0.000000 0.000000 0.000000 0.000000 0.000000 1.000000 0.000000 0.000000 0.000000 0.000000
0 0 0.000000 269 1 0.100000 6.600000 4.300000 0.700000 0.000000 0.000000 0.000000 0.000000 0.000000 0.000000 1.000000 0.000000 0.000000 0.000000 0.000000
0 0 0.000000 270 1 0.100000 6.600000 4.500000 0.700000 0.000000 0.000000 0.000000 0.000000 0.000000 0.000000 1.000000 0.000000 0.000000 0.000000 0.000000
0 0 0.000000 271 1 0.100000 6.600000 4.700000 0.700000 0.000000 0.000000 0.000000 0.000000 0.000000 0.000000 1.000000 0.000000 0.000000 0.000000 0.000000
0 0 0.000000 272 1 0.100000 6.600000 4.900000 0.700000 0.000000 0.000000 0.000000 0.000000 0.000000 0.000000 1.000000 0.000000 0.000000 0.000000 0.000000
0 0 0.000000 273 1 0.100000 6.600000 5.100000 0.700000 0.000000 0.000000 0.000000 0.000000 0.000000 0.000000 1.000000 0.000000 0.000000 0.000000 0.000000
0 0 0.000000 274 1 0.100000 6.600000 5.300000 0.700000 0.000000 0.000000 0.000000 0.000000 0.000000 0.000000 1.000000 0.000000 0.000000 0.000000 0.000000
0 0 0.000000 275 1 0.100000 6.800000 0.500000 0.700000 0.000000 0.000000 0.000000 0.000000 0.000000 0.000000 1.000000 0.000000 0.000000 0.000000 0.000000
0 0 0.000000 276 1 0.100000 6.800000 0.700000 0.700000 0.000000 0.000000 0.000000 0.000000 0.000000 0.000000 1.000000 0.000000 0.000000 0.000000 0.000000
0 0 0.000000 277 1 0.100000 6.800000 0.900000 0.700000 0.000000 0.000000 0.000000 0.000000 0.000000 0.000000 1.000000 0.000000 0.000000 0.000000 0.000000
0 0 0.000000 278 1 0.100000 6.800000 1.100000 0.700000 0.000000 0.000000 0.000000 0.000000 0.000000 0.000000 1.000000 0.000000 0.000000 0.000000 0.000000
0 0 0.000000 279 1 0.100000 6.800000 1.300000 0.700000 0.000000 0.000000 0.000000 0.000000 0.000000 0.000000 1.000000 0.000000 0.000000 0.000000 0.000000
0 0 0.000000 280 1 0.100000 6.800000 1.500000 0.700000 0.000000 0.000000 0.000000 0.000000 0.000000 0.000000 1.000000 0.000000 0.000000 0.000000 0.000000
0 0 0.000000 281 1 0.100000 6.800000 1.700000 0.700000 0.000000 0.000000 0.000000 0.000000 0.000000 0.000000 1.000000 0.000000 0.000000 0.000000 0.000000
0 0 0.000000 282 1 0.100000 6.800000 1.900000 0.700000 0.000000 0.000000 0.000000 0.000000 0.000000 0.000000 1.000000 0.000000 0.000000 0.000000 0.000000
0 0 0.000000 283 1 0.100000 6.800000 2.100000 0.700000 0.000000 0.000000 0.000000 0.000000 0.000000 0.000000 1.000000 0.000000 0.000000 0.000000 0.000000
0 0 0.000000 284 1 0.100000 6.800000 2.300000 0.700000 0.000000 0.000000 0.000000 0.000000 0.000000 0.000000 1.000000 0.000000 0.000000 0.000000 0.000000
0 0 0.000000 285 1 0.100000 6.800000 2.500000 0.700000 0.000000 0.000000 0.000000 0.000000 0.000000 0.000000 1.000000 0.000000 0.000000 0.000000 0.000000
0 0 0.000000 286 1 0.100000 6.800000 2.700000 0.700000 0.000000 0.000000 0.000000 0.000000 0.000000 0.000000 1.000000 0.000000 0.000000 0.000000 0.000000
0 0 0.000000 287 1 0.100000 6.800000 2.900000 0.700000 0.000000 0.000000 0.000000 0.000000 0.000000 0.000000 1.000000 0.000000 0.000000 0.000000 0.000000
0 0 0.000000 288 1 0.100000 6.800000 3.100000 0.700000 0.000000 0.000000 0.000000 0.000000 0.000000 0.000000 1.000000 0.000000 0.000000 0.000000 0.000000
0 0 0.000000 289 1 0.100000 6.800000 3.300000 0.700000 0.000000 0.000000 0.000000 0.000000 0.000000 0.000000 1.000000 0.000000 0.000000 0.000000 0.000000
0 0 0.000000 290 1 0.100000 6.800000 3.500000 0.700000 0.000000 0.000000 0.000000 0.000000 0.000000 0.000000 1.000000 0.000000 0.000000 0.000000 0.000000
0 0 0.000000 291 1 0.100000 6.800000 3.700000 0.700000 0.000000 0.000000 0.000000 0.000000 0.000000 0.000000 1.000000 0.000000 0.000000 0.000000 0.000000
0 0 0.000000 292 1 0.100000 6.800000 3.900000 0.700000 0.000000 0.000000 0.000000 0.000000 0.000000 0.000000 1.000000 0.000000 0.000000 0.000000 0.000000
0 0 0.000000 293 1 0.100000 6.800000 4.100000 0.700000 0.000000 0.000000 0.000000 0.000000 0.000000 0.000000 1.000000 0.000000 0.000000 0.000000 0.000000
0 0 0.000000 294 1 0.100000 6.800000 4.300000 0.700000 0.000000 0.000000 0.000000 0.000000 0.000000 0.000000 1.000000 0.000000 0.000000 0.000000 0.000000
0 0 0.000000 295 1 0.100000 6.800000 4.500000 0.700000 0.000000 0.000000 0.000000 0.000000 0.000000 0.000000 1.000000 0.000000 0.000000 0.000000 0.000000
0 0 0.000000 296 1 0.100000 6.800000 4.700000 0.700000 0.000000 0.000000 0.000000 0.000000 0.000000 0.000000 1.000000 0.000000 0.000000 0.000000 0.000000
0 0 0.000000 297 1 0.100000 6.800000 4.900000 0.700000 0.000000 0.000000 0.000000 0.000000 0.000000 0.000000 1.000000 0.000000 0.000000 0.000000 0.000000
0 0 0.000000 298 1 0.100000 6.800000 5.100000 0.700000 0.000000 0.000000 0.000000 0.000000 0.000000 0.000000 1.000000 0.000000 0.000000 0.000000 0.000000
0 0 0.000000 299 1 0.100000 6.800000 5.300000 0.700000 0.000000 0.000000 0.000000 0.000000 0.000000 0.000000 1.000000 0.000000 0.000000 0.000000 0.000000
0 0 0.000000 300 1 0.100000 7.000000 0.500000 0.700000 0.000000 0.000000 0.000000 0.000000 0.000000 0.000000 1.000000 0.000000 0.000000 0.000000 0.000000
0 0 0.000000 301 1 0.100000 7.000000 0.700000 0.700000 0.000000 0.000000 0.000000 0.000000 0.000000 0.000000 1.000000 0.000000 0.000000 0.000000 0.000000
0 0 0.000000 302 1 0.100000 7.000000 0.900000 0.700000 0.000000 0.000000 0.000000 0.000000 0.000000 0.000000 1.000000 0.000000 0.000000 0.000000 0.000000
0 0 0.000000 303 1 0.100000 7.000000 1.100000 0.700000 0.000000 0.000000 0.000000 0.000000 0.000000 0.000000 1.000000 0.000000 0.000000 0.000000 0.000000
0 0 0.000000 304 1 0.100000 7.000000 1.300000 0.700000 0.000000 0.000000 0.000000 0.000000 0.000000 0.000000 1.000000 0.000000 0.000000 0.000000 0.000000
0 0 0.000000 305 1 0.100000 7.000000 1.500000 0.700000 0.000000 0.000000 0.000000 0.000000 0.000000 0.000000 1.000000 0.000000 0.000000 0.000000 0.000000
0 0 0.000000 306 1 0.100000 7.000000 1.700000 0.700000 0.000000 0.000000 0.000000 0.000000 0.000000 0.000000 1.000000 0.000000 0.000000 0.000000 0.000000
0 0 0.000000 307 1 0.100000 7.000000 1.900000 0.700000 0.000000 0.000000 0.000000 0.000000 0.000000 0.000000 1.000000 0.000000 0.000000 0.000000 0.000000
0 0 0.000000 308 1 0.100000 7.000000 2.100000 0.700000 0.000000 0.000000 0.000000 0.000000 0.000000 0.000000 1.000000 0.000000 0.000000 0.000000 0.000000
0 0 0.000000 309 1 0.100000 7.000000 2.300000 0.700000 0.000000 0.000000 0.000000 0.000000 0.000000 0.000000 1.000000 0.000000 0.000000 0.000000 0.000000
0 0 0.000000 310 1 0.100000 7.000000 2.500000 0.700000 0.000000 0.000000 0.000000 0.000000 0.000000 0.000000 1.000000 0.000000 0.000000 0.000000 0.000000
0 0 0.000000 311 1 0.100000 7.000000 2.700000 0.700000 0.000000 0.000000 0.000000 0.000000 0.000000 0.000000 1.000000 0.000000 0.000000 0.000000 0.000000
0 0 0.000000 312 1 0.100000 7.000000 2.900000 0.700000 0.000000 0.000000 0.000000 0.000000 0.000000 0.000000 1.000000 0.000000 0.000000 0.000000 0.000000
0 0 0.000000 313 1 0.100000 7.000000 3.100000 0.700000 0.000000 0.000000 0.000000 0.000000 0.000000 0.000000 1.000000 0.000000 0.000000 0.000000 0.000000
0 0 0.000000 314 1 0.100000 7.000000 3.300000 0.700000 0.000000 0.000000 0.000000 0.000000 0.000000 0.000000 1.000000 0.000000 0.000000 0.000000 0.000000
0 0 0.000000 315 1 0.100000 7.000000 3.500000 0.700000 0.000000 0.000000 0.000000 0.000000 0.000000 0.000000 1.000000 0.000000 0.000000 0.000000 0.000000
0 0 0.000000 316 1 0.100000 7.000000 3.700000 0.700000 0.000000 0.000000 0.000000 0.000000 0.000000 0.000000 1.000000 0.000000 0.000000 0.000000 0.000000
0 0 0.000000 317 1 0.100000 7.000000 3.900000 0.700000 0.000000 0.000000 0.000000 0.000000 0.000000 0.000000 1.000000 0.000000 0.000000 0.000000 0.000000
0 0 0.000000 318 1 0.100000 7.000000 4.100000 0.700000 0.000000 0.000000 0.000000 0.000000 0.000000 0.000000 1.000000 0.000000 0.000000 0.000000 0.000000
0 0 0.000000 319 1 0.100000 7.000000 4.300000 0.700000 0.000000 0.000000 0.000000 0.000000 0.000000 0.000000 1.000000 0.000000 0.000000 0.000000 0.000000
0 0 0.000000 320 1 0.100000 7.000000 4.500000 0.700000 0.000000 0.000000 0.000000 0.000000 0.000000 0.000000 1.000000 0.000000 0.000000 0.000000 0.000000
0 0 0.000000 321 1 0.100000 7.000000 4.700000 0.700000 0.000000 0.000000 0.000000 0.000000 0.000000 0.000000 1.000000 0.000000 0.000000 0.000000 0.000000
0 0 0.000000 322 1 0.100000 7.000000 4.900000 0.700000 0.000000 0.000000 0.000000 0.000000 0.000000 0.000000 1.000000 0.000000 0.000000 0.000000 0.000000
0 0 0.000000 323 1 0.100000 7.000000 5.100000 0.700000 0.000000 0.000000 0.000000 0.000000 0.000000 0.000000 1.000000 0.000000 0.000000 0.000000 0.000000
0 0 0.000000 324 1 0.100000 7.000000 5.300000 0.700000 0.000000 0.000000 0.000000 0.000000 0.000000 0.000000 1.000000 0.000000 0.000000 0.000000 0.000000
0 0 0.000000 325 1 0.100000 7.200000 0.500000 0.700000 0.000000 0.000000 0.000000 0.000000 0.000000 0.000000 1.000000 0.000000 0.000000 0.000000 0.000000
0 0 0.000000 326 1 0.100000 7.200000 0.700000 0.700000 0.000000 0.000000 0.000000 0.000000 0.000000 0.000000 1.000000 0.000000 0.000000 0.000000 0.000000
0 0 0.000000 327 1 0.100000 7.200000 0.900000 0.700000 0.000000 0.000000 0.000000 0.000000 0.000000 0.000000 1.000000 0.000000 0.000000 0.000000 0.000000
0 0 0.000000 328 1 0.100000 7.200000 1.100000 0.700000 0.000000 0.000000 0.000000 0.000000 0.000000 0.000000 1.000000 0.000000 0.000000 0.000000 0.000000
0 0 0.000000 329 1 0.100000 7.200000 1.300000 0.700000 0.000000 0.000000 0.000000 0.000000 0.000000 0.000000 1.000000 0.000000 0.000000 0.000000 0.000000
0 0 0.000000 330 1 0.100000 7.200000 1.500000 0.700000 0.000000 0.000000 0.000000 0.000000 0.000000 0.000000 1.000000 0.000000 0.000000 0.000000 0.000000
0 0 0.000000 331 1 0.100000 7.200000 1.700000 0.700000 0.000000 0.000000 0.000000 0.000000 0.000000 0.000000 1.000000 0.000000 0.000000 0.000000 0.000000
0 0 0.000000 332 1 0.100000 7.200000 1.900000 0.700000 0.000000 0.000000 0.000000 0.000000 0.000000 0.000000 1.000000 0.000000 0.000000 0.000000 0.000000
0 0 0.000000 333 1 0.100000 7.200000 2.100000 0.700000 0.000000 0.000000 0.000000 0.000000 0.000000 0.000000 1.000000 0.000000 0.000000 0.000000 0.000000
0 0 0.000000 334 1 0.100000 7.200000 2.300000 0.700000 0.000000 0.000000 0.000000 0.000000 0.000000 0.000000 1.000000 0.000000 0.000000 0.000000 0.000000
0 0 0.000000 335 1 0.100000 7.200000 2.500000 0.700000 0.000000 0.000000 0.000000 0.000000 0.000000 0.000000 1.000000 0.000000 0.000000 0.000000 0.000000
0 0 0.000000 336 1 0.100000 7.200000 2.700000 0.700000 0.000000 0.000000 0.000000 0.000000 0.000000 0.000000 1.000000 0.000000 0.000000 0.000000 0.000000
0 0 0.000000 337 1 0.100000 7.200000 2.900000 0.700000 0.000000 0.000000 0.000000 0.000000 0.000000 0.000000 1.000000 0.000000 0.000000 0.000000 0.000000
0 0 0.000000 338 1 0.100000 7.200000 3.100000 0.700000 0.000000 0.000000 0.000000 0.000000 0.000000 0.000000 1.000000 0.000000 0.000000 0.000000 0.000000
0 0 0.000000 339 1 0.100000 7.200000 3.300000 0.700000 0.000000 0.000000 0.000000 0.000000 0.000000 0.000000 1.000000 0.000000 0.000000 0.000000 0.000000
0 0 0.000000 340 1 0.100000 7.200000 3.500000 0.700000 0.000000 0.000000 0.000000 0.000000 0.000000 0.000000 1.000000 0.000000 0.000000 0.000000 0.000000
0 0 0.000000 341 1 0.100000 7.200000 3.700000 0.700000 0.000000 0.000000 0.000000 0.000000 0.000000 0.000000 1.000000 0.000000 0.000000 0.000000 0.000000
0 0 0.000000 342 1 0.100000 7.200000 3.900000 0.700000 0.000000 0.000000 0.000000 0.000000 0.000000 0.000000 1.000000 0.000000 0.000000 0.000000 0.000000
0 0 0.000000 343 1 0.100000 7.200000 4.100000 0.700000 0.000000 0.000000 0.000000 0.000000 0.000000 0.000000 1.000000 0.000000 0.000000 0.000000 0.000000
0 0 0.000000 344 1 0.100000 7.200000 4.300000 0.700000 0.000000 0.000000 0.000000 0.000000 0.000000 0.000000 1.000000 0.000000 0.000000 0.000000 0.000000
0 0 0.000000 345 1 0.100000 7.200000 4.500000 0.700000 0.000000 0.000000 0.000000 0.000000 0.000000 0.000000 1.000000 0.000000 0.000000 0.000000 0.000000
0 0 0.000000 346 1 0.100000 7.200000 4.700000 0.700000 0.000000 0.000000 0.000000 0.000000 0.000000 0.000000 1.000000 0.000000 0.000000 0.000000 0.000000
0 0 0.000000 347 1 0.100000 7.200000 4.900000 0.700000 0.000000 0.000000 0.000000 0.000000 0.000000 0.000000 1.000000 0.000000 0.000000 0.000000 0.000000
0 0 0.000000 348 1 0.100000 7.200000 5.100000 0.700000 0.000000 0.000000 0.000000 0.000000 0.000000 0.000000 1.000000 0.000000 0.000000 0.000000 0.000000
0 0 0.000000 349 1 0.100000 7.200000 5.300000 0.700000 0.000000 0.000000 0.000000 0.000000 0.000000 0.000000 1.000000 0.000000 0.000000 0.000000 0.000000
0 0 0.000000 350 1 0.100000 7.400000 0.500000 0.700000 0.000000 0.000000 0.000000 0.000000 0.000000 0.000000 1.000000 0.000000 0.000000 0.000000 0.000000
0 0 0.000000 351 1 0.100000 7.400000 0.700000 0.700000 0.000000 0.000000 0.000000 0.000000 0.000000 0.000000 1.000000 0.000000 0.000000 0.000000 0.000000
0 0 0.000000 352 1 0.100000 7.400000 0.900000 0.700000 0.000000 0.000000 0.000000 0.000000 0.000000 0.000000 1.000000 0.000000 0.000000 0.000000 0.000000
0 0 0.000000 353 1 0.100000 7.400000 1.100000 0.700000 0.000000 0.000000 0.000000 0.000000 0.000000 0.000000 1.000000 0.000000 0.000000 0.000000 0.000000
0 0 0.000000 354 1 0.100000 7.400000 1.300000 0.700000 0.000000 0.000000 0.000000 0.000000 0.000000 0.000000 1.000000 0.000000 0.000000 0.000000 0.000000
0 0 0.000000 355 1 0.100000 7.400000 1.500000 0.700000 0.000000 0.000000 0.000000 0.000000 0.000000 0.000000 1.000000 0.000000 0.000000 0.000000 0.000000
0 0 0.000000 356 1 0.100000 7.400000 1.700000 0.700000 0.000000 0.000000 0.000000 0.000000 0.000000 0.000000 1.000000 0.000000 0.000000 0.000000 0.000000
0 0 0.000000 357 1 0.100000 7.400000 1.900000 0.700000 0.000000 0.000000 0.000000 0.000000 0.000000 0.000000 1.000000 0.000000 0.000000 0.000000 0.000000
0 0 0.000000 358 1 0.100000 7.400000 2.100000 0.700000 0.000000 0.000000 0.000000 0.000000 0.000000 0.000000 1.000000 0.000000 0.000000 0.000000 0.000000
0 0 0.000000 359 1 0.100000 7.400000 2.300000 0.700000 0.000000 0.000000 0.000000 0.000000 0.000000 0.000000 1.000000 0.000000 0.000000 0.000000 0.000000
0 0 0.000000 360 1 0.100000 7.400000 2.500000 0.700000 0.000000 0.000000 0.000000 0.000000 0.000000 0.000000 1.000000 0.000000 0.000000 0.000000 0.000000
0 0 0.000000 361 1 0.100000 7.400000 2.700000 0.700000 0.000000 0.000000 0.000000 0.000000 0.000000 0.000000 1.000000 0.000000 0.000000 0.000000 0.000000
0 0 0.000000 362 1 0.100000 7.400000 2.900000 0.700000 0.000000 0.000000 0.000000 0.000000 0.000000 0.000000 1.000000 0.000000 0.000000 0.000000 0.000000
0 0 0.000000 363 1 0.100000 7.400000 3.100000 0.700000 0.000000 0.000000 0.000000 0.000000 0.000000 0.000000 1.000000 0.000000 0.000000 0.000000 0.000000
0 0 0.000000 364 1 0.100000 7.400000 3.300000 0.700000 0.000000 0.000000 0.000000 0.000000 0.000000 0.000000 1.000000 0.000000 0.000000 0.000000 0.000000
0 0 0.000000 365 1 0.100000 7.400000 3.500000 0.700000 0.000000 0.000000 0.000000 0.000000 0.000000 0.000000 1.000000 0.000000 0.000000 0.000000 0.000000
0 0 0.000000 366 1 0.100000 7.400000 3.700000 0.700000 0.000000 0.000000 0.000000 0.000000 0.000000 0.000000 1.000000 0.000000 0.000000 0.000000 0.000000
0 0 0.000000 367 1 0.100000 7.400000 3.900000 0.700000 0.000000 0.000000 0.000000 0.000000 0.000000 0.000000 1.000000 0.000000 0.000000 0.000000 0.000000
0 0 0.000000 368 1 0.100000 7.400000 4.100000 0.700000 0.000000 0.000000 0.000000 0.000000 0.000000 0.000000 1.000000 0.000000 0.000000 0.000000 0.000000
0 0 0.000000 369 1 0.100000 7.400000 4.300000 0.700000 0.000000 0.000000 0.000000 0.000000 0.000000 0.000000 1.000000 0.000000 0.000000 0.000000 0.000000
0 0 0.000000 370 1 0.100000 7.400000 4.500000 0.700000 0.000000 0.000000 0.000000 0.000000 0.000000 0.000000 1.000000 0.000000 0.000000 0.000000 0.000000
0 0 0.000000 371 1 0.100000 7.400000 4.700000 0.700000 0.000000 0.000000 0.000000 0.000000 0.000000 0.000000 1.000000 0.000000 0.000000 0.000000 0.000000
0 0 0.000000 372 1 0.100000 7.400000 4.900000 0.700000 0.000000 0.000000 0.000000 0.000000 0.000000 0.000000 1.000000 0.000000 0.000000 0.000000 0.000000
0 0 0.000000 373 1 0.100000 7.400000 5.100000 0.700000 0.000000 0.000000 0.000000 0.000000 0.000000 0.000000 1.000000 0.000000 0.000000 0.000000 0.000000
0 0 0.000000 374 1 0.100000 7.400000 5.300000 0.700000 0.000000 0.000000 0.000000 0.000000 0.000000 0.000000 1.000000 0.000000 0.000000 0.000000 0.000000
0 0 0.000000 375 1 0.100000 6.600000 0.500000 0.900000 0.000000 0.000000 0.000000 0.000000 0.000000 0.000000 1.000000 0.000000 0.000000 0.000000 0.000000
0 0 0.000000 376 1 0.100000 6.600000 0.700000 0.900000 0.000000 0.000000 0.000000 0.000000 0.000000 0.000000 1.000000 0.000000 0.000000 0.000000 0.000000
0 0 0.000000 377 1 0.100000 6.600000 0.900000 0.900000 0.000000 0.000000 0.000000 0.000000 0.000000 0.000000 1.000000 0.000000 0.000000 0.000000 0.000000
0 0 0.000000 378 1 0.100000 6.600000 1.100000 0.900000 0.000000 0.000000 0.000000 0.000000 0.000000 0.000000 1.000000 0.000000 0.000000 0.000000 0.000000
0 0 0.000000 379 1 0.100000 6.600000 1.300000 0.900000 0.000000 0.000000 0.000000 0.000000 0.000000 0.000000 1.000000 0.000000 0.000000 0.000000 0.000000
0 0 0.000000 380 1 0.100000 6.600000 1.500000 0.900000 0.000000 0.000000 0.000000 0.000000 0.000000 0.000000 1.000000 0.000000 0.000000 0.000000 0.000000
0 0 0.000000 381 1 0.100000 6.600000 1.700000 0.900000 0.000000 0.000000 0.000000 0.000000 0.000000 0.000000 1.000000 0.000000 0.000000 0.000000 0.000000
0 0 0.000000 382 1 0.100000 6.600000 1.900000 0.900000 0.000000 0.000000 0.000000 0.000000 0.000000 0.000000 1.000000 0.000000 0.000000 0.000000 0.000000
0 0 0.000000 383 1 0.100000 6.600000 2.100000 0.900000 0.000000 0.000000 0.000000 0.000000 0.000000 0.000000 1.000000 0.000000 0.000000 0.000000 0.000000
0 0 0.000000 384 1 0.100000 6.600000 2.300000 0.900000 0.000000 0.000000 0.000000 0.000000 0.000000 0.000000 1.000000 0.000000 0.000000 0.000000 0.000000
0 0 0.000000 385 1 0.100000 6.600000 2.500000 0.900000 0.000000 0.000000 0.000000 0.000000 0.000000 0.000000 1.000000 0.000000 0.000000 0.000000 0.000000
0 0 0.000000 386 1 0.100000 6.600000 2.700000 0.900000 0.000000 0.000000 0.000000 0.000000 0.000000 0.000000 1.000000 0.000000 0.000000 0.000000 0.000000
0 0 0.000000 387 1 0.100000 6.600000 2.900000 0.900000 0.000000 0.000000 0.000000 0.000000 0.000000 0.000000 1.000000 0.000000 0.000000 0.000000 0.000000
0 0 0.000000 388 1 0.100000 6.600000 3.100000 0.900000 0.000000 0.000000 0.000000 0.000000 0.000000 0.000000 1.000000 0.000000 0.000000 0.000000 0.000000
0 0 0.000000 389 1 0.100000 6.600000 3.300000 0.900000 0.000000 0.000000 0.000000 0.000000 0.000000 0.000000 1.000000 0.000000 0.000000 0.000000 0.000000
0 0 0.000000 390 1 0.100000 6.600000 3.500000 0.900000 0.000000 0.000000 0.000000 0.000000 0.000000 0.000000 1.000000 0.000000 0.000000 0.000000 0.000000
0 0 0.000000 391 1 0.100000 6.600000 3.700000 0.900000 0.000000 0.000000 0.000000 0.000000 0.000000 0.000000 1.000000 0.000000 0.000000 0.000000 0.000000
0 0 0.000000 392 1 0.100000 6.600000 3.900000 0.900000 0.000000 0.000000 0.000000 0.000000 0.000000 0.000000 1.000000 0.000000 0.000000 0.000000 0.000000
0 0 0.000000 393 1 0.100000 6.600000 4.100000 0.900000 0.000000 0.000000 0.000000 0.000000 0.000000 0.000000 1.000000 0.000000 0.000000 0.000000 0.000000
0 0 0.000000 394 1 0.100000 6.600000 4.300000 0.900000 0.000000 0.000000 0.000000 0.000000 0.000000 0.000000 1.000000 0.000000 0.000000 0.000000 0.000000
0 0 0.000000 395 1 0.100000 6.600000 4.500000 0.900000 0.000000 0.000000 0.000000 0.000000 0.000000 0.000000 1.000000 0.000000 0.000000 0.000000 0.000000
0 0 0.000000 396 1 0.100000 6.600000 4.700000 0.900000 0.000000 0.000000 0.000000 0.000000 0.000000 0.000000 1.000000 0.000000 0.000000 0.000000 0.000000
0 0 0.000000 397 1 0.100000 6.600000 4.900000 0.900000 0.000000 0.000000 0.000000 0.000000 0.000000 0.000000 1.000000 0.000000 0.000000 0.000000 0.000000
0 0 0.000000 398 1 0.100000 6.600000 5.100000 0.900000 0.000000 0.000000 0.000000 0.000000 0.000000 0.000000 1.000000 0.000000 0.000000 0.000000 0.000000
0 0 0.000000 399 1 0.100000 6.600000 5.300000 0.900000 0.000000 0.000000 0.000000 0.000000 0.000000 0.000000 1.000000 0.000000 0.000000 0.000000 0.000000
0 0 0.000000 400 1 0.100000 6.800000 0.500000 0.900000 0.000000 0.000000 0.000000 0.000000 0.000000 0.000000 1.000000 0.000000 0.000000 0.000000 0.000000
0 0 0.000000 401 1 0.100000 6.800000 0.700000 0.900000 0.000000 0.000000 0.000000 0.000000 0.000000 0.000000 1.000000 0.000000 0.000000 0.000000 0.000000
0 0 0.000000 402 1 0.100000 6.800000 0.900000 0.900000 0.000000 0.000000 0.000000 0.000000 0.000000 0.000000 1.000000 0.000000 0.000000 0.000000 0.000000
0 0 0.000000 403 1 0.100000 6.800000 1.100000 0.900000 0.000000 0.000000 0.000000 0.000000 0.000000 0.000000 1.000000 0.000000 0.000000 0.000000 0.000000
0 0 0.000000 404 1 0.100000 6.800000 1.300000 0.900000 0.000000 0.000000 0.000000 0.000000 0.000000 0.000000 1.000000 0.000000 0.000000 0.000000 0.000000
0 0 0.000000 405 1 0.100000 6.800000 1.500000 0.900000 0.000000 0.000000 0.000000 0.000000 0.000000 0.000000 1.000000 0.000000 0.000000 0.000000 0.000000
0 0 0.000000 406 1 0.100000 6.800000 1.700000 0.900000 0.000000 0.000000 0.000000 0.000000 0.000000 0.000000 1.000000 0.000000 0.000000 0.000000 0.000000
0 0 0.000000 407 1 0.100000 6.800000 1.900000 0.900000 0.000000 0.000000 0.000000 0.000000 0.000000 0.000000 1.000000 0.000000 0.000000 0.000000 0.000000
0 0 0.000000 408 1 0.100000 6.800000 2.100000 0.900000 0.000000 0.000000 0.000000 0.000000 0.000000 0.000000 1.000000 0.000000 0.000000 0.000000 0.000000
0 0 0.000000 409 1 0.100000 6.800000 2.300000 0.900000 0.000000 0.000000 0.000000 0.000000 0.000000 0.000000 1.000000 0.000000 0.000000 0.000000 0.000000
0 0 0.000000 410 1 0.100000 6.800000 2.500000 0.900000 0.000000 0.000000 0.000000 0.000000 0.000000 0.000000 1.000000 0.000000 0.000000 0.000000 0.000000
0 0 0.000000 411 1 0.100000 6.800000 2.700000 0.900000 0.000000 0.000000 0.000000 0.000000 0.000000 0.000000 1.000000 0.000000 0.000000 0.000000 0.000000
0 0 0.000000 412 1 0.100000 6.800000 2.900000 0.900000 0.000000 0.000000 0.000000 0.000000 0.000000 0.000000 1.000000 0.000000 0.000000 0.000000 0.000000
0 0 0.000000 413 1 0.100000 6.800000 3.100000 0.900000 0.000000 0.000000 0.000000 0.000000 0.000000 0.000000 1.000000 0.000000 0.000000 0.000000 0.000000
0 0 0.000000 414 1 0.100000 6.800000 3.300000 0.900000 0.000000 0.000000 0.000000 0.000000 0.000000 0.000000 1.000000 0.000000 0.000000 0.000000 0.000000
0 0 0.000000 415 1 0.100000 6.800000 3.500000 0.900000 0.000000 0.000000 0.000000 0.000000 0.000000 0.000000 1.000000 0.000000 0.000000 0.000000 0.000000
0 0 0.000000 416 1 0.100000 6.800000 3.700000 0.900000 0.000000 0.000000 0.000000 0.000000 0.000000 0.000000 1.000000 0.000000 0.000000 0.000000 0.000000
0 0 0.000000 417 1 0.100000 6.800000 3.900000 0.900000 0.000000 0.000000 0.000000 0.000000 0.000000 0.000000 1.000000 0.000000 0.000000 0.000000 0.000000
0 0 0.000000 418 1 0.100000 6.800000 4.100000 0.900000 0.000000 0.000000 0.000000 0.000000 0.000000 0.000000 1.000000 0.000000 0.000000 0.000000 0.000000
0 0 0.000000 419 1 0.100000 6.800000 4.300000 0.900000 0.000000 0.000000 0.000000 0.000000 0.000000 0.000000 1.000000 0.000000 0.000000 0.000000 0.000000
0 0 0.000000 420 1 0.100000 6.800000 4.500000 0.900000 0.000000 0.000000 0.000000 0.000000 0.000000 0.000000 1.000000 0.000000 0.000000 0.000000 0.000000
0 0 0.000000 421 1 0.100000 6.800000 4.700000 0.900000 0.000000 0.000000 0.000000 0.000000 0.000000 0.000000 1.000000 0.000000 0.000000 0.000000 0.000000
0 0 0.000000 422 1 0.100000 6.800000 4.900000 0.900000 0.000000 0.000000 0.000000 0.000000 0.000000 0.000000 1.000000 0.000000 0.000000 0.000000 0.000000
0 0 0.000000 423 1 0.100000 6.800000 5.100000 0.900000 0.000000 0.000000 0.000000 0.000000 0.000000 0.000000 1.000000 0.000000 0.000000 0.000000 0.000000
0 0 0.000000 424 1 0.100000 6.800000 5.300000 0.900000 0.000000 0.000000 0.000000 0.000000 0.000000 0.000000 1.000000 0.000000 0.000000 0.000000 0.000000
0 0 0.000000 425 1 0.100000 7.000000 0.500000 0.900000 0.000000 0.000000 0.000000 0.000000 0.000000 0.000000 1.000000 0.000000 0.000000 0.000000 0.000000
0 0 0.000000 426 1 0.100000 7.000000 0.700000 0.900000 0.000000 0.000000 0.000000 0.000000 0.000000 0.000000 1.000000 0.000000 0.000000 0.000000 0.000000
0 0 0.000000 427 1 0.100000 7.000000 0.900000 0.900000 0.000000 0.000000 0.000000 0.000000 0.000000 0.000000 1.000000 0.000000 0.000000 0.000000 0.000000
0 0 0.000000 428 1 0.100000 7.000000 1.100000 0.900000 0.000000 0.000000 0.000000 0.000000 0.000000 0.000000 1.000000 0.000000 0.000000 0.000000 0.000000
0 0 0.000000 429 1 0.100000 7.000000 1.300000 0.900000 0.000000 0.000000 0.000000 0.000000 0.000000 0.000000 1.000000 0.000000 0.000000 0.000000 0.000000
0 0 0.000000 430 1 0.100000 7.000000 1.500000 0.900000 0.000000 0.000000 0.000000 0.000000 0.000000 0.000000 1.000000 0.000000 0.000000 0.000000 0.000000
0 0 0.000000 431 1 0.100000 7.000000 1.700000 0.900000 0.000000 0.000000 0.000000 0.000000 0.000000 0.000000 1.000000 0.000000 0.000000 0.000000 0.000000
0 0 0.000000 432 1 0.100000 7.000000 1.900000 0.900000 0.000000 0.000000 0.000000 0.000000 0.000000 0.000000 1.000000 0.000000 0.000000 0.000000 0.000000
0 0 0.000000 433 1 0.100000 7.000000 2.100000 0.900000 0.000000 0.000000 0.000000 0.000000 0.000000 0.000000 1.000000 0.000000 0.000000 0.000000 0.000000
0 0 0.000000 434 1 0.100000 7.000000 2.300000 0.900000 0.000000 0.000000 0.000000 0.000000 0.000000 0.000000 1.000000 0.000000 0.000000 0.000000 0.000000
0 0 0.000000 435 1 0.100000 7.000000 2.500000 0.900000 0.000000 0.000000 0.000000 0.000000 0.000000 0.000000 1.000000 0.000000 0.000000 0.000000 0.000000
0 0 0.000000 436 1 0.100000 7.000000 2.700000 0.900000 0.000000 0.000000 0.000000 0.000000 0.000000 0.000000 1.000000 0.000000 0.000000 0.000000 0.000000
0 0 0.000000 437 1 0.100000 7.000000 2.900000 0.900000 0.000000 0.000000 0.000000 0.000000 0.000000 0.000000 1.000000 0.000000 0.000000 0.000000 0.000000
0 0 0.000000 438 1 0.100000 7.000000 3.100000 0.900000 0.000000 0.000000 0.000000 0.000000 0.000000 0.000000 1.000000 0.000000 0.000000 0.000000 0.000000
0 0 0.000000 439 1 0.100000 7.000000 3.300000 0.900000 0.000000 0.000000 0.000000 0.000000 0.000000 0.000000 1.000000 0.000000 0.000000 0.000000 0.000000
0 0 0.000000 440 1 0.100000 7.000000 3.500000 0.900000 0.000000 0.000000 0.000000 0.000000 0.000000 0.000000 1.000000 0.000000 0.000000 0.000000 0.000000
0 0 0.000000 441 1 0.100000 7.000000 3.700000 0.900000 0.000000 0.000000 0.000000 0.000000 0.000000 0.000000 1.000000 0.000000 0.000000 0.000000 0.000000
0 0 0.000000 442 1 0.100000 7.000000 3.900000 0.900000 0.000000 0.000000 0.000000 0.000000 0.000000 0.000000 1.000000 0.000000 0.000000 0.000000 0.000000
0 0 0.000000 443 1 0.100000 7.000000 4.100000 0.900000 0.000000 0.000000 0.000000 0.000000 0.000000 0.000000 1.000000 0.000000 0.000000 0.000000 0.000000
0 0 0.000000 444 1 0.100000 7.000000 4.300000 0.900000 0.000000 0.000000 0.000000 0.000000 0.000000 0.000000 1.000000 0.000000 0.000000 0.000000 0.000000
0 0 0.000000 445 1 0.100000 7.000000 4.500000 0.900000 0.000000 0.000000 0.000000 0.000000 0.000000 0.000000 1.000000 0.000000 0.000000 0.000000 0.000000
0 0 0.000000 446 1 0.100000 7.000000 4.700000 0.900000 0.000000 0.000000 0.000000 0.000000 0.000000 0.000000 1.000000 0.000000 0.000000 0.000000 0.000000
0 0 0.000000 447 1 0.100000 7.000000 4.900000 0.900000 0.000000 0.000000 0.000000 0.000000 0.000000 0.000000 1.000000 0.000000 0.000000 0.000000 0.000000
0 0 0.000000 448 1 0.100000 7.000000 5.100000 0.900000 0.000000 0.000000 0.000000 0.000000 0.000000 0.000000 1.000000 0.000000 0.000000 0.000000 0.000000
0 0 0.000000 449 1 0.100000 7.000000 5.300000 0.900000 0.000000 0.000000 0.000000 0.000000 0.000000 0.000000 1.000000 0.000000 0.000000 0.000000 0.000000
0 0 0.000000 450 1 0.100000 7.200000 0.500000 0.900000 0.000000 0.000000 0.000000 0.000000 0.000000 0.000000 1.000000 0.000000 0.000000 0.000000 0.000000
0 0 0.000000 451 1 0.100000 7.200000 0.700000 0.900000 0.000000 0.000000 0.000000 0.000000 0.000000 0.000000 1.000000 0.000000 0.000000 0.000000 0.000000
0 0 0.000000 452 1 0.100000 7.200000 0.900000 0.900000 0.000000 0.000000 0.000000 0.000000 0.000000 0.000000 1.000000 0.000000 0.000000 0.000000 0.000000
0 0 0.000000 453 1 0.100000 7.200000 1.100000 0.900000 0.000000 0.000000 0.000000 0.000000 0.000000 0.000000 1.000000 0.000000 0.000000 0.000000 0.000000
0 0 0.000000 454 1 0.100000 7.200000 1.300000 0.900000 0.000000 0.000000 0.000000 0.000000 0.000000 0.000000 1.000000 0.000000 0.000000 0.000000 0.000000
0 0 0.000000 455 1 0.100000 7.200000 1.500000 0.900000 0.000000 0.000000 0.000000 0.000000 0.000000 0.000000 1.000000 0.000000 0.000000 0.000000 0.000000
0 0 0.000000 456 1 0.100000 7.200000 1.700000 0.900000 0.000000 0.000000 0.000000 0.000000 0.000000 0.000000 1.000000 0.000000 0.000000 0.000000 0.000000
0 0 0.000000 457 1 0.100000 7.200000 1.900000 0.900000 0.000000 0.000000 0.000000 0.000000 0.000000 0.000000 1.000000 0.000000 0.000000 0.000000 0.000000
0 0 0.000000 458 1 0.100000 7.200000 2.100000 0.900000 0.000000 0.000000 0.000000 0.000000 0.000000 0.000000 1.000000 0.000000 0.000000 0.000000 0.000000
0 0 0.000000 459 1 0.100000 7.200000 2.300000 0.900000 0.000000 0.000000 0.000000 0.000000 0.000000 0.000000 1.000000 0.000000 0.000000 0.000000 0.000000
0 0 0.000000 460 1 0.100000 7.200000 2.500000 0.900000 0.000000 0.000000 0.000000 0.000000 0.000000 0.000000 1.000000 0.000000 0.000000 0.000000 0.000000
0 0 0.000000 461 1 0.100000 7.200000 2.700000 0.900000 0.000000 0.000000 0.000000 0.000000 0.000000 0.000000 1.000000 0.000000 0.000000 0.000000 0.000000
0 0 0.000000 462 1 0.100000 7.200000 2.900000 0.900000 0.000000 0.000000 0.000000 0.000000 0.000000 0.000000 1.000000 0.000000 0.000000 0.000000 0.000000
0 0 0.000000 463 1 0.100000 7.200000 3.100000 0.900000 0.000000 0.000000 0.000000 0.000000 0.000000 0.000000 1.000000 0.000000 0.000000 0.000000 0.000000
0 0 0.000000 464 1 0.100000 7.200000 3.300000 0.900000 0.000000 0.000000 0.000000 0.000000 0.000000 0.000000 1.000000 0.000000 0.000000 0.000000 0.000000
0 0 0.000000 465 1 0.100000 7.200000 3.500000 0.900000 0.000000 0.000000 0.000000 0.000000 0.000000 0.000000 1.000000 0.000000 0.000000 0.000000 0.000000
0 0 0.000000 466 1 0.100000 7.200000 3.700000 0.900000 0.000000 0.000000 0.000000 0.000000 0.000000 0.000000 1.000000 0.000000 0.000000 0.000000 0.000000
0 0 0.000000 467 1 0.100000 7.200000 3.900000 0.900000 0.000000 0.000000 0.000000 0.000000 0.000000 0.000000 1.000000 0.000000 0.000000 0.000000 0.000000
0 0 0.000000 468 1 0.100000 7.200000 4.100000 0.900000 0.000000 0.000000 0.000000 0.000000 0.000000 0.000000 1.000000 0.000000 0.000000 0.000000 0.000000
0 0 0.000000 469 1 0.100000 7.200000 4.300000 0.900000 0.000000 0.000000 0.000000 0.000000 0.000000 0.000000 1.000000 0.000000 0.000000 0.000000 0.000000
0 0 0.000000 470 1 0.100000 7.200000 4.500000 0.900000 0.000000 0.000000 0.000000 0.000000 0.000000 0.000000 1.000000 0.000000 0.000000 0.000000 0.000000
0 0 0.000000 471 1 0.100000 7.200000 4.700000 0.900000 0.000000 0.000000 0.000000 0.000000 0.000000 0.000000 1.000000 0.000000 0.000000 0.000000 0.000000
0 0 0.000000 472 1 0.100000 7.200000 4.900000 0.900000 0.000000 0.000000 0.000000 0.000000 0.000000 0.000000 1.000000 0.000000 0.000000 0.000000 0.000000
0 0 0.000000 473 1 0.100000 7.200000 5.100000 0.900000 0.000000 0.000000 0.000000 0.000000 0.000000 0.000000 1.000000 0.000000 0.000000 0.000000 0.000000
0 0 0.000000 474 1 0.100000 7.200000 5.300000 0.900000 0.000000 0.000000 0.000000 0.000000 0.000000 0.000000 1.000000 0.000000 0.000000 0.000000 0.000000
0 0 0.000000 475 1 0.100000 7.400000 0.500000 0.900000 0.000000 0.000000 0.000000 0.000000 0.000000 0.000000 1.000000 0.000000 0.000000 0.000000 0.000000
0 0 0.000000 476 1 0.100000 7.400000 0.700000 0.900000 0.000000 0.000000 0.000000 0.000000 0.000000 0.000000 1.000000 0.000000 0.000000 0.000000 0.000000
0 0 0.000000 477 1 0.100000 7.400000 0.900000 0.900000 0.000000 0.000000 0.000000 0.000000 0.000000 0.000000 1.000000 0.000000 0.000000 0.000000 0.000000
0 0 0.000000 478 1 0.100000 7.400000 1.100000 0.900000 0.000000 0.000000 0.000000 0.000000 0.000000 0.000000 1.000000 0.000000 0.000000 0.000000 0.000000
0 0 0.000000 479 1 0.100000 7.400000 1.300000 0.900000 0.000000 0.000000 0.000000 0.000000 0.000000 0.000000 1.000000 0.000000 0.000000 0.000000 0.000000
0 0 0.000000 480 1 0.100000 7.400000 1.500000 0.900000 0.000000 0.000000 0.000000 0.000000 0.000000 0.000000 1.000000 0.000000 0.000000 0.000000 0.000000
0 0 0.000000 481 1 0.100000 7.400000 1.700000 0.900000 0.000000 0.000000 0.000000 0.000000 0.000000 0.000000 1.000000 0.000000 0.000000 0.000000 0.000000
0 0 0.000000 482 1 0.100000 7.400000 1.900000 0.900000 0.000000 0.000000 0.000000 0.000000 0.000000 0.000000 1.000000 0.000000 0.000000 0.000000 0.000000
0 0 0.000000 483 1 0.100000 7.400000 2.100000 0.900000 0.000000 0.000000 0.000000 0.000000 0.000000 0.000000 1.000000 0.000000 0.000000 0.000000 0.000000
0 0 0.000000 484 1 0.100000 7.400000 2.300000 0.900000 0.000000 0.000000 0.000000 0.000000 0.000000 0.000000 1.000000 0.000000 0.000000 0.000000 0.000000
0 0 0.000000 485 1 0.100000 7.400000 2.500000 0.900000 0.000000 0.000000 0.000000 0.000000 0.000000 0.000000 1.000000 0.000000 0.000000 0.000000 0.000000
0 0 0.000000 486 1 0.100000 7.400000 2.700000 0.900000 0.000000 0.000000 0.000000 0.000000 0.000000 0.000000 1.000000 0.000000 0.000000 0.000000 0.000000
0 0 0.000000 487 1 0.100000 7.400000 2.900000 0.900000 0.000000 0.000000 0.000000 0.000000 0.000000 0.000000 1.000000 0.000000 0.000000 0.000000 0.000000
0 0 0.000000 488 1 0.100000 7.400000 3.100000 0.900000 0.000000 0.000000 0.000000 0.000000 0.000000 0.000000 1.000000 0.000000 0.000000 0.000000 0.000000
0 0 0.000000 489 1 0.100000 7.400000 3.300000 0.900000 0.000000 0.000000 0.000000 0.000000 0.000000 0.000000 1.000000 0.000000 0.000000 0.000000 0.000000
0 0 0.000000 490 1 0.100000 7.400000 3.500000 0.900000 0.000000 0.000000 0.000000 0.000000 0.000000 0.000000 1.000000 0.000000 0.000000 0.000000 0.000000
0 0 0.000000 491 1 0.100000 7.400000 3.700000 0.900000 0.000000 0.000000 0.000000 0.000000 0.000000 0.000000 1.000000 0.000000 0.000000 0.000000 0.000000
0 0 0.000000 492 1 0.100000 7.400000 3.900000 0.900000 0.000000 0.000000 0.000000 0.000000 0.000000 0.000000 1.000000 0.000000 0.000000 0.000000 0.000000
0 0 0.000000 493 1 0.100000 7.400000 4.100000 0.900000 0.000000 0.000000 0.000000 0.000000 0.000000 0.000000 1.000000 0.000000 0.000000 0.000000 0.000000
0 0 0.000000 494 1 0.100000 7.400000 4.300000 0.900000 0.000000 0.000000 0.000000 0.000000 0.000000 0.000000 1.000000 0.000000 0.000000 0.000000 0.000000
0 0 0.000000 495 1 0.100000 7.400000 4.500000 0.900000 0.000000 0.000000 0.000000 0.000000 0.000000 0.000000 1.000000 0.000000 0.000000 0.000000 0.000000
0 0 0.000000 496 1 0.100000 7.400000 4.700000 0.900000 0.000000 0.000000 0.000000 0.000000 0.000000 0.000000 1.000000 0.000000 0.000000 0.000000 0.000000
0 0 0.000000 497 1 0.100000 7.400000 4.900000 0.900000 0.000000 0.000000 0.000000 0.000000 0.000000 0.000000 1.000000 0.000000 0.000000 0.000000 0.000000
0 0 0.000000 498 1 0.100000 7.400000 5.100000 0.900000 0.000000 0.000000 0.000000 0.000000 0.000000 0.000000 1.000000 0.000000 0.000000 0.000000 0.000000
0 0 0.000000 499 1 0.100000 7.400000 5.300000 0.900000 0.000000 0.000000 0.000000 0.000000 0.000000 0.000000 1.000000 0.000000 0.000000 0.000000 0.000000
0 0 0.000000 