500
0 1 0.1 5.92993 1.08835 0.148999 0.00187839 -0.00457666 -0.000172841 -0.00282652 -0.0111897 0.0180403 1 0 0 0 0 0 0 0
1 1 0.1 5.78986 1.23057 0.142146 0.00302043 -0.00458795 -0.00207019 -0.035079 -0.0138957 -0.0439364 1 0 0 0 0 0 0 0
2 1 0.1 5.63031 1.39507 0.144074 0.00232965 -0.00273436 -0.00240534 0.000747664 0.0126492 -0.0290005 1 0 0 0 0 0 0 0
3 1 0.1 5.32227 1.70163 0.135696 0.0129118 -0.00501306 0.000346921 0.141167 0.0594502 -0.12766 1 0 0 0 0 0 0 0
4 1 0.1 5.49438 1.79236 0.426859 0.0272899 0.0235796 -0.00584339 0.0355098 -0.0681042 0.282593 1 0 0 0 0 0 0 0
5 1 0.1 5.14851 1.87104 0.15014 0.000758338 -0.00449029 -0.000779196 -0.00669026 0.00563744 -0.0203609 1 0 0 0 0 0 0 0
6 1 0.1 4.94482 2.07409 0.140291 0.00462788 -0.00218221 -0.0199815 -0.169486 0.157391 -0.114365 1 0 0 0 0 0 0 0
7 1 0.1 4.76526 2.25516 0.133928 0.00444656 -0.000192069 -0.00150509 -0.401531 0.735525 0.321023 1 0 0 0 0 0 0 0
8 1 0.1 4.81433 2.71426 0.136898 0.0291733 -0.025129 0.00164474 0.134151 0.282321 0.117218 1 0 0 0 0 0 0 0
9 1 0.1 4.70899 2.65392 0.293813 0.0379419 -0.0628584 0.00154095 0.292468 -0.139376 -0.0459766 1 0 0 0 0 0 0 0
10 1 0.1 4.19255 2.82982 0.14995 2.23569e-06 9.21663e-05 0.000168863 -0.000549883 -0.00180931 -0.000264454 1 0 0 0 0 0 0 0
11 1 0.1 4.19541 2.84319 0.458186 -0.000983537 -0.00223828 -0.00355309 0.0034543 0.0311857 -0.0262232 1 0 0 0 0 0 0 0
12 1 0.1 4.18902 3.09451 0.14766 0.0212128 -0.0447877 -0.0422653 -0.458288 0.339597 -0.588821 1 0 0 0 0 0 0 0
13 1 0.1 4.30789 3.18942 0.407005 0.0199962 0.00192621 0.00122326 0.166403 0.118669 0.330561 1 0 0 0 0 0 0 0
14 1 0.1 4.29542 3.2661 0.200323 -0.0229686 -0.0267908 0.0197755 -0.411653 0.0579317 -0.391531 1 0 0 0 0 0 0 0
15 1 0.1 4.45315 3.43788 0.14811 -0.00224808 -0.00154014 -0.000860263 0.0198586 -0.0189887 -0.0634922 1 0 0 0 0 0 0 0
16 1 0.1 4.50522 3.24667 0.137312 -0.0133321 -0.00465831 -0.00768517 0.016099 -0.0591555 -0.0425208 1 0 0 0 0 0 0 0
17 1 0.1 4.70494 3.67297 0.287337 -0.0146833 -0.0263995 0.0175525 0.0748076 -0.313521 0.645204 1 0 0 0 0 0 0 0
18 1 0.1 4.59472 3.57893 0.149524 -0.0018629 -0.00138354 -3.12645e-05 -0.0119118 -0.0194996 -0.0495438 1 0 0 0 0 0 0 0
19 1 0.1 5.01256 3.99073 0.136911 0.0025087 -0.0104648 -0.00335254 0.0832201 -0.0199619 -0.0156754 1 0 0 0 0 0 0 0
20 1 0.1 5.15461 4.13646 0.14469 -0.00278273 -0.00137334 -0.00639715 0.0864039 0.00708036 -0.0082715 1 0 0 0 0 0 0 0
21 1 0.1 5.35086 4.17201 0.137459 -0.00841494 0.00977069 0.000530078 -0.00862979 -0.0777199 0.103466 1 0 0 0 0 0 0 0
22 1 0.1 5.49837 4.47308 0.137295 -0.000139054 0.0018767 -0.000231075 -0.0730901 -0.000277847 0.0610537 1 0 0 0 0 0 0 0
23 1 0.1 5.63848 4.61555 0.145377 0.00162196 0.00121883 -0.00381174 0.0947797 -0.0174267 0.0385286 1 0 0 0 0 0 0 0
24 1 0.1 5.92011 4.89824 0.149573 0.00245123 0.00221652 -0.00289878 0.0367367 0.0136422 0.0322648 1 0 0 0 0 0 0 0
25 1 0.1 6.07214 0.94805 0.1441 0.00270407 -0.0035559 0.000296027 0.00387313 0.00417682 -0.00193272 1 0 0 0 0 0 0 0
26 1 0.1 5.82699 1.42676 0.137455 0.004191 -0.00568046 7.95259e-05 0.00807385 -0.00678073 -0.0113743 1 0 0 0 0 0 0 0
27 1 0.1 5.65676 1.59315 0.143054 -0.00289057 -0.00222819 -0.000703811 0.0416839 0.0347748 -0.0934334 1 0 0 0 0 0 0 0
28 1 0.1 5.46065 1.56032 0.14843 -0.00316359 -0.000367802 -0.00682277 -0.172241 -0.113725 0.0617691 1 0 0 0 0 0 0 0
29 1 0.1 5.60633 1.90078 0.137429 0.00358752 0.000488473 -0.00263433 -0.105149 -0.110294 -0.0779972 1 0 0 0 0 0 0 0
30 1 0.1 5.34532 1.90239 0.166063 -0.00942534 -0.0204209 0.0851309 -0.283563 -0.933485 -0.124652 1 0 0 0 0 0 0 0
31 1 0.1 5.2208 2.05709 0.142778 0.0112846 -0.0110054 -0.000932022 -0.00495385 -0.0622739 -0.0660947 1 0 0 0 0 0 0 0
32 1 0.1 4.95267 2.26501 0.197772 0.00373059 -0.0126217 0.00787828 0.744034 0.114336 -0.537055 1 0 0 0 0 0 0 0
33 1 0.1 4.47943 2.54292 0.136772 -0.0106224 -0.00997028 0.00660009 -0.456869 -0.405261 0.348819 1 0 0 0 0 0 0 0
34 1 0.1 5.01058 2.74799 0.145224 0.0236057 -0.00770516 -0.0143336 0.0651332 -0.0829814 0.0809174 1 0 0 0 0 0 0 0
35 1 0.1 4.33391 2.68842 0.150037 -6.63712e-05 2.11767e-05 -0.000135447 0.00198611 0.00570584 -0.00462632 1 0 0 0 0 0 0 0
36 1 0.1 5.35367 2.83747 0.342451 -0.0124061 0.00070365 0.00649393 0.0373347 -0.0587287 0.148858 1 0 0 0 0 0 0 0
37 1 0.1 4.53729 2.87727 0.253782 0.0409508 -0.0221459 0.00904953 0.0450698 0.0935391 -0.075193 1 0 0 0 0 0 0 0
38 1 0.1 4.54423 3.02979 0.135878 0.00383913 -0.0171634 0.0072025 0.0288195 0.297823 0.550184 1 0 0 0 0 0 0 0
39 1 0.1 4.39697 3.02893 0.483372 0.0402362 0.00351508 -0.0386488 0.348489 -0.219164 -0.0799702 1 0 0 0 0 0 0 0
40 1 0.1 5.04403 3.26697 0.137385 -0.0328861 -0.036346 0.00764019 -0.131388 -0.0250609 0.00486329 1 0 0 0 0 0 0 0
41 1 0.1 4.79374 3.56472 0.137498 -0.00309175 -0.0214612 -0.000602844 0.017214 0.0344622 -0.159816 1 0 0 0 0 0 0 0
42 1 0.1 4.82865 3.80338 0.136949 -0.00650091 -0.000749676 0.00259687 0.0078283 -0.120704 -0.0197472 1 0 0 0 0 0 0 0
43 1 0.1 5.01536 3.90116 0.31429 -0.0132752 -0.00526244 -0.00144201 -0.10642 -0.0956078 -0.0695457 1 0 0 0 0 0 0 0
44 1 0.1 5.50751 3.87645 0.137432 -0.0356976 0.000569089 -0.00081096 0.0155892 -0.0969025 -0.0163123 1 0 0 0 0 0 0 0
45 1 0.1 5.52576 4.07581 0.141199 -0.0172515 0.00677904 0.0164901 -0.0783131 -0.0609067 -0.154833 1 0 0 0 0 0 0 0
46 1 0.1 5.52486 4.27566 0.136483 -0.0163181 0.00401192 -0.002032 0.0950018 -0.140406 -0.197107 1 0 0 0 0 0 0 0
47 1 0.1 5.75761 4.45566 0.13724 0.00014917 0.000319463 -0.000617373 0.0232431 -0.198629 -0.134261 1 0 0 0 0 0 0 0
48 1 0.1 5.78124 4.75502 0.13746 0.00169305 0.00175512 -1.9018e-05 -0.0334335 0.0318951 -0.0307641 1 0 0 0 0 0 0 0
49 1 0.1 6.06132 5.03953 0.149533 0.00182613 0.00282759 -0.00319704 0.00551609 0.0260968 0.034102 1 0 0 0 0 0 0 0
50 1 0.1 6.21241 0.805744 0.150027 0.00231163 -0.00361614 -0.000245628 -0.000126794 0.000673704 -0.00465818 1 0 0 0 0 0 0 0
51 1 0.1 5.98207 1.28415 0.13744 0.00222259 -0.00286735 -0.000182405 0.0051225 -0.0320243 0.0918005 1 0 0 0 0 0 0 0
52 1 0.1 5.93585 1.85084 0.137332 -0.00595253 0.000930078 -0.00110362 -0.0222227 -0.0446513 -0.00225234 1 0 0 0 0 0 0 0
53 1 0.1 5.75439 1.76727 0.137085 -0.00233736 -0.00294336 -0.00324071 -0.0178282 0.0438705 0.0784424 1 0 0 0 0 0 0 0
54 1 0.1 5.77745 2.00386 0.139479 0.00563335 -0.00269547 0.0020515 -0.00462999 -0.000546008 0.0373308 1 0 0 0 0 0 0 0
55 1 0.1 5.41425 2.10684 0.139216 -0.00102489 0.0319805 0.00914528 0.0413681 -0.0294314 0.52117 1 0 0 0 0 0 0 0
56 1 0.1 5.13985 2.2395 0.136545 -0.00466445 -0.0151618 -0.00476193 0.0194867 -0.0168814 0.231436 1 0 0 0 0 0 0 0
57 1 0.1 5.33554 2.31932 0.43617 0.0118273 0.043698 -0.0345566 -0.149304 -0.041602 -0.0742226 1 0 0 0 0 0 0 0
58 1 0.1 5.02031 2.43074 0.283551 0.0588299 -0.059901 0.0498882 -0.14477 0.060674 0.0270876 1 0 0 0 0 0 0 0
59 1 0.1 4.6745 2.50024 0.145922 -0.0197403 -0.0624784 -0.0613121 -0.581642 0.429699 -0.772056 1 0 0 0 0 0 0 0
60 1 0.1 5.47205 2.67903 0.319448 0.0242175 0.0220284 -0.00337767 0.14446 -0.0153496 0.293984 1 0 0 0 0 0 0 0
61 1 0.1 4.69924 2.88719 0.137387 -0.100341 -0.0253226 0.000154357 -0.053279 0.0747715 0.0998757 1 0 0 0 0 0 0 0
62 1 0.1 4.89586 2.92156 0.141231 -0.742834 -0.190133 0.0516853 -0.105123 -0.603653 -0.395309 1 0 0 0 0 0 0 0
63 1 0.1 4.68712 3.16607 0.136379 -0.0107186 0.022196 0.0116036 0.288213 -0.350926 -0.0444881 1 0 0 0 0 0 0 0
64 1 0.1 4.88371 3.14855 0.136011 -0.0109712 -0.0356588 -0.0168635 0.127231 -0.156582 -0.142893 1 0 0 0 0 0 0 0
65 1 0.1 4.83024 3.38723 0.390392 -0.0692993 -0.0454977 0.0413485 0.244499 0.127562 -0.0717637 1 0 0 0 0 0 0 0
66 1 0.1 5.31843 3.53152 0.153176 -0.0705052 0.00671883 -0.0191282 0.0159535 0.284359 0.0166769 1 0 0 0 0 0 0 0
67 1 0.1 5.38514 3.71852 0.137215 -0.0263619 -0.010324 -0.00433905 0.10771 -0.280603 -0.49681 1 0 0 0 0 0 0 0
68 1 0.1 4.98397 3.72242 0.230922 -0.017135 -0.00596818 0.00898093 0.04795 -0.0162008 -0.052456 1 0 0 0 0 0 0 0
69 1 0.1 5.48513 3.88173 0.419542 -0.0435327 -0.0167112 0.000719803 0.156418 0.193004 -0.103541 1 0 0 0 0 0 0 0
70 1 0.1 5.61817 4.16131 0.318084 -0.032677 0.00437146 -0.00971182 0.130209 0.052198 -0.112251 1 0 0 0 0 0 0 0
71 1 0.1 5.70475 4.18449 0.137089 -0.011793 0.00161504 -0.00410398 0.0393528 -0.126686 -0.0765232 1 0 0 0 0 0 0 0
72 1 0.1 5.874 4.29341 0.137827 -0.019852 -0.0144887 -0.00116004 0.0301329 0.124396 -0.124322 1 0 0 0 0 0 0 0
73 1 0.1 6.0442 4.74225 0.137441 0.0025201 0.00488707 -0.00114769 -0.0593454 0.0128663 -0.0189247 1 0 0 0 0 0 0 0
74 1 0.1 6.28741 5.27179 0.149966 0.00204671 0.00346036 8.57207e-05 -0.00309022 -0.000683069 0.0358363 1 0 0 0 0 0 0 0
75 1 0.1 6.21749 1.0388 0.279772 -0.00719343 0.0094315 0.0129284 0.027581 -0.351891 0.245947 1 0 0 0 0 0 0 0
76 1 0.1 6.12315 1.14267 0.137461 0.00475358 0.000948858 -0.000419548 -0.0112793 0.0438142 -0.0492345 1 0 0 0 0 0 0 0
77 1 0.1 6.03885 1.67952 0.138049 -0.00924168 -0.00201682 0.00201541 0.0213124 -0.0299883 0.0112454 1 0 0 0 0 0 0 0
78 1 0.1 5.97184 2.05042 0.137459 0.00400458 0.0012884 -0.000475901 -0.0129449 0.0297868 0.00977825 1 0 0 0 0 0 0 0
79 1 0.1 5.8973 2.26651 0.327877 0.0150479 0.0036843 0.00295271 0.443439 -0.310137 0.398472 1 0 0 0 0 0 0 0
80 1 0.1 5.61378 2.1189 0.139321 -9.32514e-05 0.00190741 0.00742484 0.030232 0.0503304 -0.827684 1 0 0 0 0 0 0 0
81 1 0.1 5.54114 2.30519 0.136535 0.0213736 0.0122253 -0.00477261 -0.178106 0.195448 0.20321 1 0 0 0 0 0 0 0
82 1 0.1 5.73991 2.80117 0.137449 -0.0560874 0.0356161 -0.00194397 -0.0299177 -0.0270512 0.256204 1 0 0 0 0 0 0 0
83 1 0.1 5.37992 2.40472 0.204914 -0.000318868 0.0140885 -0.023109 0.106154 -0.0877301 -0.199574 1 0 0 0 0 0 0 0
84 1 0.1 4.92577 2.54822 0.137485 -0.460459 -0.367423 -0.00415864 0.11542 -0.0431876 -5.50748 1 0 0 0 0 0 0 0
85 1 0.1 5.1755 2.63537 0.14435 0.0105192 -0.0166267 0.00451531 -0.0398147 -0.157705 -0.275762 1 0 0 0 0 0 0 0
86 1 0.1 5.7169 2.93234 0.286522 -0.0202097 0.04352 -0.00598187 -0.0159701 -0.10285 -0.0851246 1 0 0 0 0 0 0 0
87 1 0.1 5.15381 2.88662 0.137455 0.00500391 0.00120581 0.00441296 0.0800051 -0.0400399 0.145365 1 0 0 0 0 0 0 0
88 1 0.1 5.19666 3.29957 0.268885 -0.0695223 -0.0139403 0.0187823 -0.0211486 -0.199399 -0.224189 1 0 0 0 0 0 0 0
89 1 0.1 4.64799 3.3866 0.137569 -0.0110293 -0.00195823 -0.00159658 0.0482376 -0.0153389 -0.0502027 1 0 0 0 0 0 0 0
90 1 0.1 5.14346 3.43921 0.1367 -0.0494039 -0.0158888 0.000528583 -0.0362361 -0.174138 0.265002 1 0 0 0 0 0 0 0
91 1 0.1 5.52527 3.55426 0.137382 -0.137277 0.038873 0.000930594 0.0526214 -0.0644556 0.493128 1 0 0 0 0 0 0 0
92 1 0.1 5.68709 3.67122 0.137451 -0.155455 0.0560851 -0.00253104 -0.247973 -0.021476 -0.215762 1 0 0 0 0 0 0 0
93 1 0.1 5.79859 3.89684 0.318136 -0.103692 -0.0315867 -0.000988463 -0.190601 -0.189019 -0.794412 1 0 0 0 0 0 0 0
94 1 0.1 5.68777 3.96018 0.157577 -0.0329502 -0.00753421 0.0103797 0.179049 0.0591787 -0.0550479 1 0 0 0 0 0 0 0
95 1 0.1 5.88101 4.00901 0.143789 -0.0291684 -0.0202566 0.00527532 0.00994813 0.047831 -0.0658948 1 0 0 0 0 0 0 0
96 1 0.1 6.01785 4.15461 0.137496 -0.0267722 -0.0219931 -0.000163019 -0.101539 -0.066174 0.0302125 1 0 0 0 0 0 0 0
97 1 0.1 6.03073 4.36178 0.241487 -0.0189628 -0.00654555 -0.00967451 0.0528807 -0.0202598 -0.058503 1 0 0 0 0 0 0 0
98 1 0.1 6.16721 4.88163 0.211124 0.00588538 0.00499441 -0.00785677 -0.0164692 0.0649441 -0.00402737 1 0 0 0 0 0 0 0
99 1 0.1 6.2581 5.07408 0.144325 0.00198391 0.0035526 -0.00375557 0.0475562 -0.0105137 -0.0291133 1 0 0 0 0 0 0 0
100 1 0.1 6.42766 0.588723 0.350005 -0.000363481 0.000551993 -3.5819e-05 0.00123756 0.000794515 0.0150978 1 0 0 0 0 0 0 0
101 1 0.1 6.17085 1.35 0.137847 0.00406662 -0.00690872 0.00290562 -0.102653 -0.0422476 -0.0456741 1 0 0 0 0 0 0 0
102 1 0.1 6.01939 1.48054 0.13741 0.00539056 -0.00458362 -0.000250929 0.0460107 0.046484 0.0216897 1 0 0 0 0 0 0 0
103 1 0.1 6.03697 2.3751 0.234935 -0.00614263 0.0526797 0.0266908 0.105308 0.384449 -0.0591994 1 0 0 0 0 0 0 0
104 1 0.1 5.87478 2.81129 0.562874 -0.0470113 0.0343917 -0.00504273 -0.82012 0.301122 -0.0695532 1 0 0 0 0 0 0 0
105 1 0.1 5.86268 2.39185 0.137403 0.0262004 -0.00714505 -0.00117654 0.0603987 0.256149 -0.0532709 1 0 0 0 0 0 0 0
106 1 0.1 5.74156 2.60212 0.155676 -0.0299312 0.0312036 -0.0812979 0.809019 0.484958 -0.0412823 1 0 0 0 0 0 0 0
107 1 0.1 5.86718 3.13216 0.469762 -0.122356 0.0893573 -0.00746925 0.419624 -0.425328 0.044467 1 0 0 0 0 0 0 0
108 1 0.1 5.53858 2.72389 0.1371 0.00878549 0.0252856 -0.00203397 -0.230423 0.0628597 0.0522987 1 0 0 0 0 0 0 0
109 1 0.1 5.5689 2.50255 0.140555 -0.0296732 0.0180804 0.0145747 -0.00859938 1.21452 0.505834 1 0 0 0 0 0 0 0
110 1 0.1 5.38837 2.59208 0.13742 0.0161552 0.0165002 -0.00340774 0.0668619 -0.0240828 0.055783 1 0 0 0 0 0 0 0
111 1 0.1 5.32135 2.77925 0.153901 0.008746 0.0131426 0.00488461 0.0884827 -0.0826748 0.0154043 1 0 0 0 0 0 0 0
112 1 0.1 5.48648 3.11784 0.137254 -0.0839068 0.015992 0.00154301 -0.227927 -0.340146 -0.440942 1 0 0 0 0 0 0 0
113 1 0.1 5.07495 3.06989 0.137921 -0.0202156 -0.0216172 0.0171367 0.0762765 -0.0306301 0.146299 1 0 0 0 0 0 0 0
114 1 0.1 5.61237 3.2732 0.137456 -0.099494 -0.0692749 -0.0195442 -0.124157 0.665638 -1.10251 1 0 0 0 0 0 0 0
115 1 0.1 5.71702 3.46066 0.137434 -0.0881265 0.0126167 -0.00134595 -0.0944053 -0.404619 -0.0227837 1 0 0 0 0 0 0 0
116 1 0.1 5.67826 3.06207 0.139384 -0.072699 0.0161793 -0.0180158 -0.177782 0.702462 0.482011 1 0 0 0 0 0 0 0
117 1 0.1 5.93333 3.40871 0.137302 -0.0903738 0.0695041 -0.00798692 -0.113016 -0.0273643 0.022549 1 0 0 0 0 0 0 0
118 1 0.1 5.82475 3.81603 0.137383 -0.0706237 -0.0363971 0.00270318 0.35116 -0.731962 -0.531969 1 0 0 0 0 0 0 0
119 1 0.1 6.03418 3.88073 0.137498 -0.0264165 -0.0229911 -0.000287132 -0.0150285 0.0334314 0.0656324 1 0 0 0 0 0 0 0
120 1 0.1 5.87375 3.59958 0.137407 -0.157267 0.0480159 0.000304468 0.0163354 0.0781589 0.107405 1 0 0 0 0 0 0 0
121 1 0.1 6.0704 3.25905 0.167668 -0.103132 0.0993366 0.0868108 -0.471609 -0.972097 0.226042 1 0 0 0 0 0 0 0
122 1 0.1 6.03173 4.29495 0.579704 -0.0368581 -0.0031799 -0.000351964 -0.0851479 -0.346102 -0.249316 1 0 0 0 0 0 0 0
123 1 0.1 5.9488 4.51098 0.136637 -0.00563137 0.00936202 -0.00204726 -0.128378 0.018739 -0.0388946 1 0 0 0 0 0 0 0
124 1 0.1 6.14072 4.56692 0.137671 -0.0085369 0.0190293 0.0064819 -0.0841413 -0.00374217 0.212955 1 0 0 0 0 0 0 0
125 1 0.1 5.99997 1.02656 0.325935 -0.00190326 0.00148706 0.00503968 0.0239042 -0.0446226 0.0245829 1 0 0 0 0 0 0 0
126 1 0.1 5.85913 1.16832 0.318895 -0.000548989 0.00227587 0.000936276 -0.0604942 -0.0114826 0.00756272 1 0 0 0 0 0 0 0
127 1 0.1 5.58091 1.44023 0.334973 -0.00189868 0.00335941 -0.00225713 -0.0135506 0.0145218 0.0369515 1 0 0 0 0 0 0 0
128 1 0.1 5.43263 1.5908 0.36142 -0.0122638 0.0197507 -0.00988269 -0.0227453 0.112935 0.249235 1 0 0 0 0 0 0 0
129 1 0.1 5.32928 1.75719 0.321675 0.0334311 0.0464257 -0.019648 -0.62964 -0.25459 -0.950139 1 0 0 0 0 0 0 0
130 1 0.1 5.07651 1.95261 0.319969 0.0230071 -0.0301017 0.00114275 0.102285 0.046037 -0.0560129 1 0 0 0 0 0 0 0
131 1 0.1 4.93332 2.08826 0.352522 0.0365196 -0.0258463 0.0452473 0.539119 -0.178329 -0.525617 1 0 0 0 0 0 0 0
132 1 0.1 4.79489 2.23457 0.38476 0.00359158 -0.00365265 0.019018 0.112422 -0.127886 -0.0426297 1 0 0 0 0 0 0 0
133 1 0.1 4.67154 2.35289 0.28108 0.0134159 -0.0108456 -0.00194296 -0.108994 -0.228422 0.161482 1 0 0 0 0 0 0 0
134 1 0.1 4.69135 2.50248 0.420423 -0.0362473 -0.0626979 0.0110286 -0.493221 0.762439 -0.10123 1 0 0 0 0 0 0 0
135 1 0.1 4.53259 2.49256 0.313819 0.0190437 -0.00625526 -0.0313726 0.359924 0.227558 -0.198261 1 0 0 0 0 0 0 0
136 1 0.1 4.37475 2.65197 0.403153 0.00946618 -0.0127231 -0.0137305 0.0685652 -0.198748 -0.0833909 1 0 0 0 0 0 0 0
137 1 0.1 4.60839 3.0043 0.39028 0.033002 -0.0255234 0.00288559 -0.00346718 -0.0465682 0.224163 1 0 0 0 0 0 0 0
138 1 0.1 4.41164 3.11549 0.254165 0.0115218 -0.00856152 0.00235714 0.107063 0.321261 0.265265 1 0 0 0 0 0 0 0
139 1 0.1 4.32533 3.29963 0.572449 -0.0028396 -0.00194233 0.00163061 -0.0997819 -0.0808449 0.104261 1 0 0 0 0 0 0 0
140 1 0.1 4.57355 3.31749 0.31123 -0.0801392 0.00687614 -0.0402143 -0.574031 -0.445414 0.0812574 1 0 0 0 0 0 0 0
141 1 0.1 4.52034 3.50622 0.349354 -0.0101373 -0.00302351 -0.0133706 0.0429674 -0.0547336 0.00387893 1 0 0 0 0 0 0 0
142 1 0.1 4.7384 3.71717 0.479457 -0.0103619 -0.0117335 0.00653543 -0.145072 0.139352 -0.126873 1 0 0 0 0 0 0 0
143 1 0.1 5.08645 4.05846 0.411296 -0.00783142 -0.00199747 -0.00520578 0.0422926 0.118143 -0.00267181 1 0 0 0 0 0 0 0
144 1 0.1 5.36801 4.0596 0.317081 -0.0201145 -0.0228731 0.0170992 0.168458 -0.00605621 -0.343024 1 0 0 0 0 0 0 0
145 1 0.1 5.21546 4.18792 0.330128 -0.000725131 0.00173641 0.0139331 -0.0622757 -0.122362 0.0215892 1 0 0 0 0 0 0 0
146 1 0.1 5.36789 4.34752 0.233598 -0.00915645 -0.00778699 0.0127732 0.0573392 -0.261419 -0.100837 1 0 0 0 0 0 0 0
147 1 0.1 5.48415 4.46047 0.35022 -0.0108324 -0.0128374 0.0164396 -0.278025 0.0594013 -0.0820932 1 0 0 0 0 0 0 0
148 1 0.1 5.71482 4.68579 0.316352 -0.00684021 -0.00972396 0.00420161 0.00284255 -0.0532363 -0.111694 1 0 0 0 0 0 0 0
149 1 0.1 5.8529 4.82808 0.361136 0.00680287 0.00870057 0.00123774 0.00904741 -0.0272861 0.108771 1 0 0 0 0 0 0 0
150 1 0.1 6.14849 0.871402 0.364391 -7.27476e-06 0.000282662 0.000156185 -0.0197447 0.0163991 0.0142308 1 0 0 0 0 0 0 0
151 1 0.1 5.83496 1.68785 0.301801 0.00454487 -0.00253996 -0.00859712 0.0394764 -0.000271761 -0.0177421 1 0 0 0 0 0 0 0
152 1 0.1 5.49868 1.74959 0.215318 0.033481 0.0514369 -0.051317 0.177009 -0.594409 0.0760169 1 0 0 0 0 0 0 0
153 1 0.1 6.04431 2.27027 0.463278 -0.0178087 -0.0304705 0.0427375 0.145569 -0.195039 -0.320328 1 0 0 0 0 0 0 0
154 1 0.1 5.69592 1.95888 0.421961 -0.00330158 0.0279246 0.00305032 -0.119909 -0.650107 0.244461 1 0 0 0 0 0 0 0
155 1 0.1 5.39067 2.08878 0.352966 0.0213953 0.0324756 -0.0197695 -0.0293759 -0.148907 0.00216742 1 0 0 0 0 0 0 0
156 1 0.1 5.12196 2.22106 0.592999 -0.0212167 0.0303979 -0.0112246 0.372553 0.0950971 0.0420427 1 0 0 0 0 0 0 0
157 1 0.1 4.89895 2.12367 0.551329 -0.0276541 0.00799313 -0.0395447 -0.0162583 0.429382 -0.23266 1 0 0 0 0 0 0 0
158 1 0.1 4.88484 2.45489 0.4283 -0.0272143 -0.0134982 -0.050815 -0.699468 -1.2382 0.1555 1 0 0 0 0 0 0 0
159 1 0.1 4.98989 2.68558 0.580237 0.0422992 0.0127894 0.0148079 -0.375909 0.0970244 0.0440756 1 0 0 0 0 0 0 0
160 1 0.1 4.8915 2.64737 0.3707 0.0346552 -0.0584959 0.0196484 -0.2645 -0.0506202 0.104276 1 0 0 0 0 0 0 0
161 1 0.1 4.79308 2.96956 0.458404 0.0378332 -0.0191416 -0.0214618 -0.67226 0.405177 -0.386166 1 0 0 0 0 0 0 0
162 1 0.1 4.69214 2.83967 0.571997 0.0641976 0.0160997 0.0443518 -0.184086 -0.209459 0.646913 1 0 0 0 0 0 0 0
163 1 0.1 4.95019 2.88751 0.616468 -0.008628 -0.00310293 0.00204372 -0.245343 -0.00292844 0.205298 1 0 0 0 0 0 0 0
164 1 0.1 4.34408 3.24264 0.762743 -0.00437326 0.00468879 0.00122254 0.0457135 0.0381782 0.00166661 1 0 0 0 0 0 0 0
165 1 0.1 4.80969 3.41121 0.593111 -0.0843528 -0.0325878 -0.0242265 -0.114698 0.03588 0.188965 1 0 0 0 0 0 0 0
166 1 0.1 4.98307 3.3148 0.516623 -0.0624614 -0.0199418 0.0442557 -0.302414 0.0290139 -0.0678648 1 0 0 0 0 0 0 0
167 1 0.1 5.18946 3.66738 0.238179 0.0224595 -0.0677239 -0.029797 0.323793 0.239015 -0.7366 1 0 0 0 0 0 0 0
168 1 0.1 5.19267 3.97977 0.2621 -0.0252315 -0.0116899 -0.0150676 0.0222781 -0.0279645 -0.248967 1 0 0 0 0 0 0 0
169 1 0.1 5.35637 3.86632 0.267758 -0.032256 -0.0173365 -0.00390079 0.0335769 -0.169289 0.174963 1 0 0 0 0 0 0 0
170 1 0.1 5.43925 4.23586 0.379162 -0.0197496 -0.0141274 -3.6557e-06 0.0589397 0.0858296 -0.0261989 1 0 0 0 0 0 0 0
171 1 0.1 5.61089 4.32078 0.438432 -0.00979917 -0.0121531 0.000883648 0.146408 0.073308 0.0655472 1 0 0 0 0 0 0 0
172 1 0.1 5.73247 4.32017 0.280626 -0.0203867 0.00261265 -0.00583537 0.00712569 0.0111527 -0.0234572 1 0 0 0 0 0 0 0
173 1 0.1 5.86263 4.46872 0.312011 -0.0127188 0.00105301 -0.00777868 0.0683191 0.0338766 0.0547843 1 0 0 0 0 0 0 0
174 1 0.1 6.0082 4.97981 0.348684 0.0613468 0.024253 -0.0191855 -0.182665 0.0540894 -0.333979 1 0 0 0 0 0 0 0
175 1 0.1 6.28881 0.731917 0.335712 -0.00035756 0.000611382 -0.000101129 -0.00456042 0.000372163 -0.0181603 1 0 0 0 0 0 0 0
176 1 0.1 5.77064 1.49919 0.314962 -0.00294955 0.00292343 -0.0077284 -0.0316203 0.0274211 -0.030955 1 0 0 0 0 0 0 0
177 1 0.1 5.84669 1.88708 0.312278 -0.0332162 -0.00130129 -0.0142144 -0.0293177 -0.253554 0.13779 1 0 0 0 0 0 0 0
178 1 0.1 5.81611 2.08418 0.323348 0.00551249 0.00587166 -0.0156005 -0.0379488 0.788717 -0.479583 1 0 0 0 0 0 0 0
179 1 0.1 5.52907 1.95262 0.313176 0.0115388 0.0226271 -0.0117451 -0.0600412 0.117662 -0.157968 1 0 0 0 0 0 0 0
180 1 0.1 5.56812 2.12062 0.439004 -0.00813499 0.0273131 0.0221868 0.101919 -0.381222 -0.0608555 1 0 0 0 0 0 0 0
181 1 0.1 5.29294 2.23454 0.261489 0.00349151 0.0184055 -0.0216965 -0.0716117 0.203474 0.184494 1 0 0 0 0 0 0 0
182 1 0.1 5.03132 2.25909 0.384839 0.0617288 -0.0427116 0.090698 -0.279012 -0.30038 0.168211 1 0 0 0 0 0 0 0
183 1 0.1 5.08174 2.61514 0.32264 0.0411281 -0.045449 0.0213883 -0.129963 0.0824293 0.155284 1 0 0 0 0 0 0 0
184 1 0.1 5.43163 2.73879 0.505435 -0.00117982 0.00527886 -0.00911333 -0.10825 -0.075486 0.201596 1 0 0 0 0 0 0 0
185 1 0.1 5.22345 2.80274 0.502806 -0.0714951 -0.0360326 0.0623509 -0.720486 0.303728 -0.255878 1 0 0 0 0 0 0 0
186 1 0.1 5.14371 2.80407 0.319217 0.00271767 -0.0296175 -0.00168896 -0.0966628 -0.0676019 0.266258 1 0 0 0 0 0 0 0
187 1 0.1 4.51601 2.68524 0.269511 0.0278146 -0.011029 0.00312588 0.0456277 0.173616 -0.280577 1 0 0 0 0 0 0 0
188 1 0.1 4.90669 3.047 0.303723 -0.0465502 -0.0342621 -0.012435 -0.0574 -0.12785 0.0781409 1 0 0 0 0 0 0 0
189 1 0.1 5.34576 3.35163 0.392311 -0.106845 0.00400023 0.00716377 -0.106124 0.140443 -0.0260031 1 0 0 0 0 0 0 0
190 1 0.1 5.04219 3.53793 0.276179 -0.045391 -0.0129211 -0.00378344 0.0318457 0.15552 -0.28751 1 0 0 0 0 0 0 0
191 1 0.1 5.43749 3.50826 0.310698 -0.111172 -0.00807503 0.000618902 -0.065422 -0.151659 0.028392 1 0 0 0 0 0 0 0
192 1 0.1 5.13032 3.82944 0.137394 0.032386 -0.0173013 0.0106243 0.119475 0.292242 0.259922 1 0 0 0 0 0 0 0
193 1 0.1 5.62168 3.80905 0.28697 -0.108967 -0.0431144 0.0367991 0.251367 -0.690427 -0.399827 1 0 0 0 0 0 0 0
194 1 0.1 5.7467 3.82918 0.572545 -0.0575227 -0.0353645 -0.030421 -0.260716 0.307505 0.0657406 1 0 0 0 0 0 0 0
195 1 0.1 5.75043 4.05781 0.42604 -0.0526041 -0.00357131 -0.0163105 0.0398772 -0.11686 -0.0101506 1 0 0 0 0 0 0 0
196 1 0.1 5.84348 4.15349 0.277221 -0.0281852 -0.00796337 0.00477477 -0.0853557 -0.062712 -0.10727 1 0 0 0 0 0 0 0
197 1 0.1 5.94664 4.0253 0.390347 -0.00216173 0.0326868 0.0398792 -0.226037 -0.0659737 0.62251 1 0 0 0 0 0 0 0
198 1 0.1 5.90936 4.66105 0.26031 0.00591994 0.00783586 0.00124327 -0.0153891 -0.0551257 -0.0909347 1 0 0 0 0 0 0 0
199 1 0.1 6.14359 5.12657 0.350078 0.0326085 0.0512954 -0.00052085 0.305703 -0.190844 0.588989 1 0 0 0 0 0 0 0
200 1 0.1 6.04574 1.24078 0.321938 -2.35328e-05 0.00400311 0.00238681 -0.0631557 -0.0468834 -0.00997175 1 0 0 0 0 0 0 0
201 1 0.1 5.72126 1.30272 0.372625 -0.0012717 0.000819636 -0.000869397 -0.000964897 0.0142437 0.0272228 1 0 0 0 0 0 0 0
202 1 0.1 6.08942 1.97465 0.601413 -0.024348 0.0381961 -0.0148708 -0.442476 0.241871 -0.0501363 1 0 0 0 0 0 0 0
203 1 0.1 5.96366 2.33001 0.636224 -0.0223271 0.0108517 0.0265095 -0.426102 -0.0132411 -0.0948564 1 0 0 0 0 0 0 0
204 1 0.1 5.93767 2.55178 0.315079 0.0153932 0.0720306 0.0231212 0.138414 0.578978 -0.298262 1 0 0 0 0 0 0 0
205 1 0.1 5.6823 2.23048 0.298112 0.0297118 0.0319587 0.0125972 -0.397675 0.107196 0.0199331 1 0 0 0 0 0 0 0
206 1 0.1 5.48637 2.26001 0.321731 0.0255131 0.0302315 -0.00733692 -0.1144 -0.228584 0.0550007 1 0 0 0 0 0 0 0
207 1 0.1 5.57622 2.40444 0.42549 0.0183737 0.0585472 -0.0412916 -0.598648 -0.306946 -0.327941 1 0 0 0 0 0 0 0
208 1 0.1 5.17721 2.43569 0.137401 -0.0678257 -0.00600889 -0.000113295 0.0501148 -0.631596 0.0355557 1 0 0 0 0 0 0 0
209 1 0.1 5.63344 2.5631 0.319291 0.0511538 0.051552 -0.0265192 0.356187 -0.0900002 0.125021 1 0 0 0 0 0 0 0
210 1 0.1 5.72889 2.94105 0.486794 -0.0684118 0.0153581 -0.0284622 -0.765742 0.705865 -0.145295 1 0 0 0 0 0 0 0
211 1 0.1 5.33312 2.9779 0.13747 -0.016657 0.0173474 -0.00260118 -0.19433 -0.172526 0.243579 1 0 0 0 0 0 0 0
212 1 0.1 5.0058 3.00886 0.469777 -0.0446093 -0.0148192 -0.0114996 -0.0206521 0.0731098 0.23537 1 0 0 0 0 0 0 0
213 1 0.1 5.22255 2.98612 0.329325 -0.0353228 -0.0128554 0.0102762 0.138944 -0.0228012 0.0990317 1 0 0 0 0 0 0 0
214 1 0.1 5.4396 3.37377 0.136932 -0.0648453 0.0117105 -0.00439709 -0.241598 -0.504123 0.243269 1 0 0 0 0 0 0 0
215 1 0.1 5.78765 3.37741 0.432866 -0.120334 0.0408248 0.01047 0.00692821 0.293292 -0.0969211 1 0 0 0 0 0 0 0
216 1 0.1 5.79312 3.53298 0.307589 -0.123069 0.02963 0.00503186 -0.10522 -0.288571 0.156504 1 0 0 0 0 0 0 0
217 1 0.1 5.60904 3.61009 0.311908 -0.126244 0.000151097 0.0101724 0.404457 0.239134 0.115452 1 0 0 0 0 0 0 0
218 1 0.1 5.94424 3.76013 0.287448 -0.100978 0.00673218 0.041607 -0.784664 0.270078 0.733224 1 0 0 0 0 0 0 0
219 1 0.1 6.05579 3.68198 0.137871 -0.120485 -0.0353276 0.00160932 -0.000709824 -0.0744869 -1.02222 1 0 0 0 0 0 0 0
220 1 0.1 5.99316 3.58093 0.762562 -0.0557519 -0.0856578 0.00725859 -0.840843 0.384641 -0.979724 1 0 0 0 0 0 0 0
221 1 0.1 6.0576 3.56137 0.574401 -0.156256 -0.19147 -0.00605541 0.3194 0.507639 -0.75029 1 0 0 0 0 0 0 0
222 1 0.1 6.0532 3.46913 0.285266 -0.0487393 0.0817418 -0.0631415 0.106925 0.72245 0.311657 1 0 0 0 0 0 0 0
223 1 0.1 6.0464 4.7842 0.337022 0.00666788 0.0119928 -0.00341202 0.000923915 0.054571 -0.0605273 1 0 0 0 0 0 0 0
224 1 0.1 6.165 4.88642 0.461391 0.0170694 0.00592049 -0.00841783 0.153752 0.168363 0.0952898 1 0 0 0 0 0 0 0
225 1 0.1 6.004 1.58176 0.309006 0.0123735 0.0110312 -0.00602667 -0.240771 0.130734 0.165926 1 0 0 0 0 0 0 0
226 1 0.1 5.79772 2.20275 0.137426 0.011715 -0.00269819 0.00197896 0.0195709 0.117299 -0.0989621 1 0 0 0 0 0 0 0
227 1 0.1 6.04438 1.91104 0.294099 -0.0370608 0.0612145 -0.0111796 -0.178881 0.0677296 0.697323 1 0 0 0 0 0 0 0
228 1 0.1 6.02924 2.54943 0.137422 -0.0188006 0.0388789 0.00183155 -0.39858 -0.177106 0.0843176 1 0 0 0 0 0 0 0
229 1 0.1 5.53095 2.92331 0.147262 -0.0656255 0.0227235 0.00942052 0.361505 -0.532394 0.666379 1 0 0 0 0 0 0 0
230 1 0.1 5.93386 3.07936 0.281082 -0.137402 0.0388771 0.0404543 -0.144682 -0.533304 -1.32919 1 0 0 0 0 0 0 0
231 1 0.1 5.90376 2.42391 0.470211 -0.0748685 0.0458882 0.0688663 0.266122 -0.903305 1.15892 1 0 0 0 0 0 0 0
232 1 0.1 5.77781 2.42582 0.315051 0.0259573 0.0192904 -0.0101292 -0.0901038 -0.38631 -0.532847 1 0 0 0 0 0 0 0
233 1 0.1 5.93762 2.62061 0.571506 0.0205104 0.0871979 0.0141949 0.295247 -0.113427 0.0534992 1 0 0 0 0 0 0 0
234 1 0.1 5.83986 2.72899 0.301246 0.0136163 0.0539016 0.0162111 -0.239869 -0.0612297 -0.0813064 1 0 0 0 0 0 0 0
235 1 0.1 5.99823 2.73979 0.422783 0.00884118 0.095843 0.0165834 0.169838 0.0390715 0.57009 1 0 0 0 0 0 0 0
236 1 0.1 5.58438 3.07286 0.527832 -0.0530119 0.0336792 -0.0191864 -0.123364 0.204379 0.124721 1 0 0 0 0 0 0 0
237 1 0.1 5.60026 3.0938 0.320994 -0.06374 0.0443313 -0.0175286 0.0811424 0.0730374 0.193117 1 0 0 0 0 0 0 0
238 1 0.1 5.48112 3.25004 0.286508 -0.0948281 0.0225372 0.0030914 0.268217 -0.197334 0.187416 1 0 0 0 0 0 0 0
239 1 0.1 5.77181 3.19385 0.305498 -0.0962102 0.10751 -0.00996731 0.107206 -0.0624953 0.47842 1 0 0 0 0 0 0 0
240 1 0.1 5.89275 2.90588 0.377987 -0.0228622 0.0705117 0.0123486 0.559996 -1.20161 0.970181 1 0 0 0 0 0 0 0
241 1 0.1 5.50944 3.35145 0.561925 -0.0734855 -0.00511452 0.0710553 0.447973 0.339228 -0.398234 1 0 0 0 0 0 0 0
242 1 0.1 5.93284 3.31177 0.31204 -0.0904161 0.112806 0.0107254 -0.0410703 -0.13462 -0.463164 1 0 0 0 0 0 0 0
243 1 0.1 5.94671 3.30532 0.530095 -0.101077 0.0717004 -0.00250624 -0.401797 0.293039 -0.351237 1 0 0 0 0 0 0 0
244 1 0.1 5.79699 3.71491 0.41544 -0.109821 -0.0446182 0.0276518 0.266449 0.254495 0.258468 1 0 0 0 0 0 0 0
245 1 0.1 5.87735 3.21681 0.137443 -0.0823895 0.0722582 -0.0005212 -0.704025 -0.191047 -0.13725 1 0 0 0 0 0 0 0
246 1 0.1 5.9592 3.59886 0.404578 -0.0914382 -0.0168594 0.00506859 1.28812 -1.08474 -0.0219207 1 0 0 0 0 0 0 0
247 1 0.1 5.79381 4.24759 0.471717 -0.010485 -0.0159133 0.00873978 -0.0329341 -0.198492 -0.0581626 1 0 0 0 0 0 0 0
248 1 0.1 6.10293 4.40602 0.429613 -0.031254 -0.0333873 -0.0209103 0.0918079 0.926494 -0.634884 1 0 0 0 0 0 0 0
249 1 0.1 6.07708 4.57623 0.328103 -0.00882652 -0.0122548 0.00831277 0.127516 -0.106262 -0.117853 1 0 0 0 0 0 0 0
250 1 0.1 5.99281 1.02839 0.549755 -0.000790512 -0.000907005 0.00777013 0.192905 0.050324 0.0370111 1 0 0 0 0 0 0 0
251 1 0.1 5.85703 1.17146 0.518342 0.00157616 -0.00283294 -0.000126748 0.107836 -0.118383 -0.26651 1 0 0 0 0 0 0 0
252 1 0.1 5.64058 1.38475 0.537258 -0.0216923 0.0315663 -0.0140462 -0.237176 -0.00761543 0.34529 1 0 0 0 0 0 0 0
253 1 0.1 5.48712 1.53642 0.549706 -0.0305624 0.0322315 0.00598588 -0.0213056 -0.0940091 0.433 1 0 0 0 0 0 0 0
254 1 0.1 5.34975 1.67997 0.571774 -0.0264852 0.0391785 -0.0027432 -0.00743698 -0.0103356 -0.511604 1 0 0 0 0 0 0 0
255 1 0.1 5.30149 1.92471 0.417262 0.0373582 0.033919 -0.00470625 -0.54926 -0.418441 0.312933 1 0 0 0 0 0 0 0
256 1 0.1 5.04205 1.98472 0.565338 -0.0247947 0.00771451 -0.0531013 -0.464619 0.264783 0.238846 1 0 0 0 0 0 0 0
257 1 0.1 4.7607 2.26533 0.579342 -0.0152676 0.0137747 0.0215363 0.0110543 -0.0594844 -1.03063 1 0 0 0 0 0 0 0
258 1 0.1 4.763 2.65348 0.585385 0.0964661 0.0157269 -0.0639723 0.52366 2.36865 -0.467769 1 0 0 0 0 0 0 0
259 1 0.1 4.97862 2.8159 0.430689 0.00159984 -0.0264385 -0.00780025 -0.0338121 0.141777 0.300276 1 0 0 0 0 0 0 0
260 1 0.1 4.53533 2.71455 0.567881 0.0567144 -0.0635845 -0.0191738 0.562897 -0.0918065 0.64297 1 0 0 0 0 0 0 0
261 1 0.1 4.46818 2.84832 0.436002 0.0325534 -0.0304128 0.0130804 0.130392 -0.13859 -0.0656175 1 0 0 0 0 0 0 0
262 1 0.1 4.40129 2.88291 0.618473 -0.00889418 0.00988867 -0.0158215 -0.518273 -0.34638 -0.118541 1 0 0 0 0 0 0 0
263 1 0.1 4.19944 2.96419 0.299008 -2.89161e-05 0.0012852 -0.000540419 0.000445308 0.00401809 0.000600874 1 0 0 0 0 0 0 0
264 1 0.1 4.19338 3.16985 0.653202 -0.00206578 0.00122041 -0.00875722 0.00831867 0.0954651 0.0115738 1 0 0 0 0 0 0 0
265 1 0.1 4.46256 3.44296 0.548085 -0.00535131 -0.0020563 0.00205788 0.000133433 -0.0348763 -0.0565254 1 0 0 0 0 0 0 0
266 1 0.1 4.3801 3.36554 0.350775 -0.00583077 -0.00111206 -0.00417952 -0.158491 0.0533321 -0.0216499 1 0 0 0 0 0 0 0
267 1 0.1 4.70576 3.57943 0.618614 -0.0450234 -0.0164187 -0.00391358 0.0110982 -0.0245372 -0.835182 1 0 0 0 0 0 0 0
268 1 0.1 5.02782 3.78669 0.477498 -0.0348453 -0.0453684 -0.0263054 0.0163427 0.516415 -0.0860445 1 0 0 0 0 0 0 0
269 1 0.1 5.01425 3.96608 0.581797 -0.0126211 -0.0192138 -0.00319064 -0.0592409 0.0366504 0.168026 1 0 0 0 0 0 0 0
270 1 0.1 5.16072 4.14011 0.575501 -0.00523343 -0.00333094 0.00524675 -0.25892 -0.273475 0.129524 1 0 0 0 0 0 0 0
271 1 0.1 5.29665 4.27038 0.512608 -0.00425816 -0.00978588 0.00482835 0.0310327 -0.0360867 -0.172475 1 0 0 0 0 0 0 0
272 1 0.1 5.46343 4.44093 0.548178 -0.0314387 -0.0204058 0.0152562 0.00406494 -0.107318 -0.127577 1 0 0 0 0 0 0 0
273 1 0.1 5.60749 4.58495 0.547306 -0.00486148 -0.00341066 0.00156469 -0.060812 -0.0525205 -0.206691 1 0 0 0 0 0 0 0
274 1 0.1 5.75365 4.71578 0.511693 0.0134888 -0.0216493 0.00661507 -0.169217 -0.267894 0.00525765 1 0 0 0 0 0 0 0
275 1 0.1 6.13628 0.889958 0.563022 0.000804131 0.000683212 -0.000192617 0.0184445 0.00460386 -0.0053768 1 0 0 0 0 0 0 0
276 1 0.1 5.69495 1.56692 0.598918 -0.0215039 0.0325417 -0.0181947 0.167997 -0.0749393 -0.369491 1 0 0 0 0 0 0 0
277 1 0.1 5.61691 1.63295 0.426095 -0.0202208 0.0383499 0.0153188 -0.37285 -0.476991 -0.207342 1 0 0 0 0 0 0 0
278 1 0.1 5.66558 1.79254 0.315834 0.0191503 0.0227199 0.00047655 0.0375028 0.0632613 -0.313307 1 0 0 0 0 0 0 0
279 1 0.1 5.59927 1.76232 0.593305 0.0170651 0.0410441 0.00473867 0.0915207 -0.139425 0.254387 1 0 0 0 0 0 0 0
280 1 0.1 5.42644 2.00904 0.548057 -0.0222356 0.085875 0.0222286 0.172008 -0.530043 -0.349543 1 0 0 0 0 0 0 0
281 1 0.1 5.22461 2.06288 0.535101 -0.0160416 0.0472313 -0.0542501 0.173179 -0.0709533 0.0217853 1 0 0 0 0 0 0 0
282 1 0.1 4.99975 2.02577 0.759593 -0.000609246 0.000330059 -0.000473871 -0.00394363 0.0135219 0.00748233 1 0 0 0 0 0 0 0
283 1 0.1 4.95164 2.31861 0.558345 -0.0235015 0.0508406 0.0224283 0.291774 -0.0419195 -0.0831855 1 0 0 0 0 0 0 0
284 1 0.1 5.2758 2.65357 0.343408 0.0338766 -0.0190569 0.00303319 0.0164861 0.0923587 0.110854 1 0 0 0 0 0 0 0
285 1 0.1 4.50528 2.51764 0.552665 0.0395204 -0.0639417 -0.0428108 -0.283748 0.342173 -0.787966 1 0 0 0 0 0 0 0
286 1 0.1 4.573 2.69299 0.762707 0.0265626 -0.0539848 -0.00494749 -0.553785 -0.302825 -0.0323572 1 0 0 0 0 0 0 0
287 1 0.1 4.59249 3.08667 0.762558 -0.0080597 -0.00834558 -0.000549088 -0.0589743 0.0306575 -0.0266948 1 0 0 0 0 0 0 0
288 1 0.1 4.51928 3.18623 0.47051 -0.455639 0.439749 -0.0760699 -0.420466 0.68662 6.57332 1 0 0 0 0 0 0 0
289 1 0.1 4.7066 3.1715 0.341792 -0.0202967 0.0215755 0.0428752 0.246363 -0.402568 0.493241 1 0 0 0 0 0 0 0
290 1 0.1 4.93341 3.24453 0.302259 -0.0667482 -0.0186837 0.00886044 0.186771 -0.149743 0.0782906 1 0 0 0 0 0 0 0
291 1 0.1 4.99345 3.45981 0.653673 -0.101551 0.0207123 0.00919573 -0.341901 -0.533296 0.236994 1 0 0 0 0 0 0 0
292 1 0.1 4.97417 3.50569 0.460525 -0.0612693 -0.0283513 -0.00131842 -0.15338 0.132103 0.00128439 1 0 0 0 0 0 0 0
293 1 0.1 4.83966 3.81161 0.336257 -0.02236 0.00626386 0.00582275 -0.185653 0.0549669 -0.0466208 1 0 0 0 0 0 0 0
294 1 0.1 5.19965 3.80975 0.378203 -0.0453642 -0.0420159 -0.0425038 -0.211439 -0.345778 0.262358 1 0 0 0 0 0 0 0
295 1 0.1 5.20609 3.95193 0.530705 -0.0102295 0.00629579 0.0154691 0.169895 -0.050998 -0.128978 1 0 0 0 0 0 0 0
296 1 0.1 5.5153 4.0731 0.464246 -0.0369571 -0.0176208 -0.01385 -0.0231786 -0.194336 0.0830193 1 0 0 0 0 0 0 0
297 1 0.1 5.71074 4.41753 0.581637 -0.0215776 -0.0113394 0.0110396 -0.0367723 -0.154603 0.0738202 1 0 0 0 0 0 0 0
298 1 0.1 5.67753 4.50013 0.380441 -0.0107406 -0.0112951 0.00183285 0.0307551 0.0494273 0.057606 1 0 0 0 0 0 0 0
299 1 0.1 6.02588 5.00008 0.549136 0.00306656 -0.0134288 -0.00535435 -0.118275 -0.156361 0.15997 1 0 0 0 0 0 0 0
300 1 0.1 6.27497 0.746511 0.549983 -6.36752e-05 0.000169402 0.000304782 0.000559829 -0.002612 0.0040249 1 0 0 0 0 0 0 0
301 1 0.1 5.85971 1.5402 0.488941 -0.0146227 -0.012903 0.00049761 0.0338389 -0.229299 -0.302935 1 0 0 0 0 0 0 0
302 1 0.1 5.95593 1.77394 0.435722 -0.0084009 0.022687 -0.011742 0.353959 -0.105031 0.692124 1 0 0 0 0 0 0 0
303 1 0.1 5.95024 1.97591 0.458162 -0.0497336 0.0088155 -0.00072196 0.0182581 0.0455184 0.0372213 1 0 0 0 0 0 0 0
304 1 0.1 5.80471 1.91109 0.582328 -0.0261961 0.0232475 0.0104372 0.0905839 0.312212 -0.305055 1 0 0 0 0 0 0 0
305 1 0.1 5.61923 2.01409 0.599746 -0.0197491 0.0332682 0.0266484 -0.274867 0.481917 -0.22802 1 0 0 0 0 0 0 0
306 1 0.1 5.29921 2.43936 0.588763 -0.0117834 0.0088579 -0.0145367 0.451021 0.189288 0.696802 1 0 0 0 0 0 0 0
307 1 0.1 5.11411 2.41029 0.654535 0.00429979 0.0195306 0.0324455 0.184826 0.140971 -0.515823 1 0 0 0 0 0 0 0
308 1 0.1 5.2171 2.44304 0.33302 -0.0955288 -0.0239713 0.00174659 0.161744 0.387671 0.0717194 1 0 0 0 0 0 0 0
309 1 0.1 4.9204 2.50455 0.623996 0.019244 0.0472975 0.0577747 0.0566527 0.142666 -0.354317 1 0 0 0 0 0 0 0
310 1 0.1 5.53659 2.91161 0.37015 -0.0186165 0.0263587 -0.00980281 -0.175177 0.164887 0.063199 1 0 0 0 0 0 0 0
311 1 0.1 4.61362 2.88829 0.749739 -0.100194 -0.0224991 -0.0199009 0.143637 -0.178122 0.0580187 1 0 0 0 0 0 0 0
312 1 0.1 4.56456 2.99275 0.584698 0.0104034 -0.0170895 -0.00677367 -0.144216 -0.209975 -0.0299136 1 0 0 0 0 0 0 0
313 1 0.1 5.09445 3.13637 0.337533 -0.0555005 -0.0187545 0.0198472 0.13674 -0.124847 0.110105 1 0 0 0 0 0 0 0
314 1 0.1 5.26334 3.16494 0.137446 -0.0579422 0.00503056 0.00227312 0.346773 -0.000195303 0.187706 1 0 0 0 0 0 0 0
315 1 0.1 5.18343 3.26156 0.464396 -0.0868471 0.000273018 0.0267379 -0.14882 0.00315594 0.282138 1 0 0 0 0 0 0 0
316 1 0.1 5.61095 3.41008 0.299168 -0.0975095 0.0157652 -0.00752639 -0.0801411 0.215878 0.220862 1 0 0 0 0 0 0 0
317 1 0.1 5.15884 3.60109 0.425026 -0.0644726 -0.00022314 0.00521502 -0.0686796 -0.322511 0.514999 1 0 0 0 0 0 0 0
318 1 0.1 5.43059 3.69376 0.3824 -0.101331 0.00158714 -0.00703634 -0.0411099 -0.240358 -0.28741 1 0 0 0 0 0 0 0
319 1 0.1 5.38019 3.87688 0.588618 -0.0277068 -0.019422 0.00652065 -0.0947372 0.121769 -0.161441 1 0 0 0 0 0 0 0
320 1 0.1 5.35355 4.08806 0.581524 -0.015176 -0.0280789 -0.0109219 -0.368622 0.258574 -0.179712 1 0 0 0 0 0 0 0
321 1 0.1 5.86879 3.98717 0.570526 -0.0923609 -0.00984494 0.00255736 0.445484 -0.566528 0.414857 1 0 0 0 0 0 0 0
322 1 0.1 5.67269 4.2004 0.625182 -0.0101627 -0.0259024 0.0243826 -0.0275647 -0.277665 0.0330071 1 0 0 0 0 0 0 0
323 1 0.1 5.915 4.61425 0.453222 0.0247621 0.00169992 -0.00380769 0.259625 0.350609 0.245685 1 0 0 0 0 0 0 0
324 1 0.1 6.1644 5.14402 0.549786 -0.00660159 -0.00443555 -0.00119406 0.0274143 -0.0199036 -0.0848582 1 0 0 0 0 0 0 0
325 1 0.1 6.13989 1.11641 0.446953 -0.00456497 0.0110822 0.0133767 -0.0435734 -0.0386556 0.0227879 1 0 0 0 0 0 0 0
326 1 0.1 5.90829 1.37194 0.38421 -0.00250911 0.00637419 -0.00813278 -0.0765068 0.0407634 0.0516028 1 0 0 0 0 0 0 0
327 1 0.1 6.01793 2.10725 0.323505 0.0010154 -0.00997952 0.00356325 -0.0224069 -0.243023 -0.607547 1 0 0 0 0 0 0 0
328 1 0.1 5.68505 2.27852 0.680143 -0.204071 0.060907 0.12923 -0.0106944 -3.409 0.358021 1 0 0 0 0 0 0 0
329 1 0.1 5.9656 2.13572 0.588961 -0.0728285 0.00549586 0.0550675 0.150973 -0.869948 -0.647137 1 0 0 0 0 0 0 0
330 1 0.1 5.51464 2.28836 0.576127 -0.057456 0.0457206 -0.0959789 0.110165 0.704739 -0.134873 1 0 0 0 0 0 0 0
331 1 0.1 5.77814 2.10926 0.524873 -0.0565708 0.062509 -0.0108839 0.736961 0.287775 0.362911 1 0 0 0 0 0 0 0
332 1 0.1 5.88775 2.59003 0.762587 0.00549119 0.0294741 0.000791322 0.290499 -0.0620486 0.0153311 1 0 0 0 0 0 0 0
333 1 0.1 5.7886 2.59536 0.440813 0.0118925 0.0647787 0.0262092 0.0808123 -0.620564 0.211529 1 0 0 0 0 0 0 0
334 1 0.1 5.48916 2.47699 0.637241 -0.0117593 0.0343012 -0.0334029 0.473736 0.0952546 -0.0450177 1 0 0 0 0 0 0 0
335 1 0.1 5.07802 2.48119 0.471333 -0.0493906 -0.0112158 0.0402064 -0.0950293 0.180952 -0.324487 1 0 0 0 0 0 0 0
336 1 0.1 5.37134 2.79029 0.688445 0.0187065 0.0320056 -0.0141358 -0.0113195 0.0110344 0.106625 1 0 0 0 0 0 0 0
337 1 0.1 5.16068 2.9717 0.588964 -0.0459243 0.00583802 0.00194605 -0.0484355 -0.185055 0.00713655 1 0 0 0 0 0 0 0
338 1 0.1 5.40324 3.06736 0.311953 -0.0540268 0.0110744 0.0059155 0.0804064 0.183968 0.168746 1 0 0 0 0 0 0 0
339 1 0.1 5.43292 3.18935 0.469471 -0.0791391 0.0120512 -0.000799726 -0.213225 0.294335 0.0574906 1 0 0 0 0 0 0 0
340 1 0.1 5.62687 3.25923 0.429101 -0.11072 0.0298723 0.0146014 0.299003 -0.00166087 0.26157 1 0 0 0 0 0 0 0
341 1 0.1 5.34364 3.51934 0.559564 -0.0870547 0.00663504 -0.00790794 -0.393792 -0.102822 0.10766 1 0 0 0 0 0 0 0
342 1 0.1 5.5275 3.54487 0.485362 -0.09391 0.0110506 -0.0182829 -0.0399703 0.16736 0.135694 1 0 0 0 0 0 0 0
343 1 0.1 5.60579 3.73128 0.470458 -0.107289 -0.0469372 0.0382244 0.0607201 -0.18492 -0.319841 1 0 0 0 0 0 0 0
344 1 0.1 5.68587 3.60486 0.603055 -0.125407 -0.0667713 0.0284947 -0.404175 0.82385 -0.436583 1 0 0 0 0 0 0 0
345 1 0.1 5.8151 3.27723 0.762455 -0.0249787 0.00278125 0.00209592 0.00322762 0.110755 -0.0319557 1 0 0 0 0 0 0 0
346 1 0.1 5.90569 3.69865 0.585025 -0.0333401 0.0218644 -0.00879111 0.0654519 0.102572 0.0510083 1 0 0 0 0 0 0 0
347 1 0.1 5.97649 3.84305 0.466518 -0.00429964 0.025308 0.0172055 0.424749 0.196123 -0.704229 1 0 0 0 0 0 0 0
348 1 0.1 5.88309 4.86059 0.556792 -0.00556652 -0.00509541 0.0044512 -0.0965104 0.05387 -0.0550879 1 0 0 0 0 0 0 0
349 1 0.1 6.046 4.74233 0.532489 0.0180447 0.00653835 -0.00473676 0.0717961 0.0290065 0.0691205 1 0 0 0 0 0 0 0
350 1 0.1 6.10113 1.42467 0.385673 -0.00486584 0.0156981 0.0244152 0.0716437 -0.382118 0.044087 1 0 0 0 0 0 0 0
351 1 0.1 6.08875 1.59587 0.489455 -0.0256095 0.0342212 0.00880749 0.0865827 -0.548507 0.00490045 1 0 0 0 0 0 0 0
352 1 0.1 6.10137 1.77715 0.572863 -0.0452701 0.0297298 0.0264229 0.0404874 -0.406543 -0.208853 1 0 0 0 0 0 0 0
353 1 0.1 5.85939 1.97695 0.762684 0.00527933 0.00392934 0.00225211 0.0248322 -0.0340516 0.0153319 1 0 0 0 0 0 0 0
354 1 0.1 5.94356 2.77659 0.137365 0.0111921 0.0166128 0.00104419 -0.181056 0.117219 0.0318192 1 0 0 0 0 0 0 0
355 1 0.1 5.85342 2.96578 0.137488 -0.0598023 0.0371303 3.57568e-05 -0.373029 -0.607628 -0.227447 1 0 0 0 0 0 0 0
356 1 0.1 5.70318 2.67559 0.762891 -0.0421157 0.0123714 -0.000159234 0.125948 0.453215 -0.00082471 1 0 0 0 0 0 0 0
357 1 0.1 5.69741 2.71926 0.568517 -0.0449268 0.0423416 0.00846571 0.201975 -0.46707 0.01869 1 0 0 0 0 0 0 0
358 1 0.1 5.20829 2.88792 0.762883 -0.0220956 0.0145039 0.00104804 0.0932077 0.19383 0.507839 1 0 0 0 0 0 0 0
359 1 0.1 5.65633 2.75266 0.376385 0.00674403 0.0483278 0.00161132 -0.0763024 -0.074083 0.269535 1 0 0 0 0 0 0 0
360 1 0.1 5.88141 3.00242 0.621076 -0.0542416 0.0489617 -0.0567441 0.310421 0.543559 0.417002 1 0 0 0 0 0 0 0
361 1 0.1 5.72043 2.9043 0.687296 0.014056 -0.00973977 -0.00357003 -0.0121543 0.354676 0.231777 1 0 0 0 0 0 0 0
362 1 0.1 5.55805 2.87927 0.569979 -0.0547334 0.0380442 0.0156258 -0.00555586 -0.454279 0.274031 1 0 0 0 0 0 0 0
363 1 0.1 5.36366 2.95169 0.570782 -0.0776208 -6.02105e-05 -0.055952 -0.130862 1.53313 -0.199684 1 0 0 0 0 0 0 0
364 1 0.1 5.57527 3.02437 0.762518 -0.0456285 0.0223619 -0.000971484 -0.077563 -0.179488 -0.32064 1 0 0 0 0 0 0 0
365 1 0.1 5.46349 3.15679 0.663041 -0.0348969 0.0334571 -0.00442804 0.00781862 0.151688 0.0841382 1 0 0 0 0 0 0 0
366 1 0.1 5.72587 3.20454 0.593871 -0.0891856 -0.0473439 -0.0258794 -0.00406683 0.621348 -1.32841 1 0 0 0 0 0 0 0
367 1 0.1 5.62136 3.22808 0.762585 -0.030823 0.0225082 -0.000409707 0.0968794 -0.130948 -0.16438 1 0 0 0 0 0 0 0
368 1 0.1 5.68891 3.4068 0.630233 -0.0602745 -0.0583738 0.0834967 0.193492 -0.274336 0.0430395 1 0 0 0 0 0 0 0
369 1 0.1 5.86006 3.50488 0.568422 -0.0544227 0.0271255 -0.00913947 0.039213 0.360798 -0.227189 1 0 0 0 0 0 0 0
370 1 0.1 5.98511 3.37239 0.714471 -0.0185613 -0.00918762 0.00556394 0.238793 -0.245704 -0.143683 1 0 0 0 0 0 0 0
371 1 0.1 6.03527 3.12271 0.577525 -0.106163 0.160334 -0.0275142 0.343155 0.637462 1.2912 1 0 0 0 0 0 0 0
372 1 0.1 5.97801 4.24392 0.394109 -0.0187797 -0.006927 -0.00559925 -0.0471606 0.0944703 -0.00900068 1 0 0 0 0 0 0 0
373 1 0.1 5.89425 4.41786 0.502749 -0.0278706 0.00658467 -0.00396975 0.0665755 0.319402 0.105527 1 0 0 0 0 0 0 0
374 1 0.1 6.03705 4.52951 0.587142 0.00573948 -0.0370403 -0.00509408 0.570956 0.185375 -0.334379 1 0 0 0 0 0 0 0
375 1 0.1 5.93404 1.08295 0.753508 0.00509136 -0.000887447 0.0150251 0.114364 -0.114069 -0.0453982 1 0 0 0 0 0 0 0
376 1 0.1 5.8335 1.35946 0.583013 -0.0364455 -0.00849161 0.0194616 -0.121736 -0.295076 -0.846105 1 0 0 0 0 0 0 0
377 1 0.1 5.58188 1.43401 0.747249 0.00115662 -0.00159983 -0.000191989 -0.00425674 0.00076658 0.00420824 1 0 0 0 0 0 0 0
378 1 0.1 5.44008 1.5748 0.749506 0.00186035 -0.00129211 -0.00671397 -0.0927416 0.00383621 -0.010629 1 0 0 0 0 0 0 0
379 1 0.1 5.31249 1.72791 0.762544 0.00851574 0.00202817 2.67034e-05 0.0564568 0.147705 -0.0655011 1 0 0 0 0 0 0 0
380 1 0.1 5.16096 1.85659 0.762999 0.00351923 -0.00467334 0.00145646 0.640675 -0.240135 0.32635 1 0 0 0 0 0 0 0
381 1 0.1 5.23561 1.84364 0.582644 0.0193737 0.072406 0.00438959 0.0605037 0.0812877 -0.0630391 1 0 0 0 0 0 0 0
382 1 0.1 4.854 2.17191 0.759814 -0.00407666 1.28278e-05 -0.00823401 -0.0323282 0.0810779 0.00950326 1 0 0 0 0 0 0 0
383 1 0.1 4.66358 2.35554 0.762248 -0.00129868 0.0146738 -0.00486397 -0.00798128 0.0483769 0.181004 1 0 0 0 0 0 0 0
384 1 0.1 4.73291 2.45667 0.600669 0.054916 0.0228907 -0.00735017 -0.379603 0.160907 0.217873 1 0 0 0 0 0 0 0
385 1 0.1 4.31401 2.70839 0.588689 -0.00567061 0.00537568 0.0058788 0.112605 -0.000780245 0.0532704 1 0 0 0 0 0 0 0
386 1 0.1 4.21981 2.80282 0.74993 -4.21429e-05 4.41011e-05 -1.06212e-05 -0.00345062 -0.00270741 0.000229111 1 0 0 0 0 0 0 0
387 1 0.1 4.19832 3.04438 0.486648 0.0133023 0.00585644 -0.0075984 0.1192 0.104727 0.0396469 1 0 0 0 0 0 0 0
388 1 0.1 4.18953 3.00018 0.760359 -6.79126e-05 6.24337e-05 -0.000423749 -0.000934718 0.00467538 0.00166328 1 0 0 0 0 0 0 0
389 1 0.1 4.6697 3.3167 0.486353 -0.362852 0.399649 -0.0208281 -0.059306 -0.374349 -6.29011 1 0 0 0 0 0 0 0
390 1 0.1 4.49714 3.47311 0.751875 -0.00408795 -0.00258891 -0.0088615 0.0561985 0.0778214 -0.0348474 1 0 0 0 0 0 0 0
391 1 0.1 4.65454 3.67684 0.841491 0.0411887 0.0387835 0.0383817 13.7957 19.7979 -8.08948 1 0 0 0 0 0 0 0
392 1 0.1 4.86386 3.83586 0.580121 -0.00859049 -0.0213573 0.0145913 -0.0919203 -0.0142276 -0.163976 1 0 0 0 0 0 0 0
393 1 0.1 4.92857 3.90439 0.756324 -0.000222384 -0.00440968 0.0037423 -0.0482416 0.00396812 -0.0268804 1 0 0 0 0 0 0 0
394 1 0.1 5.07057 4.04514 0.758937 -0.00267282 -0.00187528 -0.00295301 0.00421942 0.022231 -0.012683 1 0 0 0 0 0 0 0
395 1 0.1 5.2134 4.18714 0.762532 -0.0120477 -0.019237 0.0030532 -0.154756 0.0166556 -0.0738885 1 0 0 0 0 0 0 0
396 1 0.1 5.48515 4.24358 0.571831 -0.00201296 -0.0203323 -0.00339293 -0.052969 -0.0236974 -0.101376 1 0 0 0 0 0 0 0
397 1 0.1 5.39801 4.37398 0.746175 -0.0453557 -0.032837 0.0167623 -0.00230476 -0.265972 -0.552759 1 0 0 0 0 0 0 0
398 1 0.1 5.67727 4.64883 0.722211 -0.0037851 -0.00236643 -3.7027e-05 -0.0518201 -0.000344338 -0.026522 1 0 0 0 0 0 0 0
399 1 0.1 5.81443 4.79043 0.753902 -0.00558559 -0.00167509 0.0013635 -0.0214444 -0.0358752 0.0343286 1 0 0 0 0 0 0 0
400 1 0.1 6.14066 0.882962 0.762597 0.000437467 -0.000380666 5.33412e-05 -0.00275639 -0.00227464 -0.0022396 1 0 0 0 0 0 0 0
401 1 0.1 5.72274 1.29217 0.750005 0.000549978 -0.000928122 8.78464e-05 0.000862069 -0.00125181 -0.00589985 1 0 0 0 0 0 0 0
402 1 0.1 5.65546 1.67389 0.762932 0.00256305 0.0164466 -0.00127719 0.176001 -0.0348088 -0.292106 1 0 0 0 0 0 0 0
403 1 0.1 5.77514 1.72547 0.505879 0.00476387 0.00762558 0.000715703 -0.325191 0.24857 -0.525592 1 0 0 0 0 0 0 0
404 1 0.1 5.49898 1.79745 0.762689 0.00234537 0.01227 0.00207647 0.107174 -0.0914006 0.244963 1 0 0 0 0 0 0 0
405 1 0.1 5.32695 1.962 0.715138 0.028202 0.0111093 0.0448502 0.180725 -0.396613 -0.000944615 1 0 0 0 0 0 0 0
406 1 0.1 5.18674 2.0962 0.762623 0.000874016 -0.00365339 0.00100288 0.0195455 -0.0214886 -0.0490341 1 0 0 0 0 0 0 0
407 1 0.1 5.33105 2.21579 0.60702 -0.0305816 0.0425455 -0.0291652 0.105577 0.0787145 0.17168 1 0 0 0 0 0 0 0
408 1 0.1 4.86242 2.37544 0.763292 0.00436379 0.0261092 0.00996806 0.332287 -0.0906705 -0.0773254 1 0 0 0 0 0 0 0
409 1 0.1 4.7664 2.55396 0.765283 0.0238516 0.0326337 -0.00121175 0.332289 -0.243602 0.0812215 1 0 0 0 0 0 0 0
410 1 0.1 4.38085 2.63825 0.762784 0.00186007 0.00339343 0.00171413 0.0290797 -0.0236755 0.00589146 1 0 0 0 0 0 0 0
411 1 0.1 4.40583 3.01546 0.763936 -0.0118469 0.00252798 -0.00299733 0.575865 0.168887 -0.0373573 1 0 0 0 0 0 0 0
412 1 0.1 4.56117 3.28398 0.758715 -0.00615775 -0.00571334 -0.0116273 -0.0631832 0.0318108 0.00313128 1 0 0 0 0 0 0 0
413 1 0.1 4.7527 3.25776 0.706999 -0.0503356 -0.0174377 0.0061588 -0.253271 -0.049673 0.259049 1 0 0 0 0 0 0 0
414 1 0.1 4.86395 3.15371 0.49086 -0.232813 0.10235 -0.132591 -0.882552 -1.31 3.00244 1 0 0 0 0 0 0 0
415 1 0.1 4.69991 3.52992 0.42646 -0.0386385 -0.022474 0.0215456 -0.130914 -0.33688 -0.254779 1 0 0 0 0 0 0 0
416 1 0.1 4.98938 3.62616 0.763084 -0.0823854 0.0260701 0.00276436 0.230332 0.750885 -0.328706 1 0 0 0 0 0 0 0
417 1 0.1 4.82118 3.73312 0.746237 -0.144964 -0.0332353 -0.0169115 0.0641122 -1.75195 0.603531 1 0 0 0 0 0 0 0
418 1 0.1 4.89372 3.63875 0.585403 -0.0418788 -0.0286883 0.00923447 0.24011 0.19099 -0.0557808 1 0 0 0 0 0 0 0
419 1 0.1 5.10043 3.80335 0.761913 0.0623118 0.0979978 0.0136418 -0.0733985 -0.048187 1.22115 1 0 0 0 0 0 0 0
420 1 0.1 5.49134 4.19807 0.763807 -0.00219847 -0.00994764 -0.000369833 -0.0709083 0.0351162 0.00359696 1 0 0 0 0 0 0 0
421 1 0.1 5.59757 4.36557 0.738205 -0.0426372 0.018828 0.0173171 0.208552 0.253269 1.06731 1 0 0 0 0 0 0 0
422 1 0.1 5.76847 4.47696 0.763566 -0.0021656 0.0012703 0.0010194 -0.165741 0.182245 -0.0858508 1 0 0 0 0 0 0 0
423 1 0.1 5.8615 4.60607 0.644514 0.0101122 -0.0232453 -0.011806 -0.240953 -0.446468 0.0884905 1 0 0 0 0 0 0 0
424 1 0.1 6.09573 5.07426 0.748461 -0.00487635 -0.0031876 0.00217314 -0.000851578 -0.0207017 0.064461 1 0 0 0 0 0 0 0
425 1 0.1 6.27979 0.739943 0.750029 0.000175059 -0.000333716 -6.71789e-05 0.00263845 0.00342199 -0.00196574 1 0 0 0 0 0 0 0
426 1 0.1 5.91369 1.39468 0.762798 0.00162622 -0.00274188 0.000720197 -0.0272392 -0.0287358 0.186556 1 0 0 0 0 0 0 0
427 1 0.1 5.82865 1.57519 0.753961 -0.0132111 -0.0104436 -0.000858476 0.0466407 -0.0870847 -0.0187695 1 0 0 0 0 0 0 0
428 1 0.1 6.02659 1.86728 0.762016 -0.00875445 -0.0167635 -0.00808521 0.151857 0.00360142 0.000150774 1 0 0 0 0 0 0 0
429 1 0.1 5.84802 1.77736 0.76268 -0.0205153 0.00556417 0.000502723 0.0720443 0.216816 -0.32877 1 0 0 0 0 0 0 0
430 1 0.1 5.67876 1.87927 0.734284 -0.00816931 0.0338926 0.0234187 0.164806 -0.0742851 -0.0219854 1 0 0 0 0 0 0 0
431 1 0.1 5.42319 2.13069 0.762577 -0.0290139 0.0524286 -0.00634808 -0.024043 -0.0349768 0.072418 1 0 0 0 0 0 0 0
432 1 0.1 5.02934 2.2665 0.762931 -0.00937214 0.00499449 -0.00176861 0.337053 0.026635 0.0401855 1 0 0 0 0 0 0 0
433 1 0.1 5.39081 2.51329 0.427242 0.000259083 -0.0778792 -0.0473155 -0.0393937 0.819761 -1.14053 1 0 0 0 0 0 0 0
434 1 0.1 5.05794 2.5764 0.743395 0.0537688 0.0273984 0.0138265 -0.212234 -0.486389 -0.0514382 1 0 0 0 0 0 0 0
435 1 0.1 4.76295 2.75531 0.762279 -0.0280141 0.114921 -0.00240224 -0.292567 -0.000653047 1.80649 1 0 0 0 0 0 0 0
436 1 0.1 4.52175 2.49645 0.758873 -0.00412134 0.00172263 -0.00138932 0.00333707 0.021428 -0.00266518 1 0 0 0 0 0 0 0
437 1 0.1 4.74043 3.07494 0.628682 -0.00402216 -0.0118364 0.00687269 0.0805217 -0.0330862 0.0899927 1 0 0 0 0 0 0 0
438 1 0.1 4.91295 3.15189 0.762537 -0.0274859 0.00836816 -0.000208884 0.144791 0.188751 0.118673 1 0 0 0 0 0 0 0
439 1 0.1 4.71126 3.44476 0.763671 -0.0593682 -0.0134178 -0.00524226 -0.100234 0.622139 -0.00123634 1 0 0 0 0 0 0 0
440 1 0.1 5.0463 3.30082 0.762555 -0.0586824 0.0329132 -0.00128357 0.449585 0.518403 0.295275 1 0 0 0 0 0 0 0
441 1 0.1 5.11124 3.66191 0.60914 -0.0725534 -0.0297215 0.00897076 -0.436185 -0.772128 -0.267485 1 0 0 0 0 0 0 0
442 1 0.1 5.29284 3.70912 0.526211 -0.0795775 0.00787608 0.0122692 0.482178 0.483266 -0.241568 1 0 0 0 0 0 0 0
443 1 0.1 5.45228 3.81436 0.763139 -0.0174885 -0.010582 0.0031354 -0.11985 0.130417 -0.120848 1 0 0 0 0 0 0 0
444 1 0.1 5.481 4.00534 0.71146 -0.0168831 -0.0109654 -0.00198775 0.0533896 -0.210014 0.108144 1 0 0 0 0 0 0 0
445 1 0.1 5.65234 4.00441 0.591488 -0.041521 -0.0196242 -0.0119769 0.121037 0.152363 0.0384763 1 0 0 0 0 0 0 0
446 1 0.1 5.81618 4.28486 0.735667 -0.0278376 -0.0103976 0.0357734 -0.250563 -0.047465 -0.0433347 1 0 0 0 0 0 0 0
447 1 0.1 5.96024 4.42073 0.762513 -0.00975665 -0.0233543 -1.10561e-05 -0.319005 0.0029501 -0.22676 1 0 0 0 0 0 0 0
448 1 0.1 5.99262 4.7002 0.762524 -0.0103346 -0.00939939 0.000117215 -0.0912502 0.108307 -0.140457 1 0 0 0 0 0 0 0
449 1 0.1 6.23682 5.21591 0.750026 -0.00490535 -0.00353132 0.000405298 -0.021501 0.0225291 -0.0637151 1 0 0 0 0 0 0 0
450 1 0.1 6.12067 1.10247 0.684496 0.00187659 -0.00219535 0.0048267 -0.0901601 0.223706 0.0214552 1 0 0 0 0 0 0 0
451 1 0.1 5.98593 1.24635 0.650788 -0.0016299 -0.00553469 0.00365609 -0.222311 0.212861 0.0649315 1 0 0 0 0 0 0 0
452 1 0.1 6.02771 1.55897 0.762503 -0.0121233 0.00691176 7.46476e-05 0.035171 0.0684687 0.199767 1 0 0 0 0 0 0 0
453 1 0.1 5.93644 1.6731 0.616938 -0.0352111 0.00311065 -0.0055035 -0.19263 0.0733311 0.467206 1 0 0 0 0 0 0 0
454 1 0.1 5.69906 2.09692 0.762713 0.0162827 0.0248773 0.00477397 0.232696 -0.138017 -0.00463284 1 0 0 0 0 0 0 0
455 1 0.1 5.42675 2.33152 0.761653 -0.0505634 0.185474 -0.0189478 0.0123831 0.139156 1.79724 1 0 0 0 0 0 0 0
456 1 0.1 5.23101 2.29087 0.762747 -0.00938499 -0.00480014 0.00227766 -0.0147014 0.0784368 0.152494 1 0 0 0 0 0 0 0
457 1 0.1 5.73871 2.29929 0.477104 0.00232081 0.0805379 0.0031006 -0.478005 -0.78443 -0.864376 1 0 0 0 0 0 0 0
458 1 0.1 5.33427 2.52901 0.762957 0.00103425 -0.00764919 2.63084e-05 0.0163334 -0.0829453 -0.52262 1 0 0 0 0 0 0 0
459 1 0.1 5.50588 2.63168 0.76253 -0.00996796 0.0105806 -0.000488668 -0.0715479 -0.0482106 0.0781621 1 0 0 0 0 0 0 0
460 1 0.1 5.19673 2.6138 0.562008 -0.222181 0.0300264 0.201876 -1.34443 -4.50096 -0.0313296 1 0 0 0 0 0 0 0
461 1 0.1 4.9907 2.76137 0.763979 0.0192322 0.0192205 0.00170777 0.196756 -0.13641 0.429032 1 0 0 0 0 0 0 0
462 1 0.1 4.83963 2.96593 0.762808 -0.00298141 -0.00416297 0.00138362 -0.0327356 0.0126558 -0.00273533 1 0 0 0 0 0 0 0
463 1 0.1 5.27847 3.13207 0.582631 -0.0536925 0.00903072 0.0240383 0.196628 0.0681917 0.0733225 1 0 0 0 0 0 0 0
464 1 0.1 5.07278 3.15278 0.589526 -0.051331 -0.0368927 0.0154122 0.53621 0.221865 0.0578101 1 0 0 0 0 0 0 0
465 1 0.1 5.16021 3.44201 0.545873 -0.0898506 0.00879532 0.0243621 0.037533 0.337147 -0.142843 1 0 0 0 0 0 0 0
466 1 0.1 5.25956 3.68299 0.762437 0.0666822 0.100417 0.00587823 0.0426129 0.169818 -1.1746 1 0 0 0 0 0 0 0
467 1 0.1 5.45956 3.66706 0.628246 -0.0731276 -0.00245311 -0.00391026 0.252791 -0.00331438 -0.295591 1 0 0 0 0 0 0 0
468 1 0.1 5.63906 3.75681 0.724263 -0.0240838 -0.0155703 0.00200881 -0.127333 -0.0155543 0.124388 1 0 0 0 0 0 0 0
469 1 0.1 5.72449 3.93326 0.762906 -0.0144479 -0.0170664 -0.00875254 -0.184152 0.140065 -0.0138737 1 0 0 0 0 0 0 0
470 1 0.1 5.90126 3.85187 0.717287 -0.0212348 -0.00365787 -0.0578289 -0.127357 0.555715 0.246036 1 0 0 0 0 0 0 0
471 1 0.1 5.84946 4.08804 0.744558 -0.0222173 -0.00937292 0.0119224 0.510705 -0.0661695 0.105212 1 0 0 0 0 0 0 0
472 1 0.1 6.01499 4.21681 0.762713 -0.0377134 0.00648526 0.00412371 0.0275811 0.351492 0.131642 1 0 0 0 0 0 0 0
473 1 0.1 5.95412 4.93321 0.75022 -0.00405505 -0.0037019 0.00157983 -0.0190739 -0.00534254 -0.0567269 1 0 0 0 0 0 0 0
474 1 0.1 6.12365 4.87006 0.6651 0.00246532 0.000568787 0.00979188 0.0955842 -0.12146 0.0734417 1 0 0 0 0 0 0 0
475 1 0.1 6.10992 1.35654 0.762501 0.000875948 -0.00386014 -8.01303e-06 0.0923748 -0.108611 -0.0556251 1 0 0 0 0 0 0 0
476 1 0.1 6.01352 1.44536 0.597295 -0.0476304 0.020919 -0.0228065 0.368959 0.624224 -0.343184 1 0 0 0 0 0 0 0
477 1 0.1 6.05175 2.08631 0.762642 -0.00623819 0.0375455 -0.00349816 0.440418 0.102504 0.22684 1 0 0 0 0 0 0 0
478 1 0.1 5.86772 2.2041 0.759334 0.0082522 0.039963 0.0129494 -0.0906265 0.13583 0.174393 1 0 0 0 0 0 0 0
479 1 0.1 5.82525 2.39941 0.762558 -0.0291027 0.0314268 0.00195981 -0.0395936 -0.0539027 0.210615 1 0 0 0 0 0 0 0
480 1 0.1 5.9592 3.13499 0.762044 -0.0267641 0.00852094 0.0193527 0.572286 -0.186551 0.058398 1 0 0 0 0 0 0 0
481 1 0.1 5.86686 2.79033 0.762446 -0.00847095 -0.0131229 -0.00642555 -0.0683302 -0.347088 -0.397727 1 0 0 0 0 0 0 0
482 1 0.1 5.64454 2.48467 0.762696 -0.0398118 0.00578618 -0.00236097 0.0418439 0.00522341 0.0618771 1 0 0 0 0 0 0 0
483 1 0.1 5.69633 2.47086 0.570449 -0.0231566 0.0812038 -0.00901565 0.569926 -0.150419 0.654276 1 0 0 0 0 0 0 0
484 1 0.1 5.55302 2.82586 0.762596 0.0187501 0.00615022 0.00447729 0.0490777 -0.19695 -0.383851 1 0 0 0 0 0 0 0
485 1 0.1 5.3422 3.0353 0.763037 -0.0306842 0.0304891 0.0010503 0.32339 0.292037 -0.336107 1 0 0 0 0 0 0 0
486 1 0.1 5.2169 2.69005 0.763523 0.0356052 0.0194476 0.0029824 -0.101571 0.155567 0.124426 1 0 0 0 0 0 0 0
487 1 0.1 5.12202 3.06911 0.763053 -0.0137556 -0.0442121 0.000302726 -0.427173 0.148273 0.0549327 1 0 0 0 0 0 0 0
488 1 0.1 5.25799 3.22215 0.762796 -0.103515 -0.00823351 0.00066734 0.31705 0.360832 0.0758494 1 0 0 0 0 0 0 0
489 1 0.1 5.31566 3.32685 0.603131 -0.0857591 0.0160764 0.0258282 -0.0669838 -0.725001 0.0870562 1 0 0 0 0 0 0 0
490 1 0.1 5.44177 3.32819 0.762666 -0.0440922 0.032351 -1.89687e-05 -0.00764046 0.186314 0.207831 1 0 0 0 0 0 0 0
491 1 0.1 5.15486 3.50528 0.762517 -0.106573 0.0615114 -0.000172872 0.443528 0.681793 0.333999 1 0 0 0 0 0 0 0
492 1 0.1 5.35854 3.50967 0.762515 -0.0485453 0.0324192 -7.96099e-05 -0.122647 0.0909424 -0.165433 1 0 0 0 0 0 0 0
493 1 0.1 5.766 3.08373 0.762576 -0.0274183 -0.000611823 0.000228886 0.0543865 0.143778 0.0237514 1 0 0 0 0 0 0 0
494 1 0.1 5.55412 3.55096 0.762061 -0.0379033 -0.016044 -0.0175228 -0.107477 0.038916 -0.33094 1 0 0 0 0 0 0 0
495 1 0.1 5.81737 3.67617 0.76276 -0.0106307 0.00546522 -0.0012091 0.0449857 0.114458 0.109231 1 0 0 0 0 0 0 0
496 1 0.1 5.82156 3.4767 0.762557 -0.0098971 0.0050854 -0.00102674 -0.0362702 0.0638779 -0.108871 1 0 0 0 0 0 0 0
497 1 0.1 6.03245 4.09652 0.60409 -0.104999 -0.00729905 0.0226291 -0.288695 0.39269 -0.3208 1 0 0 0 0 0 0 0
498 1 0.1 6.13351 4.52034 0.762093 -0.014365 -0.0144168 0.00715269 -0.274631 -0.428646 0.327029 1 0 0 0 0 0 0 0
499 1 0.1 6.19459 4.71073 0.762578 -0.0151633 -0.0139055 -0.000174736 0.103862 0.133633 -0.318891 1 0 0 0 0 0 0 0
