500
0 1 0.1 5.91206 1.11199 0.148381 0.000672222 0.00011403 0.000624338 0.0163469 0.00638921 -0.0202286 1 0 0 0 0 0 0 0
1 1 0.1 5.77244 1.25438 0.137258 0.0008575 -0.0015359 0.000236588 -0.0631813 -0.0679963 0.136755 1 0 0 0 0 0 0 0
2 1 0.1 5.57811 1.43919 0.149333 -0.00294394 0.000303983 0.00913176 0.00397604 -0.109025 0.00451277 1 0 0 0 0 0 0 0
3 1 0.1 5.29467 1.72406 0.146133 -0.0198461 0.00410708 0.0449056 0.150608 -0.434369 0.124512 1 0 0 0 0 0 0 0
4 1 0.1 5.41054 1.82698 0.416453 -0.0017894 0.00869197 0.00227156 0.156817 -0.0253393 -0.0345038 1 0 0 0 0 0 0 0
5 1 0.1 5.1473 1.87487 0.143614 0.00346638 -0.00806229 0.00604106 0.0514086 -0.015696 -0.0727438 1 0 0 0 0 0 0 0
6 1 0.1 4.95455 2.0646 0.153742 -0.0999326 0.0562399 -0.0309419 -0.0657337 0.240968 0.510335 1 0 0 0 0 0 0 0
7 1 0.1 4.79875 2.22594 0.172458 -0.00254823 0.00383623 -0.00144067 -0.0308545 0.00166592 0.0570915 1 0 0 0 0 0 0 0
8 1 0.1 4.78803 2.68822 0.137429 -0.0268897 0.023719 0.00156649 0.146876 -0.0356887 -0.234334 1 0 0 0 0 0 0 0
9 1 0.1 4.68728 2.71096 0.313083 -0.204341 -0.0670573 0.049535 -0.426582 0.585772 -2.31014 1 0 0 0 0 0 0 0
10 1 0.1 4.19311 2.83638 0.150032 0.00049774 0.000383438 0.000276055 -0.00137507 -0.00429895 0.0125668 1 0 0 0 0 0 0 0
11 1 0.1 4.19323 2.83772 0.450016 -1.06036e-05 -0.00016707 -0.000170787 0.00219218 0.00222336 -0.00203413 1 0 0 0 0 0 0 0
12 1 0.1 4.18977 3.09971 0.138551 -0.00400167 0.00811812 0.0110028 0.0350577 -0.10917 0.0784307 1 0 0 0 0 0 0 0
13 1 0.1 4.29952 3.20869 0.363811 -0.0446093 0.0233674 -0.0165349 0.413587 0.105025 0.261085 1 0 0 0 0 0 0 0
14 1 0.1 4.2931 3.27046 0.15039 -0.0583511 0.0407506 0.030219 0.105435 -0.0320079 0.551373 1 0 0 0 0 0 0 0
15 1 0.1 4.4567 3.43859 0.136357 0.00981159 0.0118592 0.000161233 0.0984181 0.583229 0.272161 1 0 0 0 0 0 0 0
16 1 0.1 4.52362 3.25038 0.137419 0.00358893 0.00897758 -0.000813067 0.00103533 0.0217724 -0.146448 1 0 0 0 0 0 0 0
17 1 0.1 4.71489 3.69147 0.253306 0.00378469 0.00848037 0.00233756 -0.0369978 0.0426207 -0.0154341 1 0 0 0 0 0 0 0
18 1 0.1 4.5972 3.57827 0.138861 0.0101816 0.00602162 0.00280289 0.0382822 -0.23672 0.169229 1 0 0 0 0 0 0 0
19 1 0.1 5.01276 3.99308 0.140969 -0.0080007 -0.00716832 0.00651416 -0.0116218 -0.0889979 -0.0844893 1 0 0 0 0 0 0 0
20 1 0.1 5.1549 4.13371 0.138632 -0.00835334 -0.00770759 0.0164712 -0.0513898 -0.165544 -0.103534 1 0 0 0 0 0 0 0
21 1 0.1 5.34906 4.08377 0.137134 -0.0198339 -0.018711 -0.00141809 0.201208 -0.195243 0.0410423 1 0 0 0 0 0 0 0
22 1 0.1 5.48756 4.45611 0.183039 0.000748449 -0.00115435 0.000984605 -0.00705042 -0.0172515 -0.014461 1 0 0 0 0 0 0 0
23 1 0.1 5.62306 4.59927 0.150009 -0.00123253 -0.000732933 0.000520139 -0.0206407 0.00842836 -0.027793 1 0 0 0 0 0 0 0
24 1 0.1 5.91583 4.89305 0.150111 -0.000450657 -0.000398413 0.000695575 -0.00760276 0.0287157 -0.00636809 1 0 0 0 0 0 0 0
25 1 0.1 6.05325 0.970616 0.151326 -0.000515567 -0.000200473 -0.000578604 -0.00404944 0.00644224 0.0137834 1 0 0 0 0 0 0 0
26 1 0.1 5.77965 1.45571 0.137455 -0.127678 -0.0549673 -0.000174067 -0.000168961 0.00152091 -0.011048 1 0 0 0 0 0 0 0
27 1 0.1 5.62081 1.65647 0.137836 -0.000735323 0.00272289 0.00192718 0.00194975 -0.012847 -0.0221906 1 0 0 0 0 0 0 0
28 1 0.1 5.43653 1.5804 0.150035 -0.00118647 0.00211115 0.000315838 -0.000363425 -0.00192449 0.0251006 1 0 0 0 0 0 0 0
29 1 0.1 5.58511 1.93098 0.137566 -0.0340821 -0.0229311 0.0133831 -0.325103 0.396 -0.0232914 1 0 0 0 0 0 0 0
30 1 0.1 5.32971 1.95631 0.137511 0.000115696 0.00392866 -0.000340473 0.359814 0.284433 0.18611 1 0 0 0 0 0 0 0
31 1 0.1 5.16717 2.07313 0.138558 -0.00588727 -0.00941986 0.00484509 -0.051234 0.0895577 0.140265 1 0 0 0 0 0 0 0
32 1 0.1 4.99673 2.2633 0.302226 0.0944857 -0.0340542 0.0164391 -0.0505072 1.2049 0.116997 1 0 0 0 0 0 0 0
33 1 0.1 4.53855 2.60741 0.132621 0.0306421 0.0187704 -0.000107493 -0.285501 0.239574 -0.146003 1 0 0 0 0 0 0 0
34 1 0.1 4.92394 2.84141 0.137033 -0.0113457 0.0311104 0.00258826 -0.308088 -0.125211 -0.0398505 1 0 0 0 0 0 0 0
35 1 0.1 4.33218 2.69325 0.137708 0.000301876 -0.00070905 0.000747526 0.00668149 -0.00826094 -0.00768846 1 0 0 0 0 0 0 0
36 1 0.1 5.30042 2.85177 0.320672 -0.171389 -0.0617158 0.0234732 0.781996 -0.545451 1.93885 1 0 0 0 0 0 0 0
37 1 0.1 4.38642 2.88568 0.137407 0.00160741 0.000215019 -0.00121986 -0.0219613 0.0137817 0.000736909 1 0 0 0 0 0 0 0
38 1 0.1 4.53437 3.05094 0.137321 -0.00814691 0.0104574 -0.00381847 -0.0728629 -0.0704035 0.0396587 1 0 0 0 0 0 0 0
39 1 0.1 4.38689 3.10446 0.50663 0.00493026 0.043494 -0.041784 -0.371133 0.258621 0.321912 1 0 0 0 0 0 0 0
40 1 0.1 5.08579 3.26253 0.136829 0.00354991 -0.00807597 -0.0010178 0.0844983 0.00543707 -0.145974 1 0 0 0 0 0 0 0
41 1 0.1 4.79496 3.54977 0.137318 0.0140588 0.0162447 0.000549571 -0.15618 0.203103 -0.135539 1 0 0 0 0 0 0 0
42 1 0.1 4.83063 3.80549 0.137123 0.00542767 0.00550435 -0.00292083 0.0501606 0.168304 0.069521 1 0 0 0 0 0 0 0
43 1 0.1 5.06203 3.88256 0.299329 -0.0171187 -0.0344039 -0.011941 0.220091 -0.00689429 -0.186669 1 0 0 0 0 0 0 0
44 1 0.1 5.57054 3.85352 0.136727 -0.00189668 -0.010324 -0.00150986 0.0710227 0.0995169 0.193279 1 0 0 0 0 0 0 0
45 1 0.1 5.56508 4.05358 0.137426 0.000970376 -0.010462 -0.000415726 0.102745 0.00639921 0.000899408 1 0 0 0 0 0 0 0
46 1 0.1 5.52221 4.26508 0.136713 0.00111975 -0.000504422 -0.000516617 0.0277158 0.00635111 -0.00246229 1 0 0 0 0 0 0 0
47 1 0.1 5.67282 4.39666 0.137493 0.00148157 -0.00160329 0.00065529 0.0108741 0.0227874 0.00597024 1 0 0 0 0 0 0 0
48 1 0.1 5.77707 4.74985 0.137026 0.00250036 -0.00340613 0.000210806 0.0574366 -0.0477681 -0.0363839 1 0 0 0 0 0 0 0
49 1 0.1 6.05717 5.03435 0.149822 -0.000348739 -0.000477312 0.000200091 0.0105574 -0.010837 -0.00259436 1 0 0 0 0 0 0 0
50 1 0.1 6.19443 0.829042 0.149973 -0.000207186 0.000170949 6.68534e-07 -0.00388368 -0.00358066 0.00261043 1 0 0 0 0 0 0 0
51 1 0.1 5.95731 1.32942 0.137611 -0.00104566 0.00267671 0.00219165 0.0420194 0.0413094 -0.0667357 1 0 0 0 0 0 0 0
52 1 0.1 5.91954 1.91838 0.137072 0.000986345 0.00351135 -0.000207201 -0.0502302 -0.00211636 -0.00972422 1 0 0 0 0 0 0 0
53 1 0.1 5.7516 1.80753 0.137189 0.000375802 0.0028587 7.75281e-05 -0.0383281 0.00989014 0.013298 1 0 0 0 0 0 0 0
54 1 0.1 5.73455 2.06371 0.137402 -0.014273 -0.0290356 -0.00207124 0.180416 -0.0895009 -0.0484474 1 0 0 0 0 0 0 0
55 1 0.1 5.34788 2.15793 0.13756 -0.0143431 -0.00509931 -0.00521001 0.035383 0.00883867 -0.077939 1 0 0 0 0 0 0 0
56 1 0.1 5.09255 2.25811 0.134225 -0.0121467 -0.0153423 -0.0159353 0.153291 -0.161576 0.0881638 1 0 0 0 0 0 0 0
57 1 0.1 5.27605 2.31782 0.408104 -0.0129392 0.0186237 0.0206393 -0.104456 0.560675 0.0912261 1 0 0 0 0 0 0 0
58 1 0.1 5.11247 2.42604 0.317215 0.00555336 -0.0168624 0.00879484 -0.0129137 0.183543 -0.00717636 1 0 0 0 0 0 0 0
59 1 0.1 4.65249 2.44664 0.135152 0.0103842 0.00483222 -0.000669881 -0.0728873 0.0621153 -0.119891 1 0 0 0 0 0 0 0
60 1 0.1 5.40948 2.6853 0.301837 -0.0249452 0.0386109 -0.0206307 0.143073 -0.260313 0.159331 1 0 0 0 0 0 0 0
61 1 0.1 4.63419 2.81561 0.136177 -0.0128712 0.0377776 0.0041801 -0.389091 -0.0864299 -0.0170277 1 0 0 0 0 0 0 0
62 1 0.1 4.69735 2.97984 0.228155 -0.00607612 0.0359352 -0.00501245 0.12596 -0.223889 -0.22248 1 0 0 0 0 0 0 0
63 1 0.1 4.72776 3.20188 0.137462 -0.0192649 0.00321538 -0.000658356 -0.0264303 0.00663792 -0.0229374 1 0 0 0 0 0 0 0
64 1 0.1 4.92164 3.15181 0.13622 -0.00252134 0.000223638 -0.00438485 -8.50267e-05 -0.000495686 0.0582043 1 0 0 0 0 0 0 0
65 1 0.1 4.91633 3.53983 0.295309 0.0368009 0.0230781 -0.0170445 0.265113 0.0743837 0.409536 1 0 0 0 0 0 0 0
66 1 0.1 5.33836 3.54327 0.136783 0.000408407 -0.00668985 -0.00350775 0.0454309 -0.0143763 0.185996 1 0 0 0 0 0 0 0
67 1 0.1 5.42285 3.72299 0.15026 -0.00189012 -0.00807597 0.0188632 0.0859403 0.00928927 -0.146667 1 0 0 0 0 0 0 0
68 1 0.1 5.00942 3.73079 0.179256 -0.00609019 -0.0216256 0.00541047 -0.10407 -0.19781 -0.371917 1 0 0 0 0 0 0 0
69 1 0.1 5.56341 3.88765 0.439008 -0.026772 -0.0149308 -0.000307337 0.103353 -0.20237 -0.220256 1 0 0 0 0 0 0 0
70 1 0.1 5.48995 4.04592 0.322437 -0.0164653 -0.0149547 -0.00863335 0.0588045 -0.18642 -0.282925 1 0 0 0 0 0 0 0
71 1 0.1 5.74202 4.14891 0.137274 -0.00930328 0.00704788 0.001523 -0.0707207 -0.106885 0.0478113 1 0 0 0 0 0 0 0
72 1 0.1 5.85491 4.31411 0.137399 0.00316183 -0.0015028 -0.00184708 0.0144928 0.0066008 0.00294279 1 0 0 0 0 0 0 0
73 1 0.1 6.0352 4.7332 0.13746 0.00121463 0.00104016 -6.94642e-05 -0.0110205 0.0178794 0.0027872 1 0 0 0 0 0 0 0
74 1 0.1 6.28247 5.26398 0.149989 -5.879e-05 -0.00011517 0.000125102 -0.000296552 -0.00167943 -0.00158431 1 0 0 0 0 0 0 0
75 1 0.1 6.15649 1.11241 0.313521 0.000254622 -0.00339243 -0.00264993 -0.00624672 0.0262388 -0.0121819 1 0 0 0 0 0 0 0
76 1 0.1 6.09722 1.18654 0.137491 -0.000226879 0.00384425 0.000169409 -0.035849 -0.00409827 0.0587946 1 0 0 0 0 0 0 0
77 1 0.1 5.94146 1.7197 0.137432 -0.00171343 0.00151911 2.57588e-05 0.00580388 0.00124966 0.0182502 1 0 0 0 0 0 0 0
78 1 0.1 5.89561 2.18184 0.143527 0.0779617 -0.133098 0.0626609 0.00148722 -0.562505 -1.32202 1 0 0 0 0 0 0 0
79 1 0.1 5.81089 2.29226 0.412998 -0.0119922 0.00522948 -0.0159514 0.202576 0.0232231 -0.0510175 1 0 0 0 0 0 0 0
80 1 0.1 5.54504 2.12679 0.143264 -0.0177295 -0.0186523 -0.00640005 0.0422156 -0.0110426 -0.0507291 1 0 0 0 0 0 0 0
81 1 0.1 5.47723 2.31482 0.137392 0.000323303 -0.0072107 -0.00206411 0.0353026 -0.0298415 0.0260721 1 0 0 0 0 0 0 0
82 1 0.1 5.71841 2.80168 0.13718 -0.105124 0.0107531 0.000309171 -0.115247 -1.0603 0.292682 1 0 0 0 0 0 0 0
83 1 0.1 5.27985 2.34567 0.136709 0.00295135 0.00155936 -0.00101788 -0.0407587 0.0417213 -0.106304 1 0 0 0 0 0 0 0
84 1 0.1 4.89299 2.40055 0.184445 -0.0114099 0.00923369 -0.0117952 -0.197064 -0.192436 0.0370598 1 0 0 0 0 0 0 0
85 1 0.1 5.03023 2.67204 0.137334 -0.187983 -0.0807772 0.00132261 0.376759 0.36449 -0.931889 1 0 0 0 0 0 0 0
86 1 0.1 5.68427 2.93177 0.284903 -0.256941 0.0300195 -0.0580978 -0.0993362 -1.41685 -0.739193 1 0 0 0 0 0 0 0
87 1 0.1 5.12218 2.86362 0.137308 -0.011541 0.0203376 -0.000431105 -0.186621 -0.175083 -0.0567078 1 0 0 0 0 0 0 0
88 1 0.1 5.16622 3.29633 0.315976 -0.0595211 -0.0189273 0.026493 0.0685603 -0.705212 0.246675 1 0 0 0 0 0 0 0
89 1 0.1 4.67057 3.39348 0.13635 0.0213998 0.0151174 -0.00505358 -0.216102 0.238506 -0.136947 1 0 0 0 0 0 0 0
90 1 0.1 5.16774 3.44248 0.157478 0.00340358 -0.00893264 0.0130127 0.114324 0.0779044 0.187812 1 0 0 0 0 0 0 0
91 1 0.1 5.53732 3.5598 0.137346 0.00231892 -0.00157614 -0.00147362 -0.0143516 0.0131008 0.0152297 1 0 0 0 0 0 0 0
92 1 0.1 5.69416 3.69654 0.13699 -0.0054739 -0.00877664 -0.000401085 0.164736 0.0170132 -0.0534568 1 0 0 0 0 0 0 0
93 1 0.1 5.83667 3.90011 0.377626 -0.03815 -0.0134701 0.0383469 -0.285248 -0.218512 0.300392 1 0 0 0 0 0 0 0
94 1 0.1 5.73226 3.95682 0.191138 -0.00622331 0.00453643 0.000946728 0.0103284 -0.0529877 0.064147 1 0 0 0 0 0 0 0
95 1 0.1 5.92098 3.99439 0.13743 -0.00559033 0.0209275 0.000183423 -0.0445434 0.0582466 0.124146 1 0 0 0 0 0 0 0
96 1 0.1 6.02883 4.16272 0.137508 -0.2409 0.177099 0.00213818 -0.2019 -0.459459 2.70157 1 0 0 0 0 0 0 0
97 1 0.1 6.0319 4.32605 0.25285 -0.238614 0.155935 0.0372319 0.625929 1.0059 -2.33958 1 0 0 0 0 0 0 0
98 1 0.1 6.14941 4.873 0.223493 0.000631499 0.00044742 0.0014338 -0.0205006 0.00129817 0.0164594 1 0 0 0 0 0 0 0
99 1 0.1 6.25417 5.06633 0.139084 -0.000410461 -0.000134371 -4.56104e-05 0.00506007 0.0158602 0.00252515 1 0 0 0 0 0 0 0
100 1 0.1 6.39096 0.632356 0.350035 -0.000222218 0.000278775 -0.00016033 0.00129131 0.00259515 0.000658435 1 0 0 0 0 0 0 0
101 1 0.1 6.14501 1.39829 0.137499 -9.84665e-05 0.00119244 8.39018e-07 0.0135934 -0.000312787 0.0487795 1 0 0 0 0 0 0 0
102 1 0.1 5.99126 1.52615 0.137355 0.0011637 0.00217637 -0.000158088 -0.0492031 0.0266509 0.0444839 1 0 0 0 0 0 0 0
103 1 0.1 5.94747 2.37408 0.292191 0.00125766 0.0106272 0.000712021 0.0299921 -0.136312 -0.0856535 1 0 0 0 0 0 0 0
104 1 0.1 5.85961 2.81182 0.559382 -0.0598064 0.012734 -0.0498959 -0.233722 0.36994 0.164838 1 0 0 0 0 0 0 0
105 1 0.1 5.83379 2.4289 0.137219 0.000636973 0.00534082 -0.000223163 -0.0329755 -0.00940621 0.00256498 1 0 0 0 0 0 0 0
106 1 0.1 5.67602 2.55245 0.137402 0.0298018 0.0431535 0.001537 -0.435952 0.304965 -0.0733412 1 0 0 0 0 0 0 0
107 1 0.1 5.87806 3.14212 0.464829 -0.0454487 0.0284973 0.00473556 -0.17545 -0.0780416 0.541643 1 0 0 0 0 0 0 0
108 1 0.1 5.51927 2.69853 0.136827 -0.000921069 0.0249385 -0.00138235 -0.242874 -0.0295406 -0.222296 1 0 0 0 0 0 0 0
109 1 0.1 5.42514 2.50838 0.136499 0.00256985 0.00527602 -0.00024796 -0.0528055 0.0322731 -0.00589436 1 0 0 0 0 0 0 0
110 1 0.1 5.23663 2.5858 0.136149 -0.00135552 -0.00140341 0.000497595 0.0250657 -0.0110277 0.0640441 1 0 0 0 0 0 0 0
111 1 0.1 5.30111 2.77485 0.137105 -0.0203044 0.00576309 -0.0011565 -0.0576087 -0.202588 0.139695 1 0 0 0 0 0 0 0
112 1 0.1 5.45032 3.09203 0.137491 -0.0188137 0.0203185 -0.00037248 0.0195488 0.0210134 0.203852 1 0 0 0 0 0 0 0
113 1 0.1 5.11047 3.06387 0.137163 -0.00558865 -0.000479191 0.00321323 0.0262538 0.0850948 0.0443416 1 0 0 0 0 0 0 0
114 1 0.1 5.6167 3.26807 0.147047 -0.00600653 -0.0103466 0.0208903 0.0744705 -0.205522 0.354126 1 0 0 0 0 0 0 0
115 1 0.1 5.7058 3.45289 0.137274 0.0016159 0.000545261 -0.00224174 -0.0126429 -0.0085385 0.00389285 1 0 0 0 0 0 0 0
116 1 0.1 5.64908 3.07107 0.137666 -0.0235331 -0.0135371 0.00281674 0.15369 -0.071398 -0.549463 1 0 0 0 0 0 0 0
117 1 0.1 5.8965 3.39373 0.137483 -0.00353854 -0.0242303 0.000818758 -0.269481 0.0557259 -0.231151 1 0 0 0 0 0 0 0
118 1 0.1 5.86335 3.80291 0.13756 -0.0288442 0.0251657 -0.00752841 0.147933 0.271415 0.448352 1 0 0 0 0 0 0 0
119 1 0.1 6.05435 3.84996 0.173497 -0.0266293 0.00113688 -0.000618086 0.262785 -0.289956 -0.378452 1 0 0 0 0 0 0 0
120 1 0.1 5.86391 3.59114 0.137408 -0.00449933 -0.00702387 -0.000424644 0.0416625 -0.0463977 0.0226403 1 0 0 0 0 0 0 0
121 1 0.1 6.05671 3.21074 0.179802 -0.0361127 -0.0491209 0.0338609 0.102187 -0.0877915 0.0135661 1 0 0 0 0 0 0 0
122 1 0.1 6.03202 4.28329 0.611131 -0.00555202 -0.0115438 0.00970865 0.0247914 -0.0631208 -0.0826753 1 0 0 0 0 0 0 0
123 1 0.1 5.95915 4.48791 0.1364 -0.00124573 0.00838061 -0.0025142 -0.110763 -0.129564 0.00784553 1 0 0 0 0 0 0 0
124 1 0.1 6.17225 4.51494 0.137373 0.000838646 -0.00317217 0.00071001 0.0294459 0.0121843 -0.000182412 1 0 0 0 0 0 0 0
125 1 0.1 5.96891 1.05546 0.352742 -0.00113346 0.000671571 0.000471485 0.01206 0.00294447 0.0202294 1 0 0 0 0 0 0 0
126 1 0.1 5.83426 1.1991 0.318933 -0.00369068 0.000596163 0.00272152 0.0175815 -0.00977895 -0.0037323 1 0 0 0 0 0 0 0
127 1 0.1 5.54959 1.47429 0.348073 -0.00203392 0.000994712 -0.00170042 0.0597079 -0.0747075 0.0509883 1 0 0 0 0 0 0 0
128 1 0.1 5.37046 1.64466 0.34718 -0.00187929 0.00568156 -0.0056753 -0.100044 -0.0285549 0.0143993 1 0 0 0 0 0 0 0
129 1 0.1 5.2242 1.80333 0.315675 -0.0287332 0.0346515 0.0292958 0.0121992 -0.0295361 0.00921992 1 0 0 0 0 0 0 0
130 1 0.1 5.08115 1.94086 0.340375 -0.0357146 0.0349777 0.0199206 0.0137111 -0.239382 0.449745 1 0 0 0 0 0 0 0
131 1 0.1 4.96693 2.09157 0.405513 -0.309648 -0.112019 -0.0594945 -0.333678 0.320263 -0.806726 1 0 0 0 0 0 0 0
132 1 0.1 4.89515 2.26726 0.468437 0.00985218 0.00310037 0.0087982 0.0655559 0.211299 -0.46906 1 0 0 0 0 0 0 0
133 1 0.1 4.72949 2.29188 0.379068 -0.0117016 0.0213688 0.0501956 0.193987 0.123951 0.584174 1 0 0 0 0 0 0 0
134 1 0.1 4.6804 2.55127 0.437022 -0.00545901 0.0322262 -0.00229593 -0.164802 0.0034875 -0.55032 1 0 0 0 0 0 0 0
135 1 0.1 4.59688 2.42245 0.320322 -0.0136404 0.0213502 -0.0061838 -0.0643802 -0.410526 0.0905406 1 0 0 0 0 0 0 0
136 1 0.1 4.42263 2.75217 0.431031 -0.100712 0.0937066 -0.0882825 0.224476 2.50678 -0.392648 1 0 0 0 0 0 0 0
137 1 0.1 4.5552 3.01144 0.368166 0.0104478 0.00493456 -0.0574133 0.46891 0.426842 0.0274399 1 0 0 0 0 0 0 0
138 1 0.1 4.38422 3.03675 0.268155 -0.0105916 0.00770134 -0.013099 -0.0943625 -0.0120544 0.166677 1 0 0 0 0 0 0 0
139 1 0.1 4.30954 3.2929 0.544876 -0.00844328 -0.0101407 0.000210969 0.143049 -0.0618844 -0.0830062 1 0 0 0 0 0 0 0
140 1 0.1 4.60769 3.33177 0.324201 0.0277981 0.0278011 -0.052653 -0.266368 -0.809074 0.10773 1 0 0 0 0 0 0 0
141 1 0.1 4.53281 3.51206 0.360108 0.00211215 0.015618 -0.0536513 0.521711 0.190274 0.0671537 1 0 0 0 0 0 0 0
142 1 0.1 4.73254 3.71059 0.466894 -0.0423539 -0.0694965 0.00750936 -0.0787355 -0.0415861 -0.803625 1 0 0 0 0 0 0 0
143 1 0.1 5.08359 4.05543 0.397431 -0.011586 -0.0211044 -0.0313486 -0.0581814 0.0638716 -0.121891 1 0 0 0 0 0 0 0
144 1 0.1 5.27903 4.00505 0.461543 0.023675 -0.0209136 0.00563552 -0.598483 -0.536543 0.113421 1 0 0 0 0 0 0 0
145 1 0.1 5.21661 4.18897 0.330919 0.00183946 0.0256199 0.0555082 0.399949 -1.08524 0.563446 1 0 0 0 0 0 0 0
146 1 0.1 5.43888 4.23898 0.314903 0.00725405 -0.00539387 -0.00158905 0.0384346 0.0390616 0.0400515 1 0 0 0 0 0 0 0
147 1 0.1 5.44545 4.42191 0.394601 0.00361128 0.000980119 0.00067554 -0.0275961 -0.0172671 0.0390819 1 0 0 0 0 0 0 0
148 1 0.1 5.72676 4.70566 0.325172 0.000123615 3.38931e-05 0.00044261 0.0473979 0.0416138 0.0286566 1 0 0 0 0 0 0 0
149 1 0.1 5.86446 4.84808 0.353677 0.000589263 0.00106888 0.000261487 -0.0111522 0.00106794 0.00764716 1 0 0 0 0 0 0 0
150 1 0.1 6.11183 0.916439 0.365736 -0.000467077 0.000723986 4.44673e-05 0.00090275 -0.00492092 -0.00753282 1 0 0 0 0 0 0 0
151 1 0.1 5.825 1.71214 0.299731 -0.00160886 0.00386802 0.000455138 0.0223769 0.00888943 -0.0338585 1 0 0 0 0 0 0 0
152 1 0.1 5.47541 1.78035 0.209596 -0.0350894 -0.00104939 0.0752218 -0.142276 0.0801137 -0.160406 1 0 0 0 0 0 0 0
153 1 0.1 6.02705 2.32639 0.504559 -0.0668437 -0.0442175 -0.130683 -0.912625 0.900442 0.636797 1 0 0 0 0 0 0 0
154 1 0.1 5.6466 1.98758 0.387255 -0.00205358 0.00821781 -0.0124482 -0.102163 -0.180095 -0.174151 1 0 0 0 0 0 0 0
155 1 0.1 5.3708 2.15722 0.33621 -0.0446299 0.00767215 -0.00301377 -0.0842604 0.230618 -0.151126 1 0 0 0 0 0 0 0
156 1 0.1 5.20519 2.23857 0.601086 -0.00211117 -0.0113825 0.0129311 0.141303 0.436552 -0.0221416 1 0 0 0 0 0 0 0
157 1 0.1 4.88131 2.14042 0.612428 0.0109262 -0.00631844 -0.001409 0.104921 0.142073 -0.161919 1 0 0 0 0 0 0 0
158 1 0.1 4.80579 2.55145 0.281786 -0.0240941 0.000354831 -0.0171169 0.164216 0.176694 0.137972 1 0 0 0 0 0 0 0
159 1 0.1 5.0195 2.78062 0.554844 -0.0696909 -0.0102543 0.128713 -0.000728764 -1.41743 -0.415969 1 0 0 0 0 0 0 0
160 1 0.1 4.88535 2.70497 0.427533 0.0237111 0.0228717 0.0213975 -0.204311 -0.358969 -0.229367 1 0 0 0 0 0 0 0
161 1 0.1 4.74605 2.99023 0.431612 -0.0517226 -0.00786456 -0.0154292 -0.796365 0.919887 -1.2536 1 0 0 0 0 0 0 0
162 1 0.1 4.6679 2.9026 0.586474 -0.0406956 0.0103433 0.0109205 -0.49254 0.286959 0.502193 1 0 0 0 0 0 0 0
163 1 0.1 4.86597 2.89741 0.606038 -0.0496801 0.0427313 0.045645 -0.165563 0.544933 -0.274934 1 0 0 0 0 0 0 0
164 1 0.1 4.31388 3.2954 0.760078 0.010036 0.00248106 0.00948844 -0.073088 -0.00916104 0.119477 1 0 0 0 0 0 0 0
165 1 0.1 4.80578 3.50241 0.557478 0.0476351 -0.038266 -0.0626936 0.529078 -0.637394 0.602104 1 0 0 0 0 0 0 0
166 1 0.1 4.93744 3.4064 0.442469 0.0260292 -0.031156 -0.0624934 0.481992 -0.650261 0.217675 1 0 0 0 0 0 0 0
167 1 0.1 5.26141 3.74819 0.261762 -0.0194016 -0.0212801 -0.0129604 -0.330156 -0.205819 0.343519 1 0 0 0 0 0 0 0
168 1 0.1 5.2314 3.99751 0.272925 0.0190666 -0.0463116 0.0122134 0.33037 0.594626 -0.00678702 1 0 0 0 0 0 0 0
169 1 0.1 5.38484 3.87825 0.350239 -0.0137497 -0.0240117 -0.0164857 -0.173014 -0.113668 0.357012 1 0 0 0 0 0 0 0
170 1 0.1 5.41462 4.14604 0.488509 0.00721385 -0.00252465 -0.00174826 -0.100066 -0.0662868 0.00874081 1 0 0 0 0 0 0 0
171 1 0.1 5.6291 4.35685 0.437973 0.0112923 0.0209881 -0.000362406 0.0922777 -0.0242435 0.162168 1 0 0 0 0 0 0 0
172 1 0.1 5.73844 4.27225 0.294237 0.00292911 0.0167252 -0.00187931 -0.0158001 0.0408169 -0.326403 1 0 0 0 0 0 0 0
173 1 0.1 5.86685 4.42493 0.307333 -0.230707 0.21975 -0.0436568 -1.64447 -1.42501 2.4471 1 0 0 0 0 0 0 0
174 1 0.1 6.00517 4.98999 0.350071 0.000370973 0.000806791 0.000166653 -0.00309062 0.00219335 -0.0110669 1 0 0 0 0 0 0 0
175 1 0.1 6.25098 0.774904 0.342267 -0.00047087 0.000268784 0.00020883 0.00160919 -0.000877179 0.00450348 1 0 0 0 0 0 0 0
176 1 0.1 5.7375 1.5333 0.316793 -0.00420096 0.00559999 0.00207452 -0.00633136 0.048662 -0.00443676 1 0 0 0 0 0 0 0
177 1 0.1 5.81514 1.91773 0.306817 0.00247541 -0.00119197 0.00118337 0.051744 0.0227133 0.0965124 1 0 0 0 0 0 0 0
178 1 0.1 5.78639 2.11528 0.323393 -1.32834e-05 0.00294835 -0.0184814 -0.17539 0.0357192 0.219734 1 0 0 0 0 0 0 0
179 1 0.1 5.45201 1.9795 0.293989 -0.0128641 0.0181407 0.00972411 0.00881402 -0.379675 0.477552 1 0 0 0 0 0 0 0
180 1 0.1 5.54538 2.14199 0.461239 0.00654389 0.0111353 -0.00103328 0.177659 0.267052 0.0843412 1 0 0 0 0 0 0 0
181 1 0.1 5.14962 2.13721 0.327166 0.00684524 -0.138745 0.0500592 0.0540309 -1.16214 -1.22726 1 0 0 0 0 0 0 0
182 1 0.1 5.08628 2.30811 0.469023 -0.00913308 -0.017255 0.0199658 -0.0744042 -0.368532 0.178547 1 0 0 0 0 0 0 0
183 1 0.1 5.01834 2.60053 0.323461 -0.0232984 -0.0258776 0.0139857 -0.904703 1.47134 0.38966 1 0 0 0 0 0 0 0
184 1 0.1 5.39826 2.77769 0.478303 -0.0591876 0.0212571 -0.0121783 0.0603515 0.22239 0.272111 1 0 0 0 0 0 0 0
185 1 0.1 5.20405 2.82302 0.49255 -0.0680014 -0.0513708 0.0855212 -2.40193 1.31096 0.722385 1 0 0 0 0 0 0 0
186 1 0.1 5.03093 2.79948 0.316429 -0.0476345 -0.0170005 -0.0528944 0.360745 -0.0193179 -0.174761 1 0 0 0 0 0 0 0
187 1 0.1 4.49753 2.74283 0.258792 -0.135393 0.0639767 -0.107304 -0.660042 -2.16751 0.624674 1 0 0 0 0 0 0 0
188 1 0.1 4.87498 3.07463 0.310683 -0.040298 -0.064216 -0.0465013 0.55685 -0.666569 0.61492 1 0 0 0 0 0 0 0
189 1 0.1 5.33304 3.37442 0.39222 -0.050478 -0.00375961 -0.00671254 -0.442001 1.0533 -0.254773 1 0 0 0 0 0 0 0
190 1 0.1 5.12891 3.60111 0.270222 -0.0125566 -0.0201493 0.0185648 -0.0817012 0.207391 0.282418 1 0 0 0 0 0 0 0
191 1 0.1 5.44668 3.51645 0.310219 -0.0697516 -0.0108003 -0.0437347 0.769583 -0.0405883 -0.0977396 1 0 0 0 0 0 0 0
192 1 0.1 5.17225 3.8732 0.134469 -0.0115351 -0.0119531 -0.00323186 0.149856 -0.0705226 0.0377003 1 0 0 0 0 0 0 0
193 1 0.1 5.68229 3.7921 0.31115 -0.016216 -0.0285868 0.0135365 0.0931861 -0.245687 -0.180497 1 0 0 0 0 0 0 0
194 1 0.1 5.77588 3.772 0.591278 -2.80872e-06 -0.019304 -0.0117639 -0.0280637 0.0326364 -0.567129 1 0 0 0 0 0 0 0
195 1 0.1 5.68346 4.03225 0.37076 -0.022421 -0.0112034 0.0203274 -0.0820615 -0.111269 0.304088 1 0 0 0 0 0 0 0
196 1 0.1 5.88514 4.13409 0.275745 -0.0146798 0.00936892 0.00852727 0.148142 0.0161119 0.0702955 1 0 0 0 0 0 0 0
197 1 0.1 5.9855 4.02241 0.430999 -0.0440927 9.39748e-05 0.0230322 -0.119828 0.104855 -0.262781 1 0 0 0 0 0 0 0
198 1 0.1 5.89826 4.6385 0.249612 -0.000748727 -0.00359357 0.00679458 -0.2078 -0.00221787 0.0720403 1 0 0 0 0 0 0 0
199 1 0.1 6.14657 5.13134 0.349989 0.000439968 0.000747842 -9.1157e-05 0.00193444 -7.10825e-05 0.00869678 1 0 0 0 0 0 0 0
200 1 0.1 6.02512 1.26316 0.31346 0.000943876 -0.00320648 -0.000788757 0.00576409 0.00278115 0.00386813 1 0 0 0 0 0 0 0
201 1 0.1 5.69154 1.33407 0.355347 -0.00193609 0.00189154 0.000389025 -0.0154215 -0.0282738 -0.0167976 1 0 0 0 0 0 0 0
202 1 0.1 6.03478 2.02417 0.606475 0.00546408 0.00132142 -0.000737464 0.0112515 -0.0268666 0.00755039 1 0 0 0 0 0 0 0
203 1 0.1 5.94612 2.35503 0.688686 -0.0013289 0.0268152 -0.0778289 -0.382368 0.61662 0.237805 1 0 0 0 0 0 0 0
204 1 0.1 5.9345 2.58258 0.330319 -0.0363756 -0.00790518 -0.00589769 -0.273864 0.284948 -0.135183 1 0 0 0 0 0 0 0
205 1 0.1 5.63051 2.24999 0.317017 -0.0158928 0.0223288 -0.00527944 -0.193455 -0.178309 0.215798 1 0 0 0 0 0 0 0
206 1 0.1 5.4576 2.3529 0.332549 -0.0287917 0.0216428 -0.01531 -0.351688 -0.225488 0.122216 1 0 0 0 0 0 0 0
207 1 0.1 5.61719 2.40716 0.439766 -0.0321041 0.0309997 -0.0187369 0.196712 0.167256 -0.0970821 1 0 0 0 0 0 0 0
208 1 0.1 5.0708 2.47383 0.134197 -0.000970234 -0.00751718 0.00439705 0.062835 0.0414029 -0.211568 1 0 0 0 0 0 0 0
209 1 0.1 5.59409 2.56533 0.319142 0.0102493 0.0950734 -0.00722375 -0.288209 -0.482862 0.410928 1 0 0 0 0 0 0 0
210 1 0.1 5.7265 2.93872 0.480221 -0.230721 -0.146199 -0.0557875 -0.275372 0.867435 -2.76102 1 0 0 0 0 0 0 0
211 1 0.1 5.28876 2.9746 0.137431 -0.00498401 0.00519645 0.000125203 -0.0580734 -0.0519437 0.00385127 1 0 0 0 0 0 0 0
212 1 0.1 4.95715 3.02875 0.48681 -0.0896805 0.00932562 -0.0244063 -0.677719 -0.285439 0.65043 1 0 0 0 0 0 0 0
213 1 0.1 5.05815 2.9971 0.317297 -0.0232232 -0.0112996 0.0027787 0.145719 -0.270688 -0.0667267 1 0 0 0 0 0 0 0
214 1 0.1 5.45 3.3778 0.13745 -0.00731291 -0.0125271 -0.000985924 0.0368937 -0.127823 -0.311908 1 0 0 0 0 0 0 0
215 1 0.1 5.79452 3.35131 0.444538 -0.0952928 -0.018803 -0.0293749 0.00172861 -0.645758 -0.118066 1 0 0 0 0 0 0 0
216 1 0.1 5.81924 3.49249 0.305394 -0.0215472 -0.0147612 -0.0113633 0.114663 -0.0467175 -0.218986 1 0 0 0 0 0 0 0
217 1 0.1 5.64686 3.59355 0.301395 -0.00674924 0.00523767 0.00630677 0.197582 0.0608119 -0.0192666 1 0 0 0 0 0 0 0
218 1 0.1 5.95797 3.72402 0.295223 -0.0426691 -0.00446739 -0.0203482 -0.244992 -0.0853416 0.494411 1 0 0 0 0 0 0 0
219 1 0.1 6.05524 3.64927 0.137444 -0.00815982 0.00215989 -0.000387305 -0.0249705 -0.0864049 0.0434093 1 0 0 0 0 0 0 0
220 1 0.1 5.98492 3.56888 0.762508 -0.0332151 -0.0509779 -0.000446945 -0.425198 0.212713 -0.116186 1 0 0 0 0 0 0 0
221 1 0.1 6.04778 3.44123 0.582144 -0.0737324 -0.0334699 -0.0650685 -0.485789 0.420449 0.694731 1 0 0 0 0 0 0 0
222 1 0.1 6.03502 3.48386 0.24992 -0.0269511 0.0333127 -0.0124154 0.166047 0.0965842 0.958816 1 0 0 0 0 0 0 0
223 1 0.1 6.03837 4.75103 0.336527 -0.000771843 -0.000147642 -0.000528259 0.0352145 -0.0289262 -0.0110746 1 0 0 0 0 0 0 0
224 1 0.1 6.13536 4.8696 0.464849 -0.00104687 -0.00098891 -0.00019364 -0.020717 0.0306162 0.0154472 1 0 0 0 0 0 0 0
225 1 0.1 5.9845 1.58637 0.327652 0.00423581 0.00646433 -0.00180611 0.00572345 0.0155874 -0.00756548 1 0 0 0 0 0 0 0
226 1 0.1 5.71404 2.26905 0.137145 -0.000228546 0.00667464 0.00139822 -0.0634449 -0.0175718 -0.0273299 1 0 0 0 0 0 0 0
227 1 0.1 6.00309 1.99282 0.302637 0.00465039 0.0129916 -0.00704399 -0.020938 0.080568 0.146838 1 0 0 0 0 0 0 0
228 1 0.1 5.98281 2.56207 0.137446 -0.00607457 0.0123079 -0.000329069 -0.0872026 -0.0784665 0.0925222 1 0 0 0 0 0 0 0
229 1 0.1 5.47033 2.89196 0.146267 0.00244584 0.0249633 -0.0079192 0.160154 0.0952913 0.20066 1 0 0 0 0 0 0 0
230 1 0.1 5.93842 3.08489 0.283442 -0.0179106 0.00160143 0.0213109 -0.454329 0.125992 0.541295 1 0 0 0 0 0 0 0
231 1 0.1 5.87635 2.45719 0.517049 -0.0587339 -0.0411717 -0.0618517 0.28245 0.560487 -0.620887 1 0 0 0 0 0 0 0
232 1 0.1 5.76755 2.46533 0.321881 -0.0146095 0.0166126 -0.00584632 0.0426669 -0.223747 -0.318941 1 0 0 0 0 0 0 0
233 1 0.1 5.945 2.63238 0.585076 -0.153076 -0.0105988 -0.0945111 -0.473346 1.04737 -0.575217 1 0 0 0 0 0 0 0
234 1 0.1 5.80786 2.75651 0.309661 -0.120938 0.0556646 0.0220941 0.253581 0.553434 0.946604 1 0 0 0 0 0 0 0
235 1 0.1 5.99524 2.74597 0.428189 -0.062235 0.0363666 -0.0643263 -0.286249 0.0924393 0.671235 1 0 0 0 0 0 0 0
236 1 0.1 5.59277 3.0781 0.531656 -0.0546622 0.0128356 -0.0231412 -0.127047 0.0332481 0.558176 1 0 0 0 0 0 0 0
237 1 0.1 5.57628 3.09493 0.325273 -0.206628 0.0500523 -0.0379972 0.540356 1.17141 0.103958 1 0 0 0 0 0 0 0
238 1 0.1 5.41017 3.23494 0.2714 -0.0384836 0.00445562 0.00733874 -0.152123 0.126542 -0.125752 1 0 0 0 0 0 0 0
239 1 0.1 5.75376 3.18478 0.305681 -0.211482 0.039264 -0.139743 0.299738 0.397255 -0.318052 1 0 0 0 0 0 0 0
240 1 0.1 5.9007 2.91674 0.384468 -0.136986 0.0488354 0.0704533 -0.181223 -1.45225 -1.1342 1 0 0 0 0 0 0 0
241 1 0.1 5.49543 3.34133 0.5656 -0.0707327 -0.00688038 8.27266e-05 -0.0467589 0.326511 0.596816 1 0 0 0 0 0 0 0
242 1 0.1 5.93177 3.29787 0.309384 -0.127917 -0.105002 -0.0209254 0.0531079 0.563768 -1.22024 1 0 0 0 0 0 0 0
243 1 0.1 5.91538 3.2917 0.592127 -0.146156 0.0354035 0.0294018 -0.201738 -0.344961 0.436974 1 0 0 0 0 0 0 0
244 1 0.1 5.80535 3.66847 0.411521 -0.0304405 -0.00366981 -0.00116795 -0.391052 0.0907062 -0.0192286 1 0 0 0 0 0 0 0
245 1 0.1 5.86192 3.19695 0.137204 -0.031959 -0.0239767 0.00164948 0.232235 -0.223333 -0.185281 1 0 0 0 0 0 0 0
246 1 0.1 5.97284 3.56001 0.423995 -0.0611052 -0.0411546 0.0114955 0.498248 -0.253747 -0.419861 1 0 0 0 0 0 0 0
247 1 0.1 5.71249 4.18495 0.496588 -0.040495 0.0024447 0.00752404 -0.114047 0.00611744 0.000472201 1 0 0 0 0 0 0 0
248 1 0.1 6.12399 4.35974 0.430378 -0.00625395 -0.00433722 0.00096604 -0.0133447 0.0891946 0.0338171 1 0 0 0 0 0 0 0
249 1 0.1 6.0793 4.51618 0.314132 -0.00216719 -0.00159966 0.000673069 0.00985956 -0.0440885 -0.117605 1 0 0 0 0 0 0 0
250 1 0.1 5.95156 1.07309 0.567158 -0.00210737 0.000945457 0.00196351 0.011571 0.000725944 0.0134298 1 0 0 0 0 0 0 0
251 1 0.1 5.81672 1.21205 0.51757 -0.00268115 0.00396255 0.00427892 0.0188761 -0.00371468 0.0163579 1 0 0 0 0 0 0 0
252 1 0.1 5.61048 1.41747 0.529884 -0.00185071 0.0020422 -0.00272413 -0.0544174 -0.011098 0.0250596 1 0 0 0 0 0 0 0
253 1 0.1 5.44325 1.5723 0.550457 -0.000132956 -0.000179492 -0.00190897 -0.0113987 0.051713 0.088452 1 0 0 0 0 0 0 0
254 1 0.1 5.30001 1.71595 0.553854 0.00334499 -0.00620091 -0.00940885 -0.0776381 0.0256617 0.101058 1 0 0 0 0 0 0 0
255 1 0.1 5.2715 1.98772 0.379632 -0.00529495 -0.15149 0.0440428 0.489037 0.605669 1.22562 1 0 0 0 0 0 0 0
256 1 0.1 5.02058 2.00154 0.576623 0.0021516 -0.00680029 -0.0399073 -0.242713 0.344856 -0.0703263 1 0 0 0 0 0 0 0
257 1 0.1 4.78199 2.37728 0.587067 -0.00653705 0.0184403 -0.021629 0.259217 0.151707 0.108157 1 0 0 0 0 0 0 0
258 1 0.1 4.70725 2.7282 0.511338 0.0186928 0.0199629 0.0189152 0.39446 0.282882 0.424043 1 0 0 0 0 0 0 0
259 1 0.1 4.82868 2.85527 0.310678 -0.0544915 -0.0218006 -0.0121842 -0.0541054 -0.230304 1.78279 1 0 0 0 0 0 0 0
260 1 0.1 4.5325 2.7616 0.596199 -0.0418943 0.00278406 -0.0905451 0.491256 -1.82294 -0.338775 1 0 0 0 0 0 0 0
261 1 0.1 4.45375 2.9218 0.515172 0.0111279 0.0463231 -0.0330188 0.711936 -1.38717 -0.179943 1 0 0 0 0 0 0 0
262 1 0.1 4.35 2.92869 0.676848 -0.0247403 0.0168967 -0.0559341 -0.512149 1.05196 0.26243 1 0 0 0 0 0 0 0
263 1 0.1 4.1981 2.97467 0.304081 -0.00260407 -0.00487988 -0.00915045 0.0100379 0.0418638 0.000602971 1 0 0 0 0 0 0 0
264 1 0.1 4.19306 3.17022 0.651467 -0.0174183 -0.0111721 -0.0108289 -0.00522471 0.153134 -0.185302 1 0 0 0 0 0 0 0
265 1 0.1 4.4592 3.44234 0.548259 0.0546692 0.0346877 -0.00861549 0.294678 -0.228663 0.836315 1 0 0 0 0 0 0 0
266 1 0.1 4.39665 3.36929 0.309813 -0.00475299 -0.00621207 -0.0181491 -0.385385 0.0755585 -0.855472 1 0 0 0 0 0 0 0
267 1 0.1 4.60277 3.58045 0.56418 0.0593467 0.0356078 0.00342967 -0.00201453 0.00225716 0.00202883 1 0 0 0 0 0 0 0
268 1 0.1 5.02753 3.77237 0.460519 -0.0209692 -0.0219486 -0.00927715 -0.357929 0.0181745 0.0362002 1 0 0 0 0 0 0 0
269 1 0.1 5.00914 3.98396 0.568546 -0.00769117 -0.00840058 -0.019837 0.0206191 0.285429 -0.138108 1 0 0 0 0 0 0 0
270 1 0.1 5.1744 4.11383 0.585707 0.0478486 -0.0239584 0.0140667 -0.137306 0.274532 0.139578 1 0 0 0 0 0 0 0
271 1 0.1 5.29744 4.27098 0.588373 0.00801885 0.00441717 0.00048502 0.0863306 0.122688 -0.0408548 1 0 0 0 0 0 0 0
272 1 0.1 5.50545 4.4795 0.576411 0.00321666 0.00649096 0.00061457 -0.145204 0.0698956 0.0908369 1 0 0 0 0 0 0 0
273 1 0.1 5.63622 4.60448 0.491296 -0.00443938 -0.00394571 -0.0293313 0.108867 0.275095 -0.0537991 1 0 0 0 0 0 0 0
274 1 0.1 5.77796 4.74667 0.513927 0.000915422 0.00410098 0.000865906 -0.0243837 0.00506375 0.175127 1 0 0 0 0 0 0 0
275 1 0.1 6.09251 0.931414 0.564228 -0.000310772 0.000688889 0.000243055 0.0082757 0.00292048 0.00354004 1 0 0 0 0 0 0 0
276 1 0.1 5.63616 1.60624 0.589597 -0.000628088 0.00188252 -0.00360607 0.0453384 -0.0228463 -0.0542238 1 0 0 0 0 0 0 0
277 1 0.1 5.5576 1.66263 0.413897 -0.00326078 0.00218898 -0.00334417 0.0280304 -0.00319698 -0.0802655 1 0 0 0 0 0 0 0
278 1 0.1 5.64802 1.80482 0.307549 -0.00127422 0.00288506 -0.000294806 -0.0239581 -0.0314477 0.0783495 1 0 0 0 0 0 0 0
279 1 0.1 5.49713 1.7617 0.584411 -0.00222937 -0.00108751 -0.00143947 0.0117836 0.0679819 -0.0213901 1 0 0 0 0 0 0 0
280 1 0.1 5.40435 1.97072 0.554192 0.00494728 -0.00466404 0.0218534 0.0998196 -0.103262 -0.197183 1 0 0 0 0 0 0 0
281 1 0.1 5.2187 2.04424 0.564243 0.00301608 -0.00506782 -0.0115361 0.0762958 -0.0124588 0.154443 1 0 0 0 0 0 0 0
282 1 0.1 4.96757 2.05953 0.765432 0.0103811 -0.00551814 -0.00118135 -0.0516541 -0.0983272 0.00585811 1 0 0 0 0 0 0 0
283 1 0.1 4.91295 2.46092 0.423915 0.00794271 -0.00544135 -0.0447387 0.0799227 0.150277 0.0939279 1 0 0 0 0 0 0 0
284 1 0.1 5.20386 2.66508 0.360757 -0.0759652 0.0770334 0.0897992 2.36128 -1.80217 0.944686 1 0 0 0 0 0 0 0
285 1 0.1 4.44681 2.57233 0.545197 0.0093881 0.00229764 -0.0402133 -0.132223 0.404813 -0.00296276 1 0 0 0 0 0 0 0
286 1 0.1 4.59517 2.67772 0.763227 -0.113612 0.0199961 -0.0228408 -0.389725 1.15243 1.98456 1 0 0 0 0 0 0 0
287 1 0.1 4.55925 3.09717 0.763054 -0.0164996 0.0161311 -4.43033e-05 -0.632456 -0.14657 -0.394653 1 0 0 0 0 0 0 0
288 1 0.1 4.49873 3.26328 0.477059 -0.0162355 0.0514081 -0.07233 0.513826 0.998428 -1.05627 1 0 0 0 0 0 0 0
289 1 0.1 4.69159 3.15185 0.327596 0.00911975 0.0248922 0.00900723 0.0865704 -0.22221 -0.249875 1 0 0 0 0 0 0 0
290 1 0.1 4.81016 3.3354 0.264971 0.101085 -0.125392 -0.159549 1.52045 1.56985 -0.31533 1 0 0 0 0 0 0 0
291 1 0.1 4.95413 3.4492 0.680442 -0.0780273 -0.0180125 0.0995821 0.540411 -1.92668 0.567157 1 0 0 0 0 0 0 0
292 1 0.1 5.04216 3.57456 0.446108 -0.000881691 -0.0173552 0.0189491 -0.0772182 -0.171241 0.00399151 1 0 0 0 0 0 0 0
293 1 0.1 4.84466 3.81725 0.338775 -0.0284129 -0.00733076 0.0740163 -0.0337897 -1.03875 -0.120444 1 0 0 0 0 0 0 0
294 1 0.1 5.2216 3.81461 0.444959 -0.0212079 -0.0109765 -0.0202798 0.282479 0.153324 -0.508045 1 0 0 0 0 0 0 0
295 1 0.1 5.20108 3.91044 0.617408 0.0196465 -0.0353284 -0.00824566 -0.0515326 0.0956253 0.029891 1 0 0 0 0 0 0 0
296 1 0.1 5.57589 4.05035 0.553158 -0.0106468 -0.0236995 0.0179469 0.0652678 -0.170656 -0.260456 1 0 0 0 0 0 0 0
297 1 0.1 5.69927 4.44183 0.604705 0.00132399 0.011909 0.00321739 0.0291829 -0.0742465 -0.0622722 1 0 0 0 0 0 0 0
298 1 0.1 5.68621 4.50974 0.322411 -0.367194 0.0446012 -0.166521 0.0241742 1.15236 -0.111547 1 0 0 0 0 0 0 0
299 1 0.1 6.05263 5.02724 0.555641 -0.000359251 -0.000357137 -0.000371387 0.00229475 0.00250977 -0.00721846 1 0 0 0 0 0 0 0
300 1 0.1 6.23121 0.788116 0.550004 -0.000221014 0.00026551 -0.000409228 -0.00215723 0.0011347 -0.00102779 1 0 0 0 0 0 0 0
301 1 0.1 5.85148 1.5727 0.475974 0.00392266 0.00372026 -0.00297276 0.0176467 -0.0230978 0.0234246 1 0 0 0 0 0 0 0
302 1 0.1 5.9196 1.81527 0.442452 0.00818535 -0.00164664 -0.0029595 -0.041798 0.0458941 -0.089634 1 0 0 0 0 0 0 0
303 1 0.1 5.89175 2.01151 0.467511 0.00865397 -0.00219748 -0.00281983 0.0412517 -0.0030728 0.0934149 1 0 0 0 0 0 0 0
304 1 0.1 5.79264 1.89083 0.59238 -0.00102728 0.00446897 -0.00289245 0.00317174 0.0306226 0.0436598 1 0 0 0 0 0 0 0
305 1 0.1 5.60172 1.96909 0.585663 0.00712523 0.0089661 0.00514162 0.0957275 0.262123 0.362834 1 0 0 0 0 0 0 0
306 1 0.1 5.3043 2.41178 0.58875 0.00227198 -0.0158771 0.0181432 -0.0593959 -0.219281 0.00660472 1 0 0 0 0 0 0 0
307 1 0.1 5.12284 2.39789 0.746013 -0.0630991 0.0348077 0.134069 -1.32455 -2.2179 0.334443 1 0 0 0 0 0 0 0
308 1 0.1 5.30013 2.47447 0.286194 0.00416494 -0.0019023 -0.00125112 0.0240209 -0.0035115 0.117354 1 0 0 0 0 0 0 0
309 1 0.1 4.98723 2.58389 0.562573 0.0124562 -0.0405738 -0.0135123 0.154533 -0.0772244 -0.0129106 1 0 0 0 0 0 0 0
310 1 0.1 5.48657 2.91808 0.347026 -0.222963 0.0713191 0.0451329 -0.708666 0.342687 -0.492759 1 0 0 0 0 0 0 0
311 1 0.1 4.58579 2.90252 0.764051 -0.0148561 0.0241239 0.0051913 0.565028 0.162878 0.450354 1 0 0 0 0 0 0 0
312 1 0.1 4.57774 3.07788 0.55519 -0.00205562 0.00622013 -0.0598486 -0.560993 0.0541135 -1.0013 1 0 0 0 0 0 0 0
313 1 0.1 5.00174 3.2083 0.388196 -0.164528 0.0578852 -0.0313963 -0.386811 0.442291 1.13761 1 0 0 0 0 0 0 0
314 1 0.1 5.26987 3.18457 0.137526 0.00269378 -0.0123831 -0.000873973 0.00862212 -0.0264291 -0.0170045 1 0 0 0 0 0 0 0
315 1 0.1 5.11347 3.33567 0.504602 -0.00491355 -0.0149258 0.0227256 -0.0571985 -0.447422 0.085738 1 0 0 0 0 0 0 0
316 1 0.1 5.61102 3.39745 0.303721 -0.0544477 0.017013 -0.0320318 0.107835 -0.499273 -0.473978 1 0 0 0 0 0 0 0
317 1 0.1 5.26785 3.61939 0.414455 -0.0787102 -0.0228045 -0.00494957 -0.130159 -0.101168 0.211371 1 0 0 0 0 0 0 0
318 1 0.1 5.48872 3.70975 0.337127 -0.0241926 -0.026421 0.0164762 -0.167868 -0.102033 -0.498484 1 0 0 0 0 0 0 0
319 1 0.1 5.4349 3.91332 0.589532 -0.0388696 0.00108644 -0.010808 -0.0733702 -0.00277386 -0.114892 1 0 0 0 0 0 0 0
320 1 0.1 5.34212 4.05948 0.688546 0.0104909 0.0418447 -0.0284092 -0.206829 0.0742292 -0.51282 1 0 0 0 0 0 0 0
321 1 0.1 5.93743 3.88946 0.581706 0.00361155 -0.0233743 0.0444789 -0.154199 -0.619383 -0.56919 1 0 0 0 0 0 0 0
322 1 0.1 5.68322 4.14563 0.690684 -0.0175376 -0.015497 0.0241316 -0.276654 -0.0761001 0.0391684 1 0 0 0 0 0 0 0
323 1 0.1 5.9304 4.57479 0.433552 0.0061187 0.0115308 0.0053684 0.0340259 0.0817621 -0.0889337 1 0 0 0 0 0 0 0
324 1 0.1 6.19306 5.16945 0.549982 -0.000142655 -0.000151428 1.98633e-05 0.00169109 -0.000982315 -0.00223572 1 0 0 0 0 0 0 0
325 1 0.1 6.08042 1.20922 0.49775 -0.000596245 0.000534757 0.000668482 -0.0406384 -0.0236645 0.0208667 1 0 0 0 0 0 0 0
326 1 0.1 5.87819 1.40301 0.373674 -0.00201863 0.00290605 -0.00240068 -0.0341861 0.0390027 0.017768 1 0 0 0 0 0 0 0
327 1 0.1 5.97286 2.17494 0.385668 -0.470769 0.142309 -0.190643 -0.186948 4.35436 3.61947 1 0 0 0 0 0 0 0
328 1 0.1 5.62798 2.27274 0.762706 0.00566707 0.00407034 -0.000318779 0.00406367 0.004839 -0.10268 1 0 0 0 0 0 0 0
329 1 0.1 5.9123 2.18556 0.588099 0.00908062 -0.0256517 0.00531567 -0.232292 0.0583651 -0.12905 1 0 0 0 0 0 0 0
330 1 0.1 5.5303 2.30752 0.58938 -0.00595332 0.0139149 -0.0154249 0.0990403 0.251588 -0.00457735 1 0 0 0 0 0 0 0
331 1 0.1 5.73518 2.1238 0.519344 0.00622763 -0.00392688 -0.0087066 0.169824 -0.225619 -0.141942 1 0 0 0 0 0 0 0
332 1 0.1 5.86325 2.58988 0.762532 0.0122438 0.0303686 -0.00271533 0.303714 -0.101542 -0.0149904 1 0 0 0 0 0 0 0
333 1 0.1 5.77835 2.61807 0.449936 -0.0185773 0.0139264 0.00715497 0.0658048 -0.114899 0.0966474 1 0 0 0 0 0 0 0
334 1 0.1 5.48046 2.51581 0.610291 0.0731464 0.0315394 -0.0405917 0.362297 0.27298 0.209059 1 0 0 0 0 0 0 0
335 1 0.1 5.1554 2.50316 0.491591 0.0107699 -0.0236638 -0.000500524 0.0777917 -0.156671 0.0607679 1 0 0 0 0 0 0 0
336 1 0.1 5.37802 2.84113 0.666675 -0.0478244 0.00768251 -0.0112199 0.105679 0.109606 0.334978 1 0 0 0 0 0 0 0
337 1 0.1 5.12523 2.98168 0.584012 -0.106672 -0.0135841 -0.0155332 -0.317676 1.65429 1.50813 1 0 0 0 0 0 0 0
338 1 0.1 5.23417 3.08863 0.339396 -0.0243036 -0.00648227 0.0162625 0.0269498 0.21688 0.105075 1 0 0 0 0 0 0 0
339 1 0.1 5.35952 3.18801 0.458931 -0.0247881 0.00671919 0.0104836 0.105119 -0.00557952 0.19694 1 0 0 0 0 0 0 0
340 1 0.1 5.6212 3.2523 0.439384 -0.106878 0.0127582 -0.0419135 -0.0327536 0.460725 -0.215199 1 0 0 0 0 0 0 0
341 1 0.1 5.38869 3.52916 0.551656 -0.0293574 -0.0161785 0.00816801 -0.313062 0.29967 0.102933 1 0 0 0 0 0 0 0
342 1 0.1 5.56898 3.50717 0.468146 -0.0604889 -0.0515749 -0.0567774 -0.457222 0.490649 -0.134297 1 0 0 0 0 0 0 0
343 1 0.1 5.62255 3.70249 0.484103 -0.0217707 -0.00726827 0.0123867 -0.251076 0.182109 0.286812 1 0 0 0 0 0 0 0
344 1 0.1 5.69227 3.59092 0.633477 -0.0347729 0.00158806 0.0150646 0.117703 -0.184177 -0.491952 1 0 0 0 0 0 0 0
345 1 0.1 5.81178 3.27927 0.762611 -0.172433 0.0290043 0.00653548 0.0326379 -0.00997459 -0.0182403 1 0 0 0 0 0 0 0
346 1 0.1 5.94741 3.66942 0.593798 -0.0389387 -0.0955697 -0.030627 -0.185639 0.341814 -0.26664 1 0 0 0 0 0 0 0
347 1 0.1 6.0529 3.77756 0.462839 -0.0605339 -0.049891 0.00234989 1.06941 0.0318911 0.00920841 1 0 0 0 0 0 0 0
348 1 0.1 5.91287 4.88406 0.567964 0.00183869 0.000330972 0.00761686 -0.0461309 -0.0616229 0.0170602 1 0 0 0 0 0 0 0
349 1 0.1 6.02248 4.72022 0.535074 0.00729092 0.00161475 0.0194108 0.079716 -0.203822 -0.00334721 1 0 0 0 0 0 0 0
350 1 0.1 6.07027 1.43173 0.421078 -0.00223091 0.00220749 -0.00201109 0.0238184 -0.0434691 -0.0296527 1 0 0 0 0 0 0 0
351 1 0.1 6.06415 1.64402 0.501703 0.00208475 0.000784792 0.000758695 0.0578126 -0.0425297 -0.0255683 1 0 0 0 0 0 0 0
352 1 0.1 6.06565 1.82864 0.578402 0.00358217 0.000270299 0.002608 -0.0355929 -0.0632954 -0.0379512 1 0 0 0 0 0 0 0
353 1 0.1 5.84037 1.9838 0.762599 -0.00108655 0.00350626 -0.00103054 0.0339131 0.00709096 0.0357705 1 0 0 0 0 0 0 0
354 1 0.1 5.91153 2.75007 0.138771 -0.124434 -0.0563572 0.0242867 0.102419 0.820152 -0.992116 1 0 0 0 0 0 0 0
355 1 0.1 5.82277 2.97218 0.139666 -0.0343874 -0.0319915 0.0415208 -0.151283 -0.375426 0.344159 1 0 0 0 0 0 0 0
356 1 0.1 5.69166 2.69254 0.762519 0.00065186 0.0104058 -0.00141538 0.00625675 -0.0172984 0.196901 1 0 0 0 0 0 0 0
357 1 0.1 5.67356 2.73936 0.56901 -0.0557274 -0.0057582 -0.00024457 0.0404116 -0.171641 0.227756 1 0 0 0 0 0 0 0
358 1 0.1 5.18435 2.88771 0.762095 -0.0203909 -0.0215196 0.0105404 -0.0304986 -0.030662 -0.0273144 1 0 0 0 0 0 0 0
359 1 0.1 5.59324 2.75364 0.386381 -0.248766 0.062834 0.081655 0.582093 -0.829642 0.2931 1 0 0 0 0 0 0 0
360 1 0.1 5.87978 3.00791 0.612844 -0.0381107 0.0205356 -0.0022998 0.278128 -0.250537 -0.0523351 1 0 0 0 0 0 0 0
361 1 0.1 5.72399 2.90026 0.676463 -0.034367 0.00377196 -0.0221109 0.0392082 0.208511 0.126677 1 0 0 0 0 0 0 0
362 1 0.1 5.54108 2.88862 0.562607 -0.0440676 0.00852924 -0.0133754 0.0210183 -0.0951402 -0.421941 1 0 0 0 0 0 0 0
363 1 0.1 5.30876 2.99713 0.506438 -0.202866 0.0664639 -0.225479 -1.62163 -0.0453489 -0.169643 1 0 0 0 0 0 0 0
364 1 0.1 5.47156 3.01941 0.762661 -0.00857132 -0.00453561 -0.000618412 -0.0342747 0.0541778 -0.0356367 1 0 0 0 0 0 0 0
365 1 0.1 5.40511 3.1722 0.652573 -0.0219655 -0.00679508 0.00857426 0.118561 0.0145966 0.166387 1 0 0 0 0 0 0 0
366 1 0.1 5.73787 3.19958 0.594909 -0.0784954 0.0481507 -0.0373168 -0.384832 -0.29568 -0.310099 1 0 0 0 0 0 0 0
367 1 0.1 5.58057 3.18688 0.762625 -0.0199554 0.00355876 -0.00188648 0.150879 0.204626 0.233903 1 0 0 0 0 0 0 0
368 1 0.1 5.6791 3.38708 0.629738 -0.0689211 0.0551528 -0.0453872 0.322257 0.186828 0.206998 1 0 0 0 0 0 0 0
369 1 0.1 5.85514 3.49352 0.571289 -0.0860612 -0.0614929 -0.00715608 0.244901 0.247702 -0.419725 1 0 0 0 0 0 0 0
370 1 0.1 5.9904 3.36903 0.76251 -0.135006 -0.0545348 -0.00211149 0.44803 0.359836 -0.900444 1 0 0 0 0 0 0 0
371 1 0.1 6.03656 3.12907 0.585824 -0.0417021 0.0255791 -0.00292192 0.433411 0.117496 -0.382446 1 0 0 0 0 0 0 0
372 1 0.1 5.97892 4.22223 0.428386 -0.00948326 -0.00299195 0.0124813 0.00360337 0.0550919 -0.0711245 1 0 0 0 0 0 0 0
373 1 0.1 5.85436 4.3489 0.519829 -1.18225e-05 0.00437204 0.0124316 0.00104806 -0.046823 -0.0583071 1 0 0 0 0 0 0 0
374 1 0.1 6.10066 4.53195 0.529279 0.00351693 -0.00386688 0.00308247 0.00880981 0.0741624 -0.0530579 1 0 0 0 0 0 0 0
375 1 0.1 5.85382 1.16654 0.749818 0.000850515 -0.00119993 -0.000872923 -0.0309505 -0.00788875 -0.0255175 1 0 0 0 0 0 0 0
376 1 0.1 5.80507 1.40384 0.572278 -0.00164135 0.00502972 -0.00125084 -0.0583931 0.00663197 -0.0262992 1 0 0 0 0 0 0 0
377 1 0.1 5.52643 1.49359 0.750005 0.00267395 -0.00170737 -0.000436809 -0.00254429 -0.00162833 0.00223564 1 0 0 0 0 0 0 0
378 1 0.1 5.38516 1.63484 0.749907 0.00331217 -0.00212573 -0.000645934 0.00571842 -0.00271378 -0.00359154 1 0 0 0 0 0 0 0
379 1 0.1 5.2444 1.77602 0.75175 0.00290596 -0.00398652 -0.0047547 -0.0387546 -0.0111098 0.0199359 1 0 0 0 0 0 0 0
380 1 0.1 5.10409 1.91649 0.750533 0.0055009 -0.00384993 0.00307182 0.0818976 0.0806048 -0.0514643 1 0 0 0 0 0 0 0
381 1 0.1 5.16381 1.85849 0.521491 0.00834239 -0.00394647 -0.0103072 -0.064657 0.0800368 -0.0926711 1 0 0 0 0 0 0 0
382 1 0.1 4.72059 2.30476 0.762556 0.0055267 0.000945142 -0.00695302 -0.0482137 0.0495897 0.000357888 1 0 0 0 0 0 0 0
383 1 0.1 4.71984 2.50532 0.764331 0.0141111 0.0205952 0.000722441 0.236506 -0.0291305 0.305399 1 0 0 0 0 0 0 0
384 1 0.1 4.79471 2.57391 0.596028 0.0185498 0.0103842 -0.00847205 -0.235391 0.122378 -0.550882 1 0 0 0 0 0 0 0
385 1 0.1 4.30793 2.71183 0.580232 0.00506742 -0.00476028 -0.0325816 0.954207 -1.17037 0.410283 1 0 0 0 0 0 0 0
386 1 0.1 4.2207 2.80515 0.763086 0.0382661 -0.0378218 -0.00172147 -0.498852 -0.300188 -0.576585 1 0 0 0 0 0 0 0
387 1 0.1 4.19252 3.08364 0.47118 -0.00463361 0.00340525 -0.0220293 -0.257957 0.158931 0.0652226 1 0 0 0 0 0 0 0
388 1 0.1 4.18884 3.00411 0.762632 -0.00198927 0.00169314 0.00622352 0.116436 -0.18543 0.0101994 1 0 0 0 0 0 0 0
389 1 0.1 4.64802 3.38929 0.517597 0.0278509 0.0466544 -0.202102 2.79315 1.33176 -0.898403 1 0 0 0 0 0 0 0
390 1 0.1 4.50153 3.4794 0.749279 0.0129603 0.0140033 0.00644208 -0.0287944 -0.053566 0.205947 1 0 0 0 0 0 0 0
391 1 0.1 4.65521 3.63479 0.763043 0.00639543 0.00703763 -0.00403891 0.476199 -0.125695 0.133245 1 0 0 0 0 0 0 0
392 1 0.1 4.86614 3.84706 0.548082 -0.00686097 -0.00852109 -0.00945525 -0.00599355 0.147576 -0.0906398 1 0 0 0 0 0 0 0
393 1 0.1 4.92623 3.90531 0.748523 0.00650983 0.0107529 -0.019027 0.0383799 0.166781 0.242072 1 0 0 0 0 0 0 0
394 1 0.1 5.0709 4.04129 0.749163 0.0100414 0.00343461 -0.0315461 -0.119305 -0.0876102 0.18733 1 0 0 0 0 0 0 0
395 1 0.1 5.207 4.18444 0.765111 -0.00676389 0.00386792 0.00676259 0.135606 -0.692787 -0.610285 1 0 0 0 0 0 0 0
396 1 0.1 5.5217 4.28124 0.588293 0.00588918 0.00576296 -0.00896918 -0.0878174 -0.111429 -0.0598819 1 0 0 0 0 0 0 0
397 1 0.1 5.36272 4.33975 0.762846 -0.00114419 0.00444832 0.000837064 0.0575537 0.0217577 0.0975864 1 0 0 0 0 0 0 0
398 1 0.1 5.70404 4.6727 0.684204 0.00435591 0.0027932 0.00282674 -0.03554 -0.0259095 -0.0143173 1 0 0 0 0 0 0 0
399 1 0.1 5.83678 4.81026 0.741108 0.0109919 0.00506036 -0.0183711 0.100029 0.25831 -0.0570106 1 0 0 0 0 0 0 0
400 1 0.1 6.07111 0.951908 0.762513 -0.000236957 0.000749923 -2.97499e-06 0.00356119 0.00466079 0.00697614 1 0 0 0 0 0 0 0
401 1 0.1 5.66773 1.35224 0.749993 0.00166046 -0.00130757 -4.78306e-05 -0.00151906 -0.000143717 -0.00873349 1 0 0 0 0 0 0 0
402 1 0.1 5.57745 1.68753 0.762235 0.00327924 -0.000506425 -0.00189478 0.0308596 -0.0351292 -0.0161327 1 0 0 0 0 0 0 0
403 1 0.1 5.73255 1.73974 0.476422 -0.000305038 0.00351912 -0.00256735 0.0268063 0.0455629 0.0258118 1 0 0 0 0 0 0 0
404 1 0.1 5.43634 1.82868 0.7626 0.000738286 -0.00518835 -0.000290088 -0.00214156 -0.0328789 -0.0225769 1 0 0 0 0 0 0 0
405 1 0.1 5.29662 1.96801 0.731676 0.00681195 -0.00332163 -0.0125468 -0.116407 -0.0186185 -0.0462776 1 0 0 0 0 0 0 0
406 1 0.1 5.16037 2.11131 0.760631 0.00947869 -0.00113917 -0.0119148 0.0517205 0.100909 0.0320984 1 0 0 0 0 0 0 0
407 1 0.1 5.38806 2.16779 0.578468 0.00319539 0.000436191 0.000281214 -0.31892 -0.249192 0.165582 1 0 0 0 0 0 0 0
408 1 0.1 4.90641 2.44303 0.729022 0.00526208 0.0185499 -0.0313584 0.31349 0.0934247 -0.393238 1 0 0 0 0 0 0 0
409 1 0.1 4.88415 2.63885 0.762525 0.00635809 0.0136439 -0.00148044 -0.025277 -0.17223 0.303498 1 0 0 0 0 0 0 0
410 1 0.1 4.36869 2.6565 0.762524 -0.0131778 0.00415522 -0.00718648 -0.0433836 0.0592376 0.085877 1 0 0 0 0 0 0 0
411 1 0.1 4.36068 3.1023 0.764779 -0.0147633 -0.010015 0.0016913 0.103465 0.460729 -0.392885 1 0 0 0 0 0 0 0
412 1 0.1 4.57066 3.29387 0.755083 0.0287188 0.015022 -0.014412 0.446422 -0.426192 -0.0288826 1 0 0 0 0 0 0 0
413 1 0.1 4.77415 3.28055 0.688353 -0.0223702 -0.019017 0.0344528 -0.533632 1.13637 0.0100955 1 0 0 0 0 0 0 0
414 1 0.1 4.79408 3.27046 0.451858 0.0174143 -0.028947 -0.136181 -2.47351 -2.26406 -0.103906 1 0 0 0 0 0 0 0
415 1 0.1 4.73105 3.53323 0.374527 0.00883758 -0.0374803 -0.0540265 0.659592 -0.0678333 -0.526245 1 0 0 0 0 0 0 0
416 1 0.1 5.0121 3.62219 0.763389 -0.00316597 0.00253415 0.00506592 0.0537346 0.0318813 -0.051568 1 0 0 0 0 0 0 0
417 1 0.1 4.80522 3.75275 0.712419 0.0047557 0.0108945 0.00948604 -0.150349 0.139569 -0.128036 1 0 0 0 0 0 0 0
418 1 0.1 4.92723 3.65673 0.587046 -0.00896411 -0.00109533 0.00914259 -0.0627778 0.0404828 0.0762515 1 0 0 0 0 0 0 0
419 1 0.1 5.10251 3.82178 0.76388 -0.00360595 0.00575849 0.000889937 -0.350004 -0.240025 -0.243505 1 0 0 0 0 0 0 0
420 1 0.1 5.49279 4.18802 0.762617 -0.00258582 0.00637834 -0.00295699 0.0591953 0.0310198 0.000672741 1 0 0 0 0 0 0 0
421 1 0.1 5.54821 4.42265 0.762764 0.00639092 0.00998398 0.000298679 0.0964474 -0.066274 -0.0318375 1 0 0 0 0 0 0 0
422 1 0.1 5.79619 4.51411 0.763539 0.00278023 -0.000749925 0.00247387 0.059945 0.0769925 0.0961557 1 0 0 0 0 0 0 0
423 1 0.1 5.93243 4.56934 0.630596 0.00114843 -0.00641043 0.000127743 0.164049 -0.125097 -0.0832757 1 0 0 0 0 0 0 0
424 1 0.1 6.11665 5.09233 0.751575 0.00804785 0.00530415 0.00724484 -0.0895817 0.0142882 -0.0704144 1 0 0 0 0 0 0 0
425 1 0.1 6.2103 0.808911 0.749907 -0.000778947 0.000168506 0.000876008 -0.00184377 -0.0106122 0.00369644 1 0 0 0 0 0 0 0
426 1 0.1 5.86597 1.41198 0.762522 -0.00319141 -0.00304894 -9.09414e-06 0.0544254 -0.0367321 -6.85273e-05 1 0 0 0 0 0 0 0
427 1 0.1 5.71941 1.54741 0.762624 -0.000485296 -0.00234644 -1.3139e-05 -0.0210882 -0.000361405 -0.0220983 1 0 0 0 0 0 0 0
428 1 0.1 5.99177 1.85313 0.762557 -0.000696544 0.00275414 0.00033012 0.023399 0.0103207 0.00908816 1 0 0 0 0 0 0 0
429 1 0.1 5.80428 1.78388 0.76264 0.00104001 0.00192194 4.40116e-05 0.0206954 -0.00492315 0.00545796 1 0 0 0 0 0 0 0
430 1 0.1 5.62932 1.88015 0.762604 0.000608419 -0.00128889 0.000184375 -0.0216614 -0.00867444 0.0431074 1 0 0 0 0 0 0 0
431 1 0.1 5.43626 2.10778 0.762708 0.0175804 -0.0166057 -0.00408515 0.00967173 -0.00523676 -0.0273067 1 0 0 0 0 0 0 0
432 1 0.1 4.97978 2.25833 0.749672 -0.0389292 0.000456452 -0.0187379 -0.0166633 -1.23383 0.138075 1 0 0 0 0 0 0 0
433 1 0.1 5.42778 2.52865 0.423403 0.00914692 0.0453977 -0.0193509 0.0222621 0.337968 0.604475 1 0 0 0 0 0 0 0
434 1 0.1 5.15068 2.58114 0.671013 0.00402311 -0.0279727 -0.00461347 -0.0655383 0.196916 0.182268 1 0 0 0 0 0 0 0
435 1 0.1 4.75582 2.79866 0.747644 -0.0718615 -0.0477921 -0.1076 0.393974 0.967485 -0.727451 1 0 0 0 0 0 0 0
436 1 0.1 4.52145 2.49514 0.759573 0.0268264 -0.0249223 0.0219456 0.294989 0.0022988 -0.419253 1 0 0 0 0 0 0 0
437 1 0.1 4.77093 3.11971 0.576221 -0.0183349 0.042246 -0.0499551 0.957822 -0.0318759 1.47597 1 0 0 0 0 0 0 0
438 1 0.1 4.90997 3.16082 0.763846 0.00640152 -0.00448441 -0.000180948 -0.0389751 -0.0504392 -0.208678 1 0 0 0 0 0 0 0
439 1 0.1 4.69912 3.445 0.762525 0.0244233 0.0155527 -0.00104617 -0.447117 0.237665 0.058001 1 0 0 0 0 0 0 0
440 1 0.1 5.05567 3.29757 0.7622 0.0153275 -0.0104472 0.000170406 0.121501 0.188785 0.114902 1 0 0 0 0 0 0 0
441 1 0.1 5.12528 3.69163 0.614425 -0.0193342 0.000902001 -0.000278717 0.135759 0.273968 -0.281361 1 0 0 0 0 0 0 0
442 1 0.1 5.3995 3.73109 0.515234 -0.104449 0.00183524 0.0101308 -0.128814 -0.308725 -0.0629513 1 0 0 0 0 0 0 0
443 1 0.1 5.41567 3.81541 0.762638 -0.0271568 0.0100289 -0.00215683 0.0305952 0.284419 -0.0982512 1 0 0 0 0 0 0 0
444 1 0.1 5.51415 3.9893 0.762461 -0.0122254 0.00400939 -0.00494588 -0.017783 -0.202909 -0.0834068 1 0 0 0 0 0 0 0
445 1 0.1 5.75496 3.97063 0.590057 0.00247099 -0.0155934 0.00794002 0.247817 0.161198 0.490985 1 0 0 0 0 0 0 0
446 1 0.1 5.74018 4.32251 0.762691 -0.00909704 -0.00268116 -0.000719781 -0.0453431 0.0344669 -0.0845038 1 0 0 0 0 0 0 0
447 1 0.1 5.9344 4.36974 0.762589 -0.00617356 -0.00658875 0.00189262 -0.0443295 -0.00115888 -0.0181958 1 0 0 0 0 0 0 0
448 1 0.1 6.00598 4.70519 0.757554 0.00779434 0.000682192 -0.010625 -0.2314 -0.289704 -0.111289 1 0 0 0 0 0 0 0
449 1 0.1 6.25774 5.23391 0.749981 0.00663606 0.00658215 -9.96564e-06 0.00172824 -0.00185881 0.0911551 1 0 0 0 0 0 0 0
450 1 0.1 6.07089 1.14582 0.713961 -0.0149828 0.0111907 0.0425196 0.434347 -1.37704 0.489218 1 0 0 0 0 0 0 0
451 1 0.1 5.95903 1.29082 0.633916 0.00080252 0.000431158 0.00116047 0.0273745 0.0407707 0.0300647 1 0 0 0 0 0 0 0
452 1 0.1 5.95952 1.58965 0.762769 -0.00111484 -6.64375e-05 -0.000102308 0.00072926 0.011066 0.0102744 1 0 0 0 0 0 0 0
453 1 0.1 5.90919 1.70834 0.610504 0.00196654 0.00151333 -0.000180271 0.00875754 -0.0246039 -0.0522992 1 0 0 0 0 0 0 0
454 1 0.1 5.66339 2.07662 0.760375 -0.00359646 0.0005055 -0.00084284 0.00998112 -0.0233673 0.00890861 1 0 0 0 0 0 0 0
455 1 0.1 5.45748 2.37518 0.762496 0.00808963 0.00897706 -0.0084964 -0.0345923 -0.0891993 0.0241208 1 0 0 0 0 0 0 0
456 1 0.1 5.30022 2.254 0.76649 0.0198325 -0.00928261 0.00147694 -0.0371397 -0.232269 0.17554 1 0 0 0 0 0 0 0
457 1 0.1 5.73014 2.30868 0.594989 -0.00410394 -0.00365693 -0.00800423 -0.152397 0.0892684 0.193918 1 0 0 0 0 0 0 0
458 1 0.1 5.30897 2.50821 0.763896 0.00146499 0.00445288 0.00587716 0.143177 0.23946 -0.0431356 1 0 0 0 0 0 0 0
459 1 0.1 5.46213 2.6618 0.760136 -0.0134477 -0.00945937 -0.0188969 0.336778 0.0418091 -0.0243013 1 0 0 0 0 0 0 0
460 1 0.1 5.30933 2.61765 0.556962 -0.0132657 -0.00106252 -0.0114092 -0.0437994 -0.136685 0.246087 1 0 0 0 0 0 0 0
461 1 0.1 4.96392 2.82212 0.762746 -0.0115389 0.021317 0.00445496 0.178995 0.150876 -0.0830993 1 0 0 0 0 0 0 0
462 1 0.1 4.74866 3.01848 0.760419 -0.402639 0.568061 -0.005011 0.416124 0.923054 4.99228 1 0 0 0 0 0 0 0
463 1 0.1 5.19518 3.17086 0.589065 -0.0650096 -0.132396 -0.118525 0.590556 0.0877558 -0.440434 1 0 0 0 0 0 0 0
464 1 0.1 4.99692 3.19649 0.587723 -0.047942 0.00469721 -0.0222946 0.770143 0.699856 -0.922196 1 0 0 0 0 0 0 0
465 1 0.1 5.19014 3.51052 0.562939 -0.0255187 -0.0108275 0.0364996 0.0590021 -0.0358457 -0.127814 1 0 0 0 0 0 0 0
466 1 0.1 5.26301 3.68715 0.757589 -0.0105383 -0.00734388 -0.00777275 0.19842 -0.16344 0.357992 1 0 0 0 0 0 0 0
467 1 0.1 5.48797 3.65068 0.675557 -0.0311333 0.0147655 -0.0203409 0.0587366 -0.0235853 0.180762 1 0 0 0 0 0 0 0
468 1 0.1 5.61268 3.78153 0.761908 -0.0265117 0.017042 -0.0152368 -0.0439206 -0.148689 0.164648 1 0 0 0 0 0 0 0
469 1 0.1 5.78991 3.8763 0.762601 -0.00710563 -0.0376424 0.000324269 0.0109512 -0.181722 0.0268722 1 0 0 0 0 0 0 0
470 1 0.1 5.97526 3.80133 0.761136 -0.00388343 -0.0502939 0.0284517 0.493866 -0.271565 -0.139407 1 0 0 0 0 0 0 0
471 1 0.1 5.85153 4.06646 0.76269 -0.0156859 -0.0445069 0.00301743 -0.00760966 0.545281 -0.60675 1 0 0 0 0 0 0 0
472 1 0.1 6.0363 4.14196 0.757136 -0.0869106 0.17776 0.000391585 -1.0432 -0.965154 3.02003 1 0 0 0 0 0 0 0
473 1 0.1 5.98039 4.94668 0.762667 0.0140898 -0.00047338 -7.49281e-05 0.0305802 -0.203865 0.146931 1 0 0 0 0 0 0 0
474 1 0.1 6.11799 4.84224 0.662123 0.0138517 -0.00128775 0.000973553 0.0387453 0.145815 -0.207834 1 0 0 0 0 0 0 0
475 1 0.1 6.06562 1.40207 0.761425 -0.00378031 -0.00943304 0.0136224 0.0739537 -0.110925 -0.065602 1 0 0 0 0 0 0 0
476 1 0.1 5.98636 1.48496 0.594628 0.000100168 0.000515196 -0.000139329 0.0147871 -0.0419475 -0.0289601 1 0 0 0 0 0 0 0
477 1 0.1 6.00693 2.14588 0.76255 0.00145369 0.000111432 1.30874e-05 0.00532974 -0.00907111 0.00889982 1 0 0 0 0 0 0 0
478 1 0.1 5.81828 2.21197 0.762559 0.000923492 -0.00320015 -0.000831968 -0.0296253 0.00630961 0.0244203 1 0 0 0 0 0 0 0
479 1 0.1 5.76968 2.4134 0.762275 0.0142407 0.0137859 -0.020955 -0.0982763 0.154814 0.121416 1 0 0 0 0 0 0 0
480 1 0.1 5.9434 3.12419 0.762584 -0.0187378 -0.00120686 0.00367409 -0.0120554 0.149923 0.152445 1 0 0 0 0 0 0 0
481 1 0.1 5.86644 2.7897 0.762501 -0.0169866 0.0382724 0.00480297 -0.223184 -0.417394 0.296833 1 0 0 0 0 0 0 0
482 1 0.1 5.59816 2.51598 0.765366 0.00702026 0.0078375 0.00468187 0.0252508 -1.11875 -0.0553505 1 0 0 0 0 0 0 0
483 1 0.1 5.69821 2.50576 0.593518 -0.024619 -0.00243027 -0.0105851 0.0892208 -0.0782215 0.0157974 1 0 0 0 0 0 0 0
484 1 0.1 5.55499 2.83834 0.76255 -0.0134409 -0.00724193 0.000944857 -0.0428302 0.0950217 0.0128078 1 0 0 0 0 0 0 0
485 1 0.1 5.27728 3.06521 0.762582 -0.0127058 -0.0285209 0.00215398 0.0458173 -0.00111795 -0.00155503 1 0 0 0 0 0 0 0
486 1 0.1 5.26803 2.70705 0.764368 -0.0117756 -0.0148079 0.00169619 0.197664 -0.166381 0.140438 1 0 0 0 0 0 0 0
487 1 0.1 5.0782 3.05611 0.76278 -0.00955666 -0.0181141 0.00512997 -0.0452924 0.0535848 -0.0802278 1 0 0 0 0 0 0 0
488 1 0.1 5.25287 3.26327 0.762777 -0.0529869 -0.0368416 -0.00147297 -0.359567 0.539397 0.234548 1 0 0 0 0 0 0 0
489 1 0.1 5.2972 3.34432 0.586332 -0.0732453 -0.036866 -0.000796372 0.453748 -0.260183 -0.344562 1 0 0 0 0 0 0 0
490 1 0.1 5.44777 3.3356 0.759288 -0.0357358 -0.00821476 0.0101482 -0.0984272 -0.0387763 -0.0320001 1 0 0 0 0 0 0 0
491 1 0.1 5.14748 3.47514 0.762512 -0.00379267 0.00126359 -0.000176839 0.0556747 0.170087 0.108635 1 0 0 0 0 0 0 0
492 1 0.1 5.36696 3.51761 0.76292 -0.00223872 0.000295549 0.000240935 0.00558796 0.0161035 -0.291739 1 0 0 0 0 0 0 0
493 1 0.1 5.74863 3.0791 0.76202 -0.0220305 -0.00172755 -0.00943653 0.0862082 -0.278211 -0.294996 1 0 0 0 0 0 0 0
494 1 0.1 5.57619 3.49406 0.763031 -0.042394 0.0185256 0.00419765 0.107321 0.339721 -0.0740521 1 0 0 0 0 0 0 0
495 1 0.1 5.81761 3.67831 0.762634 -0.0204836 -0.0310963 -0.00300957 -0.0567838 0.0768437 -0.148314 1 0 0 0 0 0 0 0
496 1 0.1 5.79654 3.47947 0.762562 -0.0431699 -0.0284426 -0.00211555 -0.00457851 0.257834 -0.0618291 1 0 0 0 0 0 0 0
497 1 0.1 5.88561 4.12102 0.573413 -0.0392977 0.0216076 0.0171786 -0.0282902 -0.0761326 0.0915609 1 0 0 0 0 0 0 0
498 1 0.1 6.071 4.51618 0.763057 -0.00267402 -0.00198561 0.0018689 -0.0745119 0.0552505 -0.0297783 1 0 0 0 0 0 0 0
499 1 0.1 6.19425 4.66258 0.705338 -0.00178783 -0.0161725 -0.0331022 0.0555444 0.527168 -0.130166 1 0 0 0 0 0 0 0
