500
0 1 0.1 6.08849 0.930795 0.149696 3.92664e-06 0.00192537 -0.000615478 -0.00589329 0.0105583 -0.03065 1 0 0 0 0 0 0 0
1 1 0.1 5.94713 1.07173 0.150438 -0.000373878 0.00164238 0.00319208 0.0421847 0.00742381 0.0359553 1 0 0 0 0 0 0 0
2 1 0.1 5.80695 1.21389 0.14426 -0.00118839 0.00204099 -0.00455148 -0.087085 -0.0453803 -0.010555 1 0 0 0 0 0 0 0
3 1 0.1 5.5238 1.4953 0.151102 -0.00367857 0.00711965 0.00974191 0.129869 0.00887055 0.054668 1 0 0 0 0 0 0 0
4 1 0.1 5.37413 1.64506 0.137645 -0.00620618 0.00173001 0.00827053 1.09542 0.369327 0.104164 1 0 0 0 0 0 0 0
5 1 0.1 5.23018 1.78834 0.137522 0.00236755 -0.0021515 0.000524118 0.009418 -0.00471242 -0.033015 1 0 0 0 0 0 0 0
6 1 0.1 5.07766 1.94664 0.137703 -0.0227215 0.0303964 -0.0047065 0.028734 0.0644446 0.388813 1 0 0 0 0 0 0 0
7 1 0.1 4.87627 2.14174 0.139231 0.00339943 -0.00154942 -0.00332896 -0.000729776 0.0277562 -0.0303709 1 0 0 0 0 0 0 0
8 1 0.1 4.66252 2.56201 0.135764 -0.00257808 -0.0108827 -0.00216557 0.146055 -0.00893365 0.0223338 1 0 0 0 0 0 0 0
9 1 0.1 4.81357 2.44495 0.30856 -0.000852126 -0.00687573 0.00216663 0.021885 -0.166271 0.089593 1 0 0 0 0 0 0 0
10 1 0.1 4.32992 2.69436 0.137488 0.00169314 -0.00375513 0.0009992 0.0128733 -0.0137044 -0.0166858 1 0 0 0 0 0 0 0
11 1 0.1 4.1964 2.82923 0.266882 0.00374135 -0.00212525 -0.00210212 -0.0602286 0.0333122 0.0664938 1 0 0 0 0 0 0 0
12 1 0.1 4.19095 2.98396 0.145989 -0.00355524 0.0074388 0.015597 0.239698 -0.110432 0.118853 1 0 0 0 0 0 0 0
13 1 0.1 4.27481 3.16115 0.136696 -0.00835428 0.00577537 -0.00186714 -0.538278 0.0870002 -0.0589371 1 0 0 0 0 0 0 0
14 1 0.1 4.36137 3.33806 0.154173 0.00207439 0.00533345 -0.030615 0.265834 0.153666 0.019569 1 0 0 0 0 0 0 0
15 1 0.1 4.52839 3.43632 0.195032 0.0179113 -0.00713719 -0.0156019 0.111601 0.018105 -0.026014 1 0 0 0 0 0 0 0
16 1 0.1 4.63092 3.59611 0.136811 0.0241052 -0.00663872 -0.00478023 0.0820004 0.156588 -0.112393 1 0 0 0 0 0 0 0
17 1 0.1 4.74756 3.75373 0.106384 -0.029605 0.087926 -0.095995 2.7733 7.11373 -0.986465 1 0 0 0 0 0 0 0
18 1 0.1 4.90929 3.85953 0.156197 -0.00430061 -0.00832066 0.00268943 -0.161621 0.114286 0.034343 1 0 0 0 0 0 0 0
19 1 0.1 5.17699 4.14822 0.19267 -0.0046457 -0.00259222 0.00324083 -0.0749493 -0.000928544 0.295545 1 0 0 0 0 0 0 0
20 1 0.1 5.33564 4.25648 0.137463 -0.0135811 0.00586506 0.000857366 -0.0438893 -0.0113718 -0.180744 1 0 0 0 0 0 0 0
21 1 0.1 5.44051 4.4261 0.150196 0.000179508 0.000480194 -0.00127931 -0.0094626 -0.0353121 0.0327696 1 0 0 0 0 0 0 0
22 1 0.1 5.58241 4.56646 0.145997 0.000136304 0.000341397 -0.000178459 0.0159437 -0.00217715 -0.0275211 1 0 0 0 0 0 0 0
23 1 0.1 5.72695 4.70424 0.143034 0.00130463 -0.000515505 0.000644859 -0.00160936 0.00496025 0.00740706 1 0 0 0 0 0 0 0
24 1 0.1 6.00556 4.99046 0.149819 0.000662162 0.000166295 0.000112262 -0.001347 0.00103188 -0.0149041 1 0 0 0 0 0 0 0
25 1 0.1 6.22943 0.789284 0.149995 -0.000557465 0.000261342 -0.000465111 -0.00600307 -0.00170605 0.00973182 1 0 0 0 0 0 0 0
26 1 0.1 5.98108 1.30895 0.168754 0.0148465 -0.0284173 -0.00302453 -0.205591 -0.139446 -0.352101 1 0 0 0 0 0 0 0
27 1 0.1 5.89712 1.48767 0.137282 0.0293735 -0.0221767 -0.0004862 0.304942 0.287773 -0.0545804 1 0 0 0 0 0 0 0
28 1 0.1 5.66531 1.35446 0.150882 1.21037e-05 0.00734964 -0.00706173 0.0912612 0.00583862 -0.0304569 1 0 0 0 0 0 0 0
29 1 0.1 5.56888 1.68886 0.137229 -0.00840932 0.0104031 -0.00027563 -0.234018 -0.102391 0.00351729 1 0 0 0 0 0 0 0
30 1 0.1 5.42038 1.84917 0.137185 0.0196073 -0.0535987 -0.0027266 0.524469 0.192458 -0.478257 1 0 0 0 0 0 0 0
31 1 0.1 5.27067 1.99856 0.138484 -0.0184079 -0.000137528 0.00307807 -0.0233836 -0.147006 -0.690864 1 0 0 0 0 0 0 0
32 1 0.1 5.06909 2.19357 0.137569 0.0102384 -0.0197495 -0.00407629 -0.0241267 -0.0414992 -0.16938 1 0 0 0 0 0 0 0
33 1 0.1 4.65608 2.36279 0.148755 0.00569964 -0.0106103 0.00527297 0.026588 -0.0384524 -0.117795 1 0 0 0 0 0 0 0
34 1 0.1 4.86267 2.5561 0.137376 0.0131758 -0.0091703 -0.000951087 0.0239868 0.068095 -0.00757451 1 0 0 0 0 0 0 0
35 1 0.1 4.5275 2.71315 0.161375 -0.00320756 -0.00453034 0.0404164 -0.051197 -0.417388 0.0875565 1 0 0 0 0 0 0 0
36 1 0.1 4.78124 2.67162 0.27817 0.00114772 -0.0148812 -0.00701823 -0.0177983 -0.181928 0.113139 1 0 0 0 0 0 0 0
37 1 0.1 4.37522 2.88807 0.13735 0.00252776 -0.00760674 0.00109283 -0.0048911 0.0216141 0.0128958 1 0 0 0 0 0 0 0
38 1 0.1 4.45746 3.06952 0.136155 -0.00267512 -0.0038897 -0.000340278 0.025754 -0.0776943 0.013909 1 0 0 0 0 0 0 0
39 1 0.1 4.55202 3.24551 0.14043 -0.0245081 0.00746259 -0.0387137 -0.0188253 0.259868 0.325823 1 0 0 0 0 0 0 0
40 1 0.1 4.79753 3.46697 0.301786 -0.0433859 -0.0190708 -0.00587206 0.187676 0.436121 -0.570251 1 0 0 0 0 0 0 0
41 1 0.1 5.01943 3.64721 0.135769 -0.0121017 0.00343303 0.00308192 -0.0641592 -0.0966912 0.0169535 1 0 0 0 0 0 0 0
42 1 0.1 5.10543 3.82789 0.138424 -0.00264922 -0.00264203 -0.00433019 -0.0674913 0.011941 0.0227233 1 0 0 0 0 0 0 0
43 1 0.1 5.0357 4.01443 0.147895 -0.00272849 -0.00311447 -0.00346663 0.09289 -0.0476163 -0.0316448 1 0 0 0 0 0 0 0
44 1 0.1 5.43103 4.03906 0.161633 -0.00686132 -0.00250514 0.00662862 0.0270486 0.0366861 -0.028938 1 0 0 0 0 0 0 0
45 1 0.1 5.56513 4.18427 0.137392 -0.00117325 -0.00594846 0.00113306 -0.0482411 0.0110409 -0.0597766 1 0 0 0 0 0 0 0
46 1 0.1 5.63213 4.3714 0.146474 -0.00329592 -0.00262464 -0.00557783 -0.0106375 0.0184246 0.124686 1 0 0 0 0 0 0 0
47 1 0.1 5.78185 4.5028 0.137275 -0.00820303 0.00436801 -0.00420043 -0.0163057 -0.0447904 -0.0483675 1 0 0 0 0 0 0 0
48 1 0.1 5.86416 4.84927 0.149985 0.000332558 0.000633111 0.000197358 -0.00133946 -0.0017539 0.00534776 1 0 0 0 0 0 0 0
49 1 0.1 6.14686 5.13186 0.150056 1.72808e-05 0.000592541 0.000341166 0.00540551 0.0032162 0.0129302 1 0 0 0 0 0 0 0
50 1 0.1 6.37077 0.647945 0.149984 0.000252339 2.38003e-05 3.92662e-05 -0.000717893 -0.00105067 -0.00627862 1 0 0 0 0 0 0 0
51 1 0.1 6.13222 1.14552 0.137325 6.19781e-05 0.0024715 0.000324791 -0.0149392 0.000561285 -0.022001 1 0 0 0 0 0 0 0
52 1 0.1 5.9947 1.66213 0.137177 0.00472033 -0.00830799 0.000826713 0.0768362 0.0466396 0.364464 1 0 0 0 0 0 0 0
53 1 0.1 5.7792 1.65136 0.13715 0.00103438 -0.00513867 0.00108069 0.055219 0.0162325 0.0317882 1 0 0 0 0 0 0 0
54 1 0.1 5.69922 1.84027 0.137311 -0.00279038 0.00445896 -0.00226462 -0.0583242 -0.00841765 -0.0523066 1 0 0 0 0 0 0 0
55 1 0.1 5.54758 1.996 0.183546 -0.0250422 -0.0144713 -0.0123142 -1.09588 -0.695417 0.929993 1 0 0 0 0 0 0 0
56 1 0.1 5.48691 2.18083 0.137267 -0.0834571 -0.0274483 -0.00469187 0.307443 -0.838279 -0.140765 1 0 0 0 0 0 0 0
57 1 0.1 5.26894 2.19851 0.137456 0.0114424 0.00114904 0.000363799 -0.00649769 0.00667411 0.381371 1 0 0 0 0 0 0 0
58 1 0.1 5.16666 2.29278 0.281064 -0.00447566 -0.0228358 0.00739207 0.0277681 0.0388041 0.0920991 1 0 0 0 0 0 0 0
59 1 0.1 4.87979 2.35707 0.137304 0.0066926 -0.00668412 -0.000122172 0.0417997 0.0536872 -0.0167176 1 0 0 0 0 0 0 0
60 1 0.1 4.96606 2.72995 0.238364 -0.0118186 0.00197841 -0.0108734 0.000731312 0.253449 0.104826 1 0 0 0 0 0 0 0
61 1 0.1 4.70789 2.79788 0.13801 -0.376906 0.0448123 0.0230711 0.0720932 -0.156759 0.0587143 1 0 0 0 0 0 0 0
62 1 0.1 4.87511 3.05247 0.134469 0.0023563 0.00910755 -1.16414e-05 0.0164092 0.112257 0.153375 1 0 0 0 0 0 0 0
63 1 0.1 4.65385 3.02482 0.13498 -0.005043 0.00159551 -0.000109117 -0.027739 -0.00984596 0.0297543 1 0 0 0 0 0 0 0
64 1 0.1 4.73885 3.3142 0.159036 -0.138626 0.265695 0.129782 3.45896 -0.789206 2.75017 1 0 0 0 0 0 0 0
65 1 0.1 4.91236 3.62954 0.299624 -0.0158182 -0.0323867 0.00532231 0.204047 0.0109147 0.355409 1 0 0 0 0 0 0 0
66 1 0.1 5.22124 3.66588 0.137247 0.0016985 0.000289727 -0.00196621 0.0163627 0.0140608 0.0220757 1 0 0 0 0 0 0 0
67 1 0.1 5.37243 3.79646 0.136978 0.00735877 -0.00192159 -0.000782553 0.011934 -0.0979872 0.000577039 1 0 0 0 0 0 0 0
68 1 0.1 5.24636 3.96923 0.137253 -0.00487216 -0.000927895 -0.000377664 0.0507504 -0.113476 0.0172015 1 0 0 0 0 0 0 0
69 1 0.1 5.60238 4.03442 0.316221 0.000345555 -0.00613849 0.00106052 -0.0348227 -0.00718005 -0.0345035 1 0 0 0 0 0 0 0
70 1 0.1 5.71944 4.1872 0.264028 0.00479247 -0.00375352 -0.00237993 0.0344158 0.0105314 -0.000727192 1 0 0 0 0 0 0 0
71 1 0.1 5.81983 4.30318 0.137102 0.00142582 0.000208477 -0.00063891 0.0110533 0.0132709 0.00735559 1 0 0 0 0 0 0 0
72 1 0.1 5.98085 4.42131 0.13743 0.00215255 0.000105712 0.000511025 0.0257295 -0.00219347 -0.00820109 1 0 0 0 0 0 0 0
73 1 0.1 6.15329 4.85579 0.137206 -0.00140505 0.000466907 0.000718539 -0.0108443 -0.0172048 0.0201542 1 0 0 0 0 0 0 0
74 1 0.1 6.39327 5.36976 0.15 0.000734663 0.000543 5.61177e-05 -0.00242706 -0.00110818 0.00979239 1 0 0 0 0 0 0 0
75 1 0.1 6.415 0.862581 0.137497 -0.000412167 0.00013499 -0.000155217 -0.00420894 -0.00545998 -0.0130968 1 0 0 0 0 0 0 0
76 1 0.1 6.27399 1.00434 0.137331 -0.000302716 -0.000222308 4.24302e-05 0.00426007 -0.0165923 0.00381599 1 0 0 0 0 0 0 0
77 1 0.1 6.12387 1.49231 0.137241 0.0160521 0.00868233 0.000787236 -0.0777341 0.16499 -0.216261 1 0 0 0 0 0 0 0
78 1 0.1 5.89907 1.83775 0.139538 -0.00579437 -0.0167003 0.00291943 -0.0677678 -0.0464003 -0.160635 1 0 0 0 0 0 0 0
79 1 0.1 5.70968 2.14618 0.335488 -0.0494771 0.00288498 0.0123013 -0.315423 -0.114167 0.977496 1 0 0 0 0 0 0 0
80 1 0.1 5.69782 2.1194 0.137463 -0.0370881 -0.00412852 -0.00174678 0.0425387 -0.282587 -0.442955 1 0 0 0 0 0 0 0
81 1 0.1 5.65936 2.31356 0.165066 -0.0161398 -0.00449163 0.0139181 0.208256 -0.130682 0.170945 1 0 0 0 0 0 0 0
82 1 0.1 5.60945 2.75615 0.13716 -0.017128 -0.0166763 -0.00044291 0.157447 -0.179101 0.0182125 1 0 0 0 0 0 0 0
83 1 0.1 5.47314 2.38027 0.137286 -0.0190685 -0.0204004 -0.00329069 0.166807 -0.193897 0.0442154 1 0 0 0 0 0 0 0
84 1 0.1 5.0788 2.39322 0.135395 -0.0143363 -0.0157514 0.00191717 0.0695612 -0.192565 0.291549 1 0 0 0 0 0 0 0
85 1 0.1 5.06654 2.59246 0.136802 -0.0121084 -0.0100935 -0.00100782 -0.0489866 -0.140774 0.0213343 1 0 0 0 0 0 0 0
86 1 0.1 5.28311 2.88039 0.296626 0.0238622 -0.0113746 0.013899 -0.087989 0.136961 0.0845594 1 0 0 0 0 0 0 0
87 1 0.1 4.9943 2.89553 0.136433 -0.0230781 -0.00314995 0.000331799 0.0824582 -0.205066 -0.389249 1 0 0 0 0 0 0 0
88 1 0.1 4.94007 3.23939 0.1371 0.0095171 -0.0017687 -0.00171803 0.0664746 0.0120095 -0.237771 1 0 0 0 0 0 0 0
89 1 0.1 4.90451 3.43545 0.137115 -0.0454822 -0.0074866 -0.00185808 0.0287733 -0.470367 0.803929 1 0 0 0 0 0 0 0
90 1 0.1 5.19869 3.46793 0.137337 0.0129591 -0.000573652 -0.000890946 -0.0391845 0.0431829 0.112338 1 0 0 0 0 0 0 0
91 1 0.1 5.38201 3.54693 0.137371 0.00714947 0.007863 -0.000370877 0.0281108 -0.045708 -0.00254576 1 0 0 0 0 0 0 0
92 1 0.1 5.5508 3.70657 0.137455 0.00806416 -0.00673013 0.000190879 -0.00407572 -0.00199906 0.0127668 1 0 0 0 0 0 0 0
93 1 0.1 5.76584 3.84713 0.137402 0.00176294 -0.0030665 0.00124202 0.0331556 0.0642129 0.0170096 1 0 0 0 0 0 0 0
94 1 0.1 5.69667 4.03423 0.1375 -0.00268384 -0.00610361 0.00169001 -0.0732733 0.085887 0.0392038 1 0 0 0 0 0 0 0
95 1 0.1 5.89381 4.00067 0.137443 -0.000422178 -0.00233566 -0.000562991 0.0203774 0.000917559 0.000483772 1 0 0 0 0 0 0 0
96 1 0.1 6.02315 4.15308 0.137235 0.00265438 -0.00315552 -0.000981603 0.015483 0.0341367 -0.019754 1 0 0 0 0 0 0 0
97 1 0.1 6.07338 4.57397 0.22687 0.00249329 -0.000524332 0.00350066 -0.00497596 0.00702342 0.0133781 1 0 0 0 0 0 0 0
98 1 0.1 6.29433 4.99722 0.139329 -0.000944046 0.000848336 0.000240552 -0.00232575 -0.00150787 -0.0135443 1 0 0 0 0 0 0 0
99 1 0.1 6.39409 5.17033 0.137496 0.000957066 0.000157905 1.24734e-05 0.00100003 0.00275058 -0.00884819 1 0 0 0 0 0 0 0
100 1 0.1 6.35557 0.661633 0.349988 0.0455705 -0.0720426 -0.000465855 -0.000400351 -0.000429135 -0.00573551 1 0 0 0 0 0 0 0
101 1 0.1 6.32084 1.2118 0.137495 -0.000585323 0.00262768 -0.000626047 -0.0203234 -0.00729483 0.0376885 1 0 0 0 0 0 0 0
102 1 0.1 6.17658 1.32009 0.22381 6.8741e-05 0.00429635 -0.000299793 0.0241631 -0.0137455 -0.0352119 1 0 0 0 0 0 0 0
103 1 0.1 5.84429 2.2315 0.215278 -0.0532805 -0.000960823 0.0065061 -0.0787229 -0.0437307 -0.67569 1 0 0 0 0 0 0 0
104 1 0.1 5.79017 2.92872 0.335219 -0.0138976 -0.0476437 0.00914048 -0.0563373 -0.306245 0.00670416 1 0 0 0 0 0 0 0
105 1 0.1 5.83335 2.41493 0.137216 0.00691334 -0.000192649 -0.00035279 0.000480636 0.0581511 0.0123942 1 0 0 0 0 0 0 0
106 1 0.1 5.69806 2.5769 0.137474 -0.0363089 -0.0265073 0.000974099 0.0402093 -0.00649941 0.0182742 1 0 0 0 0 0 0 0
107 1 0.1 5.63486 3.04947 0.371236 -0.000992891 -0.0228501 -0.0131512 0.220789 -0.0403362 -0.0848243 1 0 0 0 0 0 0 0
108 1 0.1 5.40321 2.77184 0.137489 0.00160767 -0.0104781 -0.000419495 -0.0388267 -0.0221453 0.0449566 1 0 0 0 0 0 0 0
109 1 0.1 5.45519 2.57901 0.148999 -0.0195338 -0.0208641 -0.00924087 -0.132817 0.0755129 -0.0822686 1 0 0 0 0 0 0 0
110 1 0.1 5.26248 2.63031 0.137068 -0.0125172 0.00172056 0.000670623 -0.0668938 -0.0670315 -0.0868617 1 0 0 0 0 0 0 0
111 1 0.1 5.17755 2.8156 0.137474 -0.0230251 0.00385114 0.000730631 -0.0429045 -0.210676 0.00116202 1 0 0 0 0 0 0 0
112 1 0.1 5.36418 2.96762 0.136537 -0.00484384 -0.0100815 -0.00151474 0.0341449 0.153879 0.0575425 1 0 0 0 0 0 0 0
113 1 0.1 5.19219 3.11075 0.137029 0.00701334 -0.00205861 -0.000986506 0.156493 0.100865 0.00986318 1 0 0 0 0 0 0 0
114 1 0.1 5.30857 3.19522 0.275745 0.00913503 0.000503071 -0.00455086 -0.0199718 -0.0357682 0.0568152 1 0 0 0 0 0 0 0
115 1 0.1 5.34665 3.33387 0.137287 0.00803611 -0.001561 -0.00224432 0.00942543 0.0549189 -0.0647098 1 0 0 0 0 0 0 0
116 1 0.1 5.46137 3.14173 0.137358 -0.00651702 -0.00586161 -1.77569e-05 0.0439326 -0.0477817 0.0058318 1 0 0 0 0 0 0 0
117 1 0.1 5.527 3.29874 0.241149 -0.0127358 -0.00548765 0.0033882 -0.0437488 -0.0775323 -0.0229124 1 0 0 0 0 0 0 0
118 1 0.1 5.76862 3.6474 0.137382 0.00596191 -0.00286549 -0.000597909 0.0154183 0.06423 0.0296997 1 0 0 0 0 0 0 0
119 1 0.1 5.93677 3.82229 0.238069 -0.0153705 -0.0556894 0.017579 -0.152994 -0.234026 -0.705849 1 0 0 0 0 0 0 0
120 1 0.1 5.59477 3.4707 0.137408 -0.00102964 -0.0020686 -0.000509054 0.0251779 -0.00732747 0.0342582 1 0 0 0 0 0 0 0
121 1 0.1 5.72012 3.31506 0.137445 -0.000751119 -0.000670392 -0.000310263 -0.0409482 -0.0576773 -0.0409095 1 0 0 0 0 0 0 0
122 1 0.1 6.03145 4.29107 0.28101 0.00530525 -0.000737392 -0.00675187 -0.0583089 0.0194381 0.0411693 1 0 0 0 0 0 0 0
123 1 0.1 6.22474 4.66901 0.137458 0.000898686 0.00119665 0.000601574 -0.00972691 0.00973403 0.0173727 1 0 0 0 0 0 0 0
124 1 0.1 6.3067 4.81783 0.259672 -0.0072102 0.0142977 0.0116767 0.175899 -0.133424 0.315141 1 0 0 0 0 0 0 0
125 1 0.1 5.93164 1.08567 0.351128 0.0444582 -0.0706738 0.000872224 0.0115763 -0.0301336 -0.00579199 1 0 0 0 0 0 0 0
126 1 0.1 5.79044 1.22666 0.350604 0.0448535 -0.0692813 0.000446166 0.00403463 0.00697305 -0.00427888 1 0 0 0 0 0 0 0
127 1 0.1 5.6508 1.369 0.349705 0.0497783 -0.0631176 0.0015841 0.00150225 0.0119983 -0.0638629 1 0 0 0 0 0 0 0
128 1 0.1 5.50802 1.50801 0.351032 0.04259 -0.0703899 0.0030823 -0.0626822 0.0596851 0.131699 1 0 0 0 0 0 0 0
129 1 0.1 5.3698 1.65013 0.336946 0.0416156 -0.0729349 0.0116362 -0.102185 0.183784 0.246842 1 0 0 0 0 0 0 0
130 1 0.1 5.17083 1.85521 0.316525 -0.00730859 0.0120889 -0.00923848 -0.0531516 0.0754909 0.0768627 1 0 0 0 0 0 0 0
131 1 0.1 5.02908 1.99576 0.325262 -0.0239101 0.0029392 0.00131997 0.0310677 0.0984139 0.0979008 1 0 0 0 0 0 0 0
132 1 0.1 4.89511 2.13267 0.38018 -0.00355224 0.00462417 0.00632239 -0.0384654 -0.0041034 -0.0359745 1 0 0 0 0 0 0 0
133 1 0.1 4.77719 2.25249 0.272911 0.00455473 -0.00323198 0.000100237 -0.0524698 -0.0209777 -0.0382667 1 0 0 0 0 0 0 0
134 1 0.1 4.65117 2.37367 0.438117 0.0109479 -0.00839672 -0.00558173 0.0218029 0.144825 -0.0632112 1 0 0 0 0 0 0 0
135 1 0.1 4.44942 2.56678 0.359116 0.0032035 -0.0052585 -0.00822978 -0.0848391 -0.0280236 0.0284428 1 0 0 0 0 0 0 0
136 1 0.1 4.36459 2.74379 0.328528 0.0141425 -0.00516294 -0.0155621 -0.0535683 0.209254 -0.108164 1 0 0 0 0 0 0 0
137 1 0.1 4.19123 2.99974 0.370807 0.00113121 -0.00411066 -0.00143921 -0.0508119 0.0174384 -0.0313099 1 0 0 0 0 0 0 0
138 1 0.1 4.21956 3.19626 0.348188 0.00253298 -0.000198926 -0.00298908 0.0503992 0.00977923 0.024445 1 0 0 0 0 0 0 0
139 1 0.1 4.36144 3.33669 0.359473 0.00400188 0.00147969 -0.000290753 0.030722 0.0113354 0.0206936 1 0 0 0 0 0 0 0
140 1 0.1 4.58844 3.5708 0.329218 6.90203e-05 -0.0121914 -0.00614186 0.279959 -0.0328027 -0.0513968 1 0 0 0 0 0 0 0
141 1 0.1 4.73851 3.71854 0.331674 -0.00393769 -0.00256828 -0.00253287 0.120921 -0.00232939 -0.121148 1 0 0 0 0 0 0 0
142 1 0.1 4.87626 3.86084 0.353028 0.000977289 -0.00143583 0.00418309 -0.0663425 0.00364964 0.0522905 1 0 0 0 0 0 0 0
143 1 0.1 5.01742 4.00235 0.349934 -0.000858527 -0.000449794 0.00182536 -0.012949 -0.0130654 -0.0110446 1 0 0 0 0 0 0 0
144 1 0.1 5.3414 4.14943 0.306203 -0.00516921 0.00904184 0.00653297 0.0271499 -0.0378721 -0.203408 1 0 0 0 0 0 0 0
145 1 0.1 5.36876 4.34595 0.330436 0.00401086 0.00826503 0.00801354 -0.0278862 -0.0746363 0.0974622 1 0 0 0 0 0 0 0
146 1 0.1 5.50754 4.48804 0.357087 0.00134642 -0.00415503 0.000839133 -0.0156847 -0.0128029 -0.00635148 1 0 0 0 0 0 0 0
147 1 0.1 5.64785 4.6302 0.349998 4.01078e-05 0.00212613 -0.00320193 -0.0221923 0.0234316 0.0494351 1 0 0 0 0 0 0 0
148 1 0.1 5.79321 4.77129 0.367382 -0.000558753 -0.00188602 0.00355984 -0.012967 -0.0198771 -0.0169739 1 0 0 0 0 0 0 0
149 1 0.1 5.93206 4.91445 0.353009 -0.000686939 -0.00169633 0.00233451 -0.0208835 -0.00338089 -0.00865478 1 0 0 0 0 0 0 0
150 1 0.1 6.07286 0.944343 0.350255 0.0450025 -0.071509 0.000814055 0.0102499 0.00620395 -0.0022944 1 0 0 0 0 0 0 0
151 1 0.1 5.88205 1.51961 0.333249 0.0281548 -0.0305226 0.000351376 -0.237327 -0.323709 -0.00667829 1 0 0 0 0 0 0 0
152 1 0.1 5.69109 1.55743 0.289358 0.0294354 -0.0494298 -0.00902795 0.372375 0.195794 0.230188 1 0 0 0 0 0 0 0
153 1 0.1 5.78099 1.94113 0.289004 -0.00232382 0.0369497 -0.0295952 0.00418703 0.539912 0.824459 1 0 0 0 0 0 0 0
154 1 0.1 5.56306 1.8239 0.284189 -0.000185953 -0.00202033 0.0105279 0.400713 0.20831 0.0314284 1 0 0 0 0 0 0 0
155 1 0.1 5.36998 1.8481 0.330157 -0.0131943 -0.0786969 -0.0184127 -0.198952 -0.54313 0.311389 1 0 0 0 0 0 0 0
156 1 0.1 5.19842 2.09753 0.29852 -0.0392982 -0.0276135 0.0205778 0.315589 -0.191795 -0.794079 1 0 0 0 0 0 0 0
157 1 0.1 5.154 2.20731 0.460219 0.0483516 -0.060537 -0.00157793 0.260734 0.0827729 0.917018 1 0 0 0 0 0 0 0
158 1 0.1 4.88872 2.32116 0.446314 0.0152832 0.00763475 0.00274506 0.0769915 0.0739292 0.162693 1 0 0 0 0 0 0 0
159 1 0.1 4.882 2.76277 0.426876 0.0781322 0.0867645 -0.0424834 -1.87813 1.58986 0.482318 1 0 0 0 0 0 0 0
160 1 0.1 4.64137 2.54123 0.330078 -0.000155864 -0.0133783 -0.00722356 -0.0719631 0.0295304 -0.0743749 1 0 0 0 0 0 0 0
161 1 0.1 4.56161 2.73331 0.360736 0.0246401 0.00348375 -0.0522683 -0.0808354 0.0437086 0.0406281 1 0 0 0 0 0 0 0
162 1 0.1 4.38037 2.98975 0.309034 0.00389747 -0.0105623 -0.0046441 -0.00255355 -0.00420144 0.00644412 1 0 0 0 0 0 0 0
163 1 0.1 4.45874 3.17293 0.303989 -0.000985946 -0.0059249 -0.00203044 0.00879225 -0.00435193 -0.164973 1 0 0 0 0 0 0 0
164 1 0.1 4.60094 3.31083 0.332343 -0.137461 0.103542 0.24343 -1.3208 -3.63852 1.85085 1 0 0 0 0 0 0 0
165 1 0.1 4.82684 3.58342 0.471645 0.000717404 -0.0952053 -0.000729351 0.765573 0.350568 -1.00003 1 0 0 0 0 0 0 0
166 1 0.1 5.05923 3.59372 0.426014 0.00633288 -0.0049724 -0.0119992 -0.00948533 0.185713 0.157555 1 0 0 0 0 0 0 0
167 1 0.1 5.05532 3.77383 0.34058 -0.0023007 -0.000993617 0.00430565 0.163298 -0.0476867 -0.101494 1 0 0 0 0 0 0 0
168 1 0.1 5.25569 4.0283 0.439965 -0.0112697 0.00535984 0.00251269 0.0574132 0.0191403 0.118059 1 0 0 0 0 0 0 0
169 1 0.1 5.45683 4.0118 0.45116 -0.00425463 -0.000266939 -0.00217076 -0.0222396 -0.0413965 -0.00812867 1 0 0 0 0 0 0 0
170 1 0.1 5.50769 4.20454 0.402477 -0.00857568 0.0118203 0.0109834 0.275594 0.087972 0.411959 1 0 0 0 0 0 0 0
171 1 0.1 5.65405 4.35267 0.354425 0.00423507 -0.00474833 0.00314933 0.0461647 -0.0657912 0.0164025 1 0 0 0 0 0 0 0
172 1 0.1 5.8337 4.43195 0.316865 0.00267804 0.00341838 -0.0106779 0.0366721 0.248625 0.0378003 1 0 0 0 0 0 0 0
173 1 0.1 5.87883 4.62565 0.260731 -0.00349386 -0.00165376 0.000701101 0.0628781 0.0137568 -0.0310041 1 0 0 0 0 0 0 0
174 1 0.1 6.14645 5.12729 0.358765 -0.000420474 -0.00147151 0.00181644 -0.0155943 -0.00334303 -0.00383662 1 0 0 0 0 0 0 0
175 1 0.1 6.21419 0.803004 0.350033 0.0454945 -0.0718591 -0.000427981 0.000981054 0.000959577 -0.00023185 1 0 0 0 0 0 0 0
176 1 0.1 5.95658 1.33686 0.365259 0.0224376 -0.0340718 -0.000347403 -0.175388 -0.105996 0.408195 1 0 0 0 0 0 0 0
177 1 0.1 5.79627 1.7433 0.313849 -0.0380853 0.0350002 -0.0148195 -0.274966 0.316937 1.57335 1 0 0 0 0 0 0 0
178 1 0.1 5.88311 2.07149 0.401128 -0.0400344 0.026238 0.015645 0.910921 -0.18596 -0.478559 1 0 0 0 0 0 0 0
179 1 0.1 5.61713 1.98013 0.396182 0.0325253 -0.031884 0.0383766 0.106789 0.308343 -0.0790452 1 0 0 0 0 0 0 0
180 1 0.1 5.46478 2.08408 0.471438 0.035425 0.0492969 -0.0882552 0.463134 -2.64295 0.341768 1 0 0 0 0 0 0 0
181 1 0.1 5.3967 2.08004 0.283989 -0.0665129 -0.0701323 -0.0428332 0.211572 0.830077 0.348617 1 0 0 0 0 0 0 0
182 1 0.1 5.26015 2.37661 0.459445 -0.0468109 -0.00214799 -0.0114707 -0.297669 -0.0537808 0.235025 1 0 0 0 0 0 0 0
183 1 0.1 5.01228 2.43727 0.315821 -0.00156466 0.00998503 -0.00473715 -0.24656 0.24325 0.104781 1 0 0 0 0 0 0 0
184 1 0.1 5.06335 2.5873 0.433664 -0.0169361 0.00899893 -7.64744e-05 -0.209606 -0.187858 -0.277167 1 0 0 0 0 0 0 0
185 1 0.1 4.90912 2.84189 0.609015 -0.078911 0.127766 -0.0537523 1.90632 0.855064 -0.253389 1 0 0 0 0 0 0 0
186 1 0.1 4.78742 2.58325 0.456188 -0.00167125 0.000717564 -0.00577317 -0.112751 -0.108896 0.139676 1 0 0 0 0 0 0 0
187 1 0.1 4.544 2.89487 0.244213 0.0313368 0.0427821 -0.0326588 0.0979309 0.433113 0.639422 1 0 0 0 0 0 0 0
188 1 0.1 4.66465 3.04183 0.328909 0.000764279 -0.00988972 -0.000720772 0.126898 0.12423 0.12397 1 0 0 0 0 0 0 0
189 1 0.1 4.91456 3.31493 0.357753 -0.0112395 0.00870298 0.00471923 -0.0694908 0.17711 -0.000962882 1 0 0 0 0 0 0 0
190 1 0.1 5.06434 3.45495 0.284231 0.0156991 -0.00239386 -0.00395839 0.201157 0.137701 -0.16452 1 0 0 0 0 0 0 0
191 1 0.1 5.23308 3.61222 0.329451 0.00492488 -0.0228695 -0.00986961 0.0783766 0.102647 -0.0552414 1 0 0 0 0 0 0 0
192 1 0.1 5.22349 3.87748 0.312914 -0.00384206 0.00314076 0.00332253 -0.0554033 0.122619 0.123269 1 0 0 0 0 0 0 0
193 1 0.1 5.47416 3.88584 0.282452 -0.000907366 -0.00291499 0.00357999 0.0132035 0.00210527 -0.00815281 1 0 0 0 0 0 0 0
194 1 0.1 5.66572 3.90269 0.452435 0.0120198 -0.00971447 -0.00361032 0.280996 0.103747 -0.0328556 1 0 0 0 0 0 0 0
195 1 0.1 5.73463 4.10827 0.446378 0.00301329 -0.00504258 -0.0048916 0.0310779 -0.00289008 -0.0901299 1 0 0 0 0 0 0 0
196 1 0.1 5.86741 4.24424 0.385082 0.00870729 -0.00841032 -0.00538352 0.0416032 0.0617825 0.00543008 1 0 0 0 0 0 0 0
197 1 0.1 5.78838 3.96284 0.302962 0.000216743 -0.00587934 -0.00110083 0.00523957 0.0228185 0.00155302 1 0 0 0 0 0 0 0
198 1 0.1 6.02186 4.76467 0.256505 -0.000852329 -0.00187775 0.00352811 0.00019315 0.0144936 0.0254751 1 0 0 0 0 0 0 0
199 1 0.1 6.28707 5.2687 0.344519 -0.000291618 -0.000793854 0.000562552 -0.00340159 -0.00356154 0.00256028 1 0 0 0 0 0 0 0
200 1 0.1 6.27833 0.993339 0.336632 -0.000671688 -0.00118264 -0.000183939 0.00483971 0.0124667 -0.0258907 1 0 0 0 0 0 0 0
201 1 0.1 6.12201 1.14447 0.336892 0.0292093 -0.0263364 -0.000663491 0.268202 0.130549 0.458459 1 0 0 0 0 0 0 0
202 1 0.1 6.06884 1.58428 0.30558 0.0130479 0.00513101 0.00289488 0.0627145 -0.10406 0.418745 1 0 0 0 0 0 0 0
203 1 0.1 5.89308 2.40746 0.447183 -0.0463785 -0.020439 0.00386856 0.0750879 0.11347 -0.0592037 1 0 0 0 0 0 0 0
204 1 0.1 5.82973 2.52861 0.301259 -0.0131503 -0.0058461 0.00209992 0.052075 -0.13447 0.232992 1 0 0 0 0 0 0 0
205 1 0.1 5.54018 2.2483 0.385913 -0.193196 0.212289 0.0058303 1.09677 1.50636 -0.609916 1 0 0 0 0 0 0 0
206 1 0.1 5.36476 2.30377 0.30524 -0.00449817 0.010976 -0.00380315 0.278538 0.145642 -0.0337739 1 0 0 0 0 0 0 0
207 1 0.1 5.39869 2.49843 0.380201 -0.0207444 0.0552656 -0.00613561 -0.101337 0.0823085 0.345079 1 0 0 0 0 0 0 0
208 1 0.1 5.27678 2.41395 0.145396 -0.015434 -0.00894759 -0.00969004 -0.353712 0.165484 -0.162309 1 0 0 0 0 0 0 0
209 1 0.1 5.3472 2.68789 0.33365 -0.0218149 0.0020826 -0.00402326 -0.0323949 0.0578752 -0.192813 1 0 0 0 0 0 0 0
210 1 0.1 5.42391 2.83752 0.441783 -0.00232162 -0.0116705 -0.000643151 0.0811717 -0.0899956 -0.0836691 1 0 0 0 0 0 0 0
211 1 0.1 5.15264 2.69096 0.291865 -0.0183142 -0.000791542 -0.000227041 -0.0473455 -0.00944247 0.200704 1 0 0 0 0 0 0 0
212 1 0.1 4.72838 2.85388 0.337044 -0.000868174 -0.0146096 -0.0158002 0.0288837 -0.116092 -0.186674 1 0 0 0 0 0 0 0
213 1 0.1 4.83001 3.14431 0.298363 -0.00882391 0.00675883 0.00699497 0.0780719 -0.139762 0.0468271 1 0 0 0 0 0 0 0
214 1 0.1 5.12472 3.29055 0.190057 0.00716814 0.00129725 -0.00334951 -0.130472 -0.178076 -0.0545705 1 0 0 0 0 0 0 0
215 1 0.1 5.24755 3.38272 0.31807 0.0165253 -0.000618138 -0.0136718 -0.0495876 -0.151449 0.191175 1 0 0 0 0 0 0 0
216 1 0.1 5.4793 3.48336 0.299805 0.00117912 0.000789681 -0.000458832 0.0109039 0.0227049 -0.134931 1 0 0 0 0 0 0 0
217 1 0.1 5.41343 3.6945 0.303989 -0.00429161 -0.00841485 -0.00269085 0.108837 -0.0964379 0.203559 1 0 0 0 0 0 0 0
218 1 0.1 5.73916 3.76995 0.319715 0.0051322 -0.00785737 0.002212 -0.0150762 0.0383665 0.0464124 1 0 0 0 0 0 0 0
219 1 0.1 5.93183 3.65524 0.358122 -0.0805463 -0.0474792 0.0706508 -0.0745028 -1.88183 0.0259645 1 0 0 0 0 0 0 0
220 1 0.1 5.81452 3.41149 0.457863 -0.0283587 -0.0882422 0.0124921 -0.0703087 -0.79908 -0.915385 1 0 0 0 0 0 0 0
221 1 0.1 5.89043 3.83632 0.432091 -0.00605079 -0.00948155 0.0159552 0.0507188 -0.208356 -0.0309077 1 0 0 0 0 0 0 0
222 1 0.1 5.84445 3.50652 0.257058 0.00282159 -0.0281955 -0.0282916 0.321663 0.0366133 -0.166464 1 0 0 0 0 0 0 0
223 1 0.1 6.12827 4.93201 0.320087 -0.000754046 -0.00279907 0.000707966 0.043347 0.0216672 0.00282691 1 0 0 0 0 0 0 0
224 1 0.1 6.30978 5.01348 0.339882 -0.000715219 -0.00155002 0.0014636 0.0196771 -0.00116798 0.0143091 1 0 0 0 0 0 0 0
225 1 0.1 6.27623 1.26142 0.386832 0.00201243 0.00449521 0.00100322 -0.0207871 0.0160392 0.0385276 1 0 0 0 0 0 0 0
226 1 0.1 5.8798 2.03679 0.140893 -0.0487871 -0.0219751 0.00124085 0.0391282 0.206459 0.244531 1 0 0 0 0 0 0 0
227 1 0.1 6.17585 1.4361 0.386551 0.00744232 0.00163699 0.00165876 0.00876244 -0.123574 -0.286398 1 0 0 0 0 0 0 0
228 1 0.1 5.95192 2.57577 0.141086 -0.0131059 0.0150494 -0.0056411 -0.0935557 -0.0973218 0.239137 1 0 0 0 0 0 0 0
229 1 0.1 5.5638 2.96414 0.137454 -0.00420726 0.00220824 0.000202848 -0.018077 -0.00803169 0.0929552 1 0 0 0 0 0 0 0
230 1 0.1 5.80047 3.16131 0.377904 0.00327757 -0.0223756 -0.0938889 -0.215066 1.0143 0.0700213 1 0 0 0 0 0 0 0
231 1 0.1 5.71141 2.34693 0.355185 -0.0455052 -0.0176368 0.02265 -0.021759 -0.12903 0.0607481 1 0 0 0 0 0 0 0
232 1 0.1 5.58635 2.47734 0.270048 -0.0357062 -0.0241064 0.00696751 -0.112479 -0.0112603 -0.0458547 1 0 0 0 0 0 0 0
233 1 0.1 5.73782 2.71334 0.292055 -0.0310717 -0.0366214 -0.0389998 0.137576 0.10496 -0.047273 1 0 0 0 0 0 0 0
234 1 0.1 5.54327 2.66932 0.303956 -0.0290702 -0.0204432 -0.00784502 -0.0453565 -0.00185044 -0.0306757 1 0 0 0 0 0 0 0
235 1 0.1 5.60356 2.85952 0.316437 -0.0177657 -0.0263396 -0.0159809 -0.0223897 0.00728522 -0.234849 1 0 0 0 0 0 0 0
236 1 0.1 5.48418 3.03243 0.568485 0.0296697 0.0127822 -0.000185465 0.211627 -0.0601917 0.00414597 1 0 0 0 0 0 0 0
237 1 0.1 5.07701 2.87307 0.32156 -0.00382293 0.00357032 -0.00496861 0.0537387 -0.266862 -0.184472 1 0 0 0 0 0 0 0
238 1 0.1 5.17568 3.04644 0.325068 0.018528 -0.00745878 0.00120184 -0.145145 -0.00321236 -0.0270155 1 0 0 0 0 0 0 0
239 1 0.1 5.31926 3.00707 0.458516 0.0200179 1.08028e-05 0.0127443 -0.384456 0.0889888 0.410671 1 0 0 0 0 0 0 0
240 1 0.1 5.45303 2.9909 0.312675 -0.00457057 -0.0113148 -0.00655069 -0.0367077 0.161362 0.0360578 1 0 0 0 0 0 0 0
241 1 0.1 5.51291 3.22903 0.593692 -0.00719218 -0.00637263 0.00365713 -0.21882 -0.280825 -0.246786 1 0 0 0 0 0 0 0
242 1 0.1 5.44173 3.15983 0.420331 0.00991831 0.00025703 -0.0059955 0.0891407 -0.105598 -0.283519 1 0 0 0 0 0 0 0
243 1 0.1 5.54574 3.41806 0.476741 -0.0344374 -0.0560423 -0.00799652 0.0867115 0.0287961 -0.758053 1 0 0 0 0 0 0 0
244 1 0.1 5.63912 3.60142 0.28262 0.00807935 -0.00975879 0.00173247 0.0255537 -0.0250978 -0.00986845 1 0 0 0 0 0 0 0
245 1 0.1 5.65376 3.13434 0.191236 -0.00511856 0.00224617 -0.00145004 0.0788711 0.136796 -0.0307039 1 0 0 0 0 0 0 0
246 1 0.1 5.67936 3.40772 0.310709 0.00197049 -0.0171295 -0.0163323 0.103749 0.366686 -0.0951142 1 0 0 0 0 0 0 0
247 1 0.1 5.9956 4.37922 0.456412 0.00485789 -0.00579158 -0.00441494 0.0782127 0.036303 0.0975214 1 0 0 0 0 0 0 0
248 1 0.1 6.11287 4.56414 0.422451 -0.00482508 0.00259759 0.00627132 0.00267922 -0.0882034 0.133257 1 0 0 0 0 0 0 0
249 1 0.1 6.1745 4.75236 0.394643 -0.00494109 -0.00588703 0.00160626 -0.0810883 0.0381215 -0.0833013 1 0 0 0 0 0 0 0
250 1 0.1 6.02508 0.998634 0.540032 0.000790926 0.000252639 -0.000229692 0.00105985 0.00687808 -0.0104955 1 0 0 0 0 0 0 0
251 1 0.1 5.8587 1.15953 0.550002 5.73293e-05 -7.40808e-05 0.00048015 0.0173825 0.00822297 -0.0251741 1 0 0 0 0 0 0 0
252 1 0.1 5.7186 1.30186 0.541665 -0.000899403 -0.000193201 0.00057809 -0.0166672 -0.00294129 -0.0128482 1 0 0 0 0 0 0 0
253 1 0.1 5.52245 1.49632 0.550119 0.00385243 -0.00264226 0.00799154 -0.0588275 -0.20852 0.0223625 1 0 0 0 0 0 0 0
254 1 0.1 5.38323 1.63927 0.538366 0.0037066 -0.00250225 -0.00672851 -0.0224783 0.0647269 -0.0286562 1 0 0 0 0 0 0 0
255 1 0.1 5.24178 1.78028 0.540337 0.00789044 0.00261855 -0.0359972 -0.462225 0.0172644 -0.0547096 1 0 0 0 0 0 0 0
256 1 0.1 5.10657 1.92226 0.503756 -0.00431123 0.00288531 0.0305609 0.810277 0.594292 0.0813309 1 0 0 0 0 0 0 0
257 1 0.1 4.90442 2.12556 0.579717 0.00885977 -0.00753578 0.00505905 0.146015 0.117139 -0.138499 1 0 0 0 0 0 0 0
258 1 0.1 4.74945 2.2775 0.582797 0.0170444 -0.0150985 -0.00520601 0.0276871 -0.0609557 -0.0413834 1 0 0 0 0 0 0 0
259 1 0.1 4.71408 2.47962 0.608737 -0.00812976 0.0117337 -0.00331243 0.0224571 -0.0101329 -0.217996 1 0 0 0 0 0 0 0
260 1 0.1 4.59721 2.60753 0.512052 0.00434349 0.0170236 -0.0163405 -0.124769 -0.11116 0.0843404 1 0 0 0 0 0 0 0
261 1 0.1 4.43261 2.8333 0.49306 0.0594394 -0.0479821 -0.0131217 0.403144 0.116934 -0.254504 1 0 0 0 0 0 0 0
262 1 0.1 4.18857 2.90458 0.546288 0.00611717 0.0080858 0.00901605 -0.105346 -0.0316642 0.121499 1 0 0 0 0 0 0 0
263 1 0.1 4.18946 3.11017 0.55015 0.0204273 0.0935271 -0.00368706 0.166713 -0.00257916 0.93922 1 0 0 0 0 0 0 0
264 1 0.1 4.30106 3.28107 0.551816 -0.0874107 -0.105939 -0.0471531 0.0049659 0.587087 -1.32811 1 0 0 0 0 0 0 0
265 1 0.1 4.52245 3.50038 0.581035 0.00879199 -0.000408898 0.0419355 -0.138406 -0.507841 0.0592677 1 0 0 0 0 0 0 0
266 1 0.1 4.6644 3.63861 0.572446 0.0369914 -0.0302049 0.0209577 -0.656678 -0.196907 -0.00188346 1 0 0 0 0 0 0 0
267 1 0.1 4.80105 3.78096 0.543024 0.0196894 -0.0200523 -0.00737205 -0.0825659 -0.179325 0.324104 1 0 0 0 0 0 0 0
268 1 0.1 4.94347 3.92042 0.531504 0.00200045 0.00151221 0.00345133 -0.0323552 -0.0926829 -0.0427511 1 0 0 0 0 0 0 0
269 1 0.1 5.08289 4.05875 0.568599 0.00138295 0.00065967 0.00660403 -0.0402323 -0.0380307 0.0085454 1 0 0 0 0 0 0 0
270 1 0.1 5.22208 4.19908 0.538398 -0.000258596 0.00250789 0.00758261 -0.0410366 -0.0535461 0.0231879 1 0 0 0 0 0 0 0
271 1 0.1 5.37056 4.35118 0.536507 -0.00121233 -0.0011683 0.00299787 -0.0294386 -0.0247984 -0.0197864 1 0 0 0 0 0 0 0
272 1 0.1 5.51029 4.49248 0.556974 0.000554334 -0.00312259 0.00193845 -0.0326682 -0.0195225 -0.0344754 1 0 0 0 0 0 0 0
273 1 0.1 5.70637 4.68414 0.550295 -0.000673462 -0.00385143 0.00106378 -0.00731968 -0.0030142 -0.0178073 1 0 0 0 0 0 0 0
274 1 0.1 5.85609 4.83673 0.549651 -0.00585298 -0.0113455 0.00468832 0.0298376 -0.0175172 -0.0217236 1 0 0 0 0 0 0 0
275 1 0.1 6.16869 0.854487 0.555836 0.000434035 -0.000224161 0.000207575 0.000897329 -0.000758934 -0.00910298 1 0 0 0 0 0 0 0
276 1 0.1 5.96635 1.34376 0.564837 -0.00106011 0.00362755 0.00135119 -0.0200702 0.0175042 0.0144755 1 0 0 0 0 0 0 0
277 1 0.1 5.82117 1.47072 0.515843 -0.0018864 -0.000716094 -0.00326939 -0.0632639 -0.023708 0.00171399 1 0 0 0 0 0 0 0
278 1 0.1 5.63645 1.69462 0.423561 0.0439721 -0.0986306 0.045674 0.186879 0.406213 0.161154 1 0 0 0 0 0 0 0
279 1 0.1 5.53414 1.7633 0.580327 0.0386177 -0.0558959 0.0227034 -0.339819 -0.755206 -0.771254 1 0 0 0 0 0 0 0
280 1 0.1 5.40226 1.91279 0.58416 0.148253 0.0418334 -0.0675194 0.100187 -1.28662 -0.706646 1 0 0 0 0 0 0 0
281 1 0.1 5.29104 1.9927 0.439491 0.0818567 -0.0142525 -0.0555242 -1.29631 2.63891 0.032574 1 0 0 0 0 0 0 0
282 1 0.1 5.11403 2.08799 0.61414 0.0122361 -0.00591323 0.0369607 -0.85673 -0.354245 -1.18067 1 0 0 0 0 0 0 0
283 1 0.1 4.94827 2.3072 0.650634 -0.00813358 -0.00165727 -0.00531411 -0.26325 -0.513224 0.399263 1 0 0 0 0 0 0 0
284 1 0.1 4.93532 2.60337 0.584926 -0.0162398 0.0128854 -0.00177728 0.0187885 0.0119668 -0.0347822 1 0 0 0 0 0 0 0
285 1 0.1 4.49954 2.52694 0.740228 -0.124973 0.0712597 0.231552 1.12729 -2.17458 1.27315 1 0 0 0 0 0 0 0
286 1 0.1 4.51722 2.74996 0.659563 -0.47686 -0.25901 0.165083 -1.46861 -0.559346 -2.38629 1 0 0 0 0 0 0 0
287 1 0.1 4.48957 2.94907 0.644985 0.0534707 -0.0682518 -0.00165047 -0.107776 -0.079274 0.374971 1 0 0 0 0 0 0 0
288 1 0.1 4.37503 3.0586 0.496685 -0.00591765 -0.000148019 -0.012151 0.0265776 0.0360068 -2.0126 1 0 0 0 0 0 0 0
289 1 0.1 4.50226 3.30355 0.572871 -0.0163932 -0.00460032 0.00227894 0.410897 -0.562642 -0.406141 1 0 0 0 0 0 0 0
290 1 0.1 4.67368 3.45659 0.456994 -0.0393443 -0.0412018 -0.0103778 0.306934 -0.664975 0.37704 1 0 0 0 0 0 0 0
291 1 0.1 4.95907 3.47401 0.573851 0.0538898 -0.0734926 -0.0453343 -0.623688 0.229698 1.44182 1 0 0 0 0 0 0 0
292 1 0.1 5.10211 3.70369 0.583995 0.00129138 -0.00775773 -0.004392 0.172525 -0.0502686 0.130289 1 0 0 0 0 0 0 0
293 1 0.1 5.13461 3.87816 0.492014 0.00102638 -0.00290439 0.005782 -0.0189581 0.0824674 0.00696656 1 0 0 0 0 0 0 0
294 1 0.1 5.30612 3.9769 0.626259 -0.00422631 -0.00599378 -0.000202468 0.11469 0.00568558 0.0718259 1 0 0 0 0 0 0 0
295 1 0.1 5.41994 4.16208 0.57714 -0.00703879 -0.00323504 -0.000229433 0.079666 -0.0544733 -0.0298947 1 0 0 0 0 0 0 0
296 1 0.1 5.56413 4.3003 0.568699 -0.00551577 -0.00323531 0.0184307 -0.0256326 -0.152511 0.0248246 1 0 0 0 0 0 0 0
297 1 0.1 5.70764 4.46715 0.543876 0.00209846 -0.00855059 0.00227507 -0.00523054 0.0167472 -0.00129688 1 0 0 0 0 0 0 0
298 1 0.1 5.84493 4.579 0.451929 -0.000399585 -0.00789489 0.000905309 0.00329262 0.0062694 0.000696507 1 0 0 0 0 0 0 0
299 1 0.1 6.13827 5.10858 0.586979 -0.0273929 -0.0351858 0.00866606 -0.00152327 -0.0958876 0.0404676 1 0 0 0 0 0 0 0
300 1 0.1 6.30993 0.711518 0.549947 0.00157066 -0.00107983 -0.000420859 0.0110577 -0.00387834 -0.00428982 1 0 0 0 0 0 0 0
301 1 0.1 6.08731 1.18841 0.534158 0.000866319 0.00159267 0.000805023 0.00880603 0.00364408 0.0048303 1 0 0 0 0 0 0 0
302 1 0.1 6.00273 1.58692 0.494073 0.00401586 0.0390564 0.00376639 -0.142618 -0.0915527 -1.01498 1 0 0 0 0 0 0 0
303 1 0.1 5.86911 1.70227 0.587476 0.000975795 0.0569641 -0.0169377 -0.0580263 -0.187116 0.823784 1 0 0 0 0 0 0 0
304 1 0.1 5.72015 1.83652 0.580789 -0.0166123 0.0842157 0.0238873 -0.512963 0.403262 2.27707 1 0 0 0 0 0 0 0
305 1 0.1 5.59465 1.9924 0.594194 -0.0911893 0.00107935 0.0207373 -0.207274 0.938145 0.326017 1 0 0 0 0 0 0 0
306 1 0.1 5.40948 2.27019 0.53843 -0.0699909 0.0310365 0.0726339 -0.892257 -0.222086 -0.424776 1 0 0 0 0 0 0 0
307 1 0.1 5.19937 2.30694 0.636279 -0.0405871 0.029333 0.000691632 -0.225211 -0.0711907 0.247545 1 0 0 0 0 0 0 0
308 1 0.1 5.21039 2.50128 0.312115 -0.0190096 -0.000278067 -0.0173563 0.366568 -0.379775 -0.160695 1 0 0 0 0 0 0 0
309 1 0.1 5.0664 2.44167 0.566529 -0.031934 0.019244 0.00759827 0.0860663 0.106244 0.175958 1 0 0 0 0 0 0 0
310 1 0.1 5.11635 2.68534 0.595875 -0.0161639 0.00758928 -0.0079519 0.0365641 0.100906 -0.0108264 1 0 0 0 0 0 0 0
311 1 0.1 4.71015 2.77971 0.531555 0.139061 0.117764 0.400772 -1.80903 2.22639 2.45906 1 0 0 0 0 0 0 0
312 1 0.1 4.61084 2.94873 0.491979 0.0404002 -0.0373928 -0.0076432 0.106674 0.169087 0.161667 1 0 0 0 0 0 0 0
313 1 0.1 4.57277 3.15419 0.463846 -0.0118558 -0.0101554 0.00466662 -0.123782 -0.118722 -0.0440274 1 0 0 0 0 0 0 0
314 1 0.1 4.76005 3.2216 0.462122 -0.0195112 -0.0133451 0.0172789 0.170988 0.00698487 -0.0246589 1 0 0 0 0 0 0 0
315 1 0.1 4.94804 3.25467 0.557721 0.00285057 0.0114559 -0.0217693 -0.251237 -0.174663 -0.075211 1 0 0 0 0 0 0 0
316 1 0.1 5.08904 3.34625 0.449542 -0.00270056 -0.00183088 -0.0072335 -0.171629 -0.0562791 -0.259233 1 0 0 0 0 0 0 0
317 1 0.1 5.20318 3.53558 0.551415 0.00398984 -0.00105928 -0.00544231 -0.0147143 -0.0440564 -0.0833152 1 0 0 0 0 0 0 0
318 1 0.1 5.37251 3.83104 0.444542 -0.00447228 -0.00120354 -0.000769669 -0.0327457 -0.0454325 0.0106567 1 0 0 0 0 0 0 0
319 1 0.1 5.49558 3.87772 0.594902 -0.00586411 0.00173291 -0.00225584 -0.0168957 0.0386854 -0.0117353 1 0 0 0 0 0 0 0
320 1 0.1 5.61233 4.03984 0.58787 -0.00228488 -0.00146406 -0.00563351 0.00502891 0.00399168 -0.0388986 1 0 0 0 0 0 0 0
321 1 0.1 5.82589 4.12975 0.622918 0.00152759 -0.00639415 -0.00325824 0.106093 -0.0755456 -0.0930365 1 0 0 0 0 0 0 0
322 1 0.1 5.84163 4.32163 0.570171 0.00901117 -0.00693992 0.00243858 -0.0657475 0.0486514 0.0292712 1 0 0 0 0 0 0 0
323 1 0.1 5.98443 4.72187 0.448204 -0.00281564 -0.00364987 0.00390966 0.00745279 -0.0127426 0.0571366 1 0 0 0 0 0 0 0
324 1 0.1 6.27342 5.25051 0.547522 -0.0290151 -0.0298745 0.0168777 0.00298271 -0.0318598 0.0209666 1 0 0 0 0 0 0 0
325 1 0.1 6.35704 0.897328 0.493403 0.00104018 -0.000840637 -0.000830989 -0.00967402 0.023536 0.00584281 1 0 0 0 0 0 0 0
326 1 0.1 6.2238 1.04352 0.522014 0.00133536 -0.000240402 -5.50402e-05 -0.00452675 0.00237693 -0.00272266 1 0 0 0 0 0 0 0
327 1 0.1 5.8706 1.87369 0.454392 -0.0320928 0.091679 0.00813152 -0.597662 -0.785344 -0.639705 1 0 0 0 0 0 0 0
328 1 0.1 5.91562 2.24579 0.667381 -0.0277515 -0.00289556 0.000263301 -0.108039 -0.00853811 0.271781 1 0 0 0 0 0 0 0
329 1 0.1 5.77686 2.07086 0.570546 -0.090569 -0.0199215 -0.0200228 0.167491 -0.409677 -0.358091 1 0 0 0 0 0 0 0
330 1 0.1 5.58696 2.19188 0.586551 -0.0675685 0.0042842 0.032157 -0.0143444 0.966811 -0.417198 1 0 0 0 0 0 0 0
331 1 0.1 5.7761 2.26561 0.525795 -0.0422105 -0.0189669 0.0128368 0.100872 0.175171 -0.0450902 1 0 0 0 0 0 0 0
332 1 0.1 5.75527 2.45577 0.583749 -0.0404397 -0.0140953 0.00341099 -0.127412 -0.0837382 -0.00220445 1 0 0 0 0 0 0 0
333 1 0.1 5.68614 2.56836 0.434063 -0.0289542 -0.0233425 -0.010689 -0.0187766 -0.0490933 -0.0289683 1 0 0 0 0 0 0 0
334 1 0.1 5.39756 2.69362 0.587028 0.00114959 0.00448616 0.00668259 -0.0262248 0.0573188 -0.133961 1 0 0 0 0 0 0 0
335 1 0.1 5.25549 2.58724 0.487784 -0.0161059 0.0515887 0.00816332 0.0489421 -0.0935216 0.00856557 1 0 0 0 0 0 0 0
336 1 0.1 5.22359 2.78297 0.460235 0.0138843 0.00636825 0.0248415 -0.0861159 -0.168248 -0.271998 1 0 0 0 0 0 0 0
337 1 0.1 4.76605 2.98323 0.612559 0.0338141 -0.0199407 -0.0138265 -0.0322068 -0.106932 0.159494 1 0 0 0 0 0 0 0
338 1 0.1 4.9669 3.02717 0.383363 0.00231812 0.012227 -0.000562388 -0.0746639 0.313356 0.101978 1 0 0 0 0 0 0 0
339 1 0.1 5.09536 3.14848 0.476532 0.0156521 -0.00014787 -0.00478681 0.0432484 0.0169325 0.0678941 1 0 0 0 0 0 0 0
340 1 0.1 5.26785 3.24782 0.464153 0.00949822 0.00482177 -0.0104431 0.00480221 0.00725598 0.147206 1 0 0 0 0 0 0 0
341 1 0.1 5.37243 3.37085 0.581729 -0.00190568 0.000244764 0.00148623 0.0916517 -0.132662 -0.103108 1 0 0 0 0 0 0 0
342 1 0.1 5.3832 3.5339 0.466705 0.00568167 0.000270034 0.000955258 0.0331186 -0.00630817 0.0745128 1 0 0 0 0 0 0 0
343 1 0.1 5.57176 3.72903 0.421084 -0.00504459 -0.0032839 -0.0078621 -0.0809389 0.156551 -0.107965 1 0 0 0 0 0 0 0
344 1 0.1 5.67448 3.75812 0.590174 -0.0121827 -0.00925721 -0.00262187 -0.320848 0.118325 -0.517165 1 0 0 0 0 0 0 0
345 1 0.1 5.7882 3.36638 0.759743 -0.0271305 -0.0821953 0.00986087 -0.033115 -0.172754 0.477844 1 0 0 0 0 0 0 0
346 1 0.1 5.81165 3.93378 0.58768 -0.0163867 -0.00298632 0.00213074 -0.0983023 -0.065498 -0.122352 1 0 0 0 0 0 0 0
347 1 0.1 6.00065 3.99875 0.593236 -0.0194431 0.00954684 0.0100896 -0.0890333 -0.077326 0.253927 1 0 0 0 0 0 0 0
348 1 0.1 6.00032 4.97398 0.532513 0.02599 -0.0177686 0.0996124 0.0952025 -1.17636 -0.162036 1 0 0 0 0 0 0 0
349 1 0.1 6.20662 4.94029 0.503645 -0.0065422 -0.0238291 0.00334171 0.16168 -0.0840253 0.081753 1 0 0 0 0 0 0 0
350 1 0.1 6.38928 1.13976 0.579656 -0.00146021 0.00395967 -0.000430473 0.0242798 0.0113446 0.0679008 1 0 0 0 0 0 0 0
351 1 0.1 6.25581 1.28863 0.583738 0.00052083 0.00609471 0.000270491 -0.00437896 -0.0225963 -0.00444162 1 0 0 0 0 0 0 0
352 1 0.1 6.12962 1.45813 0.579691 -0.000490091 0.00835076 -0.00256674 -0.00247775 0.00992592 0.0015656 1 0 0 0 0 0 0 0
353 1 0.1 5.96017 1.89165 0.762533 0.00325927 0.0141983 -0.00281702 -0.024511 -0.0357594 0.0141327 1 0 0 0 0 0 0 0
354 1 0.1 5.85857 2.75248 0.137547 -0.0127648 0.0145584 -0.0110145 0.149997 -0.116145 -0.233836 1 0 0 0 0 0 0 0
355 1 0.1 5.75993 2.92628 0.137497 -0.000508123 0.0209514 -0.000616251 0.0186824 0.015031 0.0940907 1 0 0 0 0 0 0 0
356 1 0.1 5.71538 2.70301 0.638625 -0.0156339 -0.0400938 -0.0191108 0.0484823 0.0975921 -0.267162 1 0 0 0 0 0 0 0
357 1 0.1 5.80678 2.76578 0.47224 -0.0299039 -0.0590562 -0.034921 -0.0162579 0.108712 -0.116097 1 0 0 0 0 0 0 0
358 1 0.1 5.21874 2.7112 0.763449 -0.00529721 0.00136595 -0.00474036 0.0319184 0.0747449 0.0390524 1 0 0 0 0 0 0 0
359 1 0.1 5.60028 2.74231 0.480119 -0.018894 -0.0186643 -0.0116926 -0.00412236 0.0804627 -0.0674364 1 0 0 0 0 0 0 0
360 1 0.1 5.693 2.92432 0.515847 -0.00278038 -0.0415671 -0.0254719 -0.0942121 0.218325 -0.144847 1 0 0 0 0 0 0 0
361 1 0.1 5.55398 2.85174 0.639707 -0.000884849 -0.0188738 -0.00670276 0.0591017 0.00271726 -0.153147 1 0 0 0 0 0 0 0
362 1 0.1 5.31971 2.876 0.608016 0.0260123 0.0108442 0.0106726 0.0658133 -0.0105348 -0.0928933 1 0 0 0 0 0 0 0
363 1 0.1 5.12454 2.95225 0.4989 -0.00705296 -0.00423129 0.00335861 -0.136732 -0.0177524 -0.273088 1 0 0 0 0 0 0 0
364 1 0.1 5.4741 2.98618 0.762678 0.00155066 -0.013934 -0.00513975 -0.0211573 -0.117388 -0.0121198 1 0 0 0 0 0 0 0
365 1 0.1 5.31274 3.12703 0.616808 -0.00290951 0.0176324 -0.00295669 0.112014 -0.0389958 0.0527264 1 0 0 0 0 0 0 0
366 1 0.1 5.67596 3.11907 0.557846 -0.0449716 -0.040679 -0.0559488 -0.256491 1.33195 -0.0765227 1 0 0 0 0 0 0 0
367 1 0.1 5.61764 3.25886 0.762527 -0.0208902 -0.0698088 -0.000665914 0.0390808 0.018624 0.624955 1 0 0 0 0 0 0 0
368 1 0.1 5.62409 3.56166 0.591745 -0.0489039 -0.0560585 0.0018862 0.0584198 0.346378 -0.370075 1 0 0 0 0 0 0 0
369 1 0.1 5.75134 3.61683 0.447746 -0.0512792 -0.000633714 0.0189862 -0.119472 -0.66255 1.29958 1 0 0 0 0 0 0 0
370 1 0.1 5.68588 3.32916 0.58821 -0.0210048 0.0171083 0.0335196 -0.250532 -0.333047 0.537757 1 0 0 0 0 0 0 0
371 1 0.1 5.6219 3.24496 0.410985 0.021591 -0.0202388 -0.00488972 -0.0722906 0.092849 0.0597948 1 0 0 0 0 0 0 0
372 1 0.1 5.92484 4.05442 0.416769 -0.00137982 -0.0120196 -0.000213064 0.034181 -0.0810338 -0.00408395 1 0 0 0 0 0 0 0
373 1 0.1 6.0261 4.51749 0.596209 0.000257914 -0.00947588 0.00287488 0.0263192 0.0610645 0.0932123 1 0 0 0 0 0 0 0
374 1 0.1 6.12267 4.69229 0.589575 7.37179e-06 0.00100836 0.00260631 0.00163173 -0.0137516 -0.0156489 1 0 0 0 0 0 0 0
375 1 0.1 6.11801 0.90629 0.751969 0.000699206 0.000222339 0.000566369 -4.52097e-05 -0.0105604 -0.00751798 1 0 0 0 0 0 0 0
376 1 0.1 5.84224 1.18473 0.762353 7.07499e-05 -4.49377e-05 -0.00117093 -4.37514e-05 0.011816 -0.00766816 1 0 0 0 0 0 0 0
377 1 0.1 5.70103 1.32567 0.760094 0.000427738 -0.000520153 -0.00266288 -0.0394238 0.00192663 -0.00868732 1 0 0 0 0 0 0 0
378 1 0.1 5.56017 1.46588 0.744721 0.00174436 -0.0017341 -0.0077964 -0.0382535 0.0019131 0.00587911 1 0 0 0 0 0 0 0
379 1 0.1 5.43512 1.62038 0.730503 0.0103259 0.0044662 -0.00746469 0.00912118 0.0354195 -0.110272 1 0 0 0 0 0 0 0
380 1 0.1 5.28002 1.7417 0.749611 0.00442823 -0.00595368 -0.00936111 -0.133106 0.0227813 0.245923 1 0 0 0 0 0 0 0
381 1 0.1 5.13015 1.89399 0.748932 -0.0200284 0.0173654 0.00804549 -0.0963788 -0.114856 -0.128833 1 0 0 0 0 0 0 0
382 1 0.1 4.98966 2.03565 0.761835 -0.0233857 0.019023 -0.000215568 0.0414432 0.0544281 0.317993 1 0 0 0 0 0 0 0
383 1 0.1 4.8328 2.19208 0.76265 -0.0134874 0.00770964 -0.005901 -0.211032 0.119245 -0.00965511 1 0 0 0 0 0 0 0
384 1 0.1 4.72345 2.35716 0.763788 -0.0125438 0.00654886 -0.00676666 0.0653911 0.194066 0.0500052 1 0 0 0 0 0 0 0
385 1 0.1 4.4033 2.6189 0.54874 0.000176587 0.00128302 -0.00968542 0.0412562 0.154982 0.0893784 1 0 0 0 0 0 0 0
386 1 0.1 4.18638 2.89793 0.747814 0.00645888 0.00347807 -0.0122926 -0.0958958 0.149012 -0.210142 1 0 0 0 0 0 0 0
387 1 0.1 4.19253 3.11578 0.758523 -0.0138363 -0.0326279 -0.0304625 0.0257215 0.315082 -0.347266 1 0 0 0 0 0 0 0
388 1 0.1 4.30297 3.28245 0.755138 -0.0279342 -0.0235345 -0.0434343 0.154272 0.433595 -0.333407 1 0 0 0 0 0 0 0
389 1 0.1 4.45065 3.43403 0.755229 -0.0112077 -0.0224881 0.0162578 0.0191204 -0.0452807 -0.151488 1 0 0 0 0 0 0 0
390 1 0.1 4.59211 3.57666 0.752236 -0.00515811 -0.0343972 0.0578679 -0.208733 -0.385566 -0.302408 1 0 0 0 0 0 0 0
391 1 0.1 4.73467 3.71831 0.755115 0.00376426 -0.00779828 0.030499 -0.280201 -0.149327 0.0214653 1 0 0 0 0 0 0 0
392 1 0.1 4.87976 3.85731 0.710101 -0.00568159 -0.00826562 -0.00211483 0.0255103 0.0310518 -0.096553 1 0 0 0 0 0 0 0
393 1 0.1 5.01503 3.99838 0.753063 -0.000837379 -0.00181958 -0.00255609 -0.00109099 0.0298695 -0.0166587 1 0 0 0 0 0 0 0
394 1 0.1 5.15767 4.13828 0.761016 -0.00232119 0.000313976 -0.00999159 0.0297025 0.102071 -0.00645017 1 0 0 0 0 0 0 0
395 1 0.1 5.32187 4.30015 0.749341 -0.00294992 -0.00475384 -0.0020526 0.0327997 -0.00597181 -0.0457766 1 0 0 0 0 0 0 0
396 1 0.1 5.46315 4.44135 0.749988 -0.00650417 -0.00685284 -0.0006826 -0.0109967 0.0131237 0.0508822 1 0 0 0 0 0 0 0
397 1 0.1 5.60437 4.58274 0.749811 -0.00941396 -0.00787707 -0.0136634 0.0408888 0.181882 -0.0884461 1 0 0 0 0 0 0 0
398 1 0.1 5.77662 4.75014 0.762584 -0.00399747 -0.00595645 0.00118035 -0.0462854 0.00930327 -0.0483145 1 0 0 0 0 0 0 0
399 1 0.1 5.91884 4.89654 0.748985 -0.000724009 -0.00168551 0.00154057 -0.00398866 -0.015894 -0.00634865 1 0 0 0 0 0 0 0
400 1 0.1 6.2594 0.765086 0.751897 0.000249585 1.96318e-05 0.00070949 0.0163443 -0.00978993 -0.00400116 1 0 0 0 0 0 0 0
401 1 0.1 5.99578 1.06226 0.727228 0.00027297 0.000255864 -0.000808493 -0.00550716 -0.00944508 0.00967468 1 0 0 0 0 0 0 0
402 1 0.1 5.86612 1.50466 0.76253 0.00120281 -0.0116571 0.000733671 -0.049596 -0.179835 -0.386683 1 0 0 0 0 0 0 0
403 1 0.1 5.72193 1.58129 0.647363 0.0252213 0.0304805 -0.0052593 -0.124116 0.154299 -0.333845 1 0 0 0 0 0 0 0
404 1 0.1 5.61392 1.70005 0.76347 0.0046863 0.014459 -0.00012979 0.189362 -0.16424 0.627117 1 0 0 0 0 0 0 0
405 1 0.1 5.46005 1.82587 0.754576 -0.0029775 0.0115135 -0.0223556 -0.098671 -0.0952095 -0.158175 1 0 0 0 0 0 0 0
406 1 0.1 5.38754 2.01065 0.762743 -0.0751575 -0.0157285 0.00202448 -0.0317634 0.817908 1.01599 1 0 0 0 0 0 0 0
407 1 0.1 5.31073 2.10755 0.599742 0.00385412 -0.0533377 -0.0366944 1.89377 -0.637982 2.05522 1 0 0 0 0 0 0 0
408 1 0.1 5.08005 2.21078 0.764034 -0.0171104 0.0101617 0.0028023 0.209635 0.391524 -0.404056 1 0 0 0 0 0 0 0
409 1 0.1 4.83277 2.52576 0.762613 0.00169667 -0.000928755 -0.000754586 -0.0018604 0.00744842 0.000420467 1 0 0 0 0 0 0 0
410 1 0.1 4.27858 2.7487 0.630353 0.00890004 -0.0110163 0.0103328 0.231313 -0.0345344 -0.178728 1 0 0 0 0 0 0 0
411 1 0.1 4.37492 2.85418 0.766137 0.0186847 -0.0351874 0.00541353 -0.438981 -0.373752 -0.332356 1 0 0 0 0 0 0 0
412 1 0.1 4.3898 3.0834 0.760234 -0.0266083 -0.105083 -0.0406703 0.376051 -0.27723 -0.384987 1 0 0 0 0 0 0 0
413 1 0.1 4.51031 3.24342 0.762824 -0.0431227 -0.0262706 -6.86181e-05 -0.239039 0.430769 -0.0879225 1 0 0 0 0 0 0 0
414 1 0.1 4.78842 3.37048 0.582822 0.00804137 0.0058077 -0.0101445 -0.413699 0.896436 0.304025 1 0 0 0 0 0 0 0
415 1 0.1 4.79013 3.53668 0.693469 0.0226565 0.00249856 0.00234034 0.578534 0.122728 0.170137 1 0 0 0 0 0 0 0
416 1 0.1 5.08886 3.56772 0.729136 0.0390142 -0.00512827 -0.00641293 0.384095 0.104546 0.352493 1 0 0 0 0 0 0 0
417 1 0.1 5.0406 3.75702 0.764157 -0.00273502 -0.0131522 0.000779544 -0.183313 -0.00472041 0.0648515 1 0 0 0 0 0 0 0
418 1 0.1 5.18551 3.89443 0.762505 -0.0043843 -0.0081116 0.000546826 -0.106207 -0.000162919 -0.0634099 1 0 0 0 0 0 0 0
419 1 0.1 5.37123 4.10723 0.762854 -0.00315494 -0.00343208 -0.000729279 -0.0887779 0.0962487 0.0388455 1 0 0 0 0 0 0 0
420 1 0.1 5.51417 4.24698 0.760194 0.00346854 -0.00698003 -0.00357356 0.0478182 0.0042074 0.0444413 1 0 0 0 0 0 0 0
421 1 0.1 5.65534 4.38855 0.762505 0.000403746 0.000701396 -0.00115453 -0.00744774 0.00136488 0.0524543 1 0 0 0 0 0 0 0
422 1 0.1 5.79406 4.53066 0.717954 -0.0181426 0.0359671 -0.104192 0.086558 0.73003 0.514293 1 0 0 0 0 0 0 0
423 1 0.1 5.92905 4.68223 0.653243 -0.0068378 -0.0145299 0.00446595 -0.0301245 0.00902061 -0.00345346 1 0 0 0 0 0 0 0
424 1 0.1 6.20921 5.18527 0.760917 -0.0407449 -0.0552636 -0.000347094 -0.00285386 0.00245723 0.00315681 1 0 0 0 0 0 0 0
425 1 0.1 6.40041 0.62341 0.74993 9.47302e-05 -0.000138237 0.000408529 0.000374079 -0.00430034 -0.0018343 1 0 0 0 0 0 0 0
426 1 0.1 6.17629 1.14054 0.762508 -0.00164958 0.00302816 -0.000144227 -0.00116665 -0.00082192 0.0171397 1 0 0 0 0 0 0 0
427 1 0.1 5.98442 1.32468 0.762672 -0.000690117 0.00310333 0.000228754 0.03235 -0.000623273 0.0238682 1 0 0 0 0 0 0 0
428 1 0.1 5.98119 1.68787 0.754732 0.003158 0.0187855 -0.00749086 -0.138053 0.123363 -0.00223213 1 0 0 0 0 0 0 0
429 1 0.1 5.80014 1.772 0.761642 0.00304172 0.0214755 5.58128e-05 -0.0477426 0.0390784 -0.0473672 1 0 0 0 0 0 0 0
430 1 0.1 5.64569 1.89863 0.762639 -0.00450329 0.0138101 0.00176107 0.138181 -0.086172 0.162849 1 0 0 0 0 0 0 0
431 1 0.1 5.56632 2.10005 0.762656 -0.0646491 -0.0364762 0.0039287 0.0116515 0.00791365 -0.0139665 1 0 0 0 0 0 0 0
432 1 0.1 5.38322 2.20961 0.755674 -0.128607 -0.0189012 -0.00642435 -0.115685 0.504167 -0.520358 1 0 0 0 0 0 0 0
433 1 0.1 5.38837 2.47063 0.58092 -0.0429049 0.0225407 0.0173285 0.37808 -0.406348 -0.0724322 1 0 0 0 0 0 0 0
434 1 0.1 5.07788 2.40991 0.762932 -0.00904399 0.00421475 0.00154732 0.0496627 0.115235 -0.00234278 1 0 0 0 0 0 0 0
435 1 0.1 5.02008 2.60099 0.763626 -0.00771525 0.00462707 -0.00275649 0.0699177 0.0984731 -0.00198644 1 0 0 0 0 0 0 0
436 1 0.1 4.66723 2.63521 0.730288 -0.0981046 0.0386103 0.242164 -1.90018 1.54754 -1.64652 1 0 0 0 0 0 0 0
437 1 0.1 4.6076 3.10586 0.651313 -0.0202642 -0.00217848 0.0112368 0.140134 -0.116907 0.593584 1 0 0 0 0 0 0 0
438 1 0.1 4.76017 3.15863 0.763162 -0.0139726 0.0298154 -0.000859602 0.102224 0.397271 -0.0652539 1 0 0 0 0 0 0 0
439 1 0.1 4.81067 3.35132 0.76843 0.0482432 0.0224257 -0.00428474 0.327726 -0.574174 0.00309378 1 0 0 0 0 0 0 0
440 1 0.1 5.00488 3.38945 0.749036 0.0491361 -0.00873478 -0.0110886 0.0709915 0.74202 -0.362112 1 0 0 0 0 0 0 0
441 1 0.1 5.27156 3.63765 0.762751 0.0314334 0.00922627 0.000845508 0.0295822 -0.0440881 -0.0807128 1 0 0 0 0 0 0 0
442 1 0.1 5.2872 3.76886 0.613111 -0.0051344 0.00555336 -0.000369033 -0.0598 0.0200714 0.0108314 1 0 0 0 0 0 0 0
443 1 0.1 5.39193 3.84696 0.762967 -0.00301909 0.00403647 -0.000761843 0.0409616 0.0263881 -0.044842 1 0 0 0 0 0 0 0
444 1 0.1 5.53206 3.98872 0.762813 -0.00102753 -7.97739e-05 -0.00113608 -0.0132268 0.0371552 -0.00209835 1 0 0 0 0 0 0 0
445 1 0.1 5.6751 4.12837 0.758848 0.0046094 -0.00822264 -0.0123505 0.0832239 0.0145407 -0.0614363 1 0 0 0 0 0 0 0
446 1 0.1 5.81845 4.27319 0.762611 0.00724192 -0.00224119 0.00154337 0.00046678 -0.0443095 -0.0519014 1 0 0 0 0 0 0 0
447 1 0.1 5.95493 4.41931 0.75668 -0.0438356 0.0245911 -0.0170433 -0.462505 -1.5301 -0.707885 1 0 0 0 0 0 0 0
448 1 0.1 6.08365 4.7846 0.762558 -0.00085621 -0.0035578 0.0014575 0.0263335 -0.00152917 -0.0049112 1 0 0 0 0 0 0 0
449 1 0.1 6.34865 5.32817 0.750008 -0.0410123 -0.0578499 0.0102427 0.0265119 -0.0862779 -0.150532 1 0 0 0 0 0 0 0
450 1 0.1 6.43311 0.816574 0.667294 0.000808136 -0.0018596 0.00111927 -0.00425674 -0.0183859 -0.00499999 1 0 0 0 0 0 0 0
451 1 0.1 6.29882 0.963132 0.688839 0.00140792 -0.000638143 -3.23007e-05 -0.0049843 0.0105501 -0.00890884 1 0 0 0 0 0 0 0
452 1 0.1 6.18344 1.34039 0.762624 -0.000860855 0.00397812 9.34658e-05 0.0263819 0.0151116 0.0171291 1 0 0 0 0 0 0 0
453 1 0.1 6.06601 1.50712 0.762612 0.00235308 0.00843297 -0.000705002 0.0137234 -0.0051787 -0.00646203 1 0 0 0 0 0 0 0
454 1 0.1 5.8037 2.02113 0.762368 -0.102967 0.138324 0.0140639 -0.0357551 0.108569 1.38599 1 0 0 0 0 0 0 0
455 1 0.1 5.73398 2.20845 0.753575 -0.109374 0.0313157 0.000509438 0.135984 0.12552 0.816676 1 0 0 0 0 0 0 0
456 1 0.1 5.52995 2.34534 0.749974 -0.074663 -0.0870657 -0.0695776 0.138723 0.25819 -0.625896 1 0 0 0 0 0 0 0
457 1 0.1 5.57177 2.3866 0.545775 -0.0404466 -0.00768414 0.0197422 -0.177354 0.112227 -0.118523 1 0 0 0 0 0 0 0
458 1 0.1 5.33919 2.40366 0.762743 -0.0464424 -0.0025251 0.00124718 -0.0134966 0.441348 -0.250469 1 0 0 0 0 0 0 0
459 1 0.1 5.38354 2.59846 0.762339 -0.0100346 -0.00761792 -0.00183123 0.0372563 -0.153307 -0.126564 1 0 0 0 0 0 0 0
460 1 0.1 5.21285 2.52988 0.674499 -0.0347407 0.00993561 0.00160735 -0.346617 -0.0191943 -0.220324 1 0 0 0 0 0 0 0
461 1 0.1 4.79335 2.78694 0.762511 0.0631154 -0.0380763 -0.00270323 0.0923121 0.175172 -0.0844657 1 0 0 0 0 0 0 0
462 1 0.1 4.64819 2.92435 0.762853 0.0606054 -0.0268347 0.00421242 -0.0646802 -0.0253002 0.0469765 1 0 0 0 0 0 0 0
463 1 0.1 4.9491 3.05613 0.579446 0.0198756 0.012627 0.00355164 0.0485567 -0.0873968 0.224104 1 0 0 0 0 0 0 0
464 1 0.1 4.95403 3.19833 0.763137 -0.00382934 0.00482212 -0.000682858 -0.0758989 -0.412798 -0.1728 1 0 0 0 0 0 0 0
465 1 0.1 5.17803 3.35352 0.627805 -0.0103892 0.00123835 -0.0021494 -0.0257252 -0.0155189 -0.0835416 1 0 0 0 0 0 0 0
466 1 0.1 5.4663 3.59627 0.76252 0.0298221 -0.0129073 -0.000617968 -0.0793329 0.051983 -0.144069 1 0 0 0 0 0 0 0
467 1 0.1 5.46208 3.67817 0.580194 -0.00284768 0.00716307 0.00481321 -0.033367 -0.0500662 0.0308917 1 0 0 0 0 0 0 0
468 1 0.1 5.5738 3.76417 0.762694 -0.0026352 0.00893031 0.00114858 0.107428 -0.0139454 0.534405 1 0 0 0 0 0 0 0
469 1 0.1 5.72295 3.89654 0.762573 -0.0285035 0.0338228 -0.000365786 -0.198858 -0.0209634 -0.18927 1 0 0 0 0 0 0 0
470 1 0.1 5.89239 4.00257 0.762372 -0.00534804 -0.000694062 -0.00694782 -0.118669 -0.111368 -0.22297 1 0 0 0 0 0 0 0
471 1 0.1 5.9928 4.17546 0.75999 0.0132315 -0.00955575 -0.00517225 0.109794 0.0601835 0.00998603 1 0 0 0 0 0 0 0
472 1 0.1 6.12923 4.3221 0.762538 -0.0135054 0.0663291 -0.00278422 1.17023 0.965714 1.23187 1 0 0 0 0 0 0 0
473 1 0.1 6.068 5.04375 0.762535 -0.0385153 -0.0534745 2.47569e-05 -0.000766852 0.00203737 -0.00779703 1 0 0 0 0 0 0 0
474 1 0.1 6.2152 4.92253 0.702558 -0.000377092 -0.00812716 0.00292714 -0.0711957 -0.0443418 -0.00752762 1 0 0 0 0 0 0 0
475 1 0.1 6.45532 1.06316 0.762549 -0.000786748 0.00205512 0.00021003 0.0298412 0.000523534 0.0542031 1 0 0 0 0 0 0 0
476 1 0.1 6.35258 1.2344 0.751958 -0.00148803 0.00225907 0.000260425 -0.0219587 -0.0152062 -0.0379542 1 0 0 0 0 0 0 0
477 1 0.1 6.01996 1.83329 0.580946 -0.00914312 0.0681294 -0.0265217 0.463084 0.522354 -0.152939 1 0 0 0 0 0 0 0
478 1 0.1 5.99408 2.0886 0.762585 -0.00233417 0.0106402 0.000747867 0.0749884 0.0408529 0.0277317 1 0 0 0 0 0 0 0
479 1 0.1 5.81591 2.39058 0.762612 -0.0277576 -0.00390571 0.001243 -0.0350158 0.269709 -0.105159 1 0 0 0 0 0 0 0
480 1 0.1 5.827 3.17033 0.762523 0.027246 -0.0708203 0.000151509 0.154049 0.0473806 0.0744401 1 0 0 0 0 0 0 0
481 1 0.1 5.71053 2.87028 0.762539 -0.0036333 -0.066185 0.000831257 0.0342767 -0.0348027 -0.0875089 1 0 0 0 0 0 0 0
482 1 0.1 5.6405 2.51153 0.761825 -0.118478 -0.0657691 0.00730262 0.236859 -0.549743 -0.362428 1 0 0 0 0 0 0 0
483 1 0.1 5.56184 2.58058 0.591204 -0.0144091 -0.00928518 -5.57112e-05 -0.0374037 0.0791101 -0.0813435 1 0 0 0 0 0 0 0
484 1 0.1 5.55905 2.69413 0.762643 -0.00409534 -0.0148862 -0.000500923 -0.119976 0.107139 -0.0240406 1 0 0 0 0 0 0 0
485 1 0.1 5.27472 2.99268 0.763197 0.000928905 0.00709677 0.00306699 0.0587472 -0.00661915 0.0514666 1 0 0 0 0 0 0 0
486 1 0.1 5.10667 2.86561 0.678013 -0.00762894 0.000352199 0.00703124 0.0940777 0.148003 0.026168 1 0 0 0 0 0 0 0
487 1 0.1 4.89602 3.00158 0.763138 0.0108926 -0.0010457 0.000196158 -0.0085761 -0.0785738 0.0252341 1 0 0 0 0 0 0 0
488 1 0.1 5.08739 3.05445 0.735814 -0.00673227 -0.00357118 0.0185118 -0.0128141 0.18429 0.0644009 1 0 0 0 0 0 0 0
489 1 0.1 5.20827 3.21115 0.763421 -0.00761299 0.00117633 0.000600055 -0.00333326 0.0551212 0.0924948 1 0 0 0 0 0 0 0
490 1 0.1 5.40652 3.23668 0.762583 -0.0121765 0.0125614 -0.000810521 0.145474 0.188379 0.00736041 1 0 0 0 0 0 0 0
491 1 0.1 5.30692 3.42445 0.762762 -0.00822071 -0.00504306 0.000186186 -0.0403082 0.0648354 0.0268085 1 0 0 0 0 0 0 0
492 1 0.1 5.6108 3.4585 0.762509 -0.0213359 -0.0693513 -0.00129338 -0.0442527 0.081578 -0.622399 1 0 0 0 0 0 0 0
493 1 0.1 5.65829 3.06324 0.762481 0.0218901 -0.0605501 -0.000465481 -0.0477679 0.0125056 -0.184054 1 0 0 0 0 0 0 0
494 1 0.1 5.71882 3.62682 0.762503 -0.0724671 -0.0629762 -0.000283929 0.625928 -0.654352 -1.53463 1 0 0 0 0 0 0 0
495 1 0.1 5.86848 3.75943 0.762502 -0.0957064 -0.0367015 5.70688e-05 -0.0184597 0.334321 0.128739 1 0 0 0 0 0 0 0
496 1 0.1 5.81653 3.51484 0.628933 -0.082131 -0.0762267 0.00529943 -0.0764665 -0.0833767 0.494683 1 0 0 0 0 0 0 0
497 1 0.1 5.99463 4.19688 0.538489 0.00792396 -0.00974072 -0.00895606 -0.088505 0.227002 -0.0105935 1 0 0 0 0 0 0 0
498 1 0.1 6.11057 4.5867 0.762886 0.000130119 -0.00411835 0.000207825 -0.0403551 0.0220224 0.0101482 1 0 0 0 0 0 0 0
499 1 0.1 6.26583 4.70845 0.728184 -0.0359191 0.0781166 0.0420322 -1.14858 0.646948 1.0697 1 0 0 0 0 0 0 0
