500
0 1 0.1 5.99945 1.02018 0.152386 0.00160812 -0.0029603 0.00219773 0.0361929 0.005128 0.0248336 1 0 0 0 0 0 0 0
1 1 0.1 5.85813 1.16129 0.147686 0.0014657 -0.00489278 0.00790042 0.0998164 -0.0643375 -0.0206064 1 0 0 0 0 0 0 0
2 1 0.1 5.69342 1.33347 0.136639 0.00154374 -0.00358866 -0.00101592 0.0695724 -0.00531071 -0.0214745 1 0 0 0 0 0 0 0
3 1 0.1 5.3247 1.69749 0.149774 0.0643621 -0.0526638 0.00872441 0.26538 0.161378 -0.910618 1 0 0 0 0 0 0 0
4 1 0.1 5.46985 1.81832 0.295023 0.0252929 -0.0456501 -0.0249533 -0.778795 -1.05247 0.819519 1 0 0 0 0 0 0 0
5 1 0.1 5.08761 1.93147 0.137317 -0.00652607 0.00820833 -0.000998826 -0.0953328 -0.139828 0.0516641 1 0 0 0 0 0 0 0
6 1 0.1 4.94465 2.07041 0.149984 -0.00463763 0.00810686 -0.00493218 0.0094134 0.0622883 0.0458898 1 0 0 0 0 0 0 0
7 1 0.1 4.80342 2.21168 0.150207 -0.0089713 0.008476 0.000701831 -0.00186758 0.0148266 0.0162134 1 0 0 0 0 0 0 0
8 1 0.1 4.63943 2.6646 0.135435 0.0416811 -0.00688572 0.00198477 -0.304112 0.178096 0.0235859 1 0 0 0 0 0 0 0
9 1 0.1 4.65802 2.52374 0.272981 0.117531 -0.0750657 0.0135876 0.710023 0.892917 -0.650597 1 0 0 0 0 0 0 0
10 1 0.1 4.22011 2.80467 0.142486 -0.0583063 0.0519743 0.0786993 0.451921 -0.671747 0.813887 1 0 0 0 0 0 0 0
11 1 0.1 4.19386 2.8481 0.358052 -0.00307899 0.000366292 0.00963641 0.0333745 -0.0158517 0.191109 1 0 0 0 0 0 0 0
12 1 0.1 4.18747 3.00172 0.149947 0.00680626 0.0487846 0.0748298 -0.265192 -0.645273 0.425658 1 0 0 0 0 0 0 0
13 1 0.1 4.22444 3.2039 0.144464 -0.0375267 -0.121205 0.0955895 -0.216693 -0.39514 -0.137288 1 0 0 0 0 0 0 0
14 1 0.1 4.38003 3.32347 0.136664 -0.0616085 -0.0371805 0.00151713 -0.223402 0.0663401 1.69325 1 0 0 0 0 0 0 0
15 1 0.1 4.53026 3.45254 0.156841 -0.260166 0.16563 0.0504684 0.469609 -0.570524 1.09498 1 0 0 0 0 0 0 0
16 1 0.1 4.73662 3.43638 0.137216 -0.166341 0.0399526 0.0229597 -0.0733981 -1.42515 0.419103 1 0 0 0 0 0 0 0
17 1 0.1 4.64497 3.61435 0.139658 -0.232353 0.132663 0.0615989 -0.353291 0.562114 -1.55052 1 0 0 0 0 0 0 0
18 1 0.1 4.78385 3.75701 0.13855 -0.0566636 -0.038766 0.00177066 0.00936806 -0.0490333 -0.789159 1 0 0 0 0 0 0 0
19 1 0.1 4.92414 3.89833 0.14328 -0.0708429 0.000246024 0.0435293 0.0188651 -0.513339 1.08685 1 0 0 0 0 0 0 0
20 1 0.1 5.06421 4.04016 0.146991 -0.0747457 0.0114467 0.0839265 -0.510932 -0.510068 -0.746526 1 0 0 0 0 0 0 0
21 1 0.1 5.21045 4.18651 0.1462 -0.250949 -0.288337 0.0393571 0.355777 -0.781348 -3.60246 1 0 0 0 0 0 0 0
22 1 0.1 5.57457 4.55575 0.150101 -0.0106343 -0.028995 -0.00783296 0.0256178 0.0544417 -0.259195 1 0 0 0 0 0 0 0
23 1 0.1 5.73873 4.71291 0.150154 0.0105515 -0.0196744 0.0220686 -0.124071 -0.0229453 -0.0191815 1 0 0 0 0 0 0 0
24 1 0.1 6.01829 4.99722 0.149612 0.0061446 -0.00331309 0.00273487 -0.0306438 -0.0217021 0.0767681 1 0 0 0 0 0 0 0
25 1 0.1 6.14036 0.878471 0.150016 0.00144608 -0.00147091 -0.000189995 -0.00204014 -0.0028106 -0.0120608 1 0 0 0 0 0 0 0
26 1 0.1 5.89167 1.35807 0.140672 0.00113447 -0.00629632 0.0148095 -0.0116386 0.164116 0.0674066 1 0 0 0 0 0 0 0
27 1 0.1 5.86916 1.55658 0.13719 0.0751571 0.00199445 0.000125983 -0.0205371 0.751219 0.0819791 1 0 0 0 0 0 0 0
28 1 0.1 5.55555 1.48231 0.136631 0.0044864 0.00332659 -0.00239171 0.0701062 -0.00937746 -0.0436336 1 0 0 0 0 0 0 0
29 1 0.1 5.58808 1.84573 0.137274 0.0523412 -0.0256321 -3.93788e-05 0.254385 0.522476 0.230321 1 0 0 0 0 0 0 0
30 1 0.1 5.32049 1.89604 0.137197 0.033187 -0.0547997 -0.00267976 -0.394633 0.192706 1.20093 1 0 0 0 0 0 0 0
31 1 0.1 5.25488 2.08392 0.136713 -0.114074 -0.107624 0.00057168 1.02671 -1.18476 0.355113 1 0 0 0 0 0 0 0
32 1 0.1 5.01075 2.27765 0.13774 0.459812 -0.771931 0.086624 0.00837461 0.00418126 0.000246574 1 0 0 0 0 0 0 0
33 1 0.1 4.5158 2.50637 0.136824 0.00974098 0.00611927 0.0164185 -0.117258 -0.0738408 0.103709 1 0 0 0 0 0 0 0
34 1 0.1 4.96014 2.814 0.136776 -0.10396 0.0438859 -0.0182886 -0.51497 -1.17124 -0.396814 1 0 0 0 0 0 0 0
35 1 0.1 4.37026 2.65427 0.137815 -0.0636989 0.0758123 0.0313775 -0.0714957 -0.393254 0.789316 1 0 0 0 0 0 0 0
36 1 0.1 5.09176 2.90653 0.289813 -0.314025 0.170633 0.080077 1.2139 -1.78164 -0.888851 1 0 0 0 0 0 0 0
37 1 0.1 4.4042 2.88089 0.1449 -0.0673503 0.0944341 0.105317 0.61815 0.801927 -0.462929 1 0 0 0 0 0 0 0
38 1 0.1 4.40537 3.12197 0.13714 0.0484886 -0.0883623 0.0203182 0.906175 0.584195 0.738798 1 0 0 0 0 0 0 0
39 1 0.1 4.56388 3.24979 0.136815 -0.0180521 0.00900081 0.0052744 -0.0157996 -0.0506899 -1.17252 1 0 0 0 0 0 0 0
40 1 0.1 4.8424 3.26755 0.14879 -0.128714 -0.00994132 -0.0439217 1.18157 1.01097 -0.334059 1 0 0 0 0 0 0 0
41 1 0.1 4.96683 3.67399 0.13759 0.120536 -0.0164842 0.0117966 -0.596441 0.0452168 0.578296 1 0 0 0 0 0 0 0
42 1 0.1 5.16437 3.71072 0.139037 0.21932 0.10589 0.115706 -0.151 -1.32173 0.341847 1 0 0 0 0 0 0 0
43 1 0.1 5.12019 3.88951 0.304912 -0.282234 -0.309187 0.228038 -2.7175 3.93951 -0.877716 1 0 0 0 0 0 0 0
44 1 0.1 5.40496 3.97987 0.154566 -0.0145764 -0.679533 -0.612488 -3.71228 8.06895 -4.33766 1 0 0 0 0 0 0 0
45 1 0.1 5.55419 4.21491 0.182916 -0.0708263 -0.469117 -0.463848 6.51609 -3.93436 2.12795 1 0 0 0 0 0 0 0
46 1 0.1 5.65652 4.37401 0.135923 -0.0987928 -0.0991618 0.0506661 -0.658746 0.0207765 -0.216583 1 0 0 0 0 0 0 0
47 1 0.1 5.78975 4.52086 0.136912 -0.0444002 -0.0416504 0.0129848 0.277735 -0.254528 -0.0295083 1 0 0 0 0 0 0 0
48 1 0.1 5.87583 4.85737 0.150205 0.000328459 -0.00125515 0.00536904 -0.0305564 -0.0032019 -0.0526495 1 0 0 0 0 0 0 0
49 1 0.1 6.15831 5.13975 0.150083 0.00196406 0.00144849 0.000953802 -0.0125733 0.00331699 -0.044815 1 0 0 0 0 0 0 0
50 1 0.1 6.28175 0.737101 0.150001 0.000508524 -0.00125715 0.00013623 0.00013495 -0.000402359 -0.00275066 1 0 0 0 0 0 0 0
51 1 0.1 6.04594 1.23103 0.137322 0.00419577 -0.00197889 -0.0011856 0.0157349 0.0379107 -0.00821542 1 0 0 0 0 0 0 0
52 1 0.1 5.9535 1.77905 0.137441 0.0543122 0.0131252 0.00202868 -0.123951 0.548953 -1.0649 1 0 0 0 0 0 0 0
53 1 0.1 5.75653 1.73844 0.137186 0.0524738 -0.0267763 0.00146191 0.229341 -0.279163 -0.0428529 1 0 0 0 0 0 0 0
54 1 0.1 5.74438 1.97004 0.136949 0.0356977 -0.00504381 -0.00404364 0.0654692 0.338071 0.00974701 1 0 0 0 0 0 0 0
55 1 0.1 5.4489 2.01194 0.236645 0.0210515 -0.0148275 -0.0314881 0.605038 0.461078 -0.424426 1 0 0 0 0 0 0 0
56 1 0.1 5.43773 2.18519 0.137478 -0.0249885 0.000756049 0.00111388 0.0452767 0.262628 0.388253 1 0 0 0 0 0 0 0
57 1 0.1 5.28874 2.24689 0.255622 -0.0775739 -0.0565654 -0.0259969 1.16156 -1.69915 -0.874676 1 0 0 0 0 0 0 0
58 1 0.1 4.89161 2.38993 0.253284 0.164926 -0.216404 -0.425602 -4.51742 -4.74268 -2.97697 1 0 0 0 0 0 0 0
59 1 0.1 4.70026 2.38219 0.137203 -0.0184838 0.0110043 0.00108293 -0.0341137 0.011638 0.0221846 1 0 0 0 0 0 0 0
60 1 0.1 5.19921 2.73339 0.273985 -0.275617 -0.00349471 0.0578445 0.007432 -0.0796086 1.40955 1 0 0 0 0 0 0 0
61 1 0.1 4.74068 2.83641 0.139312 0.0334038 0.035685 -0.0302818 0.17338 0.250945 0.252563 1 0 0 0 0 0 0 0
62 1 0.1 4.86723 2.99087 0.137409 0.022698 0.0786899 -0.00183751 0.29741 -0.128286 0.135193 1 0 0 0 0 0 0 0
63 1 0.1 4.58591 2.96264 0.138374 -0.0178786 -0.010357 0.0195758 0.0190229 0.420559 -0.703259 1 0 0 0 0 0 0 0
64 1 0.1 4.71221 3.11692 0.136308 -0.0307365 -0.0181125 0.00318193 0.104454 0.0104373 0.779021 1 0 0 0 0 0 0 0
65 1 0.1 4.89786 3.59242 0.308587 -0.667475 -0.0925104 -0.0677042 2.68135 0.996309 -0.635892 1 0 0 0 0 0 0 0
66 1 0.1 5.32306 3.577 0.137627 -0.0662124 -0.19461 -0.112076 -1.7699 -0.273032 0.13649 1 0 0 0 0 0 0 0
67 1 0.1 5.35761 3.77288 0.138628 -0.201279 -0.184942 0.0356836 2.78973 -2.39128 1.28651 1 0 0 0 0 0 0 0
68 1 0.1 5.21914 3.91491 0.135999 -0.332183 -0.28533 0.0761373 2.88127 -2.72051 0.449385 1 0 0 0 0 0 0 0
69 1 0.1 5.62077 4.01439 0.368389 -0.121359 -0.331122 -0.048918 -0.562783 -1.73244 3.14749 1 0 0 0 0 0 0 0
70 1 0.1 5.70896 4.20679 0.308036 -0.239778 -0.43471 -0.126356 1.37946 -0.237402 5.03812 1 0 0 0 0 0 0 0
71 1 0.1 5.80654 4.23888 0.137156 -0.0942085 -0.0157972 0.0140683 0.166282 -0.951646 0.0645952 1 0 0 0 0 0 0 0
72 1 0.1 5.93957 4.38847 0.137307 -0.0114314 0.00359401 -0.0127518 0.0157345 -0.0776785 0.0911654 1 0 0 0 0 0 0 0
73 1 0.1 6.15294 4.8502 0.137327 -0.0121462 -0.0220078 0.00150063 0.199865 -0.0732962 -0.0501095 1 0 0 0 0 0 0 0
74 1 0.1 6.3923 5.36887 0.150006 -0.0119517 -0.0107287 -0.000202982 0.00514591 -0.00256883 -0.165836 1 0 0 0 0 0 0 0
75 1 0.1 6.29127 0.96186 0.262168 0.000768835 -0.00366212 -0.00397324 0.00949706 0.0540443 -0.0372879 1 0 0 0 0 0 0 0
76 1 0.1 6.19089 1.08131 0.137284 6.94786e-05 -0.0012287 -0.00116224 0.00217855 -0.00761431 -0.00215524 1 0 0 0 0 0 0 0
77 1 0.1 6.07657 1.61135 0.137239 -0.00302836 0.00218577 0.00208567 -0.0143011 -0.0143157 0.0374762 1 0 0 0 0 0 0 0
78 1 0.1 5.94394 1.98147 0.139303 0.0294248 0.0545865 2.3547e-05 0.0971921 -0.369249 0.593788 1 0 0 0 0 0 0 0
79 1 0.1 5.75378 2.25019 0.293344 -0.0981924 0.0189481 0.0253951 -0.260912 -0.272539 0.250669 1 0 0 0 0 0 0 0
80 1 0.1 5.63433 2.14581 0.13766 -0.441257 0.0168115 0.00546629 0.0404391 -0.0229435 0.148771 1 0 0 0 0 0 0 0
81 1 0.1 5.67149 2.3433 0.137157 -0.0487059 -0.00653293 -0.0008456 0.0461771 -0.396706 -0.175767 1 0 0 0 0 0 0 0
82 1 0.1 5.76726 2.74467 0.137399 -0.0505516 0.00823059 0.00338695 -0.114206 -0.5119 -0.164039 1 0 0 0 0 0 0 0
83 1 0.1 5.47544 2.38178 0.137555 -0.0524192 0.00654116 -0.0513175 1.87822 -0.444534 -0.310774 1 0 0 0 0 0 0 0
84 1 0.1 4.81645 2.54477 0.137321 -0.0264621 0.0194889 -0.00724739 -0.147157 -0.180782 0.0555869 1 0 0 0 0 0 0 0
85 1 0.1 5.19625 2.58886 0.136802 -0.0732142 -0.0191563 0.0247502 0.153055 -0.578552 0.872331 1 0 0 0 0 0 0 0
86 1 0.1 5.57315 2.87814 0.304059 -0.0431802 0.0303195 -0.00985175 1.24139 -0.275316 -0.466018 1 0 0 0 0 0 0 0
87 1 0.1 5.15072 3.01619 0.136571 -0.0368063 0.145465 0.0377464 -1.69547 -0.247356 -0.20942 1 0 0 0 0 0 0 0
88 1 0.1 5.1446 3.29174 0.137348 -0.0959765 -0.036208 -0.00100477 0.27258 -0.782145 -1.04729 1 0 0 0 0 0 0 0
89 1 0.1 4.94339 3.47392 0.13681 -0.146586 -0.0646678 0.030316 0.528165 -1.50718 0.0615267 1 0 0 0 0 0 0 0
90 1 0.1 5.1421 3.49265 0.14507 -0.113414 -0.137788 0.0502048 0.565604 1.44437 -0.778776 1 0 0 0 0 0 0 0
91 1 0.1 5.52091 3.55645 0.153027 -0.0529284 -0.0460635 -0.027472 -0.414221 -0.298302 1.04442 1 0 0 0 0 0 0 0
92 1 0.1 5.62613 3.72603 0.136427 -0.0149417 -0.102569 -0.00912207 0.937322 -0.202001 -0.0325355 1 0 0 0 0 0 0 0
93 1 0.1 5.7494 3.85422 0.226876 -0.0882398 -0.0690171 0.00377794 -0.50112 0.269494 1.0084 1 0 0 0 0 0 0 0
94 1 0.1 5.61271 3.99121 0.137564 -0.575924 0.0475932 0.00292151 -0.278526 -0.194595 1.06742 1 0 0 0 0 0 0 0
95 1 0.1 5.86274 4.04749 0.150193 -0.196969 -0.0605349 -0.0505898 -0.0802536 1.28326 -0.829386 1 0 0 0 0 0 0 0
96 1 0.1 6.06149 4.20679 0.137246 0.115674 0.0798722 0.014404 -0.778212 1.25764 -0.386559 1 0 0 0 0 0 0 0
97 1 0.1 6.05916 4.51158 0.239489 -0.0172876 -0.0190152 0.0235527 0.213328 -0.219307 -0.240576 1 0 0 0 0 0 0 0
98 1 0.1 6.29321 4.9925 0.140072 -0.0171403 -0.0162436 0.0111999 -0.078597 0.0560229 0.12558 1 0 0 0 0 0 0 0
99 1 0.1 6.38614 5.16945 0.137498 -0.0284929 -0.0102021 -1.15844e-05 -0.00679234 0.0252297 0.00154909 1 0 0 0 0 0 0 0
100 1 0.1 6.35807 0.657572 0.349986 4.09284e-05 -0.000228855 4.60453e-05 -0.000969974 -0.000401575 -0.000378607 1 0 0 0 0 0 0 0
101 1 0.1 6.22925 1.3108 0.137473 0.0034383 -0.00158525 0.000310601 0.0404347 -0.0605913 0.0306791 1 0 0 0 0 0 0 0
102 1 0.1 6.07308 1.42075 0.196682 0.00421237 0.000906705 0.000159862 0.0430302 0.0109213 0.038831 1 0 0 0 0 0 0 0
103 1 0.1 5.94764 2.29116 0.319961 -0.106575 -0.0210067 0.0606415 -1.11313 -0.21353 -0.764471 1 0 0 0 0 0 0 0
104 1 0.1 5.99172 3.03099 0.423124 -0.107178 0.0208945 0.212363 -0.644338 -2.38728 -0.208693 1 0 0 0 0 0 0 0
105 1 0.1 5.86988 2.36762 0.137696 -0.0396836 -0.119261 -0.000941312 0.144336 0.291077 -0.861892 1 0 0 0 0 0 0 0
106 1 0.1 5.75541 2.53983 0.137481 -0.0289573 -0.0581574 -0.00426798 0.0539052 0.169296 -0.763059 1 0 0 0 0 0 0 0
107 1 0.1 5.80035 3.08881 0.42261 -0.0970368 0.0376013 -0.03729 0.133328 -0.0608637 0.00230798 1 0 0 0 0 0 0 0
108 1 0.1 5.56832 2.75891 0.145705 -0.05756 0.00720163 -0.0120662 -0.639782 0.372251 0.172564 1 0 0 0 0 0 0 0
109 1 0.1 5.55666 2.56131 0.135433 -0.0274312 -0.0123269 -0.00408736 0.449627 -0.417866 0.225337 1 0 0 0 0 0 0 0
110 1 0.1 5.37794 2.67158 0.137981 -0.11716 0.0632703 0.0433469 -0.387915 0.162516 0.0957068 1 0 0 0 0 0 0 0
111 1 0.1 5.29082 2.8569 0.138085 -0.430342 -0.0158178 0.0134255 0.0207219 0.893752 -2.72904 1 0 0 0 0 0 0 0
112 1 0.1 5.34665 3.05269 0.136969 0.0225741 0.00878667 0.022862 -0.100805 0.484637 -0.634093 1 0 0 0 0 0 0 0
113 1 0.1 5.00366 3.15056 0.145418 -0.14551 0.0122932 -0.127639 0.104106 -0.651829 0.37103 1 0 0 0 0 0 0 0
114 1 0.1 5.44859 3.20627 0.24056 -0.0523608 -0.16735 -0.122125 1.24047 0.905401 0.274934 1 0 0 0 0 0 0 0
115 1 0.1 5.57982 3.36682 0.136919 -0.0070863 -0.0116693 0.013777 0.10142 0.182528 -0.344633 1 0 0 0 0 0 0 0
116 1 0.1 5.61608 3.17037 0.137081 -0.0231094 -0.00756754 -0.00376166 0.17937 -0.202132 0.11476 1 0 0 0 0 0 0 0
117 1 0.1 5.75912 3.39361 0.220902 0.00618825 -0.0496225 -0.000778085 -0.0398308 -0.125399 -0.0412488 1 0 0 0 0 0 0 0
118 1 0.1 5.88112 3.73391 0.137359 -0.0206782 -0.0130484 0.0110746 0.0918649 -0.149975 0.212994 1 0 0 0 0 0 0 0
119 1 0.1 5.9893 3.896 0.181776 -0.0705688 0.0385264 -0.0384894 -1.0848 -0.110813 2.25279 1 0 0 0 0 0 0 0
120 1 0.1 5.87341 3.53442 0.13743 0.00932661 -0.0276568 0.000365783 0.0699887 0.0108874 0.123394 1 0 0 0 0 0 0 0
121 1 0.1 5.92315 3.3159 0.137406 0.0128583 -0.0126664 -0.00513736 0.103973 0.0667676 -0.0444679 1 0 0 0 0 0 0 0
122 1 0.1 6.12037 4.33727 0.316003 -0.0902539 0.085853 0.328316 -1.4523 -2.77547 -1.27655 1 0 0 0 0 0 0 0
123 1 0.1 6.16018 4.65054 0.137497 -0.0170787 -0.0270034 0.00220458 -0.226555 0.545404 0.0145378 1 0 0 0 0 0 0 0
124 1 0.1 6.2981 4.82355 0.272169 -0.0222414 -0.0190241 0.0096152 0.0687886 -0.170199 0.259798 1 0 0 0 0 0 0 0
125 1 0.1 5.93509 1.08385 0.350108 -7.12783e-05 0.00539604 0.00380199 0.0974224 0.0411829 -0.0450465 1 0 0 0 0 0 0 0
126 1 0.1 5.79526 1.22486 0.330843 -0.000556626 0.00245157 -0.00713341 -0.227315 -0.0596025 -0.0573011 1 0 0 0 0 0 0 0
127 1 0.1 5.66076 1.37099 0.327781 -0.0010079 0.00137287 -0.00605856 -0.211111 0.0161809 0.422842 1 0 0 0 0 0 0 0
128 1 0.1 5.51121 1.51032 0.332228 -0.0236393 0.0371331 0.00430598 -0.0980495 -0.113453 0.423633 1 0 0 0 0 0 0 0
129 1 0.1 5.35919 1.66101 0.349265 0.0294011 -0.038998 -0.00812484 -0.0656302 0.0668175 -0.542961 1 0 0 0 0 0 0 0
130 1 0.1 5.11123 1.91493 0.334443 -0.00720023 0.00394392 -0.0093847 0.159607 0.232651 -0.0643714 1 0 0 0 0 0 0 0
131 1 0.1 4.96967 2.05395 0.354418 0.00668577 0.0138108 0.0314982 0.10649 0.0922531 -0.128785 1 0 0 0 0 0 0 0
132 1 0.1 4.87089 2.22664 0.366961 0.0258336 0.0241726 -0.0203973 -0.465858 -0.538937 -0.0466096 1 0 0 0 0 0 0 0
133 1 0.1 4.70282 2.32675 0.328768 0.0187786 -0.0230662 -0.00207333 0.554727 0.581696 0.444234 1 0 0 0 0 0 0 0
134 1 0.1 4.58218 2.4421 0.436687 0.0325597 -0.037013 0.012144 -0.352082 -0.649048 -0.657039 1 0 0 0 0 0 0 0
135 1 0.1 4.45919 2.56176 0.338444 0.084516 -0.0294096 -0.125185 -0.504638 -0.607896 0.319902 1 0 0 0 0 0 0 0
136 1 0.1 4.34033 2.71729 0.364334 0.0220384 -0.0326666 -0.0894127 1.73777 -0.337136 -0.114235 1 0 0 0 0 0 0 0
137 1 0.1 4.31048 3.0024 0.31137 -0.0326739 0.0214513 0.0678612 1.76421 1.4556 -0.16638 1 0 0 0 0 0 0 0
138 1 0.1 4.19498 3.16251 0.335558 -0.0602662 -0.00654151 0.1633 -2.10812 -1.15975 -0.0777208 1 0 0 0 0 0 0 0
139 1 0.1 4.32087 3.29514 0.416351 0.0213131 0.0118134 0.024519 -0.0182936 -0.0214533 0.00776903 1 0 0 0 0 0 0 0
140 1 0.1 4.66011 3.48495 0.31476 -0.370309 -0.238665 0.069476 1.65882 0.466803 3.45003 1 0 0 0 0 0 0 0
141 1 0.1 4.70553 3.678 0.337938 -0.25696 -0.247461 -0.0729231 0.137594 0.567148 -3.15142 1 0 0 0 0 0 0 0
142 1 0.1 4.85225 3.82045 0.315681 -0.239069 -0.236844 0.150253 -0.144914 -1.93491 -3.27731 1 0 0 0 0 0 0 0
143 1 0.1 5.09169 4.07146 0.374494 -0.0458394 -0.0929159 0.0263102 -0.447048 -0.416041 -0.427074 1 0 0 0 0 0 0 0
144 1 0.1 5.45241 4.10123 0.303901 -0.212851 -0.609514 -0.455812 -3.52561 6.07543 -4.58706 1 0 0 0 0 0 0 0
145 1 0.1 5.29092 4.26174 0.314783 -0.0630153 -0.0896356 -0.0710811 0.160493 0.645917 -0.677905 1 0 0 0 0 0 0 0
146 1 0.1 5.43224 4.40325 0.314875 -0.0872032 -0.0901617 -0.0534969 0.771278 -0.0066684 -1.10311 1 0 0 0 0 0 0 0
147 1 0.1 5.56779 4.546 0.350766 -0.0601082 -0.0749388 -0.00736302 -0.0879764 0.0841363 -0.488985 1 0 0 0 0 0 0 0
148 1 0.1 5.78665 4.76371 0.359908 -0.0165247 -0.027411 0.0131569 -0.222504 0.254086 0.194516 1 0 0 0 0 0 0 0
149 1 0.1 5.93365 4.91412 0.35887 -0.0132948 -0.0187987 -0.0076259 -0.000172161 0.0972115 -0.223376 1 0 0 0 0 0 0 0
150 1 0.1 6.07489 0.941034 0.34959 -0.00185169 0.00413207 -0.00338562 -0.128044 -0.0404559 0.0388133 1 0 0 0 0 0 0 0
151 1 0.1 5.76859 1.67154 0.325159 0.037589 -0.0234804 0.00317856 -0.0601342 -0.0794428 0.0792892 1 0 0 0 0 0 0 0
152 1 0.1 5.59709 1.65528 0.224118 0.0373779 -0.00976998 -0.00257229 -0.0585491 0.0174364 -0.315252 1 0 0 0 0 0 0 0
153 1 0.1 6.00342 2.02094 0.457994 -0.0287762 0.126984 -0.0961844 -2.1501 1.01667 0.917132 1 0 0 0 0 0 0 0
154 1 0.1 5.66925 1.84816 0.377349 0.0855915 -0.0132666 -0.00931622 0.130168 -0.00592845 0.145522 1 0 0 0 0 0 0 0
155 1 0.1 5.29198 1.84647 0.379908 -0.0089678 -0.0365244 -0.0973551 -0.445871 0.465329 -0.341454 1 0 0 0 0 0 0 0
156 1 0.1 5.17625 2.22175 0.415616 -0.0926329 0.00676199 0.00086411 -2.11508 1.71705 0.631232 1 0 0 0 0 0 0 0
157 1 0.1 5.01458 2.19803 0.539691 0.0453541 -0.0135763 -0.0179457 -1.12392 0.0546718 -0.762748 1 0 0 0 0 0 0 0
158 1 0.1 4.80828 2.49982 0.399151 0.443843 0.114616 -0.0791774 -1.43038 1.69246 2.93529 1 0 0 0 0 0 0 0
159 1 0.1 4.78307 2.86646 0.479941 -0.0381563 -0.0146888 0.0863473 2.64991 1.00484 -2.47742 1 0 0 0 0 0 0 0
160 1 0.1 4.73714 2.71364 0.301065 0.0524322 -0.19424 0.0288175 -2.8454 -2.38935 -8.85603 1 0 0 0 0 0 0 0
161 1 0.1 4.60396 2.80634 0.416808 0.0676822 0.0946827 -0.159906 3.6784 -1.23995 3.70761 1 0 0 0 0 0 0 0
162 1 0.1 4.50156 3.05743 0.298407 -0.112107 0.255649 0.335402 -3.20871 -4.65328 2.88635 1 0 0 0 0 0 0 0
163 1 0.1 4.64991 3.19801 0.307552 -0.169995 -0.141653 0.0417413 0.787475 -1.20584 -0.60002 1 0 0 0 0 0 0 0
164 1 0.1 4.30819 3.28847 0.761578 0.0492845 -0.00857549 -0.0329413 0.130264 0.185842 0.17032 1 0 0 0 0 0 0 0
165 1 0.1 4.83485 3.54161 0.491236 -0.135064 -0.22355 0.0865853 -2.35167 0.634906 0.416856 1 0 0 0 0 0 0 0
166 1 0.1 5.06944 3.5219 0.431144 -0.286401 -0.0794225 -0.0665391 0.0719148 -0.556399 -0.533243 1 0 0 0 0 0 0 0
167 1 0.1 5.06268 3.701 0.319845 -0.491766 -0.320616 0.182106 4.91788 1.08991 -1.77258 1 0 0 0 0 0 0 0
168 1 0.1 5.28613 4.08438 0.409862 0.00235772 -0.0835813 0.103104 -0.460578 -0.0476279 0.520011 1 0 0 0 0 0 0 0
169 1 0.1 5.41587 3.93186 0.395567 -0.254843 -0.388392 0.067715 -0.510086 2.5837 -0.821087 1 0 0 0 0 0 0 0
170 1 0.1 5.43412 4.20421 0.471699 0.198437 -0.198874 -0.389951 0.598004 -1.93312 2.93227 1 0 0 0 0 0 0 0
171 1 0.1 5.6004 4.35141 0.409421 -0.171173 -0.161451 -0.00959006 -0.433812 -0.729236 0.356818 1 0 0 0 0 0 0 0
172 1 0.1 5.75861 4.41061 0.302915 -0.167468 -0.0567215 0.058681 0.340813 -0.12593 1.0071 1 0 0 0 0 0 0 0
173 1 0.1 5.89311 4.61614 0.277599 -0.0302655 -0.0384042 0.0210152 -0.271919 0.203298 -0.0542179 1 0 0 0 0 0 0 0
174 1 0.1 6.14177 5.12046 0.357908 -0.00673691 -0.00873424 -0.00881831 0.0678556 0.0592992 -0.0971267 1 0 0 0 0 0 0 0
175 1 0.1 6.21682 0.799045 0.350949 5.04972e-05 -0.000826579 -0.00114045 -0.0201046 0.00314235 -0.00197046 1 0 0 0 0 0 0 0
176 1 0.1 5.83858 1.46174 0.309881 0.0415702 -0.0748481 -0.0476775 1.08388 -0.5815 -1.09277 1 0 0 0 0 0 0 0
177 1 0.1 5.84145 1.86662 0.277822 0.0885906 0.0583021 0.00423755 -0.354201 -0.182351 0.840369 1 0 0 0 0 0 0 0
178 1 0.1 5.85395 2.08298 0.336709 -0.0591046 0.0302514 0.0142778 -0.123499 1.40119 -0.0118122 1 0 0 0 0 0 0 0
179 1 0.1 5.65192 2.03137 0.302088 0.0606238 -0.015907 0.00480855 -0.0380977 -0.0659603 0.126306 1 0 0 0 0 0 0 0
180 1 0.1 5.45818 2.07301 0.42644 0.0211967 -0.0545816 -0.0169597 -0.195294 -0.6128 -0.0535384 1 0 0 0 0 0 0 0
181 1 0.1 5.27021 2.06595 0.333536 -0.132919 -0.0295654 0.00545634 -1.69544 0.996877 0.348694 1 0 0 0 0 0 0 0
182 1 0.1 5.0255 2.35072 0.396378 -0.216323 -0.0715259 0.0132035 -1.53006 1.52264 0.334438 1 0 0 0 0 0 0 0
183 1 0.1 4.93335 2.62573 0.277284 0.0245867 0.166186 -0.143125 -3.01675 0.255604 -1.42233 1 0 0 0 0 0 0 0
184 1 0.1 5.09869 2.64463 0.424005 -0.707328 -0.0074139 -0.0991558 1.01977 4.09614 -5.19514 1 0 0 0 0 0 0 0
185 1 0.1 5.11532 2.8919 0.573865 -0.175628 0.24858 0.90081 -2.42587 8.24391 -2.41856 1 0 0 0 0 0 0 0
186 1 0.1 4.91154 2.83368 0.328958 -0.43811 0.0901127 -0.240401 0.809446 -1.69363 0.857076 1 0 0 0 0 0 0 0
187 1 0.1 4.5036 2.74694 0.254869 0.0385295 0.0281731 -0.0643983 -0.749922 0.0486346 0.216709 1 0 0 0 0 0 0 0
188 1 0.1 4.821 3.09704 0.300411 -0.0303095 0.0380495 0.015809 -1.36874 0.0883292 -1.48614 1 0 0 0 0 0 0 0
189 1 0.1 5.27278 3.27867 0.30217 -0.0659742 -0.252744 -0.0187546 0.330474 -0.466126 0.147906 1 0 0 0 0 0 0 0
190 1 0.1 5.0516 3.38305 0.288763 -0.205765 -0.0342232 -0.082888 0.219844 -1.22194 -0.14921 1 0 0 0 0 0 0 0
191 1 0.1 5.24882 3.6329 0.34591 -0.385936 -0.186337 -0.0361556 0.394746 -0.0547954 0.148458 1 0 0 0 0 0 0 0
192 1 0.1 5.25909 3.81486 0.426712 -0.284215 -0.300175 0.229958 0.399113 -0.860722 -0.243487 1 0 0 0 0 0 0 0
193 1 0.1 5.52173 3.84944 0.250383 -0.221111 -0.333399 -0.0034237 0.882889 -1.91111 1.82982 1 0 0 0 0 0 0 0
194 1 0.1 5.73882 3.88165 0.477464 -0.0756268 -0.0358249 -0.0178472 -0.75086 -0.757222 0.088828 1 0 0 0 0 0 0 0
195 1 0.1 5.8505 4.17054 0.442729 -0.0604852 -0.0292179 -0.0812036 -1.20706 0.414301 0.815286 1 0 0 0 0 0 0 0
196 1 0.1 5.93959 4.25658 0.287001 -0.0304339 0.0124043 -0.0442751 0.084791 -2.37024 2.34818 1 0 0 0 0 0 0 0
197 1 0.1 5.81834 4.00301 0.340039 -0.0809504 -0.0587261 -0.0213509 0.712124 0.919845 -0.274304 1 0 0 0 0 0 0 0
198 1 0.1 6.02724 4.76369 0.266383 -0.0227735 -0.0275907 -0.00543804 -0.0303011 -0.105009 0.0867195 1 0 0 0 0 0 0 0
199 1 0.1 6.28181 5.26299 0.349975 -0.00572254 -0.00832212 0.000671123 0.0159044 -0.0171652 -0.0957551 1 0 0 0 0 0 0 0
200 1 0.1 6.12171 1.1452 0.313316 0.00161458 -0.00547374 -0.00249003 0.0478055 9.10156e-05 -0.0452558 1 0 0 0 0 0 0 0
201 1 0.1 5.9836 1.28949 0.317697 0.00453633 -0.00264283 -0.00339541 -0.00444918 -0.0475108 -0.00947392 1 0 0 0 0 0 0 0
202 1 0.1 5.96064 1.79777 0.433424 0.110394 0.105635 0.00769857 0.45276 0.600732 0.73376 1 0 0 0 0 0 0 0
203 1 0.1 5.88229 2.513 0.589599 -0.139258 0.0935274 -0.138348 -1.00533 0.965781 0.770798 1 0 0 0 0 0 0 0
204 1 0.1 5.89786 2.48422 0.297681 0.0563561 -0.0428925 -0.0689899 -1.19682 0.590603 0.269054 1 0 0 0 0 0 0 0
205 1 0.1 5.55688 2.20543 0.314365 0.023057 -0.0501215 -0.00811766 -0.0455017 0.119551 0.399696 1 0 0 0 0 0 0 0
206 1 0.1 5.43339 2.36013 0.328525 -0.0196667 -0.0835788 -0.0734598 -2.29974 1.56667 0.200431 1 0 0 0 0 0 0 0
207 1 0.1 5.53259 2.50501 0.424168 -0.128237 -0.0201257 -0.0510614 -0.0590089 -1.04387 0.331232 1 0 0 0 0 0 0 0
208 1 0.1 5.25564 2.39883 0.135986 0.0483047 0.00775808 0.0107615 -0.126366 0.567676 0.276903 1 0 0 0 0 0 0 0
209 1 0.1 5.5802 2.67151 0.324465 -0.0722588 0.00982666 -0.00224731 0.516761 -0.244663 -0.272505 1 0 0 0 0 0 0 0
210 1 0.1 5.70268 2.91674 0.450408 -0.0621352 0.0256288 0.031502 -1.0029 -0.087039 0.4714 1 0 0 0 0 0 0 0
211 1 0.1 5.39667 2.77064 0.310469 -0.253543 0.0896996 0.0245052 -0.0790099 -1.59862 -0.0387635 1 0 0 0 0 0 0 0
212 1 0.1 4.67086 2.99322 0.378426 -0.061213 0.417441 0.499153 -0.843382 4.67381 -2.56189 1 0 0 0 0 0 0 0
213 1 0.1 4.96039 3.00919 0.409929 -0.188388 -0.132908 0.155164 -0.457611 -0.651037 -1.84094 1 0 0 0 0 0 0 0
214 1 0.1 5.32476 3.37781 0.137218 -0.0261477 -0.187418 0.017635 0.396605 -0.256114 0.191127 1 0 0 0 0 0 0 0
215 1 0.1 5.47669 3.42473 0.297177 -0.104555 0.00945216 -0.00146156 -0.159403 -0.667633 0.470687 1 0 0 0 0 0 0 0
216 1 0.1 5.69593 3.57997 0.252538 -0.0507024 -0.0987595 -0.0445461 -0.11069 -0.842926 0.596822 1 0 0 0 0 0 0 0
217 1 0.1 5.4378 3.67331 0.291714 -0.26424 -0.270773 0.0479208 -0.961422 0.306617 0.37363 1 0 0 0 0 0 0 0
218 1 0.1 5.93801 3.84542 0.368337 -0.0812338 -0.086434 -0.0732039 -1.15253 0.21648 -0.453542 1 0 0 0 0 0 0 0
219 1 0.1 5.99717 3.63604 0.267441 -0.130014 0.0674998 0.170783 -1.03075 -1.78043 0.137404 1 0 0 0 0 0 0 0
220 1 0.1 5.95244 3.40885 0.516192 -0.0245534 -0.0639303 0.0285718 -0.388075 -0.270987 -0.54638 1 0 0 0 0 0 0 0
221 1 0.1 6.03867 3.78656 0.530733 -0.0767528 -0.0284318 -0.0397538 0.403611 0.395532 -1.22083 1 0 0 0 0 0 0 0
222 1 0.1 6.05971 3.46196 0.137492 0.0143383 -0.0127572 0.00142564 0.000233793 -0.0576858 0.0386692 1 0 0 0 0 0 0 0
223 1 0.1 6.13256 4.924 0.32221 -0.0252307 -0.0127443 -0.0116609 -0.0535391 0.0173118 -0.0464874 1 0 0 0 0 0 0 0
224 1 0.1 6.29927 5.0041 0.3983 -0.0171249 -0.0225656 -0.0153373 -0.0196546 -0.0156997 -0.0805016 1 0 0 0 0 0 0 0
225 1 0.1 6.08465 1.44385 0.394918 -0.0075289 0.00377284 0.00131055 -0.0958626 -0.167253 -0.422013 1 0 0 0 0 0 0 0
226 1 0.1 5.8367 2.15537 0.138039 -0.324056 -0.00864118 -0.0659414 0.299811 1.01874 -0.397885 1 0 0 0 0 0 0 0
227 1 0.1 5.96652 1.65003 0.299237 0.0411627 0.0935512 0.0151133 -0.603893 0.406148 -0.757399 1 0 0 0 0 0 0 0
228 1 0.1 5.93009 2.63298 0.168142 -0.0410179 -0.00106766 -0.0517027 1.63289 0.177808 0.378895 1 0 0 0 0 0 0 0
229 1 0.1 5.53485 2.98864 0.143448 0.0349917 -0.0350545 -0.0866148 0.218423 0.623951 0.246304 1 0 0 0 0 0 0 0
230 1 0.1 5.9959 3.22021 0.343186 -0.074099 -0.101372 0.046263 0.24265 -0.691533 -1.24235 1 0 0 0 0 0 0 0
231 1 0.1 5.80745 2.37605 0.439275 0.0379216 0.0354545 -0.0117783 0.0374476 -0.823687 -0.257917 1 0 0 0 0 0 0 0
232 1 0.1 5.68251 2.45407 0.302733 -0.0530985 -0.00910299 0.0166087 0.04013 0.10301 -0.22905 1 0 0 0 0 0 0 0
233 1 0.1 5.93649 2.67552 0.400292 -0.240568 -0.273122 0.0908073 1.65662 -1.99579 -3.13501 1 0 0 0 0 0 0 0
234 1 0.1 5.76033 2.75455 0.348784 -0.0864912 0.0409782 0.0115678 0.439179 0.202207 0.216492 1 0 0 0 0 0 0 0
235 1 0.1 5.85488 2.92682 0.310815 -0.0289821 0.0694042 0.115596 -0.0507276 -0.363723 -0.171183 1 0 0 0 0 0 0 0
236 1 0.1 5.6736 3.11827 0.574344 -0.0472012 0.00260923 -0.00773736 -0.114651 0.0406854 -0.7805 1 0 0 0 0 0 0 0
237 1 0.1 5.44138 2.94197 0.438938 -0.075424 0.0111471 -0.0327289 -0.242918 -0.0239421 -0.168671 1 0 0 0 0 0 0 0
238 1 0.1 5.28778 3.08132 0.325442 -0.0510676 -0.266665 0.0811242 -1.20427 -2.56779 0.342114 1 0 0 0 0 0 0 0
239 1 0.1 5.55759 3.09626 0.390799 -0.0868254 0.0269711 -0.0146957 0.211521 -0.333997 0.47946 1 0 0 0 0 0 0 0
240 1 0.1 5.69284 3.03126 0.258227 -0.048388 0.0308495 0.0356961 -0.807402 0.00231034 0.444877 1 0 0 0 0 0 0 0
241 1 0.1 5.58295 3.29617 0.579816 -0.0365508 -0.0189126 -0.00337921 0.257427 -0.0976179 0.761731 1 0 0 0 0 0 0 0
242 1 0.1 5.65288 3.25361 0.314634 -0.0628139 0.0150207 0.00199009 -0.502354 -0.460373 -0.462784 1 0 0 0 0 0 0 0
243 1 0.1 5.64132 3.4284 0.410464 -0.0979376 0.0332533 -0.0187862 0.240789 -0.16886 0.498946 1 0 0 0 0 0 0 0
244 1 0.1 5.82655 3.67949 0.365898 -0.204029 -0.00214183 0.0320955 -0.5696 -0.93691 0.317668 1 0 0 0 0 0 0 0
245 1 0.1 5.82571 3.17982 0.246509 -0.0659836 0.0345613 -0.0257235 -0.0879097 -0.111999 -0.285942 1 0 0 0 0 0 0 0
246 1 0.1 5.88456 3.48949 0.343692 -0.12766 0.0190334 0.0802394 0.565996 -0.43401 1.02787 1 0 0 0 0 0 0 0
247 1 0.1 5.93204 4.42455 0.400073 -0.211763 0.118314 0.0422845 0.463745 0.0424221 1.58194 1 0 0 0 0 0 0 0
248 1 0.1 6.13611 4.53034 0.423064 -0.199147 -0.155569 0.120048 2.35227 -1.51056 2.68727 1 0 0 0 0 0 0 0
249 1 0.1 6.17283 4.73503 0.400417 -0.0228015 -0.0270739 0.000635139 -0.0463765 0.153664 -0.165745 1 0 0 0 0 0 0 0
250 1 0.1 6.00754 1.01538 0.522934 0.00133904 -0.000135993 -0.00139214 -0.0315735 0.00540803 -0.0114658 1 0 0 0 0 0 0 0
251 1 0.1 5.84265 1.18132 0.552052 -0.051278 0.0490819 -0.0216034 0.00890004 0.30415 0.673153 1 0 0 0 0 0 0 0
252 1 0.1 5.69963 1.32767 0.538407 -0.0583387 0.0441888 0.0659211 -0.297414 -1.19092 0.532727 1 0 0 0 0 0 0 0
253 1 0.1 5.44468 1.5725 0.540919 0.033066 -0.0211806 -0.00462384 0.0345163 0.16813 -0.357434 1 0 0 0 0 0 0 0
254 1 0.1 5.29869 1.71718 0.547708 -0.00593046 0.00124949 0.0176115 -0.760585 -0.655145 -0.208635 1 0 0 0 0 0 0 0
255 1 0.1 5.15982 1.85981 0.529206 0.00958425 0.00830974 -0.0919528 1.05716 1.56914 -0.192346 1 0 0 0 0 0 0 0
256 1 0.1 5.01685 2.00168 0.569705 0.00457422 0.00153551 0.0381802 0.574216 -0.338149 0.437569 1 0 0 0 0 0 0 0
257 1 0.1 4.80306 2.21441 0.554618 0.0359908 -0.0390873 -0.0100743 -0.262685 -0.153397 -0.51261 1 0 0 0 0 0 0 0
258 1 0.1 4.66741 2.35631 0.591855 0.0611138 -0.0196008 0.0103808 -0.0398812 1.10716 0.534496 1 0 0 0 0 0 0 0
259 1 0.1 4.86219 2.68786 0.452994 0.148704 0.0508795 -0.0266683 -3.343 4.45688 5.01933 1 0 0 0 0 0 0 0
260 1 0.1 4.60941 2.62719 0.509259 -0.0887226 0.0874706 -0.041006 -0.893039 -1.83541 -1.55675 1 0 0 0 0 0 0 0
261 1 0.1 4.43303 2.80567 0.517764 0.134696 -0.0819186 -0.139561 -1.60545 1.75658 -2.721 1 0 0 0 0 0 0 0
262 1 0.1 4.22325 2.79923 0.557654 0.203162 -0.251626 -0.00256743 0.232815 0.259171 -3.38356 1 0 0 0 0 0 0 0
263 1 0.1 4.20497 3.02796 0.479381 -0.181538 -0.163147 0.0812939 3.77754 0.145038 -0.666467 1 0 0 0 0 0 0 0
264 1 0.1 4.23088 3.20475 0.570341 -0.00526855 -0.00521514 -0.00375 0.00827682 0.0344879 -0.0572945 1 0 0 0 0 0 0 0
265 1 0.1 4.46586 3.43881 0.601952 -0.515085 -0.391571 0.127047 -1.79034 0.735858 -6.88011 1 0 0 0 0 0 0 0
266 1 0.1 4.6155 3.52932 0.504127 -0.357383 -0.332184 0.185284 -2.10255 1.33419 3.38856 1 0 0 0 0 0 0 0
267 1 0.1 4.72236 3.69866 0.539658 -0.0656731 -0.112995 -0.0232025 0.317032 0.0999416 -1.25479 1 0 0 0 0 0 0 0
268 1 0.1 4.96612 3.94348 0.459885 -0.145694 -0.126714 0.0238548 -0.620291 -0.17082 -1.79339 1 0 0 0 0 0 0 0
269 1 0.1 5.08683 4.0641 0.573178 -0.0141069 -0.0520967 0.00147336 -0.247571 0.328417 -0.234862 1 0 0 0 0 0 0 0
270 1 0.1 5.22859 4.21074 0.55725 0.167443 0.124741 0.431901 -0.902302 -4.91088 2.10464 1 0 0 0 0 0 0 0
271 1 0.1 5.38079 4.35527 0.587553 -0.0950364 -0.102032 -0.210323 -0.239545 1.00728 -0.368125 1 0 0 0 0 0 0 0
272 1 0.1 5.51475 4.49864 0.549246 -0.0392436 -0.062227 -0.0972543 1.11441 -0.0739764 -0.194276 1 0 0 0 0 0 0 0
273 1 0.1 5.65803 4.63623 0.572142 -0.0577636 -0.0454652 0.0820419 -0.353398 -0.838225 -0.702622 1 0 0 0 0 0 0 0
274 1 0.1 5.82431 4.8008 0.552514 0.000980874 0.00187719 0.0050839 -0.044556 0.00117798 -0.0874364 1 0 0 0 0 0 0 0
275 1 0.1 6.14846 0.873808 0.528362 0.000717003 -0.000594448 6.20752e-05 0.0093845 -0.00076514 0.00215589 1 0 0 0 0 0 0 0
276 1 0.1 5.83416 1.46006 0.606942 0.0296419 -0.00126597 0.00951026 0.0426262 0.138713 -0.00417765 1 0 0 0 0 0 0 0
277 1 0.1 5.71235 1.50964 0.456521 0.081178 -0.0106707 -0.0349618 0.000462865 0.369037 -1.19272 1 0 0 0 0 0 0 0
278 1 0.1 5.58274 1.67467 0.420476 0.000303385 0.0370118 -0.0140222 -0.287904 -0.412582 -1.04705 1 0 0 0 0 0 0 0
279 1 0.1 5.51129 1.75227 0.58757 0.0461647 -0.0424911 0.0387617 0.733044 0.741929 0.4265 1 0 0 0 0 0 0 0
280 1 0.1 5.34759 1.91158 0.558859 0.0500409 -0.159703 -0.0795399 1.6728 0.129497 -0.121444 1 0 0 0 0 0 0 0
281 1 0.1 5.19707 2.05387 0.516273 -0.00191623 0.0210085 0.0530111 1.49982 0.797995 -0.821458 1 0 0 0 0 0 0 0
282 1 0.1 5.13227 2.11408 0.695569 -0.00199582 0.0605286 0.0558591 0.622821 -0.587171 0.020782 1 0 0 0 0 0 0 0
283 1 0.1 5.05587 2.38556 0.590434 0.242201 -0.0701324 -0.0157059 0.971226 -1.2607 -1.69621 1 0 0 0 0 0 0 0
284 1 0.1 4.99959 2.73044 0.591076 -0.213753 0.161781 0.348061 9.47074 -7.88731 2.30574 1 0 0 0 0 0 0 0
285 1 0.1 4.45087 2.56841 0.762498 -0.0166514 0.00735134 0.0021251 -0.0263016 0.0345484 0.121627 1 0 0 0 0 0 0 0
286 1 0.1 4.54726 2.7204 0.67624 -0.182054 0.119139 0.0219528 0.217523 -0.124896 2.00561 1 0 0 0 0 0 0 0
287 1 0.1 4.5712 3.11988 0.76201 -0.0138006 -0.0102602 -0.0238745 -0.151324 -0.0628317 -0.0566104 1 0 0 0 0 0 0 0
288 1 0.1 4.39486 3.08807 0.471656 -0.341301 0.301305 0.221729 1.54843 -1.69169 3.57925 1 0 0 0 0 0 0 0
289 1 0.1 4.72353 3.33331 0.431549 -0.322836 0.0220285 0.00256235 -4.11368 -2.95617 -1.24076 1 0 0 0 0 0 0 0
290 1 0.1 4.8525 3.40018 0.297454 -0.233185 -0.189505 -0.0208526 -2.79634 -0.147407 4.9819 1 0 0 0 0 0 0 0
291 1 0.1 4.93247 3.57499 0.662517 -0.379144 0.655822 0.0665277 -5.301 -0.881492 2.19876 1 0 0 0 0 0 0 0
292 1 0.1 5.1279 3.61923 0.595244 -0.229049 -0.327956 0.0040759 2.71883 1.43771 0.680399 1 0 0 0 0 0 0 0
293 1 0.1 5.077 3.78472 0.500186 -0.33667 -0.233256 0.164648 -0.935155 0.0341005 -0.389813 1 0 0 0 0 0 0 0
294 1 0.1 5.25737 3.9603 0.563984 -0.0327562 -0.157881 0.101135 -0.558715 1.13268 -0.402211 1 0 0 0 0 0 0 0
295 1 0.1 5.40686 4.07832 0.624825 0.138425 -0.189188 -0.181417 -1.23393 -0.883313 -1.06077 1 0 0 0 0 0 0 0
296 1 0.1 5.56917 4.28533 0.595364 -0.139785 -0.0475532 0.00203882 -0.945819 0.426959 1.32683 1 0 0 0 0 0 0 0
297 1 0.1 5.70235 4.43747 0.580845 -0.101989 -0.204064 0.0429102 -0.138094 -1.73307 -1.14316 1 0 0 0 0 0 0 0
298 1 0.1 5.78225 4.55621 0.437678 -0.0853251 -0.0368894 0.044233 0.193302 1.48974 1.0084 1 0 0 0 0 0 0 0
299 1 0.1 6.11357 5.08187 0.585884 -0.00542313 -0.00455645 -0.00627336 -0.00869503 0.0815138 -0.0590555 1 0 0 0 0 0 0 0
300 1 0.1 6.28607 0.730415 0.550058 0.000416888 -0.000820456 -0.000216595 -0.00263669 0.000879196 -0.00568631 1 0 0 0 0 0 0 0
301 1 0.1 5.95874 1.33852 0.50973 0.0153152 0.00258094 -0.00491744 -0.00423212 0.0948227 -0.00940869 1 0 0 0 0 0 0 0
302 1 0.1 5.88358 1.61021 0.476541 0.0573365 0.01982 0.00844783 0.87722 -0.424614 1.74364 1 0 0 0 0 0 0 0
303 1 0.1 5.7964 1.72823 0.642162 0.0608889 0.0331402 -0.0102584 -0.207999 0.443913 0.221795 1 0 0 0 0 0 0 0
304 1 0.1 5.67108 1.8718 0.582447 0.0172462 0.00302048 0.0145648 -0.175993 0.252006 -0.0638389 1 0 0 0 0 0 0 0
305 1 0.1 5.576 2.04725 0.585372 0.00176415 -0.00459982 0.00617307 -0.271137 0.343148 0.253862 1 0 0 0 0 0 0 0
306 1 0.1 5.36929 2.33646 0.513708 0.149085 0.0413672 -0.0215441 0.866207 0.0445933 0.353945 1 0 0 0 0 0 0 0
307 1 0.1 5.23786 2.35996 0.659227 0.202118 -0.170538 0.0154959 0.686391 0.63526 1.20799 1 0 0 0 0 0 0 0
308 1 0.1 5.08081 2.49184 0.266902 -0.192404 -0.0948308 -0.0537288 1.45443 -0.0697138 -1.80204 1 0 0 0 0 0 0 0
309 1 0.1 4.9342 2.5325 0.548035 0.541534 0.196558 0.00577935 1.57846 -1.23785 -1.70927 1 0 0 0 0 0 0 0
310 1 0.1 5.27295 2.76655 0.565471 -0.103155 0.0227513 -0.00435669 0.0717543 -0.110551 -0.947035 1 0 0 0 0 0 0 0
311 1 0.1 4.70085 2.84629 0.659808 -0.1148 0.0293192 0.0896045 -0.901868 -1.42402 -2.93401 1 0 0 0 0 0 0 0
312 1 0.1 4.58744 3.10665 0.520333 -0.404466 0.295835 0.392829 1.35551 0.210017 -2.84473 1 0 0 0 0 0 0 0
313 1 0.1 4.92002 3.24059 0.396695 -0.00199492 -0.0541738 0.168978 1.92766 -2.49716 -0.458137 1 0 0 0 0 0 0 0
314 1 0.1 5.09609 3.18689 0.318946 -0.129133 -0.188182 -0.0581561 1.26969 0.900864 -1.11969 1 0 0 0 0 0 0 0
315 1 0.1 5.12727 3.29537 0.547858 -0.275236 -0.369414 0.231412 0.692633 3.72776 -0.456081 1 0 0 0 0 0 0 0
316 1 0.1 5.3064 3.44955 0.398873 -0.216131 -0.160881 -0.00978288 -0.707079 0.224515 1.49371 1 0 0 0 0 0 0 0
317 1 0.1 5.33304 3.63123 0.576068 -0.107113 -0.386635 0.15952 0.975078 -0.546064 -1.66901 1 0 0 0 0 0 0 0
318 1 0.1 5.4531 3.753 0.474126 -0.0809004 -0.350812 0.120413 -0.816591 0.670458 1.63023 1 0 0 0 0 0 0 0
319 1 0.1 5.51472 3.91945 0.566289 -0.0186848 -0.233874 -0.040361 -1.88361 0.0981033 -0.0475677 1 0 0 0 0 0 0 0
320 1 0.1 5.61612 4.09394 0.552947 -0.24896 -0.0849319 -0.0554606 -1.83394 0.228352 1.95053 1 0 0 0 0 0 0 0
321 1 0.1 5.8851 4.08823 0.620294 0.0151678 0.00461195 -0.0409162 0.753648 -0.0120534 -0.323312 1 0 0 0 0 0 0 0
322 1 0.1 5.88141 4.32334 0.56548 -0.0964212 0.0144227 -0.0555128 1.13865 0.0649334 0.197445 1 0 0 0 0 0 0 0
323 1 0.1 5.95926 4.69889 0.446503 -0.00843652 -0.0144987 0.0042546 -0.0338017 0.012032 -0.0640007 1 0 0 0 0 0 0 0
324 1 0.1 6.24845 5.2241 0.546409 -0.0037622 -0.00517072 -0.00546441 0.0740146 -0.0107354 0.0137116 1 0 0 0 0 0 0 0
325 1 0.1 6.22972 1.03296 0.438577 0.00443859 -0.00308318 -0.00236892 -0.0412545 0.00514206 0.0983175 1 0 0 0 0 0 0 0
326 1 0.1 6.09614 1.19365 0.505411 0.0086394 -0.0026552 -0.00559708 -0.0776188 0.0338946 -0.0681321 1 0 0 0 0 0 0 0
327 1 0.1 5.82228 1.93719 0.469432 0.0287894 0.0212129 0.0379775 0.0167933 -0.600563 0.422578 1 0 0 0 0 0 0 0
328 1 0.1 5.75075 2.27526 0.602448 0.0126716 0.0378002 -0.00931579 0.0531459 0.107907 0.154128 1 0 0 0 0 0 0 0
329 1 0.1 5.85624 2.10304 0.575666 0.0450201 0.0301581 0.0141104 -0.0385532 -0.115318 0.0273571 1 0 0 0 0 0 0 0
330 1 0.1 5.5162 2.25138 0.617354 0.111249 0.00748419 -0.0286597 -0.172438 -0.470596 -0.411742 1 0 0 0 0 0 0 0
331 1 0.1 5.70195 2.14736 0.456721 0.0463359 0.0136385 0.00308443 -0.282173 0.0411541 -0.0463071 1 0 0 0 0 0 0 0
332 1 0.1 5.78563 2.64349 0.714518 -0.0812342 0.0584885 0.0312812 -0.171328 0.54718 0.0757611 1 0 0 0 0 0 0 0
333 1 0.1 5.76758 2.57463 0.437496 -0.374375 0.118937 0.142074 0.100034 -0.982255 1.14937 1 0 0 0 0 0 0 0
334 1 0.1 5.55484 2.61377 0.594542 -0.0600816 0.0605815 0.0262809 -0.1699 0.589813 -0.76425 1 0 0 0 0 0 0 0
335 1 0.1 5.39795 2.64562 0.46775 -0.175972 -0.0342736 -0.0587597 0.0751935 0.776155 0.0851824 1 0 0 0 0 0 0 0
336 1 0.1 5.54948 2.78172 0.4878 -0.062967 0.0311256 -0.00697208 -0.242118 0.323645 0.248219 1 0 0 0 0 0 0 0
337 1 0.1 4.86126 2.99951 0.60553 0.144088 -0.254541 0.217046 -0.867902 -1.71594 -0.786103 1 0 0 0 0 0 0 0
338 1 0.1 5.25383 2.87693 0.401091 -0.277606 0.0559527 0.0280464 0.253527 2.36186 0.627597 1 0 0 0 0 0 0 0
339 1 0.1 5.28915 3.18293 0.516789 -0.105262 -0.0715245 -0.0630676 1.11071 -0.179518 -0.546216 1 0 0 0 0 0 0 0
340 1 0.1 5.4327 3.30291 0.448717 -0.0765453 -0.0426164 -0.00723866 0.372178 0.488845 0.186169 1 0 0 0 0 0 0 0
341 1 0.1 5.43959 3.43347 0.599928 -0.161294 -0.160773 0.0329214 0.780902 -0.682919 0.886541 1 0 0 0 0 0 0 0
342 1 0.1 5.47821 3.55597 0.447609 -0.175683 -0.110874 0.116941 -0.146298 -0.265745 0.589004 1 0 0 0 0 0 0 0
343 1 0.1 5.621 3.72363 0.3696 -0.115355 -0.209732 0.0482663 -0.731509 0.56094 0.946789 1 0 0 0 0 0 0 0
344 1 0.1 5.83584 3.70139 0.564057 -0.215423 0.028295 0.0218994 0.23704 0.792454 -0.65728 1 0 0 0 0 0 0 0
345 1 0.1 5.83264 3.39293 0.762702 -0.0227128 0.00421167 0.0016795 0.0299496 0.195396 -0.235049 1 0 0 0 0 0 0 0
346 1 0.1 5.88636 3.88851 0.612271 -0.0502365 0.00395752 -0.0425672 -0.405303 1.08443 -0.600824 1 0 0 0 0 0 0 0
347 1 0.1 6.09797 3.96192 0.606125 0.0157228 -0.0605151 -0.0156516 -0.0367702 0.0357502 0.364984 1 0 0 0 0 0 0 0
348 1 0.1 5.96625 4.94156 0.554433 0.000254877 0.000522546 -0.0012809 0.00569751 0.0148391 0.00745549 1 0 0 0 0 0 0 0
349 1 0.1 6.17318 4.90394 0.516863 -0.0198714 -0.0103987 -0.00893326 -0.0339266 0.0554683 -0.0434601 1 0 0 0 0 0 0 0
350 1 0.1 6.2863 1.2113 0.57704 0.010852 -0.0151106 -0.0291793 -0.13067 0.294739 -0.170928 1 0 0 0 0 0 0 0
351 1 0.1 6.1664 1.37081 0.56583 0.0218722 -0.00591906 -0.0108461 0.0696956 0.0926917 0.00694091 1 0 0 0 0 0 0 0
352 1 0.1 6.03294 1.51926 0.572686 0.0667211 0.0333538 0.0114576 0.556579 -0.461498 -0.629353 1 0 0 0 0 0 0 0
353 1 0.1 5.97328 2.0312 0.749194 0.0354236 0.0358696 0.0416711 0.282787 -0.486566 0.0692334 1 0 0 0 0 0 0 0
354 1 0.1 5.9454 2.83344 0.155572 -0.0557946 0.0145936 0.0463521 -0.192933 -0.130743 0.194928 1 0 0 0 0 0 0 0
355 1 0.1 5.88376 3.02273 0.13747 -0.0688517 0.00868437 0.00196925 -0.121052 -0.318224 -0.0334562 1 0 0 0 0 0 0 0
356 1 0.1 5.60976 2.73865 0.751645 0.00281503 -0.0183204 -0.0832318 0.0538997 0.308655 0.530765 1 0 0 0 0 0 0 0
357 1 0.1 5.89043 2.8549 0.494167 -0.0538352 -0.0133803 -0.0322748 -0.227449 0.816663 -0.059632 1 0 0 0 0 0 0 0
358 1 0.1 5.2665 2.74288 0.76298 -0.069148 0.0100332 0.00283099 0.0457271 0.634221 -0.561735 1 0 0 0 0 0 0 0
359 1 0.1 5.73567 2.7397 0.546657 -0.0692334 0.0319618 0.0165525 -0.214299 -0.502431 -0.374857 1 0 0 0 0 0 0 0
360 1 0.1 5.93285 3.03009 0.636062 -0.0441932 0.0526493 0.0521347 -0.824459 0.135124 -0.554981 1 0 0 0 0 0 0 0
361 1 0.1 5.76203 2.9264 0.640602 -0.074774 0.0952626 0.0448346 0.460514 -0.0867724 0.230783 1 0 0 0 0 0 0 0
362 1 0.1 5.56765 2.94987 0.593531 -0.100364 0.0446965 -0.0150808 0.058546 -0.268011 0.200798 1 0 0 0 0 0 0 0
363 1 0.1 5.29461 2.97869 0.567176 -0.0494424 0.0338467 0.0043496 0.154717 0.510192 -0.16111 1 0 0 0 0 0 0 0
364 1 0.1 5.57441 3.05438 0.762883 -0.0628617 0.0195855 0.000377553 0.273105 0.604416 -0.447519 1 0 0 0 0 0 0 0
365 1 0.1 5.41952 3.1114 0.650245 -0.0389676 -0.00930568 -0.0741648 -0.987101 0.31216 0.548253 1 0 0 0 0 0 0 0
366 1 0.1 5.8593 3.20534 0.57404 -0.0901359 0.00645428 -0.0162478 0.258936 0.0666176 -0.117512 1 0 0 0 0 0 0 0
367 1 0.1 5.6423 3.24224 0.762668 -0.0133316 -0.00875836 -0.00393504 -0.0712174 0.103432 -0.0559871 1 0 0 0 0 0 0 0
368 1 0.1 5.64753 3.54347 0.573403 -0.0645883 -0.00924851 0.0147956 0.30612 0.18235 -1.05047 1 0 0 0 0 0 0 0
369 1 0.1 6.01086 3.59596 0.477558 -0.17287 -0.0218941 -0.0668034 0.528847 3.98437 1.43845 1 0 0 0 0 0 0 0
370 1 0.1 5.76369 3.38084 0.575682 -0.0499117 0.0206279 0.0127916 -0.0188371 0.0387713 -0.271101 1 0 0 0 0 0 0 0
371 1 0.1 5.82512 3.30727 0.400395 -0.0653629 -0.0168397 0.023023 -0.102494 -0.000825873 -0.230873 1 0 0 0 0 0 0 0
372 1 0.1 5.98307 4.02075 0.4533 -0.0608078 -0.131333 0.000485637 0.0384519 0.192262 -1.83458 1 0 0 0 0 0 0 0
373 1 0.1 5.99202 4.52518 0.561549 -0.218215 -0.102056 0.10492 0.779141 -1.68091 -4.57005 1 0 0 0 0 0 0 0
374 1 0.1 6.09834 4.73182 0.585901 -0.0100612 -0.00964341 0.00365975 -0.0769267 -0.0206296 0.0166751 1 0 0 0 0 0 0 0
375 1 0.1 6.11617 0.910218 0.757737 -0.000619124 0.00102076 -0.000480119 -0.0018269 0.00127458 0.00438721 1 0 0 0 0 0 0 0
376 1 0.1 5.83741 1.18915 0.75893 -0.0391265 0.0289866 -0.0443147 -0.260916 0.374115 0.478605 1 0 0 0 0 0 0 0
377 1 0.1 5.6846 1.3388 0.750017 -0.0135334 0.0122229 0.000221938 0.00168208 0.000902916 0.000829478 1 0 0 0 0 0 0 0
378 1 0.1 5.54497 1.48157 0.739959 -0.0109378 0.0130387 -0.00960025 -0.154727 -0.003513 0.106577 1 0 0 0 0 0 0 0
379 1 0.1 5.44163 1.65097 0.762901 -0.0265951 0.00238872 0.00179415 0.0970752 0.298654 0.224995 1 0 0 0 0 0 0 0
380 1 0.1 5.22751 1.78867 0.747531 -0.00108508 0.00646697 -0.00150135 -0.0709055 -0.0100374 0.0280124 1 0 0 0 0 0 0 0
381 1 0.1 5.08805 1.93101 0.762557 -0.0036078 0.0201739 -0.0109037 -6.42737e-05 0.0380264 0.0592759 1 0 0 0 0 0 0 0
382 1 0.1 4.87463 2.13993 0.749988 -0.0155375 0.0147148 0.00280773 -0.00778549 -0.0362089 0.201707 1 0 0 0 0 0 0 0
383 1 0.1 4.73396 2.28413 0.763289 0.0987553 -0.00529389 0.00689445 -0.0401272 -0.743438 -0.753598 1 0 0 0 0 0 0 0
384 1 0.1 4.59333 2.42635 0.762969 0.0737443 -0.0330479 0.00866149 -0.36497 -0.721041 0.214801 1 0 0 0 0 0 0 0
385 1 0.1 4.41453 2.61437 0.571409 -0.0367027 -0.000827801 0.00734885 0.0320421 0.054698 0.212309 1 0 0 0 0 0 0 0
386 1 0.1 4.18707 2.9 0.750004 1.06136e-05 0.000131303 -0.000154487 -6.75748e-06 0.000856681 0.00184881 1 0 0 0 0 0 0 0
387 1 0.1 4.33536 2.95346 0.607684 0.107074 -0.129909 -0.0861696 0.0961391 1.72673 5.28439 1 0 0 0 0 0 0 0
388 1 0.1 4.19207 3.12593 0.74991 -0.00374888 -0.00195474 -0.00112485 -0.00304424 0.0119804 -0.0203098 1 0 0 0 0 0 0 0
389 1 0.1 4.60486 3.2975 0.584902 -0.27821 -0.202906 0.00244939 1.47452 1.30368 9.9877 1 0 0 0 0 0 0 0
390 1 0.1 4.583 3.45045 0.762848 -0.222715 -0.0216558 -0.0352461 -0.597645 1.70547 1.08132 1 0 0 0 0 0 0 0
391 1 0.1 4.7328 3.71628 0.74627 -0.0423052 0.0331886 0.071971 -0.111335 -0.0955498 -0.476356 1 0 0 0 0 0 0 0
392 1 0.1 4.8921 3.79668 0.578775 -0.193986 0.172631 -0.186571 2.24044 3.30941 5.22945 1 0 0 0 0 0 0 0
393 1 0.1 4.98531 3.96023 0.745626 -0.0430675 -0.0649187 -0.00875975 0.18491 -0.0273662 -0.750528 1 0 0 0 0 0 0 0
394 1 0.1 5.13103 4.10299 0.763169 0.0104315 -0.00682843 -0.0278617 -0.184985 -0.00108996 0.00669818 1 0 0 0 0 0 0 0
395 1 0.1 5.2839 4.26237 0.750335 -0.0198688 -0.0197842 0.0169243 -0.0630781 -0.158239 -0.236426 1 0 0 0 0 0 0 0
396 1 0.1 5.44143 4.42279 0.763392 -0.0104439 0.000755592 -0.0541468 0.151422 0.0183513 -0.00692268 1 0 0 0 0 0 0 0
397 1 0.1 5.58081 4.56553 0.749855 0.00293209 0.0191164 0.00493066 -0.0468272 -0.0152841 0.11776 1 0 0 0 0 0 0 0
398 1 0.1 5.72356 4.70848 0.752314 -0.00718042 0.00123201 -0.000360554 0.0329017 0.00530929 -0.034921 1 0 0 0 0 0 0 0
399 1 0.1 5.86477 4.84999 0.749398 -0.00351132 -0.000191767 0.00987702 -0.0218483 -0.095814 -0.00755861 1 0 0 0 0 0 0 0
400 1 0.1 6.25802 0.769228 0.760947 0.000335474 -0.000176942 0.0005542 -0.000610985 -0.00915867 -0.00192742 1 0 0 0 0 0 0 0
401 1 0.1 5.98022 1.05119 0.717434 -0.00102117 0.00113788 -0.0023389 0.0175058 -0.0407693 0.0494562 1 0 0 0 0 0 0 0
402 1 0.1 5.74294 1.54183 0.764252 0.0237524 -0.00445392 0.00269627 -0.0541435 -0.243213 0.0118 1 0 0 0 0 0 0 0
403 1 0.1 5.64084 1.60747 0.609657 0.0964883 -0.0024304 -0.0388516 0.28026 -0.763989 0.281554 1 0 0 0 0 0 0 0
404 1 0.1 5.62002 1.74115 0.760431 -0.0308446 0.0124656 -0.0126687 0.0813131 -0.0269464 -0.16964 1 0 0 0 0 0 0 0
405 1 0.1 5.41804 1.84585 0.729055 0.0108986 0.000808088 -0.0152174 -1.41057 -1.12086 -0.267353 1 0 0 0 0 0 0 0
406 1 0.1 5.42034 2.03514 0.76632 0.0509023 -0.0132778 0.00379135 0.275516 -0.490781 -0.239725 1 0 0 0 0 0 0 0
407 1 0.1 5.36521 2.1206 0.596438 0.0473775 -0.056663 -0.00562324 -0.321493 0.266245 0.612024 1 0 0 0 0 0 0 0
408 1 0.1 5.02606 2.26976 0.762297 -0.0592518 0.053457 -0.0150918 -0.83228 -0.449249 0.281343 1 0 0 0 0 0 0 0
409 1 0.1 4.82572 2.44337 0.688703 0.0295686 0.212412 -0.206037 -0.651007 0.515415 0.259481 1 0 0 0 0 0 0 0
410 1 0.1 4.29432 2.7273 0.749959 0.00231458 -0.0030911 -0.000788794 -0.00418405 0.00181386 -0.0115943 1 0 0 0 0 0 0 0
411 1 0.1 4.43335 2.87031 0.76198 0.00335206 -0.00596894 -0.0153435 -0.288699 -0.100309 -0.00472963 1 0 0 0 0 0 0 0
412 1 0.1 4.38128 3.06324 0.763945 -0.0167628 -0.00731454 -0.0381284 0.197571 -0.0822786 0.0245519 1 0 0 0 0 0 0 0
413 1 0.1 4.6872 3.28055 0.76382 -0.0635805 0.0376483 -0.0366521 -0.140849 -0.177777 0.581501 1 0 0 0 0 0 0 0
414 1 0.1 4.9489 3.38351 0.532779 -0.221723 -0.216078 0.383718 0.00330381 -2.40978 -1.09579 1 0 0 0 0 0 0 0
415 1 0.1 4.73483 3.53429 0.664041 -0.110382 0.0628659 0.0922776 -0.0830926 1.01044 0.403349 1 0 0 0 0 0 0 0
416 1 0.1 5.13304 3.51625 0.763724 -0.00898754 -0.277678 0.000767618 -3.30762 0.750544 0.0401467 1 0 0 0 0 0 0 0
417 1 0.1 4.97261 3.75916 0.760703 -0.163994 -0.261148 -0.122282 0.576946 -0.207097 0.178503 1 0 0 0 0 0 0 0
418 1 0.1 5.15207 3.85527 0.713584 -0.0244487 -0.0962713 0.0135051 -0.585121 0.0451086 0.646615 1 0 0 0 0 0 0 0
419 1 0.1 5.2976 3.98327 0.762536 -0.0311894 -0.029711 -0.054917 -0.361591 0.0946115 -0.615745 1 0 0 0 0 0 0 0
420 1 0.1 5.47825 4.21926 0.760547 -0.0370064 -0.0354556 0.0281866 0.151293 0.0665594 0.0673432 1 0 0 0 0 0 0 0
421 1 0.1 5.63496 4.37344 0.762381 -0.0515874 -0.00956896 -0.0486348 0.13338 0.254229 -0.211338 1 0 0 0 0 0 0 0
422 1 0.1 5.78429 4.51866 0.756786 -0.0174385 -0.00104451 -0.00115327 -0.0726818 0.136299 -0.0581591 1 0 0 0 0 0 0 0
423 1 0.1 5.90182 4.66294 0.674627 -0.012024 0.0146075 0.0304524 -0.0425656 -0.264576 0.11277 1 0 0 0 0 0 0 0
424 1 0.1 6.18633 5.15862 0.76173 0.000402139 -0.00394798 -0.000757123 0.00846294 -0.00781816 0.054187 1 0 0 0 0 0 0 0
425 1 0.1 6.39745 0.626353 0.750035 4.16377e-05 -0.000140996 0.000330159 0.00770792 0.00418627 -0.00107776 1 0 0 0 0 0 0 0
426 1 0.1 6.07335 1.22185 0.762603 -0.000862328 0.00117175 0.00013224 0.0376678 0.0252281 -0.0119961 1 0 0 0 0 0 0 0
427 1 0.1 5.92765 1.36735 0.759348 -0.063903 0.0443832 -0.0381265 0.368303 -0.301666 -0.18437 1 0 0 0 0 0 0 0
428 1 0.1 5.95324 1.75541 0.762735 0.0528433 0.0372389 -0.0012651 0.368398 -0.53157 -0.0352508 1 0 0 0 0 0 0 0
429 1 0.1 5.81963 1.90367 0.76002 0.0393564 0.025674 0.00996993 0.0245995 0.251799 0.206626 1 0 0 0 0 0 0 0
430 1 0.1 5.62347 1.94107 0.762918 0.0338825 0.0113885 0.0036988 0.0768916 -0.341115 -0.0604816 1 0 0 0 0 0 0 0
431 1 0.1 5.5904 2.13779 0.76291 0.0363094 0.0113007 -0.000193614 -0.00785382 -0.0994593 0.0569937 1 0 0 0 0 0 0 0
432 1 0.1 5.33796 2.22588 0.763721 0.181175 -0.1042 0.0287785 -0.854299 -1.52631 -0.600992 1 0 0 0 0 0 0 0
433 1 0.1 5.38667 2.50815 0.612396 -0.035036 0.0420988 0.0297654 -0.569853 -0.99965 1.13642 1 0 0 0 0 0 0 0
434 1 0.1 5.00802 2.46874 0.763706 0.143111 0.0631839 -0.0477255 0.702029 -1.64048 -2.30601 1 0 0 0 0 0 0 0
435 1 0.1 4.9207 2.65425 0.760018 -0.27515 -0.233105 0.0968695 -1.46944 0.57799 0.596319 1 0 0 0 0 0 0 0
436 1 0.1 4.7218 2.67507 0.76253 -0.220186 -0.00593415 0.00971866 0.475803 -0.196249 -2.8643 1 0 0 0 0 0 0 0
437 1 0.1 4.7658 3.17387 0.579971 0.0247705 -0.500584 -0.0202312 1.28225 -0.523014 -5.58417 1 0 0 0 0 0 0 0
438 1 0.1 4.90101 3.20518 0.723729 -0.130723 -0.533221 0.15333 -4.67123 -1.79958 1.76929 1 0 0 0 0 0 0 0
439 1 0.1 4.86199 3.41602 0.762612 0.147979 0.244778 -0.0135965 2.46424 -1.45845 4.06254 1 0 0 0 0 0 0 0
440 1 0.1 5.04757 3.33562 0.762424 -0.201688 -0.264178 -0.0594981 -0.733468 0.188302 -0.135827 1 0 0 0 0 0 0 0
441 1 0.1 5.24405 3.68133 0.747622 -0.04676 -0.126679 0.172357 -0.71697 -1.08743 -0.847227 1 0 0 0 0 0 0 0
442 1 0.1 5.36031 3.81804 0.659453 0.0375885 -0.124166 0.157166 -0.639048 -0.196447 0.565939 1 0 0 0 0 0 0 0
443 1 0.1 5.50712 3.90881 0.763629 -0.00565698 -0.0220186 -0.0103734 -0.192241 0.0641706 0.0588364 1 0 0 0 0 0 0 0
444 1 0.1 5.61587 4.07505 0.75209 -0.0260001 -0.0164134 -0.0382728 0.197052 0.425096 0.138148 1 0 0 0 0 0 0 0
445 1 0.1 5.7446 4.21727 0.698901 -0.0595402 0.0174176 -0.00729584 0.688365 0.0460436 0.0876517 1 0 0 0 0 0 0 0
446 1 0.1 5.88295 4.3455 0.76271 -0.0410801 -0.0132001 -0.0108024 -0.204353 0.492315 -0.244993 1 0 0 0 0 0 0 0
447 1 0.1 5.9947 4.50977 0.763126 -0.0164091 -0.0121028 -9.22169e-05 0.0867626 0.202477 -0.172838 1 0 0 0 0 0 0 0
448 1 0.1 6.06464 4.81852 0.762673 -0.00702587 -0.0019037 4.55958e-05 -0.0162033 0.0741023 0.0312278 1 0 0 0 0 0 0 0
449 1 0.1 6.32545 5.30172 0.749991 -0.00168089 -0.00160604 0.000147625 -0.00257282 0.000516505 -0.023643 1 0 0 0 0 0 0 0
450 1 0.1 6.31291 0.914141 0.634723 0.001169 -0.00145258 -0.000230906 -0.0116161 0.0060017 -0.00652917 1 0 0 0 0 0 0 0
451 1 0.1 6.17196 1.05568 0.628586 0.00311537 -0.000134726 -0.00189006 -0.00631049 -0.0101115 -0.0228042 1 0 0 0 0 0 0 0
452 1 0.1 6.12441 1.415 0.760876 -0.0196364 0.00669616 0.0248175 0.242304 0.0728726 0.20761 1 0 0 0 0 0 0 0
453 1 0.1 5.98554 1.55853 0.762596 0.000262743 0.0269394 -0.000858838 -0.211255 -0.470521 -0.495978 1 0 0 0 0 0 0 0
454 1 0.1 5.78629 2.10053 0.762778 0.0290375 0.0238988 0.00333863 0.0652021 -0.052406 0.0349978 1 0 0 0 0 0 0 0
455 1 0.1 5.644 2.32966 0.762497 0.00327018 0.0225126 -0.00633673 -0.131505 -0.0720803 0.248456 1 0 0 0 0 0 0 0
456 1 0.1 5.45534 2.39618 0.762697 -0.00757129 0.00120438 -0.00386111 0.0195467 0.022832 -0.00290501 1 0 0 0 0 0 0 0
457 1 0.1 5.61512 2.32711 0.461856 0.0307861 0.0171584 -0.0827247 -0.182444 1.13121 1.05102 1 0 0 0 0 0 0 0
458 1 0.1 5.26066 2.54334 0.762744 -0.125028 0.00575665 -0.012152 0.17136 0.181968 0.0628306 1 0 0 0 0 0 0 0
459 1 0.1 5.44048 2.63121 0.762334 -0.187421 0.120381 -0.00654424 -0.208194 0.811561 0.582225 1 0 0 0 0 0 0 0
460 1 0.1 5.11713 2.57258 0.626159 -0.163915 0.105402 -0.0456473 0.793387 -0.0346199 0.252297 1 0 0 0 0 0 0 0
461 1 0.1 4.87184 2.85163 0.762664 -0.00849185 -0.039759 -0.0195867 -0.421016 0.0142774 0.203122 1 0 0 0 0 0 0 0
462 1 0.1 4.73902 3.01204 0.763014 0.0252315 0.0154398 0.0286337 -0.232921 -0.116384 -0.0980216 1 0 0 0 0 0 0 0
463 1 0.1 5.14525 3.05643 0.462761 -0.139694 -0.132251 0.0434741 -2.27277 1.11689 0.975141 1 0 0 0 0 0 0 0
464 1 0.1 4.99209 3.14453 0.556367 -0.319416 -0.504076 0.0509616 3.01413 -0.0908807 -0.0393039 1 0 0 0 0 0 0 0
465 1 0.1 5.24047 3.45496 0.587023 -0.213692 -0.361721 0.0592371 -0.282059 -0.186325 0.648556 1 0 0 0 0 0 0 0
466 1 0.1 5.44021 3.64574 0.762513 -0.000877819 -0.0500876 -0.00500232 0.327281 2.08139 0.840121 1 0 0 0 0 0 0 0
467 1 0.1 5.62854 3.74206 0.568508 -0.0290834 -0.0262543 0.0284639 -0.314357 0.392293 0.770803 1 0 0 0 0 0 0 0
468 1 0.1 5.65767 3.77829 0.762713 0.00160057 -0.0126704 0.00751566 -0.126465 -0.0422664 0.0717603 1 0 0 0 0 0 0 0
469 1 0.1 5.76752 3.94543 0.762509 -0.0104731 0.00228553 -0.0022171 0.0652029 -0.769291 0.227595 1 0 0 0 0 0 0 0
470 1 0.1 5.97635 3.98444 0.763117 0.00453891 -0.0418664 -0.019869 -0.502957 -0.0854481 0.0830257 1 0 0 0 0 0 0 0
471 1 0.1 5.99933 4.18298 0.759596 -0.0732907 -0.0345092 -0.0476673 0.105266 0.289102 -0.0984858 1 0 0 0 0 0 0 0
472 1 0.1 6.05522 4.3483 0.661544 -0.028069 -0.137685 0.034581 -0.173696 -0.883193 -1.00709 1 0 0 0 0 0 0 0
473 1 0.1 6.04487 5.01745 0.762177 -0.00239285 -0.00124567 -0.00358626 0.0364443 0.0130847 -0.0970503 1 0 0 0 0 0 0 0
474 1 0.1 6.21864 4.93423 0.709169 -0.0076655 -0.00531791 -0.0106859 -0.0351065 0.0628857 0.0412928 1 0 0 0 0 0 0 0
475 1 0.1 6.30947 1.1103 0.762639 0.00180888 -0.000192242 -0.000199313 -0.0021335 -0.0136051 0.00537162 1 0 0 0 0 0 0 0
476 1 0.1 6.29433 1.3097 0.762459 -0.0244517 -0.00203546 0.00155714 0.0461879 0.0215318 -0.305513 1 0 0 0 0 0 0 0
477 1 0.1 5.95294 1.88697 0.612134 0.0617967 0.0719631 0.024963 -0.147923 -0.462107 0.64012 1 0 0 0 0 0 0 0
478 1 0.1 5.89026 2.27088 0.750828 -0.0405587 0.0586968 -0.0436114 -0.277283 0.601234 0.57957 1 0 0 0 0 0 0 0
479 1 0.1 5.80303 2.45041 0.76252 -0.0281601 0.0608345 0.000188663 0.406087 0.203696 0.279556 1 0 0 0 0 0 0 0
480 1 0.1 5.92568 3.2126 0.762517 -0.156859 -0.0204193 0.00285192 -0.0129224 -0.0695611 -0.0047408 1 0 0 0 0 0 0 0
481 1 0.1 5.87453 2.81579 0.762767 -0.0435451 0.0438799 -0.00499206 0.360859 0.412954 -0.131724 1 0 0 0 0 0 0 0
482 1 0.1 5.61841 2.52753 0.762801 -0.0253615 0.0245763 0.00460392 0.235867 0.151303 -0.00872401 1 0 0 0 0 0 0 0
483 1 0.1 5.6884 2.46525 0.586231 -0.13144 0.0165419 -0.0220045 0.2303 0.0469829 0.00349104 1 0 0 0 0 0 0 0
484 1 0.1 5.43975 2.84352 0.757197 -0.0132767 -0.031351 -0.0226167 -0.112966 0.443459 -0.311908 1 0 0 0 0 0 0 0
485 1 0.1 5.30654 2.99214 0.763813 0.00742924 0.00530073 -0.00101334 0.121674 -0.0437002 -0.029874 1 0 0 0 0 0 0 0
486 1 0.1 5.06813 2.8138 0.759442 -0.0213268 -0.197317 0.514093 -3.23455 4.74859 -3.24686 1 0 0 0 0 0 0 0
487 1 0.1 4.98315 3.02532 0.760827 0.00880424 -0.439099 0.371145 2.54575 -0.00118657 0.0819914 1 0 0 0 0 0 0 0
488 1 0.1 5.15532 3.12596 0.760292 -0.106 -0.313406 0.163462 -0.789427 0.922694 0.468629 1 0 0 0 0 0 0 0
489 1 0.1 5.23879 3.30162 0.714899 -0.153867 -0.351591 0.0809135 0.139921 0.530439 -0.140166 1 0 0 0 0 0 0 0
490 1 0.1 5.43139 3.27634 0.762532 -0.0661634 -0.0495319 -0.000734779 -0.155583 -0.0163459 1.15969 1 0 0 0 0 0 0 0
491 1 0.1 5.33256 3.47404 0.76303 -0.132667 -0.16158 0.0101081 -1.5951 1.14829 0.14614 1 0 0 0 0 0 0 0
492 1 0.1 5.55599 3.43271 0.762467 -0.169029 0.0322276 0.0202949 -0.981336 0.0483663 0.312028 1 0 0 0 0 0 0 0
493 1 0.1 5.77208 3.08439 0.762616 -0.0707099 0.101883 0.00610366 0.0603663 0.136408 0.0272679 1 0 0 0 0 0 0 0
494 1 0.1 5.69783 3.58245 0.762667 -0.0155355 -0.0278881 0.000926839 -0.343189 0.14147 -0.0455467 1 0 0 0 0 0 0 0
495 1 0.1 5.84847 3.7191 0.762629 -0.0059482 -0.00667181 0.00303572 -0.0351186 0.126469 -0.0339844 1 0 0 0 0 0 0 0
496 1 0.1 5.91266 3.55239 0.672777 -0.109283 -0.00276762 -0.0959885 -0.112061 2.05357 0.0406398 1 0 0 0 0 0 0 0
497 1 0.1 6.03981 4.22664 0.476729 -0.0263758 0.137858 -0.0313481 -1.04321 -0.299332 1.02739 1 0 0 0 0 0 0 0
498 1 0.1 6.14847 4.63711 0.754658 -0.0137109 -0.00822143 0.00494306 0.117865 -0.122388 0.171823 1 0 0 0 0 0 0 0
499 1 0.1 6.30457 4.76175 0.762516 -0.0123394 -0.00517546 -0.000416511 -0.17774 0.144937 -0.159096 1 0 0 0 0 0 0 0
