500
0 1 0.1 5.95417 1.0667 0.149944 -0.00166419 0.00182944 0.00351734 0.0326382 -0.0134175 0.020548 1 0 0 0 0 0 0 0
1 1 0.1 5.79543 1.22357 0.162832 -0.00184133 0.00166348 0.000637993 -0.012543 0.00866214 -0.00473452 1 0 0 0 0 0 0 0
2 1 0.1 5.65225 1.36241 0.149455 -0.000585615 0.00625601 0.0018519 0.0576931 0.000595482 -0.0360502 1 0 0 0 0 0 0 0
3 1 0.1 5.29391 1.72402 0.149548 0.0145168 -0.0121848 -0.0183788 -0.0888938 0.182769 -0.181574 1 0 0 0 0 0 0 0
4 1 0.1 5.48302 1.77998 0.369371 0.0622803 -0.0421085 0.0215826 1.0684 1.17917 0.0243477 1 0 0 0 0 0 0 0
5 1 0.1 5.17118 1.88129 0.135935 0.0418689 0.00947346 -0.00208495 -0.0824611 0.474081 -0.00212972 1 0 0 0 0 0 0 0
6 1 0.1 4.96536 2.05555 0.150485 0.0180795 -0.00533714 -0.0025288 0.00304446 0.0818836 0.158326 1 0 0 0 0 0 0 0
7 1 0.1 4.80221 2.21475 0.147503 -0.0447122 0.0755329 -0.00289539 -0.154917 -0.0598116 0.864082 1 0 0 0 0 0 0 0
8 1 0.1 4.66689 2.69526 0.135265 -0.00628963 -0.0515367 -0.000688912 0.505358 -0.225538 -0.0110405 1 0 0 0 0 0 0 0
9 1 0.1 4.64725 2.54585 0.260477 0.0333631 -0.0234013 0.0388849 0.542031 -0.42413 0.170439 1 0 0 0 0 0 0 0
10 1 0.1 4.19533 2.86987 0.137086 0.004294 -0.0328387 -0.0020209 0.347135 0.041131 -0.26626 1 0 0 0 0 0 0 0
11 1 0.1 4.19506 2.83626 0.3334 -0.00312531 -0.0207657 -0.00196537 -0.146748 0.334452 -0.325976 1 0 0 0 0 0 0 0
12 1 0.1 4.19176 3.09315 0.136032 0.00435003 -0.000443228 0.00158088 -0.148676 0.0384296 0.0517332 1 0 0 0 0 0 0 0
13 1 0.1 4.24032 3.21974 0.279109 -0.0120183 -0.00578309 0.0204183 0.66459 0.504685 -0.10909 1 0 0 0 0 0 0 0
14 1 0.1 4.34503 3.32057 0.143706 0.0253596 0.0671371 0.102965 0.0382404 -1.52466 0.875244 1 0 0 0 0 0 0 0
15 1 0.1 4.51269 3.49338 0.149406 0.0424321 0.0577671 -0.00583531 0.149204 -0.0313313 0.774152 1 0 0 0 0 0 0 0
16 1 0.1 4.54301 3.29653 0.137036 0.0226343 0.0549553 0.0111134 -0.526172 0.39916 -0.904756 1 0 0 0 0 0 0 0
17 1 0.1 4.6649 3.64081 0.20858 -0.0173431 -0.0225044 0.0316938 -0.121078 -0.352869 -0.388986 1 0 0 0 0 0 0 0
18 1 0.1 4.8365 3.8047 0.19686 -0.0260139 -0.0220605 -0.0168583 0.062547 0.18385 -0.337394 1 0 0 0 0 0 0 0
19 1 0.1 4.99739 3.97588 0.130261 0.0453725 0.234763 0.051677 2.46089 0.814205 0.478729 1 0 0 0 0 0 0 0
20 1 0.1 5.13285 4.11101 0.154704 0.25985 0.0397964 0.0508563 -0.309897 0.405519 -0.413521 1 0 0 0 0 0 0 0
21 1 0.1 5.29255 4.22016 0.136783 0.16294 -0.00462949 0.00604397 0.000991659 -0.103673 0.574294 1 0 0 0 0 0 0 0
22 1 0.1 5.50935 4.49348 0.149446 0.0219298 0.0474626 0.0233853 -0.173852 -0.181721 0.493505 1 0 0 0 0 0 0 0
23 1 0.1 5.65215 4.6374 0.148782 0.00162431 -0.00336485 0.0044554 -0.0162112 -0.0365551 -0.00432028 1 0 0 0 0 0 0 0
24 1 0.1 5.93491 4.92003 0.150001 -0.000222596 -0.000342853 6.06875e-05 0.000132306 0.000952045 -0.0120852 1 0 0 0 0 0 0 0
25 1 0.1 6.09557 0.925431 0.150152 -0.00127196 0.00136701 0.000995005 0.0139515 0.00280987 -0.0161169 1 0 0 0 0 0 0 0
26 1 0.1 5.86903 1.40773 0.13728 -0.0100403 0.00156214 0.00112091 0.0155597 -0.170281 0.159175 1 0 0 0 0 0 0 0
27 1 0.1 5.70948 1.55327 0.140447 -0.0151924 0.0190781 0.0103338 0.0311406 -0.0214326 0.201685 1 0 0 0 0 0 0 0
28 1 0.1 5.51316 1.50544 0.137404 -0.000924066 0.00193179 -0.0012026 -0.0486883 0.0245448 -0.0217625 1 0 0 0 0 0 0 0
29 1 0.1 5.60566 1.86997 0.137222 -0.000509013 0.0274199 -0.00655496 -0.110215 -0.492979 0.59949 1 0 0 0 0 0 0 0
30 1 0.1 5.40796 1.89001 0.141959 -0.00151545 -0.0481484 -0.0136193 -0.615868 0.392483 0.115661 1 0 0 0 0 0 0 0
31 1 0.1 5.15903 2.1009 0.146606 0.0892068 -0.20328 -0.0324799 -0.246643 0.160195 -2.32194 1 0 0 0 0 0 0 0
32 1 0.1 4.98169 2.31953 0.137229 0.0216634 0.0414356 0.00254241 -0.416069 0.229764 -0.302384 1 0 0 0 0 0 0 0
33 1 0.1 4.46393 2.55813 0.136575 0.0127297 -0.00499457 -0.00178382 0.0340566 0.106995 -0.139267 1 0 0 0 0 0 0 0
34 1 0.1 4.88495 2.696 0.137357 -0.0200688 -0.0243826 0.00660925 0.249175 0.152696 0.185068 1 0 0 0 0 0 0 0
35 1 0.1 4.32551 2.70156 0.136159 0.00224991 -0.0143065 -0.00190689 0.145755 0.0142924 0.08108 1 0 0 0 0 0 0 0
36 1 0.1 5.11552 2.83983 0.310242 0.263046 -0.160001 0.00331753 -1.81738 -1.60292 -0.521701 1 0 0 0 0 0 0 0
37 1 0.1 4.38791 2.92336 0.137476 -0.000669371 -0.0126825 -0.00113578 0.123083 0.00151644 0.311346 1 0 0 0 0 0 0 0
38 1 0.1 4.38919 3.12913 0.136116 0.00636404 0.0901154 0.00773685 0.22192 0.231183 -1.12697 1 0 0 0 0 0 0 0
39 1 0.1 4.45046 3.22743 0.299126 -0.0291772 0.0961148 0.0285226 0.531247 0.00976861 -0.454076 1 0 0 0 0 0 0 0
40 1 0.1 5.02082 3.312 0.136129 0.0254291 -0.00544109 -0.00125968 0.0513426 -0.419266 -0.120739 1 0 0 0 0 0 0 0
41 1 0.1 4.8479 3.61437 0.136717 -0.0388775 -0.0279787 -0.0023447 0.410516 0.14575 0.134455 1 0 0 0 0 0 0 0
42 1 0.1 5.1666 3.67932 0.137034 0.0200853 0.00655383 -0.00322061 -0.00619549 0.195277 0.0497732 1 0 0 0 0 0 0 0
43 1 0.1 4.98248 3.90842 0.301893 0.0144849 -0.00412054 -0.0379912 -0.26999 -0.652089 -1.7581 1 0 0 0 0 0 0 0
44 1 0.1 5.37196 3.92931 0.143534 0.175001 0.0306924 0.0107902 0.273922 -0.250282 -0.938812 1 0 0 0 0 0 0 0
45 1 0.1 5.4529 4.1088 0.136036 0.159682 0.0335823 0.00090761 -0.41658 0.632233 0.788887 1 0 0 0 0 0 0 0
46 1 0.1 5.52599 4.29467 0.138821 0.108571 0.0545969 0.00765736 0.304255 0.382316 0.404197 1 0 0 0 0 0 0 0
47 1 0.1 5.77155 4.47822 0.136802 0.012762 -0.0145155 -0.00722526 0.178294 0.0783605 0.0202642 1 0 0 0 0 0 0 0
48 1 0.1 5.7938 4.77839 0.149004 0.00139713 -0.0023457 0.00244082 -0.0356342 -0.00111475 0.010428 1 0 0 0 0 0 0 0
49 1 0.1 6.12538 5.10072 0.145685 0.000314981 -0.00129925 -0.00240939 0.0177207 0.0274714 -0.00565459 1 0 0 0 0 0 0 0
50 1 0.1 6.23691 0.784024 0.149976 -0.00127894 0.0010462 0.000115053 -0.000681428 -0.00321886 0.0162783 1 0 0 0 0 0 0 0
51 1 0.1 6.00313 1.26025 0.145217 -0.00162094 0.00461001 0.00755455 0.0199794 0.0817699 -0.0241382 1 0 0 0 0 0 0 0
52 1 0.1 5.94944 1.80968 0.156003 0.0221279 0.00326411 -0.000690346 0.162096 -0.403238 0.350532 1 0 0 0 0 0 0 0
53 1 0.1 5.76108 1.74593 0.137237 0.0157632 0.0193093 0.00117377 -0.0132216 0.461253 -0.516811 1 0 0 0 0 0 0 0
54 1 0.1 5.75863 1.9868 0.192106 0.0645523 -0.0329282 -0.0507203 -0.781222 0.239747 -0.619026 1 0 0 0 0 0 0 0
55 1 0.1 5.3859 2.08822 0.136896 0.0701179 -0.0485683 -0.0128385 0.48789 0.656238 -0.801916 1 0 0 0 0 0 0 0
56 1 0.1 5.28063 2.2581 0.137327 -0.0100635 -0.0887278 0.021177 0.94049 -0.168057 3.8554 1 0 0 0 0 0 0 0
57 1 0.1 5.26552 2.29951 0.332031 0.394192 0.0338326 0.0628115 1.37825 -3.55738 -0.440336 1 0 0 0 0 0 0 0
58 1 0.1 4.84007 2.36942 0.26844 0.0126022 0.0731078 -0.0158557 0.00384225 -0.391088 0.262625 1 0 0 0 0 0 0 0
59 1 0.1 4.63882 2.38868 0.137445 0.0123548 -0.00909461 0.00228956 0.134444 0.119764 -0.149716 1 0 0 0 0 0 0 0
60 1 0.1 5.30731 2.72034 0.292654 0.113486 -0.0291976 -0.0176582 -0.894365 1.01752 -0.102415 1 0 0 0 0 0 0 0
61 1 0.1 4.6372 2.91238 0.131925 0.0161042 0.0862282 0.0158088 -1.03609 -0.390198 -0.137135 1 0 0 0 0 0 0 0
62 1 0.1 4.83405 2.88937 0.145856 0.044786 -0.0547742 0.0412696 0.610875 0.614009 1.35989 1 0 0 0 0 0 0 0
63 1 0.1 4.58478 3.10257 0.154306 -0.00830362 0.0594277 -0.0244817 0.716164 0.0192071 0.492427 1 0 0 0 0 0 0 0
64 1 0.1 4.7539 3.20726 0.136615 0.0144047 0.0344058 -0.00357993 -0.510923 0.197285 0.0898798 1 0 0 0 0 0 0 0
65 1 0.1 4.7671 3.50239 0.361347 -0.0097376 0.0185727 0.0491224 -1.45483 0.0886411 -0.482012 1 0 0 0 0 0 0 0
66 1 0.1 5.33475 3.56601 0.137187 0.0109429 -0.0510512 0.00236139 -0.130454 -0.073298 0.257039 1 0 0 0 0 0 0 0
67 1 0.1 5.4259 3.73991 0.137107 -0.0328252 -0.0277179 0.000277431 0.115835 -0.150456 -0.494678 1 0 0 0 0 0 0 0
68 1 0.1 5.17218 3.87917 0.137297 0.0107066 0.0180482 0.00370368 -0.0810013 0.158883 0.0530996 1 0 0 0 0 0 0 0
69 1 0.1 5.51703 4.00451 0.438196 0.0238702 0.0150883 0.026812 0.644454 0.00834805 -0.17995 1 0 0 0 0 0 0 0
70 1 0.1 5.58663 4.17499 0.288878 -0.0085141 0.0311567 -0.00636257 0.144071 0.0462675 -0.0991449 1 0 0 0 0 0 0 0
71 1 0.1 5.71092 4.21263 0.137292 -0.00695371 0.0307042 2.93988e-05 -0.0532245 -0.0657119 -0.0192718 1 0 0 0 0 0 0 0
72 1 0.1 5.90169 4.32675 0.136402 0.153562 0.0853172 0.00296279 -0.783867 1.91098 2.56516 1 0 0 0 0 0 0 0
73 1 0.1 6.11268 4.80929 0.137463 -0.0322106 -0.00278808 -0.000709363 0.0435682 -0.00410404 -0.00825011 1 0 0 0 0 0 0 0
74 1 0.1 6.34496 5.32327 0.149981 -0.0019694 -0.00259499 -0.000558709 -0.0036892 0.0072684 -0.0329707 1 0 0 0 0 0 0 0
75 1 0.1 6.24381 1.00062 0.26359 -0.0016965 0.00399449 0.000572092 -0.00652814 0.0197514 0.00889337 1 0 0 0 0 0 0 0
76 1 0.1 6.14671 1.12149 0.137402 -0.00232299 0.00310858 5.67084e-05 -0.0267565 -0.017062 0.00138903 1 0 0 0 0 0 0 0
77 1 0.1 6.06794 1.64983 0.137469 0.0222086 0.00371415 -0.000100734 -0.0341728 0.218777 -0.371027 1 0 0 0 0 0 0 0
78 1 0.1 5.99327 2.00372 0.137261 0.0205841 0.0039628 0.000947745 -0.253967 -0.0807811 -0.289244 1 0 0 0 0 0 0 0
79 1 0.1 5.82558 2.22901 0.313817 0.171469 0.117117 0.0200733 0.0468444 -0.454487 -0.338248 1 0 0 0 0 0 0 0
80 1 0.1 5.58485 2.06869 0.137058 0.0979423 0.0628103 0.00474784 -0.706799 1.1068 -0.966043 1 0 0 0 0 0 0 0
81 1 0.1 5.62237 2.29321 0.137501 -0.108125 -0.0367337 0.00497554 0.047344 0.0318549 -0.100899 1 0 0 0 0 0 0 0
82 1 0.1 5.75331 2.78119 0.137435 0.0301561 0.0441026 -0.00163538 0.00162897 0.0047589 0.0143832 1 0 0 0 0 0 0 0
83 1 0.1 5.39818 2.41655 0.161768 -0.135863 0.0506823 0.090757 0.00951095 0.359638 -1.81711 1 0 0 0 0 0 0 0
84 1 0.1 4.79739 2.5167 0.134369 0.0251579 -0.0546563 -0.000638164 0.432678 0.241539 -0.124127 1 0 0 0 0 0 0 0
85 1 0.1 5.07149 2.62694 0.154651 -0.0163039 -0.00458939 0.0469105 0.264528 -0.778757 0.0470759 1 0 0 0 0 0 0 0
86 1 0.1 5.61315 2.87791 0.331613 -0.0195385 0.0979243 0.0195671 -0.898382 -1.37222 0.345062 1 0 0 0 0 0 0 0
87 1 0.1 5.0315 2.91754 0.13787 0.0602557 0.0882687 -0.0158084 0.322072 0.00634003 0.226814 1 0 0 0 0 0 0 0
88 1 0.1 5.21436 3.2847 0.171671 0.00903102 -0.0479854 0.0706555 -0.526279 0.0278551 -0.306685 1 0 0 0 0 0 0 0
89 1 0.1 4.69895 3.42169 0.137492 0.0357145 0.0282154 -0.000703569 -0.182874 0.0198975 -0.978303 1 0 0 0 0 0 0 0
90 1 0.1 5.13069 3.47839 0.137091 0.0114677 0.00454956 -0.00154247 -0.0277686 0.103609 -0.0279009 1 0 0 0 0 0 0 0
91 1 0.1 5.52877 3.51907 0.137472 0.0253845 0.0137876 -0.000332393 0.0603907 0.108933 0.421554 1 0 0 0 0 0 0 0
92 1 0.1 5.65431 3.67448 0.136988 -0.00320726 0.0382215 -0.00119152 -0.37214 -0.0820498 -0.187822 1 0 0 0 0 0 0 0
93 1 0.1 5.7797 3.8802 0.278747 -0.0732333 0.0364074 0.0280153 -0.326974 0.180475 -0.380942 1 0 0 0 0 0 0 0
94 1 0.1 5.58838 3.98773 0.218564 0.0589779 -0.0172125 0.100988 -0.401195 -1.35663 -1.95901 1 0 0 0 0 0 0 0
95 1 0.1 5.76819 4.02117 0.13749 -0.0528946 0.0171352 0.00169074 -0.0521786 0.36178 -0.440232 1 0 0 0 0 0 0 0
96 1 0.1 5.95277 4.13598 0.13596 0.205218 0.0859128 0.011058 -0.426641 2.39153 -1.74155 1 0 0 0 0 0 0 0
97 1 0.1 6.0136 4.44915 0.247648 0.0766069 0.0720682 0.103576 1.17868 -0.672238 -0.425471 1 0 0 0 0 0 0 0
98 1 0.1 6.23793 4.94803 0.208469 -0.0174379 -0.0171927 -0.00322871 -0.0195904 0.0769773 -0.178051 1 0 0 0 0 0 0 0
99 1 0.1 6.32384 5.1245 0.144243 0.00092936 -0.0031964 -0.00637891 0.0341402 0.0136514 -0.024373 1 0 0 0 0 0 0 0
100 1 0.1 6.35606 0.660866 0.349956 -0.000274825 0.000478677 -7.72651e-05 -0.00591489 -0.00429683 0.00701348 1 0 0 0 0 0 0 0
101 1 0.1 6.19243 1.32388 0.137469 -0.00432005 0.0117793 0.000198676 -0.125713 -0.0401123 0.110724 1 0 0 0 0 0 0 0
102 1 0.1 6.05455 1.45803 0.192175 -0.01003 0.00650839 -0.000986167 0.0686835 0.201022 -0.0844352 1 0 0 0 0 0 0 0
103 1 0.1 5.9514 2.37766 0.268677 0.0433481 0.194329 -0.0875988 -0.469372 1.64665 1.69959 1 0 0 0 0 0 0 0
104 1 0.1 5.87223 2.83609 0.56426 -0.011597 0.0413107 0.00277028 -0.2848 -1.47714 0.31941 1 0 0 0 0 0 0 0
105 1 0.1 5.79961 2.38588 0.138185 -0.135001 0.0222861 0.013423 0.10513 0.0024738 0.578306 1 0 0 0 0 0 0 0
106 1 0.1 5.75713 2.5813 0.137406 -0.0332693 0.0457891 -0.00042319 -0.453687 -0.217158 0.416972 1 0 0 0 0 0 0 0
107 1 0.1 5.76995 3.04396 0.515064 0.00307965 0.0432674 0.0542129 0.0353207 0.730525 -0.121839 1 0 0 0 0 0 0 0
108 1 0.1 5.57087 2.71883 0.189147 0.0497262 0.00407664 0.00377527 0.359723 0.205187 0.316769 1 0 0 0 0 0 0 0
109 1 0.1 5.56809 2.51639 0.135337 -0.00700653 -0.0800831 -0.00768299 -0.0951258 0.532216 0.248726 1 0 0 0 0 0 0 0
110 1 0.1 5.31897 2.60638 0.132063 -0.00533451 -0.0251894 -0.0155925 0.286675 -0.734718 -0.253654 1 0 0 0 0 0 0 0
111 1 0.1 5.19779 2.7824 0.137418 0.169802 -0.175579 -0.024303 1.70594 1.67673 -0.49256 1 0 0 0 0 0 0 0
112 1 0.1 5.46234 3.05268 0.151357 0.059584 0.00785719 0.0492327 0.491898 -0.554208 0.206033 1 0 0 0 0 0 0 0
113 1 0.1 4.90354 3.0752 0.136521 -0.0198613 -0.0122192 0.00230596 -0.410572 0.0477587 -0.440314 1 0 0 0 0 0 0 0
114 1 0.1 5.52017 3.22614 0.237787 0.0403402 0.0346822 -0.00919307 -0.0777678 -0.433503 0.172199 1 0 0 0 0 0 0 0
115 1 0.1 5.63822 3.35195 0.137478 0.0549972 0.0319792 0.000477026 -0.144231 0.00705494 -0.0650331 1 0 0 0 0 0 0 0
116 1 0.1 5.65205 3.11377 0.138177 0.056019 0.0267738 0.0196498 -0.298471 0.323123 0.0105447 1 0 0 0 0 0 0 0
117 1 0.1 5.83793 3.35 0.137425 0.0536822 0.0334761 0.000404138 -0.0428766 -0.0642659 -0.0164149 1 0 0 0 0 0 0 0
118 1 0.1 5.83912 3.75031 0.137814 -0.00230045 0.0422394 0.0137648 -0.104253 -0.260695 0.216839 1 0 0 0 0 0 0 0
119 1 0.1 5.94174 3.92181 0.137427 -0.0292848 0.0597864 0.00312759 -0.293199 -0.187611 0.110799 1 0 0 0 0 0 0 0
120 1 0.1 5.80848 3.54758 0.143757 -0.0153486 0.0228866 0.000833181 0.108258 0.287522 -0.040327 1 0 0 0 0 0 0 0
121 1 0.1 6.01608 3.25926 0.137524 0.0561686 0.0405884 0.00591424 -0.0347965 0.00973407 0.0511952 1 0 0 0 0 0 0 0
122 1 0.1 6.01611 4.18511 0.438075 0.176847 0.0888375 0.174655 0.0394195 -0.592589 0.895807 1 0 0 0 0 0 0 0
123 1 0.1 6.07927 4.6022 0.137371 0.0263701 0.0251655 -0.000628098 -0.277264 0.272324 0.767086 1 0 0 0 0 0 0 0
124 1 0.1 6.23799 4.68276 0.228414 0.00492656 0.0490198 0.0152727 0.911114 -0.174013 -0.0978419 1 0 0 0 0 0 0 0
125 1 0.1 5.93322 1.08638 0.357953 -0.00431065 0.0025703 -0.00987067 -0.0181267 0.102892 0.0491616 1 0 0 0 0 0 0 0
126 1 0.1 5.7934 1.22883 0.3699 -0.00312972 0.00356569 -0.00231446 0.0278719 -0.0188324 0.0446064 1 0 0 0 0 0 0 0
127 1 0.1 5.61398 1.40993 0.351916 -0.0128076 0.0197757 0.013163 0.153277 -0.0347104 0.217596 1 0 0 0 0 0 0 0
128 1 0.1 5.43175 1.58787 0.349325 0.0198456 -0.021469 -0.0238881 -0.234143 0.127906 -0.331274 1 0 0 0 0 0 0 0
129 1 0.1 5.28998 1.72889 0.349386 0.0143249 -0.0185051 -0.015473 -0.0542785 0.0437806 -0.413071 1 0 0 0 0 0 0 0
130 1 0.1 5.03999 1.98202 0.349255 0.0368349 -0.0347137 -0.0093146 0.198805 0.291683 -0.359778 1 0 0 0 0 0 0 0
131 1 0.1 4.8973 2.12033 0.347313 0.0578011 -0.0347115 0.0113745 -0.897242 -1.25612 -0.220066 1 0 0 0 0 0 0 0
132 1 0.1 4.79459 2.26449 0.431816 0.0492805 0.00319173 -0.0337187 -0.225054 -0.827176 0.844867 1 0 0 0 0 0 0 0
133 1 0.1 4.6533 2.36746 0.339606 0.0233886 -0.031532 -0.0256494 0.168147 0.510081 -0.244428 1 0 0 0 0 0 0 0
134 1 0.1 4.56464 2.46765 0.488463 0.0567506 -0.0595478 -0.0469729 -0.296273 0.0864933 -0.245876 1 0 0 0 0 0 0 0
135 1 0.1 4.46873 2.55079 0.33402 0.0155002 -0.0226002 -0.00270761 -0.0477757 -0.110058 -0.205465 1 0 0 0 0 0 0 0
136 1 0.1 4.33282 2.6947 0.333179 0.00578891 -0.0227934 -0.00802141 -0.0155065 -0.0346438 0.373762 1 0 0 0 0 0 0 0
137 1 0.1 4.51066 2.96695 0.289183 0.00142016 -0.0192418 -0.00337936 -0.259865 -0.400197 -0.0294125 1 0 0 0 0 0 0 0
138 1 0.1 4.32507 3.0401 0.302609 -0.000398349 -0.00867105 -0.0488475 0.502026 -0.0141546 -0.122276 1 0 0 0 0 0 0 0
139 1 0.1 4.30077 3.28183 0.451929 -0.00352737 -0.021981 0.0191587 -0.537064 -0.439188 0.013376 1 0 0 0 0 0 0 0
140 1 0.1 4.60911 3.34747 0.318796 0.00017359 0.070381 0.00679147 0.211398 0.646411 0.384737 1 0 0 0 0 0 0 0
141 1 0.1 4.57603 3.55028 0.361247 -0.0235626 -0.0339837 0.0155395 -0.0545176 -0.0660059 1.00057 1 0 0 0 0 0 0 0
142 1 0.1 4.7539 3.7298 0.362822 -0.00202646 0.00188893 0.0056532 -0.213414 0.469413 0.168966 1 0 0 0 0 0 0 0
143 1 0.1 5.10356 4.07588 0.397142 0.0370862 0.0159475 0.00124388 -0.00171976 -0.116837 0.370141 1 0 0 0 0 0 0 0
144 1 0.1 5.37945 4.08831 0.32043 0.0701265 0.0569918 -0.00751839 0.0697333 -0.56511 0.137825 1 0 0 0 0 0 0 0
145 1 0.1 5.24633 4.21806 0.3931 0.00741359 0.013437 -0.0234963 0.431168 -0.208192 0.132576 1 0 0 0 0 0 0 0
146 1 0.1 5.3696 4.35656 0.248291 0.0169896 0.0193194 0.00901645 0.15438 -0.231809 0.943359 1 0 0 0 0 0 0 0
147 1 0.1 5.49405 4.46908 0.35715 0.00999394 0.0119717 -0.00641303 0.104964 -0.0346152 0.148333 1 0 0 0 0 0 0 0
148 1 0.1 5.7118 4.69121 0.349803 0.0241376 0.0319503 -0.00149685 -0.0228912 0.0154611 0.0680557 1 0 0 0 0 0 0 0
149 1 0.1 5.90914 4.88301 0.358483 -0.00861033 -0.010709 0.00520876 -0.089641 0.0318292 -0.120407 1 0 0 0 0 0 0 0
150 1 0.1 6.0734 0.943818 0.351247 -0.000269213 0.00105424 0.00130473 0.00997211 -0.0104299 0.0206552 1 0 0 0 0 0 0 0
151 1 0.1 5.82464 1.68002 0.314253 0.0421821 0.0066497 -0.0104465 -0.117307 0.0755538 -0.225006 1 0 0 0 0 0 0 0
152 1 0.1 5.54912 1.69018 0.203832 -0.0081117 0.0165267 -0.0368317 -0.380683 -0.307623 0.005226 1 0 0 0 0 0 0 0
153 1 0.1 5.96548 2.22709 0.456397 0.130616 0.0339135 0.0666935 0.644283 -0.169923 -0.138835 1 0 0 0 0 0 0 0
154 1 0.1 5.67342 1.98769 0.373788 -0.0804817 0.0276247 -0.0275049 -0.1004 -0.568 -0.802406 1 0 0 0 0 0 0 0
155 1 0.1 5.28275 1.91896 0.293911 0.0295688 -0.00234564 -0.000327694 -0.0294103 0.0902646 0.128483 1 0 0 0 0 0 0 0
156 1 0.1 5.15297 2.20304 0.519195 -0.0280786 -0.0989961 0.389056 -1.31223 1.46038 0.801419 1 0 0 0 0 0 0 0
157 1 0.1 4.88326 2.15208 0.567724 0.0346736 0.0449966 0.00668249 0.617651 -0.281833 -0.323348 1 0 0 0 0 0 0 0
158 1 0.1 4.7718 2.49408 0.439017 -0.0184762 0.0119293 -0.0320967 -0.329576 -0.565445 0.828354 1 0 0 0 0 0 0 0
159 1 0.1 4.91778 2.80423 0.56495 0.0944803 -0.122391 0.101118 0.88709 -0.04149 -0.815878 1 0 0 0 0 0 0 0
160 1 0.1 4.75908 2.6881 0.325253 0.0680332 0.0500409 -0.197331 -2.38926 2.04754 -0.086056 1 0 0 0 0 0 0 0
161 1 0.1 4.69076 2.86758 0.306579 0.0461993 0.0627601 0.00978155 1.09964 0.904543 -0.237352 1 0 0 0 0 0 0 0
162 1 0.1 4.69496 2.81386 0.4861 0.104933 -0.143219 -0.030521 0.908767 0.153204 -1.1733 1 0 0 0 0 0 0 0
163 1 0.1 4.77799 2.93209 0.605869 0.0468297 -0.160643 0.0438493 -0.490146 -1.07282 1.18023 1 0 0 0 0 0 0 0
164 1 0.1 4.31589 3.18663 0.712149 0.0887887 0.044548 -0.114404 0.0662902 0.621484 0.0414033 1 0 0 0 0 0 0 0
165 1 0.1 4.71076 3.44776 0.596489 -0.00295377 -0.0168787 0.00290263 -0.327994 0.0913516 -0.24606 1 0 0 0 0 0 0 0
166 1 0.1 4.94632 3.38119 0.471557 -0.0222771 -0.0546061 0.000834469 0.809934 0.0473225 0.5499 1 0 0 0 0 0 0 0
167 1 0.1 5.11663 3.58451 0.304714 0.0129055 0.0123021 -0.00819089 -0.0200207 -0.222946 -0.188936 1 0 0 0 0 0 0 0
168 1 0.1 5.23429 3.95148 0.312689 0.0687887 0.0380509 -0.0165683 -0.0210217 0.36254 0.139354 1 0 0 0 0 0 0 0
169 1 0.1 5.40942 3.85609 0.325646 0.0963583 0.0685633 0.0368367 -0.809366 -0.306864 0.251406 1 0 0 0 0 0 0 0
170 1 0.1 5.44489 4.25918 0.401354 0.00803385 0.0399429 0.00523595 0.225872 -0.459683 0.147867 1 0 0 0 0 0 0 0
171 1 0.1 5.63413 4.30966 0.42888 0.000612158 0.0355394 -0.00575686 -0.0633146 0.14381 -0.00196739 1 0 0 0 0 0 0 0
172 1 0.1 5.76509 4.34338 0.282909 -0.0221498 -0.0306877 -0.0306974 0.131426 0.447221 -1.1383 1 0 0 0 0 0 0 0
173 1 0.1 5.85875 4.56861 0.291571 -0.00220617 -0.0217076 0.00329651 -0.0463769 -0.178434 0.0898274 1 0 0 0 0 0 0 0
174 1 0.1 6.07565 5.06027 0.349645 0.000727055 -0.00167574 -0.00026763 0.0058165 0.00676239 -0.00404463 1 0 0 0 0 0 0 0
175 1 0.1 6.21465 0.802262 0.350128 -0.000476378 0.000397458 -0.000389967 -0.00201829 0.00300111 0.00529286 1 0 0 0 0 0 0 0
176 1 0.1 5.79465 1.48258 0.306926 -0.00804136 0.0123012 0.00254434 -0.0204847 0.182327 -0.344635 1 0 0 0 0 0 0 0
177 1 0.1 5.8381 1.87807 0.339818 0.0625404 0.0105339 -0.0127349 -0.334178 0.414675 -0.33309 1 0 0 0 0 0 0 0
178 1 0.1 5.92642 2.05647 0.317993 0.00507033 0.0195348 -0.00836268 0.402149 0.152782 -0.721544 1 0 0 0 0 0 0 0
179 1 0.1 5.47564 1.97764 0.308677 -0.102183 -0.069357 0.0317815 0.331319 -1.4638 -2.41016 1 0 0 0 0 0 0 0
180 1 0.1 5.4852 2.13919 0.426396 0.186778 -0.00219289 -0.0461667 -0.421737 0.112063 1.9489 1 0 0 0 0 0 0 0
181 1 0.1 5.31873 2.11076 0.322556 0.186428 -0.0280386 0.00586128 0.185246 0.284188 -1.77926 1 0 0 0 0 0 0 0
182 1 0.1 5.02478 2.25745 0.380158 0.20934 -0.178283 0.128642 -2.2243 -3.77422 -2.76257 1 0 0 0 0 0 0 0
183 1 0.1 4.89924 2.55834 0.295702 0.103518 0.0692301 -0.0741507 -1.18273 0.716574 1.65139 1 0 0 0 0 0 0 0
184 1 0.1 5.13302 2.64392 0.346437 0.133211 0.0246065 0.110909 0.0685238 0.142342 -0.14296 1 0 0 0 0 0 0 0
185 1 0.1 5.10253 2.85293 0.509171 0.0344791 -0.02217 -0.00650171 1.12669 2.09324 1.23488 1 0 0 0 0 0 0 0
186 1 0.1 4.92026 2.80189 0.302671 0.208787 -0.0519334 -0.00740182 -0.872969 1.12685 -0.795749 1 0 0 0 0 0 0 0
187 1 0.1 4.48472 2.77591 0.231646 0.00334052 -0.0105903 -0.00349133 0.00999257 -0.162348 -0.154395 1 0 0 0 0 0 0 0
188 1 0.1 4.74683 3.05063 0.257386 -0.0148386 0.070241 0.0173702 -0.206576 -0.626371 -0.016996 1 0 0 0 0 0 0 0
189 1 0.1 5.27756 3.31478 0.362664 0.054768 -0.0121359 0.0650119 0.421996 -0.71584 -0.399523 1 0 0 0 0 0 0 0
190 1 0.1 5.06292 3.39334 0.311771 -0.0100568 0.00649584 0.00292669 -0.160738 -0.082188 0.0172414 1 0 0 0 0 0 0 0
191 1 0.1 5.30356 3.50791 0.324485 0.0215032 -0.00945822 0.0228746 -0.83884 0.0244181 0.798217 1 0 0 0 0 0 0 0
192 1 0.1 5.21732 3.75408 0.331583 0.0534389 0.0153063 -0.00205139 -0.118483 -0.192276 -0.264973 1 0 0 0 0 0 0 0
193 1 0.1 5.59728 3.79858 0.281772 -0.0394434 -0.0463304 0.0506902 1.00018 0.353323 1.23534 1 0 0 0 0 0 0 0
194 1 0.1 5.56804 3.89328 0.595792 0.0426707 0.0245052 0.0266964 -0.218348 -0.997034 1.90606 1 0 0 0 0 0 0 0
195 1 0.1 5.6881 4.12098 0.452305 0.01722 0.0493777 -0.0140715 0.0195351 0.0850538 0.173606 1 0 0 0 0 0 0 0
196 1 0.1 5.86567 4.1696 0.307452 0.256122 0.0799726 0.0663761 1.31135 -2.06365 -0.709778 1 0 0 0 0 0 0 0
197 1 0.1 5.84728 4.00846 0.416529 0.0233165 0.0338045 -0.0195349 -0.00906243 -0.140056 -0.458034 1 0 0 0 0 0 0 0
198 1 0.1 5.98066 4.72413 0.261064 -0.0180831 -0.0134336 0.00484934 0.0193312 0.132132 0.102245 1 0 0 0 0 0 0 0
199 1 0.1 6.21906 5.1989 0.335607 -2.55235e-05 -0.000271233 0.00022958 0.0041517 -0.00139667 0.0015976 1 0 0 0 0 0 0 0
200 1 0.1 6.09291 1.20153 0.313794 0.00679091 0.00336262 0.0040284 0.0342542 -0.00391888 0.0936092 1 0 0 0 0 0 0 0
201 1 0.1 5.94649 1.34521 0.316872 -0.00685016 0.00934682 0.00301244 -0.113544 -0.101642 0.05045 1 0 0 0 0 0 0 0
202 1 0.1 6.0461 1.83794 0.492202 0.041251 -0.00340118 0.00254261 -0.0953578 -0.0989478 -0.55281 1 0 0 0 0 0 0 0
203 1 0.1 5.9201 2.34371 0.612262 -0.0530292 -0.00070112 0.0382163 -0.549796 -1.30121 1.33087 1 0 0 0 0 0 0 0
204 1 0.1 5.84418 2.54063 0.312621 0.0112959 0.148436 -0.00112724 0.0655184 0.341127 1.11422 1 0 0 0 0 0 0 0
205 1 0.1 5.63573 2.17037 0.300704 0.167425 0.121146 -0.0451505 -0.260029 -0.316262 0.25999 1 0 0 0 0 0 0 0
206 1 0.1 5.44878 2.2538 0.266651 0.288404 -0.0971653 -0.193179 0.166352 1.65001 -0.71875 1 0 0 0 0 0 0 0
207 1 0.1 5.4599 2.44143 0.414634 0.0951746 0.0202032 0.0259401 -0.44175 0.814605 -0.0834431 1 0 0 0 0 0 0 0
208 1 0.1 5.1847 2.46336 0.135767 -0.0352923 -9.88028e-05 -0.00132892 0.827768 -0.401459 -0.0096064 1 0 0 0 0 0 0 0
209 1 0.1 5.45341 2.58618 0.279348 0.0740238 -0.014901 0.00903486 -0.30713 -0.112706 -0.0577806 1 0 0 0 0 0 0 0
210 1 0.1 5.67987 2.86584 0.518741 -0.0140895 0.0472987 0.0134623 1.53661 1.4002 -0.0873286 1 0 0 0 0 0 0 0
211 1 0.1 5.37763 2.8782 0.194625 0.0701743 -0.0331108 -0.0765997 0.472445 -0.382714 0.183167 1 0 0 0 0 0 0 0
212 1 0.1 4.83486 2.95316 0.415411 0.064023 -0.0248972 0.0570878 1.48603 0.189636 -0.0864023 1 0 0 0 0 0 0 0
213 1 0.1 5.01164 3.02055 0.350952 0.0173248 -0.0144122 -0.073814 0.732368 2.11562 -0.629914 1 0 0 0 0 0 0 0
214 1 0.1 5.38901 3.37803 0.168077 0.00249834 -0.0437274 0.0298685 -0.256021 -0.0620737 -0.016368 1 0 0 0 0 0 0 0
215 1 0.1 5.64992 3.32053 0.420725 0.0496273 0.0164499 -0.00143668 0.583203 -0.207547 -1.16268 1 0 0 0 0 0 0 0
216 1 0.1 5.62057 3.48979 0.312657 0.0253425 0.0297777 0.000496638 -0.0742746 -0.479669 -0.814328 1 0 0 0 0 0 0 0
217 1 0.1 5.45383 3.63918 0.307575 -0.00705491 0.0469431 0.0422218 -0.798222 0.194695 1.2675 1 0 0 0 0 0 0 0
218 1 0.1 5.96749 3.79767 0.292025 -0.148949 0.00704825 -0.016901 1.00418 -1.74123 0.671099 1 0 0 0 0 0 0 0
219 1 0.1 5.98411 3.61592 0.210314 -0.00757345 0.0129708 -0.00594251 -0.855251 -0.514224 -0.354505 1 0 0 0 0 0 0 0
220 1 0.1 6.01151 3.46344 0.505126 -0.0153065 0.0807965 0.0857437 -0.65225 -1.07698 0.649252 1 0 0 0 0 0 0 0
221 1 0.1 5.92104 3.71983 0.470237 -0.402221 0.0115625 -0.0787947 -1.08422 -1.15356 -0.556827 1 0 0 0 0 0 0 0
222 1 0.1 5.95697 3.3638 0.297471 0.0450933 0.0418152 0.0071553 0.0258407 0.0247588 0.134991 1 0 0 0 0 0 0 0
223 1 0.1 6.10626 4.86309 0.33254 -0.0103454 -0.0231116 0.00529504 0.0647696 0.0277349 0.0842305 1 0 0 0 0 0 0 0
224 1 0.1 6.22564 4.97695 0.452157 -0.0138437 -0.0309711 0.0027897 0.0489849 -0.0571588 -0.31201 1 0 0 0 0 0 0 0
225 1 0.1 5.98167 1.5368 0.361626 0.0299669 0.00761448 -0.0145675 -0.163481 -0.207232 -0.459539 1 0 0 0 0 0 0 0
226 1 0.1 5.90401 2.18236 0.137131 0.0986423 0.0430892 0.00217898 -0.43389 1.00959 -0.652817 1 0 0 0 0 0 0 0
227 1 0.1 6.01769 1.73015 0.326268 0.0428618 0.00836741 -0.00618357 0.198877 -0.0830627 0.309873 1 0 0 0 0 0 0 0
228 1 0.1 5.95551 2.55861 0.147505 -0.0347985 -0.0216617 -0.0492604 -0.789314 0.831877 -1.17963 1 0 0 0 0 0 0 0
229 1 0.1 5.5962 2.90905 0.135967 0.0431507 0.00682445 -0.000788541 -0.266278 0.655332 -0.506456 1 0 0 0 0 0 0 0
230 1 0.1 5.9401 3.10057 0.30807 0.0348314 0.0172968 0.00799666 -0.302947 -0.0829139 -0.183 1 0 0 0 0 0 0 0
231 1 0.1 5.80726 2.38653 0.434348 0.107379 0.129253 0.0010709 -0.199175 -0.621427 0.340408 1 0 0 0 0 0 0 0
232 1 0.1 5.6313 2.41676 0.294498 0.0814492 -0.0102085 -0.0146953 -0.409138 0.0950669 0.416133 1 0 0 0 0 0 0 0
233 1 0.1 5.83992 2.65041 0.497378 -0.0425618 0.0506939 -0.00644796 0.261596 0.316929 -0.1565 1 0 0 0 0 0 0 0
234 1 0.1 5.74859 2.73123 0.331246 -0.0378857 0.0790654 0.0191858 1.05944 1.15857 -0.511881 1 0 0 0 0 0 0 0
235 1 0.1 5.92628 2.82264 0.337553 -0.0225686 0.0546976 0.00469343 0.728018 -0.0772463 0.275252 1 0 0 0 0 0 0 0
236 1 0.1 5.57751 3.07295 0.570658 -0.128281 -0.142248 -0.0490371 -0.523354 0.967773 -1.77036 1 0 0 0 0 0 0 0
237 1 0.1 5.41219 2.99367 0.371817 0.156605 0.0789555 0.130856 -0.373742 0.526017 0.460327 1 0 0 0 0 0 0 0
238 1 0.1 5.33495 3.1556 0.259842 0.0613796 -0.00246391 0.0562598 -0.380881 1.14471 0.247058 1 0 0 0 0 0 0 0
239 1 0.1 5.64366 3.10459 0.337709 -0.0210905 0.0572806 0.0182034 -0.226754 -0.45679 -0.125729 1 0 0 0 0 0 0 0
240 1 0.1 5.79076 2.96947 0.329925 -0.0073441 0.0713935 0.0592225 -0.21471 0.318746 -0.489211 1 0 0 0 0 0 0 0
241 1 0.1 5.45592 3.32982 0.573845 -0.229941 0.0852021 -0.0389359 -0.897739 0.444654 -0.0972901 1 0 0 0 0 0 0 0
242 1 0.1 5.79235 3.23525 0.309561 0.0257374 0.00428793 -0.0109423 0.178088 -0.0636708 0.338438 1 0 0 0 0 0 0 0
243 1 0.1 5.83845 3.37501 0.458101 0.0545116 -0.0187257 0.0197938 -0.0918477 0.157041 0.951113 1 0 0 0 0 0 0 0
244 1 0.1 5.72346 3.65776 0.345455 0.0865924 0.00519516 -0.0388967 -0.426041 0.464765 0.0789933 1 0 0 0 0 0 0 0
245 1 0.1 5.84842 3.15034 0.137447 0.0589736 0.0326858 -0.00369189 0.00340718 -0.133613 0.0293836 1 0 0 0 0 0 0 0
246 1 0.1 5.88846 3.54855 0.372513 0.041069 -0.0663827 -0.0619445 -0.61441 0.506642 -1.06707 1 0 0 0 0 0 0 0
247 1 0.1 5.92435 4.35946 0.402414 -0.0253691 -0.0471588 -0.0226865 -0.787717 -0.576505 0.452404 1 0 0 0 0 0 0 0
248 1 0.1 6.05695 4.50213 0.447323 -0.0667445 -0.0166439 -0.0189133 -0.0489305 -0.405978 -0.231311 1 0 0 0 0 0 0 0
249 1 0.1 6.13906 4.67871 0.402127 -0.0190924 -0.0353543 -0.00388701 0.0771964 0.0126407 -0.192806 1 0 0 0 0 0 0 0
250 1 0.1 5.99688 1.02688 0.539117 -0.00172137 0.00192031 -0.0027988 -0.0784942 0.0155407 0.0160123 1 0 0 0 0 0 0 0
251 1 0.1 5.81625 1.2094 0.567549 -0.0149582 0.00848498 -0.00619045 -0.260182 -0.0545036 0.21017 1 0 0 0 0 0 0 0
252 1 0.1 5.67405 1.34715 0.549025 -0.0150436 0.0115777 0.00349388 0.194122 0.221337 0.261472 1 0 0 0 0 0 0 0
253 1 0.1 5.5208 1.49748 0.549745 -0.012575 0.0100953 -0.00720956 -0.125056 -0.055259 0.136674 1 0 0 0 0 0 0 0
254 1 0.1 5.42944 1.66932 0.595498 -0.0018485 0.0175988 -0.0181634 -0.0416887 0.129152 -0.23695 1 0 0 0 0 0 0 0
255 1 0.1 5.1645 1.85563 0.438983 0.0357458 -0.01728 -0.00479616 0.0145004 -0.646567 0.717937 1 0 0 0 0 0 0 0
256 1 0.1 5.01409 2.00187 0.549976 -0.00629397 0.0106544 0.00189433 0.000531842 -0.0217074 0.125478 1 0 0 0 0 0 0 0
257 1 0.1 4.80401 2.37306 0.59494 -0.0235369 0.0147002 -0.0246097 0.211294 0.391718 -0.205941 1 0 0 0 0 0 0 0
258 1 0.1 4.71008 2.52031 0.686652 -0.0139394 0.0154718 -0.00188413 -0.477117 0.317993 0.505691 1 0 0 0 0 0 0 0
259 1 0.1 4.79464 2.64938 0.562837 -0.0311727 -0.00436473 -0.0108539 0.558737 0.129736 -0.897563 1 0 0 0 0 0 0 0
260 1 0.1 4.53785 2.70389 0.43131 0.0399326 -0.0544662 -0.000795106 0.0878668 -0.0553745 -0.144456 1 0 0 0 0 0 0 0
261 1 0.1 4.3765 2.87667 0.406806 -0.00522725 -0.0090856 -0.00703423 -0.14923 0.076776 0.25108 1 0 0 0 0 0 0 0
262 1 0.1 4.38026 2.86548 0.606378 0.0565252 -0.0275312 -0.0119329 0.00536447 0.260466 0.521549 1 0 0 0 0 0 0 0
263 1 0.1 4.18835 2.99811 0.441392 0.00641194 -0.00785755 -0.0375966 0.0712916 0.33118 -0.141935 1 0 0 0 0 0 0 0
264 1 0.1 4.1926 3.16911 0.574566 0.00362802 -0.00493142 0.0432424 0.652364 1.10845 0.623112 1 0 0 0 0 0 0 0
265 1 0.1 4.41059 3.34374 0.601166 0.000904978 0.00416244 0.018589 0.0822947 0.221708 -0.0652208 1 0 0 0 0 0 0 0
266 1 0.1 4.44118 3.41336 0.404959 -0.0229003 -0.0222529 0.0286251 -0.271303 -0.160953 -0.416218 1 0 0 0 0 0 0 0
267 1 0.1 4.69342 3.63095 0.524291 0.0480213 -0.0139619 0.00676797 0.165039 -0.362106 0.0800966 1 0 0 0 0 0 0 0
268 1 0.1 4.9276 3.88794 0.486003 0.000539927 0.00949739 -0.0388594 0.748671 0.476128 0.0313849 1 0 0 0 0 0 0 0
269 1 0.1 5.03272 4.00512 0.602993 0.00478131 0.00201141 -0.00995577 -0.227771 -0.178753 0.334254 1 0 0 0 0 0 0 0
270 1 0.1 5.17182 4.14611 0.57746 0.00487011 0.00309089 0.000196456 0.0250651 -0.0326102 0.0489225 1 0 0 0 0 0 0 0
271 1 0.1 5.31716 4.29252 0.564461 -0.0052798 -0.0223565 0.019827 0.0221971 -0.0317081 -0.152257 1 0 0 0 0 0 0 0
272 1 0.1 5.45614 4.43583 0.550633 -0.00718115 -0.00362123 -0.00812353 0.0078829 0.0663957 -0.0627255 1 0 0 0 0 0 0 0
273 1 0.1 5.60151 4.57526 0.572352 0.0203509 0.0159349 0.00594593 -0.0532347 -0.0494985 0.247787 1 0 0 0 0 0 0 0
274 1 0.1 5.79134 4.7735 0.55452 -0.00112766 -0.00639398 0.00248633 -0.0246889 -0.00461071 -0.0252393 1 0 0 0 0 0 0 0
275 1 0.1 6.13757 0.886451 0.559977 -0.00190451 0.00237196 -0.000465734 0.120261 -0.135725 -0.0243358 1 0 0 0 0 0 0 0
276 1 0.1 5.76257 1.51457 0.604908 -0.0182555 0.00825714 0.00723063 0.0118233 0.0399962 -0.175815 1 0 0 0 0 0 0 0
277 1 0.1 5.62151 1.60077 0.410883 0.000918576 0.0196261 0.0199853 -0.0978627 -0.202942 -0.4228 1 0 0 0 0 0 0 0
278 1 0.1 5.67588 1.79294 0.41977 0.0650475 0.00482917 -0.0164153 -0.179305 -0.72861 0.65856 1 0 0 0 0 0 0 0
279 1 0.1 5.56321 1.83436 0.583296 0.0220538 0.0353353 0.0280712 0.169107 0.650038 -0.332605 1 0 0 0 0 0 0 0
280 1 0.1 5.40591 1.91712 0.491694 0.0369658 -0.00412964 -0.0442361 -1.83587 -1.49884 0.103027 1 0 0 0 0 0 0 0
281 1 0.1 5.24033 2.02767 0.49925 0.0188511 -0.0442564 0.10507 2.27482 3.03932 0.315998 1 0 0 0 0 0 0 0
282 1 0.1 5.03735 1.98591 0.756963 0.00549553 -0.000654318 0.0104217 0.0846482 -0.0496152 0.0378515 1 0 0 0 0 0 0 0
283 1 0.1 4.99547 2.31557 0.567408 -0.0224039 0.0710816 0.00156103 -0.621979 0.436109 -0.688143 1 0 0 0 0 0 0 0
284 1 0.1 4.96767 2.65887 0.448266 0.101841 -0.0162797 -0.0324599 1.42044 -2.01736 -0.236514 1 0 0 0 0 0 0 0
285 1 0.1 4.46528 2.60164 0.598576 0.0626605 -0.0461877 -0.0580711 0.0130027 0.350827 0.245118 1 0 0 0 0 0 0 0
286 1 0.1 4.55384 2.78014 0.609719 0.0596075 -0.0427737 -0.020892 -0.271174 -0.0634242 -0.745833 1 0 0 0 0 0 0 0
287 1 0.1 4.63099 3.13729 0.764713 -0.0337989 -0.0310421 -0.0119145 -0.296171 0.522241 -0.776801 1 0 0 0 0 0 0 0
288 1 0.1 4.45866 3.17223 0.490098 -0.0262 -0.0122761 0.0265587 0.466488 0.189538 -0.0259842 1 0 0 0 0 0 0 0
289 1 0.1 4.62003 3.09798 0.401886 -0.0245955 0.0525667 -0.00428547 1.01315 0.0288027 -0.465255 1 0 0 0 0 0 0 0
290 1 0.1 4.81199 3.32369 0.286694 -0.0226634 0.0166659 0.0333172 1.51479 0.215044 0.472474 1 0 0 0 0 0 0 0
291 1 0.1 4.9025 3.534 0.59834 -0.00379857 0.0122955 0.00821262 0.273366 0.167223 0.125258 1 0 0 0 0 0 0 0
292 1 0.1 4.94762 3.56489 0.4086 0.0256743 -0.0527555 0.00622096 -0.767454 -0.398708 -0.909831 1 0 0 0 0 0 0 0
293 1 0.1 5.02109 3.74064 0.382749 -0.0416172 -0.0263582 -0.0363189 0.413249 0.334822 1.48515 1 0 0 0 0 0 0 0
294 1 0.1 5.12114 3.84964 0.509317 0.00529317 -0.0207958 -0.090232 -2.15484 0.306036 -0.604767 1 0 0 0 0 0 0 0
295 1 0.1 5.22258 3.96168 0.648126 0.00372221 -0.0433247 0.0258914 0.00876493 -0.248994 -0.435791 1 0 0 0 0 0 0 0
296 1 0.1 5.51195 4.23176 0.58557 -0.0104669 0.0267689 0.00442496 0.116715 0.207379 0.357093 1 0 0 0 0 0 0 0
297 1 0.1 5.69562 4.40087 0.59408 0.0220563 0.0196918 -0.00475375 0.18852 0.0137198 -0.205918 1 0 0 0 0 0 0 0
298 1 0.1 5.68535 4.50145 0.40654 0.0277358 0.0310882 0.00278618 -0.0115418 0.0489475 -0.0515172 1 0 0 0 0 0 0 0
299 1 0.1 6.07463 5.05548 0.55708 7.39517e-06 -0.00511495 5.74527e-05 -0.00113407 0.00907497 -0.0377329 1 0 0 0 0 0 0 0
300 1 0.1 6.27711 0.743641 0.550005 -0.00186759 0.0025131 0.000129178 -0.00112635 0.000185631 0.0384452 1 0 0 0 0 0 0 0
301 1 0.1 5.88881 1.40061 0.500038 -0.0287342 0.00220347 -0.000447907 0.227008 -0.153064 -0.119466 1 0 0 0 0 0 0 0
302 1 0.1 5.87979 1.64292 0.502205 0.00158622 -0.0085098 -0.000590955 0.222378 -0.457039 0.0270781 1 0 0 0 0 0 0 0
303 1 0.1 5.86078 1.83799 0.572621 0.0147438 -0.00262814 -0.00646026 -0.00268748 0.133713 -0.318082 1 0 0 0 0 0 0 0
304 1 0.1 5.71188 1.96591 0.602227 0.0387161 0.0206616 -0.00845451 0.0531968 -0.0990837 0.28539 1 0 0 0 0 0 0 0
305 1 0.1 5.50006 2.06284 0.608044 0.205848 0.0338246 -0.0261068 0.136278 -0.512676 -0.423534 1 0 0 0 0 0 0 0
306 1 0.1 5.26949 2.39029 0.508367 0.133854 0.0122208 0.0779589 -0.653273 0.536936 0.588049 1 0 0 0 0 0 0 0
307 1 0.1 5.14403 2.40854 0.662814 0.0192038 0.0242882 -0.00953472 0.234374 -0.138603 -0.0272514 1 0 0 0 0 0 0 0
308 1 0.1 5.10389 2.40388 0.292397 0.211662 -0.217663 0.0161601 -0.269641 1.83426 3.83821 1 0 0 0 0 0 0 0
309 1 0.1 4.9954 2.54699 0.611087 0.106077 -0.0280175 -0.0351971 -0.91947 -0.74485 -0.671412 1 0 0 0 0 0 0 0
310 1 0.1 5.29347 2.81896 0.464436 0.0613186 0.0767393 -0.0992959 0.396479 -1.54215 -0.351008 1 0 0 0 0 0 0 0
311 1 0.1 4.65488 2.86951 0.76251 0.0443416 0.0463508 0.000145569 0.031047 -0.127749 0.0715207 1 0 0 0 0 0 0 0
312 1 0.1 4.52344 2.98271 0.532627 -0.0117185 0.0104891 -0.0503856 0.0104125 0.374225 0.105117 1 0 0 0 0 0 0 0
313 1 0.1 4.97698 3.21301 0.309365 -0.0300572 0.007216 0.052446 -0.122622 0.33915 0.161084 1 0 0 0 0 0 0 0
314 1 0.1 5.09198 3.12826 0.170244 -0.0307967 -0.0160065 0.0680716 0.0876387 -0.679742 -0.0512694 1 0 0 0 0 0 0 0
315 1 0.1 5.11478 3.28219 0.46741 0.000707916 -0.00572263 -0.0202524 -0.00487961 -0.191368 -0.00592941 1 0 0 0 0 0 0 0
316 1 0.1 5.46546 3.37965 0.37316 0.0387201 0.0413374 0.0555651 -0.453611 0.807038 0.907932 1 0 0 0 0 0 0 0
317 1 0.1 5.13869 3.62572 0.498443 -0.00830477 -0.00178509 -0.00767105 0.143138 0.0133313 0.0561965 1 0 0 0 0 0 0 0
318 1 0.1 5.33212 3.66004 0.464773 -0.00385778 0.0252536 0.0508837 -0.0921562 -0.615409 0.218998 1 0 0 0 0 0 0 0
319 1 0.1 5.37647 3.86992 0.539487 0.0155765 0.0479093 0.0369119 0.402766 -1.24529 1.94478 1 0 0 0 0 0 0 0
320 1 0.1 5.35237 4.0838 0.519033 0.0174357 0.00591043 0.0329178 0.00384828 -0.324714 -0.0201556 1 0 0 0 0 0 0 0
321 1 0.1 5.74642 3.98168 0.582555 0.0250809 0.0537521 -0.0154656 -1.52087 -0.509188 -1.27338 1 0 0 0 0 0 0 0
322 1 0.1 5.84768 4.27428 0.566085 -0.019544 -0.0239504 -0.00948655 -0.0115993 0.0219721 0.705261 1 0 0 0 0 0 0 0
323 1 0.1 5.92028 4.65288 0.461469 -0.0137736 -0.0167795 0.00529495 -0.013229 0.0138734 -0.123511 1 0 0 0 0 0 0 0
324 1 0.1 6.21479 5.19795 0.549991 -0.00348148 -0.00230698 0.000125739 0.000136242 -0.00134099 -0.0205558 1 0 0 0 0 0 0 0
325 1 0.1 6.16945 1.09426 0.464082 0.00180062 -0.00202159 0.0020015 0.0409712 -0.0666318 -0.0910855 1 0 0 0 0 0 0 0
326 1 0.1 5.99748 1.23329 0.48664 -0.0158238 0.0126637 -0.00817278 -0.229189 0.00692259 0.0666237 1 0 0 0 0 0 0 0
327 1 0.1 6.00179 2.03255 0.501478 0.0550237 0.000572395 -0.0304661 -0.314422 0.425748 0.430757 1 0 0 0 0 0 0 0
328 1 0.1 5.66076 2.29127 0.641171 0.116165 -0.0247937 -0.0187173 0.67341 0.248416 0.251736 1 0 0 0 0 0 0 0
329 1 0.1 5.86433 2.13605 0.602821 0.0686649 -0.0147576 -0.00165804 0.00233199 0.235672 0.00053932 1 0 0 0 0 0 0 0
330 1 0.1 5.44606 2.3377 0.583243 0.138332 -0.0610969 -0.0234796 1.54388 0.442211 -1.24167 1 0 0 0 0 0 0 0
331 1 0.1 5.68616 2.13962 0.513174 0.0628098 0.0193588 0.00269065 0.0580093 -0.146375 -0.368435 1 0 0 0 0 0 0 0
332 1 0.1 5.83967 2.63155 0.696456 0.0185141 -0.00486573 -0.0121756 0.274489 0.268617 0.112537 1 0 0 0 0 0 0 0
333 1 0.1 5.67649 2.56669 0.418325 -0.0225904 0.0400777 -0.0338265 -0.156128 -0.613774 0.342215 1 0 0 0 0 0 0 0
334 1 0.1 5.45222 2.54549 0.58518 0.0227495 0.0461596 0.00745673 -0.11535 -1.07611 -0.196458 1 0 0 0 0 0 0 0
335 1 0.1 4.99743 2.46601 0.437931 0.151278 0.00203183 -0.0606407 1.0846 -0.798831 -1.81859 1 0 0 0 0 0 0 0
336 1 0.1 5.33416 2.80601 0.663082 -0.0142149 0.0254048 -0.00730765 -0.302612 -0.0680855 -0.503345 1 0 0 0 0 0 0 0
337 1 0.1 4.96799 2.99068 0.594852 0.0156901 -0.0825433 0.065533 -1.25964 0.0626327 1.72592 1 0 0 0 0 0 0 0
338 1 0.1 5.21759 3.00996 0.329487 0.166332 -0.101262 0.0337451 0.315913 -1.55442 1.35082 1 0 0 0 0 0 0 0
339 1 0.1 5.29969 3.14015 0.456595 -0.00709602 -0.0159206 0.0641537 -0.350334 -0.171072 0.30093 1 0 0 0 0 0 0 0
340 1 0.1 5.4915 3.19102 0.434173 -0.0190751 0.0349156 0.0365151 0.558464 0.512731 0.167944 1 0 0 0 0 0 0 0
341 1 0.1 5.27842 3.47501 0.520085 -0.0189527 0.0102788 0.0214795 0.547681 -0.642868 0.373764 1 0 0 0 0 0 0 0
342 1 0.1 5.49444 3.54488 0.481801 0.00878916 0.0418656 0.0599941 0.672347 0.107844 0.0481933 1 0 0 0 0 0 0 0
343 1 0.1 5.51899 3.7562 0.459586 -0.00195564 -0.00279856 0.073571 -0.489878 0.712888 -2.84596 1 0 0 0 0 0 0 0
344 1 0.1 5.64191 3.66869 0.59074 -0.080821 -0.114399 0.0808043 -0.884737 0.235357 -0.597898 1 0 0 0 0 0 0 0
345 1 0.1 5.74301 3.34213 0.762676 0.119122 -0.2336 0.00572789 0.229406 -0.616422 -1.96668 1 0 0 0 0 0 0 0
346 1 0.1 5.79593 3.79484 0.607017 -0.197272 0.0339298 0.107384 2.43403 2.39137 0.222563 1 0 0 0 0 0 0 0
347 1 0.1 5.96173 3.89508 0.557316 -0.194089 -0.0276867 -0.110861 0.951558 1.97119 -1.51654 1 0 0 0 0 0 0 0
348 1 0.1 5.93392 4.91348 0.561208 -0.00214069 -0.00322697 0.000611011 -5.14988e-05 0.000608498 -0.00110116 1 0 0 0 0 0 0 0
349 1 0.1 6.11339 4.83096 0.529991 -0.017432 -0.0305064 -0.000633635 0.0169967 0.0281382 0.215399 1 0 0 0 0 0 0 0
350 1 0.1 6.10303 1.39405 0.431288 -0.00706358 -0.0126541 0.0118443 -0.226921 0.24142 -0.08858 1 0 0 0 0 0 0 0
351 1 0.1 6.04241 1.54116 0.557714 0.00474938 0.00738644 0.0141082 -0.243959 0.270387 0.153479 1 0 0 0 0 0 0 0
352 1 0.1 6.0023 1.71644 0.64477 -0.00100037 0.0106779 0.0025335 0.0564205 -0.0345089 0.0255411 1 0 0 0 0 0 0 0
353 1 0.1 5.81295 2.02384 0.763154 0.0110373 0.0181548 0.00328582 0.169561 -0.0962818 0.0210131 1 0 0 0 0 0 0 0
354 1 0.1 5.95165 2.75856 0.147884 0.0211127 -0.0197787 0.0229919 0.142665 -0.267844 -0.649696 1 0 0 0 0 0 0 0
355 1 0.1 5.85912 2.95074 0.137816 0.043868 0.0336181 -0.00113611 -0.0240301 -0.0506838 -0.182275 1 0 0 0 0 0 0 0
356 1 0.1 5.67583 2.72461 0.762941 0.00834875 -0.034461 0.00469448 -0.315237 -0.0481883 0.267964 1 0 0 0 0 0 0 0
357 1 0.1 5.56703 2.72172 0.596492 0.0383437 -0.00365026 -0.00304166 0.113906 -0.120638 -0.0619103 1 0 0 0 0 0 0 0
358 1 0.1 5.131 2.96144 0.727059 -0.0853757 0.00636481 -0.00564248 -0.0640435 -0.194837 0.0530405 1 0 0 0 0 0 0 0
359 1 0.1 5.44187 2.68934 0.446653 0.0564125 0.0299905 -0.00783567 -0.0669486 -0.0988307 -0.270376 1 0 0 0 0 0 0 0
360 1 0.1 5.86931 3.00324 0.683671 0.0135443 -0.00407216 0.0369717 0.520747 -0.615724 0.124243 1 0 0 0 0 0 0 0
361 1 0.1 5.68577 2.92029 0.710221 -0.00645144 -0.0275187 0.0297226 -0.804585 -1.40317 -0.138226 1 0 0 0 0 0 0 0
362 1 0.1 5.46131 2.90298 0.543092 0.0856767 0.0981217 0.158203 0.666919 -2.26263 1.30238 1 0 0 0 0 0 0 0
363 1 0.1 5.26911 2.97594 0.580266 -0.0524519 0.00859491 -0.0232778 0.647697 -0.263995 0.653835 1 0 0 0 0 0 0 0
364 1 0.1 5.52937 3.04779 0.763063 -0.0164657 -0.00850606 -0.00444099 -0.0505326 0.0565443 -0.115408 1 0 0 0 0 0 0 0
365 1 0.1 5.3892 3.12676 0.634633 -0.0115347 0.0282208 0.0588479 0.102371 0.123876 0.0658065 1 0 0 0 0 0 0 0
366 1 0.1 5.6854 3.2399 0.600055 -0.0230235 -0.0898266 -0.0347705 0.106188 0.494506 -1.33988 1 0 0 0 0 0 0 0
367 1 0.1 5.57036 3.24246 0.763325 0.000375357 -0.0136898 -0.00638842 -0.0677964 -0.167243 0.0646649 1 0 0 0 0 0 0 0
368 1 0.1 5.60372 3.45549 0.623303 -0.0759012 -0.0753381 0.052785 0.210311 -0.690529 -1.03427 1 0 0 0 0 0 0 0
369 1 0.1 5.78664 3.5324 0.569978 -0.0785757 -0.105625 0.0752654 0.468863 0.260587 0.757882 1 0 0 0 0 0 0 0
370 1 0.1 5.90402 3.37227 0.646973 0.142557 -0.248453 -0.00525518 1.65262 1.37697 -1.32496 1 0 0 0 0 0 0 0
371 1 0.1 5.90314 3.19261 0.50763 0.0672988 -0.0130734 0.0249736 0.0476054 -0.226064 -0.800917 1 0 0 0 0 0 0 0
372 1 0.1 6.00509 4.02692 0.295232 0.100558 -0.0173333 0.0110854 0.916653 0.453909 -0.800786 1 0 0 0 0 0 0 0
373 1 0.1 5.9038 4.466 0.570656 -0.0671643 -0.00841347 -0.00969217 0.195647 0.712659 -0.191531 1 0 0 0 0 0 0 0
374 1 0.1 6.07428 4.64367 0.587936 -0.00881758 -0.0318098 -0.00237651 0.0363228 0.102923 -0.0851398 1 0 0 0 0 0 0 0
375 1 0.1 6.07602 0.954955 0.762685 0.0105488 0.014842 8.50105e-05 0.0715962 -0.201947 0.0509639 1 0 0 0 0 0 0 0
376 1 0.1 5.7444 1.27712 0.749941 0.00758609 -0.00550338 0.000348342 0.0336727 0.030878 -0.135995 1 0 0 0 0 0 0 0
377 1 0.1 5.60321 1.41853 0.749519 -0.000956434 -0.0102329 0.0044263 -0.0269986 0.0235673 0.238411 1 0 0 0 0 0 0 0
378 1 0.1 5.46383 1.56097 0.763093 0.00561295 -0.00807322 -0.000565896 -0.0567178 0.140338 -0.2504 1 0 0 0 0 0 0 0
379 1 0.1 5.32565 1.70427 0.762776 0.0218635 0.00550065 0.000457341 0.179231 0.089273 0.0310354 1 0 0 0 0 0 0 0
380 1 0.1 5.1787 1.8449 0.757378 0.00427606 0.000433853 0.0209958 0.0127036 -0.0709749 -0.0360957 1 0 0 0 0 0 0 0
381 1 0.1 5.2578 1.77156 0.589323 -0.00569208 0.0079218 0.0183174 0.0143971 0.0241784 0.422408 1 0 0 0 0 0 0 0
382 1 0.1 4.89745 2.12765 0.763134 0.0012667 -0.00606165 -0.00451139 -0.0681738 -0.045949 -0.0397131 1 0 0 0 0 0 0 0
383 1 0.1 4.74574 2.28645 0.763443 0.0156585 0.0241626 -0.00201916 0.229036 -0.13914 -0.00962614 1 0 0 0 0 0 0 0
384 1 0.1 4.52741 2.48681 0.747702 0.00222085 -0.00430516 0.0111526 0.100176 -0.294835 -0.103912 1 0 0 0 0 0 0 0
385 1 0.1 4.31133 2.70577 0.529667 0.0377755 -0.0333369 -0.00345395 0.194669 0.298018 -0.357827 1 0 0 0 0 0 0 0
386 1 0.1 4.20443 2.82698 0.716924 0.000783155 -0.000500818 -0.00143356 -0.0194328 0.0115948 -0.00278168 1 0 0 0 0 0 0 0
387 1 0.1 4.33434 3.0417 0.560201 -0.0267151 -0.0493629 -0.0161959 0.0226824 -0.448472 0.461023 1 0 0 0 0 0 0 0
388 1 0.1 4.19416 3.02154 0.761776 -0.00046043 -0.000293789 -0.00209557 0.00560424 0.0208103 -0.00492749 1 0 0 0 0 0 0 0
389 1 0.1 4.59759 3.28813 0.564286 -0.00241415 -0.0290653 0.00548529 -0.787275 -0.144574 -0.34218 1 0 0 0 0 0 0 0
390 1 0.1 4.46358 3.44717 0.757913 0.0105761 0.0062353 0.0254738 -0.263416 -0.158778 -0.0149409 1 0 0 0 0 0 0 0
391 1 0.1 4.60422 3.58212 0.745663 0.0103818 0.00186145 0.0212087 0.0260128 0.0766114 -0.0450042 1 0 0 0 0 0 0 0
392 1 0.1 4.80472 3.78188 0.590616 0.0148706 0.023481 -0.00944631 -0.788295 -0.033456 -0.256973 1 0 0 0 0 0 0 0
393 1 0.1 4.8777 3.85931 0.759982 0.00452953 0.00338035 0.00962189 -0.105856 0.00959171 0.121334 1 0 0 0 0 0 0 0
394 1 0.1 5.11575 4.08568 0.763451 -0.00673179 0.00943562 -0.00305853 0.121971 0.0436871 -0.471019 1 0 0 0 0 0 0 0
395 1 0.1 5.25144 4.2293 0.747772 0.00367586 -0.00155317 -0.00529777 -0.0231646 0.102426 0.301979 1 0 0 0 0 0 0 0
396 1 0.1 5.39831 4.37036 0.730464 0.00200318 0.0013349 -0.00270907 0.0207841 0.013602 0.0131675 1 0 0 0 0 0 0 0
397 1 0.1 5.53627 4.51356 0.751104 0.000753767 0.00158792 -0.00146873 0.0118471 0.00456755 0.0105524 1 0 0 0 0 0 0 0
398 1 0.1 5.70604 4.67993 0.762504 0.00134333 0.00204285 0.00145982 0.00470345 -0.00949867 0.0346456 1 0 0 0 0 0 0 0
399 1 0.1 5.84517 4.82227 0.749372 3.55053e-05 0.000631128 0.00222918 -0.0111721 -0.0112836 -0.0228383 1 0 0 0 0 0 0 0
400 1 0.1 6.2128 0.809513 0.760843 -0.00168853 0.00243679 0.00233118 0.0188681 -0.0186824 -0.0803314 1 0 0 0 0 0 0 0
401 1 0.1 5.93537 1.08906 0.71863 -0.000519337 0.00226479 -0.00405027 -0.0110315 0.0620559 0.160746 1 0 0 0 0 0 0 0
402 1 0.1 5.65615 1.6129 0.762033 -0.00396675 0.00135416 -0.0152417 0.476915 0.112645 0.119869 1 0 0 0 0 0 0 0
403 1 0.1 5.71468 1.70529 0.5952 0.00797285 0.00933472 -0.00441507 -0.11815 0.0446896 -0.110241 1 0 0 0 0 0 0 0
404 1 0.1 5.51838 1.75654 0.762808 0.023065 0.015318 5.1454e-05 -0.0940882 -0.285335 0.0194055 1 0 0 0 0 0 0 0
405 1 0.1 5.35892 1.9066 0.696734 0.0134098 -0.0099462 0.0392762 0.031671 -0.115685 -0.0823295 1 0 0 0 0 0 0 0
406 1 0.1 5.22445 2.05078 0.73004 0.0090113 -0.0033742 0.0132521 -0.20205 -0.0710277 0.0224146 1 0 0 0 0 0 0 0
407 1 0.1 5.33475 2.173 0.595224 0.142682 -0.0584038 0.0031796 -0.844478 1.29425 1.39901 1 0 0 0 0 0 0 0
408 1 0.1 5.00978 2.29623 0.763651 0.00761239 0.0644915 -0.000219355 0.64439 -0.0839101 -0.105788 1 0 0 0 0 0 0 0
409 1 0.1 4.88975 2.49443 0.765452 0.00911071 0.0495837 -0.024151 0.412307 -0.0558768 -0.192833 1 0 0 0 0 0 0 0
410 1 0.1 4.33993 2.68575 0.757748 0.000368239 -0.000438701 -0.00043804 -0.0063519 7.94735e-05 -0.00394791 1 0 0 0 0 0 0 0
411 1 0.1 4.46446 2.92982 0.76642 0.031576 0.00174767 -0.00273582 0.0587638 -0.195745 0.134261 1 0 0 0 0 0 0 0
412 1 0.1 4.47931 3.25586 0.766792 0.0115731 0.00490663 0.00633924 0.682135 -1.63721 -0.0660185 1 0 0 0 0 0 0 0
413 1 0.1 4.64581 3.36525 0.763475 3.64839e-05 -0.00696116 -0.00186108 0.230824 -0.135356 0.214167 1 0 0 0 0 0 0 0
414 1 0.1 4.7733 3.2927 0.480213 0.0101298 -0.130541 0.0209238 -1.27501 -0.0629438 0.209463 1 0 0 0 0 0 0 0
415 1 0.1 4.52282 3.5044 0.562636 -2.13485e-05 0.000626391 0.00223331 -0.0496337 0.0375038 -0.0161908 1 0 0 0 0 0 0 0
416 1 0.1 5.01302 3.50945 0.762828 0.00485345 0.0019038 9.23181e-06 -0.0103243 -0.0512316 0.0432172 1 0 0 0 0 0 0 0
417 1 0.1 4.76124 3.69706 0.763297 -0.00614139 0.0171105 -0.00508691 -0.0895691 0.207285 0.281793 1 0 0 0 0 0 0 0
418 1 0.1 4.99095 3.71286 0.600168 0.00283161 0.00867455 0.00357742 -0.168812 0.138531 -0.176965 1 0 0 0 0 0 0 0
419 1 0.1 5.07515 3.88989 0.762481 -0.0132213 0.00458584 0.00661977 -0.0957015 0.0272654 -0.0795084 1 0 0 0 0 0 0 0
420 1 0.1 5.44386 4.17884 0.763618 0.00657766 0.00593748 0.00220007 0.0412878 -0.0605065 -0.171733 1 0 0 0 0 0 0 0
421 1 0.1 5.58833 4.3171 0.762507 0.00354113 0.00879372 9.19959e-05 -0.0164117 -0.0174717 0.13078 1 0 0 0 0 0 0 0
422 1 0.1 5.75505 4.48693 0.763091 0.0173305 0.0037329 0.00492859 -0.0300973 -0.12985 0.0832481 1 0 0 0 0 0 0 0
423 1 0.1 5.87851 4.63674 0.671287 -0.00381228 -0.00940642 0.0132923 -0.0597656 0.0288189 -0.0830333 1 0 0 0 0 0 0 0
424 1 0.1 6.12725 5.1043 0.750165 6.93311e-05 -0.000123622 -0.00181807 0.0190748 -0.0103938 0.0503841 1 0 0 0 0 0 0 0
425 1 0.1 6.35226 0.666658 0.750038 -0.00158028 0.00254131 -0.000216818 0.00552689 0.0070899 0.0301323 1 0 0 0 0 0 0 0
426 1 0.1 5.9578 1.28254 0.762702 -0.00318208 0.000895075 0.000731127 -0.00532023 0.0147707 -0.0671489 1 0 0 0 0 0 0 0
427 1 0.1 5.873 1.46306 0.762593 -0.00763617 -0.000808838 -0.000942364 0.0568505 0.0981391 0.121281 1 0 0 0 0 0 0 0
428 1 0.1 5.92106 1.85594 0.762462 0.00123727 0.0147214 -0.00433605 -0.0584901 -0.115558 -0.162854 1 0 0 0 0 0 0 0
429 1 0.1 5.7057 1.82635 0.760782 0.0384784 -0.0286241 0.039241 0.19066 -0.0747424 -0.185803 1 0 0 0 0 0 0 0
430 1 0.1 5.55085 1.95278 0.763588 0.0645165 0.00384584 0.000259652 -0.0119356 -0.656947 -0.393638 1 0 0 0 0 0 0 0
431 1 0.1 5.43728 2.17467 0.763758 0.129154 0.0472525 -0.00118903 0.494003 -1.27523 -0.0502897 1 0 0 0 0 0 0 0
432 1 0.1 5.20673 2.24719 0.76256 0.00689391 0.00320148 -0.00767755 -0.00505122 -0.0976989 -0.0383588 1 0 0 0 0 0 0 0
433 1 0.1 5.29951 2.55645 0.403725 0.0899829 0.00755187 0.0472091 -0.0138945 -0.175791 -0.366217 1 0 0 0 0 0 0 0
434 1 0.1 5.11158 2.57743 0.764274 0.00953448 0.0106911 0.00648775 -0.332045 -0.621503 -0.236278 1 0 0 0 0 0 0 0
435 1 0.1 4.75867 2.69871 0.762431 -0.00243097 0.0187009 -0.0108865 0.370592 -0.320098 -0.611562 1 0 0 0 0 0 0 0
436 1 0.1 4.55921 2.67634 0.768017 0.00498753 -0.00955896 -3.81439e-05 -0.0250479 -0.0289816 -0.0207638 1 0 0 0 0 0 0 0
437 1 0.1 4.72836 3.11973 0.566316 0.0207236 -0.164004 -0.00539108 0.981677 0.394022 -0.416658 1 0 0 0 0 0 0 0
438 1 0.1 4.8075 3.23098 0.762501 -0.0422135 -0.0130648 0.00643819 -0.269258 -0.663897 0.802102 1 0 0 0 0 0 0 0
439 1 0.1 4.81807 3.46647 0.763573 0.00524276 -0.00541674 0.00022984 -0.174269 -0.200203 0.0390105 1 0 0 0 0 0 0 0
440 1 0.1 4.96053 3.28065 0.643831 -0.034307 -0.0497757 0.00238942 -0.774809 0.389484 -0.470536 1 0 0 0 0 0 0 0
441 1 0.1 5.10359 3.69016 0.762921 -0.00830244 0.0106271 -0.00249852 0.0551487 -0.0715517 -0.0121975 1 0 0 0 0 0 0 0
442 1 0.1 5.23929 3.76266 0.635813 -0.0221121 0.0400135 -0.0162536 -0.0239507 0.630679 -1.79615 1 0 0 0 0 0 0 0
443 1 0.1 5.34836 3.85866 0.764744 0.0337962 -0.0391149 -0.00343938 -0.231597 -0.541106 0.561578 1 0 0 0 0 0 0 0
444 1 0.1 5.50264 3.9879 0.762484 0.0088983 0.00721374 -0.00698651 -0.0524161 -0.0334929 0.501613 1 0 0 0 0 0 0 0
445 1 0.1 5.68767 4.16052 0.647996 0.00657993 0.0422945 -0.0215056 0.184975 -0.176372 -0.0874175 1 0 0 0 0 0 0 0
446 1 0.1 5.78651 4.28999 0.762698 0.00887399 0.00919077 0.00228331 0.0921889 -0.0472458 -0.152598 1 0 0 0 0 0 0 0
447 1 0.1 5.94624 4.42859 0.762498 0.013659 -0.0321705 -0.00886682 -0.0584964 0.294194 -0.399513 1 0 0 0 0 0 0 0
448 1 0.1 6.02552 4.73697 0.762518 -0.00142758 -0.0072093 0.00164444 -0.0705273 0.0169172 0.0242809 1 0 0 0 0 0 0 0
449 1 0.1 6.26861 5.24565 0.750004 -0.000300373 -7.81897e-05 -0.000200799 0.00256045 0.00131731 -0.013118 1 0 0 0 0 0 0 0
450 1 0.1 6.24122 1.01788 0.669362 -0.000541188 0.0161153 -0.0183715 -0.357219 0.272647 0.165268 1 0 0 0 0 0 0 0
451 1 0.1 6.10468 1.16109 0.641072 -0.00636447 0.0120167 -0.00694081 0.151002 0.0740039 -0.170592 1 0 0 0 0 0 0 0
452 1 0.1 6.04715 1.56119 0.762509 -0.0104529 0.00588982 4.96334e-05 0.0101345 -0.0794404 -0.0520605 1 0 0 0 0 0 0 0
453 1 0.1 5.84759 1.66997 0.762561 -0.00826917 0.0192171 -0.00148044 0.211476 0.0502324 -0.341613 1 0 0 0 0 0 0 0
454 1 0.1 5.63324 2.13484 0.762527 0.0815759 -0.00102259 0.00457233 -0.473853 -0.526028 0.245405 1 0 0 0 0 0 0 0
455 1 0.1 5.52238 2.36667 0.763541 0.0941541 -0.114173 0.00146756 -1.16069 -0.959496 0.757997 1 0 0 0 0 0 0 0
456 1 0.1 5.3161 2.42712 0.762594 0.0133655 0.00890393 0.000240972 0.0243988 0.00587124 -0.00360301 1 0 0 0 0 0 0 0
457 1 0.1 5.59546 2.3032 0.452818 0.103299 0.0301879 -0.000333443 -0.00404869 -0.10112 0.0163335 1 0 0 0 0 0 0 0
458 1 0.1 5.28996 2.61185 0.681205 -0.00991543 0.0213108 -0.031128 0.417663 0.478985 0.332171 1 0 0 0 0 0 0 0
459 1 0.1 5.48201 2.6523 0.762891 0.0252167 0.00120285 -0.00274652 0.012498 -0.293328 0.15605 1 0 0 0 0 0 0 0
460 1 0.1 5.14562 2.66101 0.545121 0.135124 0.0242262 0.110972 0.255304 0.24473 0.638333 1 0 0 0 0 0 0 0
461 1 0.1 4.8841 2.85437 0.762511 0.0386119 -0.0121085 -0.000365122 -0.348167 0.186967 0.0915269 1 0 0 0 0 0 0 0
462 1 0.1 4.79072 3.03115 0.76307 -0.0471514 -0.0567921 0.0110393 -0.469565 1.16916 0.812169 1 0 0 0 0 0 0 0
463 1 0.1 5.12182 3.09937 0.537384 -0.0532627 -0.00520737 -0.0118058 -0.072071 -0.00792243 -0.416369 1 0 0 0 0 0 0 0
464 1 0.1 4.90818 3.14561 0.484028 0.0235847 -0.110197 0.0236908 1.24055 0.00773073 0.00587269 1 0 0 0 0 0 0 0
465 1 0.1 5.09174 3.45348 0.588163 -0.0311602 0.000510287 -0.0157204 0.0917137 0.332069 -0.507529 1 0 0 0 0 0 0 0
466 1 0.1 5.29014 3.61828 0.762677 -0.0652913 0.0305297 0.00115585 -0.759256 -0.111144 0.126209 1 0 0 0 0 0 0 0
467 1 0.1 5.44587 3.67444 0.627591 -0.0715644 0.0431758 0.0836879 -0.496603 -0.149212 -0.772347 1 0 0 0 0 0 0 0
468 1 0.1 5.53499 3.79073 0.763373 0.0565932 0.0148926 0.0128199 -0.00750437 0.00759648 -0.0184907 1 0 0 0 0 0 0 0
469 1 0.1 5.68999 3.91641 0.762707 0.0423958 0.0516078 -0.00219896 0.0536755 0.207896 0.439262 1 0 0 0 0 0 0 0
470 1 0.1 5.88676 3.88125 0.762594 0.0373979 -0.0140275 -0.00101974 -0.269843 -0.177858 -0.452176 1 0 0 0 0 0 0 0
471 1 0.1 5.83496 4.088 0.763341 0.00505917 0.00482976 0.000730008 0.0534084 -0.0912869 -0.00470207 1 0 0 0 0 0 0 0
472 1 0.1 5.97095 4.22737 0.717758 0.00820079 -0.00257338 0.0128048 -0.0508738 -0.0796399 -0.00967708 1 0 0 0 0 0 0 0
473 1 0.1 5.9913 4.9581 0.750471 0.00523978 -0.0051 -0.00290849 -0.0314141 0.0395624 -0.0526645 1 0 0 0 0 0 0 0
474 1 0.1 6.17832 4.90524 0.703923 -0.000516666 -0.019797 -0.0118552 -0.0493022 0.0734427 -0.0761972 1 0 0 0 0 0 0 0
475 1 0.1 6.25693 1.20617 0.762522 -0.0153989 0.0231607 3.56694e-05 0.125329 -0.0832872 0.538231 1 0 0 0 0 0 0 0
476 1 0.1 6.08655 1.3594 0.627484 0.0202452 0.0150703 0.0195332 0.0998982 0.0605929 -0.105827 1 0 0 0 0 0 0 0
477 1 0.1 5.98346 2.14122 0.762746 0.0911507 -0.0153457 -0.00511007 -0.00386839 -0.0161413 -0.00125599 1 0 0 0 0 0 0 0
478 1 0.1 5.81211 2.24418 0.762573 0.0877611 -0.0209097 0.00430123 -0.216784 -0.851253 0.130531 1 0 0 0 0 0 0 0
479 1 0.1 5.83354 2.44299 0.762578 -0.108358 0.00345137 0.000954905 0.0370435 1.07137 -0.570086 1 0 0 0 0 0 0 0
480 1 0.1 5.89256 3.20951 0.76251 0.110314 -0.24208 7.65916e-05 -0.461496 0.0729553 -0.373533 1 0 0 0 0 0 0 0
481 1 0.1 5.85125 2.82042 0.762525 -0.00075782 -0.0191425 -0.000708268 -0.160463 -0.000259064 -0.0121667 1 0 0 0 0 0 0 0
482 1 0.1 5.65026 2.52693 0.763071 -0.06388 -0.0266384 -2.03682e-05 -0.275997 0.634308 -0.225559 1 0 0 0 0 0 0 0
483 1 0.1 5.7434 2.49169 0.590876 -0.0600276 0.047994 -0.0125435 0.635176 -0.493817 1.15133 1 0 0 0 0 0 0 0
484 1 0.1 5.50158 2.85065 0.76264 -0.00665292 0.00057402 -0.00034066 -0.00682972 0.00558503 0.13924 1 0 0 0 0 0 0 0
485 1 0.1 5.3415 2.98173 0.763399 -0.0279159 -0.011825 -0.00593892 -0.0716284 0.406653 -0.0386401 1 0 0 0 0 0 0 0
486 1 0.1 5.16556 2.7681 0.763135 -0.00450254 0.0145617 0.00286707 0.011374 0.109234 0.801501 1 0 0 0 0 0 0 0
487 1 0.1 4.97799 3.08572 0.767949 -0.057391 0.0256954 -0.000367278 0.331767 0.746015 0.287857 1 0 0 0 0 0 0 0
488 1 0.1 5.15581 3.15955 0.723229 -0.0598289 0.00940784 -0.0176477 -0.0911101 -0.460807 -0.215987 1 0 0 0 0 0 0 0
489 1 0.1 5.25955 3.27529 0.601498 -0.0210295 0.0140484 0.00837876 -0.192933 -0.0958835 0.0870939 1 0 0 0 0 0 0 0
490 1 0.1 5.38017 3.29292 0.755271 -0.00771944 -0.0466343 0.00794723 2.0369 -0.110688 0.528013 1 0 0 0 0 0 0 0
491 1 0.1 5.14017 3.35576 0.756492 0.00150643 0.00461668 0.0125283 0.0481968 -0.162553 -0.0680897 1 0 0 0 0 0 0 0
492 1 0.1 5.41909 3.47923 0.703463 -0.080975 -0.00267457 0.104497 -1.25126 0.781379 0.13866 1 0 0 0 0 0 0 0
493 1 0.1 5.71956 3.10941 0.762863 -0.0131017 -0.0244005 0.00338946 0.0543007 0.0721169 -0.205214 1 0 0 0 0 0 0 0
494 1 0.1 5.56883 3.59436 0.762842 -0.0310305 -0.0129842 0.00213406 0.296662 -0.624623 -1.10244 1 0 0 0 0 0 0 0
495 1 0.1 5.74163 3.69108 0.762618 0.109426 -0.273884 -0.0101873 1.74428 2.00419 -1.79955 1 0 0 0 0 0 0 0
496 1 0.1 5.83488 3.51893 0.763739 0.122663 -0.244216 -0.00468665 -2.2922 -0.962281 2.14376 1 0 0 0 0 0 0 0
497 1 0.1 5.9189 4.08854 0.583582 0.0186437 -0.00392994 0.0075712 -0.0846829 -0.0818549 -0.201878 1 0 0 0 0 0 0 0
498 1 0.1 6.13677 4.5705 0.762719 -0.00213542 -0.0207912 0.000265906 -0.204171 0.0134496 -0.0104987 1 0 0 0 0 0 0 0
499 1 0.1 6.25636 4.73072 0.762503 -0.00617454 -0.0184303 0.000222101 0.00710198 -0.299772 0.070407 1 0 0 0 0 0 0 0
