500
0 1 0.1 5.95916 1.0631 0.148959 0.000128267 -0.000303254 0.000536099 0.00793254 -0.0044411 -0.00143133 1 0 0 0 0 0 0 0
1 1 0.1 5.79916 1.21889 0.155534 0.00231027 0.000873413 0.00802764 0.0159547 0.145756 -0.0399525 1 0 0 0 0 0 0 0
2 1 0.1 5.65324 1.36272 0.146081 0.00141817 -0.00197639 0.00306987 0.0225448 -0.0228246 -0.0191185 1 0 0 0 0 0 0 0
3 1 0.1 5.29449 1.72609 0.14181 -0.0101379 0.0144035 0.00799642 0.00595999 -0.0976356 0.167281 1 0 0 0 0 0 0 0
4 1 0.1 5.48268 1.78755 0.363995 0.00170999 -0.00434318 -0.00367896 0.0542136 0.0383139 -0.233318 1 0 0 0 0 0 0 0
5 1 0.1 5.15594 1.87569 0.13736 -0.0162304 -0.0013101 -0.00106093 0.033255 -0.183216 -0.017116 1 0 0 0 0 0 0 0
6 1 0.1 4.96951 2.05398 0.137289 -0.00297858 -0.00209386 0.00338293 0.268123 -0.0669319 0.0769114 1 0 0 0 0 0 0 0
7 1 0.1 4.80324 2.2172 0.137574 -0.0110796 0.0183137 -0.00140346 -0.0242431 0.00217119 0.214013 1 0 0 0 0 0 0 0
8 1 0.1 4.66304 2.71138 0.137485 -0.0208945 0.0453223 -0.000243079 -0.473188 0.0491064 -1.31499 1 0 0 0 0 0 0 0
9 1 0.1 4.64003 2.53283 0.231132 -0.0073023 0.00980344 0.00423303 0.990853 0.163862 -0.124499 1 0 0 0 0 0 0 0
10 1 0.1 4.19298 2.86768 0.148575 -0.00520896 0.054033 0.000461438 -0.44583 -0.0389732 0.477096 1 0 0 0 0 0 0 0
11 1 0.1 4.19391 2.84937 0.34743 0.000490791 0.026269 -0.00290222 0.71251 0.00526708 0.470407 1 0 0 0 0 0 0 0
12 1 0.1 4.19224 3.08025 0.134402 -0.00343501 0.0371487 0.000363679 1.15222 0.135421 -0.382555 1 0 0 0 0 0 0 0
13 1 0.1 4.2399 3.20349 0.271448 -0.0374557 0.00898621 0.0354181 -0.791042 -0.100933 1.06821 1 0 0 0 0 0 0 0
14 1 0.1 4.34497 3.31747 0.137566 -0.0150256 -0.0117139 0.00575792 -0.00778288 -0.072565 -0.168079 1 0 0 0 0 0 0 0
15 1 0.1 4.51445 3.49592 0.149892 -0.00129456 -0.00194246 0.00012816 0.00229922 -0.00121793 -0.0255164 1 0 0 0 0 0 0 0
16 1 0.1 4.56051 3.30179 0.137542 0.00282641 -0.000956268 -0.000968099 0.0183192 0.0328133 0.0504696 1 0 0 0 0 0 0 0
17 1 0.1 4.65436 3.6257 0.215458 0.0182621 0.0261349 -0.0137897 -0.308865 -0.400592 -0.086387 1 0 0 0 0 0 0 0
18 1 0.1 4.81721 3.79419 0.236272 0.00237158 0.00240909 0.000454822 0.192878 -0.319852 0.0937136 1 0 0 0 0 0 0 0
19 1 0.1 4.98008 3.95264 0.135107 0.00578876 -0.00576353 -0.0214201 -0.238139 0.300958 -0.475958 1 0 0 0 0 0 0 0
20 1 0.1 5.11632 4.09416 0.148815 -0.00257318 0.00025752 -0.0126355 0.199885 -0.0767853 -0.0906987 1 0 0 0 0 0 0 0
21 1 0.1 5.27953 4.20741 0.152403 0.00125401 -0.00625842 -0.00355715 -0.0676589 0.0216518 0.0375704 1 0 0 0 0 0 0 0
22 1 0.1 5.51037 4.49411 0.147188 -0.000128589 -6.1685e-05 0.00149828 -0.0325017 -0.00148997 -0.0261791 1 0 0 0 0 0 0 0
23 1 0.1 5.6512 4.63582 0.150154 -0.000324351 0.000438245 0.000111187 -0.0122153 -0.00365198 -0.0396888 1 0 0 0 0 0 0 0
24 1 0.1 5.93396 4.91843 0.150017 0.000174467 0.000193757 0.00014009 0.0043174 0.00225282 -0.00164878 1 0 0 0 0 0 0 0
25 1 0.1 6.10038 0.92169 0.150162 -3.5261e-05 -7.52821e-05 -5.59901e-05 0.00178131 0.00315903 0.00389118 1 0 0 0 0 0 0 0
26 1 0.1 5.87124 1.40251 0.136407 -0.00263061 -0.00572704 -0.00363034 -0.031329 -0.201141 0.0406221 1 0 0 0 0 0 0 0
27 1 0.1 5.70641 1.55542 0.140212 0.000917177 -0.000915995 0.0032886 -0.0180503 -0.0621096 0.0555141 1 0 0 0 0 0 0 0
28 1 0.1 5.51322 1.5052 0.137448 0.00198944 -0.00345931 0.000140657 0.0451255 -0.027475 -0.0604434 1 0 0 0 0 0 0 0
29 1 0.1 5.59802 1.86976 0.13734 -0.0169499 -9.48253e-05 -0.00108791 0.0946915 0.00072714 -0.194841 1 0 0 0 0 0 0 0
30 1 0.1 5.39996 1.89556 0.141642 -0.0162603 0.0194571 -0.0177219 -0.429883 -0.090852 -0.0791766 1 0 0 0 0 0 0 0
31 1 0.1 5.16374 2.09521 0.141667 -0.011185 0.0113233 -0.00694432 -0.154254 -0.0405132 0.177996 1 0 0 0 0 0 0 0
32 1 0.1 4.98309 2.30949 0.137458 0.00146846 0.00396115 7.33775e-05 -0.0391574 0.0176713 -0.316436 1 0 0 0 0 0 0 0
33 1 0.1 4.46669 2.55787 0.136923 -0.00731804 0.0127275 0.000529661 -0.195321 -0.300022 0.533797 1 0 0 0 0 0 0 0
34 1 0.1 4.91741 2.71223 0.136978 0.00843809 -0.00451543 0.000859935 0.152231 0.0682742 0.0545921 1 0 0 0 0 0 0 0
35 1 0.1 4.31829 2.70404 0.137131 0.017199 0.00101642 0.000144761 -0.00874571 0.168513 -0.00808194 1 0 0 0 0 0 0 0
36 1 0.1 5.11884 2.83892 0.332478 0.00739919 -0.0483191 -0.0190143 0.066148 0.320223 -0.988449 1 0 0 0 0 0 0 0
37 1 0.1 4.39024 2.89805 0.137496 -0.0181952 0.139127 -7.07644e-05 -0.49328 -0.0998448 0.438827 1 0 0 0 0 0 0 0
38 1 0.1 4.38643 3.12185 0.137029 0.0115761 -0.00571683 -0.00120807 0.00286257 0.14281 -0.0382295 1 0 0 0 0 0 0 0
39 1 0.1 4.45874 3.22298 0.291794 0.0373511 -0.0265838 0.000836567 0.542791 0.566597 0.650083 1 0 0 0 0 0 0 0
40 1 0.1 5.00844 3.32826 0.136132 0.0313477 -0.0160699 0.00126735 0.303706 0.307057 -0.230836 1 0 0 0 0 0 0 0
41 1 0.1 4.83762 3.62173 0.137217 0.0205927 0.00640486 -0.00160254 -0.0857881 0.211292 -0.0716671 1 0 0 0 0 0 0 0
42 1 0.1 5.17638 3.69465 0.136896 -0.0095181 -0.00210574 0.00814819 -0.0622935 -0.0752661 -0.173454 1 0 0 0 0 0 0 0
43 1 0.1 5.03408 3.9245 0.319177 -0.0778526 -0.0254578 -0.0152462 -0.748954 0.139402 1.37986 1 0 0 0 0 0 0 0
44 1 0.1 5.36692 3.93003 0.144115 0.0120159 0.00215615 0.00102793 -0.0375143 -0.149887 0.0602084 1 0 0 0 0 0 0 0
45 1 0.1 5.45286 4.11047 0.137289 0.00574495 0.00153076 -0.000433343 -0.039747 0.00186432 0.0153082 1 0 0 0 0 0 0 0
46 1 0.1 5.52768 4.29549 0.137464 0.00194016 0.00170488 0.000415277 0.039515 -0.0110987 0.0393699 1 0 0 0 0 0 0 0
47 1 0.1 5.77011 4.47567 0.136666 -0.00545432 -0.00312056 0.000748966 0.0192704 -0.0427416 0.0104623 1 0 0 0 0 0 0 0
48 1 0.1 5.79267 4.77699 0.149812 0.00178092 -0.0014328 -0.000108572 0.00473238 -0.000263998 0.00769087 1 0 0 0 0 0 0 0
49 1 0.1 6.12419 5.10041 0.148553 -0.00149388 -0.00309067 -0.00414613 0.0324502 0.0247565 -0.0347919 1 0 0 0 0 0 0 0
50 1 0.1 6.24175 0.780309 0.149966 0.000106052 -9.20588e-05 2.38129e-05 -0.00275353 -0.00319744 -0.00283783 1 0 0 0 0 0 0 0
51 1 0.1 6.00735 1.2567 0.141109 0.001423 -0.000809084 0.00586983 0.0603243 0.0454691 -0.00978695 1 0 0 0 0 0 0 0
52 1 0.1 5.94731 1.80556 0.157635 -0.0145246 0.00542607 0.00103068 -0.0401097 0.0813135 -0.132906 1 0 0 0 0 0 0 0
53 1 0.1 5.75688 1.74862 0.137417 -0.0130198 0.00250569 0.00101608 -0.0170096 -0.095126 0.161184 1 0 0 0 0 0 0 0
54 1 0.1 5.75104 1.98594 0.192499 -0.00676506 -0.0182347 0.0331861 0.0601816 -0.287441 -0.0984902 1 0 0 0 0 0 0 0
55 1 0.1 5.37595 2.09392 0.137899 -0.0180741 0.0185901 -0.0167298 0.360402 0.800028 0.0749757 1 0 0 0 0 0 0 0
56 1 0.1 5.26988 2.26315 0.136783 -0.0188787 0.0127608 0.00336295 -0.342214 -0.686702 0.00153715 1 0 0 0 0 0 0 0
57 1 0.1 5.19617 2.30824 0.316228 -0.0218241 -0.0055806 0.0266918 0.504051 0.636155 0.689075 1 0 0 0 0 0 0 0
58 1 0.1 4.83418 2.37864 0.251443 0.00451241 0.0164234 -0.00312942 -0.0362714 -0.0297632 0.205038 1 0 0 0 0 0 0 0
59 1 0.1 4.65116 2.34098 0.088953 -0.0804495 -0.035137 -0.13888 9.00008 -8.85877 -3.56382 1 0 0 0 0 0 0 0
60 1 0.1 5.27205 2.71539 0.295072 0.010319 0.00113307 -0.00246928 0.19129 -0.0388069 -0.00999981 1 0 0 0 0 0 0 0
61 1 0.1 4.61244 2.90643 0.134671 0.0158364 -0.0424287 -0.00378345 0.504171 0.307114 0.248377 1 0 0 0 0 0 0 0
62 1 0.1 4.80923 2.87928 0.138823 0.0119146 -0.0117934 0.0189042 0.039134 0.14806 0.282463 1 0 0 0 0 0 0 0
63 1 0.1 4.58312 3.10481 0.162736 0.0113928 -0.000804484 -0.00613706 0.058872 -0.0983842 0.112735 1 0 0 0 0 0 0 0
64 1 0.1 4.76027 3.19234 0.136521 0.00670842 0.00579229 -0.00526731 -0.0882835 0.0739068 -0.0171002 1 0 0 0 0 0 0 0
65 1 0.1 4.75502 3.46722 0.385304 0.0104917 0.0387743 -0.0630902 -0.323238 -0.0664975 -0.116326 1 0 0 0 0 0 0 0
66 1 0.1 5.33799 3.55562 0.144161 -0.0372641 0.0188815 0.0107725 0.0521865 0.196807 0.302691 1 0 0 0 0 0 0 0
67 1 0.1 5.48111 3.6947 0.13743 -0.0505373 0.0276381 0.00357398 0.157777 0.107674 -0.177261 1 0 0 0 0 0 0 0
68 1 0.1 5.17048 3.89374 0.136899 0.016609 0.0152156 0.0311825 -0.0442593 0.692091 -0.2444 1 0 0 0 0 0 0 0
69 1 0.1 5.5236 4.00937 0.444472 -0.0231831 -0.00561012 -0.0276138 -0.228799 -0.0196854 0.411086 1 0 0 0 0 0 0 0
70 1 0.1 5.58637 4.1763 0.291547 -0.0390718 0.0105033 -0.000145054 -0.0183431 0.235351 0.588218 1 0 0 0 0 0 0 0
71 1 0.1 5.70906 4.21146 0.137505 -0.00170186 -0.00701861 0.00201052 -0.0187407 -0.0122619 -0.134195 1 0 0 0 0 0 0 0
72 1 0.1 5.89785 4.32071 0.137307 -0.00096675 0.00230325 -0.000176905 -0.0989201 0.0586387 0.122957 1 0 0 0 0 0 0 0
73 1 0.1 6.11638 4.81065 0.137409 -0.0103039 -0.00027497 -0.000132744 0.0154967 -0.120929 -0.145896 1 0 0 0 0 0 0 0
74 1 0.1 6.34539 5.32382 0.149995 -0.00254809 -0.00330356 -0.000135389 0.00168416 -0.000180801 -0.0103958 1 0 0 0 0 0 0 0
75 1 0.1 6.24526 0.996111 0.266539 0.00183458 -0.00340308 -0.00114236 0.0115146 0.011532 -0.000177702 1 0 0 0 0 0 0 0
76 1 0.1 6.15156 1.11657 0.137425 0.00167674 -0.00162929 0.000115319 0.00513137 0.00236436 0.0136305 1 0 0 0 0 0 0 0
77 1 0.1 6.06145 1.64277 0.137458 -0.0232539 0.00043267 1.96779e-05 0.080913 -0.12222 0.0306359 1 0 0 0 0 0 0 0
78 1 0.1 5.98097 2.00156 0.138648 -0.00259071 0.00263944 -0.00134274 0.0337422 0.0280722 0.00349742 1 0 0 0 0 0 0 0
79 1 0.1 5.79707 2.20544 0.31925 -0.00862089 -0.00182158 0.00201517 -0.00926395 0.0339092 0.00391725 1 0 0 0 0 0 0 0
80 1 0.1 5.57725 2.06846 0.137135 -0.00142069 -0.000142632 0.00141571 -0.0139551 -0.0334658 -0.00788451 1 0 0 0 0 0 0 0
81 1 0.1 5.60853 2.28126 0.136774 -0.00165963 0.00277826 0.000470374 0.00787009 -0.0516828 0.0108861 1 0 0 0 0 0 0 0
82 1 0.1 5.76629 2.7652 0.140768 -0.0159632 0.0104817 -0.00124662 0.0179842 0.00103348 -0.0476741 1 0 0 0 0 0 0 0
83 1 0.1 5.38799 2.42315 0.144177 -0.0223928 0.0064995 0.00364878 -0.0755332 0.169478 -0.315144 1 0 0 0 0 0 0 0
84 1 0.1 4.81458 2.54141 0.136924 -0.0156691 0.0107892 -0.00309958 -0.0792811 -0.149315 -0.367406 1 0 0 0 0 0 0 0
85 1 0.1 5.08783 2.61225 0.156865 0.00867658 0.00845839 -0.0239389 0.195725 -0.0466113 0.0990571 1 0 0 0 0 0 0 0
86 1 0.1 5.60194 2.85966 0.329491 0.000743664 -0.00805917 0.00043934 0.0920713 -0.116646 0.252036 1 0 0 0 0 0 0 0
87 1 0.1 5.00532 2.88741 0.175774 0.00381564 0.0116983 0.000635008 0.03157 -0.00817209 0.0480216 1 0 0 0 0 0 0 0
88 1 0.1 5.20011 3.2771 0.137276 0.0314774 -0.0213674 0.000866596 -0.11055 -0.39199 0.179485 1 0 0 0 0 0 0 0
89 1 0.1 4.70575 3.43921 0.137497 -8.81884e-05 0.00205512 -7.31157e-06 0.0289086 0.0159238 0.0622002 1 0 0 0 0 0 0 0
90 1 0.1 5.15616 3.47395 0.136695 -0.0249557 -0.00688436 0.00067849 0.0627983 -0.249361 -0.00941891 1 0 0 0 0 0 0 0
91 1 0.1 5.52826 3.49448 0.137436 -0.0214877 0.0640257 0.000416759 -0.00132898 -0.00262739 -0.00120425 1 0 0 0 0 0 0 0
92 1 0.1 5.67482 3.64572 0.137675 -0.0566233 -0.0010025 -0.0084689 0.0442932 -0.0339583 -0.110366 1 0 0 0 0 0 0 0
93 1 0.1 5.77799 3.85892 0.291402 -0.0181541 0.0056366 -0.00447121 -0.0334247 -0.0424152 0.000466678 1 0 0 0 0 0 0 0
94 1 0.1 5.58902 3.99009 0.219057 0.000114899 0.00437233 0.00435054 -0.0605421 0.00296344 -0.0916967 1 0 0 0 0 0 0 0
95 1 0.1 5.76888 4.02065 0.137457 0.00119013 -0.00483075 0.0010237 0.0439086 0.0175262 0.0130628 1 0 0 0 0 0 0 0
96 1 0.1 5.94004 4.12566 0.137172 0.0123381 0.00506704 -0.000839507 -0.0478693 0.131059 -0.0559569 1 0 0 0 0 0 0 0
97 1 0.1 6.01052 4.4476 0.242997 -0.00885198 -0.0151017 0.0263626 0.160388 -0.45831 -0.246481 1 0 0 0 0 0 0 0
98 1 0.1 6.23943 4.94972 0.211462 -0.00287312 -0.00420065 -0.00472478 -0.112455 0.114926 0.00701835 1 0 0 0 0 0 0 0
99 1 0.1 6.32253 5.12516 0.148534 -0.00144862 -0.00336381 -0.00521972 0.0516284 -0.00495873 0.0296035 1 0 0 0 0 0 0 0
100 1 0.1 6.35506 0.662424 0.350013 0.00130968 -0.00209416 -9.09756e-05 -0.0082277 -0.00384934 -0.0449109 1 0 0 0 0 0 0 0
101 1 0.1 6.19855 1.31494 0.137496 -0.00192884 0.0106418 1.44234e-05 -0.103654 0.00567845 0.130102 1 0 0 0 0 0 0 0
102 1 0.1 6.05896 1.44923 0.187159 -0.0129252 0.000406694 -0.00400137 -0.0341848 0.061945 0.0723909 1 0 0 0 0 0 0 0
103 1 0.1 5.94725 2.31858 0.25119 -0.0371522 0.0872247 0.094662 0.249176 -1.09502 1.00028 1 0 0 0 0 0 0 0
104 1 0.1 5.89358 2.912 0.493003 -0.190167 -0.0407002 -0.00143735 -0.0345487 0.0183352 -0.110253 1 0 0 0 0 0 0 0
105 1 0.1 5.78841 2.36822 0.140375 -0.00357757 0.0127389 0.00674643 0.0416772 -0.0820898 0.152181 1 0 0 0 0 0 0 0
106 1 0.1 5.75785 2.56576 0.137538 -0.0200255 0.0116633 0.0037881 -0.0680794 0.0912013 0.000893874 1 0 0 0 0 0 0 0
107 1 0.1 5.77664 3.09515 0.513233 -0.0170364 -0.151317 -0.0362016 0.416305 -0.0255081 -0.552211 1 0 0 0 0 0 0 0
108 1 0.1 5.56613 2.70978 0.187962 -0.014469 -0.00156411 0.00478157 0.0687826 0.0387029 -0.187237 1 0 0 0 0 0 0 0
109 1 0.1 5.56444 2.51665 0.137116 -0.0157681 -0.00215265 -0.000380339 -0.00313657 -0.151395 0.148195 1 0 0 0 0 0 0 0
110 1 0.1 5.2933 2.59767 0.136709 0.00534904 0.0137558 -0.00264095 -0.128927 0.0214419 0.0172724 1 0 0 0 0 0 0 0
111 1 0.1 5.17517 2.7899 0.137026 -0.00373482 0.0166793 0.0120143 -0.184758 0.0187629 0.0154452 1 0 0 0 0 0 0 0
112 1 0.1 5.43939 3.03744 0.137209 0.00902914 -0.00563085 9.29838e-05 0.0133231 0.0873208 0.0750557 1 0 0 0 0 0 0 0
113 1 0.1 4.90511 3.0556 0.137331 0.000922591 0.00625148 -0.00181878 -0.0502083 0.0228102 -0.0136525 1 0 0 0 0 0 0 0
114 1 0.1 5.48975 3.21837 0.237043 -0.0137059 -0.00811357 -0.018794 -0.0695475 0.395265 0.137049 1 0 0 0 0 0 0 0
115 1 0.1 5.63836 3.31776 0.147552 -0.252998 0.202044 -0.183433 0.417768 2.05117 2.47601 1 0 0 0 0 0 0 0
116 1 0.1 5.6251 3.11058 0.137337 0.00632791 0.00135588 0.000805646 0.00115361 0.0401185 -0.0465321 1 0 0 0 0 0 0 0
117 1 0.1 5.84273 3.34421 0.137321 -0.000654969 0.00238764 -0.000247654 0.00463326 0.0089623 0.0225257 1 0 0 0 0 0 0 0
118 1 0.1 5.84749 3.7521 0.137427 -0.0147376 0.000639971 -0.000107053 -0.0106924 -0.0228378 -0.0336636 1 0 0 0 0 0 0 0
119 1 0.1 5.95481 3.92618 0.137345 -0.00772351 0.00217623 0.000561851 -0.0225993 -0.0790434 -0.0322322 1 0 0 0 0 0 0 0
120 1 0.1 5.84699 3.54412 0.137692 -0.0534359 0.00313671 -0.00254458 -0.0143686 -0.052005 0.160039 1 0 0 0 0 0 0 0
121 1 0.1 6.0045 3.22672 0.138343 0.0043663 0.00820606 -0.00377826 0.0406783 0.0071798 0.0269703 1 0 0 0 0 0 0 0
122 1 0.1 6.00614 4.18128 0.4273 -0.0116255 -0.00782216 0.00197153 -0.0673134 0.121016 0.0746671 1 0 0 0 0 0 0 0
123 1 0.1 6.08309 4.60348 0.137391 -0.00864941 -0.00613108 -0.00057384 0.0722255 -0.0912724 0.00858645 1 0 0 0 0 0 0 0
124 1 0.1 6.2375 4.68485 0.234781 -0.00969628 -0.00210206 -0.0033938 -0.0453962 0.182186 0.0761815 1 0 0 0 0 0 0 0
125 1 0.1 5.93174 1.08687 0.353148 0.00510543 0.000325995 0.00619806 0.164269 0.0327258 -0.0442211 1 0 0 0 0 0 0 0
126 1 0.1 5.78975 1.22691 0.352985 0.00142247 -0.00590531 0.00201653 -0.0855111 -0.173448 -0.0700281 1 0 0 0 0 0 0 0
127 1 0.1 5.61759 1.40601 0.349885 -0.000638781 0.000950119 -0.00305632 -0.0230793 0.0427492 0.0202628 1 0 0 0 0 0 0 0
128 1 0.1 5.43493 1.58509 0.344667 0.00395037 0.0181678 0.0150779 0.0288505 -0.135056 0.111386 1 0 0 0 0 0 0 0
129 1 0.1 5.29335 1.72622 0.346063 -0.00876464 0.0210503 0.00459585 -0.00870315 0.00399918 0.0134895 1 0 0 0 0 0 0 0
130 1 0.1 5.02795 1.99164 0.347754 -0.00754356 0.00460562 0.00229279 0.033253 0.00518464 0.0974364 1 0 0 0 0 0 0 0
131 1 0.1 4.89481 2.13354 0.30194 -0.00927117 0.00268948 0.00147199 0.13839 -0.33974 0.259664 1 0 0 0 0 0 0 0
132 1 0.1 4.80116 2.26046 0.42096 -0.0175859 -0.0107884 0.00468217 0.151771 0.0997807 -0.38573 1 0 0 0 0 0 0 0
133 1 0.1 4.65457 2.36639 0.338002 0.00125357 0.00106122 -0.0148112 -0.239659 0.00958171 -0.0264013 1 0 0 0 0 0 0 0
134 1 0.1 4.58833 2.48678 0.481394 0.0762795 -0.00180669 0.0170934 -0.117482 0.241027 -0.159253 1 0 0 0 0 0 0 0
135 1 0.1 4.46529 2.55795 0.33629 -0.0154586 0.00793872 -0.000650949 0.278944 0.312378 0.279377 1 0 0 0 0 0 0 0
136 1 0.1 4.32604 2.70084 0.336236 -0.000668232 0.0257238 0.00186268 -0.247115 -0.342878 -0.498087 1 0 0 0 0 0 0 0
137 1 0.1 4.50398 2.94343 0.29726 0.021255 0.0076949 0.0060976 -0.466961 0.21626 -0.263844 1 0 0 0 0 0 0 0
138 1 0.1 4.33802 3.04526 0.340775 0.0463427 0.0495752 0.0519617 0.567899 0.275361 -0.202524 1 0 0 0 0 0 0 0
139 1 0.1 4.31269 3.29138 0.423787 -0.00474971 -0.00504759 0.016371 1.28123 0.923362 -0.375065 1 0 0 0 0 0 0 0
140 1 0.1 4.62302 3.32362 0.343355 0.0229234 0.0167283 -0.0366839 -0.0468595 0.209595 0.0387141 1 0 0 0 0 0 0 0
141 1 0.1 4.58523 3.5603 0.390285 -0.0131185 -0.0150037 -0.0441756 0.500781 0.494284 0.47202 1 0 0 0 0 0 0 0
142 1 0.1 4.72837 3.69997 0.388598 -0.0108454 -0.014117 -0.0207969 0.0733041 0.201139 -0.18053 1 0 0 0 0 0 0 0
143 1 0.1 5.11336 4.08335 0.398678 -0.122295 -0.0800579 0.132331 1.14175 -2.78922 -2.152 1 0 0 0 0 0 0 0
144 1 0.1 5.38088 4.08507 0.326751 -0.0337838 -0.0120213 -0.0282488 0.233084 0.0531523 -0.27929 1 0 0 0 0 0 0 0
145 1 0.1 5.24913 4.22202 0.388553 0.0271425 -0.0469017 0.176957 -1.67919 0.76011 -0.0998182 1 0 0 0 0 0 0 0
146 1 0.1 5.37124 4.35638 0.247418 -0.00141553 -0.0126123 -0.00383725 0.0967561 0.0139788 -0.00120767 1 0 0 0 0 0 0 0
147 1 0.1 5.49323 4.46684 0.360918 -0.00518194 0.00118758 -0.00704408 0.00676564 0.0209295 0.0508371 1 0 0 0 0 0 0 0
148 1 0.1 5.71011 4.68888 0.349027 -0.00580142 -0.00481183 0.00621435 -0.0196741 -0.0684016 -0.0714145 1 0 0 0 0 0 0 0
149 1 0.1 5.90684 4.88043 0.358627 0.00144947 0.00149885 -0.00163404 0.0220527 0.00443147 0.0224987 1 0 0 0 0 0 0 0
150 1 0.1 6.07318 0.945749 0.354843 0.00148308 -0.00205422 -0.00045471 -0.104321 -0.0640823 0.0108665 1 0 0 0 0 0 0 0
151 1 0.1 5.81886 1.68041 0.314556 -0.0115131 0.00302873 0.00188554 0.0929745 0.0111246 0.116263 1 0 0 0 0 0 0 0
152 1 0.1 5.5552 1.68749 0.207173 -0.0104361 -0.00174082 -0.00477589 -0.0539441 0.0877901 0.211358 1 0 0 0 0 0 0 0
153 1 0.1 5.94848 2.2246 0.448296 -0.00863688 -0.0102088 0.00321263 0.010156 -0.0480878 -0.114408 1 0 0 0 0 0 0 0
154 1 0.1 5.69061 1.98688 0.38312 -0.189717 0.0156706 -0.0249754 -0.180706 4.06235 0.930725 1 0 0 0 0 0 0 0
155 1 0.1 5.27157 1.92912 0.291206 -0.0104097 -0.00210123 -0.00640382 0.0426844 0.303032 0.0783709 1 0 0 0 0 0 0 0
156 1 0.1 5.1612 2.20649 0.483203 0.000759158 -0.000400594 0.0373525 -0.506797 -0.551319 -0.365868 1 0 0 0 0 0 0 0
157 1 0.1 4.87978 2.13888 0.558304 -0.000245643 0.000752516 0.00421665 0.0808719 -0.0536656 -0.0170963 1 0 0 0 0 0 0 0
158 1 0.1 4.78752 2.47311 0.43951 -0.0118288 0.0091321 0.006936 0.106387 -0.373192 0.0120049 1 0 0 0 0 0 0 0
159 1 0.1 4.86779 2.79676 0.590814 0.0169055 -0.00120761 0.00360373 0.137757 0.245744 0.216396 1 0 0 0 0 0 0 0
160 1 0.1 4.73022 2.64975 0.366459 0.00883596 0.0260846 0.0309643 0.127059 0.305033 -0.20079 1 0 0 0 0 0 0 0
161 1 0.1 4.6672 2.829 0.306403 0.0268439 0.0246061 0.00431711 -0.699054 0.448627 -0.26908 1 0 0 0 0 0 0 0
162 1 0.1 4.59455 2.9076 0.470907 0.0607566 0.0116901 0.0065787 -0.0901151 -0.0207753 0.70648 1 0 0 0 0 0 0 0
163 1 0.1 4.73978 2.94527 0.597964 0.0525556 0.0292928 0.00724661 -0.163649 -0.119414 -0.638105 1 0 0 0 0 0 0 0
164 1 0.1 4.31126 3.29372 0.759964 0.00344073 -0.015182 0.0434132 0.235072 0.558549 0.96103 1 0 0 0 0 0 0 0
165 1 0.1 4.72087 3.45509 0.590727 0.00545235 -0.00395268 -0.00845804 -0.126456 -0.256487 0.244456 1 0 0 0 0 0 0 0
166 1 0.1 4.94497 3.38824 0.440852 0.0312301 -0.0140778 0.037599 0.196413 -0.430399 -0.264537 1 0 0 0 0 0 0 0
167 1 0.1 5.10998 3.59322 0.294929 0.00763656 -0.0140073 0.017525 0.158674 0.331354 0.127548 1 0 0 0 0 0 0 0
168 1 0.1 5.23456 3.94927 0.316591 -0.0473384 -0.0194271 0.0829001 1.54731 -0.460736 2.00785 1 0 0 0 0 0 0 0
169 1 0.1 5.4157 3.86827 0.340769 -0.0137122 0.0260323 0.0111101 -0.0792268 0.400291 -0.8091 1 0 0 0 0 0 0 0
170 1 0.1 5.44326 4.25852 0.404227 -0.0356769 -0.00471941 0.0229006 -0.779355 0.138131 -0.95055 1 0 0 0 0 0 0 0
171 1 0.1 5.63048 4.31719 0.428334 -0.0104379 -0.0425424 -0.00671908 0.0112943 -0.00114441 0.293929 1 0 0 0 0 0 0 0
172 1 0.1 5.76188 4.33978 0.28161 -0.00588051 -0.00842488 -0.00209507 -0.000714867 -0.0883553 0.175226 1 0 0 0 0 0 0 0
173 1 0.1 5.85765 4.56758 0.289836 -0.00548306 -0.00450506 0.00573821 0.0345086 0.0458268 0.0330611 1 0 0 0 0 0 0 0
174 1 0.1 6.07699 5.06232 0.350394 -0.00246565 -0.00154891 0.000426583 -0.0182113 0.0250914 -0.0327246 1 0 0 0 0 0 0 0
175 1 0.1 6.215 0.805008 0.352665 0.00345608 -0.00010363 0.00514227 0.0334916 0.0528954 0.0173455 1 0 0 0 0 0 0 0
176 1 0.1 5.79625 1.48226 0.303597 -0.000461477 0.001803 -0.00440691 -0.0293074 -0.0325877 -0.00866701 1 0 0 0 0 0 0 0
177 1 0.1 5.85635 1.87557 0.334784 -0.016889 0.00246698 0.00945425 -0.01663 -0.015429 -0.0641346 1 0 0 0 0 0 0 0
178 1 0.1 5.93345 2.05959 0.324562 -0.00949399 -0.00172922 0.0031642 -0.0497793 0.0165184 -0.0167598 1 0 0 0 0 0 0 0
179 1 0.1 5.46351 1.98115 0.311581 -0.0182472 0.0321706 -0.0253581 0.175558 -0.06083 0.306763 1 0 0 0 0 0 0 0
180 1 0.1 5.44439 2.14468 0.425103 -0.00772992 0.0107716 0.00623975 -0.00942832 0.116335 0.0215539 1 0 0 0 0 0 0 0
181 1 0.1 5.28127 2.12753 0.310669 -0.00239442 -0.000882627 -0.00612236 -0.0254924 -0.593013 -0.105065 1 0 0 0 0 0 0 0
182 1 0.1 5.00669 2.28081 0.370663 -0.0258181 0.0132255 -0.00448121 -0.424257 0.101989 -0.211026 1 0 0 0 0 0 0 0
183 1 0.1 4.90689 2.57587 0.310189 -0.0111383 0.0122784 -0.0111078 -0.132006 0.163779 0.0370998 1 0 0 0 0 0 0 0
184 1 0.1 5.10075 2.63431 0.354374 -0.00186445 0.0029987 -0.0195947 0.123118 -0.0305001 -0.176447 1 0 0 0 0 0 0 0
185 1 0.1 5.06086 2.81836 0.522308 0.0461568 0.0182257 -0.00112835 -0.227346 0.273976 -0.718866 1 0 0 0 0 0 0 0
186 1 0.1 4.92877 2.77401 0.326448 0.00432424 0.00312865 -0.00295761 -0.184415 -0.161573 -0.226042 1 0 0 0 0 0 0 0
187 1 0.1 4.48975 2.74619 0.230885 -0.00710582 0.0716328 0.0144343 0.481364 0.123648 1.00759 1 0 0 0 0 0 0 0
188 1 0.1 4.72859 3.01482 0.265975 0.0314333 0.0161741 -0.0201708 0.383628 0.0253103 0.424779 1 0 0 0 0 0 0 0
189 1 0.1 5.24677 3.29083 0.346526 0.00826765 -0.0254997 -0.000935341 -0.257832 -0.379508 -0.125004 1 0 0 0 0 0 0 0
190 1 0.1 5.08454 3.39679 0.304863 0.0130657 -0.0165002 0.0122483 0.0563285 0.652098 -0.00357496 1 0 0 0 0 0 0 0
191 1 0.1 5.27724 3.48951 0.326895 0.0011034 -0.027487 -0.0141588 -2.55522 1.54009 -0.753244 1 0 0 0 0 0 0 0
192 1 0.1 5.22346 3.75146 0.337605 0.0582822 -0.0367758 -0.0226102 -0.574206 -0.281794 -0.787405 1 0 0 0 0 0 0 0
193 1 0.1 5.58904 3.79758 0.270381 -0.0180699 0.00624243 0.000274629 0.0852901 0.210676 -0.154065 1 0 0 0 0 0 0 0
194 1 0.1 5.57043 3.88182 0.59111 -0.0172579 0.00382782 -0.0169142 0.0792393 -0.189752 -0.481811 1 0 0 0 0 0 0 0
195 1 0.1 5.7189 4.14407 0.470721 0.0131243 -0.021423 0.00209213 0.017117 -0.270157 0.0787497 1 0 0 0 0 0 0 0
196 1 0.1 5.83727 4.15618 0.305763 0.0140045 0.0021152 -0.00148272 0.0426001 -0.10518 0.0392128 1 0 0 0 0 0 0 0
197 1 0.1 5.86241 3.991 0.415463 0.00554791 -0.00451464 -0.0109077 0.109849 -0.0247638 -0.0402977 1 0 0 0 0 0 0 0
198 1 0.1 5.97945 4.72297 0.259644 -0.00614087 -0.00342648 -0.000518562 -0.080949 0.100302 -0.0538867 1 0 0 0 0 0 0 0
199 1 0.1 6.22039 5.20077 0.334523 -0.00161567 -0.00243501 0.0010948 0.0110714 -0.0197626 -0.0266715 1 0 0 0 0 0 0 0
200 1 0.1 6.09489 1.19817 0.310907 0.0050622 -0.00405182 0.0025353 -0.0386638 -0.0461474 0.0435015 1 0 0 0 0 0 0 0
201 1 0.1 5.94995 1.33959 0.313741 0.0013861 -0.00252588 0.0066104 -0.0719859 0.0326161 0.0883293 1 0 0 0 0 0 0 0
202 1 0.1 6.04846 1.84042 0.493051 -0.00872748 0.0104081 -0.00359862 -0.0429828 -0.0134748 0.00792783 1 0 0 0 0 0 0 0
203 1 0.1 5.91918 2.34662 0.603902 -0.00619678 -0.00904658 0.00282427 0.0158177 -0.0923874 -0.107228 1 0 0 0 0 0 0 0
204 1 0.1 5.85023 2.49074 0.298183 -0.0498694 0.0630839 0.0443311 0.249054 -1.12258 1.43249 1 0 0 0 0 0 0 0
205 1 0.1 5.60067 2.17337 0.304821 -0.00792543 0.0032383 9.40488e-05 -0.0499481 -0.0687361 -0.0622918 1 0 0 0 0 0 0 0
206 1 0.1 5.39574 2.29034 0.293379 0.00153236 -0.000514623 -0.00175955 0.0744229 0.547089 0.0720315 1 0 0 0 0 0 0 0
207 1 0.1 5.43992 2.44339 0.414018 -0.00383724 0.00551812 -0.00800981 0.00618226 0.0211993 0.440341 1 0 0 0 0 0 0 0
208 1 0.1 5.15953 2.42932 0.129986 -0.0094791 0.0126141 -0.00453882 -0.0564552 -0.0881361 -0.138581 1 0 0 0 0 0 0 0
209 1 0.1 5.43256 2.59269 0.279623 0.00623979 -0.0303598 -0.00759113 0.0260378 -0.0699804 -0.136391 1 0 0 0 0 0 0 0
210 1 0.1 5.65462 2.9135 0.513295 0.00972272 -0.0811007 0.0220742 0.627477 0.140651 -0.48648 1 0 0 0 0 0 0 0
211 1 0.1 5.34493 2.87421 0.200006 0.011687 0.00164115 0.0100248 -0.0456861 0.0775738 -0.11471 1 0 0 0 0 0 0 0
212 1 0.1 4.81348 2.91017 0.41592 0.0306522 0.0199749 0.00154336 -0.0677868 0.500923 0.101655 1 0 0 0 0 0 0 0
213 1 0.1 4.98722 2.99961 0.37383 0.0162452 0.0131878 -0.0714486 0.441719 0.525003 -0.266891 1 0 0 0 0 0 0 0
214 1 0.1 5.3829 3.35742 0.141022 0.00784633 0.0330126 0.0153356 -0.0394732 0.165908 0.420169 1 0 0 0 0 0 0 0
215 1 0.1 5.61894 3.31966 0.407198 0.0111199 0.0129399 -0.0174342 -0.192032 -0.216339 -0.103715 1 0 0 0 0 0 0 0
216 1 0.1 5.65647 3.47673 0.289724 0.00970723 0.000215127 -0.0328883 0.0305181 0.380358 0.00366517 1 0 0 0 0 0 0 0
217 1 0.1 5.44507 3.59655 0.307902 -0.0241701 0.0154653 0.00571058 0.23204 -0.0183931 -0.0308359 1 0 0 0 0 0 0 0
218 1 0.1 5.97507 3.83302 0.312946 -0.0199064 0.0053578 0.00448839 -0.0241445 -0.0391923 -0.0119448 1 0 0 0 0 0 0 0
219 1 0.1 5.98789 3.64834 0.234814 0.00123668 -0.00976257 -0.0357427 -0.222046 0.688639 -0.288529 1 0 0 0 0 0 0 0
220 1 0.1 5.99662 3.42572 0.469832 -0.0076761 0.0458029 0.035192 -0.341934 -0.191628 0.0548611 1 0 0 0 0 0 0 0
221 1 0.1 5.98844 3.74033 0.489467 -0.0199986 -0.00372955 0.000734569 0.109851 0.12299 -0.146584 1 0 0 0 0 0 0 0
222 1 0.1 5.97215 3.42835 0.264095 0.00565292 -0.0061658 0.00113095 -0.119536 -0.0378967 -0.393367 1 0 0 0 0 0 0 0
223 1 0.1 6.10431 4.86513 0.331918 0.00228455 -0.001533 0.00289094 -0.00525381 -0.0970076 0.0821151 1 0 0 0 0 0 0 0
224 1 0.1 6.22817 4.98117 0.452996 -0.0023965 -0.00322943 -0.00123751 -0.0148006 0.0147615 -0.0161881 1 0 0 0 0 0 0 0
225 1 0.1 5.97933 1.53495 0.363739 -0.00252206 0.00250019 0.000218945 -0.0397946 -0.0450191 -0.00145705 1 0 0 0 0 0 0 0
226 1 0.1 5.86881 2.16683 0.137224 -0.00561827 -0.00023042 0.000890407 -0.00152886 -0.0413833 0.0358867 1 0 0 0 0 0 0 0
227 1 0.1 6.01203 1.72944 0.330782 -0.0132817 0.0051713 0.000584207 -0.0347715 0.0228667 -0.078732 1 0 0 0 0 0 0 0
228 1 0.1 5.95727 2.57939 0.139842 -0.0189878 -0.0104931 -0.0019251 -0.0728005 -0.0446995 -0.227803 1 0 0 0 0 0 0 0
229 1 0.1 5.58424 2.90189 0.136523 0.00559876 -0.00306396 -0.00145177 -0.033445 0.00700155 -0.0795285 1 0 0 0 0 0 0 0
230 1 0.1 5.95915 3.07309 0.263573 -0.0571317 0.0954309 0.11829 -0.191121 -1.19078 1.25812 1 0 0 0 0 0 0 0
231 1 0.1 5.80154 2.36167 0.442916 -0.00288591 -0.0016791 0.00110004 0.00049466 0.060237 0.00392694 1 0 0 0 0 0 0 0
232 1 0.1 5.60969 2.40271 0.294018 -0.00948866 0.00465323 0.000804387 -0.00597527 0.0331462 0.106292 1 0 0 0 0 0 0 0
233 1 0.1 5.81974 2.64705 0.495873 -0.00186247 0.000646007 0.000858569 0.0326992 -0.00330674 0.164798 1 0 0 0 0 0 0 0
234 1 0.1 5.72848 2.70572 0.327905 0.0015438 -0.00538003 -0.00265864 0.0386627 0.253635 -0.0943055 1 0 0 0 0 0 0 0
235 1 0.1 5.90006 2.8078 0.322597 0.0149814 -0.0297293 0.00111097 0.224235 -0.164922 -0.153417 1 0 0 0 0 0 0 0
236 1 0.1 5.5885 3.10726 0.579801 -0.00159343 -0.0119858 -0.00994856 -0.127809 0.299942 -1.00931 1 0 0 0 0 0 0 0
237 1 0.1 5.45964 2.99511 0.366475 0.0198151 0.0130526 -0.00997928 0.0196288 -0.264026 0.0266091 1 0 0 0 0 0 0 0
238 1 0.1 5.29706 3.1339 0.235427 0.0140488 -0.0242396 0.00881125 0.317713 -0.0782868 -0.0771001 1 0 0 0 0 0 0 0
239 1 0.1 5.64574 3.10548 0.3625 -0.0211965 -0.0424104 -0.0189802 -0.0850995 0.232874 -0.700451 1 0 0 0 0 0 0 0
240 1 0.1 5.79545 2.97799 0.327895 -0.0236568 -0.051966 -0.00369202 0.0551552 -0.391622 0.587136 1 0 0 0 0 0 0 0
241 1 0.1 5.47663 3.30582 0.59079 -0.0353424 0.0107541 -0.008749 0.263709 -0.447135 -0.315586 1 0 0 0 0 0 0 0
242 1 0.1 5.77259 3.25123 0.299771 0.0158067 -0.00465987 0.00211875 0.0474806 0.0545874 -0.0252872 1 0 0 0 0 0 0 0
243 1 0.1 5.80105 3.39176 0.446234 -0.000212879 0.0258666 0.00227176 -0.542428 -0.300281 0.0817652 1 0 0 0 0 0 0 0
244 1 0.1 5.70948 3.65964 0.349703 0.00245368 0.0010459 -0.0320113 0.11776 0.0989864 0.223128 1 0 0 0 0 0 0 0
245 1 0.1 5.82179 3.14552 0.1376 0.00754183 0.0017002 -0.00333613 0.0144085 0.0234912 0.0455954 1 0 0 0 0 0 0 0
246 1 0.1 5.88139 3.56275 0.380746 0.00976274 0.0159358 -0.0168271 0.103248 -0.407064 0.0114734 1 0 0 0 0 0 0 0
247 1 0.1 5.92153 4.36031 0.399838 -0.0113564 -0.0062185 0.00638743 0.0690758 -0.012045 -0.0968313 1 0 0 0 0 0 0 0
248 1 0.1 6.05736 4.49942 0.446354 -0.0172449 0.00389564 -0.00146079 -0.0247678 0.178682 0.250985 1 0 0 0 0 0 0 0
249 1 0.1 6.13083 4.68042 0.403673 0.00431048 -0.001563 0.00419218 0.00325481 -0.0817146 0.0180697 1 0 0 0 0 0 0 0
250 1 0.1 5.99119 1.03541 0.536593 0.005388 -0.00507303 0.00396403 -0.105737 -0.0417589 0.0920733 1 0 0 0 0 0 0 0
251 1 0.1 5.81881 1.20347 0.550175 -0.00111086 0.000981978 -0.000844316 0.00699064 0.0113744 0.0637897 1 0 0 0 0 0 0 0
252 1 0.1 5.67734 1.34479 0.549488 -0.00146981 0.00119154 -0.000253012 -0.0103762 -0.000297724 0.0174317 1 0 0 0 0 0 0 0
253 1 0.1 5.5262 1.49377 0.549739 0.00480342 -0.00162975 -0.00200751 -0.0146409 0.00904119 -0.0475394 1 0 0 0 0 0 0 0
254 1 0.1 5.43396 1.66525 0.594831 0.00683379 0.00150362 -0.00116552 0.0249058 -0.0398626 0.00351967 1 0 0 0 0 0 0 0
255 1 0.1 5.15959 1.8574 0.439807 0.00382669 -0.00172509 0.00566303 0.0447296 -0.0191457 -0.0401904 1 0 0 0 0 0 0 0
256 1 0.1 5.02002 1.99682 0.547504 -0.00077975 -4.59417e-05 0.00253691 0.0212553 -0.0168634 0.00064206 1 0 0 0 0 0 0 0
257 1 0.1 4.81711 2.3531 0.595194 -0.0131675 -0.00530001 -0.005895 -0.242267 -0.0741798 0.264326 1 0 0 0 0 0 0 0
258 1 0.1 4.67977 2.48175 0.657648 0.0236066 0.00193801 0.0370038 0.0989703 -0.482466 -0.46995 1 0 0 0 0 0 0 0
259 1 0.1 4.77192 2.62794 0.562293 0.023446 -0.00542941 0.0372501 0.196773 0.937738 0.031869 1 0 0 0 0 0 0 0
260 1 0.1 4.50084 2.72734 0.435899 0.00358696 0.00239689 -0.00791429 -0.174104 0.461652 -0.0339034 1 0 0 0 0 0 0 0
261 1 0.1 4.36917 2.87742 0.44301 0.0222057 0.0125827 0.000667372 -0.021932 -0.0691791 -0.177574 1 0 0 0 0 0 0 0
262 1 0.1 4.34679 2.86656 0.641155 0.0101044 0.0122871 -0.009825 -0.449089 -0.0973426 -0.591572 1 0 0 0 0 0 0 0
263 1 0.1 4.19688 3.02623 0.481009 0.00377123 0.00780291 0.0141494 -0.0131909 -0.197855 0.0880486 1 0 0 0 0 0 0 0
264 1 0.1 4.24408 3.22492 0.593274 0.00334113 0.0215562 0.0267324 -0.91267 -1.06283 0.446099 1 0 0 0 0 0 0 0
265 1 0.1 4.40109 3.34846 0.591207 -0.00454929 -0.0567749 0.0435295 -0.625423 -1.53104 -0.413501 1 0 0 0 0 0 0 0
266 1 0.1 4.44861 3.4228 0.37995 -0.00864357 -0.0145213 -0.00505984 0.519327 1.10482 -0.306182 1 0 0 0 0 0 0 0
267 1 0.1 4.66931 3.64658 0.571978 0.00895512 -0.00800603 -0.0153892 0.179104 -0.335654 -0.0811339 1 0 0 0 0 0 0 0
268 1 0.1 4.92256 3.89168 0.478061 -0.0350905 -0.0312931 -0.0134098 -0.579106 -0.135162 0.592039 1 0 0 0 0 0 0 0
269 1 0.1 5.03557 4.00703 0.592213 0.0120057 0.0420989 -0.140582 -0.289552 1.41876 0.0193444 1 0 0 0 0 0 0 0
270 1 0.1 5.17874 4.14505 0.576498 -0.0361742 0.166153 0.0930312 0.0808046 0.381907 0.324713 1 0 0 0 0 0 0 0
271 1 0.1 5.3147 4.29091 0.564241 0.0641638 0.0547638 0.0767348 -0.00324197 -0.0233536 -0.00170896 1 0 0 0 0 0 0 0
272 1 0.1 5.45974 4.43693 0.555741 -0.00239735 -0.00116078 -0.00312944 -0.00710605 0.0332097 -0.0258643 1 0 0 0 0 0 0 0
273 1 0.1 5.63218 4.60191 0.575449 -0.0136275 -0.0144745 -0.00842139 0.00772034 0.110375 -0.19287 1 0 0 0 0 0 0 0
274 1 0.1 5.79146 4.77423 0.553139 -0.00108609 -0.00119608 0.00200711 -0.0148747 -0.00940989 -0.0191584 1 0 0 0 0 0 0 0
275 1 0.1 6.13009 0.892747 0.551275 0.00534137 -0.00264576 0.00856578 0.131885 -0.0213527 -0.0584328 1 0 0 0 0 0 0 0
276 1 0.1 5.77152 1.51343 0.59928 -0.00306921 0.00177112 0.000955875 0.0126754 -0.0111498 -0.00782094 1 0 0 0 0 0 0 0
277 1 0.1 5.62373 1.59716 0.408614 0.0439432 -0.000282176 -0.0276533 0.631273 0.675447 -0.0585416 1 0 0 0 0 0 0 0
278 1 0.1 5.67606 1.78998 0.414477 0.0023011 0.0119399 0.0198859 -0.0140141 -0.259679 0.464064 1 0 0 0 0 0 0 0
279 1 0.1 5.56616 1.8279 0.583262 -0.00367554 0.00707658 -0.00397003 -0.0649268 0.137198 -0.0394053 1 0 0 0 0 0 0 0
280 1 0.1 5.4038 1.90919 0.501101 0.0106179 0.0170658 -0.0245463 -0.164253 -0.283467 -0.184006 1 0 0 0 0 0 0 0
281 1 0.1 5.2438 2.02729 0.49558 0.000290398 0.000292892 0.0273352 0.476935 0.721829 0.363383 1 0 0 0 0 0 0 0
282 1 0.1 5.02935 1.99088 0.747189 -0.00399823 0.00196318 0.00275494 -0.0359475 -0.0507952 -0.0487028 1 0 0 0 0 0 0 0
283 1 0.1 5.00544 2.29744 0.567571 -0.00698935 0.0306106 -0.00428628 0.246483 0.0759467 0.0816201 1 0 0 0 0 0 0 0
284 1 0.1 4.95534 2.65093 0.48844 0.00288601 0.0134827 -0.0223298 0.103063 0.00974548 -0.112681 1 0 0 0 0 0 0 0
285 1 0.1 4.45354 2.60768 0.609306 -0.0174996 0.0278526 0.010233 -0.0672046 -0.532875 -0.00141552 1 0 0 0 0 0 0 0
286 1 0.1 4.53023 2.79962 0.6199 0.00488123 0.0184746 -0.0141929 -0.16891 -0.941361 -0.412265 1 0 0 0 0 0 0 0
287 1 0.1 4.62992 3.17104 0.751879 0.0191791 -0.0182203 -0.0488382 0.11542 0.146626 0.350619 1 0 0 0 0 0 0 0
288 1 0.1 4.46311 3.17561 0.484854 0.000795245 -0.00431143 0.0078953 -0.890509 -1.173 0.396743 1 0 0 0 0 0 0 0
289 1 0.1 4.64002 3.11408 0.415231 -0.0237569 -0.0398061 -0.0167227 0.0647621 0.724576 -0.238728 1 0 0 0 0 0 0 0
290 1 0.1 4.81729 3.30418 0.289383 0.0152934 0.0264073 -0.0394581 -0.19727 0.148752 0.212228 1 0 0 0 0 0 0 0
291 1 0.1 4.91032 3.51796 0.595079 0.00673707 0.0134574 0.0236752 0.297036 -0.0522601 -0.0908259 1 0 0 0 0 0 0 0
292 1 0.1 4.91557 3.57566 0.404971 0.045327 -0.0274756 0.0161784 -0.278892 -0.893833 0.499273 1 0 0 0 0 0 0 0
293 1 0.1 5.00521 3.74274 0.374181 0.0412777 -0.0205882 0.051097 0.119939 -0.0167034 -0.178896 1 0 0 0 0 0 0 0
294 1 0.1 5.12485 3.84527 0.496065 0.0262838 0.136359 -0.00541007 -1.5996 -0.00046011 0.930493 1 0 0 0 0 0 0 0
295 1 0.1 5.23899 3.95852 0.614616 0.031897 0.162567 -0.0113743 1.05627 -0.203883 -0.611641 1 0 0 0 0 0 0 0
296 1 0.1 5.50894 4.24622 0.591931 -0.013032 0.00124656 0.0103414 0.289673 0.19824 -0.226144 1 0 0 0 0 0 0 0
297 1 0.1 5.69225 4.41185 0.591358 -0.0142147 -0.015845 -0.00426224 -0.0997497 0.0678911 0.0758019 1 0 0 0 0 0 0 0
298 1 0.1 5.7162 4.50028 0.413981 -0.0119086 -0.00832393 -0.00182077 0.170363 -0.0934316 -0.0430868 1 0 0 0 0 0 0 0
299 1 0.1 6.0751 5.05593 0.557736 -0.000509842 -0.000525749 -0.000293353 -0.00241418 0.00709489 -0.0193937 1 0 0 0 0 0 0 0
300 1 0.1 6.27124 0.751208 0.549968 0.00325604 -0.00429232 0.000540732 -0.000435956 -0.000906796 0.0164592 1 0 0 0 0 0 0 0
301 1 0.1 5.90038 1.39919 0.497954 -0.00166036 0.00147122 0.00383258 0.00401715 -0.0433957 -0.0121473 1 0 0 0 0 0 0 0
302 1 0.1 5.88486 1.6466 0.499993 -0.00274047 0.00258274 -0.00104047 -0.0246042 0.0493968 0.0365422 1 0 0 0 0 0 0 0
303 1 0.1 5.8649 1.84479 0.572029 -0.00746503 0.00572179 -0.000657921 0.0674355 0.0411857 0.0360028 1 0 0 0 0 0 0 0
304 1 0.1 5.70927 1.96417 0.61005 -0.00596993 0.00895665 -0.00469781 0.085833 -0.157122 -0.0882639 1 0 0 0 0 0 0 0
305 1 0.1 5.50641 2.05327 0.594403 0.00485714 0.0170287 -0.0181217 0.0954981 0.258467 -0.12872 1 0 0 0 0 0 0 0
306 1 0.1 5.26585 2.37641 0.488224 -0.000762572 0.00418991 0.00994513 -0.213921 0.0341592 0.366071 1 0 0 0 0 0 0 0
307 1 0.1 5.16837 2.3758 0.66073 -0.00754016 0.00737472 0.0095605 0.0314488 -0.0619728 0.022602 1 0 0 0 0 0 0 0
308 1 0.1 5.06094 2.45112 0.28553 -0.0149436 0.0042774 -0.0207256 0.403434 0.0957672 0.127726 1 0 0 0 0 0 0 0
309 1 0.1 4.96947 2.51518 0.634549 0.0629234 0.0589508 0.0202754 -0.360499 0.974956 0.589935 1 0 0 0 0 0 0 0
310 1 0.1 5.26082 2.8042 0.472464 0.0172445 -0.028854 0.00864746 0.126334 0.0625636 -0.0748892 1 0 0 0 0 0 0 0
311 1 0.1 4.66379 2.86346 0.761768 0.0157085 0.00024446 -0.0182412 0.322733 0.335847 -0.286884 1 0 0 0 0 0 0 0
312 1 0.1 4.55104 3.04235 0.613006 -0.0112224 0.00152964 0.0117124 0.119257 0.207323 -0.41981 1 0 0 0 0 0 0 0
313 1 0.1 4.97101 3.1766 0.282241 0.0220888 0.0330506 -0.035015 -0.103797 0.237784 -0.194632 1 0 0 0 0 0 0 0
314 1 0.1 5.10275 3.07472 0.160391 -0.00883818 0.0859591 0.014299 -0.216344 -0.141026 0.800227 1 0 0 0 0 0 0 0
315 1 0.1 5.08924 3.27535 0.504725 0.0612274 -0.0374222 -0.0882564 0.272644 1.70096 0.0918283 1 0 0 0 0 0 0 0
316 1 0.1 5.43123 3.36615 0.357933 0.00314755 -0.0142273 -0.00834777 -0.0958067 0.381731 0.337394 1 0 0 0 0 0 0 0
317 1 0.1 5.13508 3.63811 0.487224 0.0156861 -0.0313699 0.0168039 0.120224 -0.183876 0.0997728 1 0 0 0 0 0 0 0
318 1 0.1 5.33284 3.65198 0.471577 0.00772473 -0.0159483 0.0153052 -0.183701 0.158079 0.105515 1 0 0 0 0 0 0 0
319 1 0.1 5.38219 3.84194 0.53751 -0.0311437 0.0268478 -0.016151 0.0551532 0.250916 0.242743 1 0 0 0 0 0 0 0
320 1 0.1 5.37115 4.09131 0.54491 0.000943173 0.188767 -0.0786469 -1.08987 1.12781 0.813522 1 0 0 0 0 0 0 0
321 1 0.1 5.74514 3.97712 0.576156 0.00865803 -0.0228579 -0.0061636 0.0231145 0.0894666 0.132192 1 0 0 0 0 0 0 0
322 1 0.1 5.8379 4.27819 0.562458 -0.0107271 -0.0122393 -0.00291715 -0.00535275 0.0214631 -0.0394457 1 0 0 0 0 0 0 0
323 1 0.1 5.91992 4.65507 0.457674 -0.00228754 -0.00334834 0.00471744 -0.0278953 0.00712376 0.0144857 1 0 0 0 0 0 0 0
324 1 0.1 6.21512 5.19848 0.549981 -0.000342933 -0.000523025 -9.90581e-05 0.000252317 0.000173184 -0.00819664 1 0 0 0 0 0 0 0
325 1 0.1 6.16827 1.09462 0.4653 0.00364452 3.59415e-05 0.00527833 0.0140294 -0.000354493 0.00701057 1 0 0 0 0 0 0 0
326 1 0.1 6.00669 1.23015 0.487511 -0.000905833 0.00222587 -0.00114657 -0.0325261 -0.0149781 -0.0387952 1 0 0 0 0 0 0 0
327 1 0.1 6.00294 2.03437 0.510374 -0.0280459 0.00468972 0.0109561 0.034027 0.240585 -0.265107 1 0 0 0 0 0 0 0
328 1 0.1 5.65981 2.29657 0.637844 -0.0111279 -0.0050283 -0.000764509 0.0244846 -0.0433617 -0.0677484 1 0 0 0 0 0 0 0
329 1 0.1 5.85353 2.13346 0.598868 -0.0126524 0.0205969 0.0183335 0.0789353 -0.212271 -0.0148459 1 0 0 0 0 0 0 0
330 1 0.1 5.43311 2.34606 0.590529 0.00359172 0.0114239 -0.00097759 0.264968 0.0363425 -0.254275 1 0 0 0 0 0 0 0
331 1 0.1 5.67192 2.13548 0.515534 -0.00256768 0.0125805 -0.0017222 -0.0154491 -0.0130293 0.136754 1 0 0 0 0 0 0 0
332 1 0.1 5.82704 2.63272 0.695164 0.00347745 -0.00195604 6.76766e-05 0.00179704 0.0443299 0.0281959 1 0 0 0 0 0 0 0
333 1 0.1 5.66469 2.54338 0.423905 -0.00258972 0.000715988 0.00107479 0.0239512 0.0413221 -0.144392 1 0 0 0 0 0 0 0
334 1 0.1 5.44879 2.54988 0.582965 -0.0127541 0.016035 -0.0138346 -0.0931085 0.28482 0.219399 1 0 0 0 0 0 0 0
335 1 0.1 5.0556 2.47955 0.471535 -0.0137466 0.0101332 -0.00797112 -0.398713 0.0420006 -0.0644048 1 0 0 0 0 0 0 0
336 1 0.1 5.30089 2.79962 0.675528 0.0815268 -0.0113802 0.0069083 -0.0455821 0.101312 0.231846 1 0 0 0 0 0 0 0
337 1 0.1 4.95842 2.97221 0.596086 0.0248369 -0.00595069 0.0171688 0.481813 -0.284571 1.04138 1 0 0 0 0 0 0 0
338 1 0.1 5.26098 2.97744 0.354488 0.0284734 -0.0648624 -0.0421214 -0.153479 -0.0718326 0.74216 1 0 0 0 0 0 0 0
339 1 0.1 5.28558 3.13882 0.46974 0.0247552 -0.0612333 -0.0457522 1.01561 -0.00705253 0.531801 1 0 0 0 0 0 0 0
340 1 0.1 5.47593 3.18297 0.433071 0.0109127 0.0152569 -0.0144375 -0.194967 -0.0937524 0.135194 1 0 0 0 0 0 0 0
341 1 0.1 5.2865 3.40524 0.507446 0.119809 0.0510037 0.021429 1.68959 -0.527499 1.3691 1 0 0 0 0 0 0 0
342 1 0.1 5.46916 3.5077 0.493872 0.00932706 -0.0169465 -0.00389541 0.270348 0.0045074 -0.0857698 1 0 0 0 0 0 0 0
343 1 0.1 5.51517 3.72733 0.441899 -0.0131899 0.0146949 0.00400836 0.0348761 0.00442222 0.154217 1 0 0 0 0 0 0 0
344 1 0.1 5.6487 3.68413 0.584252 0.00606811 0.000426246 -0.0183657 0.0310738 0.320404 -0.28652 1 0 0 0 0 0 0 0
345 1 0.1 5.7269 3.37246 0.755235 -0.00675061 -0.0160831 -0.00200206 0.0305786 -0.258976 -0.163079 1 0 0 0 0 0 0 0
346 1 0.1 5.81554 3.79266 0.602963 0.00928903 -0.0173368 0.00835535 -0.017531 -0.358187 -0.00329053 1 0 0 0 0 0 0 0
347 1 0.1 6.00206 3.9152 0.585211 -0.0373175 -0.0241563 0.0400304 0.250729 -1.27059 -0.284342 1 0 0 0 0 0 0 0
348 1 0.1 5.93403 4.91421 0.560156 6.84121e-05 -0.00154297 0.00361386 -0.0196132 -0.0353602 -0.0132668 1 0 0 0 0 0 0 0
349 1 0.1 6.11492 4.83512 0.529263 -0.000920562 -0.00220812 0.00290546 0.00992712 0.0497054 0.00307585 1 0 0 0 0 0 0 0
350 1 0.1 6.10524 1.39395 0.428871 -0.00192561 0.00454472 0.00354714 0.0603912 -0.0378522 0.0734581 1 0 0 0 0 0 0 0
351 1 0.1 6.04279 1.53731 0.554912 -0.00260122 0.00347417 -0.00012854 -0.0559029 -0.0110385 -0.0481652 1 0 0 0 0 0 0 0
352 1 0.1 6.008 1.71356 0.642602 -0.000719562 0.00440612 -0.00218872 0.0388329 -0.0233333 0.0253562 1 0 0 0 0 0 0 0
353 1 0.1 5.82407 2.02262 0.762667 -0.00973402 -0.00187864 0.00207486 -0.0152552 0.0837593 0.0294976 1 0 0 0 0 0 0 0
354 1 0.1 5.96936 2.77899 0.137416 0.0141226 -0.00952533 -0.000759315 0.0877769 0.133968 -0.0748412 1 0 0 0 0 0 0 0
355 1 0.1 5.84763 2.94751 0.137382 0.000239373 0.00180134 -0.00184928 -0.0214193 -0.00212602 -0.123781 1 0 0 0 0 0 0 0
356 1 0.1 5.66721 2.73166 0.762917 0.00299507 -0.00490812 0.000378227 -0.0299035 -0.00663888 0.0129735 1 0 0 0 0 0 0 0
357 1 0.1 5.55178 2.73888 0.6004 0.00367826 -0.0249733 -0.00238896 0.00121131 -0.0251843 0.290699 1 0 0 0 0 0 0 0
358 1 0.1 5.13255 2.92636 0.748561 -0.00815389 0.0718116 0.043685 0.0838695 -0.277892 0.499968 1 0 0 0 0 0 0 0
359 1 0.1 5.42855 2.69852 0.448875 0.0104834 -0.0361523 -0.00533329 0.0506473 -0.00561946 -0.0448191 1 0 0 0 0 0 0 0
360 1 0.1 5.86008 3.00075 0.668883 0.0180269 -0.00371588 0.0187248 -0.0378815 0.0195997 -0.11131 1 0 0 0 0 0 0 0
361 1 0.1 5.68037 2.92352 0.710057 0.017482 -0.00212871 0.0187631 -1.46559 -0.102045 -0.0675366 1 0 0 0 0 0 0 0
362 1 0.1 5.46508 2.91743 0.576605 0.00469936 -0.022033 0.00791821 0.181756 -0.316332 -0.404846 1 0 0 0 0 0 0 0
363 1 0.1 5.2728 2.97153 0.578879 -0.000221077 -0.0323223 0.00799263 -0.0643759 0.284737 0.51215 1 0 0 0 0 0 0 0
364 1 0.1 5.53235 3.04963 0.762722 0.00463183 0.020227 0.00279398 0.127471 0.06364 -0.137878 1 0 0 0 0 0 0 0
365 1 0.1 5.39476 3.11905 0.635621 0.0160166 -0.0312576 -0.0371606 -1.06363 -0.202427 0.0128495 1 0 0 0 0 0 0 0
366 1 0.1 5.6999 3.27329 0.583876 -0.0190272 0.000611108 -0.00845603 0.0653788 0.0401256 -0.46651 1 0 0 0 0 0 0 0
367 1 0.1 5.56847 3.25166 0.76356 -0.0215367 0.00233006 -0.000921763 -0.114659 0.214318 -0.0697777 1 0 0 0 0 0 0 0
368 1 0.1 5.62794 3.4603 0.605472 0.0107097 -0.0179509 -0.0115566 0.0293653 -0.0187333 0.270518 1 0 0 0 0 0 0 0
369 1 0.1 5.89787 3.58611 0.578308 -0.0337136 -0.00117123 -0.0077561 0.0522943 -0.0486002 -0.07002 1 0 0 0 0 0 0 0
370 1 0.1 5.88129 3.3896 0.629371 -0.00727709 0.0310997 0.00367762 0.642897 0.233074 0.215905 1 0 0 0 0 0 0 0
371 1 0.1 5.91234 3.22235 0.439792 -0.0561373 -0.0530669 0.0681236 0.546792 -1.09375 -0.0696175 1 0 0 0 0 0 0 0
372 1 0.1 6.01698 4.03123 0.295583 0.0113368 -0.00014677 -0.00461604 0.0741584 -0.0649724 -0.0082242 1 0 0 0 0 0 0 0
373 1 0.1 5.9012 4.46779 0.567114 -0.00844491 -0.00975918 0.00835759 -0.0110124 -0.066542 -0.088822 1 0 0 0 0 0 0 0
374 1 0.1 6.06804 4.65083 0.59095 0.000646052 -0.0029058 0.0011045 0.0211419 0.0446518 -0.0215132 1 0 0 0 0 0 0 0
375 1 0.1 6.07186 0.950833 0.762561 -0.000354479 0.000813989 8.75239e-05 0.0249456 0.0204264 0.0439258 1 0 0 0 0 0 0 0
376 1 0.1 5.74482 1.27681 0.749984 -0.000503282 0.000495857 -0.000288299 -0.00336292 -0.000725959 0.00639115 1 0 0 0 0 0 0 0
377 1 0.1 5.60345 1.41817 0.749993 -0.00173196 0.000755507 0.000433434 0.00815049 0.0086144 0.00805893 1 0 0 0 0 0 0 0
378 1 0.1 5.46439 1.56119 0.762589 -0.000678878 0.00129832 -0.000656338 -0.00619048 -0.0278811 -0.0219101 1 0 0 0 0 0 0 0
379 1 0.1 5.32299 1.70252 0.762925 0.00323732 0.00352805 0.00206577 -0.0225847 -0.097721 0.0217865 1 0 0 0 0 0 0 0
380 1 0.1 5.17552 1.84526 0.749281 -0.0140095 0.00700777 0.0112686 0.0711398 -0.0940343 0.153064 1 0 0 0 0 0 0 0
381 1 0.1 5.26321 1.76799 0.584218 0.00443677 -0.00290829 0.000954579 -0.0348269 0.0525832 0.042953 1 0 0 0 0 0 0 0
382 1 0.1 4.88994 2.1334 0.762254 -0.00435057 0.00220982 -0.00427885 -0.0429459 0.0181696 0.0542054 1 0 0 0 0 0 0 0
383 1 0.1 4.74819 2.27437 0.763213 -0.00429808 0.00267169 0.000311289 0.00557431 0.0581633 0.0365701 1 0 0 0 0 0 0 0
384 1 0.1 4.51863 2.49487 0.756615 -0.00666156 -0.000312274 -0.0182654 0.375754 0.433869 0.579432 1 0 0 0 0 0 0 0
385 1 0.1 4.30515 2.71172 0.533369 -0.0165344 0.0159271 0.000721919 0.448958 0.141985 0.280107 1 0 0 0 0 0 0 0
386 1 0.1 4.19166 2.92712 0.745985 0.0187529 0.0890694 -0.0552238 0.679169 0.413468 1.23068 1 0 0 0 0 0 0 0
387 1 0.1 4.35223 3.05897 0.600256 -0.0133213 0.0211926 0.0377602 0.111573 0.19567 0.0570679 1 0 0 0 0 0 0 0
388 1 0.1 4.19428 3.12632 0.759686 0.02413 0.0806068 0.0728798 0.0101273 -0.0374765 0.009227 1 0 0 0 0 0 0 0
389 1 0.1 4.59257 3.30997 0.549097 -0.00127702 0.00791603 -0.00728082 0.474394 0.981615 -0.470079 1 0 0 0 0 0 0 0
390 1 0.1 4.45244 3.43407 0.763446 0.00287376 -0.00240786 0.0059622 -0.0219312 -0.292834 0.115035 1 0 0 0 0 0 0 0
391 1 0.1 4.59265 3.57411 0.759989 -0.00491019 -0.0097785 -0.00715834 0.0776069 -0.00556315 0.112998 1 0 0 0 0 0 0 0
392 1 0.1 4.80867 3.78567 0.598739 -0.00866002 -0.00675977 0.00402159 -0.0799802 -0.0392996 -0.0951809 1 0 0 0 0 0 0 0
393 1 0.1 4.88963 3.86631 0.762594 -0.000403545 -0.000633896 -0.00152452 -0.00533073 -0.0127568 0.0126907 1 0 0 0 0 0 0 0
394 1 0.1 5.1042 4.07763 0.763581 0.0602181 0.0344678 -0.0624526 0.391115 -0.561325 0.152736 1 0 0 0 0 0 0 0
395 1 0.1 5.24146 4.22216 0.749672 0.0277787 0.0639868 0.107239 0.193738 0.000549202 -0.0213791 1 0 0 0 0 0 0 0
396 1 0.1 5.39494 4.36814 0.731917 -0.00192601 -0.00325491 -0.00399224 0.0511073 -0.00919014 -0.0470097 1 0 0 0 0 0 0 0
397 1 0.1 5.53541 4.51304 0.750646 -0.0995576 -0.0684449 -0.033183 -0.134533 0.434382 -0.66769 1 0 0 0 0 0 0 0
398 1 0.1 5.70621 4.68003 0.762595 -0.00136289 -0.000364828 -0.000978064 0.0237043 0.0217103 -0.0134123 1 0 0 0 0 0 0 0
399 1 0.1 5.84552 4.82217 0.748115 -0.000565257 -0.000146301 0.000737532 0.00307782 -0.0165984 0.004119 1 0 0 0 0 0 0 0
400 1 0.1 6.21304 0.809406 0.759589 0.000945618 0.00192191 -0.0016133 -0.00653546 -0.014181 -0.0236086 1 0 0 0 0 0 0 0
401 1 0.1 5.93471 1.08991 0.720201 -0.000700297 0.000556907 -0.000545529 0.0328886 -0.0407648 0.0579157 1 0 0 0 0 0 0 0
402 1 0.1 5.65801 1.6101 0.762582 -0.00227498 0.0013385 -0.000549014 0.0130847 0.0260836 0.0245943 1 0 0 0 0 0 0 0
403 1 0.1 5.72325 1.7068 0.600378 -0.0037944 0.00241342 -0.00282413 -0.036942 -0.0373759 0.0113747 1 0 0 0 0 0 0 0
404 1 0.1 5.51462 1.75711 0.762472 -0.000318121 0.018454 -0.000865554 0.0124386 0.00207002 0.0120345 1 0 0 0 0 0 0 0
405 1 0.1 5.36992 1.88761 0.703532 -0.0115791 0.0127591 0.00492731 0.0489674 -0.0513906 0.21743 1 0 0 0 0 0 0 0
406 1 0.1 5.23869 2.03439 0.738123 -0.0166277 0.00807001 0.0074517 -0.094828 0.142939 -0.123124 1 0 0 0 0 0 0 0
407 1 0.1 5.34285 2.16804 0.594895 -0.00303298 0.0132666 0.0118619 -0.138444 -0.0405225 0.209256 1 0 0 0 0 0 0 0
408 1 0.1 5.0232 2.2867 0.763919 -0.00242469 0.00174408 -0.00137065 0.04395 0.0284689 0.0478546 1 0 0 0 0 0 0 0
409 1 0.1 4.84006 2.46383 0.764839 0.0488456 0.0190885 0.00157598 -0.118399 -1.38106 0.509232 1 0 0 0 0 0 0 0
410 1 0.1 4.30885 2.7103 0.760024 -0.0176603 0.0315357 0.00651598 0.125199 -0.00658387 0.346327 1 0 0 0 0 0 0 0
411 1 0.1 4.47783 2.93587 0.765661 0.00812032 -0.0231422 0.000952068 -0.167676 -0.106532 0.296748 1 0 0 0 0 0 0 0
412 1 0.1 4.43587 3.14955 0.767206 0.0272104 0.0461403 0.0129122 0.627451 0.539611 -1.1074 1 0 0 0 0 0 0 0
413 1 0.1 4.64175 3.37055 0.760794 0.00170613 -0.00293175 -0.000845174 0.209062 -0.0794808 0.167936 1 0 0 0 0 0 0 0
414 1 0.1 4.77911 3.29701 0.484064 -0.0139766 0.0271356 -0.0586413 0.1716 -0.502992 -0.296425 1 0 0 0 0 0 0 0
415 1 0.1 4.52891 3.50537 0.584384 0.0078835 0.00467187 -0.0119022 -0.276124 0.351146 0.00992523 1 0 0 0 0 0 0 0
416 1 0.1 5.01904 3.48659 0.762398 -0.00477084 0.0290801 -0.00693643 0.0582103 -0.0278797 0.376915 1 0 0 0 0 0 0 0
417 1 0.1 4.7526 3.69174 0.763516 -0.00827373 -0.000644564 0.0020532 -0.0127425 0.0454486 -0.00640876 1 0 0 0 0 0 0 0
418 1 0.1 4.98815 3.7002 0.606411 -0.00419375 0.0178999 -0.0300897 -1.03104 -0.114026 0.0402873 1 0 0 0 0 0 0 0
419 1 0.1 5.14707 3.86176 0.763043 -0.0219091 0.113413 -0.0216222 -0.403168 0.0962002 0.393647 1 0 0 0 0 0 0 0
420 1 0.1 5.43525 4.17525 0.762973 -0.000336015 0.000922782 0.00837993 -0.164841 0.0129546 -0.00691695 1 0 0 0 0 0 0 0
421 1 0.1 5.58662 4.32004 0.76089 -0.0165146 -0.0422946 0.0249421 0.395724 -0.410058 -0.280458 1 0 0 0 0 0 0 0
422 1 0.1 5.75642 4.4871 0.76324 -0.00466057 -0.00181696 -0.00359312 0.00595266 0.0312169 -0.0117446 1 0 0 0 0 0 0 0
423 1 0.1 5.87815 4.6373 0.670356 -0.00347489 -0.00280669 -0.00291005 -0.0980529 -0.00433262 0.00649484 1 0 0 0 0 0 0 0
424 1 0.1 6.12757 5.10471 0.750104 -0.000368489 -0.000458207 0.000230493 -0.00111229 0.000388565 0.0150475 1 0 0 0 0 0 0 0
425 1 0.1 6.35244 0.666412 0.749983 -0.000276731 0.000390318 -0.000139493 -0.00114169 0.00175246 0.00437153 1 0 0 0 0 0 0 0
426 1 0.1 5.96057 1.28344 0.762559 -0.000880418 0.000483918 0.000136557 -0.0143136 0.00713656 -0.000110298 1 0 0 0 0 0 0 0
427 1 0.1 5.87488 1.46395 0.762663 -0.00198466 0.000269837 0.000148177 -0.000787673 0.0142997 0.0107647 1 0 0 0 0 0 0 0
428 1 0.1 5.92534 1.85039 0.762527 -0.00337974 0.00153696 -0.000854116 -0.00915706 0.00593254 0.0030684 1 0 0 0 0 0 0 0
429 1 0.1 5.7024 1.8258 0.762284 -0.00435519 0.0206158 -0.00434213 -0.0218179 0.0224676 0.00220383 1 0 0 0 0 0 0 0
430 1 0.1 5.54899 1.95402 0.762575 -0.00887836 0.0243595 -0.00327489 0.00336251 0.00627029 0.00902416 1 0 0 0 0 0 0 0
431 1 0.1 5.45094 2.17144 0.762677 0.00252587 0.0306368 0.0024366 0.296905 -0.0152572 -0.0574381 1 0 0 0 0 0 0 0
432 1 0.1 5.2601 2.23127 0.763489 -0.00689556 0.00786386 0.00457547 0.108857 0.0644366 0.0591004 1 0 0 0 0 0 0 0
433 1 0.1 5.28171 2.56498 0.425879 -0.012518 -0.00715458 -0.0117143 -0.0291798 0.0379937 -0.268739 1 0 0 0 0 0 0 0
434 1 0.1 5.10621 2.53176 0.766797 0.0777699 0.0606288 -0.000882182 0.624787 -0.700193 -0.327346 1 0 0 0 0 0 0 0
435 1 0.1 4.79262 2.68077 0.754118 -0.0231168 0.0218444 0.0345423 -0.242854 -0.650472 0.270552 1 0 0 0 0 0 0 0
436 1 0.1 4.59297 2.67833 0.763852 -0.0251083 0.0111031 -0.00192463 0.0472265 0.411972 -0.0160326 1 0 0 0 0 0 0 0
437 1 0.1 4.73579 3.13963 0.588844 0.020822 0.0263357 -0.0526832 -0.405454 0.054184 0.968469 1 0 0 0 0 0 0 0
438 1 0.1 4.8077 3.2591 0.762978 0.00726024 0.00218911 -0.00126781 0.157461 -0.193824 -0.0673939 1 0 0 0 0 0 0 0
439 1 0.1 4.82119 3.45861 0.763022 -0.00134829 0.00226974 0.00129866 0.0508277 -0.0254232 -0.160421 1 0 0 0 0 0 0 0
440 1 0.1 4.95504 3.33051 0.648317 -0.0378363 -0.02172 -0.0713302 0.421093 1.37518 -0.670786 1 0 0 0 0 0 0 0
441 1 0.1 5.10641 3.66675 0.76277 -0.0198207 0.0834713 -0.00668884 0.535131 0.218537 -0.29363 1 0 0 0 0 0 0 0
442 1 0.1 5.23411 3.74324 0.627999 -0.0421751 0.0450883 0.00780458 0.0907135 0.119436 -0.621852 1 0 0 0 0 0 0 0
443 1 0.1 5.3467 3.86424 0.762442 -0.0121036 0.0455146 -0.011801 0.0499637 -0.174931 -0.841132 1 0 0 0 0 0 0 0
444 1 0.1 5.50386 3.98758 0.761579 0.0235096 0.00638467 0.00970267 0.0620557 -0.0116278 0.230245 1 0 0 0 0 0 0 0
445 1 0.1 5.67956 4.17173 0.664497 -0.0219927 -0.0281483 -0.00354289 0.0896622 -0.188918 0.0455566 1 0 0 0 0 0 0 0
446 1 0.1 5.80451 4.2931 0.762573 -0.0413345 -0.010851 -0.000416966 -0.096882 0.0919438 0.10106 1 0 0 0 0 0 0 0
447 1 0.1 5.955 4.46434 0.759693 -0.0130945 -0.0770479 0.0102519 0.283798 -0.0416702 -0.748276 1 0 0 0 0 0 0 0
448 1 0.1 6.03327 4.74853 0.762338 -0.212441 0.0193178 -0.0111429 0.0931494 0.135821 0.0781726 1 0 0 0 0 0 0 0
449 1 0.1 6.26898 5.24606 0.74999 -0.000387138 -0.000440505 0.000159938 -0.00197462 -0.000255218 -0.00673582 1 0 0 0 0 0 0 0
450 1 0.1 6.23929 1.01013 0.670778 0.000253372 0.00621195 0.00460901 0.0153192 -0.0674359 0.0305674 1 0 0 0 0 0 0 0
451 1 0.1 6.10679 1.15761 0.644808 -0.00132578 0.00431819 0.00184431 -0.0136867 0.0237299 -0.00175863 1 0 0 0 0 0 0 0
452 1 0.1 6.05059 1.5593 0.762507 -0.00457228 0.00479004 -0.00013701 -0.00856243 -0.0153028 0.043326 1 0 0 0 0 0 0 0
453 1 0.1 5.85009 1.66519 0.758713 -0.00350172 0.00189258 -0.0018243 0.023221 0.00271173 -0.00809146 1 0 0 0 0 0 0 0
454 1 0.1 5.64633 2.12867 0.761485 -0.0320224 0.0421878 -0.012426 -0.0561828 0.0738843 0.28527 1 0 0 0 0 0 0 0
455 1 0.1 5.52611 2.37583 0.76345 -0.00547736 -0.0024815 0.00362803 -0.0579076 -0.207248 -0.0118559 1 0 0 0 0 0 0 0
456 1 0.1 5.33272 2.42318 0.762735 -0.00426361 0.00295263 0.000335235 0.00246524 0.149646 -0.027516 1 0 0 0 0 0 0 0
457 1 0.1 5.57268 2.29818 0.458175 -0.00605111 0.00624865 -0.00332028 0.0328086 -0.0225807 -0.0658736 1 0 0 0 0 0 0 0
458 1 0.1 5.28532 2.60082 0.68601 -0.00752574 -0.000504644 0.00225126 0.00612203 -0.0582559 0.0360461 1 0 0 0 0 0 0 0
459 1 0.1 5.46316 2.6505 0.762527 -0.00844847 0.00575953 0.000664554 0.0539118 0.0874015 0.0514016 1 0 0 0 0 0 0 0
460 1 0.1 5.14479 2.64008 0.550183 -0.00397643 -0.00248486 -0.00356514 0.143421 -0.0430951 0.135903 1 0 0 0 0 0 0 0
461 1 0.1 4.94722 2.85427 0.763263 0.0152815 0.00194635 0.00105966 0.000618776 -0.152715 0.237101 1 0 0 0 0 0 0 0
462 1 0.1 4.78363 3.04594 0.763282 0.0424811 0.0242893 0.00571665 0.0161157 -0.553388 -0.26779 1 0 0 0 0 0 0 0
463 1 0.1 5.11361 3.08728 0.555779 0.023472 -0.0171718 -0.023188 -1.20592 0.222881 -0.950226 1 0 0 0 0 0 0 0
464 1 0.1 4.90999 3.14224 0.490811 -0.0391043 0.0520028 -0.15681 -0.224738 1.13553 -0.320053 1 0 0 0 0 0 0 0
465 1 0.1 5.10103 3.45948 0.581869 -0.0198611 -0.0668765 -0.00360879 0.240365 0.222602 -0.610395 1 0 0 0 0 0 0 0
466 1 0.1 5.29982 3.61146 0.762691 -0.0227824 0.0148765 -0.00413377 0.0946745 0.199757 0.492927 1 0 0 0 0 0 0 0
467 1 0.1 5.45521 3.66131 0.628203 0.0119376 0.0118782 -0.00253571 0.0402907 -0.00455746 0.146028 1 0 0 0 0 0 0 0
468 1 0.1 5.53131 3.78756 0.762718 -0.00711478 0.0173251 7.59167e-05 0.0618873 0.0117235 0.0970795 1 0 0 0 0 0 0 0
469 1 0.1 5.68855 3.91108 0.761877 0.0134113 -0.00611346 0.00616306 0.0614586 0.00126112 -0.375806 1 0 0 0 0 0 0 0
470 1 0.1 5.90676 3.90185 0.762412 -0.332554 -0.142786 -0.00285481 0.0173003 0.0490499 -1.11112 1 0 0 0 0 0 0 0
471 1 0.1 5.83116 4.08697 0.762741 -0.0158917 -0.012988 -0.000116937 -0.128152 0.166371 0.116271 1 0 0 0 0 0 0 0
472 1 0.1 5.98467 4.2401 0.694186 -0.038587 0.00213802 -0.00281737 -0.163915 0.0121846 0.140154 1 0 0 0 0 0 0 0
473 1 0.1 5.9896 4.9603 0.749686 0.00137961 -0.00226216 0.000686928 -0.0185759 0.000632254 -0.0307749 1 0 0 0 0 0 0 0
474 1 0.1 6.17706 4.90733 0.705049 0.00254071 0.00294781 0.00064791 -0.0093884 0.00651552 0.0971596 1 0 0 0 0 0 0 0
475 1 0.1 6.26427 1.19364 0.762529 -3.69015e-05 0.00355715 7.33037e-05 0.0349801 0.00117884 0.00822573 1 0 0 0 0 0 0 0
476 1 0.1 6.08782 1.35546 0.624355 -0.00502557 0.00411643 0.00325869 0.0303907 -0.036791 0.0399997 1 0 0 0 0 0 0 0
477 1 0.1 5.98073 2.1468 0.759905 -0.0077376 -0.00580499 -0.0358453 -0.03199 0.362437 -0.0619972 1 0 0 0 0 0 0 0
478 1 0.1 5.80779 2.24707 0.762583 -0.00750561 -0.0044567 -0.00139288 -0.0570195 0.0780504 0.0483683 1 0 0 0 0 0 0 0
479 1 0.1 5.84905 2.44583 0.76259 -0.00193937 -0.00182773 0.00028752 -0.0145861 0.0213637 -0.0996473 1 0 0 0 0 0 0 0
480 1 0.1 5.87556 3.23899 0.762517 0.0123388 0.00503865 0.000278347 -0.0200116 0.0757598 0.10361 1 0 0 0 0 0 0 0
481 1 0.1 5.84561 2.82179 0.759403 -0.03486 0.0673979 -0.0382151 -0.019688 0.321107 0.711297 1 0 0 0 0 0 0 0
482 1 0.1 5.65631 2.53221 0.763006 -0.00772212 -0.0042967 1.5118e-06 -0.0327595 0.0493157 -0.00399346 1 0 0 0 0 0 0 0
483 1 0.1 5.7472 2.47978 0.593955 -0.00528506 -0.00417855 0.00090946 0.00315319 -0.0396238 0.0802046 1 0 0 0 0 0 0 0
484 1 0.1 5.50359 2.84636 0.762557 0.0109759 0.00348402 0.000101374 0.085043 -0.0623344 -0.174597 1 0 0 0 0 0 0 0
485 1 0.1 5.34867 2.97225 0.762984 0.0139135 0.00412985 0.00011604 0.0166116 -0.112588 0.311874 1 0 0 0 0 0 0 0
486 1 0.1 5.13275 2.72757 0.753855 0.0761175 0.066383 0.053365 -0.17245 -0.0260794 0.36628 1 0 0 0 0 0 0 0
487 1 0.1 4.98029 3.07899 0.763029 0.0441082 0.0150261 -3.24513e-05 -0.117747 0.455556 0.415836 1 0 0 0 0 0 0 0
488 1 0.1 5.18858 3.11648 0.762706 -0.0669202 0.0996223 -0.000931665 -0.560425 0.224054 0.121164 1 0 0 0 0 0 0 0
489 1 0.1 5.24046 3.25272 0.627463 0.0567067 -0.0119169 -0.0754793 -1.0646 -1.73658 -0.39967 1 0 0 0 0 0 0 0
490 1 0.1 5.37539 3.29574 0.762907 -0.0232208 0.0153854 0.000845763 0.189835 0.370798 -0.0984076 1 0 0 0 0 0 0 0
491 1 0.1 5.19584 3.39329 0.762507 -0.0876587 -0.128724 -0.000439232 0.468938 -0.322084 -2.15712 1 0 0 0 0 0 0 0
492 1 0.1 5.42096 3.47322 0.684866 -0.00361547 0.017778 -9.28662e-06 -0.138803 -0.177678 -0.260124 1 0 0 0 0 0 0 0
493 1 0.1 5.72227 3.1107 0.763033 0.0114999 0.00429793 -0.000788794 0.479413 -0.225074 -0.00765987 1 0 0 0 0 0 0 0
494 1 0.1 5.57488 3.57456 0.762595 0.00739737 0.00597438 -0.000378291 0.0516306 -0.0850751 -0.116508 1 0 0 0 0 0 0 0
495 1 0.1 5.73674 3.70298 0.762582 -0.0223336 -0.0165993 -0.00299943 0.0075487 0.020684 -0.0228113 1 0 0 0 0 0 0 0
496 1 0.1 5.84316 3.53434 0.76301 -0.0150187 -0.00867231 -9.252e-05 -0.036263 0.206563 0.26771 1 0 0 0 0 0 0 0
497 1 0.1 5.91159 4.09327 0.579899 -0.0123922 -0.0130003 5.79508e-05 0.0461437 -0.198053 0.0481731 1 0 0 0 0 0 0 0
498 1 0.1 6.13225 4.57333 0.762871 0.000467866 0.0041278 0.00107438 -0.107737 -0.0310085 -0.00370304 1 0 0 0 0 0 0 0
499 1 0.1 6.25394 4.73195 0.762506 0.00306413 0.00237017 -0.000241041 0.0653898 -0.0973264 -0.0614513 1 0 0 0 0 0 0 0
