500
0 1 0.1 6.12939 0.89313 0.149611 -0.000452804 0.000906133 -0.000718879 -0.00383785 0.00318319 0.0170853 1 0 0 0 0 0 0 0
1 1 0.1 5.98508 1.0387 0.147793 -0.000864939 0.000599306 -0.000101501 -0.0072205 -0.00488679 0.0160157 1 0 0 0 0 0 0 0
2 1 0.1 5.83917 1.18703 0.140494 -0.0555388 0.0630388 -0.0207811 -0.293463 0.00956152 0.805491 1 0 0 0 0 0 0 0
3 1 0.1 5.54948 1.47568 0.154091 0.000259113 -0.00117974 -0.000826096 -0.00617375 0.00486113 -0.00561697 1 0 0 0 0 0 0 0
4 1 0.1 5.38319 1.63943 0.137599 0.000693304 -0.00127412 1.18377e-05 0.00316612 0.000233496 -0.0102563 1 0 0 0 0 0 0 0
5 1 0.1 5.24131 1.78 0.1431 0.00159941 -0.00143899 -0.000127062 0.0160516 -0.023811 0.0133874 1 0 0 0 0 0 0 0
6 1 0.1 5.10096 1.92204 0.137254 0.00155479 -0.000511837 -0.000272218 -0.00210451 0.0186376 -0.0169587 1 0 0 0 0 0 0 0
7 1 0.1 4.87597 2.14308 0.137505 -0.00705161 0.0108076 0.00548344 0.147848 0.0252707 0.142075 1 0 0 0 0 0 0 0
8 1 0.1 4.63697 2.56293 0.135473 -0.0472785 -0.0314488 -0.00039407 -1.75082 -0.196083 -0.213579 1 0 0 0 0 0 0 0
9 1 0.1 4.8199 2.46288 0.308816 0.0552 -0.0566262 0.0130997 -0.433771 0.306184 0.0733769 1 0 0 0 0 0 0 0
10 1 0.1 4.34358 2.67981 0.150495 -0.0280657 0.0238199 0.00397835 0.0501352 -0.00833163 0.383085 1 0 0 0 0 0 0 0
11 1 0.1 4.20277 2.82103 0.203995 -0.12055 0.104117 0.0561997 0.366155 0.887054 2.96911 1 0 0 0 0 0 0 0
12 1 0.1 4.20859 2.98605 0.132912 -0.193124 0.017265 -0.0155861 -1.46714 -1.74604 -1.65424 1 0 0 0 0 0 0 0
13 1 0.1 4.19995 3.17576 0.13635 -0.00086286 0.00457323 -0.00488198 0.380731 0.0571492 -0.26643 1 0 0 0 0 0 0 0
14 1 0.1 4.33895 3.3147 0.137849 -0.00252638 0.00109163 -0.0105417 -0.250872 0.315581 -0.0580834 1 0 0 0 0 0 0 0
15 1 0.1 4.47446 3.44469 0.201956 -0.00548691 -0.00703757 0.00147259 0.41227 -0.354273 -0.0063676 1 0 0 0 0 0 0 0
16 1 0.1 4.60339 3.58109 0.135738 -0.0102158 -0.00360963 -0.00357789 0.00352022 -0.0611934 -0.157841 1 0 0 0 0 0 0 0
17 1 0.1 4.74983 3.73629 0.130095 -0.0149188 0.0100775 -0.0182919 1.46835 1.28991 -0.521164 1 0 0 0 0 0 0 0
18 1 0.1 4.89633 3.86575 0.169051 -0.00253992 -0.001438 -0.0156961 -0.0319853 -0.267178 0.194666 1 0 0 0 0 0 0 0
19 1 0.1 5.17169 4.15317 0.154659 -0.000412267 -0.00167206 0.0215173 -0.0728872 0.170844 -0.239125 1 0 0 0 0 0 0 0
20 1 0.1 5.3257 4.27585 0.135894 -0.000696676 -0.0175201 -0.00284625 0.331837 -0.160479 -0.091448 1 0 0 0 0 0 0 0
21 1 0.1 5.45234 4.42879 0.15239 -0.00807612 -0.0117247 0.0239003 -0.0435288 0.0927158 0.205707 1 0 0 0 0 0 0 0
22 1 0.1 5.59061 4.57259 0.150594 -0.0138546 -0.00886192 0.00167806 -0.0808414 0.0940215 -0.142202 1 0 0 0 0 0 0 0
23 1 0.1 5.73375 4.71165 0.148355 -0.00680029 -0.0174689 -0.00665604 0.0304897 -0.0274949 0.0332978 1 0 0 0 0 0 0 0
24 1 0.1 6.01448 4.99559 0.150611 -0.0128869 -0.0134363 0.00196279 0.0026957 0.00346588 0.0706449 1 0 0 0 0 0 0 0
25 1 0.1 6.27095 0.751501 0.150027 0.000244816 -0.000225568 -0.000929005 -0.0198713 0.000740283 0.0199103 1 0 0 0 0 0 0 0
26 1 0.1 6.00801 1.29254 0.136086 -0.0741377 0.0885487 -0.0018705 -0.662967 -0.794307 -0.434259 1 0 0 0 0 0 0 0
27 1 0.1 5.86673 1.43061 0.134901 -0.0686528 0.102285 -0.00853734 -0.956204 -0.589631 0.151865 1 0 0 0 0 0 0 0
28 1 0.1 5.69458 1.32922 0.150025 -0.125682 0.129536 0.000293539 -0.0594185 -0.0662014 1.83685 1 0 0 0 0 0 0 0
29 1 0.1 5.58002 1.67254 0.137435 -0.000427928 -0.00206591 -0.000967065 0.00868339 0.00703136 0.0127013 1 0 0 0 0 0 0 0
30 1 0.1 5.42475 1.85929 0.137546 0.000569054 5.07473e-05 0.00123424 -0.00820431 0.0120353 0.0179413 1 0 0 0 0 0 0 0
31 1 0.1 5.29149 2.00836 0.137039 0.00378155 0.00114003 -1.97358e-05 -0.089937 -0.0480718 -0.0498439 1 0 0 0 0 0 0 0
32 1 0.1 5.07318 2.17567 0.13961 -0.0319007 0.160869 0.00898347 -0.0668964 -0.0441091 1.38977 1 0 0 0 0 0 0 0
33 1 0.1 4.68952 2.37484 0.130705 0.0067514 -0.0105716 -0.00289756 -0.855855 0.297438 -0.405329 1 0 0 0 0 0 0 0
34 1 0.1 4.84888 2.55931 0.136346 0.0137699 -0.0512579 -0.00158557 0.439334 0.0781972 0.150834 1 0 0 0 0 0 0 0
35 1 0.1 4.53027 2.74873 0.169482 -0.0801329 0.128995 0.134942 0.153808 -1.32269 0.761345 1 0 0 0 0 0 0 0
36 1 0.1 4.74679 2.65577 0.275468 0.0253745 -0.0684802 -0.00464845 -0.564959 0.222182 0.242091 1 0 0 0 0 0 0 0
37 1 0.1 4.37868 2.87543 0.13391 -0.0917264 0.0303518 0.0238572 -0.308799 -0.810647 -1.62383 1 0 0 0 0 0 0 0
38 1 0.1 4.3866 3.10191 0.134671 0.00145705 -0.0345986 -0.000951642 -0.173408 -0.377413 0.00830273 1 0 0 0 0 0 0 0
39 1 0.1 4.53125 3.25736 0.137123 0.0248903 -0.013787 8.7637e-05 0.10014 0.265664 0.12517 1 0 0 0 0 0 0 0
40 1 0.1 4.76522 3.47413 0.291043 0.00924617 0.00655978 -0.00988249 0.0981374 0.0263838 -0.0725132 1 0 0 0 0 0 0 0
41 1 0.1 5.02905 3.64461 0.133946 -0.0419325 0.0110092 -0.00898739 -0.147373 0.726961 -0.134547 1 0 0 0 0 0 0 0
42 1 0.1 5.10881 3.82765 0.13749 -0.00381455 -0.00506173 0.000204873 0.0128779 -0.0387655 0.156149 1 0 0 0 0 0 0 0
43 1 0.1 5.03139 4.01134 0.149657 0.00331238 -0.000596166 0.000206055 0.0117751 -0.0244101 -0.260445 1 0 0 0 0 0 0 0
44 1 0.1 5.42986 4.07241 0.212632 0.0092362 0.00246057 0.00647065 0.129788 0.041792 -0.268961 1 0 0 0 0 0 0 0
45 1 0.1 5.55862 4.20005 0.136098 0.00834742 -0.0136507 -0.0022592 0.21367 0.0790536 0.243672 1 0 0 0 0 0 0 0
46 1 0.1 5.64554 4.3801 0.137605 -0.00553019 -0.00466592 -0.00125523 -0.0163987 0.173671 -0.0320695 1 0 0 0 0 0 0 0
47 1 0.1 5.79785 4.50945 0.137245 -0.000994919 -0.00524087 -0.000902637 0.0549181 -0.0384175 -0.0286874 1 0 0 0 0 0 0 0
48 1 0.1 5.87264 4.85506 0.149954 -0.015691 -0.00993631 -2.74706e-05 0.0168967 -0.0171885 0.0866322 1 0 0 0 0 0 0 0
49 1 0.1 6.15518 5.13764 0.150008 -0.0160779 -0.0105075 -9.26567e-05 -0.0106893 0.0176686 -0.172228 1 0 0 0 0 0 0 0
50 1 0.1 6.41236 0.610169 0.150045 0.000447799 -0.000326082 -0.000312164 0.00745945 0.0063851 -0.0124342 1 0 0 0 0 0 0 0
51 1 0.1 6.15846 1.13751 0.137329 -0.00166442 0.00186763 -0.000431788 -0.0417964 -0.0130328 0.00123143 1 0 0 0 0 0 0 0
52 1 0.1 5.99627 1.61273 0.144303 -0.0623496 -0.00176903 -0.0738084 -0.550206 0.693698 -0.386666 1 0 0 0 0 0 0 0
53 1 0.1 5.79656 1.61764 0.137296 -0.0614559 0.111147 0.00251984 0.0253863 0.00466253 0.0134477 1 0 0 0 0 0 0 0
54 1 0.1 5.70678 1.82688 0.137352 -0.0283856 0.0170287 -0.0062335 -0.0984307 -0.0944858 0.139794 1 0 0 0 0 0 0 0
55 1 0.1 5.56566 1.98199 0.208876 0.0044055 -0.00329601 -0.00221827 -0.0279303 -0.00540982 -0.0194912 1 0 0 0 0 0 0 0
56 1 0.1 5.51174 2.16052 0.1372 0.0047352 -0.00402964 0.000843586 0.0332738 0.0459382 0.0127562 1 0 0 0 0 0 0 0
57 1 0.1 5.28301 2.20788 0.137268 -0.00315154 -0.00203639 -0.00401087 0.0272185 -0.035053 0.0142287 1 0 0 0 0 0 0 0
58 1 0.1 5.16567 2.28635 0.278606 0.000298214 -0.00456552 -0.00491783 -0.0559791 0.141126 0.0647336 1 0 0 0 0 0 0 0
59 1 0.1 4.88571 2.36119 0.135742 -0.0039465 -0.0306014 0.0042235 0.0322942 0.180278 -0.08754 1 0 0 0 0 0 0 0
60 1 0.1 4.93259 2.71856 0.233984 0.0167752 0.00683255 -0.0100487 0.0335153 0.132939 -0.00827273 1 0 0 0 0 0 0 0
61 1 0.1 4.75386 2.79568 0.135922 -0.0185692 -0.0655419 0.000903259 0.656059 -0.171854 0.321074 1 0 0 0 0 0 0 0
62 1 0.1 4.85772 3.05727 0.136771 0.0188026 -0.000628555 -0.000452885 0.00856397 0.187983 -0.0894427 1 0 0 0 0 0 0 0
63 1 0.1 4.65624 3.08197 0.135923 0.0161874 0.00565194 0.000187636 -0.0317247 0.149669 0.0148162 1 0 0 0 0 0 0 0
64 1 0.1 4.70032 3.36388 0.137427 0.0045247 0.00918163 -0.0038771 -0.0554608 0.0027576 0.106508 1 0 0 0 0 0 0 0
65 1 0.1 4.90534 3.63652 0.281449 -0.0149644 0.0553134 -0.00414699 -0.158398 -0.53033 -0.217018 1 0 0 0 0 0 0 0
66 1 0.1 5.25363 3.66461 0.137009 0.0135492 -0.0018766 0.000742352 0.0275177 0.16609 0.0457206 1 0 0 0 0 0 0 0
67 1 0.1 5.38897 3.81141 0.137458 0.0164158 -0.00487757 0.000335447 0.218879 0.110649 -0.0825152 1 0 0 0 0 0 0 0
68 1 0.1 5.25082 3.97046 0.137421 0.000271358 -0.00168375 -0.000366315 0.0143121 -0.00932437 0.219772 1 0 0 0 0 0 0 0
69 1 0.1 5.59991 4.04497 0.311494 0.00868169 -0.00776311 -0.00184203 -0.215302 -0.132958 0.344786 1 0 0 0 0 0 0 0
70 1 0.1 5.72032 4.20515 0.251408 0.00429272 0.00276894 0.00127827 -0.131582 0.00208392 0.0357971 1 0 0 0 0 0 0 0
71 1 0.1 5.84083 4.31452 0.137006 0.000440052 -0.00199859 -0.00410062 -0.0148853 0.00248676 0.0268142 1 0 0 0 0 0 0 0
72 1 0.1 6.00167 4.43314 0.137154 -0.00286376 0.00283935 0.00183795 -0.0432927 -0.0279718 0.018164 1 0 0 0 0 0 0 0
73 1 0.1 6.16353 4.86308 0.13736 -0.00107285 -3.19026e-05 0.000771515 -0.00796128 -0.00979096 -0.0428161 1 0 0 0 0 0 0 0
74 1 0.1 6.39816 5.37439 0.150051 0.00363162 0.00336929 0.000715716 -0.00570001 -0.00519036 0.0521462 1 0 0 0 0 0 0 0
75 1 0.1 6.44327 0.852098 0.138174 -0.00265721 0.00542949 -0.00655515 -0.0386514 0.0133277 0.0251183 1 0 0 0 0 0 0 0
76 1 0.1 6.30183 0.993356 0.137479 -0.00302933 0.005649 -0.000698514 0.0849102 0.0415092 0.0398026 1 0 0 0 0 0 0 0
77 1 0.1 6.12242 1.45596 0.136802 -0.00524322 0.0377206 -0.00128776 -0.311088 -0.127966 -0.454311 1 0 0 0 0 0 0 0
78 1 0.1 5.90312 1.78954 0.138083 -0.0273444 0.0227165 -0.0351276 0.462728 0.314342 -0.0739256 1 0 0 0 0 0 0 0
79 1 0.1 5.72773 2.15003 0.317055 0.0160045 -0.013186 0.0147938 -0.0561589 0.118413 -0.0123722 1 0 0 0 0 0 0 0
80 1 0.1 5.79889 2.09905 0.137422 0.00645373 -0.00902898 0.00182233 0.115561 0.0495855 0.0594477 1 0 0 0 0 0 0 0
81 1 0.1 5.64991 2.30447 0.14741 0.00375959 -0.00290148 0.00278593 0.0329695 -0.00757758 0.00733656 1 0 0 0 0 0 0 0
82 1 0.1 5.58464 2.75046 0.137493 0.00445839 -0.0068944 0.00186037 -0.0725348 0.0938792 0.0859942 1 0 0 0 0 0 0 0
83 1 0.1 5.45841 2.36084 0.137367 0.00403633 -0.00409579 -0.000999046 -0.00606998 -0.0342751 0.00804192 1 0 0 0 0 0 0 0
84 1 0.1 5.08095 2.3944 0.135679 -0.0117318 -0.00683121 -0.00398733 0.0810322 -0.113362 0.103155 1 0 0 0 0 0 0 0
85 1 0.1 5.05237 2.59221 0.13718 0.00609989 -0.00462687 -0.00100747 -0.0217706 0.0382754 -0.0441059 1 0 0 0 0 0 0 0
86 1 0.1 5.26195 2.88296 0.303418 0.0376489 0.0172849 -0.011732 -0.197632 -0.12085 -0.0740423 1 0 0 0 0 0 0 0
87 1 0.1 4.96626 2.8898 0.137254 0.00949241 0.00101454 -0.00495558 0.00998744 0.0711849 -0.0178907 1 0 0 0 0 0 0 0
88 1 0.1 4.94826 3.23695 0.136684 -0.00265072 0.00678222 -0.00337115 -0.0538433 -0.0247495 -0.0092724 1 0 0 0 0 0 0 0
89 1 0.1 4.88583 3.43902 0.136919 0.00216668 0.00540468 -0.00415393 -0.0488472 -0.016832 -0.0314589 1 0 0 0 0 0 0 0
90 1 0.1 5.21238 3.46854 0.136811 -0.000856169 0.00216946 -0.0020981 -0.0108998 -0.00856498 0.0956209 1 0 0 0 0 0 0 0
91 1 0.1 5.44623 3.61238 0.13729 0.011117 0.0002995 -0.00245111 -0.158208 -0.257773 -0.057197 1 0 0 0 0 0 0 0
92 1 0.1 5.62129 3.70873 0.137291 0.00721064 0.0036743 0.00087419 -0.0211454 0.0562682 0.0779002 1 0 0 0 0 0 0 0
93 1 0.1 5.7742 3.85719 0.136928 0.0166958 -0.00158307 0.0011978 0.0107113 0.16628 0.0435057 1 0 0 0 0 0 0 0
94 1 0.1 5.69411 4.03999 0.136918 0.0108643 -0.00366268 -0.000149237 0.0375701 0.109354 0.0555167 1 0 0 0 0 0 0 0
95 1 0.1 5.89306 4.02158 0.137473 0.00979538 -0.00684635 -0.000276594 -0.00809081 -0.109547 -0.0861093 1 0 0 0 0 0 0 0
96 1 0.1 6.03742 4.15989 0.137453 0.00165915 0.00119436 0.000623327 -0.0121044 0.0137601 0.0262684 1 0 0 0 0 0 0 0
97 1 0.1 6.0988 4.58433 0.223709 -0.00648935 0.00382726 -0.000921266 -0.0505366 -0.0525653 -0.0388105 1 0 0 0 0 0 0 0
98 1 0.1 6.30673 5.00228 0.141845 -0.00328148 0.00246017 -0.005908 0.246113 0.341289 0.0901885 1 0 0 0 0 0 0 0
99 1 0.1 6.40675 5.17516 0.137479 -0.0019654 0.00257848 0.000118469 0.0126474 -0.0181224 -0.110422 1 0 0 0 0 0 0 0
100 1 0.1 6.36184 0.657568 0.364902 -0.00342898 -0.000149171 -0.0158451 0.0192492 0.198187 0.000402551 1 0 0 0 0 0 0 0
101 1 0.1 6.35239 1.18662 0.137302 -0.0138445 0.00985968 0.000844874 -0.0956388 -0.138636 0.0670506 1 0 0 0 0 0 0 0
102 1 0.1 6.21934 1.30581 0.226415 -0.023892 0.0146721 -0.0156621 -0.185805 -0.117146 0.0794704 1 0 0 0 0 0 0 0
103 1 0.1 5.87395 2.25763 0.233402 0.00868588 -0.00687689 0.00155147 0.0573259 0.0202218 0.0562125 1 0 0 0 0 0 0 0
104 1 0.1 5.7645 2.93809 0.328007 0.0231959 -0.00375219 -0.00322826 -0.0198603 0.0882319 -0.043479 1 0 0 0 0 0 0 0
105 1 0.1 5.8116 2.42149 0.137352 0.00298126 -0.00238848 0.00254646 -0.0164364 0.0208724 -0.00104857 1 0 0 0 0 0 0 0
106 1 0.1 5.70126 2.58825 0.137259 0.00573764 -0.00297352 0.00187723 0.00429391 0.0329794 -0.0517085 1 0 0 0 0 0 0 0
107 1 0.1 5.60698 3.05737 0.358109 0.034397 0.0090249 0.00883483 0.0910394 0.00512548 -0.124251 1 0 0 0 0 0 0 0
108 1 0.1 5.38954 2.79294 0.137667 0.00988604 0.00419021 0.0173485 -0.121466 0.122151 -0.211585 1 0 0 0 0 0 0 0
109 1 0.1 5.44227 2.55927 0.156115 0.000927842 -0.00624479 0.0241239 0.244765 -0.340973 -0.011203 1 0 0 0 0 0 0 0
110 1 0.1 5.25107 2.61438 0.137197 0.00375724 -0.00421305 -0.003265 0.0638201 0.0168684 -0.0198184 1 0 0 0 0 0 0 0
111 1 0.1 5.19044 2.80452 0.134946 0.0142282 0.00261316 -0.000787497 -0.00706639 0.113947 0.0314103 1 0 0 0 0 0 0 0
112 1 0.1 5.31884 2.97973 0.136335 0.0392073 0.0126377 -0.000794126 -0.135079 0.414884 -0.0422151 1 0 0 0 0 0 0 0
113 1 0.1 5.15567 3.11107 0.135407 0.0288365 -0.00472221 -0.00179581 0.0944352 0.298429 0.103701 1 0 0 0 0 0 0 0
114 1 0.1 5.30477 3.20928 0.231159 -0.00232807 0.00583818 0.0174137 -0.056111 0.0918655 -0.119967 1 0 0 0 0 0 0 0
115 1 0.1 5.3951 3.38654 0.13662 0.00434869 0.0142786 0.000992266 -0.172659 0.0317524 -0.217707 1 0 0 0 0 0 0 0
116 1 0.1 5.46524 3.1361 0.137479 -0.0218401 -0.000731497 -0.000919911 0.0153744 0.17048 0.0351026 1 0 0 0 0 0 0 0
117 1 0.1 5.56053 3.29811 0.205752 -0.0192203 -0.0129429 0.0256972 0.0546269 -0.281797 -0.228867 1 0 0 0 0 0 0 0
118 1 0.1 5.80971 3.64213 0.137437 0.00727878 0.00744918 -0.000130805 -0.0763716 0.00389224 -0.0278491 1 0 0 0 0 0 0 0
119 1 0.1 5.94647 3.83208 0.235105 0.0128143 0.00247643 0.00907221 0.0287182 -0.263373 0.0261131 1 0 0 0 0 0 0 0
120 1 0.1 5.59856 3.48281 0.137429 0.0153929 0.00462206 -0.00166218 -0.0415814 0.142501 -0.0520691 1 0 0 0 0 0 0 0
121 1 0.1 5.76367 3.32954 0.13738 -0.0055463 -0.00677625 0.00126993 0.0738813 -0.0501069 -0.0264278 1 0 0 0 0 0 0 0
122 1 0.1 6.03526 4.26115 0.309782 -0.000668463 0.00214697 0.00116866 0.00248984 -0.0618362 -0.0623925 1 0 0 0 0 0 0 0
123 1 0.1 6.24927 4.6826 0.137278 -0.00546743 -0.00223447 -0.000939734 0.0531012 -0.0729756 -0.0299926 1 0 0 0 0 0 0 0
124 1 0.1 6.32667 4.83503 0.249513 0.0126437 -0.00623449 -0.0211216 -0.124369 0.196983 -0.244059 1 0 0 0 0 0 0 0
125 1 0.1 5.93315 1.08345 0.351157 -0.058765 0.0820316 -0.0259721 0.082517 0.368533 0.987278 1 0 0 0 0 0 0 0
126 1 0.1 5.79099 1.22555 0.350041 -0.0752519 0.120567 0.00154057 -0.0504206 -0.0602257 1.21959 1 0 0 0 0 0 0 0
127 1 0.1 5.64959 1.36866 0.356659 -0.00124636 0.0228095 0.0319306 0.232825 -0.236727 0.226042 1 0 0 0 0 0 0 0
128 1 0.1 5.50769 1.50886 0.349558 -0.00752636 0.00999009 0.0130615 -0.0237073 -0.192546 0.115334 1 0 0 0 0 0 0 0
129 1 0.1 5.36874 1.65201 0.336633 -0.00382735 0.00679438 -0.000606043 -0.00373906 0.0144198 0.0692246 1 0 0 0 0 0 0 0
130 1 0.1 5.17423 1.85282 0.318897 0.00931354 -0.00725479 0.00177753 0.0323329 0.0173053 -0.107109 1 0 0 0 0 0 0 0
131 1 0.1 5.03301 1.99403 0.310294 0.0135659 -0.0033251 0.00495186 0.07082 0.111014 -0.101034 1 0 0 0 0 0 0 0
132 1 0.1 4.89271 2.12725 0.352439 0.0211916 -0.0141199 -0.00254523 -0.289473 -0.0167648 0.189623 1 0 0 0 0 0 0 0
133 1 0.1 4.77791 2.2617 0.265138 -0.000868356 0.00281477 0.0275831 0.35966 0.211869 0.282569 1 0 0 0 0 0 0 0
134 1 0.1 4.68961 2.3398 0.415553 0.00349726 -0.00353026 0.0247707 -0.294798 0.228129 0.114549 1 0 0 0 0 0 0 0
135 1 0.1 4.38596 2.63242 0.375262 0.0168982 0.00146812 0.0151191 -0.701162 -0.301616 1.50575 1 0 0 0 0 0 0 0
136 1 0.1 4.35959 2.80214 0.310909 -0.14906 -0.0369147 0.0198019 0.31936 0.645006 0.820776 1 0 0 0 0 0 0 0
137 1 0.1 4.19319 2.96287 0.350015 -1.60811e-05 0.000241565 -0.000162942 0.000376417 0.00127679 0.00280015 1 0 0 0 0 0 0 0
138 1 0.1 4.19542 3.16782 0.361623 -0.00526727 0.0102478 -0.022071 6.22001e-14 0.225794 0.104839 1 0 0 0 0 0 0 0
139 1 0.1 4.38185 3.35776 0.389117 0.00709879 0.000516773 -0.0298955 -0.388065 0.35957 0.0881394 1 0 0 0 0 0 0 0
140 1 0.1 4.60215 3.58253 0.333122 -0.0189787 -0.0132255 -0.0124375 0.161592 0.0671302 -0.140369 1 0 0 0 0 0 0 0
141 1 0.1 4.73938 3.72394 0.347702 -0.041749 -0.0195644 0.0120828 -0.0830463 -0.146345 -0.466749 1 0 0 0 0 0 0 0
142 1 0.1 4.88663 3.86313 0.368513 -0.0205633 -0.0105569 -0.0154889 0.0287717 0.264048 -0.186713 1 0 0 0 0 0 0 0
143 1 0.1 5.02456 4.0066 0.349475 -0.0177088 -0.0114798 -0.000167466 0.166202 -0.202946 0.0513208 1 0 0 0 0 0 0 0
144 1 0.1 5.29294 4.17815 0.306056 0.00802592 -0.0115496 0.00655352 -1.27123 0.347208 0.208137 1 0 0 0 0 0 0 0
145 1 0.1 5.37059 4.35436 0.356059 -0.0042126 0.00317593 -0.0200443 0.334543 0.0559336 -0.0294049 1 0 0 0 0 0 0 0
146 1 0.1 5.51264 4.49482 0.359531 -7.49194e-06 0.000682357 -0.00136068 0.00781138 0.00899513 0.0049919 1 0 0 0 0 0 0 0
147 1 0.1 5.65226 4.63753 0.350117 0.00104974 0.00129187 0.000358644 0.0144808 -0.013531 -0.00749849 1 0 0 0 0 0 0 0
148 1 0.1 5.79385 4.77861 0.348574 -0.000724164 0.00537092 0.0114343 -0.142915 0.0853253 -0.250403 1 0 0 0 0 0 0 0
149 1 0.1 5.93454 4.91981 0.350629 -0.000570946 0.000433757 0.00291196 -0.0323457 0.0307048 -0.0900684 1 0 0 0 0 0 0 0
150 1 0.1 6.07444 0.941804 0.350265 -0.0409821 0.0580213 -0.000583637 0.0171474 -0.0174549 0.46795 1 0 0 0 0 0 0 0
151 1 0.1 5.83888 1.41789 0.323486 -0.0244997 0.0986434 -0.0159888 0.907541 1.00305 0.421191 1 0 0 0 0 0 0 0
152 1 0.1 5.69488 1.55401 0.296827 -0.022123 0.0246918 -0.00160738 1.49606 0.695224 -0.446973 1 0 0 0 0 0 0 0
153 1 0.1 5.79194 1.89126 0.30608 -0.0272783 0.0146308 -0.0219771 -0.0513914 0.0586329 -0.451798 1 0 0 0 0 0 0 0
154 1 0.1 5.57308 1.80003 0.291147 0.000461038 -0.00416634 0.00166068 0.00795112 -0.0149238 -0.0240039 1 0 0 0 0 0 0 0
155 1 0.1 5.39012 1.84993 0.354217 0.00414257 0.00517147 0.00172167 0.0481076 0.00451142 -0.106403 1 0 0 0 0 0 0 0
156 1 0.1 5.20432 2.09182 0.295484 0.00909419 -0.00561012 0.00309248 -0.085559 -0.0308561 0.0175106 1 0 0 0 0 0 0 0
157 1 0.1 5.15755 2.21265 0.462984 0.00563694 -0.000164031 -0.00609494 0.0141552 -0.123432 0.0166188 1 0 0 0 0 0 0 0
158 1 0.1 4.89086 2.31451 0.422095 0.0722224 -0.0303561 0.0452558 -0.158566 0.066112 -0.160635 1 0 0 0 0 0 0 0
159 1 0.1 4.8747 2.68612 0.421497 0.0178235 0.00537287 -0.0202037 -0.0259034 -0.205149 0.234672 1 0 0 0 0 0 0 0
160 1 0.1 4.56122 2.59393 0.302046 0.00117536 0.0257492 0.00114713 2.00495 0.300167 -1.34315 1 0 0 0 0 0 0 0
161 1 0.1 4.58498 2.77272 0.36175 0.0028421 -0.010301 0.0421626 -1.38563 -0.245361 1.45689 1 0 0 0 0 0 0 0
162 1 0.1 4.4986 3.02541 0.273432 -0.229249 -0.0621735 0.166852 -1.66145 -0.932743 -2.55719 1 0 0 0 0 0 0 0
163 1 0.1 4.50325 3.21215 0.32903 0.0103055 -0.0155957 -0.00241065 -0.0668776 -0.372497 -0.323531 1 0 0 0 0 0 0 0
164 1 0.1 4.58636 3.38689 0.353548 0.0153996 -0.014515 -0.0293744 -0.171591 0.611172 0.316354 1 0 0 0 0 0 0 0
165 1 0.1 4.85088 3.61069 0.465437 -0.0174371 0.0101753 -0.0116109 0.591337 0.41719 0.184254 1 0 0 0 0 0 0 0
166 1 0.1 5.04375 3.6099 0.421306 -0.0081489 0.00868741 -0.0365385 -0.382171 -0.144767 -0.278389 1 0 0 0 0 0 0 0
167 1 0.1 5.0763 3.80433 0.389504 -0.0154636 0.00617916 -0.0214606 0.455596 -0.352523 0.401731 1 0 0 0 0 0 0 0
168 1 0.1 5.25521 4.03244 0.426417 -0.00343177 0.0171121 0.0273533 0.949203 -0.00858989 -0.596932 1 0 0 0 0 0 0 0
169 1 0.1 5.4426 4.0985 0.421516 0.0104268 -0.0305264 0.0164695 -0.19533 0.37717 0.105844 1 0 0 0 0 0 0 0
170 1 0.1 5.54719 4.2632 0.377721 -0.0181271 -0.0222017 -0.0166131 -0.0258116 -0.0564595 0.161435 1 0 0 0 0 0 0 0
171 1 0.1 5.6863 4.39952 0.33243 -0.0119384 -0.0238701 0.00298153 0.113016 -0.138723 -0.26635 1 0 0 0 0 0 0 0
172 1 0.1 5.90689 4.4403 0.312663 -0.00163785 0.000705523 -0.00206349 0.0493182 0.0216054 0.00916283 1 0 0 0 0 0 0 0
173 1 0.1 5.89576 4.63245 0.259423 -0.0224668 0.00181127 0.00466432 0.145015 0.130953 0.472471 1 0 0 0 0 0 0 0
174 1 0.1 6.15648 5.13595 0.359423 -0.00937378 -0.00584598 0.00113972 -0.0431901 0.0457849 -0.126326 1 0 0 0 0 0 0 0
175 1 0.1 6.21847 0.796144 0.350095 -0.00325571 0.00174491 3.55511e-06 0.00442376 -0.00278644 -0.0213157 1 0 0 0 0 0 0 0
176 1 0.1 5.98515 1.27578 0.33402 -0.0796062 0.0904377 -0.00421241 0.146602 0.0874753 -0.949127 1 0 0 0 0 0 0 0
177 1 0.1 5.8233 1.69834 0.348328 -0.028809 0.0261055 0.0193537 -0.293945 0.400426 1.06537 1 0 0 0 0 0 0 0
178 1 0.1 5.86615 2.04285 0.413333 0.0242532 -0.0250305 0.00149043 0.302336 -0.0726612 0.0822556 1 0 0 0 0 0 0 0
179 1 0.1 5.64061 1.98713 0.394197 -0.00337867 0.0252112 -0.00384315 0.117064 0.136948 0.218804 1 0 0 0 0 0 0 0
180 1 0.1 5.46901 2.055 0.470319 0.00566791 0.00687385 0.0101316 -0.188205 0.0645991 -0.0122281 1 0 0 0 0 0 0 0
181 1 0.1 5.40262 2.0836 0.285233 0.00624932 -0.00699098 0.00473042 0.00935991 -0.0180761 -0.0492033 1 0 0 0 0 0 0 0
182 1 0.1 5.27395 2.37439 0.458442 0.00140168 0.0017609 0.0018994 -0.161393 -0.181557 0.0498108 1 0 0 0 0 0 0 0
183 1 0.1 5.02479 2.47926 0.305851 -0.0215954 -0.00561793 -0.00416776 -0.0604164 0.0756694 -0.113027 1 0 0 0 0 0 0 0
184 1 0.1 5.05549 2.61345 0.448543 0.0162461 0.0015544 -0.0160804 -0.105577 0.148761 -0.235771 1 0 0 0 0 0 0 0
185 1 0.1 4.94052 2.82708 0.545808 -0.00758135 -0.0021212 0.0119877 0.759929 1.00739 0.778418 1 0 0 0 0 0 0 0
186 1 0.1 4.70318 2.55504 0.442203 0.0304539 -0.0521599 0.00264297 0.178686 -0.395918 0.194476 1 0 0 0 0 0 0 0
187 1 0.1 4.6833 2.92093 0.271357 -0.0141489 -0.0432367 -0.0198699 -0.466791 -0.769615 -1.39511 1 0 0 0 0 0 0 0
188 1 0.1 4.68257 3.10931 0.329106 0.0395376 -0.0544848 0.00647816 0.745588 0.178734 0.603795 1 0 0 0 0 0 0 0
189 1 0.1 4.89018 3.34607 0.379373 0.00622521 0.000407724 -0.0313378 -0.191118 0.371273 -0.174683 1 0 0 0 0 0 0 0
190 1 0.1 5.09134 3.46657 0.294591 -0.0200773 -0.0100117 -0.0160001 0.253301 -0.243159 -0.233537 1 0 0 0 0 0 0 0
191 1 0.1 5.21866 3.6271 0.328907 0.0110874 -0.0216627 -0.00480717 0.161443 -0.214981 0.0655793 1 0 0 0 0 0 0 0
192 1 0.1 5.24802 3.86314 0.306002 -0.00481456 0.0386788 0.0256224 -0.509495 -0.206119 0.0121526 1 0 0 0 0 0 0 0
193 1 0.1 5.46529 3.89742 0.300787 0.0068008 0.000205963 0.00100462 -0.110149 -0.059938 0.347594 1 0 0 0 0 0 0 0
194 1 0.1 5.66292 3.91207 0.445574 0.0245939 0.00801491 0.00110598 0.130226 0.109511 -0.0884409 1 0 0 0 0 0 0 0
195 1 0.1 5.74092 4.10594 0.437872 -0.00423654 0.0114404 0.00464786 0.127998 0.0107572 -0.141427 1 0 0 0 0 0 0 0
196 1 0.1 5.85153 4.26424 0.388342 -0.000971254 0.00467628 0.0026169 0.0301952 0.0721522 0.022126 1 0 0 0 0 0 0 0
197 1 0.1 5.79251 3.96612 0.303417 0.0216461 0.00611907 -0.00325732 -0.0980291 -0.068881 0.0246015 1 0 0 0 0 0 0 0
198 1 0.1 6.03829 4.77248 0.264206 -0.0140005 -0.00475299 -0.0109278 0.0703159 0.0993774 -0.292784 1 0 0 0 0 0 0 0
199 1 0.1 6.29646 5.2782 0.347367 -0.00948143 -0.00669969 -0.00196177 0.00285935 -0.000943851 0.00131965 1 0 0 0 0 0 0 0
200 1 0.1 6.28596 0.983761 0.336455 0.00052477 -0.000574961 -0.00232835 -0.028562 -0.0145397 -0.0457166 1 0 0 0 0 0 0 0
201 1 0.1 6.14727 1.12754 0.33643 0.00211179 0.00508261 -0.000181572 0.0529454 0.0420079 -0.00920196 1 0 0 0 0 0 0 0
202 1 0.1 6.02175 1.49531 0.304167 -0.0175806 0.0773988 -0.0171668 0.597467 -0.322433 -0.761044 1 0 0 0 0 0 0 0
203 1 0.1 5.88548 2.42889 0.448839 -0.11096 -0.19653 -0.0679412 0.623922 0.805437 -3.67741 1 0 0 0 0 0 0 0
204 1 0.1 5.8054 2.53648 0.300549 0.0185969 -1.12442e-05 0.00313946 -0.00666421 0.15968 -0.00216557 1 0 0 0 0 0 0 0
205 1 0.1 5.54128 2.20611 0.360746 0.00614917 -0.00506991 0.00452357 -0.30054 -0.146286 0.0305028 1 0 0 0 0 0 0 0
206 1 0.1 5.36351 2.27835 0.305883 0.00433955 -0.00769592 -0.00851433 -0.0719157 0.0775239 0.00462493 1 0 0 0 0 0 0 0
207 1 0.1 5.44991 2.44681 0.398776 0.00382753 0.00243939 0.00738236 -0.147471 -0.00328106 0.0684711 1 0 0 0 0 0 0 0
208 1 0.1 5.28299 2.42926 0.203642 0.00499144 -0.00685557 -0.00690005 -0.0181116 0.00915208 0.0117586 1 0 0 0 0 0 0 0
209 1 0.1 5.32754 2.69532 0.325002 0.00603851 -0.000771719 0.00254817 0.0653502 -0.121947 0.0451014 1 0 0 0 0 0 0 0
210 1 0.1 5.41644 2.8725 0.429226 0.0278474 0.012144 0.00571657 0.0691173 -0.0567729 -0.05609 1 0 0 0 0 0 0 0
211 1 0.1 5.13101 2.70135 0.29014 0.0162405 -0.00511117 -0.0120482 0.165962 -0.0472625 -0.0289633 1 0 0 0 0 0 0 0
212 1 0.1 4.86204 2.86984 0.344212 0.00515945 0.0157906 -0.0102473 -0.0578319 0.335841 0.408167 1 0 0 0 0 0 0 0
213 1 0.1 4.87381 3.16177 0.304502 0.0205508 -0.00231298 -0.00654725 -0.0345843 0.0482912 0.501452 1 0 0 0 0 0 0 0
214 1 0.1 5.12829 3.29689 0.199333 0.0016516 -0.00462651 -0.0112541 -0.16921 -0.293725 0.18323 1 0 0 0 0 0 0 0
215 1 0.1 5.29224 3.39874 0.305854 0.0140722 0.0410813 0.000683355 -0.0516791 0.0670698 0.0504567 1 0 0 0 0 0 0 0
216 1 0.1 5.4751 3.47851 0.29448 0.0200833 0.0162746 -0.0031244 0.0720302 -0.105591 -0.173247 1 0 0 0 0 0 0 0
217 1 0.1 5.41474 3.66544 0.329607 0.00842888 0.0108118 0.00979649 0.0582246 0.119676 0.272268 1 0 0 0 0 0 0 0
218 1 0.1 5.7309 3.77607 0.31355 0.0293085 -0.000786483 0.00595263 -0.0329117 -0.0439507 -0.00855336 1 0 0 0 0 0 0 0
219 1 0.1 5.95363 3.68554 0.370997 -0.000632962 0.000608649 0.00887263 -0.0181238 -0.154961 0.0822728 1 0 0 0 0 0 0 0
220 1 0.1 5.82332 3.42603 0.468146 -0.00862885 -0.0102615 0.0250611 -0.748493 -0.548392 -1.17203 1 0 0 0 0 0 0 0
221 1 0.1 5.92375 3.87444 0.429187 0.0124048 0.00188465 0.00861257 0.0103776 0.204318 -0.200793 1 0 0 0 0 0 0 0
222 1 0.1 5.86759 3.52497 0.288759 0.0186313 -0.00116004 -0.00984171 0.210613 0.0805546 0.125352 1 0 0 0 0 0 0 0
223 1 0.1 6.13038 4.94209 0.317967 -0.000270033 -0.00691891 0.00296384 0.110343 -0.0215036 -0.00652356 1 0 0 0 0 0 0 0
224 1 0.1 6.31479 5.0148 0.343983 -0.00286872 0.00412355 -0.00844458 -0.0764953 0.160126 0.12942 1 0 0 0 0 0 0 0
225 1 0.1 6.30733 1.23425 0.391053 -0.00994845 0.0257529 -0.0171879 -0.0205767 0.207655 0.0559619 1 0 0 0 0 0 0 0
226 1 0.1 5.94127 1.97486 0.202806 0.00960975 0.000271874 0.0164343 0.141226 -0.517922 0.199981 1 0 0 0 0 0 0 0
227 1 0.1 6.18273 1.41403 0.390014 -0.0339664 0.0312772 -0.0288141 -0.139446 0.292527 0.377944 1 0 0 0 0 0 0 0
228 1 0.1 5.94005 2.57385 0.153526 0.00275128 -0.00176972 0.00518459 -0.0145063 -0.102965 -0.00575641 1 0 0 0 0 0 0 0
229 1 0.1 5.52023 2.94396 0.137426 0.00569431 0.00807782 -4.70519e-05 -0.049751 -0.0195824 0.262801 1 0 0 0 0 0 0 0
230 1 0.1 5.78058 3.14087 0.413563 0.00930022 -0.00924316 0.000914088 0.235695 0.0522943 -0.466573 1 0 0 0 0 0 0 0
231 1 0.1 5.72982 2.34786 0.345684 0.0128688 -0.00559592 0.000534097 -0.105708 0.134891 0.0801408 1 0 0 0 0 0 0 0
232 1 0.1 5.60097 2.48225 0.273366 0.00367861 -0.00378264 0.00434345 0.0440639 0.0149215 -0.0667652 1 0 0 0 0 0 0 0
233 1 0.1 5.71512 2.71845 0.288311 0.00835381 -0.000754005 0.00185112 0.00258357 0.0357627 -0.0068252 1 0 0 0 0 0 0 0
234 1 0.1 5.52389 2.66356 0.306998 0.00945219 0.00098818 0.00910843 -0.00901541 0.0406856 -0.00966236 1 0 0 0 0 0 0 0
235 1 0.1 5.57666 2.86096 0.31037 0.0224413 0.011867 -0.000844066 0.0687043 0.118511 -0.0473923 1 0 0 0 0 0 0 0
236 1 0.1 5.45597 3.02143 0.556369 0.00500672 0.00629347 0.0142805 -0.0134552 -0.192144 0.133968 1 0 0 0 0 0 0 0
237 1 0.1 5.0617 2.8834 0.320145 0.000679209 -0.0185946 0.00723656 0.0934334 -0.0850482 0.171744 1 0 0 0 0 0 0 0
238 1 0.1 5.13412 3.07579 0.327372 0.0360665 -0.0325949 -0.0110174 0.22823 -0.246447 -0.0630611 1 0 0 0 0 0 0 0
239 1 0.1 5.28385 3.02082 0.446285 0.0437433 0.0158204 0.00135016 -0.350441 0.0407448 0.476186 1 0 0 0 0 0 0 0
240 1 0.1 5.41852 3.02566 0.300862 0.035003 0.00950888 -0.00358734 0.0339382 -0.137456 0.144098 1 0 0 0 0 0 0 0
241 1 0.1 5.52424 3.20899 0.564575 0.00288508 0.00200389 0.0134251 -0.113478 -0.190576 -0.151869 1 0 0 0 0 0 0 0
242 1 0.1 5.42351 3.20363 0.391917 0.0169647 0.00733675 0.00245593 -0.0857344 -0.207079 -0.281472 1 0 0 0 0 0 0 0
243 1 0.1 5.54275 3.42059 0.473419 0.0198773 0.0179074 0.00167397 -0.0138978 0.0135505 -0.0387781 1 0 0 0 0 0 0 0
244 1 0.1 5.63343 3.59971 0.30389 0.0233197 0.0107254 0.00404461 0.046391 0.0898032 0.119308 1 0 0 0 0 0 0 0
245 1 0.1 5.65769 3.09127 0.167641 -0.023688 -0.00338939 -0.0145712 -0.0118264 -0.0417097 -0.0664214 1 0 0 0 0 0 0 0
246 1 0.1 5.70351 3.41278 0.308693 0.0127665 0.00601863 0.00391505 -0.118526 0.139971 -0.247094 1 0 0 0 0 0 0 0
247 1 0.1 6.04419 4.40087 0.452529 -0.00755686 0.000374616 0.00470065 -0.0694338 -0.0731766 -0.023728 1 0 0 0 0 0 0 0
248 1 0.1 6.14631 4.59388 0.416928 0.0057242 0.0144752 -0.00705107 -0.102403 0.176125 -0.107737 1 0 0 0 0 0 0 0
249 1 0.1 6.23032 4.775 0.413988 0.0127072 0.0105368 -0.0146938 0.0459825 -0.116302 0.0265674 1 0 0 0 0 0 0 0
250 1 0.1 6.02616 0.997606 0.54035 0.00189444 -0.00265523 0.00156388 0.0150827 0.00344886 -0.0326307 1 0 0 0 0 0 0 0
251 1 0.1 5.86093 1.15722 0.553059 0.0130646 -0.0142341 0.014039 0.124985 -0.0974668 -0.205198 1 0 0 0 0 0 0 0
252 1 0.1 5.71528 1.30437 0.557231 -0.00266641 -0.00237733 0.00391696 0.1037 -0.077629 0.0525782 1 0 0 0 0 0 0 0
253 1 0.1 5.51068 1.50441 0.549404 -0.00313372 -0.000358524 0.0136337 0.114969 -0.089136 0.0220841 1 0 0 0 0 0 0 0
254 1 0.1 5.37154 1.64741 0.536447 -0.000603432 0.0029869 0.00181655 0.0249707 -0.0292314 0.0110894 1 0 0 0 0 0 0 0
255 1 0.1 5.22999 1.78849 0.538032 -0.00573261 0.000864256 0.00480867 0.0293844 -0.0301923 0.0606426 1 0 0 0 0 0 0 0
256 1 0.1 5.09638 1.92809 0.487029 0.00536848 -0.00274238 -0.00169729 -0.0653111 -0.0514413 -0.0207891 1 0 0 0 0 0 0 0
257 1 0.1 4.91332 2.11917 0.604008 -0.0263422 0.0298776 0.218542 0.141278 -3.02646 0.549609 1 0 0 0 0 0 0 0
258 1 0.1 4.7718 2.25662 0.571835 1.46253e-05 -0.00676322 -0.00222736 0.428273 -0.0460339 -0.480324 1 0 0 0 0 0 0 0
259 1 0.1 4.61266 2.41048 0.578111 -0.0211263 0.00783377 -0.00368382 0.000225941 -1.11544 -0.451077 1 0 0 0 0 0 0 0
260 1 0.1 4.50963 2.51398 0.467537 0.0174664 -0.0325473 -0.0274487 -0.137282 0.871958 0.526195 1 0 0 0 0 0 0 0
261 1 0.1 4.4684 2.91197 0.425899 -0.116146 -0.142975 0.140908 1.91375 1.72319 2.12014 1 0 0 0 0 0 0 0
262 1 0.1 4.18707 2.9 0.550001 -1.32281e-06 -3.95363e-05 -3.95035e-05 9.92329e-05 0.000812705 0.00101652 1 0 0 0 0 0 0 0
263 1 0.1 4.18729 3.1 0.550898 -0.01653 -2.60563e-10 -0.0630622 -6.5634e-10 0.673275 -2.49876e-09 1 0 0 0 0 0 0 0
264 1 0.1 4.29869 3.28177 0.552442 0.0371204 0.0626845 0.00536578 -0.000249673 0.208689 0.946512 1 0 0 0 0 0 0 0
265 1 0.1 4.51024 3.49076 0.54628 0.00228652 -0.00626597 -0.0267443 0.111064 -0.0442972 0.313452 1 0 0 0 0 0 0 0
266 1 0.1 4.69784 3.67202 0.571144 0.0091621 -0.00466159 0.041876 -0.45386 -0.0095121 0.0759101 1 0 0 0 0 0 0 0
267 1 0.1 4.83731 3.81248 0.555356 0.00783445 -6.02201e-05 -0.0033523 -0.104419 0.147886 -0.113244 1 0 0 0 0 0 0 0
268 1 0.1 4.97944 3.95171 0.564399 0.0069882 0.0136949 0.00394348 0.184139 -0.175308 0.275289 1 0 0 0 0 0 0 0
269 1 0.1 5.11921 4.09345 0.557379 0.0354143 -0.000595709 0.0739114 0.655205 0.0301162 -0.65551 1 0 0 0 0 0 0 0
270 1 0.1 5.25928 4.23594 0.550218 0.0157375 0.014985 -0.00361777 -0.602896 0.741718 0.469971 1 0 0 0 0 0 0 0
271 1 0.1 5.40579 4.38172 0.551194 -0.0109076 -0.00798259 -0.0105669 0.0208615 0.138941 -0.115811 1 0 0 0 0 0 0 0
272 1 0.1 5.55146 4.52675 0.5531 -0.00136092 -0.00121402 -0.000383852 0.00304433 0.00510268 -0.0144913 1 0 0 0 0 0 0 0
273 1 0.1 5.72171 4.70411 0.554676 0.000330933 0.000447766 0.000193654 0.00558091 -0.000465687 0.0136167 1 0 0 0 0 0 0 0
274 1 0.1 5.86484 4.84585 0.539032 0.00149946 0.00208103 0.00211425 -0.0316124 -0.00977793 0.0199795 1 0 0 0 0 0 0 0
275 1 0.1 6.16575 0.855195 0.550729 0.00020547 -0.00142427 0.000343598 -0.00352675 -0.00863555 0.000816057 1 0 0 0 0 0 0 0
276 1 0.1 5.93188 1.34282 0.533039 0.0166125 -0.0148626 0.021607 -0.024093 0.150782 0.151347 1 0 0 0 0 0 0 0
277 1 0.1 5.7899 1.47724 0.49877 0.0274374 -0.0151724 0.0344432 0.358571 -0.297783 -0.224585 1 0 0 0 0 0 0 0
278 1 0.1 5.6452 1.68571 0.438401 -0.0232023 -0.0142411 0.0120974 -1.03409 -1.11521 0.135761 1 0 0 0 0 0 0 0
279 1 0.1 5.53571 1.77066 0.581927 -0.0518567 0.00722318 -0.0384314 0.419201 0.745788 0.123837 1 0 0 0 0 0 0 0
280 1 0.1 5.38492 1.90126 0.594813 -0.0208702 0.00311506 0.0136383 -0.138435 -0.126006 -0.145103 1 0 0 0 0 0 0 0
281 1 0.1 5.28194 1.98936 0.447861 0.00571033 0.00128562 0.00514139 0.0426806 -0.0264968 0.0814711 1 0 0 0 0 0 0 0
282 1 0.1 5.11515 2.0847 0.608428 -0.00639218 0.00633014 -0.0124266 -0.0773738 -0.107719 0.0622145 1 0 0 0 0 0 0 0
283 1 0.1 4.90465 2.36501 0.671115 0.0333525 -0.0604621 -0.00669888 0.0760525 0.383412 0.0553137 1 0 0 0 0 0 0 0
284 1 0.1 4.86512 2.56904 0.582112 0.0118308 0.0323484 0.000660179 -0.265079 0.00307912 -0.032737 1 0 0 0 0 0 0 0
285 1 0.1 4.61512 2.55417 0.708513 0.00428351 0.0178936 0.00453522 0.225896 0.351542 0.309377 1 0 0 0 0 0 0 0
286 1 0.1 4.5472 2.7525 0.629617 -0.0762255 -0.073286 0.095176 -2.43467 1.14325 -0.21024 1 0 0 0 0 0 0 0
287 1 0.1 4.46823 2.93337 0.610275 0.0204783 -0.0243172 0.126744 -2.15453 0.232357 -0.143501 1 0 0 0 0 0 0 0
288 1 0.1 4.4162 3.11779 0.592114 0.0526963 -0.0103299 0.0226744 -0.313571 -0.260763 0.027252 1 0 0 0 0 0 0 0
289 1 0.1 4.49142 3.29678 0.571601 0.0363362 -0.00231664 -0.0561994 0.160785 -0.442153 -0.00906373 1 0 0 0 0 0 0 0
290 1 0.1 4.69624 3.48999 0.476662 -0.00707641 -0.0183589 -0.0272426 0.243105 -0.71731 -0.197375 1 0 0 0 0 0 0 0
291 1 0.1 4.94896 3.48091 0.573381 -0.0087345 0.0125666 -0.0595099 0.21113 0.304778 0.0790988 1 0 0 0 0 0 0 0
292 1 0.1 5.09985 3.71737 0.576327 -0.00660598 -0.0132011 -0.0268522 0.71616 0.0316585 0.254579 1 0 0 0 0 0 0 0
293 1 0.1 5.19587 3.87973 0.530607 -0.0342794 0.00542056 -0.0097758 -0.344142 0.313981 -0.0477982 1 0 0 0 0 0 0 0
294 1 0.1 5.33054 4.04909 0.60743 0.0122965 -0.0546165 0.0260665 -0.398345 0.160736 0.122418 1 0 0 0 0 0 0 0
295 1 0.1 5.48203 4.20068 0.588262 0.000790742 -0.00327798 -0.00156598 -0.0904077 -0.215489 0.245196 1 0 0 0 0 0 0 0
296 1 0.1 5.65405 4.30186 0.586742 -0.00828533 0.0044592 -0.000702226 0.0414257 0.141678 -0.134245 1 0 0 0 0 0 0 0
297 1 0.1 5.74448 4.4756 0.547953 -0.00133803 -0.00127482 0.00528433 0.0613841 -0.0769539 0.0128795 1 0 0 0 0 0 0 0
298 1 0.1 5.86398 4.60566 0.454772 -0.000844952 -0.00607523 0.00524167 -0.139724 0.0268233 -0.00759163 1 0 0 0 0 0 0 0
299 1 0.1 6.14601 5.11757 0.590818 0.0013309 0.00173746 0.000674593 0.0591448 0.0657827 -0.0545304 1 0 0 0 0 0 0 0
300 1 0.1 6.30698 0.713766 0.549977 0.000390688 -0.00036552 0.000139836 0.00563783 0.00622502 0.000934546 1 0 0 0 0 0 0 0
301 1 0.1 6.05712 1.19106 0.502695 0.014996 -0.00712822 0.00678743 0.0598483 0.0661911 -0.111424 1 0 0 0 0 0 0 0
302 1 0.1 5.98485 1.55383 0.491043 -0.0157231 -0.0176268 0.0122171 0.715111 -0.157971 -0.806375 1 0 0 0 0 0 0 0
303 1 0.1 5.88621 1.69646 0.589072 0.00278638 -0.00179552 0.00857867 -0.467757 -0.25152 0.23632 1 0 0 0 0 0 0 0
304 1 0.1 5.74267 1.83464 0.584413 -0.0014212 -0.00833871 -0.0265003 0.0797883 0.119288 -0.162105 1 0 0 0 0 0 0 0
305 1 0.1 5.60711 1.98043 0.59106 0.0137759 0.00965108 -9.87636e-05 0.0572372 0.104791 -0.0763641 1 0 0 0 0 0 0 0
306 1 0.1 5.41337 2.24241 0.509679 0.00451544 0.00367704 0.00545859 0.0966855 0.193752 -0.0557919 1 0 0 0 0 0 0 0
307 1 0.1 5.1902 2.30116 0.639285 -0.0042318 0.0855624 -0.0466828 -0.509155 1.66959 2.11258 1 0 0 0 0 0 0 0
308 1 0.1 5.21378 2.5342 0.357811 0.0069449 -0.00998127 -0.02083 -0.0342569 -0.0650528 -0.0319525 1 0 0 0 0 0 0 0
309 1 0.1 5.08451 2.46941 0.579044 0.015979 -0.0039541 -0.0168895 -0.00969909 0.20102 -0.0266916 1 0 0 0 0 0 0 0
310 1 0.1 5.08629 2.71213 0.618453 0.0304332 0.016166 -0.0349805 -0.199144 -0.315646 -0.37448 1 0 0 0 0 0 0 0
311 1 0.1 4.73389 2.71733 0.554541 -0.00677374 0.0150919 -0.0747094 0.45857 -0.430821 -0.841553 1 0 0 0 0 0 0 0
312 1 0.1 4.64536 2.88863 0.510096 -0.0132772 0.0403949 -0.00697238 0.97462 -0.0659908 0.88031 1 0 0 0 0 0 0 0
313 1 0.1 4.59015 3.14465 0.497519 0.010555 -0.0223424 -0.0276255 -1.35565 -0.555534 -0.343945 1 0 0 0 0 0 0 0
314 1 0.1 4.78246 3.19876 0.475153 0.0348998 -0.0240834 -0.00696448 -0.294183 0.264412 0.477093 1 0 0 0 0 0 0 0
315 1 0.1 4.87167 3.30413 0.615114 0.0293753 0.00439465 -0.0246502 -0.532349 -0.0570385 0.241183 1 0 0 0 0 0 0 0
316 1 0.1 5.06723 3.35861 0.470613 0.00874276 0.0261002 -0.0482341 -0.379453 -0.264094 0.192928 1 0 0 0 0 0 0 0
317 1 0.1 5.18673 3.54075 0.542326 -0.0261937 -0.0201682 -0.028471 -0.219994 0.23458 -0.475433 1 0 0 0 0 0 0 0
318 1 0.1 5.39322 3.81052 0.464881 0.00374795 0.0135012 0.005169 -0.12264 -0.0756911 -0.141789 1 0 0 0 0 0 0 0
319 1 0.1 5.53026 3.86559 0.599258 0.0132154 0.00658808 -0.00243192 0.00832136 0.121129 -0.0969781 1 0 0 0 0 0 0 0
320 1 0.1 5.61098 4.04793 0.58465 0.010609 0.0058283 -0.0294138 0.0552195 0.6629 -0.0996464 1 0 0 0 0 0 0 0
321 1 0.1 5.85504 4.12859 0.598449 0.000908131 -0.000948196 -0.000433434 0.0175479 0.0247882 0.0743694 1 0 0 0 0 0 0 0
322 1 0.1 5.89147 4.34173 0.567294 -0.00312777 -0.00284131 0.00665947 0.0828296 -0.0910133 -0.00721222 1 0 0 0 0 0 0 0
323 1 0.1 6.01415 4.73741 0.462145 -0.0242544 0.0238612 -0.0822031 -0.066905 0.959059 0.401865 1 0 0 0 0 0 0 0
324 1 0.1 6.28004 5.25873 0.545734 0.000772647 0.00119495 -0.000245987 0.00879644 -0.00431566 0.00218068 1 0 0 0 0 0 0 0
325 1 0.1 6.35443 0.904212 0.506604 -0.000651293 0.00240256 -0.000222177 -0.00470573 0.0114321 0.0381433 1 0 0 0 0 0 0 0
326 1 0.1 6.21275 1.0644 0.514501 -0.00423445 0.0158631 0.00888659 -0.137845 -0.120879 0.244909 1 0 0 0 0 0 0 0
327 1 0.1 5.90368 1.85416 0.467509 -0.0205026 -0.0551617 -0.0622277 0.201588 0.382065 -0.619214 1 0 0 0 0 0 0 0
328 1 0.1 5.91141 2.25673 0.651161 0.0468243 -0.0174178 -0.0211902 -0.0713568 0.28162 -0.126096 1 0 0 0 0 0 0 0
329 1 0.1 5.77223 2.09257 0.582755 0.0183398 -0.00126092 -0.00749683 0.0320304 0.05649 -0.0432834 1 0 0 0 0 0 0 0
330 1 0.1 5.58913 2.17905 0.580408 0.0117758 0.0152324 0.00160059 -0.0460665 -0.0529769 -0.0133723 1 0 0 0 0 0 0 0
331 1 0.1 5.75183 2.28533 0.534221 0.0293077 0.000633263 0.00241367 0.0498492 0.0434217 -0.10934 1 0 0 0 0 0 0 0
332 1 0.1 5.75029 2.47766 0.587816 0.0335415 0.00410255 0.00466933 -0.029493 0.0339556 0.0969664 1 0 0 0 0 0 0 0
333 1 0.1 5.67293 2.5885 0.440639 0.0252173 0.00340449 0.006362 -0.0521091 -0.0727972 0.016314 1 0 0 0 0 0 0 0
334 1 0.1 5.41535 2.701 0.59633 0.0174457 0.0251486 -0.0450358 0.149104 -0.64435 -0.221994 1 0 0 0 0 0 0 0
335 1 0.1 5.24323 2.62055 0.534999 0.0311056 0.0177415 -0.0497619 -0.257389 0.510271 0.317912 1 0 0 0 0 0 0 0
336 1 0.1 5.17471 2.80114 0.46326 0.044682 0.00961239 -0.02127 0.165733 0.0353881 0.358711 1 0 0 0 0 0 0 0
337 1 0.1 4.80448 2.96244 0.601472 0.00281813 0.0315371 -0.0139752 0.21535 0.702859 -0.295994 1 0 0 0 0 0 0 0
338 1 0.1 4.96488 3.02517 0.416922 0.0282623 0.00597322 -0.00985858 -0.214976 -0.138684 -0.67621 1 0 0 0 0 0 0 0
339 1 0.1 5.11227 3.13813 0.51601 0.0095251 0.0440995 -0.0386722 0.257015 0.186883 -0.250622 1 0 0 0 0 0 0 0
340 1 0.1 5.24355 3.26968 0.447849 0.0195811 0.0353942 -0.0151123 0.19853 -0.01835 -0.0586183 1 0 0 0 0 0 0 0
341 1 0.1 5.38165 3.34885 0.567139 0.0169936 0.0128529 -0.00195183 0.13688 -0.02867 0.0283302 1 0 0 0 0 0 0 0
342 1 0.1 5.3662 3.51571 0.457997 -0.0251685 -0.00911241 -0.0283006 -0.167482 -0.178499 0.774929 1 0 0 0 0 0 0 0
343 1 0.1 5.60767 3.721 0.459887 0.0101501 0.0133904 -0.00486773 -0.0968982 -0.198024 -0.0556746 1 0 0 0 0 0 0 0
344 1 0.1 5.72699 3.75466 0.616155 -0.000288075 0.00525952 0.00211113 0.0758455 0.0196858 -0.0519929 1 0 0 0 0 0 0 0
345 1 0.1 5.74869 3.39697 0.762326 0.000289475 0.0119357 -0.000543219 -0.11005 -0.119956 0.00541443 1 0 0 0 0 0 0 0
346 1 0.1 5.80795 3.93439 0.580601 0.0171467 0.00549863 0.00847897 -0.0508744 -0.165383 0.177822 1 0 0 0 0 0 0 0
347 1 0.1 5.99909 3.98993 0.59926 0.0147147 0.0141048 0.00538302 -0.160822 0.132961 -0.0928408 1 0 0 0 0 0 0 0
348 1 0.1 6.02109 4.97862 0.520539 -0.000818374 0.00610833 -7.95909e-05 -0.110268 -0.104538 -0.0396742 1 0 0 0 0 0 0 0
349 1 0.1 6.21873 4.95121 0.507452 -0.00103485 0.00525864 -0.0071797 0.0528858 -0.099678 0.0121735 1 0 0 0 0 0 0 0
350 1 0.1 6.38456 1.13183 0.591368 0.00235949 0.00610475 0.00284455 -0.240835 0.0469483 -0.527696 1 0 0 0 0 0 0 0
351 1 0.1 6.23102 1.25875 0.574201 0.00987911 0.0146178 -0.00571229 -0.038693 0.0725277 0.387122 1 0 0 0 0 0 0 0
352 1 0.1 6.11111 1.41963 0.576253 0.00668833 0.0245828 -0.00916878 -0.0375372 0.156983 0.277313 1 0 0 0 0 0 0 0
353 1 0.1 5.96657 1.88573 0.761239 -0.0869017 -0.117119 -0.00449339 0.163272 0.136175 -1.58293 1 0 0 0 0 0 0 0
354 1 0.1 5.84278 2.74778 0.137431 0.00308436 -0.000225381 -0.000398864 0.000352539 0.019061 0.00342832 1 0 0 0 0 0 0 0
355 1 0.1 5.71572 2.90222 0.137467 0.00401427 0.00153575 1.68106e-05 -0.0162948 0.0425623 -0.331655 1 0 0 0 0 0 0 0
356 1 0.1 5.71209 2.71815 0.635893 0.00149603 0.00241176 -0.00209737 -0.12484 -0.263438 0.333807 1 0 0 0 0 0 0 0
357 1 0.1 5.77995 2.79121 0.462784 0.0151131 -0.00107072 0.000996359 -0.0437533 -0.0197626 -0.134383 1 0 0 0 0 0 0 0
358 1 0.1 5.22025 2.74712 0.762564 -0.0060263 0.00127852 0.000554691 0.0137329 0.0547486 -0.00363588 1 0 0 0 0 0 0 0
359 1 0.1 5.56895 2.75426 0.479368 0.0220223 0.00452773 0.00253742 0.0563672 -0.00408176 -0.00498845 1 0 0 0 0 0 0 0
360 1 0.1 5.65318 2.93786 0.51125 0.0189816 0.000629333 0.00736985 -0.013811 -0.0957982 -0.0210152 1 0 0 0 0 0 0 0
361 1 0.1 5.5287 2.85791 0.645509 0.0137737 0.00359479 0.00178178 0.0148613 0.0162059 0.00162693 1 0 0 0 0 0 0 0
362 1 0.1 5.30453 2.87785 0.59449 0.0126018 0.00427443 0.0027482 0.142276 -0.144487 -0.0426398 1 0 0 0 0 0 0 0
363 1 0.1 5.09381 2.95044 0.576363 -0.0190293 0.0395523 -0.0717768 0.148256 0.517283 -0.302425 1 0 0 0 0 0 0 0
364 1 0.1 5.4276 2.98408 0.76247 0.0113259 0.00604883 0.0010015 -0.110383 0.0574806 0.0749719 1 0 0 0 0 0 0 0
365 1 0.1 5.28315 3.08905 0.630614 0.00288274 0.0182542 -0.00396018 0.298879 -0.147604 0.47848 1 0 0 0 0 0 0 0
366 1 0.1 5.69796 3.11434 0.59371 0.00654198 0.00747178 0.000255838 -0.0974409 0.0533798 0.137166 1 0 0 0 0 0 0 0
367 1 0.1 5.5763 3.29492 0.737427 0.00871307 0.00751554 0.00933815 0.0319689 -0.0469873 0.0382308 1 0 0 0 0 0 0 0
368 1 0.1 5.64566 3.55607 0.57837 0.00312987 0.022363 0.0131275 -0.0801716 -0.348093 0.0339162 1 0 0 0 0 0 0 0
369 1 0.1 5.77892 3.61932 0.442747 -0.0123745 -0.0192699 -0.0162788 0.154204 0.296209 -0.34397 1 0 0 0 0 0 0 0
370 1 0.1 5.68721 3.32418 0.573262 -0.0807261 0.11118 0.04328 -1.27139 -1.15146 1.45447 1 0 0 0 0 0 0 0
371 1 0.1 5.61692 3.2537 0.392413 0.0185092 0.00813371 0.0191491 0.00632351 -0.00549647 0.285298 1 0 0 0 0 0 0 0
372 1 0.1 5.93319 4.0818 0.385562 0.016119 0.00982888 0.00136936 0.0618783 -0.030293 -0.000270608 1 0 0 0 0 0 0 0
373 1 0.1 6.05371 4.54838 0.58716 0.0103834 0.0125232 -0.00840967 0.198727 -0.0989218 -0.0165104 1 0 0 0 0 0 0 0
374 1 0.1 6.16185 4.71644 0.595245 -0.0839165 -0.0163709 -0.0219076 0.152617 -1.78698 -0.863866 1 0 0 0 0 0 0 0
375 1 0.1 6.11772 0.906027 0.749927 0.00185903 -0.00173732 0.00106751 0.0221193 -0.0113233 -0.0364032 1 0 0 0 0 0 0 0
376 1 0.1 5.84298 1.18425 0.762794 0.00501392 -0.00133769 0.000105907 0.00477982 -0.108175 -0.131422 1 0 0 0 0 0 0 0
377 1 0.1 5.70104 1.32414 0.75558 0.00541019 -0.00114141 0.0108764 0.171887 0.106225 0.132008 1 0 0 0 0 0 0 0
378 1 0.1 5.56257 1.46646 0.738714 -0.0313192 -0.0366976 0.0151173 -0.0471111 -0.177584 0.377982 1 0 0 0 0 0 0 0
379 1 0.1 5.43957 1.62233 0.72249 -0.0193173 -0.0262939 0.00769087 0.0070933 0.0997278 -0.515974 1 0 0 0 0 0 0 0
380 1 0.1 5.28172 1.74083 0.744999 -0.00300863 0.00503061 0.010816 0.0677097 -0.0967503 0.0932189 1 0 0 0 0 0 0 0
381 1 0.1 5.14884 1.88789 0.753073 -0.0025469 0.0128841 0.00709105 -0.00296176 -0.0444548 -0.179548 1 0 0 0 0 0 0 0
382 1 0.1 5.00128 2.02029 0.756664 -0.0094077 0.0144326 -0.0117908 -0.209465 -0.00199148 0.241993 1 0 0 0 0 0 0 0
383 1 0.1 4.80206 2.2191 0.763567 0.00221029 -0.0216206 -0.00180859 -0.267295 -0.0230033 -0.0154109 1 0 0 0 0 0 0 0
384 1 0.1 4.65431 2.36934 0.765266 -0.0128408 0.0159033 -0.0040813 0.276865 0.408932 -0.0270762 1 0 0 0 0 0 0 0
385 1 0.1 4.39971 2.63898 0.566775 -0.0139082 -0.0841973 -0.0221834 0.399641 -1.49499 0.0980469 1 0 0 0 0 0 0 0
386 1 0.1 4.19257 2.82979 0.75 -1.18849e-06 9.4068e-06 1.80474e-08 8.72428e-06 -1.20049e-06 -0.000805508 1 0 0 0 0 0 0 0
387 1 0.1 4.19204 3.04392 0.764724 -0.0403895 0.0552559 0.0381093 -0.19664 -0.403365 0.0028259 1 0 0 0 0 0 0 0
388 1 0.1 4.24102 3.22821 0.748258 0.0379984 0.0321273 -0.0186772 -0.0289605 -0.194919 -3.79261 1 0 0 0 0 0 0 0
389 1 0.1 4.40983 3.38796 0.756386 0.146206 0.102907 0.0232158 -0.111322 -0.24844 1.84714 1 0 0 0 0 0 0 0
390 1 0.1 4.55172 3.52852 0.750035 0.131161 0.114937 -0.000301841 -0.00278316 0.00143821 -0.00082508 1 0 0 0 0 0 0 0
391 1 0.1 4.75452 3.73062 0.759542 0.0445587 0.0233184 0.0291623 -0.228337 -0.222462 0.499182 1 0 0 0 0 0 0 0
392 1 0.1 4.92196 3.89982 0.748877 -0.0200287 -0.0227993 0.00381502 0.144649 -0.200371 -0.352678 1 0 0 0 0 0 0 0
393 1 0.1 5.06333 4.03874 0.740156 -0.0396608 -0.0183944 0.0327429 0.193479 -0.341315 -0.709776 1 0 0 0 0 0 0 0
394 1 0.1 5.2041 4.18036 0.750646 -0.0273205 -0.0272151 -0.00800357 -0.241381 0.330545 -0.295666 1 0 0 0 0 0 0 0
395 1 0.1 5.3471 4.32382 0.749924 -0.00972498 -0.0115707 0.00192228 -0.000654284 -0.00416568 -0.00990461 1 0 0 0 0 0 0 0
396 1 0.1 5.48851 4.46518 0.750008 -0.00985978 -0.0109154 0.000547266 -0.0135851 0.0103237 0.0380964 1 0 0 0 0 0 0 0
397 1 0.1 5.63717 4.61529 0.750431 0.00058816 0.00115283 -0.00194779 0.00839792 0.0163966 0.0195077 1 0 0 0 0 0 0 0
398 1 0.1 5.78753 4.76462 0.761272 -0.000843375 -0.00191177 0.000143067 -0.000503348 -0.00452697 -0.0150696 1 0 0 0 0 0 0 0
399 1 0.1 5.92742 4.90677 0.745938 -0.00168098 -0.000795382 0.00320593 -0.013374 -0.0289922 -0.0152713 1 0 0 0 0 0 0 0
400 1 0.1 6.25917 0.764973 0.750978 0.0011288 -0.00235703 2.62816e-06 0.00253899 0.00245047 0.0201641 1 0 0 0 0 0 0 0
401 1 0.1 5.99696 1.0631 0.726794 0.00208468 -0.00463146 0.0040865 0.00605188 0.0185317 0.0600674 1 0 0 0 0 0 0 0
402 1 0.1 5.86544 1.46395 0.680175 0.0207361 0.0146399 0.0230101 -0.0598742 0.201234 -0.0220703 1 0 0 0 0 0 0 0
403 1 0.1 5.71889 1.59686 0.633935 0.00121574 -3.75118e-05 0.00704793 -0.359687 -0.3309 -0.061965 1 0 0 0 0 0 0 0
404 1 0.1 5.61848 1.69879 0.764701 -0.0163026 3.91196e-05 -0.00116266 0.444567 0.100591 -0.0623219 1 0 0 0 0 0 0 0
405 1 0.1 5.46243 1.82075 0.760631 0.00201968 0.00489418 0.00417238 -0.362906 -0.011133 -0.124498 1 0 0 0 0 0 0 0
406 1 0.1 5.39788 2.00846 0.763044 0.000854726 5.24323e-05 0.00213958 0.193968 0.172987 0.13542 1 0 0 0 0 0 0 0
407 1 0.1 5.31346 2.10247 0.609274 -0.00296377 0.00590482 0.0052986 -0.037791 -0.121686 -0.0978522 1 0 0 0 0 0 0 0
408 1 0.1 5.06159 2.20869 0.763792 0.0535619 0.00245211 -0.00145269 0.177857 -0.456339 -0.892816 1 0 0 0 0 0 0 0
409 1 0.1 4.79959 2.52816 0.765467 0.00332602 0.0304723 -0.00114048 0.343204 -0.064329 -0.52995 1 0 0 0 0 0 0 0
410 1 0.1 4.41007 2.60926 0.75846 -0.0551236 0.0361992 -0.0278312 0.2909 0.887087 0.703361 1 0 0 0 0 0 0 0
411 1 0.1 4.41851 2.79777 0.768362 -0.124744 0.00928121 0.0204247 1.09514 -0.457908 -0.028622 1 0 0 0 0 0 0 0
412 1 0.1 4.36275 2.97371 0.762838 -0.139704 -0.0308663 -0.0133697 -0.128405 -1.791 -0.0924365 1 0 0 0 0 0 0 0
413 1 0.1 4.45588 3.19901 0.76444 0.0332737 0.0505606 -0.0025234 0.534168 -0.290856 -3.07231 1 0 0 0 0 0 0 0
414 1 0.1 4.68 3.34241 0.599539 0.0276228 0.0435999 0.0349804 0.422847 0.278668 -0.318547 1 0 0 0 0 0 0 0
415 1 0.1 4.80123 3.55151 0.685699 0.0563031 0.0161484 0.0429031 -0.081069 0.83875 -0.121358 1 0 0 0 0 0 0 0
416 1 0.1 5.01382 3.60564 0.708462 0.022082 -0.0328012 -0.0476092 -0.395563 0.0598591 0.0647115 1 0 0 0 0 0 0 0
417 1 0.1 5.07543 3.78071 0.764761 -0.0565575 -0.0468954 0.00219747 -0.428611 0.41475 -0.254162 1 0 0 0 0 0 0 0
418 1 0.1 5.23822 3.94531 0.762707 -0.0533978 -0.0455684 0.00266484 -0.386074 0.656154 0.194738 1 0 0 0 0 0 0 0
419 1 0.1 5.41286 4.13554 0.763982 0.00729725 -0.00612579 -7.10679e-05 -0.0928412 -0.0559391 0.125545 1 0 0 0 0 0 0 0
420 1 0.1 5.56875 4.26026 0.762598 8.38244e-05 0.00256913 0.00175061 0.0190591 -0.00639901 -0.0137437 1 0 0 0 0 0 0 0
421 1 0.1 5.68588 4.42192 0.762515 0.0016638 0.000893484 -0.000842401 -0.0334529 0.0336896 -0.0144546 1 0 0 0 0 0 0 0
422 1 0.1 5.83514 4.55005 0.727147 0.00248716 -0.000984314 -0.00497796 -0.0301094 -0.037738 0.00121009 1 0 0 0 0 0 0 0
423 1 0.1 5.94275 4.70111 0.652506 0.00270821 0.0028573 0.00146901 0.0647957 -0.0453176 0.0419632 1 0 0 0 0 0 0 0
424 1 0.1 6.21568 5.19195 0.762597 0.00447398 -0.00240536 0.000366467 -0.0255587 -0.0426281 0.00861379 1 0 0 0 0 0 0 0
425 1 0.1 6.40035 0.62347 0.749986 0.00155551 -0.00128495 -2.94191e-05 -0.000267331 -0.00170498 -0.00539984 1 0 0 0 0 0 0 0
426 1 0.1 6.1888 1.10633 0.762529 0.00180791 0.002256 -9.05006e-07 0.000903496 0.0279822 0.0143746 1 0 0 0 0 0 0 0
427 1 0.1 5.98946 1.31331 0.72176 0.0163166 -0.00296548 0.0140069 0.088333 -0.0648794 -0.135082 1 0 0 0 0 0 0 0
428 1 0.1 5.94696 1.62262 0.764054 -0.00803993 0.00660983 0.0126658 0.0766864 -0.286628 0.14015 1 0 0 0 0 0 0 0
429 1 0.1 5.80691 1.76543 0.762179 -0.0523929 0.00107606 -0.000524731 0.111402 0.153999 0.34267 1 0 0 0 0 0 0 0
430 1 0.1 5.65416 1.89452 0.763447 0.0100761 -0.00152458 -0.00366218 0.0478 -0.0557257 -0.0821685 1 0 0 0 0 0 0 0
431 1 0.1 5.58021 2.08992 0.75918 -0.00514257 0.0167344 -0.00245024 -0.00665953 -0.0232321 0.0557681 1 0 0 0 0 0 0 0
432 1 0.1 5.38388 2.20854 0.762773 -0.00198837 -0.000215265 0.00244153 0.00952016 0.0404902 -0.056456 1 0 0 0 0 0 0 0
433 1 0.1 5.37749 2.48315 0.590457 0.00288102 0.00865216 -0.00329748 -0.362812 -0.231835 -0.543757 1 0 0 0 0 0 0 0
434 1 0.1 5.07464 2.40558 0.76464 -0.00507489 0.0184494 0.00963718 -0.24486 -0.597068 0.841868 1 0 0 0 0 0 0 0
435 1 0.1 5.01029 2.59037 0.753425 0.0287173 0.00838907 -0.0707909 0.572858 0.705358 -0.306213 1 0 0 0 0 0 0 0
436 1 0.1 4.69744 2.7288 0.746688 0.0336586 0.0206231 -0.066723 -0.255648 0.652755 -0.59621 1 0 0 0 0 0 0 0
437 1 0.1 4.58644 3.07165 0.683218 0.0365455 0.0234519 0.00625909 0.2973 0.045098 0.0125183 1 0 0 0 0 0 0 0
438 1 0.1 4.71864 3.19141 0.76303 0.0296768 0.00639172 0.00439005 0.257869 0.36016 0.209046 1 0 0 0 0 0 0 0
439 1 0.1 4.7531 3.38258 0.769694 0.0350452 -0.0050078 0.0141272 -0.312742 -0.253026 -0.277224 1 0 0 0 0 0 0 0
440 1 0.1 5.0076 3.42254 0.76498 0.0210788 0.0262253 0.0111407 -0.471466 -0.199926 -0.0213179 1 0 0 0 0 0 0 0
441 1 0.1 5.20359 3.6284 0.763354 0.00390867 0.00283609 0.00172309 -0.0121138 0.207027 0.0865385 1 0 0 0 0 0 0 0
442 1 0.1 5.29466 3.73021 0.618246 -0.0112197 0.0197942 -0.00262133 0.18958 -0.00552559 -0.11792 1 0 0 0 0 0 0 0
443 1 0.1 5.39683 3.8232 0.762578 -0.00846326 0.00857362 0.00150839 0.0531363 0.0686488 0.17455 1 0 0 0 0 0 0 0
444 1 0.1 5.53823 3.98011 0.762675 0.01577 0.00228657 0.000339758 0.0383709 -0.147184 0.00757858 1 0 0 0 0 0 0 0
445 1 0.1 5.74614 4.162 0.762603 0.0033222 0.00100103 -0.000165544 -0.00061604 -0.0133953 0.0222391 1 0 0 0 0 0 0 0
446 1 0.1 5.86106 4.32553 0.763289 0.00276868 0.00242279 0.00372307 -0.149094 0.167224 -0.0575271 1 0 0 0 0 0 0 0
447 1 0.1 6.01298 4.45375 0.75734 0.000823919 -0.000508695 -0.021629 -0.00440206 -0.028289 -0.00365321 1 0 0 0 0 0 0 0
448 1 0.1 6.0993 4.80647 0.7625 -0.00219991 -0.00168543 0.000109252 0.0379594 0.0520308 0.00536699 1 0 0 0 0 0 0 0
449 1 0.1 6.35393 5.33582 0.750119 0.000612111 0.00142332 -0.00125861 -0.0316703 0.0378237 0.0412806 1 0 0 0 0 0 0 0
450 1 0.1 6.43567 0.810366 0.668692 6.02047e-05 0.00100628 -0.000592681 0.00318931 0.0117041 0.024692 1 0 0 0 0 0 0 0
451 1 0.1 6.30201 0.957241 0.692144 0.000286704 0.000811458 0.000453037 0.00190457 0.0278573 0.0610527 1 0 0 0 0 0 0 0
452 1 0.1 6.1846 1.30627 0.762705 0.0197039 0.00222514 0.00130406 0.0200723 0.130299 0.181152 1 0 0 0 0 0 0 0
453 1 0.1 6.09528 1.48862 0.762754 0.00426369 0.0135232 -0.0015134 0.144356 -0.0439496 0.033129 1 0 0 0 0 0 0 0
454 1 0.1 5.81381 2.0147 0.762184 0.000210015 0.0111872 0.00314897 -0.0840574 -0.130576 0.154664 1 0 0 0 0 0 0 0
455 1 0.1 5.74534 2.2022 0.751727 -0.00124557 0.0112531 -0.00814901 -0.0183539 0.0482273 -0.135064 1 0 0 0 0 0 0 0
456 1 0.1 5.56761 2.35667 0.76258 -0.0585221 -0.00244774 0.000311802 3.55293e-05 -0.000195001 -0.00170325 1 0 0 0 0 0 0 0
457 1 0.1 5.5493 2.37767 0.564697 0.0113926 0.00322848 -0.00503258 -0.0726714 -0.00726299 0.0277442 1 0 0 0 0 0 0 0
458 1 0.1 5.32082 2.39801 0.762277 -0.0109973 -0.00754437 -0.0149277 0.0845267 -0.852281 0.167055 1 0 0 0 0 0 0 0
459 1 0.1 5.39344 2.58726 0.762542 0.000308037 -0.00763165 0.00239409 -0.0652225 0.103685 0.0981307 1 0 0 0 0 0 0 0
460 1 0.1 5.20221 2.55232 0.717819 0.018535 -0.00609596 -0.0661445 0.43976 -0.785136 -0.0253278 1 0 0 0 0 0 0 0
461 1 0.1 4.88797 2.74651 0.764998 0.0221831 -0.00631409 2.84212e-05 0.297695 -0.809887 0.302716 1 0 0 0 0 0 0 0
462 1 0.1 4.69544 2.92592 0.763031 0.0365719 0.0105826 -0.00459853 0.127696 -0.370917 0.248624 1 0 0 0 0 0 0 0
463 1 0.1 4.9267 3.11668 0.586191 0.0331898 -0.00272734 -0.00210997 0.389185 -0.0530644 -0.297392 1 0 0 0 0 0 0 0
464 1 0.1 4.97579 3.22972 0.763669 0.0157276 0.0366295 0.00378655 0.342294 -0.319074 -0.0332291 1 0 0 0 0 0 0 0
465 1 0.1 5.17792 3.36775 0.641621 -0.0447005 -0.00723279 -0.005302 -0.00986904 0.330924 -0.0617227 1 0 0 0 0 0 0 0
466 1 0.1 5.39538 3.58037 0.759603 -0.000252061 0.00908231 -0.0268744 -0.131301 0.158695 -0.0149664 1 0 0 0 0 0 0 0
467 1 0.1 5.48483 3.67112 0.60755 -0.0095002 0.0128712 -0.0248994 0.212875 -0.0339571 -0.0543351 1 0 0 0 0 0 0 0
468 1 0.1 5.58369 3.75219 0.762449 -0.0206127 -0.0216269 -0.00286267 0.0129772 -0.0441515 -0.502257 1 0 0 0 0 0 0 0
469 1 0.1 5.74046 3.88972 0.762858 0.00973714 0.00168803 0.0019749 0.0203889 -0.0970305 -0.00205758 1 0 0 0 0 0 0 0
470 1 0.1 5.8895 4.02297 0.763248 0.00526542 0.0054294 0.00140333 0.0852895 -0.125512 -0.0399246 1 0 0 0 0 0 0 0
471 1 0.1 6.00512 4.18016 0.720081 0.00421291 0.00328587 -0.00512528 -0.0548853 0.0179625 -0.0787564 1 0 0 0 0 0 0 0
472 1 0.1 6.1514 4.30963 0.762502 0.0030413 0.00265167 -9.97388e-05 -0.0770499 -0.212493 0.0231909 1 0 0 0 0 0 0 0
473 1 0.1 6.07115 5.04832 0.762558 0.000718962 0.00159631 7.30749e-05 0.0137878 0.0144912 0.0302909 1 0 0 0 0 0 0 0
474 1 0.1 6.23274 4.9446 0.706831 -0.00429017 -0.00244512 -0.00712125 -0.00520343 0.099999 -0.037415 1 0 0 0 0 0 0 0
475 1 0.1 6.45863 1.05964 0.762518 0.00241454 -0.00186011 -0.000256239 -0.0194071 -0.0271799 -0.103888 1 0 0 0 0 0 0 0
476 1 0.1 6.37328 1.24042 0.759675 0.0220568 0.0078189 -0.00735494 -0.0312179 -0.0306609 -0.115622 1 0 0 0 0 0 0 0
477 1 0.1 6.05768 1.8006 0.583023 -0.052217 0.00387601 -0.00616921 -0.237788 -1.16724 1.34397 1 0 0 0 0 0 0 0
478 1 0.1 6.11373 1.73281 0.762541 -0.0599971 0.0467062 0.00461242 0.341201 0.419892 0.313517 1 0 0 0 0 0 0 0
479 1 0.1 5.80712 2.3919 0.762123 0.0141973 0.0067777 0.00287683 0.113691 -0.110023 -0.0273513 1 0 0 0 0 0 0 0
480 1 0.1 5.76505 3.19771 0.762547 0.00274989 0.0118485 0.000144845 0.113658 -0.0225566 0.0190842 1 0 0 0 0 0 0 0
481 1 0.1 5.67941 2.91728 0.76255 0.00748926 0.00388306 0.0021267 0.0301035 -0.0533376 0.0333007 1 0 0 0 0 0 0 0
482 1 0.1 5.70534 2.56379 0.762511 0.00818564 0.00370107 0.000172668 0.0232084 -0.184683 0.0975757 1 0 0 0 0 0 0 0
483 1 0.1 5.5688 2.57106 0.610207 0.00888656 0.00540658 -0.00559523 0.0443647 -0.11407 -0.0331474 1 0 0 0 0 0 0 0
484 1 0.1 5.55871 2.69921 0.762855 0.000874197 -0.00241248 0.000492883 0.0929619 -0.0549041 -0.0562283 1 0 0 0 0 0 0 0
485 1 0.1 5.23078 2.95248 0.764309 0.0113801 0.0225219 -0.0012358 -0.231486 -0.661995 0.0804402 1 0 0 0 0 0 0 0
486 1 0.1 5.05384 2.85758 0.747684 0.0326927 0.037683 -0.070646 -0.0330709 0.0533991 0.201582 1 0 0 0 0 0 0 0
487 1 0.1 4.86553 3.0594 0.764922 0.0238504 0.00533655 0.00116247 -0.243763 -0.58142 0.251559 1 0 0 0 0 0 0 0
488 1 0.1 5.06318 3.05479 0.756707 0.0112443 0.0306515 -0.035805 0.0686285 0.360824 -0.132041 1 0 0 0 0 0 0 0
489 1 0.1 5.19826 3.21063 0.763136 -0.0115074 -0.000629364 0.000157335 -0.10453 0.154793 0.107463 1 0 0 0 0 0 0 0
490 1 0.1 5.40052 3.18184 0.762802 0.00426225 0.00676688 0.00146365 0.07158 -0.0395294 0.0246403 1 0 0 0 0 0 0 0
491 1 0.1 5.39794 3.38131 0.762736 0.00661276 0.00831395 -0.00225707 -0.126397 -0.0717072 -0.0476918 1 0 0 0 0 0 0 0
492 1 0.1 5.57537 3.49649 0.763011 -0.00249469 0.0076619 0.00108144 -0.0209132 -0.0966414 -0.0298714 1 0 0 0 0 0 0 0
493 1 0.1 5.5922 3.09725 0.762502 0.00743664 0.00554699 -0.000490311 0.0774352 -0.0569434 -0.0488477 1 0 0 0 0 0 0 0
494 1 0.1 5.73316 3.61932 0.762738 0.000735668 0.00362063 -0.000446536 0.0411157 0.00520668 -0.0662061 1 0 0 0 0 0 0 0
495 1 0.1 5.884 3.75054 0.762461 0.0058208 -0.00254057 -0.00334384 0.0602992 -0.06728 -0.0431652 1 0 0 0 0 0 0 0
496 1 0.1 5.85461 3.55515 0.617519 0.000596095 0.0404378 -0.0188176 -0.02386 0.253641 0.684075 1 0 0 0 0 0 0 0
497 1 0.1 6.02392 4.20008 0.518778 0.00493279 0.00481096 0.0116731 0.0332109 -0.0840001 0.0607092 1 0 0 0 0 0 0 0
498 1 0.1 6.1366 4.61017 0.762754 -0.000222559 -0.00123732 0.000430558 -0.0590954 0.0325403 0.011132 1 0 0 0 0 0 0 0
499 1 0.1 6.28803 4.74066 0.757569 -0.00178255 -1.72765e-05 -0.0119581 -0.00953662 0.0663923 0.013219 1 0 0 0 0 0 0 0
