500
0 1 0.1 5.91317 1.11143 0.146197 6.9469e-05 -0.000905033 0.00300337 0.0140314 -0.0431903 0.0261223 1 0 0 0 0 0 0 0
1 1 0.1 5.77308 1.25371 0.13729 0.00124052 -0.0011562 -0.000295925 -0.0144041 -0.0172464 0.107093 1 0 0 0 0 0 0 0
2 1 0.1 5.59789 1.42411 0.143945 -0.0458707 0.0323021 0.0028346 -0.00545679 -0.0016806 -0.00177566 1 0 0 0 0 0 0 0
3 1 0.1 5.31622 1.70721 0.137613 -0.0451062 0.0339983 0.0119677 -0.047545 -0.185154 0.528693 1 0 0 0 0 0 0 0
4 1 0.1 5.40495 1.832 0.432779 -0.0200447 -0.0291601 -0.0470228 -0.39799 0.500674 -1.12433 1 0 0 0 0 0 0 0
5 1 0.1 5.14654 1.87648 0.141765 0.00515869 -0.0103855 0.00558632 0.280476 0.15939 -0.0710071 1 0 0 0 0 0 0 0
6 1 0.1 4.91559 2.11189 0.13844 -0.0162983 0.0299306 -0.0606871 0.183157 1.05098 0.50813 1 0 0 0 0 0 0 0
7 1 0.1 4.74309 2.23317 0.0833111 -0.0199751 0.0266777 -0.0850268 -8.30781 13.1632 2.21961 1 0 0 0 0 0 0 0
8 1 0.1 4.78376 2.65194 0.136407 0.0128662 0.00909769 -0.00650993 -0.0499274 0.148333 0.258845 1 0 0 0 0 0 0 0
9 1 0.1 4.69638 2.70656 0.307437 0.0120465 0.0725707 -0.0264143 -0.74822 -0.13884 -0.131196 1 0 0 0 0 0 0 0
10 1 0.1 4.1931 2.83617 0.150032 0.00028381 0.000770225 -0.000238511 0.000332282 0.0028092 0.0104999 1 0 0 0 0 0 0 0
11 1 0.1 4.19331 2.83899 0.450011 -1.19144e-05 -0.000209388 -0.000120531 -0.000236008 0.0019193 -0.00189538 1 0 0 0 0 0 0 0
12 1 0.1 4.18923 3.09966 0.139375 0.00638227 -0.0101371 -0.0259769 -0.0687528 0.223516 -0.0688776 1 0 0 0 0 0 0 0
13 1 0.1 4.34001 3.19209 0.39421 -0.0187029 0.00234648 -0.0526027 -0.756525 -0.119576 0.0402041 1 0 0 0 0 0 0 0
14 1 0.1 4.34064 3.21505 0.196332 -0.00805122 0.0124717 -0.0395547 -0.0226739 -0.18269 0.333924 1 0 0 0 0 0 0 0
15 1 0.1 4.44315 3.42136 0.136247 0.0334727 0.0535331 -0.00368872 -0.697413 0.610379 0.68059 1 0 0 0 0 0 0 0
16 1 0.1 4.52884 3.24036 0.137208 0.00463142 0.013026 0.00700376 -0.0681261 -0.197585 -0.327568 1 0 0 0 0 0 0 0
17 1 0.1 4.71477 3.69149 0.25122 -0.0510959 -0.0119595 -0.0183537 0.334878 0.614902 0.645051 1 0 0 0 0 0 0 0
18 1 0.1 4.59354 3.57581 0.139492 0.0140506 0.00315708 0.00464649 -0.0114247 -0.00859722 0.00597018 1 0 0 0 0 0 0 0
19 1 0.1 5.01199 3.99206 0.138361 -0.00360493 0.00692418 0.0184916 -0.523566 0.0745251 -0.040064 1 0 0 0 0 0 0 0
20 1 0.1 5.15331 4.13289 0.141214 0.000654872 0.00148775 0.00602215 0.15255 -0.102496 0.164794 1 0 0 0 0 0 0 0
21 1 0.1 5.35007 4.09749 0.137478 -0.00680665 -0.0466772 0.00181283 0.172645 0.136997 -0.633816 1 0 0 0 0 0 0 0
22 1 0.1 5.46944 4.43931 0.182577 0.0105471 0.00773959 0.0177399 -0.0508105 -0.0239699 -0.189342 1 0 0 0 0 0 0 0
23 1 0.1 5.60331 4.58219 0.15107 0.00562679 0.00489364 0.00404848 -0.139004 0.112819 0.157607 1 0 0 0 0 0 0 0
24 1 0.1 5.91594 4.89313 0.150118 0.000328506 0.000794903 0.000123879 -0.00514556 -0.00407724 -0.000102044 1 0 0 0 0 0 0 0
25 1 0.1 6.05397 0.969671 0.150698 0.000494998 0.000599786 0.00282056 0.0338198 -0.00199995 -0.0181638 1 0 0 0 0 0 0 0
26 1 0.1 5.7952 1.45604 0.13746 -0.0389854 -0.00157005 -0.000635572 -0.0469961 0.0338306 -0.34553 1 0 0 0 0 0 0 0
27 1 0.1 5.63999 1.64031 0.137498 -0.0609926 0.0692697 -0.0003007 -0.196337 -0.240332 -0.196544 1 0 0 0 0 0 0 0
28 1 0.1 5.45554 1.56439 0.150132 -0.0461746 0.0330079 -0.0022602 0.100651 0.178571 0.594709 1 0 0 0 0 0 0 0
29 1 0.1 5.59798 1.93083 0.137328 -0.0530091 0.057314 0.0015828 -0.3079 -0.0363388 0.111194 1 0 0 0 0 0 0 0
30 1 0.1 5.33138 1.95083 0.137275 -0.00369722 0.0140847 0.000143335 -0.137646 -0.0420604 0.317855 1 0 0 0 0 0 0 0
31 1 0.1 5.16308 2.0755 0.137483 -0.0181076 -0.0132828 0.00147455 -0.34038 -0.0389367 0.281664 1 0 0 0 0 0 0 0
32 1 0.1 4.93984 2.25398 0.27698 0.0804258 -0.0891628 0.0408481 0.0271939 0.213031 1.08045 1 0 0 0 0 0 0 0
33 1 0.1 4.49561 2.5737 0.130568 0.0447563 0.0748154 -0.00676394 -1.4736 -0.527587 -0.41481 1 0 0 0 0 0 0 0
34 1 0.1 4.91529 2.81079 0.136746 -0.0186302 0.0869795 -0.00349007 -0.807761 -0.120575 -1.2911 1 0 0 0 0 0 0 0
35 1 0.1 4.33184 2.69257 0.141245 0.00108978 0.000296705 -0.000424894 -0.00198659 0.000898585 -0.005317 1 0 0 0 0 0 0 0
36 1 0.1 5.30973 2.86956 0.306859 0.0904678 -0.0284179 0.00323627 -0.130007 1.61227 -1.49132 1 0 0 0 0 0 0 0
37 1 0.1 4.43557 2.86087 0.170661 -0.0311661 0.0253453 -0.0228762 -0.0167188 0.327771 -0.00727829 1 0 0 0 0 0 0 0
38 1 0.1 4.54119 3.04055 0.137416 -0.0132137 0.0141552 -0.000789975 -0.13385 -0.133349 -0.0820187 1 0 0 0 0 0 0 0
39 1 0.1 4.38505 3.05182 0.521381 -0.0411886 0.151881 0.0953724 -1.6077 -0.59928 0.0796087 1 0 0 0 0 0 0 0
40 1 0.1 5.08209 3.26129 0.136949 -0.0317457 -0.000653856 -0.00103684 0.143521 -0.316499 -0.0458067 1 0 0 0 0 0 0 0
41 1 0.1 4.79085 3.54589 0.137071 0.00333382 -0.0126816 0.0035632 0.150821 -0.0265409 -0.0897774 1 0 0 0 0 0 0 0
42 1 0.1 4.83182 3.80629 0.137258 -0.00924171 -0.00763387 0.0019838 0.0408467 -0.0209774 -0.0322162 1 0 0 0 0 0 0 0
43 1 0.1 5.0636 3.8855 0.298082 0.00464446 -0.0100798 0.0010277 0.159386 0.288006 -0.708812 1 0 0 0 0 0 0 0
44 1 0.1 5.56872 3.85804 0.137116 -0.00193152 -0.0165776 0.000638949 0.155652 -0.0116609 0.114506 1 0 0 0 0 0 0 0
45 1 0.1 5.56307 4.05799 0.137414 -0.00793565 -0.0106356 -0.000891305 0.103334 -0.0825187 0.062247 1 0 0 0 0 0 0 0
46 1 0.1 5.50672 4.25058 0.13621 -0.00556925 0.0137924 -0.00182998 -0.133065 -0.0473168 0.0854095 1 0 0 0 0 0 0 0
47 1 0.1 5.65605 4.38352 0.137494 0.00543469 0.00139538 4.59464e-05 0.19896 0.138017 0.195005 1 0 0 0 0 0 0 0
48 1 0.1 5.77686 4.7503 0.136938 0.000352034 0.00110501 0.0007153 -0.00376149 0.0146109 0.0154663 1 0 0 0 0 0 0 0
49 1 0.1 6.05724 5.03443 0.149816 0.000182974 0.000401503 0.000611699 -0.00245655 -0.00780441 0.00245936 1 0 0 0 0 0 0 0
50 1 0.1 6.1952 0.828167 0.149995 -0.000372515 0.000341766 0.000266298 0.00337257 -0.0005457 0.00699892 1 0 0 0 0 0 0 0
51 1 0.1 5.95875 1.32672 0.137688 0.000771238 0.0010065 -0.00358031 0.1127 0.11036 -0.0944945 1 0 0 0 0 0 0 0
52 1 0.1 5.92158 1.91596 0.137395 -0.00360104 -0.00389336 0.001669 0.0200854 -0.0158785 0.00863357 1 0 0 0 0 0 0 0
53 1 0.1 5.75341 1.80497 0.137452 -0.0450208 0.0578102 -0.000846302 0.0130506 -0.0199744 0.00685023 1 0 0 0 0 0 0 0
54 1 0.1 5.74834 2.06183 0.146066 -0.0801696 0.0916165 -0.0335883 1.40452 1.5732 0.39199 1 0 0 0 0 0 0 0
55 1 0.1 5.34717 2.15322 0.137501 -0.0666621 0.0856756 -0.000235377 -0.261751 -0.194119 0.808031 1 0 0 0 0 0 0 0
56 1 0.1 5.07381 2.25411 0.135284 -0.0142535 -0.0169059 -0.00883754 0.0817035 0.710104 -0.0215923 1 0 0 0 0 0 0 0
57 1 0.1 5.24912 2.29901 0.42222 -0.725937 -0.0544997 0.105156 1.67935 0.596043 0.910069 1 0 0 0 0 0 0 0
58 1 0.1 5.06415 2.4004 0.329231 0.0485037 -0.0334777 -0.0116386 0.166583 1.02632 -0.189363 1 0 0 0 0 0 0 0
59 1 0.1 4.65315 2.46705 0.135191 -0.0466006 -0.0156552 -0.00212834 0.49064 -0.199892 -1.00046 1 0 0 0 0 0 0 0
60 1 0.1 5.41475 2.69985 0.298867 -0.126361 -0.169957 0.0304866 -2.6979 1.03536 -0.898439 1 0 0 0 0 0 0 0
61 1 0.1 4.62474 2.80541 0.137489 -0.084349 -0.171537 -9.7262e-05 1.08969 -0.884099 -2.26181 1 0 0 0 0 0 0 0
62 1 0.1 4.71301 2.98587 0.223758 -0.22965 -0.341782 0.199849 -1.98589 -1.52976 -5.13233 1 0 0 0 0 0 0 0
63 1 0.1 4.7224 3.19156 0.137715 -0.024171 -0.12085 0.0119407 0.407219 0.0943431 -0.97741 1 0 0 0 0 0 0 0
64 1 0.1 4.9171 3.14943 0.153161 -0.0033287 -0.0583218 -0.153017 0.0406466 1.44582 1.60116 1 0 0 0 0 0 0 0
65 1 0.1 4.90799 3.53294 0.297396 -0.0025444 -0.0468654 0.00825823 0.101705 -0.0348666 -0.114682 1 0 0 0 0 0 0 0
66 1 0.1 5.33736 3.54329 0.137125 -0.0200465 -0.00719415 -0.00276725 0.0260611 -0.1914 0.0331929 1 0 0 0 0 0 0 0
67 1 0.1 5.4225 3.72353 0.146905 -0.00635197 -0.0149926 0.014845 0.0313261 0.0125842 -0.133905 1 0 0 0 0 0 0 0
68 1 0.1 5.00975 3.73118 0.183058 -0.0137729 -0.0095025 0.0105725 -0.0619548 -0.0785815 -0.00393114 1 0 0 0 0 0 0 0
69 1 0.1 5.56063 3.89205 0.436458 0.016735 -0.00879295 0.0121119 -0.0268655 0.0583549 -0.121964 1 0 0 0 0 0 0 0
70 1 0.1 5.48941 4.04551 0.322735 -0.0107586 -0.0192516 -0.00450641 -0.213775 0.012416 0.438252 1 0 0 0 0 0 0 0
71 1 0.1 5.74552 4.14809 0.137145 -0.00603316 -0.00449383 -0.00128879 0.0295565 -0.058989 0.0184349 1 0 0 0 0 0 0 0
72 1 0.1 5.87123 4.30482 0.137463 -0.0204821 0.0368569 0.000254562 -0.349937 -0.164814 1.17601 1 0 0 0 0 0 0 0
73 1 0.1 6.03606 4.73249 0.137387 -0.000787318 -0.00086402 0.000241068 0.0089141 -0.00303653 0.0427613 1 0 0 0 0 0 0 0
74 1 0.1 6.28242 5.2639 0.149985 0.000237599 0.000366791 -6.85537e-05 -0.00110243 -0.000194934 -0.00452027 1 0 0 0 0 0 0 0
75 1 0.1 6.15895 1.11606 0.31648 -0.00557745 -0.0187545 -0.0601032 0.0733564 0.65862 -0.207467 1 0 0 0 0 0 0 0
76 1 0.1 6.09911 1.18433 0.137497 -0.000518293 -0.000126183 -5.44063e-05 -0.220796 -0.00480399 -0.00795314 1 0 0 0 0 0 0 0
77 1 0.1 5.94173 1.7171 0.137303 -0.00340822 -0.00264869 0.000151593 0.00779539 -0.0245164 -0.0207097 1 0 0 0 0 0 0 0
78 1 0.1 5.89945 2.19263 0.140831 -0.20437 0.235331 -0.0379113 0.781744 0.373056 1.4313 1 0 0 0 0 0 0 0
79 1 0.1 5.86405 2.30148 0.390218 -0.0428569 0.00352539 -0.0103913 0.249012 0.167229 -0.0964135 1 0 0 0 0 0 0 0
80 1 0.1 5.54441 2.12303 0.149145 -0.0776863 0.0461194 0.00670069 0.314186 0.158373 0.15899 1 0 0 0 0 0 0 0
81 1 0.1 5.51493 2.32044 0.139593 -0.181834 0.0295506 -0.0158562 -0.405945 0.113226 0.082662 1 0 0 0 0 0 0 0
82 1 0.1 5.72771 2.80834 0.137146 0.00829568 -0.0185183 7.41252e-05 0.178893 -0.0564322 0.0879295 1 0 0 0 0 0 0 0
83 1 0.1 5.25648 2.33469 0.137491 -0.0523187 -0.015084 -0.00824091 0.231904 0.186093 0.529294 1 0 0 0 0 0 0 0
84 1 0.1 4.84919 2.40468 0.137165 0.0190782 0.00876269 0.00199277 -0.0718868 0.206825 -0.151411 1 0 0 0 0 0 0 0
85 1 0.1 5.0352 2.65155 0.137459 -0.225623 -0.0567833 0.00123034 0.922055 -0.116493 -1.24292 1 0 0 0 0 0 0 0
86 1 0.1 5.70078 2.93637 0.287702 0.0452213 -0.0231592 0.00617734 0.00351472 -0.224577 -0.969446 1 0 0 0 0 0 0 0
87 1 0.1 5.11138 2.84817 0.136624 0.00881586 -0.0579386 0.00366311 0.569963 0.16578 -0.0232729 1 0 0 0 0 0 0 0
88 1 0.1 5.18076 3.2893 0.30772 -0.0506258 -0.00492444 0.016015 -0.166528 0.0991232 0.0473877 1 0 0 0 0 0 0 0
89 1 0.1 4.66235 3.38875 0.137244 0.0421553 -0.00339313 0.0166249 -0.0295391 0.0249497 0.0062265 1 0 0 0 0 0 0 0
90 1 0.1 5.16491 3.4426 0.141688 -0.0264563 -0.00342554 0.0150129 -0.125275 0.328034 0.0690585 1 0 0 0 0 0 0 0
91 1 0.1 5.53789 3.56055 0.137373 -0.00766945 -0.0167808 0.00024675 0.165474 -0.085954 -0.0600592 1 0 0 0 0 0 0 0
92 1 0.1 5.69246 3.69519 0.136706 0.00212534 0.00363635 -0.00172897 -0.0514829 0.0233531 0.0257471 1 0 0 0 0 0 0 0
93 1 0.1 5.84189 3.90301 0.35265 6.31839e-05 -0.0147231 0.0424394 0.17912 -0.339786 -0.0565053 1 0 0 0 0 0 0 0
94 1 0.1 5.735 3.95548 0.189142 -0.00448254 -0.00619502 0.00203866 -0.0612103 0.062935 0.00916844 1 0 0 0 0 0 0 0
95 1 0.1 5.92505 3.98936 0.137382 -0.00622548 0.00233866 -0.00110247 -0.0747837 -0.0806563 0.115049 1 0 0 0 0 0 0 0
96 1 0.1 6.04887 4.14625 0.137471 -0.0117496 0.00868356 -0.000159186 -0.0389816 -0.0746225 -0.0338914 1 0 0 0 0 0 0 0
97 1 0.1 6.05179 4.31044 0.251455 -0.00627072 0.00748476 0.00278343 0.0720551 0.00485008 -0.0768558 1 0 0 0 0 0 0 0
98 1 0.1 6.14941 4.87299 0.223407 -0.000993459 -0.000463475 -0.000171889 0.00801984 0.0136003 -0.0176569 1 0 0 0 0 0 0 0
99 1 0.1 6.2543 5.06621 0.139423 3.81592e-05 0.000647495 0.000365998 -0.00234876 0.0102907 0.00485609 1 0 0 0 0 0 0 0
100 1 0.1 6.39548 0.628248 0.349994 0.000220756 -0.000188743 7.4132e-05 0.018565 0.020101 -0.00656846 1 0 0 0 0 0 0 0
101 1 0.1 6.14599 1.39681 0.137938 0.00199838 -0.00234677 -0.0105994 0.0929978 0.0513329 0.0210916 1 0 0 0 0 0 0 0
102 1 0.1 5.99127 1.52349 0.137375 0.00355042 -0.000541728 0.000321858 -0.0576169 0.0651683 0.0622986 1 0 0 0 0 0 0 0
103 1 0.1 5.97843 2.40916 0.26687 -0.0387432 -0.00435746 -0.0119528 -0.0488764 -0.158844 -0.207424 1 0 0 0 0 0 0 0
104 1 0.1 5.87039 2.81498 0.555642 0.0771866 -0.0358345 -0.00889424 0.0486631 -0.0367414 0.624766 1 0 0 0 0 0 0 0
105 1 0.1 5.82681 2.42268 0.137391 -0.0652097 0.00688465 0.00440257 -0.00887322 -0.00227323 -0.00307982 1 0 0 0 0 0 0 0
106 1 0.1 5.66725 2.56437 0.137483 -0.183537 -0.2775 0.000516364 0.44715 -1.50961 -1.5253 1 0 0 0 0 0 0 0
107 1 0.1 5.88253 3.14425 0.465587 0.00323256 0.0115438 -0.00614347 -0.190448 -0.0435082 -0.340121 1 0 0 0 0 0 0 0
108 1 0.1 5.53034 2.71007 0.137078 -0.127145 -0.224272 0.00770117 2.26126 -1.23906 0.753761 1 0 0 0 0 0 0 0
109 1 0.1 5.39405 2.47944 0.138274 -0.138034 0.0693988 -0.00787423 0.232673 0.249307 0.650589 1 0 0 0 0 0 0 0
110 1 0.1 5.22086 2.57871 0.137473 -0.231144 -0.0820947 0.00351009 0.413327 -0.461228 1.07297 1 0 0 0 0 0 0 0
111 1 0.1 5.30089 2.76891 0.136533 -0.0657031 -0.0184915 0.00286364 0.151264 -0.657521 0.073733 1 0 0 0 0 0 0 0
112 1 0.1 5.44759 3.10046 0.137499 -0.1083 -0.210333 4.96883e-05 0.122959 -0.352273 -3.58089 1 0 0 0 0 0 0 0
113 1 0.1 5.09539 3.05986 0.137262 0.0180768 0.0522412 -0.0053343 -0.459014 0.201288 0.046561 1 0 0 0 0 0 0 0
114 1 0.1 5.61213 3.26823 0.146503 -0.00931668 0.0115607 -9.98792e-05 0.158635 -0.205086 0.310454 1 0 0 0 0 0 0 0
115 1 0.1 5.71016 3.45914 0.137442 -0.0126104 -0.0283353 0.000184529 0.278536 -0.130552 -0.0892419 1 0 0 0 0 0 0 0
116 1 0.1 5.65296 3.07309 0.136906 0.00879683 0.0144799 -0.00135682 -0.125283 0.0915279 -0.140939 1 0 0 0 0 0 0 0
117 1 0.1 5.89965 3.39534 0.137396 0.00232423 0.0103838 -0.000493121 0.0302365 0.0195071 0.0282285 1 0 0 0 0 0 0 0
118 1 0.1 5.86232 3.79986 0.137419 0.00100518 0.00167054 -0.000899045 0.0388359 -0.0682658 -0.0358875 1 0 0 0 0 0 0 0
119 1 0.1 6.05764 3.84031 0.151148 -0.00556226 0.00478305 0.0432701 -0.0570311 -0.389145 0.0754095 1 0 0 0 0 0 0 0
120 1 0.1 5.86315 3.59185 0.137315 0.00149044 0.00783303 -0.000380321 -0.0706883 0.00325909 0.00814583 1 0 0 0 0 0 0 0
121 1 0.1 6.06347 3.21211 0.181462 0.00142333 -0.00481076 -0.00617221 -0.153844 0.178264 -0.197151 1 0 0 0 0 0 0 0
122 1 0.1 6.07065 4.27947 0.601907 -0.110445 0.00653135 0.0190117 0.967815 -0.222592 1.06216 1 0 0 0 0 0 0 0
123 1 0.1 5.96065 4.48496 0.137181 -0.0094441 0.00106834 -0.0011844 0.00341857 -0.130732 0.0115545 1 0 0 0 0 0 0 0
124 1 0.1 6.16973 4.51628 0.137291 0.0100078 -0.00210335 0.00276465 0.0125696 0.118349 0.0201881 1 0 0 0 0 0 0 0
125 1 0.1 5.97338 1.05129 0.352959 -0.000469796 -7.73758e-05 -0.000679213 -0.00451474 0.00915289 0.00384238 1 0 0 0 0 0 0 0
126 1 0.1 5.83838 1.19389 0.31615 0.00160915 0.00211294 0.000498129 -0.00136286 0.00687414 -0.0452858 1 0 0 0 0 0 0 0
127 1 0.1 5.55471 1.46983 0.346305 -0.00923485 0.00558711 0.00336868 0.0112494 -0.0256312 0.0857318 1 0 0 0 0 0 0 0
128 1 0.1 5.36973 1.64566 0.351829 -0.0215301 0.0283109 -0.0182582 -0.0202573 0.20472 0.336732 1 0 0 0 0 0 0 0
129 1 0.1 5.25614 1.80264 0.302447 -0.0910062 -0.00546343 0.0274486 0.319687 0.0674686 0.211189 1 0 0 0 0 0 0 0
130 1 0.1 5.09029 1.93113 0.325251 0.0222225 -0.0317678 0.0152478 0.170824 0.090088 -0.0846637 1 0 0 0 0 0 0 0
131 1 0.1 4.94766 2.06793 0.350615 0.0351407 -0.0205477 -0.0135527 -0.300697 -0.331556 -0.141927 1 0 0 0 0 0 0 0
132 1 0.1 4.81977 2.20259 0.422541 0.0477391 -0.0191636 -0.00886759 -0.722421 -0.876666 -1.10513 1 0 0 0 0 0 0 0
133 1 0.1 4.72248 2.30799 0.293059 -0.00407079 -0.000366142 0.0982814 0.494513 -0.0074585 0.617502 1 0 0 0 0 0 0 0
134 1 0.1 4.69454 2.48878 0.458817 -0.00231875 0.0714553 -0.0128372 -0.457672 0.496147 0.0822012 1 0 0 0 0 0 0 0
135 1 0.1 4.58307 2.44009 0.314017 0.0133931 -0.0276892 0.0110701 -0.923355 -0.631775 0.0137501 1 0 0 0 0 0 0 0
136 1 0.1 4.40319 2.68754 0.436871 0.0815828 0.156569 0.0628016 -0.41224 0.205673 0.976904 1 0 0 0 0 0 0 0
137 1 0.1 4.54935 3.01672 0.374255 -0.0244557 0.0171837 -0.0274472 -3.04346 1.52678 -0.683481 1 0 0 0 0 0 0 0
138 1 0.1 4.3851 3.03146 0.261778 -0.0192456 0.0212891 -0.0123299 0.0570664 0.00201795 0.0340644 1 0 0 0 0 0 0 0
139 1 0.1 4.3141 3.29933 0.555266 -0.015245 0.000900912 -0.0872681 0.983108 0.677424 -0.0942455 1 0 0 0 0 0 0 0
140 1 0.1 4.58481 3.32488 0.309538 0.0200906 -0.0114213 0.0154963 0.496716 0.152839 -0.374127 1 0 0 0 0 0 0 0
141 1 0.1 4.52837 3.50851 0.361552 0.00769164 -0.00745978 0.0268217 -0.240308 -0.230414 0.060906 1 0 0 0 0 0 0 0
142 1 0.1 4.73542 3.71579 0.465762 0.00497374 0.00711036 -0.00236762 0.340567 -0.192245 0.0457025 1 0 0 0 0 0 0 0
143 1 0.1 5.08383 4.0557 0.401131 -0.00388009 -0.00575588 -0.00350071 -0.0102761 0.0511037 -0.0675522 1 0 0 0 0 0 0 0
144 1 0.1 5.27199 4.01398 0.463951 -0.00763556 0.000140909 0.0019693 -0.0440993 0.531147 -0.216833 1 0 0 0 0 0 0 0
145 1 0.1 5.22896 4.2032 0.310917 0.017637 0.0249498 -0.014169 -0.175139 0.00136046 0.40974 1 0 0 0 0 0 0 0
146 1 0.1 5.42532 4.23357 0.315132 0.021231 -0.00932662 0.00497189 0.293618 0.21164 -0.784299 1 0 0 0 0 0 0 0
147 1 0.1 5.44205 4.41649 0.394153 -0.00341282 -0.00548941 0.00022199 0.0117584 -0.010144 -0.065352 1 0 0 0 0 0 0 0
148 1 0.1 5.72693 4.70576 0.324845 -0.00056514 -0.00118574 0.00251681 -0.00236122 -0.0590357 -0.0278428 1 0 0 0 0 0 0 0
149 1 0.1 5.86433 4.84809 0.353267 -0.00020259 -0.000186372 0.000385407 -0.0123779 -0.00212034 0.00360919 1 0 0 0 0 0 0 0
150 1 0.1 6.1164 0.912311 0.366291 -4.94444e-05 -3.90006e-05 -0.000212784 -0.00677939 -0.00499213 -0.00102278 1 0 0 0 0 0 0 0
151 1 0.1 5.82979 1.70421 0.302295 -0.0161615 0.00653734 -0.00607245 -0.179681 -0.208637 0.0568289 1 0 0 0 0 0 0 0
152 1 0.1 5.49653 1.76927 0.195598 -0.0539674 0.0656314 0.0198673 0.169968 0.146371 -0.13735 1 0 0 0 0 0 0 0
153 1 0.1 6.01983 2.32737 0.512829 -0.0384713 0.0063179 -0.0139709 0.251332 0.0123757 0.478552 1 0 0 0 0 0 0 0
154 1 0.1 5.63003 1.98489 0.392141 0.0095513 -5.49032e-05 -0.0174558 0.0986258 0.0426436 0.0586701 1 0 0 0 0 0 0 0
155 1 0.1 5.3502 2.14716 0.337484 -0.313825 0.183629 0.00578641 -0.00463305 -0.922876 3.29838 1 0 0 0 0 0 0 0
156 1 0.1 5.14672 2.24117 0.606974 0.000874479 -0.0306496 0.0533002 0.0826637 0.368179 0.344205 1 0 0 0 0 0 0 0
157 1 0.1 4.89263 2.13475 0.58997 -0.0189686 0.00435118 0.021439 0.0984336 0.483498 0.19223 1 0 0 0 0 0 0 0
158 1 0.1 4.7814 2.52052 0.284483 0.000119229 0.0231658 -0.0126647 -0.039498 -0.568568 -0.00345319 1 0 0 0 0 0 0 0
159 1 0.1 5.01175 2.77805 0.50825 0.0505004 0.110609 0.0303983 0.406555 1.12423 0.0453032 1 0 0 0 0 0 0 0
160 1 0.1 4.85607 2.68383 0.425247 -0.00538669 0.184534 0.0228344 -0.523955 0.198301 -0.473697 1 0 0 0 0 0 0 0
161 1 0.1 4.76863 2.96832 0.456556 -0.123568 0.116206 -0.0505137 0.218396 0.455561 -0.184489 1 0 0 0 0 0 0 0
162 1 0.1 4.67237 2.85465 0.589097 -0.054082 0.0632257 -0.0377414 0.777362 2.41106 -1.38087 1 0 0 0 0 0 0 0
163 1 0.1 4.86965 2.87284 0.610167 -0.0688751 0.0315391 -0.0512962 -0.218562 -2.49059 0.993842 1 0 0 0 0 0 0 0
164 1 0.1 4.31406 3.29459 0.762623 0.000256793 -0.00511969 -0.00529759 0.00527253 -0.0511036 -0.0193869 1 0 0 0 0 0 0 0
165 1 0.1 4.78308 3.49001 0.562221 0.0497276 0.109387 0.0282663 0.393597 0.394252 -1.29225 1 0 0 0 0 0 0 0
166 1 0.1 4.92526 3.40512 0.450204 0.0509336 0.0432685 0.0828138 -1.11739 -0.783293 1.08354 1 0 0 0 0 0 0 0
167 1 0.1 5.26148 3.7446 0.261366 -0.00570445 -0.0114223 0.00788966 -0.000354071 -0.105877 0.0507118 1 0 0 0 0 0 0 0
168 1 0.1 5.23386 4.00488 0.271258 -0.0262238 -0.0116115 0.0104204 -0.107507 -0.371914 0.0369813 1 0 0 0 0 0 0 0
169 1 0.1 5.38044 3.88098 0.345718 0.00765974 -0.0254113 0.0134799 -0.0476474 -0.0580166 -0.237182 1 0 0 0 0 0 0 0
170 1 0.1 5.41463 4.1476 0.492251 0.00122261 -0.00973116 0.000809376 -0.0253384 -0.137774 0.157342 1 0 0 0 0 0 0 0
171 1 0.1 5.6469 4.3515 0.441329 -0.0234172 0.00200292 -0.0141908 -0.111602 0.0634762 0.0871161 1 0 0 0 0 0 0 0
172 1 0.1 5.75403 4.26881 0.295327 -0.0178892 -0.00185777 -0.00507803 -0.0547523 -0.0666178 0.0291383 1 0 0 0 0 0 0 0
173 1 0.1 5.89123 4.41332 0.311198 -0.0154736 -0.000750074 -0.00436268 -0.0193704 -0.128388 0.163175 1 0 0 0 0 0 0 0
174 1 0.1 6.00516 4.98994 0.350012 -0.00023319 -0.000257704 -0.000215337 0.00493775 0.00112114 0.0027783 1 0 0 0 0 0 0 0
175 1 0.1 6.25556 0.770874 0.341659 -6.22822e-05 -0.000375709 0.00176645 0.00842301 -0.0265456 -0.00323628 1 0 0 0 0 0 0 0
176 1 0.1 5.74434 1.52447 0.318266 -0.0148947 0.00815732 0.00101238 0.0488082 0.0685995 -0.0475522 1 0 0 0 0 0 0 0
177 1 0.1 5.81645 1.92007 0.307272 -0.0123357 0.00886817 -0.000347657 -0.126426 -0.069547 -0.112954 1 0 0 0 0 0 0 0
178 1 0.1 5.8191 2.11894 0.323912 -0.0202731 0.008431 -0.0302476 -0.174146 -0.759078 0.124128 1 0 0 0 0 0 0 0
179 1 0.1 5.46072 1.97767 0.286746 0.000210117 0.0203472 -0.00409288 0.267646 0.129313 -0.0731951 1 0 0 0 0 0 0 0
180 1 0.1 5.5091 2.15257 0.461232 -0.110963 0.0582112 -0.0484541 1.21814 2.58293 -0.328489 1 0 0 0 0 0 0 0
181 1 0.1 5.13148 2.15489 0.318273 -0.00239523 -0.07814 0.0375473 1.33105 -0.066218 -1.35751 1 0 0 0 0 0 0 0
182 1 0.1 5.01327 2.23114 0.460346 0.034601 -0.0382551 0.0490298 -0.325264 -0.655341 -0.492458 1 0 0 0 0 0 0 0
183 1 0.1 5.00075 2.59 0.324419 -0.229075 -0.123116 -0.0164257 -0.515943 0.971688 -3.03608 1 0 0 0 0 0 0 0
184 1 0.1 5.38789 2.78181 0.478287 -0.0555613 0.0219221 -0.0280486 0.24192 0.122758 1.16458 1 0 0 0 0 0 0 0
185 1 0.1 5.19285 2.84194 0.463703 0.137817 -0.0360349 0.0540957 3.35566 -0.14216 -2.72352 1 0 0 0 0 0 0 0
186 1 0.1 5.03278 2.8005 0.312493 -0.0248874 0.0186227 0.0117627 -1.20547 -0.326764 -0.597429 1 0 0 0 0 0 0 0
187 1 0.1 4.50088 2.69383 0.275649 -0.00680233 0.0364178 0.0137611 0.312331 0.513764 0.361276 1 0 0 0 0 0 0 0
188 1 0.1 4.87381 3.09181 0.339639 -0.0218015 -0.0442811 -0.148717 -0.168813 -1.45274 0.17496 1 0 0 0 0 0 0 0
189 1 0.1 5.34107 3.37469 0.390138 -0.032271 -0.0153509 -0.00226477 0.0735361 0.0930487 -0.227259 1 0 0 0 0 0 0 0
190 1 0.1 5.12934 3.59508 0.264484 -0.0134196 -0.00622334 0.0157899 0.0755493 0.0118781 0.066978 1 0 0 0 0 0 0 0
191 1 0.1 5.45213 3.52162 0.313534 -0.00965466 -0.0292217 -0.00358651 0.0735603 0.119316 -0.164142 1 0 0 0 0 0 0 0
192 1 0.1 5.1774 3.87365 0.135586 0.0037188 -0.0098506 0.00043398 0.0759078 0.0839052 -0.0698418 1 0 0 0 0 0 0 0
193 1 0.1 5.67846 3.7977 0.306852 0.00623357 -0.00689916 0.0016066 0.143211 0.04514 0.0535007 1 0 0 0 0 0 0 0
194 1 0.1 5.78122 3.77611 0.586941 -0.0123389 -0.0150302 0.016972 -0.0429484 -0.190647 -0.00370941 1 0 0 0 0 0 0 0
195 1 0.1 5.68407 4.0329 0.366343 -0.0101121 0.00777739 -0.00425985 -0.0798593 -0.00533237 -0.0937823 1 0 0 0 0 0 0 0
196 1 0.1 5.89915 4.13325 0.273424 -0.0250701 -0.00956146 -0.000917784 0.191375 -0.171077 -0.103461 1 0 0 0 0 0 0 0
197 1 0.1 5.99987 4.01313 0.405969 -0.0153183 -0.00383665 0.0664228 -0.331334 -0.0693348 0.14291 1 0 0 0 0 0 0 0
198 1 0.1 5.89867 4.63864 0.24804 -0.00142796 -0.00047048 0.00238394 -0.0514704 0.0109546 -0.0834355 1 0 0 0 0 0 0 0
199 1 0.1 6.14656 5.13132 0.349985 -0.000194513 -0.000322292 4.53583e-05 -2.00937e-05 -0.00118535 -0.00327116 1 0 0 0 0 0 0 0
200 1 0.1 6.02528 1.26475 0.315534 0.00525841 -0.00862336 -0.00914204 -0.072114 0.00297291 -0.103674 1 0 0 0 0 0 0 0
201 1 0.1 5.69698 1.33003 0.360304 -0.00790653 0.00634594 -0.00828132 -0.0134776 0.104973 0.0939638 1 0 0 0 0 0 0 0
202 1 0.1 6.03175 2.01198 0.617365 0.0103931 0.00731945 0.00764812 -0.13605 -0.186149 -0.243141 1 0 0 0 0 0 0 0
203 1 0.1 5.9371 2.36502 0.690913 -0.028124 -0.0217642 -0.00125874 0.078348 0.106277 -0.501743 1 0 0 0 0 0 0 0
204 1 0.1 5.93001 2.59226 0.330902 -0.0215545 0.0049287 -0.0179141 -0.151735 0.555832 0.19718 1 0 0 0 0 0 0 0
205 1 0.1 5.61424 2.2292 0.309855 -0.308686 0.234701 -0.0840107 0.525061 -0.505428 1.17074 1 0 0 0 0 0 0 0
206 1 0.1 5.42806 2.33132 0.333918 -0.753945 0.368679 0.00456655 0.0295317 1.02132 1.47434 1 0 0 0 0 0 0 0
207 1 0.1 5.60044 2.41533 0.430623 0.000714675 -0.194111 0.0121323 -0.12412 -0.314158 1.08987 1 0 0 0 0 0 0 0
208 1 0.1 5.0487 2.45218 0.137226 -0.0350812 -0.0209002 -0.00232169 0.0440736 -0.209651 0.259392 1 0 0 0 0 0 0 0
209 1 0.1 5.56776 2.57191 0.31079 -0.165444 -0.226837 0.0102831 -0.166293 1.64842 -0.00355091 1 0 0 0 0 0 0 0
210 1 0.1 5.73794 2.94602 0.483962 0.0478225 -0.0549196 0.00748489 -0.0755613 0.3131 -0.339829 1 0 0 0 0 0 0 0
211 1 0.1 5.27376 2.96978 0.137491 -0.00754586 -0.00556293 0.00904789 -0.234019 -0.059937 -0.687926 1 0 0 0 0 0 0 0
212 1 0.1 4.95372 3.02297 0.509348 -0.0881892 0.0275016 -0.0806189 -0.30925 0.35239 0.517567 1 0 0 0 0 0 0 0
213 1 0.1 5.04868 2.99854 0.321208 -0.00176252 0.00798219 -0.0211471 0.825573 -0.421175 0.277294 1 0 0 0 0 0 0 0
214 1 0.1 5.44332 3.37434 0.138601 -0.0223122 -0.00774144 -0.0116537 0.328003 -0.233025 -0.0510645 1 0 0 0 0 0 0 0
215 1 0.1 5.80795 3.35671 0.450486 0.00422925 -0.000735292 -0.0102145 0.119056 -0.123589 0.188555 1 0 0 0 0 0 0 0
216 1 0.1 5.82945 3.49484 0.308265 1.09765e-06 0.0111309 0.000609698 0.00966015 -0.0726826 0.0816934 1 0 0 0 0 0 0 0
217 1 0.1 5.65055 3.59984 0.306046 0.00812311 -0.00993605 -0.00915709 0.18811 -0.037291 0.0483308 1 0 0 0 0 0 0 0
218 1 0.1 5.96251 3.7232 0.292435 -0.000243397 0.00940505 0.00282802 -0.0637531 -0.00886979 0.112212 1 0 0 0 0 0 0 0
219 1 0.1 6.05724 3.63964 0.137445 0.00154373 0.00700572 0.000775243 -0.0463156 0.00335959 -0.0376944 1 0 0 0 0 0 0 0
220 1 0.1 5.98789 3.57004 0.760767 -0.0030857 0.00771672 -0.00441903 -0.125843 0.0624312 0.0209025 1 0 0 0 0 0 0 0
221 1 0.1 6.05926 3.45057 0.586361 0.00345034 0.0225519 0.00103971 0.00163216 -0.0493447 0.351353 1 0 0 0 0 0 0 0
222 1 0.1 6.03958 3.47797 0.253807 0.00530733 0.006385 -0.000296811 0.0663561 0.0386918 -0.0133945 1 0 0 0 0 0 0 0
223 1 0.1 6.03828 4.75111 0.336399 -0.000652058 -9.1977e-05 0.000167503 -0.00270541 0.0105972 -0.0051803 1 0 0 0 0 0 0 0
224 1 0.1 6.13561 4.87041 0.463951 0.00102737 0.00264891 -0.00399649 -0.0448891 -0.00968736 -0.0102668 1 0 0 0 0 0 0 0
225 1 0.1 5.98523 1.57997 0.328814 -0.000211206 0.0087253 -0.00178764 -0.0400006 -0.0951794 -0.0271699 1 0 0 0 0 0 0 0
226 1 0.1 5.70999 2.25986 0.137344 -0.148816 0.170229 -0.000862801 -1.69295 -1.5033 -0.371098 1 0 0 0 0 0 0 0
227 1 0.1 6.00491 1.98685 0.304728 -0.00702741 -0.000624042 3.89388e-05 -0.0707262 -0.00537036 0.000145526 1 0 0 0 0 0 0 0
228 1 0.1 5.97488 2.56144 0.137453 0.00153118 -0.00569089 -0.0038785 0.0554239 0.0169765 -0.117573 1 0 0 0 0 0 0 0
229 1 0.1 5.45989 2.89711 0.143922 -0.0890151 -0.211568 0.0746519 -0.558361 -0.32155 -1.55096 1 0 0 0 0 0 0 0
230 1 0.1 5.94533 3.08711 0.284552 -0.0158623 -0.00472719 -0.00717365 0.221596 0.0859422 -0.182503 1 0 0 0 0 0 0 0
231 1 0.1 5.86182 2.45812 0.513217 -0.0162881 -0.0125583 0.00886181 -0.0115128 0.0763729 -0.042357 1 0 0 0 0 0 0 0
232 1 0.1 5.76193 2.4617 0.322409 -0.0646517 -0.00818275 0.00568046 -0.378921 0.318378 1.57607 1 0 0 0 0 0 0 0
233 1 0.1 5.93844 2.6291 0.582358 0.0498018 -0.0431422 0.0099799 -0.11365 -0.334457 -0.865325 1 0 0 0 0 0 0 0
234 1 0.1 5.81587 2.75971 0.309443 0.000812659 -0.00971331 0.00876585 -0.156347 -0.0976722 0.170983 1 0 0 0 0 0 0 0
235 1 0.1 6.00833 2.74928 0.426682 0.0578272 -0.0200556 -0.0384172 0.283959 0.248712 -0.712218 1 0 0 0 0 0 0 0
236 1 0.1 5.59271 3.07731 0.521949 0.0596883 -0.034604 0.00435925 -0.189346 -0.110204 0.190987 1 0 0 0 0 0 0 0
237 1 0.1 5.59458 3.101 0.324927 0.0427045 -0.0298703 0.0126719 0.229962 0.161354 0.888518 1 0 0 0 0 0 0 0
238 1 0.1 5.44076 3.23693 0.283827 -0.225954 -0.0960867 -0.102215 0.141687 0.973718 -1.2733 1 0 0 0 0 0 0 0
239 1 0.1 5.77047 3.19263 0.308559 0.0151199 0.0311651 -0.000753887 0.093075 0.219687 -0.228208 1 0 0 0 0 0 0 0
240 1 0.1 5.91001 2.91858 0.386145 0.0424039 -0.0221709 -0.0141111 -0.12327 -0.036945 0.846267 1 0 0 0 0 0 0 0
241 1 0.1 5.50659 3.35368 0.556454 -0.00972669 -0.0222263 0.0189182 -0.321949 -0.370571 0.424226 1 0 0 0 0 0 0 0
242 1 0.1 5.93829 3.30121 0.309447 0.0241348 0.018651 -0.000326895 -0.0663785 0.0501488 0.0767278 1 0 0 0 0 0 0 0
243 1 0.1 5.9375 3.29196 0.58806 0.0118218 0.0149907 -0.0107201 0.0829741 0.0288043 0.24395 1 0 0 0 0 0 0 0
244 1 0.1 5.80748 3.6712 0.407282 0.00123463 -0.00786207 0.000943483 0.0605028 -0.0225074 0.110098 1 0 0 0 0 0 0 0
245 1 0.1 5.86914 3.19792 0.136668 -0.000381269 0.0115496 -0.0032165 -0.113287 0.0220519 -0.0927347 1 0 0 0 0 0 0 0
246 1 0.1 5.97748 3.56711 0.421644 0.00373027 -0.00329099 0.00360907 0.074027 -0.0927457 -0.0434549 1 0 0 0 0 0 0 0
247 1 0.1 5.72659 4.17715 0.498061 -0.0096871 0.0115143 -0.00826782 0.0161174 -0.0238139 0.0611215 1 0 0 0 0 0 0 0
248 1 0.1 6.12926 4.36072 0.428839 -0.0370708 -0.0111492 0.0223814 0.160035 -0.454624 -0.278211 1 0 0 0 0 0 0 0
249 1 0.1 6.07722 4.51584 0.314074 0.00730324 -0.00212268 0.00705203 -0.107503 -0.13565 0.136386 1 0 0 0 0 0 0 0
250 1 0.1 5.95972 1.06633 0.563588 -0.00645046 0.00620766 0.00481979 0.0318407 -0.0107914 -0.0970909 1 0 0 0 0 0 0 0
251 1 0.1 5.82501 1.20568 0.514961 -0.00591668 0.00480663 -0.000974594 -0.0203493 -0.0887737 0.118257 1 0 0 0 0 0 0 0
252 1 0.1 5.61885 1.40973 0.532019 -0.00541572 0.00560257 -0.00716102 -0.257243 -0.11932 0.075607 1 0 0 0 0 0 0 0
253 1 0.1 5.45056 1.56761 0.551029 -0.0136601 0.00619163 -0.00633082 0.00997645 0.13396 0.12345 1 0 0 0 0 0 0 0
254 1 0.1 5.30302 1.71572 0.559569 0.000214632 0.000256006 -0.00300506 -0.0458597 -0.0249722 -0.00615722 1 0 0 0 0 0 0 0
255 1 0.1 5.26955 1.97567 0.401239 0.0205892 0.0202539 -0.0155298 -0.00124924 0.263911 0.630595 1 0 0 0 0 0 0 0
256 1 0.1 5.03276 1.99399 0.584781 0.00134369 0.000606391 -0.0107549 -0.0300745 0.0704525 -0.078918 1 0 0 0 0 0 0 0
257 1 0.1 4.78347 2.3304 0.565223 0.0353902 0.0275256 -0.0227861 1.55389 -1.06162 0.669966 1 0 0 0 0 0 0 0
258 1 0.1 4.65699 2.67021 0.523748 -0.128876 0.0693022 -0.0651061 -0.271693 0.376364 1.59184 1 0 0 0 0 0 0 0
259 1 0.1 4.83544 2.848 0.314292 -0.0705586 0.156856 -0.0433444 -0.0747433 -0.439048 1.32995 1 0 0 0 0 0 0 0
260 1 0.1 4.48919 2.78535 0.617001 -0.00310831 -0.0583073 0.0187294 1.26489 -1.31523 2.741 1 0 0 0 0 0 0 0
261 1 0.1 4.43188 2.87733 0.454359 -0.0385467 0.150109 0.180392 1.75052 -0.140909 0.144272 1 0 0 0 0 0 0 0
262 1 0.1 4.35743 2.92274 0.675247 -0.0106042 0.00277862 -0.0768657 0.709899 1.20163 0.500048 1 0 0 0 0 0 0 0
263 1 0.1 4.19792 2.97573 0.301612 -0.00471215 0.00865956 -0.00597908 0.00238124 0.0778223 0.0953798 1 0 0 0 0 0 0 0
264 1 0.1 4.19267 3.17015 0.65046 -0.0077294 0.00708331 -0.0240909 0.0708236 0.289061 0.0415712 1 0 0 0 0 0 0 0
265 1 0.1 4.45652 3.43903 0.54726 -0.00219363 -0.00398478 -0.0107731 0.160352 -0.0603729 0.0227447 1 0 0 0 0 0 0 0
266 1 0.1 4.39013 3.36563 0.317993 0.00918387 -0.00255837 -0.0360701 0.959423 -1.10033 0.0656364 1 0 0 0 0 0 0 0
267 1 0.1 4.59896 3.5786 0.561361 -0.00267561 -0.00236251 0.000633397 -0.0247855 0.0207821 -0.0229554 1 0 0 0 0 0 0 0
268 1 0.1 5.02923 3.77487 0.459588 -0.00612042 -0.0159425 -0.00627665 0.0425292 -0.0287549 0.142391 1 0 0 0 0 0 0 0
269 1 0.1 5.00911 3.98278 0.571685 -0.00215631 -0.00213826 -0.000826692 0.00595874 0.00307949 -0.0202541 1 0 0 0 0 0 0 0
270 1 0.1 5.15528 4.1302 0.576767 -0.000729106 -0.00157189 0.00570564 -0.0242094 -0.0224781 -0.0395015 1 0 0 0 0 0 0 0
271 1 0.1 5.29697 4.2704 0.590223 0.000126723 -0.00321402 -0.00191582 0.0629601 0.162077 -0.162152 1 0 0 0 0 0 0 0
272 1 0.1 5.50292 4.47583 0.575163 -0.00307938 -0.00230035 -0.000832133 0.00196614 0.0142442 -0.0441403 1 0 0 0 0 0 0 0
273 1 0.1 5.63618 4.60439 0.49977 -0.00275192 -0.00167876 -0.00192339 0.00913749 0.00836493 -0.0191671 1 0 0 0 0 0 0 0
274 1 0.1 5.7784 4.74717 0.513444 -0.000492812 0.000312367 0.0023526 0.0174558 0.00960862 0.00250325 1 0 0 0 0 0 0 0
275 1 0.1 6.10125 0.925182 0.565288 -0.00716699 0.00533432 -0.000978742 0.0201374 0.041168 0.0836005 1 0 0 0 0 0 0 0
276 1 0.1 5.64379 1.59907 0.590518 -0.0127221 0.00833047 -0.00926086 0.189222 -0.0683725 -0.0514 1 0 0 0 0 0 0 0
277 1 0.1 5.56577 1.6574 0.41536 -0.0320234 0.0179035 -0.0119672 0.177755 0.133432 -0.135101 1 0 0 0 0 0 0 0
278 1 0.1 5.65554 1.80218 0.311728 -0.0292952 0.0260872 0.00357453 0.199729 0.159434 -0.120194 1 0 0 0 0 0 0 0
279 1 0.1 5.50921 1.75565 0.58537 -0.0311373 0.0137398 -0.0149485 0.054839 0.33981 0.140772 1 0 0 0 0 0 0 0
280 1 0.1 5.4123 2.0066 0.557542 0.0118865 -0.0105536 -0.0132663 0.14081 0.0494316 -0.0268366 1 0 0 0 0 0 0 0
281 1 0.1 5.22071 2.05837 0.57627 0.00879733 -0.0134467 -0.00330909 0.210522 -0.060816 0.00141552 1 0 0 0 0 0 0 0
282 1 0.1 4.95288 2.06849 0.764418 0.0144193 0.00314376 0.00260375 0.000313141 -0.13334 -0.0355948 1 0 0 0 0 0 0 0
283 1 0.1 4.92955 2.43164 0.473867 0.0176395 0.0541897 -0.0290829 -1.56965 -0.175174 0.56389 1 0 0 0 0 0 0 0
284 1 0.1 5.18382 2.66949 0.312088 -0.197026 -0.18385 0.106686 0.24232 -0.412641 -1.73263 1 0 0 0 0 0 0 0
285 1 0.1 4.47299 2.57343 0.583458 0.0669651 0.102258 0.0167597 1.27909 -0.488072 -0.766496 1 0 0 0 0 0 0 0
286 1 0.1 4.57827 2.68877 0.763839 0.0129747 -0.0172221 0.00653354 -0.168282 -0.0534912 -0.285105 1 0 0 0 0 0 0 0
287 1 0.1 4.57532 3.08765 0.762532 -0.0340639 -0.00636135 -0.00619652 0.0898628 0.147483 -0.199427 1 0 0 0 0 0 0 0
288 1 0.1 4.49491 3.21678 0.538187 0.0455813 0.113448 -0.0156989 -0.625433 -0.626402 -1.25224 1 0 0 0 0 0 0 0
289 1 0.1 4.68573 3.15522 0.332014 -0.0144683 -0.0560942 -0.215466 1.98846 0.132598 -0.0129052 1 0 0 0 0 0 0 0
290 1 0.1 4.8307 3.33464 0.229738 0.00692088 0.0630278 0.31673 -0.697798 -2.81017 0.676404 1 0 0 0 0 0 0 0
291 1 0.1 4.93942 3.45511 0.680536 0.0481752 0.00412894 -0.00138175 -0.0104176 -0.113512 0.180264 1 0 0 0 0 0 0 0
292 1 0.1 5.03993 3.57223 0.441147 -0.0117157 -0.0263126 0.0166257 -0.100721 -0.0469374 0.376061 1 0 0 0 0 0 0 0
293 1 0.1 4.84722 3.81915 0.336238 0.00466209 0.00548152 -0.000329643 -0.197191 0.192201 0.014162 1 0 0 0 0 0 0 0
294 1 0.1 5.22512 3.80879 0.44757 -0.00700854 -0.00362253 0.00457601 -0.00426428 -0.0793132 -0.00471344 1 0 0 0 0 0 0 0
295 1 0.1 5.19275 3.91388 0.615597 0.00973054 0.008191 0.0144964 0.271125 0.0437761 -0.35702 1 0 0 0 0 0 0 0
296 1 0.1 5.57324 4.04986 0.556093 0.00780103 0.000900892 0.000469417 0.0275651 0.113801 -0.0302026 1 0 0 0 0 0 0 0
297 1 0.1 5.74657 4.45765 0.578167 -0.0641718 -0.0240865 0.0342184 -0.256355 -0.349426 -0.597964 1 0 0 0 0 0 0 0
298 1 0.1 5.71769 4.50772 0.340465 -0.0190355 -0.00090818 -0.0119776 0.153077 -0.0375626 -0.160655 1 0 0 0 0 0 0 0
299 1 0.1 6.05292 5.02752 0.555733 0.000773643 0.00192079 -0.00377525 0.0437405 0.0128004 0.0132193 1 0 0 0 0 0 0 0
300 1 0.1 6.23981 0.781873 0.549835 -0.0068749 0.00532695 -0.000148504 -0.0240579 -0.0210506 -0.00845908 1 0 0 0 0 0 0 0
301 1 0.1 5.85467 1.56662 0.479395 -0.00393321 0.00274238 -0.00597842 0.0775025 0.0300858 0.0798987 1 0 0 0 0 0 0 0
302 1 0.1 5.92802 1.80735 0.442343 0.00254139 -0.00507652 -0.0104697 0.0723831 0.2105 -0.421176 1 0 0 0 0 0 0 0
303 1 0.1 5.89494 2.00211 0.471908 0.0260918 -0.00465268 -0.00779324 -0.0757279 -0.0551569 0.202427 1 0 0 0 0 0 0 0
304 1 0.1 5.78635 1.88935 0.595968 0.0205854 -0.0101652 -0.0147711 0.108797 -0.0826877 -0.0588045 1 0 0 0 0 0 0 0
305 1 0.1 5.60671 1.97606 0.590393 0.0153583 -0.0168017 -0.0176951 0.0836944 -0.0273105 0.0355565 1 0 0 0 0 0 0 0
306 1 0.1 5.2803 2.43735 0.564756 -0.0103183 -0.119692 0.0795974 -0.437535 2.19344 0.146708 1 0 0 0 0 0 0 0
307 1 0.1 5.13798 2.41568 0.703401 -0.0454798 -0.0418508 0.0654355 0.0661268 -0.583096 0.0886267 1 0 0 0 0 0 0 0
308 1 0.1 5.25384 2.45644 0.296517 -0.0440832 -0.0254409 0.0328588 -0.165121 -0.416364 -0.738177 1 0 0 0 0 0 0 0
309 1 0.1 4.95865 2.60179 0.574676 0.0425463 0.0692131 -0.0385438 0.969549 1.0086 -0.751039 1 0 0 0 0 0 0 0
310 1 0.1 5.49084 2.93458 0.353151 0.174342 -0.144774 -0.129771 1.77937 0.415352 0.63041 1 0 0 0 0 0 0 0
311 1 0.1 4.57984 2.8884 0.762811 -0.00442234 -0.0125336 0.00104104 -0.139193 0.046121 0.44929 1 0 0 0 0 0 0 0
312 1 0.1 4.57822 3.03173 0.571038 0.00256515 0.131485 -0.0561014 1.32937 -0.7705 -0.409375 1 0 0 0 0 0 0 0
313 1 0.1 5.04117 3.18145 0.400982 -0.0942844 0.012882 -0.0171777 -0.919401 -0.62787 0.0990766 1 0 0 0 0 0 0 0
314 1 0.1 5.2609 3.17199 0.138401 0.00450353 0.0836835 -0.0115891 0.591295 -0.0466174 0.423653 1 0 0 0 0 0 0 0
315 1 0.1 5.12844 3.32515 0.507959 -0.0791411 0.0208768 -0.0173676 0.184043 -0.0484273 -0.824983 1 0 0 0 0 0 0 0
316 1 0.1 5.62762 3.40282 0.310531 -0.0168055 -0.00734769 0.00603954 -0.325553 0.178655 -0.296869 1 0 0 0 0 0 0 0
317 1 0.1 5.26165 3.61537 0.412448 -0.0058249 -0.00430036 0.0134478 -0.0883989 0.0404349 0.0051812 1 0 0 0 0 0 0 0
318 1 0.1 5.49148 3.71627 0.333645 -0.000568149 -0.0296528 0.00912907 0.0785985 0.0530132 0.125291 1 0 0 0 0 0 0 0
319 1 0.1 5.43265 3.90548 0.588824 0.0102818 0.00135592 0.00358626 0.017399 -0.0756903 -0.0139513 1 0 0 0 0 0 0 0
320 1 0.1 5.3332 4.04498 0.690459 0.014919 0.0074046 0.00513538 0.0134306 0.0413195 -0.097292 1 0 0 0 0 0 0 0
321 1 0.1 5.93806 3.89622 0.555963 0.00108158 -0.0312444 0.0497965 0.20727 -0.113077 -0.191564 1 0 0 0 0 0 0 0
322 1 0.1 5.68004 4.1485 0.690348 0.00836119 0.00878654 -0.00534663 0.0238498 0.0453772 0.2312 1 0 0 0 0 0 0 0
323 1 0.1 5.9265 4.57069 0.432726 0.00389072 0.00395386 0.00172854 -0.0376622 0.10814 -0.0920036 1 0 0 0 0 0 0 0
324 1 0.1 6.19333 5.16975 0.549965 0.0010133 0.00128348 -0.000213439 0.0127728 -0.0107615 0.00894929 1 0 0 0 0 0 0 0
325 1 0.1 6.08702 1.20491 0.495962 -0.0045406 0.000456935 -0.00233283 -0.0759452 -0.0669799 -0.0377975 1 0 0 0 0 0 0 0
326 1 0.1 5.88465 1.39591 0.379666 -0.00675011 0.00810231 -0.0178626 0.0651044 0.0164428 -0.0758865 1 0 0 0 0 0 0 0
327 1 0.1 6.00194 2.15809 0.407889 -0.0231305 0.0179388 -0.0332017 -0.202342 0.137583 0.376611 1 0 0 0 0 0 0 0
328 1 0.1 5.60885 2.27165 0.761325 -0.00238773 0.00526817 0.135802 0.395095 -0.994757 -0.3661 1 0 0 0 0 0 0 0
329 1 0.1 5.88153 2.18853 0.57981 -0.0182789 -0.0639504 0.00931868 0.0634443 -0.254216 -1.55151 1 0 0 0 0 0 0 0
330 1 0.1 5.52634 2.31001 0.583311 0.0272886 -0.065583 0.100511 -1.71508 0.187257 -0.583236 1 0 0 0 0 0 0 0
331 1 0.1 5.70454 2.12963 0.508011 -0.0367671 0.0189555 -0.011978 0.0110218 0.0351381 0.636481 1 0 0 0 0 0 0 0
332 1 0.1 5.8641 2.58599 0.762651 0.00167301 -0.0018677 0.000101422 0.00248447 0.0113917 -0.00292889 1 0 0 0 0 0 0 0
333 1 0.1 5.76975 2.62229 0.446595 -0.00783775 -0.0114093 0.00888479 0.0738981 -0.239611 0.0650213 1 0 0 0 0 0 0 0
334 1 0.1 5.46523 2.49856 0.60767 0.0110723 -0.0508896 -0.04347 0.347668 -0.756191 0.684853 1 0 0 0 0 0 0 0
335 1 0.1 5.11278 2.51179 0.486368 0.0255309 -0.0551931 0.031334 -0.21635 -2.40546 -1.20965 1 0 0 0 0 0 0 0
336 1 0.1 5.37984 2.84306 0.667865 -0.0127124 -0.000900095 -0.00936505 0.0551785 0.401326 -0.404343 1 0 0 0 0 0 0 0
337 1 0.1 5.14802 2.98913 0.589119 -0.00485381 -0.0297293 0.00182517 -2.80483 -3.36192 2.23775 1 0 0 0 0 0 0 0
338 1 0.1 5.22142 3.09645 0.341179 -0.0415937 -0.000201385 0.0341745 -0.036995 0.122173 -0.0826031 1 0 0 0 0 0 0 0
339 1 0.1 5.35565 3.18724 0.457769 -0.037116 -0.00661436 0.0115281 -0.108478 0.0690478 0.011289 1 0 0 0 0 0 0 0
340 1 0.1 5.63642 3.25518 0.442799 0.00115965 -0.0092003 0.00558614 0.292409 0.556316 -0.102006 1 0 0 0 0 0 0 0
341 1 0.1 5.39819 3.52677 0.528563 -0.0424649 0.00354768 0.0640098 0.28382 -0.90681 0.305334 1 0 0 0 0 0 0 0
342 1 0.1 5.60038 3.51162 0.479838 -0.01876 -0.0152211 0.0155572 0.0918697 0.0699598 -0.155667 1 0 0 0 0 0 0 0
343 1 0.1 5.6257 3.70927 0.480646 -0.000188145 -0.0160431 0.00696839 -0.0236641 0.0655112 -0.0398337 1 0 0 0 0 0 0 0
344 1 0.1 5.70007 3.59842 0.629323 -0.00911597 -0.0182108 0.0116278 -0.0843726 0.0232433 0.102656 1 0 0 0 0 0 0 0
345 1 0.1 5.81612 3.26909 0.762984 0.000100483 0.0182528 0.0027254 0.163301 -0.00221878 0.0128438 1 0 0 0 0 0 0 0
346 1 0.1 5.95598 3.67947 0.594964 -0.00526745 -0.00239076 0.0391405 0.3974 -0.270163 0.117983 1 0 0 0 0 0 0 0
347 1 0.1 6.06341 3.77613 0.45675 -0.00973912 -0.0211411 0.0210196 0.432528 -0.0581332 -0.125105 1 0 0 0 0 0 0 0
348 1 0.1 5.91331 4.88463 0.5672 6.04882e-05 0.000221976 0.000703792 -0.00541053 0.000161282 -0.00501122 1 0 0 0 0 0 0 0
349 1 0.1 6.02274 4.72072 0.533277 0.00558294 0.00357973 0.00259968 -0.0419798 0.0450608 0.0149381 1 0 0 0 0 0 0 0
350 1 0.1 6.0775 1.42844 0.421111 -0.00918728 0.0042005 -0.000794891 0.134915 -0.158124 0.0765668 1 0 0 0 0 0 0 0
351 1 0.1 6.0703 1.63681 0.500498 -0.00718116 0.00728144 0.00306896 0.0764588 0.0292007 0.0722052 1 0 0 0 0 0 0 0
352 1 0.1 6.0746 1.82066 0.578612 -0.00789497 0.00235695 0.0140754 0.0495614 0.302411 0.0749226 1 0 0 0 0 0 0 0
353 1 0.1 5.8491 1.98031 0.762558 -0.0362736 0.0118658 -0.00151023 0.175966 0.423397 0.0284181 1 0 0 0 0 0 0 0
354 1 0.1 5.91986 2.75359 0.138622 0.0100782 -0.00577652 0.00427113 0.0354618 -0.0391614 0.0230727 1 0 0 0 0 0 0 0
355 1 0.1 5.82993 2.98017 0.141432 -0.00461463 -0.00972885 -0.0349423 -0.197223 0.307573 -0.0864918 1 0 0 0 0 0 0 0
356 1 0.1 5.6903 2.69112 0.762777 -0.0250113 -0.00360951 -0.014001 0.243002 0.0917165 0.0523619 1 0 0 0 0 0 0 0
357 1 0.1 5.66295 2.73679 0.570423 -0.0979373 -0.0666908 -0.0193785 -0.627646 0.307261 1.56685 1 0 0 0 0 0 0 0
358 1 0.1 5.20048 2.90485 0.762557 -0.0534909 -0.0380867 0.00560812 0.235849 0.195711 -0.0115245 1 0 0 0 0 0 0 0
359 1 0.1 5.58272 2.76112 0.389217 0.016968 -0.224355 -0.0940619 -1.53158 -1.60173 -2.253 1 0 0 0 0 0 0 0
360 1 0.1 5.87845 3.00971 0.613251 0.0108944 0.00411242 -0.0150036 0.248905 0.113635 0.287226 1 0 0 0 0 0 0 0
361 1 0.1 5.72632 2.89796 0.678388 0.0024435 0.0244893 0.00184794 -0.203061 0.142947 -0.568593 1 0 0 0 0 0 0 0
362 1 0.1 5.53624 2.8907 0.556243 -0.02395 -0.0162679 -0.0233467 0.376647 -0.16006 -0.995293 1 0 0 0 0 0 0 0
363 1 0.1 5.32253 2.99223 0.487329 0.139931 -0.0358269 0.134993 -1.17697 1.16245 3.14937 1 0 0 0 0 0 0 0
364 1 0.1 5.48975 3.02876 0.760852 -0.087484 -0.0125366 -0.0327762 -0.0860849 -0.220165 -0.189866 1 0 0 0 0 0 0 0
365 1 0.1 5.42327 3.18112 0.645671 -0.0933484 -0.00862219 0.0215628 0.0885362 -0.640839 -0.147318 1 0 0 0 0 0 0 0
366 1 0.1 5.74015 3.18626 0.598792 0.0207078 0.0139884 0.00209977 -0.0722071 -0.0907942 0.369306 1 0 0 0 0 0 0 0
367 1 0.1 5.59581 3.19891 0.757573 -0.454166 -0.443166 -0.0154594 0.344549 -0.511376 -5.89941 1 0 0 0 0 0 0 0
368 1 0.1 5.68976 3.38504 0.629248 -0.020282 0.0143945 0.0192445 -0.0388859 0.276459 -0.152096 1 0 0 0 0 0 0 0
369 1 0.1 5.86643 3.50195 0.574543 -0.00302508 -0.000146588 -0.00116083 -0.0568834 0.0470284 -0.11481 1 0 0 0 0 0 0 0
370 1 0.1 5.99419 3.37021 0.762686 0.00228082 0.00827754 -0.00135803 0.0928963 -0.0242202 0.037373 1 0 0 0 0 0 0 0
371 1 0.1 6.04304 3.11884 0.582027 -0.00109857 0.0310882 0.00336734 -0.252703 -0.0367131 0.346416 1 0 0 0 0 0 0 0
372 1 0.1 5.99625 4.21156 0.429381 -0.0458804 0.00306902 -0.00393227 -0.372729 -0.0419063 0.145147 1 0 0 0 0 0 0 0
373 1 0.1 5.91531 4.37523 0.510403 -0.0771134 -0.0253181 0.0147924 0.389367 0.53379 0.503907 1 0 0 0 0 0 0 0
374 1 0.1 6.09869 4.53234 0.526816 0.00240131 0.00480089 0.00582504 -0.119904 -0.067608 0.0252825 1 0 0 0 0 0 0 0
375 1 0.1 5.85602 1.16342 0.7501 -0.000458051 0.000861929 -0.00183082 -0.0131403 0.012583 0.0108775 1 0 0 0 0 0 0 0
376 1 0.1 5.81333 1.39586 0.574683 -0.00592031 0.00629498 -0.00361882 -0.0116075 0.0929281 -0.113987 1 0 0 0 0 0 0 0
377 1 0.1 5.53644 1.48602 0.750245 -0.00370977 0.00243554 -0.00123811 -0.00187528 0.00316514 0.00128042 1 0 0 0 0 0 0 0
378 1 0.1 5.39507 1.62734 0.749963 -0.00380346 0.00309009 -0.00125641 -0.00481586 0.000279588 -0.00294092 1 0 0 0 0 0 0 0
379 1 0.1 5.25381 1.76871 0.750257 -0.00360991 0.00514791 0.00179031 0.0296327 0.0167146 -0.00489291 1 0 0 0 0 0 0 0
380 1 0.1 5.11282 1.90998 0.747627 -0.0058166 0.00285368 -0.00315838 0.00731303 -0.0627643 0.0536893 1 0 0 0 0 0 0 0
381 1 0.1 5.166 1.8573 0.525839 -0.00235097 -0.00095477 -0.00885415 -0.0547944 0.0472766 0.032322 1 0 0 0 0 0 0 0
382 1 0.1 4.77907 2.25379 0.757457 -0.766376 -0.293818 -0.103933 0.171253 0.657028 -6.48805 1 0 0 0 0 0 0 0
383 1 0.1 4.70857 2.44122 0.768553 0.0242506 0.0390596 -0.00223457 0.587777 -0.0684734 0.905522 1 0 0 0 0 0 0 0
384 1 0.1 4.7926 2.51773 0.618209 0.0171761 0.0584326 -0.023169 0.692774 -0.25927 0.152405 1 0 0 0 0 0 0 0
385 1 0.1 4.29916 2.7258 0.592986 -0.0291813 0.0329712 0.0163281 0.209981 -1.40392 0.668539 1 0 0 0 0 0 0 0
386 1 0.1 4.21864 2.80645 0.758131 0.0171679 -0.0139954 -0.0170542 -0.0351977 0.179157 -0.262438 1 0 0 0 0 0 0 0
387 1 0.1 4.19443 3.08117 0.471376 -0.0107625 0.0227251 -0.0160974 -0.134329 0.0973705 0.251115 1 0 0 0 0 0 0 0
388 1 0.1 4.19058 3.00374 0.762415 0.00197959 -0.0071263 -0.00536506 -0.0110478 -0.00986218 0.181842 1 0 0 0 0 0 0 0
389 1 0.1 4.63772 3.35536 0.543072 0.0464497 0.116102 0.00850066 0.051921 -0.255284 1.25815 1 0 0 0 0 0 0 0
390 1 0.1 4.49697 3.47398 0.749579 0.00562826 0.00410545 0.000311636 0.00510716 -0.00627888 0.0562416 1 0 0 0 0 0 0 0
391 1 0.1 4.65345 3.63179 0.763154 0.00204134 0.00759154 0.00137945 -0.00368875 -0.024189 0.0152697 1 0 0 0 0 0 0 0
392 1 0.1 4.86561 3.84553 0.548312 -0.0009571 -0.00547354 -0.00105569 -0.268592 0.184618 -0.127768 1 0 0 0 0 0 0 0
393 1 0.1 4.92352 3.90115 0.748016 0.00424455 0.00679666 0.0099205 -0.135913 -0.0166435 0.0876814 1 0 0 0 0 0 0 0
394 1 0.1 5.06668 4.03947 0.757711 0.00842238 3.27587e-05 -0.00650339 -0.12109 -0.00111636 -0.134332 1 0 0 0 0 0 0 0
395 1 0.1 5.20709 4.18091 0.762941 0.00219853 0.00206392 0.00115393 0.00744404 -0.178333 0.171027 1 0 0 0 0 0 0 0
396 1 0.1 5.53128 4.27859 0.585232 -0.00547604 -0.00127336 -0.00223609 0.0519539 0.0998724 0.0531737 1 0 0 0 0 0 0 0
397 1 0.1 5.36245 4.34095 0.762811 -0.00354629 -0.00499362 0.00157305 0.0808798 0.158864 0.00157881 1 0 0 0 0 0 0 0
398 1 0.1 5.70367 4.67266 0.683157 0.00264298 0.00250711 0.00476229 -0.07562 -0.0152377 -0.0134348 1 0 0 0 0 0 0 0
399 1 0.1 5.83277 4.80909 0.749682 0.00250177 0.00344289 -0.00335478 0.0449328 0.0463965 -0.0338691 1 0 0 0 0 0 0 0
400 1 0.1 6.07522 0.945661 0.762506 -0.00239587 0.00386469 -4.7733e-05 0.00848657 0.00492649 0.0445198 1 0 0 0 0 0 0 0
401 1 0.1 5.67779 1.3446 0.74998 -0.00320933 0.00272031 -0.00040095 -0.0061722 -0.00421405 0.00745946 1 0 0 0 0 0 0 0
402 1 0.1 5.59084 1.6855 0.762488 -0.00486229 0.000481887 -0.00259176 -0.0522863 0.0181285 -0.0443949 1 0 0 0 0 0 0 0
403 1 0.1 5.74091 1.73364 0.479042 -0.0102316 0.000104412 -0.0165569 -0.0684298 0.207897 -0.223793 1 0 0 0 0 0 0 0
404 1 0.1 5.44569 1.82275 0.762692 -0.00201197 0.00092599 5.4792e-05 0.0408677 0.0394681 0.0319475 1 0 0 0 0 0 0 0
405 1 0.1 5.30491 1.96224 0.730082 -0.00482075 -0.012172 0.0178887 -0.0341833 -0.19196 -0.203968 1 0 0 0 0 0 0 0
406 1 0.1 5.16482 2.10201 0.762821 -0.00374969 0.000822979 -0.00370755 -0.0227702 0.0475701 -0.0570203 1 0 0 0 0 0 0 0
407 1 0.1 5.35818 2.20256 0.581984 0.00385848 -0.00901971 0.0943064 0.326234 -0.94948 0.0215135 1 0 0 0 0 0 0 0
408 1 0.1 4.90931 2.4353 0.761492 0.0568745 0.0135888 -0.0260775 0.180065 -0.607494 -0.058059 1 0 0 0 0 0 0 0
409 1 0.1 4.86596 2.63038 0.763262 0.0373633 0.0183592 -0.00161018 0.289155 -0.551321 0.517189 1 0 0 0 0 0 0 0
410 1 0.1 4.3711 2.65338 0.763233 0.000499668 0.00434462 -0.00225068 0.0738171 -0.0353444 0.00610654 1 0 0 0 0 0 0 0
411 1 0.1 4.3658 3.10202 0.762154 -0.00188479 -0.0170567 -0.0117956 0.0396396 -0.00800353 -0.0280435 1 0 0 0 0 0 0 0
412 1 0.1 4.56294 3.28643 0.762633 -0.000509552 -0.000650143 0.000979524 -0.0122871 0.0218518 -0.130807 1 0 0 0 0 0 0 0
413 1 0.1 4.77054 3.2787 0.683084 0.0123496 0.028938 0.0136508 -0.154003 0.0783721 -0.0655543 1 0 0 0 0 0 0 0
414 1 0.1 4.79783 3.25384 0.479626 0.00390511 0.0610131 -0.00476342 0.0877004 0.337105 -1.94377 1 0 0 0 0 0 0 0
415 1 0.1 4.72503 3.53698 0.37725 0.00391271 -0.00126049 0.0141199 -0.5934 0.122659 -0.158025 1 0 0 0 0 0 0 0
416 1 0.1 5.00739 3.62319 0.763171 0.00856509 -0.000788299 0.002438 -0.0863183 -0.0579922 0.213076 1 0 0 0 0 0 0 0
417 1 0.1 4.80483 3.74652 0.710167 0.00267637 0.00776813 0.0114213 0.0918887 -0.00914459 -0.109173 1 0 0 0 0 0 0 0
418 1 0.1 4.92605 3.65562 0.581651 -0.0113481 -0.00488563 0.00516829 -0.233346 0.0747469 -0.308827 1 0 0 0 0 0 0 0
419 1 0.1 5.10253 3.81761 0.763491 -0.00269319 -0.00163252 -0.000344943 0.166413 0.115602 -0.156377 1 0 0 0 0 0 0 0
420 1 0.1 5.50155 4.1979 0.763637 0.00257804 -0.00220413 -0.000886053 -0.0135778 0.00270183 -0.0629515 1 0 0 0 0 0 0 0
421 1 0.1 5.54576 4.4208 0.762539 -0.00420278 -0.00324975 -0.00152541 -0.0268568 0.0301014 0.0640928 1 0 0 0 0 0 0 0
422 1 0.1 5.79568 4.51507 0.763046 0.00399839 0.0053527 0.00239499 0.0314374 0.0257228 0.0895032 1 0 0 0 0 0 0 0
423 1 0.1 5.93274 4.57169 0.631124 -0.000219195 0.00555309 8.27524e-05 0.0255331 -0.158745 -0.037453 1 0 0 0 0 0 0 0
424 1 0.1 6.1145 5.09073 0.749931 0.0014158 0.000711446 0.00114638 -0.0173996 0.00640763 0.0185901 1 0 0 0 0 0 0 0
425 1 0.1 6.21441 0.802645 0.749984 -0.00240101 0.00377218 -9.87273e-05 0.00386697 0.0035361 0.0484215 1 0 0 0 0 0 0 0
426 1 0.1 5.87994 1.41048 0.762435 -0.00599266 0.00241011 -0.00336759 0.0218653 -0.0868573 -0.00140406 1 0 0 0 0 0 0 0
427 1 0.1 5.73125 1.54349 0.762703 -0.00713516 3.9252e-05 0.000509573 -0.0101896 0.0840909 0.0329727 1 0 0 0 0 0 0 0
428 1 0.1 6.00009 1.84926 0.761935 -0.0273931 0.0196322 0.00436824 -0.270633 -0.484297 0.0490946 1 0 0 0 0 0 0 0
429 1 0.1 5.81179 1.78207 0.762689 -0.0214981 0.00482202 -0.000795394 0.109639 0.311014 0.122774 1 0 0 0 0 0 0 0
430 1 0.1 5.63698 1.87975 0.762614 -0.00222972 0.000428616 -0.00281721 -0.209552 -0.233559 -0.0286422 1 0 0 0 0 0 0 0
431 1 0.1 5.40582 2.13174 0.762608 -0.010369 -0.0213796 0.0359321 -0.0808695 0.133906 0.0536406 1 0 0 0 0 0 0 0
432 1 0.1 5.00684 2.26086 0.759921 0.0428105 -0.00117166 0.0106124 -0.0307264 -0.413878 -0.138803 1 0 0 0 0 0 0 0
433 1 0.1 5.39389 2.53762 0.414581 0.0923276 -0.207968 0.0472802 -0.632516 -0.711685 -1.68764 1 0 0 0 0 0 0 0
434 1 0.1 5.12618 2.61227 0.672595 0.0607157 -0.0607796 -0.0392399 -1.02453 -0.914773 -0.904421 1 0 0 0 0 0 0 0
435 1 0.1 4.75743 2.79674 0.758924 0.00260614 -0.0111747 -0.086319 0.0545328 -1.59464 0.272302 1 0 0 0 0 0 0 0
436 1 0.1 4.51958 2.49957 0.761659 0.00466288 -0.0101 -0.0232101 -0.189001 0.172755 -0.00502213 1 0 0 0 0 0 0 0
437 1 0.1 4.76347 3.0998 0.602442 -0.0147309 0.0616274 -0.0004373 0.515172 0.453838 -0.146227 1 0 0 0 0 0 0 0
438 1 0.1 4.90769 3.16002 0.76323 -0.00402007 0.00741534 -0.000321773 -0.0927456 0.20719 -0.292729 1 0 0 0 0 0 0 0
439 1 0.1 4.69272 3.43928 0.762966 0.0118858 0.0191711 0.00095318 0.0709779 -0.0103742 0.0731613 1 0 0 0 0 0 0 0
440 1 0.1 5.04385 3.30585 0.76251 0.0555899 0.00974648 0.00310918 0.181968 -0.167952 -0.1066 1 0 0 0 0 0 0 0
441 1 0.1 5.12152 3.68812 0.613649 -0.00773779 0.00236966 -0.00574476 0.0391743 0.119502 0.0670867 1 0 0 0 0 0 0 0
442 1 0.1 5.39682 3.72582 0.509254 0.000584368 -0.00321273 0.00942506 -0.157872 -0.161469 -0.197047 1 0 0 0 0 0 0 0
443 1 0.1 5.41199 3.8092 0.762614 0.00306945 0.000309689 0.000381805 -0.00147279 -0.0187533 -0.00465063 1 0 0 0 0 0 0 0
444 1 0.1 5.50928 3.98391 0.762553 0.0122357 -0.00474817 3.28062e-05 0.000754979 0.00893666 -0.0362696 1 0 0 0 0 0 0 0
445 1 0.1 5.75602 3.97428 0.582572 0.0049537 -0.00731875 0.0265402 0.210589 -0.309533 -0.145855 1 0 0 0 0 0 0 0
446 1 0.1 5.74539 4.32256 0.762778 0.00524383 0.00832053 -0.000528868 0.0971321 -0.123966 0.0145649 1 0 0 0 0 0 0 0
447 1 0.1 5.93975 4.3686 0.759884 0.0056425 0.00630227 0.000857525 -0.0147914 0.124529 -0.0346979 1 0 0 0 0 0 0 0
448 1 0.1 6.00287 4.70482 0.762575 0.00207484 0.0038709 -0.000136158 0.0412688 -0.00599647 -0.00674059 1 0 0 0 0 0 0 0
449 1 0.1 6.25586 5.23208 0.749984 0.000496192 0.000824789 4.14291e-05 -0.00185716 -0.00194248 0.00570572 1 0 0 0 0 0 0 0
450 1 0.1 6.08414 1.13685 0.704761 -0.00533581 0.00421744 0.000602405 -0.00895747 -0.162602 0.0335749 1 0 0 0 0 0 0 0
451 1 0.1 5.96726 1.28342 0.635391 -0.00395365 0.00382734 -0.00323483 0.0495849 0.0448708 0.000362202 1 0 0 0 0 0 0 0
452 1 0.1 5.98131 1.58815 0.762543 -0.0418674 0.00665678 -0.000718941 0.127676 0.135622 -0.0783423 1 0 0 0 0 0 0 0
453 1 0.1 5.91607 1.70256 0.61213 -0.0238699 0.00704798 -0.00529166 -0.153721 -0.247917 -0.027404 1 0 0 0 0 0 0 0
454 1 0.1 5.65906 2.0782 0.762549 -0.0310382 0.00420589 0.0177471 0.452524 0.686139 0.250617 1 0 0 0 0 0 0 0
455 1 0.1 5.43805 2.37531 0.762621 -0.0031185 0.00561611 0.0006601 -0.0886853 0.0231295 0.0983964 1 0 0 0 0 0 0 0
456 1 0.1 5.26574 2.27434 0.762992 0.00880569 -0.00847184 0.0140533 -0.0804128 0.00325905 0.0681985 1 0 0 0 0 0 0 0
457 1 0.1 5.72617 2.31445 0.580916 0.0252253 -0.00901787 0.0337276 -0.185232 0.444574 0.222514 1 0 0 0 0 0 0 0
458 1 0.1 5.29886 2.51891 0.761967 -0.0521256 -0.0356078 0.0780803 -0.372282 0.245525 -0.164529 1 0 0 0 0 0 0 0
459 1 0.1 5.45593 2.6669 0.762796 0.0172593 0.0142465 0.00165057 -0.172408 0.275279 -0.462238 1 0 0 0 0 0 0 0
460 1 0.1 5.26323 2.63547 0.530036 0.105092 -0.125438 -0.0134244 -0.00991179 0.293816 0.984576 1 0 0 0 0 0 0 0
461 1 0.1 4.97511 2.79784 0.762553 -0.0793046 0.0959348 -0.00507884 0.469082 0.8986 0.641922 1 0 0 0 0 0 0 0
462 1 0.1 4.81073 2.98648 0.763337 -0.00916501 -0.00129604 -0.00239023 0.172241 0.040011 0.143037 1 0 0 0 0 0 0 0
463 1 0.1 5.2187 3.17417 0.602922 -0.0846507 0.0133769 -0.0176519 0.645848 -1.01203 -1.90463 1 0 0 0 0 0 0 0
464 1 0.1 5.01971 3.18729 0.601196 -0.0908463 0.0273444 -0.0471812 0.655591 0.762387 0.0432147 1 0 0 0 0 0 0 0
465 1 0.1 5.1852 3.50792 0.560729 0.00209364 -0.00807735 0.0200607 0.179127 0.092239 -0.0387776 1 0 0 0 0 0 0 0
466 1 0.1 5.25403 3.68724 0.762732 0.000505583 0.00271804 -0.0033736 0.0247159 -0.00615897 -0.0197069 1 0 0 0 0 0 0 0
467 1 0.1 5.49495 3.65401 0.667785 -0.0185253 -0.0202474 0.0155396 0.0935722 0.101091 -0.230578 1 0 0 0 0 0 0 0
468 1 0.1 5.61156 3.80242 0.758586 0.00330988 -0.0796956 -0.0158534 0.054224 0.18176 -0.800611 1 0 0 0 0 0 0 0
469 1 0.1 5.78914 3.89394 0.762579 -0.00615859 -0.0555186 0.00239258 0.369028 -0.166649 1.06541 1 0 0 0 0 0 0 0
470 1 0.1 5.97139 3.81411 0.742895 9.27361e-05 -0.0219505 -0.0792117 -0.00540285 0.901756 -0.739802 1 0 0 0 0 0 0 0
471 1 0.1 5.85234 4.08358 0.762807 -0.0186673 -0.0513386 -0.000501482 -0.693128 0.0895874 -1.19355 1 0 0 0 0 0 0 0
472 1 0.1 6.03314 4.16734 0.762948 -0.00754302 -0.063754 0.000246144 -0.541037 -0.291745 1.22786 1 0 0 0 0 0 0 0
473 1 0.1 5.97556 4.94778 0.762625 0.00170325 0.0013963 0.000551279 0.0467958 -0.0321004 0.0165527 1 0 0 0 0 0 0 0
474 1 0.1 6.1134 4.84272 0.663105 0.00596237 0.00992103 -0.003055 0.00973002 0.039913 0.0665512 1 0 0 0 0 0 0 0
475 1 0.1 6.07982 1.40909 0.762518 -0.00555014 0.00250236 0.00029623 0.025732 0.0528352 0.00116361 1 0 0 0 0 0 0 0
476 1 0.1 5.99398 1.47852 0.595777 -0.00352723 0.00358185 0.000533024 -0.0959006 -0.16284 0.0529854 1 0 0 0 0 0 0 0
477 1 0.1 5.99134 2.14329 0.762513 -0.0189564 0.00617433 8.78833e-05 0.137805 -0.134524 0.315906 1 0 0 0 0 0 0 0
478 1 0.1 5.8048 2.21488 0.76257 -0.0226241 -0.00226828 -0.00163264 0.00357086 0.056793 -0.223775 1 0 0 0 0 0 0 0
479 1 0.1 5.75538 2.40834 0.761955 -0.0230219 -0.00225602 0.0053491 0.0705901 -0.0829883 0.2298 1 0 0 0 0 0 0 0
480 1 0.1 5.95707 3.11815 0.762556 0.000320515 0.0227026 0.00164294 0.154571 0.0749652 0.0368666 1 0 0 0 0 0 0 0
481 1 0.1 5.8689 2.78589 0.762514 -0.0184211 -0.0021758 0.000123806 -0.0136308 0.0460573 0.0560342 1 0 0 0 0 0 0 0
482 1 0.1 5.58923 2.51883 0.762655 -0.0297014 -0.00966121 0.00390444 0.0128475 0.00206745 -0.135995 1 0 0 0 0 0 0 0
483 1 0.1 5.6837 2.50964 0.587286 -0.0188571 -0.0186816 0.00492098 -0.17651 -0.115022 0.232891 1 0 0 0 0 0 0 0
484 1 0.1 5.55511 2.83981 0.762843 -0.000245074 0.0190618 -0.00520607 0.0924658 -0.309764 0.675948 1 0 0 0 0 0 0 0
485 1 0.1 5.29656 3.07998 0.762552 -0.0880146 -0.025741 -5.12658e-06 0.075048 0.536292 0.32674 1 0 0 0 0 0 0 0
486 1 0.1 5.26323 2.71565 0.76439 0.0172711 -0.0163274 -0.00384097 -0.105395 -0.300909 0.750534 1 0 0 0 0 0 0 0
487 1 0.1 5.08353 3.0663 0.762175 -0.0329885 -0.0296752 0.0112713 -0.18831 -0.178191 -0.17269 1 0 0 0 0 0 0 0
488 1 0.1 5.27162 3.2782 0.763764 -0.019475 -0.0192574 -0.000726815 -0.129664 0.126993 -0.198871 1 0 0 0 0 0 0 0
489 1 0.1 5.31049 3.35667 0.586516 -0.0192846 -0.0311396 -0.00727448 0.125504 0.0795291 -0.275842 1 0 0 0 0 0 0 0
490 1 0.1 5.45958 3.34523 0.753929 -0.0146976 -0.0303646 0.0117971 0.219884 0.23037 -0.0346781 1 0 0 0 0 0 0 0
491 1 0.1 5.14501 3.47815 0.762334 0.0526168 0.047317 0.0169669 -0.0933596 0.0921738 0.372702 1 0 0 0 0 0 0 0
492 1 0.1 5.366 3.52168 0.762504 -0.18225 -0.120163 2.91681e-05 -0.0565197 -0.0642385 -2.02929 1 0 0 0 0 0 0 0
493 1 0.1 5.76177 3.07566 0.762946 0.00103875 0.0246166 0.00316967 0.255273 -0.0128719 -0.0663007 1 0 0 0 0 0 0 0
494 1 0.1 5.58346 3.50191 0.762541 -0.0170087 -0.0300075 0.000315145 -0.0370701 0.161217 0.0806161 1 0 0 0 0 0 0 0
495 1 0.1 5.82244 3.68217 0.762743 -0.00855544 -0.000659789 0.000358281 -0.011233 0.0912462 0.0771687 1 0 0 0 0 0 0 0
496 1 0.1 5.80352 3.48038 0.762775 0.00188498 0.00484814 0.00102629 0.0442546 0.00543712 0.0143629 1 0 0 0 0 0 0 0
497 1 0.1 5.91917 4.09545 0.574692 -0.676118 -0.00461041 -0.231994 0.899335 2.24606 0.633143 1 0 0 0 0 0 0 0
498 1 0.1 6.07309 4.51744 0.762592 0.00139279 0.0103683 4.45643e-05 0.103411 -0.0122923 0.0973253 1 0 0 0 0 0 0 0
499 1 0.1 6.19568 4.66834 0.71601 0.00284145 0.000947967 -0.0275977 -0.0156976 0.570582 -0.287491 1 0 0 0 0 0 0 0
