500
0 1 0.1 6.13071 0.891537 0.149969 -0.00451884 0.0044131 0.00591052 0.0388728 -0.0445982 0.0906106 1 0 0 0 0 0 0 0
1 1 0.1 5.98965 1.0332 0.147936 -0.0570792 -0.0672631 0.008357 0.124092 -0.118016 -0.224115 1 0 0 0 0 0 0 0
2 1 0.1 5.84868 1.17483 0.145861 -0.00898244 0.0105479 0.0100483 0.00182014 -0.0577164 0.0370276 1 0 0 0 0 0 0 0
3 1 0.1 5.56721 1.45768 0.159219 -0.0122318 0.0245785 0.018407 0.307536 -0.00572465 0.240215 1 0 0 0 0 0 0 0
4 1 0.1 5.42343 1.59649 0.147403 0.0159132 -0.0196336 0.0272693 1.26994 0.281853 -0.347913 1 0 0 0 0 0 0 0
5 1 0.1 5.3259 1.7642 0.156337 0.462235 0.203963 0.230141 0.834269 0.68474 -2.07131 1 0 0 0 0 0 0 0
6 1 0.1 5.09495 1.92601 0.137431 0.0887096 -0.0532295 0.0054736 0.135444 0.0817273 -0.0828938 1 0 0 0 0 0 0 0
7 1 0.1 4.86023 2.16587 0.137469 0.00455002 -0.00560985 0.000312303 0.00268618 0.00386562 -0.0646612 1 0 0 0 0 0 0 0
8 1 0.1 4.5218 2.49338 0.148799 -0.0251406 0.00942245 -0.0149586 0.170959 0.223885 -0.0309433 1 0 0 0 0 0 0 0
9 1 0.1 4.74682 2.53839 0.328099 0.0152673 -0.0420642 0.0574175 0.25582 -1.44637 2.29849 1 0 0 0 0 0 0 0
10 1 0.1 4.3839 2.63545 0.137246 -0.0123653 0.00571295 0.000443249 -0.0755275 -0.121515 -0.0237346 1 0 0 0 0 0 0 0
11 1 0.1 4.24284 2.77424 0.135388 0.000211556 -0.00208735 0.00154555 -0.06762 0.0335882 0.00651392 1 0 0 0 0 0 0 0
12 1 0.1 4.24054 2.97184 0.136386 -0.0149246 -0.00514784 -0.00189475 0.232254 -0.0929444 0.152373 1 0 0 0 0 0 0 0
13 1 0.1 4.19252 3.16451 0.149571 -0.00253775 -0.00600379 -0.000944734 0.11637 -0.0328344 -0.189282 1 0 0 0 0 0 0 0
14 1 0.1 4.33474 3.30032 0.147031 -0.00810134 -0.0198836 -0.0375928 -0.42131 0.235888 0.13678 1 0 0 0 0 0 0 0
15 1 0.1 4.46822 3.44439 0.136629 -0.0218821 -0.0241152 0.0143265 0.516872 -0.883009 -0.0457682 1 0 0 0 0 0 0 0
16 1 0.1 4.60796 3.58708 0.147763 -0.0158616 -0.0116776 -0.00116837 -0.141463 0.195099 -0.243528 1 0 0 0 0 0 0 0
17 1 0.1 4.74977 3.72752 0.135315 -0.0120739 -0.0151536 -0.00554235 -0.0552118 -0.52309 -0.137198 1 0 0 0 0 0 0 0
18 1 0.1 4.88986 3.86907 0.152731 -0.0120252 -0.00872135 -0.000261596 -0.0538305 0.0733147 -0.0989417 1 0 0 0 0 0 0 0
19 1 0.1 5.16705 4.15047 0.153897 -0.00205596 0.00175365 0.0121005 -0.609313 0.26281 0.210871 1 0 0 0 0 0 0 0
20 1 0.1 5.31019 4.28912 0.141995 0.00434942 -0.0054555 -0.0176785 0.0980414 -0.0440699 0.0864099 1 0 0 0 0 0 0 0
21 1 0.1 5.44982 4.4317 0.149984 -0.000974047 -0.000928571 -0.00271886 0.0381456 -0.0177492 -0.0055502 1 0 0 0 0 0 0 0
22 1 0.1 5.59111 4.57295 0.149656 -0.000825699 -0.000684816 0.000873666 -0.000567617 -0.00190859 0.00752254 1 0 0 0 0 0 0 0
23 1 0.1 5.73237 4.71433 0.150075 -0.00107013 -0.000745105 0.000354063 -0.00582955 0.00299773 -0.00481276 1 0 0 0 0 0 0 0
24 1 0.1 6.03122 5.00879 0.150223 -0.185599 -0.151476 0.00279221 -0.194285 0.0974547 -1.93244 1 0 0 0 0 0 0 0
25 1 0.1 6.27396 0.74777 0.149984 -0.0447604 0.0564834 -0.00206338 -0.0065836 0.0211374 0.732126 1 0 0 0 0 0 0 0
26 1 0.1 6.02701 1.26483 0.137611 0.01743 -0.0524942 -0.00456421 -0.514271 -0.0542373 -0.610538 1 0 0 0 0 0 0 0
27 1 0.1 5.89162 1.41193 0.136892 0.0483313 -0.0197408 0.00114857 0.19996 0.470985 0.137614 1 0 0 0 0 0 0 0
28 1 0.1 5.70808 1.31688 0.143052 -0.00373809 0.0279166 0.00179722 -0.019432 -0.04902 -0.189779 1 0 0 0 0 0 0 0
29 1 0.1 5.62866 1.64648 0.137396 0.120501 -0.0179838 0.00621148 -0.218702 0.585587 -1.71008 1 0 0 0 0 0 0 0
30 1 0.1 5.51696 1.81049 0.158659 0.487556 0.279331 -0.204349 -2.32037 3.55063 1.71516 1 0 0 0 0 0 0 0
31 1 0.1 5.37971 1.95223 0.136638 0.339798 0.184771 0.00606663 -1.91568 3.42904 1.49519 1 0 0 0 0 0 0 0
32 1 0.1 5.1393 2.13383 0.130498 0.0456216 0.0961233 0.00544934 -0.94399 0.425892 -0.342165 1 0 0 0 0 0 0 0
33 1 0.1 4.66363 2.3554 0.134299 -0.0164991 0.0358896 -0.00614233 -0.430443 -0.0344239 0.314865 1 0 0 0 0 0 0 0
34 1 0.1 4.79969 2.5449 0.136768 0.0680631 0.0167221 0.0254987 -0.172496 0.786884 0.151948 1 0 0 0 0 0 0 0
35 1 0.1 4.54936 2.76389 0.13569 -0.00571717 0.0380054 -0.00437891 -0.530358 -0.111186 -0.00775103 1 0 0 0 0 0 0 0
36 1 0.1 4.73763 2.7655 0.294061 0.0191142 -0.0162958 -0.0443908 0.262214 0.0988433 -0.0153826 1 0 0 0 0 0 0 0
37 1 0.1 4.42555 2.91291 0.179318 -0.0126652 0.0170364 -0.0242288 0.30015 0.120989 0.184406 1 0 0 0 0 0 0 0
38 1 0.1 4.38715 3.10768 0.137472 -0.00174957 -0.0191091 0.000174517 -0.0024478 -0.074868 -0.0674564 1 0 0 0 0 0 0 0
39 1 0.1 4.56526 3.28165 0.199722 0.061489 0.00606256 0.00831654 -0.984259 -0.0415652 0.468068 1 0 0 0 0 0 0 0
40 1 0.1 4.69454 3.42577 0.250352 0.0768528 -0.101453 0.247417 -1.39457 -2.72515 1.84941 1 0 0 0 0 0 0 0
41 1 0.1 4.97292 3.67208 0.14766 0.0387268 0.00244467 0.160659 -1.77623 0.00201442 -0.82084 1 0 0 0 0 0 0 0
42 1 0.1 5.10674 3.81712 0.14607 0.0503084 -0.0121417 0.015986 -0.189039 -0.0156345 0.6573 1 0 0 0 0 0 0 0
43 1 0.1 5.03868 4.00358 0.136201 0.0273079 -0.0161645 -0.00415026 0.306046 0.017433 -0.105858 1 0 0 0 0 0 0 0
44 1 0.1 5.36336 4.10497 0.204117 0.0418408 -0.0175593 -0.00538626 -0.0158622 -0.0571852 -0.00234094 1 0 0 0 0 0 0 0
45 1 0.1 5.50202 4.2323 0.137447 0.0228838 0.000541386 0.000679245 0.116373 0.0602195 0.247089 1 0 0 0 0 0 0 0
46 1 0.1 5.64135 4.37559 0.137309 0.00323996 0.0128577 -0.00130462 -0.0950135 0.00716654 -0.0208172 1 0 0 0 0 0 0 0
47 1 0.1 5.78265 4.51704 0.137496 0.00345797 0.0132558 -9.58787e-05 0.0603026 -0.00491492 0.137567 1 0 0 0 0 0 0 0
48 1 0.1 5.87431 4.85509 0.146634 -0.00138197 0.00073616 0.00530974 -0.00274022 -0.0813079 0.024655 1 0 0 0 0 0 0 0
49 1 0.1 6.18397 5.16027 0.150295 -0.000208819 0.000564069 0.00296682 -0.0187578 -0.00768229 -0.00289825 1 0 0 0 0 0 0 0
50 1 0.1 6.4154 0.606374 0.149979 -0.04577 0.0597403 -0.000109504 -0.00865751 -0.0036631 0.772363 1 0 0 0 0 0 0 0
51 1 0.1 6.17056 1.1177 0.138289 -0.136207 0.000567726 0.0337212 0.403774 0.0329409 1.49517 1 0 0 0 0 0 0 0
52 1 0.1 6.02382 1.60931 0.137957 0.111534 0.173769 0.0236504 -0.413575 0.175178 1.44264 1 0 0 0 0 0 0 0
53 1 0.1 5.82396 1.6042 0.137483 0.114714 -0.0803087 0.000240237 -0.273907 -0.425629 1.09769 1 0 0 0 0 0 0 0
54 1 0.1 5.74593 1.80833 0.137354 -0.085493 0.124568 -0.00888976 -0.695933 -0.132692 1.06538 1 0 0 0 0 0 0 0
55 1 0.1 5.68882 1.98448 0.212538 -0.121252 0.139607 -0.102672 -0.35689 -0.506111 0.510804 1 0 0 0 0 0 0 0
56 1 0.1 5.5412 2.11162 0.16858 0.0351571 0.343844 -0.00662796 1.11701 1.17711 -3.12608 1 0 0 0 0 0 0 0
57 1 0.1 5.3201 2.21367 0.139475 -0.0584752 0.32447 0.126158 2.28052 -1.77045 2.98321 1 0 0 0 0 0 0 0
58 1 0.1 5.09488 2.26475 0.262435 0.0820221 0.0268223 0.0574213 0.390111 0.19719 0.686761 1 0 0 0 0 0 0 0
59 1 0.1 4.86556 2.3612 0.179625 0.0744934 0.00277279 -0.0286807 -0.224584 0.476839 -0.532191 1 0 0 0 0 0 0 0
60 1 0.1 4.92354 2.72492 0.235026 0.0404538 0.00254445 -0.0327819 -0.106185 -0.185465 -0.0370367 1 0 0 0 0 0 0 0
61 1 0.1 4.79176 2.84971 0.132799 0.0111886 0.00862152 -0.0146807 -0.150013 -0.0425223 0.202249 1 0 0 0 0 0 0 0
62 1 0.1 4.87637 3.02925 0.136222 -0.0489227 0.038114 0.00910122 -0.415775 -0.249561 -0.15976 1 0 0 0 0 0 0 0
63 1 0.1 4.68392 3.07982 0.135116 -0.0266769 0.0370836 8.58529e-06 -0.233641 0.0543376 0.0304591 1 0 0 0 0 0 0 0
64 1 0.1 4.76086 3.26111 0.161201 0.195394 -0.0794713 0.227491 3.07899 -0.116966 -1.46946 1 0 0 0 0 0 0 0
65 1 0.1 4.82192 3.54625 0.163664 0.0272282 0.0407804 0.321578 -2.39405 -1.38007 0.766257 1 0 0 0 0 0 0 0
66 1 0.1 5.24225 3.67153 0.139746 0.0610677 -0.00547502 0.053802 -0.118261 -0.138969 -0.512912 1 0 0 0 0 0 0 0
67 1 0.1 5.38907 3.82152 0.136224 0.0352421 -0.0090259 -0.00258152 0.0773475 0.727848 -0.0223582 1 0 0 0 0 0 0 0
68 1 0.1 5.23915 3.96527 0.137036 0.0215952 0.0090451 -1.35032e-05 0.0715404 0.0934495 -0.297828 1 0 0 0 0 0 0 0
69 1 0.1 5.53525 4.09925 0.303912 0.0237646 -0.0171267 0.0141053 0.405504 -0.180391 0.216222 1 0 0 0 0 0 0 0
70 1 0.1 5.68843 4.21109 0.241179 -0.000243015 0.0192057 0.0161984 0.113472 0.450415 0.0359597 1 0 0 0 0 0 0 0
71 1 0.1 5.82941 4.30775 0.137487 1.48496e-05 0.00851992 0.0011161 -0.065281 0.00992611 -0.0401743 1 0 0 0 0 0 0 0
72 1 0.1 6.00119 4.44182 0.137291 0.00684618 -0.0126678 0.000657082 0.130407 0.0716588 -0.0125153 1 0 0 0 0 0 0 0
73 1 0.1 6.17014 4.8652 0.137296 -0.0517507 -0.0224407 -0.00155187 0.178615 -0.566865 0.349871 1 0 0 0 0 0 0 0
74 1 0.1 6.40209 5.3781 0.150764 -0.0321642 -0.0374251 0.00964879 -0.273601 0.12521 -0.435151 1 0 0 0 0 0 0 0
75 1 0.1 6.45371 0.834379 0.137493 -0.0466064 0.0608122 -0.00297515 0.0487783 0.0167972 -0.676499 1 0 0 0 0 0 0 0
76 1 0.1 6.31492 0.979175 0.13737 -0.0870471 0.0204114 0.0149698 -0.559874 -0.361835 -0.229033 1 0 0 0 0 0 0 0
77 1 0.1 6.13269 1.4394 0.13714 -0.0714715 0.00778361 -0.00391436 -0.0942663 -0.706921 -0.147374 1 0 0 0 0 0 0 0
78 1 0.1 5.94542 1.79604 0.137513 -0.102419 0.136704 0.0159807 -1.32746 -1.00358 -1.53029 1 0 0 0 0 0 0 0
79 1 0.1 5.73552 2.14243 0.325609 -0.0149091 0.0925172 -0.0687336 0.796397 0.735508 -1.68697 1 0 0 0 0 0 0 0
80 1 0.1 5.86504 2.04119 0.137443 -0.0752708 0.202768 0.00531532 -1.25034 -1.35816 0.821608 1 0 0 0 0 0 0 0
81 1 0.1 5.6877 2.24314 0.137323 0.230746 0.120497 -0.000102748 0.167253 -0.10993 -0.0871502 1 0 0 0 0 0 0 0
82 1 0.1 5.5779 2.75049 0.137379 0.0238644 -0.00954375 0.00199833 0.0854562 0.166069 0.275733 1 0 0 0 0 0 0 0
83 1 0.1 5.4212 2.37675 0.135571 0.0843302 0.268149 0.00976969 -2.81627 1.22723 -5.07635 1 0 0 0 0 0 0 0
84 1 0.1 5.07228 2.40133 0.132534 0.042311 -0.0311825 0.00334355 -0.332112 0.740058 0.292984 1 0 0 0 0 0 0 0
85 1 0.1 5.04384 2.59919 0.137412 0.0402842 -0.0324979 -0.00147456 -0.336404 0.126721 -0.0938529 1 0 0 0 0 0 0 0
86 1 0.1 5.25731 2.89721 0.324686 0.0372497 0.00632294 0.00690197 0.0383297 0.593687 0.24571 1 0 0 0 0 0 0 0
87 1 0.1 5.01041 2.88318 0.149214 -0.0285004 0.100747 0.0577063 0.356761 -0.284511 0.798283 1 0 0 0 0 0 0 0
88 1 0.1 4.9669 3.20985 0.136586 -0.00748238 0.0220316 0.00325435 -0.195202 -0.0466333 0.332178 1 0 0 0 0 0 0 0
89 1 0.1 4.96012 3.4154 0.134011 -0.017951 0.113408 -0.018658 0.822426 1.94703 -0.578807 1 0 0 0 0 0 0 0
90 1 0.1 5.14169 3.49881 0.137718 0.0324433 0.00438721 0.00408927 0.244137 -0.557787 0.0362969 1 0 0 0 0 0 0 0
91 1 0.1 5.43601 3.62614 0.137274 0.0571498 -0.024717 -0.00194316 0.293043 0.673682 0.277109 1 0 0 0 0 0 0 0
92 1 0.1 5.62247 3.69707 0.140024 0.0486252 0.00139968 -0.0214583 0.476673 -0.166934 0.0258394 1 0 0 0 0 0 0 0
93 1 0.1 5.72332 3.86939 0.137202 0.0345002 0.00833564 0.00409671 -0.0879956 0.3393 0.118299 1 0 0 0 0 0 0 0
94 1 0.1 5.63333 4.04758 0.138344 0.0478406 0.0136008 0.0247016 -0.00689595 0.131246 -0.183285 1 0 0 0 0 0 0 0
95 1 0.1 5.83292 4.04742 0.137156 0.0468223 -0.00254851 -0.00476001 0.00559198 -0.0236694 -0.0361827 1 0 0 0 0 0 0 0
96 1 0.1 5.99357 4.16601 0.137422 0.043255 -0.00111972 -0.0013096 0.0536463 0.0622506 0.0702905 1 0 0 0 0 0 0 0
97 1 0.1 6.10638 4.59122 0.217698 0.0101134 -0.0182925 0.00878506 0.0304493 0.016252 0.0206365 1 0 0 0 0 0 0 0
98 1 0.1 6.31115 5.00666 0.13782 -0.043951 -0.0314834 -0.0100176 -0.22617 0.538358 -0.508891 1 0 0 0 0 0 0 0
99 1 0.1 6.41255 5.17891 0.137454 -0.0350294 -0.0377356 -0.00100924 0.393084 -0.358306 0.390122 1 0 0 0 0 0 0 0
100 1 0.1 6.46204 0.729398 0.399379 -0.00762483 -0.182466 -0.0867178 0.400864 1.17414 -2.2498 1 0 0 0 0 0 0 0
101 1 0.1 6.37596 1.16944 0.137558 -0.125243 0.0407191 0.00527 0.485538 0.479931 0.658449 1 0 0 0 0 0 0 0
102 1 0.1 6.23709 1.28908 0.217057 -0.148469 -0.01464 0.0482298 0.186642 -0.440956 -0.240485 1 0 0 0 0 0 0 0
103 1 0.1 5.86811 2.25287 0.222783 0.122383 0.263431 0.212622 0.740471 -2.19438 2.09264 1 0 0 0 0 0 0 0
104 1 0.1 5.75129 2.92771 0.331237 0.0259469 0.0280537 -0.0396466 -0.0269887 0.30659 0.124893 1 0 0 0 0 0 0 0
105 1 0.1 5.78609 2.41686 0.141874 0.254504 0.0981926 0.0291587 -0.0154266 -0.210514 -0.181112 1 0 0 0 0 0 0 0
106 1 0.1 5.65302 2.56576 0.137284 0.264315 0.0930824 0.00654063 -0.0718302 -0.0266422 0.0860044 1 0 0 0 0 0 0 0
107 1 0.1 5.59362 3.04618 0.363903 0.0296575 0.019577 0.00468646 0.135619 0.138024 -0.204381 1 0 0 0 0 0 0 0
108 1 0.1 5.37855 2.75801 0.145236 0.0466485 0.204748 0.00610907 -1.3834 -0.0747445 -2.39574 1 0 0 0 0 0 0 0
109 1 0.1 5.45349 2.57282 0.136478 0.266394 0.263963 -0.00172576 2.48646 1.13571 3.2014 1 0 0 0 0 0 0 0
110 1 0.1 5.24357 2.5924 0.13807 0.0577553 0.308298 0.0211666 -0.596842 -1.45948 -1.48713 1 0 0 0 0 0 0 0
111 1 0.1 5.18056 2.78118 0.137369 0.0714735 0.308392 0.00494441 0.878056 0.123236 1.36968 1 0 0 0 0 0 0 0
112 1 0.1 5.30684 2.94943 0.139744 0.0163993 0.00240106 0.0038111 0.0776789 -0.094004 0.154782 1 0 0 0 0 0 0 0
113 1 0.1 5.15687 3.13765 0.137016 -0.0171625 0.000655946 0.00249992 -0.0292221 -0.155779 0.0535406 1 0 0 0 0 0 0 0
114 1 0.1 5.30347 3.25257 0.210465 0.00947874 -0.0118448 -0.00525335 -0.076748 -0.103898 0.180833 1 0 0 0 0 0 0 0
115 1 0.1 5.46671 3.34102 0.137409 0.0125102 -0.0201619 0.000264029 0.295914 0.171127 -0.337969 1 0 0 0 0 0 0 0
116 1 0.1 5.44741 3.1363 0.136895 0.0249393 0.0127519 -0.00373577 -0.0558542 0.201504 0.14942 1 0 0 0 0 0 0 0
117 1 0.1 5.65068 3.28442 0.190693 -0.00767698 -0.00448379 0.0507409 -0.971334 -0.503299 0.227884 1 0 0 0 0 0 0 0
118 1 0.1 5.82174 3.68159 0.137495 0.0464293 -0.0491394 0.000891355 0.371306 -0.125651 -0.546015 1 0 0 0 0 0 0 0
119 1 0.1 5.89698 3.85127 0.234192 0.0605285 -0.0205503 -0.0467888 -0.0898766 0.279896 -0.550356 1 0 0 0 0 0 0 0
120 1 0.1 5.72663 3.46089 0.136676 -0.0220143 -0.00761998 -0.00343059 0.0393937 -0.235435 0.153523 1 0 0 0 0 0 0 0
121 1 0.1 5.93549 3.4945 0.137289 0.136121 -0.0434069 0.000104249 0.437985 1.36338 -0.375034 1 0 0 0 0 0 0 0
122 1 0.1 6.0175 4.28072 0.299184 0.0334086 -0.00994048 0.00366614 0.0635883 -0.0633998 0.0838822 1 0 0 0 0 0 0 0
123 1 0.1 6.26194 4.68765 0.137494 -0.00718976 0.00139177 -8.22125e-05 0.00787962 0.146923 0.185974 1 0 0 0 0 0 0 0
124 1 0.1 6.33413 4.84231 0.249299 -0.0324482 -0.0417692 -0.0317608 0.208603 0.946487 -0.340655 1 0 0 0 0 0 0 0
125 1 0.1 5.9868 1.03647 0.348602 0.0287762 -0.0385539 0.0137518 0.0458757 0.0101674 0.501121 1 0 0 0 0 0 0 0
126 1 0.1 5.84566 1.17776 0.347493 0.0284767 -0.0353346 0.00946525 0.00650383 -0.128886 -0.502181 1 0 0 0 0 0 0 0
127 1 0.1 5.65094 1.36473 0.349941 -0.00582826 0.00959121 0.002367 -0.0424465 -0.0453202 0.0857403 1 0 0 0 0 0 0 0
128 1 0.1 5.50959 1.50617 0.350579 -0.0103105 0.00843298 -0.0104696 -0.0069192 0.132021 0.0968224 1 0 0 0 0 0 0 0
129 1 0.1 5.37112 1.64939 0.332953 -0.00965036 0.0161979 0.0133522 -0.162774 -0.256416 0.142001 1 0 0 0 0 0 0 0
130 1 0.1 5.17029 1.85233 0.33207 -0.00868831 0.0109824 -0.013326 -0.112316 0.041953 0.0583438 1 0 0 0 0 0 0 0
131 1 0.1 4.98223 2.04282 0.253751 0.0601814 -0.0553414 0.0111835 0.138614 -0.44538 0.0473051 1 0 0 0 0 0 0 0
132 1 0.1 4.86128 2.17134 0.347037 0.0686353 -0.0429226 0.042863 -0.556101 -1.48536 -0.675525 1 0 0 0 0 0 0 0
133 1 0.1 4.72488 2.30373 0.309375 0.0645472 -0.0928644 -0.091217 2.58973 0.494366 1.59967 1 0 0 0 0 0 0 0
134 1 0.1 4.59298 2.4286 0.383954 0.0846118 -0.122292 0.00643406 -1.24234 -0.796793 -1.25723 1 0 0 0 0 0 0 0
135 1 0.1 4.30846 2.70763 0.419594 0.0130923 -0.0141153 0.0210813 0.122524 0.0576122 0.00291828 1 0 0 0 0 0 0 0
136 1 0.1 4.26569 2.86274 0.305456 -0.0268704 -0.0244245 0.0163472 0.0698166 -0.398578 -0.0206336 1 0 0 0 0 0 0 0
137 1 0.1 4.19777 3.04373 0.315548 -0.00042942 -0.0138052 0.0086315 0.0131673 -0.158322 -0.26681 1 0 0 0 0 0 0 0
138 1 0.1 4.24358 3.22447 0.37227 -0.00922457 -0.00826784 -0.006663 -0.278833 -0.094778 0.164262 1 0 0 0 0 0 0 0
139 1 0.1 4.39616 3.37472 0.375905 -0.0211257 -0.00627769 -0.00496399 0.0924433 0.0271293 -0.145322 1 0 0 0 0 0 0 0
140 1 0.1 4.52852 3.50783 0.313202 0.00417827 -0.00876769 0.015172 0.335918 0.556506 -0.963318 1 0 0 0 0 0 0 0
141 1 0.1 4.72779 3.70596 0.340671 -0.00467319 -0.00614028 0.0147763 -0.183368 -0.0553056 -0.0989196 1 0 0 0 0 0 0 0
142 1 0.1 4.86763 3.84856 0.350753 0.00396046 -0.0127175 -0.0054351 -0.0177752 0.0388175 -0.0576552 1 0 0 0 0 0 0 0
143 1 0.1 5.04179 4.02025 0.348662 0.0407478 0.0332078 0.00342542 0.185768 -0.400203 0.714921 1 0 0 0 0 0 0 0
144 1 0.1 5.24319 4.20922 0.323262 0.0484031 -0.0406596 0.0037363 0.0923114 -0.764886 -0.0878932 1 0 0 0 0 0 0 0
145 1 0.1 5.37073 4.35662 0.350295 0.00251584 -0.000109122 0.0100356 0.0148508 -0.0112944 -0.219004 1 0 0 0 0 0 0 0
146 1 0.1 5.52111 4.48631 0.358623 0.0170704 -0.0177361 0.00402874 0.00859999 0.0859667 0.180789 1 0 0 0 0 0 0 0
147 1 0.1 5.65229 4.63607 0.353754 -0.0016051 -0.00254613 -0.00510493 -0.00344897 0.0654702 0.0418878 1 0 0 0 0 0 0 0
148 1 0.1 5.79382 4.77603 0.343449 -0.00125394 -0.00331705 -0.00747185 0.0674577 0.04049 -0.049 1 0 0 0 0 0 0 0
149 1 0.1 5.93421 4.91759 0.346685 -0.00320027 -0.0020169 0.00489416 0.0628384 -0.0860393 0.0776658 1 0 0 0 0 0 0 0
150 1 0.1 6.12793 0.894914 0.350031 0.0317947 -0.0377759 0.0116535 0.0566998 -0.099256 -0.47972 1 0 0 0 0 0 0 0
151 1 0.1 5.86809 1.37516 0.330803 0.0723741 -0.0328297 0.00577691 -0.0756359 -0.228834 0.0841215 1 0 0 0 0 0 0 0
152 1 0.1 5.69716 1.55463 0.301275 0.0102009 -0.0120512 0.0565866 -0.582415 -0.989981 -0.149375 1 0 0 0 0 0 0 0
153 1 0.1 5.84069 1.84081 0.339477 0.300065 0.344444 -0.0349003 -0.392389 2.02236 3.28633 1 0 0 0 0 0 0 0
154 1 0.1 5.64443 1.81668 0.311332 0.341399 0.0297079 -0.0525354 1.55595 -2.06628 0.0828035 1 0 0 0 0 0 0 0
155 1 0.1 5.41251 1.8321 0.402514 -0.0998041 0.0659749 -0.0504076 -0.360723 1.18137 1.2041 1 0 0 0 0 0 0 0
156 1 0.1 5.18379 2.04725 0.299325 0.0909613 0.00980657 -0.0145853 0.193167 0.161256 -1.52053 1 0 0 0 0 0 0 0
157 1 0.1 5.03814 2.2154 0.428186 0.0797179 -0.0382623 0.0218559 0.250549 -0.325966 -0.638218 1 0 0 0 0 0 0 0
158 1 0.1 4.86287 2.41317 0.432153 0.0984805 -0.0164012 0.00773378 1.15338 -0.667151 0.534707 1 0 0 0 0 0 0 0
159 1 0.1 4.85204 2.67824 0.424101 0.0382329 0.0271025 -0.0519312 0.744253 -0.0037617 0.704756 1 0 0 0 0 0 0 0
160 1 0.1 4.48504 2.61399 0.307488 -0.0315134 -0.00137852 0.00708415 0.00151163 -0.0917474 -0.203225 1 0 0 0 0 0 0 0
161 1 0.1 4.54957 2.81258 0.326664 0.0213433 0.0230445 0.00096757 0.217485 -0.758241 -0.277972 1 0 0 0 0 0 0 0
162 1 0.1 4.46577 3.01944 0.342059 -0.0145685 -0.000425358 -0.0324386 -0.32984 -0.387227 -0.591051 1 0 0 0 0 0 0 0
163 1 0.1 4.49512 3.20932 0.372194 -0.00767345 0.000520503 -0.00353288 0.487585 -1.04876 0.292551 1 0 0 0 0 0 0 0
164 1 0.1 4.63276 3.34239 0.427841 -0.113568 0.105038 0.0501024 -0.656653 0.147687 1.06632 1 0 0 0 0 0 0 0
165 1 0.1 4.84977 3.53744 0.355165 -0.0771564 0.184417 0.290844 1.3022 -0.546893 -2.64657 1 0 0 0 0 0 0 0
166 1 0.1 4.99576 3.66704 0.346022 0.0416852 0.0180529 0.166333 -0.763638 2.68721 0.492191 1 0 0 0 0 0 0 0
167 1 0.1 5.09065 3.83306 0.388054 0.0692023 0.0379429 -0.00623772 0.0735951 -0.26461 -0.299819 1 0 0 0 0 0 0 0
168 1 0.1 5.24166 4.01305 0.350718 0.0409851 -0.0129336 0.115453 -1.20317 0.548717 0.127328 1 0 0 0 0 0 0 0
169 1 0.1 5.3944 4.15341 0.434401 0.0411006 -0.0712631 0.0418424 -0.0192452 0.483111 0.0960026 1 0 0 0 0 0 0 0
170 1 0.1 5.55021 4.28491 0.402584 0.0154163 -0.00898947 -0.00559566 0.131337 0.403221 -0.0553069 1 0 0 0 0 0 0 0
171 1 0.1 5.69687 4.39765 0.327836 0.0157071 -0.00657605 -0.00472154 0.339575 -0.157264 -0.160667 1 0 0 0 0 0 0 0
172 1 0.1 5.89093 4.43544 0.303525 0.0185584 -0.0200463 0.0087341 -0.0353559 0.0707493 0.00265261 1 0 0 0 0 0 0 0
173 1 0.1 5.90949 4.63138 0.268178 -0.174625 -0.0406316 -0.201231 -0.429679 3.7637 -0.365231 1 0 0 0 0 0 0 0
174 1 0.1 6.17544 5.15057 0.356961 -0.0798138 -0.0597329 -0.0179839 -0.0318089 0.336133 -0.995711 1 0 0 0 0 0 0 0
175 1 0.1 6.26977 0.752889 0.350072 -0.0166345 0.0261376 0.0264107 0.305695 -0.0566704 0.280296 1 0 0 0 0 0 0 0
176 1 0.1 6.05098 1.29456 0.335114 0.0909008 0.00753737 0.0344684 -1.16742 0.466495 0.334343 1 0 0 0 0 0 0 0
177 1 0.1 5.89457 1.64928 0.319085 -0.441837 0.112242 0.169244 -0.674338 -1.92668 -1.27921 1 0 0 0 0 0 0 0
178 1 0.1 5.89578 2.03606 0.386106 -0.110502 0.52841 -0.155419 -0.427454 0.439393 2.55321 1 0 0 0 0 0 0 0
179 1 0.1 5.71086 1.96896 0.421725 0.0708521 0.115543 -0.00118385 -1.64718 0.46853 2.30022 1 0 0 0 0 0 0 0
180 1 0.1 5.44652 2.02383 0.447724 0.01203 0.0466291 -0.0472278 0.564239 0.75994 -0.843809 1 0 0 0 0 0 0 0
181 1 0.1 5.37485 2.0897 0.275673 0.0589551 0.196352 -0.0121768 1.73219 -1.89574 3.27675 1 0 0 0 0 0 0 0
182 1 0.1 5.25854 2.35029 0.451239 0.130712 0.0560872 0.0753647 0.36247 -1.21768 0.580159 1 0 0 0 0 0 0 0
183 1 0.1 5.1024 2.43355 0.360426 0.0980063 0.00472188 0.0662733 0.495276 0.4927 0.53819 1 0 0 0 0 0 0 0
184 1 0.1 5.02561 2.59096 0.448972 -0.00702299 -0.00234871 -0.0372233 -0.885607 -0.595126 -0.154571 1 0 0 0 0 0 0 0
185 1 0.1 4.98729 2.81664 0.476083 -0.0245425 0.0175198 -0.00737836 0.141241 -0.22606 -0.239004 1 0 0 0 0 0 0 0
186 1 0.1 4.63415 2.66719 0.428473 -0.00319738 -0.0400831 -0.0341106 -0.276693 0.912993 -0.682163 1 0 0 0 0 0 0 0
187 1 0.1 4.6718 2.96306 0.291032 0.0349626 0.0290558 0.0126086 0.162053 0.290295 0.620589 1 0 0 0 0 0 0 0
188 1 0.1 4.68081 3.15593 0.341769 -0.000180194 0.0257677 0.0526238 -0.17602 0.387095 -0.152037 1 0 0 0 0 0 0 0
189 1 0.1 4.93442 3.33473 0.318841 -0.22481 0.0972562 -0.0263599 -0.351648 0.412661 0.721207 1 0 0 0 0 0 0 0
190 1 0.1 5.07087 3.48421 0.324601 0.0529302 0.0461105 -0.0127789 1.94922 -0.574253 -0.641163 1 0 0 0 0 0 0 0
191 1 0.1 5.1976 3.63744 0.338778 0.0930847 0.0015209 0.0810419 -0.266773 1.11176 0.0993793 1 0 0 0 0 0 0 0
192 1 0.1 5.25811 3.81957 0.283605 0.0832466 -0.0026811 0.0325154 0.0725614 -0.132063 -0.25492 1 0 0 0 0 0 0 0
193 1 0.1 5.49263 3.90475 0.285608 -0.00927609 -0.0092547 0.0273617 0.0767452 -0.561961 0.265138 1 0 0 0 0 0 0 0
194 1 0.1 5.63402 3.94319 0.459182 0.0465483 -0.0226075 -0.0362778 -0.197372 0.306419 0.73056 1 0 0 0 0 0 0 0
195 1 0.1 5.6848 4.13505 0.431007 0.0117504 0.00900118 0.0132863 -0.179804 0.235221 0.310097 1 0 0 0 0 0 0 0
196 1 0.1 5.83192 4.25721 0.372492 0.0132752 0.00181556 0.00932143 0.204493 -0.236031 0.0278256 1 0 0 0 0 0 0 0
197 1 0.1 5.76411 3.99164 0.315952 0.0188691 0.00385026 -0.0265429 -0.0294413 -0.322969 -0.00433731 1 0 0 0 0 0 0 0
198 1 0.1 6.0553 4.77596 0.274487 -0.0416416 -0.0303256 -0.00012485 -0.294565 0.472974 -0.192821 1 0 0 0 0 0 0 0
199 1 0.1 6.31562 5.29297 0.349955 -0.0760122 -0.0630437 -0.000796074 0.0336863 -0.0287147 -0.00562555 1 0 0 0 0 0 0 0
200 1 0.1 6.35366 0.932816 0.327766 -0.0550358 0.058922 0.0402995 0.136314 0.652465 0.126294 1 0 0 0 0 0 0 0
201 1 0.1 6.17568 1.12507 0.340295 -0.229418 0.102429 0.151176 -1.25662 0.924809 -0.648857 1 0 0 0 0 0 0 0
202 1 0.1 6.0307 1.49061 0.300485 -0.0778992 0.00526964 -0.0160175 0.235323 0.525919 -0.0807536 1 0 0 0 0 0 0 0
203 1 0.1 5.87008 2.37003 0.41803 0.0192577 0.132887 0.17388 0.0587257 -1.23479 0.486603 1 0 0 0 0 0 0 0
204 1 0.1 5.76841 2.52524 0.343501 0.129985 0.12669 0.0130556 0.567856 0.828304 -0.10832 1 0 0 0 0 0 0 0
205 1 0.1 5.54591 2.18261 0.374694 0.0241384 -0.0204735 0.130831 0.765699 -2.14535 -2.32409 1 0 0 0 0 0 0 0
206 1 0.1 5.38626 2.2857 0.3129 0.166232 0.158417 0.0602724 0.101698 1.17222 0.454067 1 0 0 0 0 0 0 0
207 1 0.1 5.43949 2.43301 0.43685 0.124729 0.131914 0.000896204 0.569003 0.494585 1.30686 1 0 0 0 0 0 0 0
208 1 0.1 5.25197 2.41663 0.230995 0.130411 0.342973 0.0657283 0.222031 -0.459202 3.40323 1 0 0 0 0 0 0 0
209 1 0.1 5.3321 2.72102 0.379078 0.0777331 0.0171991 -0.00417841 -0.0212518 -0.257131 0.111167 1 0 0 0 0 0 0 0
210 1 0.1 5.42069 2.8877 0.439384 0.0404986 0.0277285 0.0029355 -0.121365 -0.0220224 0.171437 1 0 0 0 0 0 0 0
211 1 0.1 5.09846 2.73525 0.331143 0.00901413 0.0159203 0.0162846 -0.0213981 -0.38935 0.117398 1 0 0 0 0 0 0 0
212 1 0.1 4.86951 2.94731 0.316419 0.0393108 0.0236791 -0.000104267 0.190574 0.34811 0.190623 1 0 0 0 0 0 0 0
213 1 0.1 4.87224 3.14579 0.298291 -0.00377412 0.0206564 0.0134445 0.0300353 0.0337505 0.0589149 1 0 0 0 0 0 0 0
214 1 0.1 5.11397 3.31265 0.223087 0.0185826 0.0268584 -0.035701 -0.398603 -0.0571449 -0.5466 1 0 0 0 0 0 0 0
215 1 0.1 5.25899 3.42397 0.302645 0.0380109 0.00827657 -0.0373788 0.256758 0.144234 0.181036 1 0 0 0 0 0 0 0
216 1 0.1 5.44774 3.48359 0.276085 0.0519223 -0.0189847 -0.00319852 -0.335553 -0.536684 -0.451247 1 0 0 0 0 0 0 0
217 1 0.1 5.39548 3.6612 0.351116 0.0918243 -0.0162369 -0.0184209 0.423248 -0.105988 -0.22302 1 0 0 0 0 0 0 0
218 1 0.1 5.70642 3.80008 0.323769 0.11759 -0.0518354 -0.00293805 0.65761 0.359183 0.477091 1 0 0 0 0 0 0 0
219 1 0.1 5.89643 3.72937 0.395841 0.11887 -0.0510247 -0.00483893 -0.500918 -0.101975 0.968622 1 0 0 0 0 0 0 0
220 1 0.1 5.83396 3.45077 0.500897 0.0588043 -0.0182133 0.0136575 -0.0897179 0.00915627 -0.24471 1 0 0 0 0 0 0 0
221 1 0.1 5.95761 3.91899 0.412127 0.0033493 -0.0125732 -0.0292038 -0.131648 -1.07599 0.146776 1 0 0 0 0 0 0 0
222 1 0.1 5.85175 3.55553 0.307795 0.212579 -0.10448 0.0602085 0.3902 -0.545749 0.126412 1 0 0 0 0 0 0 0
223 1 0.1 6.13982 4.95924 0.31105 -0.0830218 -0.0653961 0.0153156 -0.000456359 1.15856 1.38658 1 0 0 0 0 0 0 0
224 1 0.1 6.33606 5.03377 0.334324 -0.0738906 -0.0530065 -0.00384038 0.390342 -0.774329 1.01937 1 0 0 0 0 0 0 0
225 1 0.1 6.32479 1.25098 0.392615 -0.000251549 0.0754162 -0.00830597 -1.11581 2.09566 0.424234 1 0 0 0 0 0 0 0
226 1 0.1 6.01089 1.9549 0.243544 -0.0754502 0.228019 0.0376148 -1.01329 2.76719 -1.83035 1 0 0 0 0 0 0 0
227 1 0.1 6.19128 1.42272 0.398337 -0.0192381 0.132871 -0.0268562 0.206361 -0.54497 1.92614 1 0 0 0 0 0 0 0
228 1 0.1 5.90086 2.56967 0.200439 0.199597 0.123263 0.075658 -0.244986 -0.946472 0.458957 1 0 0 0 0 0 0 0
229 1 0.1 5.5054 2.9452 0.136887 0.0132791 0.00620619 -0.00322518 -0.165043 0.0947003 -0.217603 1 0 0 0 0 0 0 0
230 1 0.1 5.77478 3.11049 0.418959 0.0268875 0.0185132 0.0203091 0.085194 -0.195735 -0.0179723 1 0 0 0 0 0 0 0
231 1 0.1 5.70129 2.33894 0.315437 0.0965605 0.133649 0.0377022 0.16876 -0.0753776 0.478175 1 0 0 0 0 0 0 0
232 1 0.1 5.55007 2.46236 0.273353 0.121377 0.168059 -0.0201743 -0.260693 -0.578557 -0.80672 1 0 0 0 0 0 0 0
233 1 0.1 5.69883 2.70823 0.2926 0.177742 0.157176 -0.056383 -0.364692 1.25814 -1.56776 1 0 0 0 0 0 0 0
234 1 0.1 5.50703 2.6548 0.309922 0.179387 0.1836 0.0738162 0.0517801 -0.0177718 1.38662 1 0 0 0 0 0 0 0
235 1 0.1 5.56599 2.85708 0.305732 0.0268374 0.0145289 -0.00224604 -0.112542 0.0378321 0.139413 1 0 0 0 0 0 0 0
236 1 0.1 5.45949 3.03095 0.571538 0.0158151 0.0215049 0.0123607 0.227613 -0.1385 0.0382081 1 0 0 0 0 0 0 0
237 1 0.1 5.06528 2.93968 0.340813 0.036311 0.0129526 0.0187061 -0.00171883 -0.496958 -0.275969 1 0 0 0 0 0 0 0
238 1 0.1 5.11599 3.13598 0.331946 0.000780063 0.00586419 0.0106476 0.0669054 0.35365 -0.52181 1 0 0 0 0 0 0 0
239 1 0.1 5.26627 3.06013 0.439233 0.00993772 0.00543995 0.00130819 -0.0128086 -0.0671568 0.45361 1 0 0 0 0 0 0 0
240 1 0.1 5.40624 3.02724 0.297942 0.0359717 0.0147328 -0.00421034 -0.0651264 -0.281797 0.227525 1 0 0 0 0 0 0 0
241 1 0.1 5.48936 3.22413 0.53353 0.00434091 0.0180219 -0.00385112 -0.379254 0.281065 0.0529648 1 0 0 0 0 0 0 0
242 1 0.1 5.40527 3.30826 0.373404 0.0403096 0.0131326 -0.0248102 0.495827 -0.896522 0.25401 1 0 0 0 0 0 0 0
243 1 0.1 5.55775 3.42366 0.4314 0.0205103 0.014063 0.0284946 -0.225391 0.37812 -0.0361412 1 0 0 0 0 0 0 0
244 1 0.1 5.63782 3.54366 0.293498 0.0662209 -0.00931979 0.0419133 0.909418 0.466927 -1.7469 1 0 0 0 0 0 0 0
245 1 0.1 5.64206 3.0911 0.142481 0.0241618 -0.0124436 0.0522822 0.875244 -0.851253 -0.109672 1 0 0 0 0 0 0 0
246 1 0.1 5.7549 3.38234 0.330455 0.0999679 -0.050568 0.00781097 -0.0233373 0.147553 -1.36173 1 0 0 0 0 0 0 0
247 1 0.1 6.04686 4.43054 0.428066 0.0167567 -0.0152467 0.00816204 0.00206246 -0.0694553 0.0209967 1 0 0 0 0 0 0 0
248 1 0.1 6.14411 4.60443 0.413509 0.0060235 -0.0111642 0.00932763 -0.0695187 -0.05514 0.0970295 1 0 0 0 0 0 0 0
249 1 0.1 6.25406 4.77124 0.418022 0.0181371 -0.0211437 -0.000125925 -0.153248 -0.107839 -0.260436 1 0 0 0 0 0 0 0
250 1 0.1 6.05848 0.971714 0.523655 -0.0219932 0.0142655 0.0513099 0.0811446 -0.629184 0.173529 1 0 0 0 0 0 0 0
251 1 0.1 5.8603 1.15744 0.551139 0.028369 -0.0105488 0.0459926 -0.684356 -1.04526 0.030865 1 0 0 0 0 0 0 0
252 1 0.1 5.71922 1.3001 0.555021 0.0119707 -0.0169027 -0.00103625 -0.0766031 -0.0410058 -0.200376 1 0 0 0 0 0 0 0
253 1 0.1 5.48435 1.54026 0.54596 0.0132899 -0.0144847 -0.000158983 -0.0159251 0.00414176 -0.166211 1 0 0 0 0 0 0 0
254 1 0.1 5.34792 1.68022 0.585168 0.0145252 -0.0223631 0.00897553 -0.13818 -0.308379 -0.309001 1 0 0 0 0 0 0 0
255 1 0.1 5.2221 1.82384 0.542889 0.0637431 -0.000929167 0.0271468 0.184089 0.434518 0.0986042 1 0 0 0 0 0 0 0
256 1 0.1 5.02753 1.98643 0.56112 0.0948172 -0.0571095 0.0235123 0.245559 -0.82599 0.937038 1 0 0 0 0 0 0 0
257 1 0.1 4.90151 2.12164 0.530961 0.0948374 -0.0919777 -0.00521929 -0.148501 -0.323658 0.352981 1 0 0 0 0 0 0 0
258 1 0.1 4.74543 2.27953 0.523354 0.082171 -0.045859 -0.0634116 -0.566834 0.303845 -0.944928 1 0 0 0 0 0 0 0
259 1 0.1 4.63295 2.43619 0.575403 0.124271 -0.0413941 0.00714558 0.454386 1.24738 0.976397 1 0 0 0 0 0 0 0
260 1 0.1 4.46475 2.56187 0.498794 0.0382098 -0.0265183 -0.00174607 0.33676 0.775901 -0.513694 1 0 0 0 0 0 0 0
261 1 0.1 4.40484 2.86321 0.442364 -0.00719174 0.00262988 0.00414998 -0.07205 0.603506 0.590995 1 0 0 0 0 0 0 0
262 1 0.1 4.19233 2.92767 0.549998 -5.18714e-05 -0.000446811 1.15181e-05 0.000139706 -0.000733674 -0.00462413 1 0 0 0 0 0 0 0
263 1 0.1 4.19647 3.1265 0.571218 -0.000111344 -0.000371912 -0.000456552 -2.83521e-05 0.00454486 -0.00390461 1 0 0 0 0 0 0 0
264 1 0.1 4.32843 3.30845 0.550288 -0.0407889 -0.0232445 -0.0057712 0.0228537 -0.0273451 -0.373731 1 0 0 0 0 0 0 0
265 1 0.1 4.52016 3.50632 0.55144 -0.047044 -0.0434738 0.00312497 -0.30234 0.46413 -0.458176 1 0 0 0 0 0 0 0
266 1 0.1 4.72003 3.6922 0.548684 -0.184137 0.0858102 0.170629 -0.0975635 0.300831 -1.97361 1 0 0 0 0 0 0 0
267 1 0.1 4.85914 3.83093 0.569934 -0.00743936 -0.0112381 0.00438229 -1.09942 0.908425 -0.267185 1 0 0 0 0 0 0 0
268 1 0.1 5.01632 4.00132 0.547166 0.00194913 -0.000551499 -0.0194441 0.181403 0.0937166 0.0346716 1 0 0 0 0 0 0 0
269 1 0.1 5.15874 4.14101 0.558839 0.00324805 -0.00074832 -0.00706006 0.090216 0.0278966 0.0362742 1 0 0 0 0 0 0 0
270 1 0.1 5.3008 4.28157 0.563657 -0.000738792 0.000141771 -0.00137593 0.0182571 0.00365257 -0.00112255 1 0 0 0 0 0 0 0
271 1 0.1 5.44025 4.42379 0.5463 -0.00115334 -0.00158899 0.000433864 0.00234399 -0.00807026 -0.0132635 1 0 0 0 0 0 0 0
272 1 0.1 5.58095 4.56585 0.550016 0.00254986 -0.00760101 0.000653433 -0.00617997 -0.00180955 -0.0542438 1 0 0 0 0 0 0 0
273 1 0.1 5.72306 4.70703 0.547111 -0.0215468 -0.0258152 0.0128415 0.0387606 -0.170997 -0.309513 1 0 0 0 0 0 0 0
274 1 0.1 5.86522 4.84815 0.542982 -0.00015681 -0.00309693 -0.00246927 0.00108868 0.0217393 -0.0401145 1 0 0 0 0 0 0 0
275 1 0.1 6.19556 0.82827 0.548638 -0.013274 0.0245669 -0.0179915 -0.0788269 0.203559 0.302825 1 0 0 0 0 0 0 0
276 1 0.1 5.91491 1.34762 0.523202 0.0366031 -0.0129658 0.00940175 -0.03599 -0.0650846 0.0756269 1 0 0 0 0 0 0 0
277 1 0.1 5.76954 1.47462 0.471605 0.032411 -0.0252442 -0.0123289 -0.0942083 -0.164288 0.0774458 1 0 0 0 0 0 0 0
278 1 0.1 5.69809 1.68599 0.452453 0.105159 -0.0602632 -0.0350798 -0.459531 -1.02133 -0.394978 1 0 0 0 0 0 0 0
279 1 0.1 5.53633 1.74706 0.587757 0.00664044 0.0014717 -0.028115 0.0256975 0.00547369 0.0767684 1 0 0 0 0 0 0 0
280 1 0.1 5.40158 1.89588 0.591705 0.0623754 0.0395761 -0.0294455 0.16863 0.374565 -0.5219 1 0 0 0 0 0 0 0
281 1 0.1 5.20562 2.00993 0.48577 0.110917 -0.013227 0.0271662 -0.293522 0.674263 -0.909639 1 0 0 0 0 0 0 0
282 1 0.1 5.04646 2.19247 0.617816 0.0194241 -0.0479113 0.0154369 0.689162 1.00805 -0.213276 1 0 0 0 0 0 0 0
283 1 0.1 4.87139 2.38347 0.638792 -0.0102242 -0.016363 0.0150309 0.336812 -0.191525 -0.0264061 1 0 0 0 0 0 0 0
284 1 0.1 4.79356 2.55341 0.567797 0.0831978 0.00650278 -0.0334571 -1.03652 0.171996 0.0392945 1 0 0 0 0 0 0 0
285 1 0.1 4.61161 2.62553 0.618307 0.0541309 -0.029564 -0.00658619 -0.567067 -0.554308 -0.161432 1 0 0 0 0 0 0 0
286 1 0.1 4.62082 2.83224 0.59809 0.0257282 0.0357949 -0.00272058 0.3301 -0.169194 0.535205 1 0 0 0 0 0 0 0
287 1 0.1 4.46258 2.95081 0.596838 -0.0138795 -0.00989971 -0.000197799 0.274689 -0.235173 -0.0015087 1 0 0 0 0 0 0 0
288 1 0.1 4.42424 3.1416 0.587819 -0.0479496 -0.0268691 0.0038424 -0.181556 0.158618 0.221693 1 0 0 0 0 0 0 0
289 1 0.1 4.52297 3.31348 0.595573 -0.0521288 -0.0284037 -0.00316476 0.285856 0.0931209 0.106908 1 0 0 0 0 0 0 0
290 1 0.1 4.67462 3.53764 0.434501 -0.0805506 0.0780072 0.13386 0.0795297 -1.98135 2.17511 1 0 0 0 0 0 0 0
291 1 0.1 4.906 3.62161 0.568713 -0.192224 -0.00516551 -0.0220588 0.746299 1.52497 1.0053 1 0 0 0 0 0 0 0
292 1 0.1 5.0574 3.81065 0.583552 -0.0172266 -0.0235487 -0.0166293 -0.0900542 -0.747654 0.0343121 1 0 0 0 0 0 0 0
293 1 0.1 5.21505 3.91224 0.519253 0.0547004 -0.0795497 0.0721974 1.22936 -0.205632 -0.0329574 1 0 0 0 0 0 0 0
294 1 0.1 5.3619 4.02984 0.585524 0.0620209 -0.121434 0.0756619 0.0299051 -0.382393 -0.299593 1 0 0 0 0 0 0 0
295 1 0.1 5.49872 4.22415 0.585471 0.0404925 -0.0172436 0.0013269 -0.246369 -0.118814 0.379923 1 0 0 0 0 0 0 0
296 1 0.1 5.68144 4.30511 0.589288 0.0280731 0.00948695 0.0787352 -0.0814987 -0.783701 -0.0826382 1 0 0 0 0 0 0 0
297 1 0.1 5.76329 4.48431 0.555093 0.0281553 -0.00818483 -0.0205109 -1.04209 0.698836 0.138517 1 0 0 0 0 0 0 0
298 1 0.1 5.88249 4.61779 0.465879 -0.109227 0.00829496 -0.188088 1.00318 2.0321 0.141728 1 0 0 0 0 0 0 0
299 1 0.1 6.1404 5.11116 0.587218 0.00373669 -0.00155411 0.0002849 0.00522946 -0.000706103 0.0156097 1 0 0 0 0 0 0 0
300 1 0.1 6.33677 0.686593 0.549909 -0.0213569 0.0223706 0.00465992 -0.0351487 -0.0867747 0.285823 1 0 0 0 0 0 0 0
301 1 0.1 6.0883 1.19849 0.50716 -0.22188 0.236606 0.222671 -0.0648608 -0.935757 0.0237407 1 0 0 0 0 0 0 0
302 1 0.1 5.9577 1.54109 0.478812 0.0185211 0.0113758 0.0128158 -0.19251 0.394385 -0.247637 1 0 0 0 0 0 0 0
303 1 0.1 5.84491 1.66285 0.589143 0.00653824 0.00654727 -0.00487152 0.0140593 -0.413095 0.447237 1 0 0 0 0 0 0 0
304 1 0.1 5.75322 1.83999 0.579793 0.0422324 0.0220336 0.0118787 0.413801 -0.0529552 -0.816411 1 0 0 0 0 0 0 0
305 1 0.1 5.59122 1.95656 0.581265 0.0625928 0.0447136 -0.00448747 0.137306 -0.531986 0.516599 1 0 0 0 0 0 0 0
306 1 0.1 5.35561 2.18841 0.514159 0.104215 0.0417612 0.0566422 0.606053 0.0122423 -0.0455063 1 0 0 0 0 0 0 0
307 1 0.1 5.207 2.31543 0.655666 0.0281993 0.0825677 -0.0571135 0.0509471 0.343799 -0.498569 1 0 0 0 0 0 0 0
308 1 0.1 5.2491 2.54755 0.424428 0.0919226 0.0282912 0.0146389 -0.0750565 0.517666 -0.0557033 1 0 0 0 0 0 0 0
309 1 0.1 5.11867 2.4812 0.58742 -0.00879626 0.103943 0.0417684 0.628553 0.345148 0.524481 1 0 0 0 0 0 0 0
310 1 0.1 5.0163 2.69913 0.633736 0.0110161 0.0132815 -0.0112707 -0.143756 0.86016 0.288586 1 0 0 0 0 0 0 0
311 1 0.1 4.82138 2.77797 0.58558 0.00339514 -0.0134165 -0.0106201 -0.109795 0.0374805 0.019595 1 0 0 0 0 0 0 0
312 1 0.1 4.74319 2.91409 0.465722 0.048373 0.0260655 -4.4751e-05 -0.201984 0.0289749 -0.784637 1 0 0 0 0 0 0 0
313 1 0.1 4.65897 3.17889 0.540706 -0.0764122 -0.118339 -0.153566 0.00953849 1.42919 -0.705661 1 0 0 0 0 0 0 0
314 1 0.1 4.82028 3.30681 0.486247 -0.110797 -0.339045 -0.105424 -0.3655 1.81348 -6.13721 1 0 0 0 0 0 0 0
315 1 0.1 4.88933 3.44685 0.664475 0.0259018 -0.0301198 -0.0306067 -0.483998 0.153417 0.175056 1 0 0 0 0 0 0 0
316 1 0.1 5.02009 3.44595 0.513797 0.0027059 -0.0827118 -0.050891 -0.467633 0.163114 0.126089 1 0 0 0 0 0 0 0
317 1 0.1 5.10169 3.62847 0.514106 -0.127885 -0.0252485 -0.0473926 0.463774 0.129333 0.21515 1 0 0 0 0 0 0 0
318 1 0.1 5.38109 3.84011 0.438457 0.0747541 -0.0762359 0.0606549 0.422135 0.0515514 -0.437603 1 0 0 0 0 0 0 0
319 1 0.1 5.49743 3.88462 0.592057 0.161377 -0.0836407 0.0168162 -0.462114 0.31297 0.797 1 0 0 0 0 0 0 0
320 1 0.1 5.62594 4.07219 0.611727 -0.00670015 -0.0505107 -0.0108106 0.383419 0.134353 -0.90699 1 0 0 0 0 0 0 0
321 1 0.1 5.82019 4.15952 0.575587 0.0158807 0.00516265 0.00645004 0.289264 -0.149877 -0.253254 1 0 0 0 0 0 0 0
322 1 0.1 5.90267 4.34121 0.563232 0.0447657 -0.00879196 -0.0354314 -0.376031 0.97095 -0.126281 1 0 0 0 0 0 0 0
323 1 0.1 6.02956 4.75496 0.478166 -0.00160677 -0.0103496 -0.00249416 -0.0662002 0.0277009 -0.0151934 1 0 0 0 0 0 0 0
324 1 0.1 6.27525 5.25388 0.549874 0.0006934 0.000918596 -2.23127e-05 -0.00349672 0.00723694 0.0233429 1 0 0 0 0 0 0 0
325 1 0.1 6.40974 0.885509 0.513739 -0.0401226 -0.345243 -0.0534381 2.55934 0.228048 -2.0331 1 0 0 0 0 0 0 0
326 1 0.1 6.26289 1.09794 0.518465 -0.228899 0.0727609 0.162107 0.711859 -0.72452 -1.08557 1 0 0 0 0 0 0 0
327 1 0.1 5.96701 1.81627 0.492388 0.144002 0.237257 0.0759529 2.71448 -4.23284 -2.16925 1 0 0 0 0 0 0 0
328 1 0.1 5.96194 1.98704 0.596295 0.0130823 0.235616 0.0712425 -1.44751 -2.05499 -0.196426 1 0 0 0 0 0 0 0
329 1 0.1 5.78274 2.07337 0.575948 0.0198294 0.218993 -0.0451654 1.57522 0.699569 0.3896 1 0 0 0 0 0 0 0
330 1 0.1 5.57708 2.15549 0.586147 -0.0467824 0.0423128 0.00967376 -0.101722 1.67422 0.625379 1 0 0 0 0 0 0 0
331 1 0.1 5.72158 2.26284 0.499185 -0.0285528 0.00678489 -0.0031852 1.0436 -0.763096 -1.69471 1 0 0 0 0 0 0 0
332 1 0.1 5.69653 2.43952 0.589313 0.0749163 0.011551 0.0223113 -0.643696 -0.0934009 0.079952 1 0 0 0 0 0 0 0
333 1 0.1 5.60164 2.54985 0.4508 0.136522 0.0989668 0.0321081 1.51231 -0.933512 -0.897327 1 0 0 0 0 0 0 0
334 1 0.1 5.41206 2.69303 0.583563 -0.00662964 0.143507 0.0688625 -0.442696 0.174144 0.115908 1 0 0 0 0 0 0 0
335 1 0.1 5.21522 2.65832 0.586945 0.0108184 0.0343846 -0.00100204 0.000695449 -0.964333 0.993691 1 0 0 0 0 0 0 0
336 1 0.1 5.18497 2.83526 0.50031 -0.0154125 0.0200133 -0.015415 -0.0224128 0.279493 -0.332141 1 0 0 0 0 0 0 0
337 1 0.1 4.86583 2.97539 0.607166 0.0306449 -0.0308355 0.026175 0.278054 -0.183774 0.0732927 1 0 0 0 0 0 0 0
338 1 0.1 4.97066 3.07438 0.453823 -0.00866442 0.00557826 0.0082096 0.290521 -0.279369 0.208843 1 0 0 0 0 0 0 0
339 1 0.1 5.12417 3.17427 0.532928 -0.00407666 0.0154838 -0.00325435 -0.487192 0.321065 -0.187591 1 0 0 0 0 0 0 0
340 1 0.1 5.22287 3.33982 0.480244 -0.0023646 0.00399593 -0.0458539 -0.331601 -0.84822 0.351902 1 0 0 0 0 0 0 0
341 1 0.1 5.3913 3.40766 0.563879 -0.0670096 0.112333 -0.00203879 0.899129 0.560975 1.21473 1 0 0 0 0 0 0 0
342 1 0.1 5.31176 3.59121 0.518694 -0.230682 0.146553 -0.109525 0.294058 -0.0488762 1.37079 1 0 0 0 0 0 0 0
343 1 0.1 5.57348 3.75251 0.464985 0.189934 -0.107592 0.0576872 -0.527566 0.513636 0.165726 1 0 0 0 0 0 0 0
344 1 0.1 5.72357 3.77607 0.594338 0.175066 -0.0643556 0.0730101 -0.138848 -2.70918 0.216628 1 0 0 0 0 0 0 0
345 1 0.1 5.71796 3.39483 0.762617 0.0164211 -0.0146599 0.00242862 -0.178975 0.232454 -0.0725553 1 0 0 0 0 0 0 0
346 1 0.1 5.79751 3.96095 0.577022 -0.0546218 0.0155181 0.00550048 -0.544294 -0.263697 -0.121302 1 0 0 0 0 0 0 0
347 1 0.1 5.98933 4.01718 0.583204 -0.0440866 -0.0240463 -0.0131355 0.229883 0.397497 -0.346535 1 0 0 0 0 0 0 0
348 1 0.1 6.06296 4.95159 0.495413 -0.0400598 -0.0013585 0.0365767 -0.859749 -0.710345 -0.983257 1 0 0 0 0 0 0 0
349 1 0.1 6.26279 4.95259 0.501679 -0.0394041 -0.0288423 0.0223834 -0.433953 0.844443 0.665953 1 0 0 0 0 0 0 0
350 1 0.1 6.43994 1.21179 0.55186 0.163312 0.262769 -0.599971 -0.0887827 6.69448 1.46905 1 0 0 0 0 0 0 0
351 1 0.1 6.24882 1.30222 0.570286 0.0839967 0.0716152 0.0273478 0.624983 -0.78403 0.826047 1 0 0 0 0 0 0 0
352 1 0.1 6.09209 1.42623 0.571953 0.0275176 0.00573247 0.00338066 -0.0221518 -0.0323248 0.0436645 1 0 0 0 0 0 0 0
353 1 0.1 5.97673 1.80586 0.76251 -0.00384029 0.00525115 -0.000764467 -0.0373647 -0.0392085 0.0499758 1 0 0 0 0 0 0 0
354 1 0.1 5.8322 2.74655 0.137487 0.0784245 0.0515637 -0.000109976 -0.523797 0.732835 0.97794 1 0 0 0 0 0 0 0
355 1 0.1 5.70723 2.90255 0.137472 0.00691583 -0.00688475 0.000101349 -0.0195279 -0.0377574 -0.0354177 1 0 0 0 0 0 0 0
356 1 0.1 5.68987 2.65633 0.601335 0.0402239 0.0217001 -0.00869089 -0.567916 0.160902 0.88834 1 0 0 0 0 0 0 0
357 1 0.1 5.76811 2.78062 0.465653 0.00142595 0.100253 0.0418991 0.531122 -1.36058 1.14396 1 0 0 0 0 0 0 0
358 1 0.1 5.24585 2.76798 0.759435 0.0150356 0.00702608 -0.00660617 -0.10452 0.0104811 -0.056904 1 0 0 0 0 0 0 0
359 1 0.1 5.5697 2.76142 0.481208 0.0107952 -0.0105549 -0.0134114 0.272067 0.0600558 -0.611379 1 0 0 0 0 0 0 0
360 1 0.1 5.64962 2.93982 0.52355 -0.000147919 -0.00261805 0.00414004 -0.0496877 -0.14795 -0.333589 1 0 0 0 0 0 0 0
361 1 0.1 5.53046 2.85917 0.662217 -0.0299368 0.0504462 0.0137471 -0.186333 0.10005 -0.317451 1 0 0 0 0 0 0 0
362 1 0.1 5.33614 2.88182 0.622113 -0.0247868 0.0337878 -0.0127227 -0.0571489 -0.3511 0.442114 1 0 0 0 0 0 0 0
363 1 0.1 5.0857 2.98423 0.58781 0.00490427 0.0115056 0.00358687 0.0883909 0.157957 0.301372 1 0 0 0 0 0 0 0
364 1 0.1 5.41291 3.00123 0.762885 0.00153342 -0.00112847 0.00128589 -0.0204297 -0.0202523 0.00483646 1 0 0 0 0 0 0 0
365 1 0.1 5.28042 3.10115 0.6334 -0.00268488 0.0113599 -0.00325766 -0.0613205 -0.0231252 -0.219778 1 0 0 0 0 0 0 0
366 1 0.1 5.65973 3.13102 0.581247 -0.00642433 0.000517742 0.000133722 0.273752 -0.271905 -0.294662 1 0 0 0 0 0 0 0
367 1 0.1 5.54439 3.31793 0.70065 0.0101754 0.00964293 -0.00458977 0.437951 -0.228423 -0.0745731 1 0 0 0 0 0 0 0
368 1 0.1 5.62475 3.53269 0.584529 0.0798956 -0.0321635 0.0362376 0.191947 -0.601429 -1.33687 1 0 0 0 0 0 0 0
369 1 0.1 5.72973 3.63133 0.446291 0.175718 -0.122063 0.0426601 -0.473348 0.263841 -0.00859024 1 0 0 0 0 0 0 0
370 1 0.1 5.68313 3.33244 0.557603 0.0318906 0.0186232 0.0195198 -0.0578308 -0.0487963 -0.189296 1 0 0 0 0 0 0 0
371 1 0.1 5.62643 3.24115 0.389029 0.0281837 0.0194061 0.0210625 0.0890765 0.122914 0.238479 1 0 0 0 0 0 0 0
372 1 0.1 5.98906 4.1829 0.47127 0.0108846 -0.0214527 -0.00689099 -0.0140999 0.343496 -0.218081 1 0 0 0 0 0 0 0
373 1 0.1 6.05582 4.55023 0.587807 -0.00283055 -0.0067179 0.000517974 -0.0938594 -0.0226065 0.188578 1 0 0 0 0 0 0 0
374 1 0.1 6.18526 4.72741 0.600407 0.00153602 -0.00132168 -0.00143984 -0.00078952 -0.0221856 0.0794082 1 0 0 0 0 0 0 0
375 1 0.1 6.16277 0.897053 0.733558 -0.140849 -0.425749 0.123863 1.62869 0.284953 0.975548 1 0 0 0 0 0 0 0
376 1 0.1 5.83229 1.1916 0.750707 0.0107323 -0.0079505 0.00223472 0.0116848 -0.059193 -0.121557 1 0 0 0 0 0 0 0
377 1 0.1 5.69116 1.33293 0.750293 0.0122796 -0.0071961 -0.00200806 -0.0355306 0.0177122 0.106494 1 0 0 0 0 0 0 0
378 1 0.1 5.55046 1.47456 0.753896 0.00701814 -0.0109779 -0.0114983 -0.151263 0.0265485 -0.0506579 1 0 0 0 0 0 0 0
379 1 0.1 5.41186 1.61793 0.759594 0.0150524 -0.00424383 0.00314742 -0.0594986 -0.0260805 -0.170396 1 0 0 0 0 0 0 0
380 1 0.1 5.26167 1.76163 0.746824 0.0142477 -0.00780996 -0.0165549 -0.0865352 0.14263 -0.144894 1 0 0 0 0 0 0 0
381 1 0.1 5.1146 1.91417 0.72611 0.0178395 -0.029996 0.0679104 0.240847 -0.766833 -0.243931 1 0 0 0 0 0 0 0
382 1 0.1 4.97452 2.05201 0.762635 0.0250989 -0.0188308 0.00367032 -0.11678 -0.147913 -0.352623 1 0 0 0 0 0 0 0
383 1 0.1 4.77954 2.24161 0.74564 0.102748 -0.113967 -0.0199928 0.100947 0.00324082 -0.869167 1 0 0 0 0 0 0 0
384 1 0.1 4.64044 2.38363 0.762819 0.0887043 -0.0977825 0.00582442 -1.29182 -1.9839 -0.924713 1 0 0 0 0 0 0 0
385 1 0.1 4.4079 2.72938 0.590111 0.0657947 -0.0108743 -0.00223717 -0.703551 0.207474 0.712318 1 0 0 0 0 0 0 0
386 1 0.1 4.19274 2.82956 0.749971 -1.40087e-05 4.03176e-05 0.000129394 0.00233472 -0.000109079 -0.00217119 1 0 0 0 0 0 0 0
387 1 0.1 4.19255 3.02932 0.749813 7.25946e-05 9.43272e-05 -0.000358765 -0.00678429 0.00468831 -0.00120687 1 0 0 0 0 0 0 0
388 1 0.1 4.23887 3.22363 0.752045 -4.55104e-06 0.00017268 -0.000746149 0.00550877 0.00556308 0.00310771 1 0 0 0 0 0 0 0
389 1 0.1 4.43896 3.41747 0.747632 -0.0152725 -0.0194926 0.018355 -0.112806 -0.120738 -0.228647 1 0 0 0 0 0 0 0
390 1 0.1 4.57996 3.55917 0.749993 -0.0130385 -0.0159472 0.00231731 -0.0191185 0.0123881 -0.0309802 1 0 0 0 0 0 0 0
391 1 0.1 4.80004 3.78225 0.753962 -0.00894953 -0.0141449 0.0173435 -0.0585815 -0.154429 -0.0517172 1 0 0 0 0 0 0 0
392 1 0.1 4.94233 3.92176 0.761249 -0.0105973 -0.0243502 0.0252229 -0.190966 -0.17911 -0.232307 1 0 0 0 0 0 0 0
393 1 0.1 5.08504 4.05858 0.732068 -0.0222656 -0.0178958 0.0088421 -0.0177127 0.200295 0.203826 1 0 0 0 0 0 0 0
394 1 0.1 5.22413 4.20206 0.73798 -0.0168417 -0.0245892 0.0048571 0.0590082 -0.0985427 -0.286749 1 0 0 0 0 0 0 0
395 1 0.1 5.36786 4.34062 0.748718 -0.222401 0.186998 0.0235311 -0.0775374 -0.179787 3.23021 1 0 0 0 0 0 0 0
396 1 0.1 5.5056 4.48594 0.754186 0.00311718 0.00361759 0.000354255 0.0105728 0.0121196 -0.00166527 1 0 0 0 0 0 0 0
397 1 0.1 5.659 4.61381 0.761181 0.00628857 0.00159031 -0.00117395 0.0106935 0.00930681 0.00259685 1 0 0 0 0 0 0 0
398 1 0.1 5.78783 4.76584 0.760751 0.000406676 0.00340503 -0.00111102 0.0542235 0.0345855 -0.0295868 1 0 0 0 0 0 0 0
399 1 0.1 5.9286 4.90648 0.745417 0.00335764 -0.000846364 -0.000935159 0.00564308 0.0109963 0.00908841 1 0 0 0 0 0 0 0
400 1 0.1 6.29066 0.725009 0.752706 0.362457 -0.176215 -0.0408404 -0.477027 -0.436655 -2.46189 1 0 0 0 0 0 0 0
401 1 0.1 6.02613 1.10385 0.675463 0.292607 -0.0973052 0.400766 2.27661 6.91466 -1.05485 1 0 0 0 0 0 0 0
402 1 0.1 5.82424 1.45606 0.666041 0.01681 -0.0147425 -0.00632642 -0.215354 -0.184324 -0.0517011 1 0 0 0 0 0 0 0
403 1 0.1 5.66938 1.57084 0.613053 0.0200359 -0.0152032 -0.0136195 -0.0927032 0.169174 0.0894059 1 0 0 0 0 0 0 0
404 1 0.1 5.59924 1.67669 0.764805 0.0098574 -0.0228455 -0.00213093 -0.00676246 0.0991952 0.464466 1 0 0 0 0 0 0 0
405 1 0.1 5.45231 1.81317 0.763866 0.00893497 0.00482699 -0.00687465 -0.157914 -0.582863 -0.241762 1 0 0 0 0 0 0 0
406 1 0.1 5.33383 2.0019 0.764302 0.0694092 -0.0266297 -0.0168583 -1.11633 -1.99555 -0.134128 1 0 0 0 0 0 0 0
407 1 0.1 5.22631 2.11679 0.647651 0.0547313 0.0690205 0.0239166 -0.475986 -1.16313 1.36243 1 0 0 0 0 0 0 0
408 1 0.1 4.97222 2.25143 0.767938 0.0897099 -0.029843 0.00771547 -1.31877 -1.18065 0.930839 1 0 0 0 0 0 0 0
409 1 0.1 4.74769 2.55096 0.762595 0.02736 -0.0515697 -0.00555611 -0.711921 0.0701564 1.64011 1 0 0 0 0 0 0 0
410 1 0.1 4.39842 2.62553 0.760722 -0.0325319 0.027876 0.0148667 0.0591434 -0.17052 0.458416 1 0 0 0 0 0 0 0
411 1 0.1 4.40965 2.82516 0.763432 0.0225665 0.0262562 -0.00659574 0.310341 -0.240404 0.145877 1 0 0 0 0 0 0 0
412 1 0.1 4.40699 3.03108 0.765155 -0.0242041 -0.0225388 0.00159176 -0.209793 0.135076 0.0285138 1 0 0 0 0 0 0 0
413 1 0.1 4.46908 3.22052 0.763705 -0.0367677 -0.0266477 0.00279412 0.21974 0.0236784 0.00350345 1 0 0 0 0 0 0 0
414 1 0.1 4.70413 3.43455 0.590172 -0.00363411 0.0199355 0.0506786 1.33136 0.594172 1.30527 1 0 0 0 0 0 0 0
415 1 0.1 4.77796 3.58369 0.762514 -0.0108133 -0.0182736 -0.000912772 -0.00824531 0.0215006 -0.0147782 1 0 0 0 0 0 0 0
416 1 0.1 4.9635 3.66832 0.762548 -0.00175636 -0.0134454 -0.00256802 0.219023 0.360731 0.130135 1 0 0 0 0 0 0 0
417 1 0.1 5.12747 3.8495 0.763827 -0.0251296 -0.0263478 -0.00286447 -0.271463 0.636126 0.149874 1 0 0 0 0 0 0 0
418 1 0.1 5.28928 3.97632 0.762971 0.0393196 -0.0581175 0.0283639 -0.477844 -0.40354 -0.132181 1 0 0 0 0 0 0 0
419 1 0.1 5.41089 4.13505 0.762506 -0.0131822 -0.0174486 0.000501783 0.0127099 0.122472 0.376678 1 0 0 0 0 0 0 0
420 1 0.1 5.57428 4.25914 0.763801 0.0121124 0.00780877 0.00146708 0.0874306 -0.0933672 -0.0731519 1 0 0 0 0 0 0 0
421 1 0.1 5.69458 4.41776 0.762421 0.0130411 0.00461704 0.00509522 -0.0783834 0.0251362 0.0863608 1 0 0 0 0 0 0 0
422 1 0.1 5.84399 4.54595 0.727846 0.00621975 0.0087288 -0.00746352 0.0220813 0.0335172 0.0410952 1 0 0 0 0 0 0 0
423 1 0.1 5.94468 4.70243 0.65438 -0.00624684 -0.00709745 -0.00522452 -0.0279149 0.0776866 -0.119191 1 0 0 0 0 0 0 0
424 1 0.1 6.21071 5.1885 0.757693 0.000862208 0.000344871 0.000911909 -0.00411013 -0.02832 0.00536351 1 0 0 0 0 0 0 0
425 1 0.1 6.43435 0.582462 0.752261 0.396339 -0.175696 -0.0666084 -0.66741 -0.423552 -3.64847 1 0 0 0 0 0 0 0
426 1 0.1 6.21317 1.11346 0.762594 0.43539 0.203109 -0.0365885 0.173407 0.726463 -2.43182 1 0 0 0 0 0 0 0
427 1 0.1 5.97345 1.32809 0.713332 0.0148194 -0.00473175 0.0156444 -0.026027 -0.140061 0.0904945 1 0 0 0 0 0 0 0
428 1 0.1 5.92215 1.60123 0.76267 -0.00601313 0.00830825 -0.00146789 0.147812 0.0892361 -0.000353522 1 0 0 0 0 0 0 0
429 1 0.1 5.7848 1.75029 0.75861 -0.00411938 0.00702017 -0.0072002 0.0194705 -0.0297143 -0.0708836 1 0 0 0 0 0 0 0
430 1 0.1 5.63978 1.88789 0.762564 0.00716334 0.0191859 -0.000426834 0.228111 -0.0939349 -0.162716 1 0 0 0 0 0 0 0
431 1 0.1 5.52614 2.05575 0.755933 0.0301147 0.134479 0.127128 0.38371 -0.1403 1.92651 1 0 0 0 0 0 0 0
432 1 0.1 5.39372 2.20465 0.709185 0.0954925 0.00800416 0.0384985 -0.335727 0.0756088 0.287746 1 0 0 0 0 0 0 0
433 1 0.1 5.33457 2.49524 0.594596 0.0878303 0.0220771 0.00411638 0.142566 -0.531299 0.167263 1 0 0 0 0 0 0 0
434 1 0.1 5.07223 2.41022 0.768542 0.00837565 0.00720466 0.00232509 -0.0511274 0.526231 -0.517358 1 0 0 0 0 0 0 0
435 1 0.1 4.94621 2.56518 0.762807 0.015224 0.0233896 0.00306263 0.326702 -0.114702 -1.02491 1 0 0 0 0 0 0 0
436 1 0.1 4.66786 2.73917 0.765735 0.0141597 0.00456356 -0.00697333 0.14134 -0.220039 -0.142011 1 0 0 0 0 0 0 0
437 1 0.1 4.62297 3.03044 0.670808 -0.0207525 -0.0120805 0.0112061 -0.088358 0.200289 0.0397887 1 0 0 0 0 0 0 0
438 1 0.1 4.67646 3.19243 0.763003 0.0142751 -0.0261086 0.00299775 0.0921462 0.0253992 -0.3268 1 0 0 0 0 0 0 0
439 1 0.1 4.73351 3.37823 0.76811 0.0491073 -0.0434643 0.00232033 -0.397255 -0.383842 -0.0280406 1 0 0 0 0 0 0 0
440 1 0.1 5.05694 3.49202 0.763204 0.00416438 -0.0123313 0.0029881 -0.143984 -0.0413266 -0.0346432 1 0 0 0 0 0 0 0
441 1 0.1 5.16939 3.65552 0.76297 -0.000462378 -0.017217 0.00362871 0.0562729 -0.0219922 0.0890383 1 0 0 0 0 0 0 0
442 1 0.1 5.27813 3.76326 0.635452 0.0628865 -0.110118 -0.00636408 -0.920893 -0.782328 -0.96125 1 0 0 0 0 0 0 0
443 1 0.1 5.42547 3.80932 0.762513 -0.107028 -0.0627529 0.0380636 -0.0988249 -0.214575 -0.921221 1 0 0 0 0 0 0 0
444 1 0.1 5.54847 3.96797 0.763763 0.0570503 -0.0669961 0.0100313 -0.718328 -0.42401 0.472215 1 0 0 0 0 0 0 0
445 1 0.1 5.75133 4.1674 0.762825 0.00324457 -0.00618714 0.000651831 -0.0463268 -0.00303999 -0.112923 1 0 0 0 0 0 0 0
446 1 0.1 5.87238 4.32633 0.761792 0.00752534 -0.00996461 -0.00610851 0.049853 -0.0119832 0.15221 1 0 0 0 0 0 0 0
447 1 0.1 6.02101 4.45987 0.762614 -0.00020138 -1.08908e-05 0.000875952 -0.00891475 -0.0371898 -0.0206966 1 0 0 0 0 0 0 0
448 1 0.1 6.10581 4.81597 0.762078 0.00196421 -0.000453828 -0.000279311 0.0469096 -0.0425499 -0.00397764 1 0 0 0 0 0 0 0
449 1 0.1 6.3507 5.33105 0.750044 0.000290301 0.000494831 0.000354854 -0.0170473 0.00956288 0.007116 1 0 0 0 0 0 0 0
450 1 0.1 6.45589 0.82801 0.700282 -0.0504234 -0.0175394 -0.00940355 0.377556 1.33898 6.86091 1 0 0 0 0 0 0 0
451 1 0.1 6.34168 0.989861 0.67016 0.132102 -0.209362 -0.0614259 -1.49788 1.19874 -1.09133 1 0 0 0 0 0 0 0
452 1 0.1 6.1971 1.32017 0.762552 -0.00498632 -0.00397326 0.00408618 -0.0251522 0.000827635 -0.0309482 1 0 0 0 0 0 0 0
453 1 0.1 6.08554 1.48609 0.762561 0.00574713 0.0077094 0.00220866 -0.00296718 -0.0709242 0.0329908 1 0 0 0 0 0 0 0
454 1 0.1 5.83331 1.9437 0.743119 -0.00224845 0.00593219 -0.00926359 0.0119589 -0.0450712 -0.104091 1 0 0 0 0 0 0 0
455 1 0.1 5.72142 2.10803 0.762721 0.0481958 0.0385713 -0.00142346 0.411954 -0.447988 -0.566633 1 0 0 0 0 0 0 0
456 1 0.1 5.58024 2.24884 0.762803 0.0822675 0.0644101 0.00178889 -0.0469224 0.119012 0.164242 1 0 0 0 0 0 0 0
457 1 0.1 5.49785 2.33794 0.602493 -0.0133541 0.065036 0.00545329 0.293007 -2.06274 -1.09336 1 0 0 0 0 0 0 0
458 1 0.1 5.369 2.39433 0.762989 0.0311031 0.00817166 0.00386045 0.0479391 -0.348074 0.34439 1 0 0 0 0 0 0 0
459 1 0.1 5.34965 2.59757 0.763421 0.0168475 0.00672626 0.00565269 0.0544557 -0.118652 0.0821191 1 0 0 0 0 0 0 0
460 1 0.1 5.14352 2.5963 0.762713 0.019176 0.00169487 -0.00491565 -0.122671 0.403927 1.12356 1 0 0 0 0 0 0 0
461 1 0.1 4.8856 2.77059 0.766806 0.00431212 -0.000585761 -0.00127142 -0.0300919 -0.117806 -0.100143 1 0 0 0 0 0 0 0
462 1 0.1 4.75537 2.91794 0.762868 0.000593555 0.000736282 0.00293646 0.0143476 -0.0219285 0.121447 1 0 0 0 0 0 0 0
463 1 0.1 4.94275 3.18688 0.615421 0.00157022 0.0067198 0.00568561 -0.402433 0.702528 0.100713 1 0 0 0 0 0 0 0
464 1 0.1 5.0124 3.29969 0.76177 0.00485676 0.00811257 -0.025605 0.398215 -0.391307 -0.035231 1 0 0 0 0 0 0 0
465 1 0.1 5.20745 3.46599 0.634489 -0.0477338 0.0279379 -0.0693681 -0.0695222 1.06643 0.630035 1 0 0 0 0 0 0 0
466 1 0.1 5.35996 3.59767 0.761393 0.00607519 0.00434904 0.000673675 0.111391 -0.0681731 0.0735829 1 0 0 0 0 0 0 0
467 1 0.1 5.48644 3.67499 0.627372 0.0674417 -0.0366002 0.0295657 -0.360612 -0.591248 -0.511157 1 0 0 0 0 0 0 0
468 1 0.1 5.61833 3.75729 0.762886 -0.0425747 -0.0508361 -0.0566689 -0.366932 -0.253108 0.534842 1 0 0 0 0 0 0 0
469 1 0.1 5.7638 3.89439 0.762518 -0.133339 0.0466422 0.00181469 0.115359 -0.742521 0.60889 1 0 0 0 0 0 0 0
470 1 0.1 5.90356 4.038 0.762552 -0.0119992 -0.0255765 0.000623053 0.0329842 -0.104069 -0.188078 1 0 0 0 0 0 0 0
471 1 0.1 5.99555 4.19357 0.677054 -0.00555033 -0.0279056 -0.000243643 -0.0337062 0.0635686 0.179975 1 0 0 0 0 0 0 0
472 1 0.1 6.14198 4.29978 0.762607 -0.00689975 -0.0190549 0.00205498 -0.187275 0.0708703 0.0165268 1 0 0 0 0 0 0 0
473 1 0.1 6.06991 5.04662 0.762594 0.00018852 0.00124046 1.37698e-05 0.0432532 -0.0351522 -0.0119795 1 0 0 0 0 0 0 0
474 1 0.1 6.23581 4.9545 0.699741 0.0116451 0.00319693 0.0284104 0.0158504 -0.32531 0.034024 1 0 0 0 0 0 0 0
475 1 0.1 6.52007 1.01356 0.762582 0.334516 -0.17178 0.019487 -1.06122 -2.93358 -0.360925 1 0 0 0 0 0 0 0
476 1 0.1 6.41613 1.18454 0.755972 1.05825 0.348504 -0.160058 0.112438 -0.823852 1.45048 1 0 0 0 0 0 0 0
477 1 0.1 6.07987 1.67052 0.569843 -0.0384184 0.0637889 0.0128734 1.02347 0.506934 1.65201 1 0 0 0 0 0 0 0
478 1 0.1 6.1324 1.68046 0.762515 0.00113168 0.00835381 0.0031607 0.00924001 -0.00229274 0.0097144 1 0 0 0 0 0 0 0
479 1 0.1 5.75068 2.35311 0.762455 0.0952848 0.0494524 -0.00544875 0.0154692 -0.0445205 -0.343601 1 0 0 0 0 0 0 0
480 1 0.1 5.77097 3.16203 0.751012 -0.0709395 0.242842 0.056487 -1.82678 -1.1102 3.3436 1 0 0 0 0 0 0 0
481 1 0.1 5.69325 2.9172 0.762553 -0.0107205 0.0219667 -0.000654362 0.223971 0.101955 -0.00473657 1 0 0 0 0 0 0 0
482 1 0.1 5.6783 2.5394 0.762882 0.0595781 0.0351749 0.00444291 0.340129 -0.60744 -0.00319793 1 0 0 0 0 0 0 0
483 1 0.1 5.52588 2.53312 0.634671 0.080073 0.0378822 0.00419112 -0.45394 0.449032 -0.0804697 1 0 0 0 0 0 0 0
484 1 0.1 5.52948 2.68641 0.76264 0.0221285 0.0394209 -0.00165845 0.389717 -0.223875 0.997575 1 0 0 0 0 0 0 0
485 1 0.1 5.21286 2.96466 0.76271 -0.00267252 0.010003 -0.00358208 0.109803 0.0820319 0.205837 1 0 0 0 0 0 0 0
486 1 0.1 5.01868 2.91867 0.763057 -0.000743852 2.19411e-05 -0.00151766 0.00482621 -0.0336595 0.164592 1 0 0 0 0 0 0 0
487 1 0.1 4.84945 3.09382 0.763942 0.0213261 -0.0136741 0.000646928 -0.205441 -0.123428 0.551798 1 0 0 0 0 0 0 0
488 1 0.1 5.07576 3.11019 0.760923 -0.0129426 0.00144135 -0.00531085 -0.0898908 -0.165949 -0.202602 1 0 0 0 0 0 0 0
489 1 0.1 5.21119 3.28045 0.762557 0.00402156 0.00253375 -0.0002593 0.0277303 0.0981892 -0.00712487 1 0 0 0 0 0 0 0
490 1 0.1 5.39418 3.20006 0.763021 0.0013361 -0.00255678 0.00188781 0.0557251 -0.123411 -0.00634663 1 0 0 0 0 0 0 0
491 1 0.1 5.37292 3.39866 0.762794 0.00966113 0.000474054 6.81092e-05 -0.0396938 -0.0796912 0.00921049 1 0 0 0 0 0 0 0
492 1 0.1 5.53931 3.50981 0.762921 0.00629667 0.00567608 0.00285918 0.0302407 -0.0448617 -0.0279295 1 0 0 0 0 0 0 0
493 1 0.1 5.57632 3.11796 0.762518 -0.0113436 -0.0389262 -0.00225758 -0.0380209 0.0818874 -0.349415 1 0 0 0 0 0 0 0
494 1 0.1 5.73361 3.59406 0.757749 0.0189498 -0.0162866 -0.0251423 -0.0581666 0.342784 0.0426354 1 0 0 0 0 0 0 0
495 1 0.1 5.89158 3.73212 0.762718 0.115995 0.0151662 -0.00106678 0.158067 -1.16559 0.730197 1 0 0 0 0 0 0 0
496 1 0.1 5.85818 3.62345 0.598733 0.220066 -0.0387783 0.0106838 -0.671733 0.319432 -0.086057 1 0 0 0 0 0 0 0
497 1 0.1 6.11884 4.30328 0.564191 0.00373798 -0.024308 0.00513943 0.161048 -0.179666 0.061838 1 0 0 0 0 0 0 0
498 1 0.1 6.14138 4.61932 0.762569 0.00200655 -0.000856938 8.59332e-05 -0.0338261 -0.0158328 0.00324204 1 0 0 0 0 0 0 0
499 1 0.1 6.29769 4.75984 0.762534 0.000125693 -6.09909e-05 0.000316578 0.0150411 0.0134591 -0.00277047 1 0 0 0 0 0 0 0
