500
0 1 0.1 5.95998 1.06217 0.150043 0.00101967 -0.000763356 -0.000406381 -0.00661117 -0.00365002 -0.0200763 1 0 0 0 0 0 0 0
1 1 0.1 5.79763 1.21839 0.149912 -0.000624306 0.000456384 0.000360941 0.0101117 0.000258036 -0.0262147 1 0 0 0 0 0 0 0
2 1 0.1 5.65778 1.36096 0.142503 -0.00105913 0.000777968 0.000339793 -0.00317995 -0.00738829 0.0298962 1 0 0 0 0 0 0 0
3 1 0.1 5.28699 1.73848 0.137436 0.00484065 -0.00646203 0.000167521 0.0662042 0.0486274 -0.0662557 1 0 0 0 0 0 0 0
4 1 0.1 5.51938 1.83928 0.315875 -0.0263044 0.00478333 -0.00919084 -0.067297 -0.236833 0.0462112 1 0 0 0 0 0 0 0
5 1 0.1 5.14179 1.88464 0.137483 -0.00908811 0.0125061 0.000431366 -0.0877379 -0.0754759 0.129155 1 0 0 0 0 0 0 0
6 1 0.1 4.99071 2.06098 0.135015 -0.00904549 0.00614621 -0.000917841 -0.125354 -0.11334 -0.0471756 1 0 0 0 0 0 0 0
7 1 0.1 4.80655 2.21181 0.139506 0.0606131 -0.0376305 0.0472873 0.100934 -0.249667 -0.154033 1 0 0 0 0 0 0 0
8 1 0.1 4.6698 2.71806 0.137491 -0.024459 0.0695525 -8.06229e-05 -0.480008 0.920939 0.15135 1 0 0 0 0 0 0 0
9 1 0.1 4.64495 2.53768 0.236232 0.0271103 0.0149339 -0.00859788 -0.0975673 -0.0694435 0.0160059 1 0 0 0 0 0 0 0
10 1 0.1 4.19419 2.8664 0.14188 -0.00721862 0.0306076 0.0258866 -0.425516 -0.444633 0.0227261 1 0 0 0 0 0 0 0
11 1 0.1 4.19267 2.83123 0.348718 -0.00449716 0.00169094 0.00788105 -0.007894 -0.0698606 0.00888507 1 0 0 0 0 0 0 0
12 1 0.1 4.19594 3.06401 0.136622 0.00167521 0.0231302 -0.00560384 0.0793494 -0.285338 -0.135101 1 0 0 0 0 0 0 0
13 1 0.1 4.23492 3.22037 0.249896 0.00164868 0.00514706 0.00800581 0.126037 0.110225 -0.0677585 1 0 0 0 0 0 0 0
14 1 0.1 4.36132 3.33497 0.138676 0.00543886 0.00634912 0.00311531 -0.0203498 -0.0070819 0.088913 1 0 0 0 0 0 0 0
15 1 0.1 4.52024 3.5029 0.144722 0.00211344 0.000301104 0.000167553 -0.000905269 0.00899487 -0.00945849 1 0 0 0 0 0 0 0
16 1 0.1 4.56973 3.30946 0.141447 0.00453863 0.000276754 -0.00775039 0.0308934 0.162752 0.0588023 1 0 0 0 0 0 0 0
17 1 0.1 4.65423 3.62696 0.22615 0.000716243 0.00556147 -0.00337815 0.00477977 0.0166612 0.0451884 1 0 0 0 0 0 0 0
18 1 0.1 4.75432 3.76768 0.0854972 0.0476911 0.0061225 -0.0204961 -10.5267 -12.1955 -4.14858 1 0 0 0 0 0 0 0
19 1 0.1 4.95731 3.91723 0.134192 -0.0016792 0.0106887 -0.00366587 -0.0702361 -0.0195022 0.0696866 1 0 0 0 0 0 0 0
20 1 0.1 5.08537 4.06982 0.149751 -0.0137103 0.0137444 0.00234811 -0.0308275 -0.00584612 -0.0544863 1 0 0 0 0 0 0 0
21 1 0.1 5.22674 4.21115 0.149877 -0.00191377 0.00138995 0.00196283 -0.011346 -0.0286513 -0.0383092 1 0 0 0 0 0 0 0
22 1 0.1 5.51914 4.49946 0.142734 0.00153939 0.00108966 -0.00027279 0.000580055 0.00492175 0.0163133 1 0 0 0 0 0 0 0
23 1 0.1 5.6814 4.65846 0.150053 -0.00568914 -0.00544124 -0.000567468 0.00446444 0.00325878 -0.0466427 1 0 0 0 0 0 0 0
24 1 0.1 5.96459 4.94148 0.150331 -0.000500122 -0.000956777 0.000786654 -0.00982661 -0.00534741 -0.00229274 1 0 0 0 0 0 0 0
25 1 0.1 6.10134 0.920913 0.150003 -0.00040598 -9.72282e-05 0.000141532 -0.000283189 -0.00112032 -0.00396004 1 0 0 0 0 0 0 0
26 1 0.1 5.87166 1.40371 0.137225 0.00336244 -0.00101017 -0.00192543 0.00517348 -0.0692702 -0.000156254 1 0 0 0 0 0 0 0
27 1 0.1 5.7082 1.56024 0.137379 -0.00293739 0.00303596 0.000478339 0.0166479 0.0148581 -0.0333271 1 0 0 0 0 0 0 0
28 1 0.1 5.51692 1.50251 0.13736 -0.00114629 0.00147334 -0.000913772 -0.0405048 -0.00606109 0.0161365 1 0 0 0 0 0 0 0
29 1 0.1 5.61375 1.86945 0.137475 -0.00525778 0.00558956 4.51551e-05 -0.0362717 0.0463707 -0.0536883 1 0 0 0 0 0 0 0
30 1 0.1 5.41673 1.90074 0.137009 -0.0036156 0.0154032 0.000942779 -0.132709 -0.0172443 -0.0370605 1 0 0 0 0 0 0 0
31 1 0.1 5.18711 2.09492 0.137353 -0.0119939 0.00530811 0.000180785 -0.0732082 -0.165894 0.0636625 1 0 0 0 0 0 0 0
32 1 0.1 4.99816 2.26888 0.140455 0.00437879 0.273621 0.0500661 -0.327341 0.255036 2.40493 1 0 0 0 0 0 0 0
33 1 0.1 4.47264 2.55259 0.137245 0.0208003 -0.00610827 -0.00348187 0.010099 0.150205 0.119977 1 0 0 0 0 0 0 0
34 1 0.1 4.9366 2.72857 0.137221 -0.0343314 -0.0586699 -0.000646729 0.577405 -0.325457 -0.0886078 1 0 0 0 0 0 0 0
35 1 0.1 4.32967 2.69119 0.139921 0.013695 -0.0191452 0.00632439 -0.0771663 -0.0712478 -0.236419 1 0 0 0 0 0 0 0
36 1 0.1 5.17771 2.87458 0.313418 -0.135275 -0.0320427 0.0278994 -0.0890251 0.469809 0.549999 1 0 0 0 0 0 0 0
37 1 0.1 4.39304 2.87435 0.13378 -0.00224967 -0.0232133 0.00729594 0.143654 -0.0526976 0.428723 1 0 0 0 0 0 0 0
38 1 0.1 4.3804 3.13627 0.137092 0.00502839 0.00274711 0.0026439 -0.00118849 0.0380513 -0.0640141 1 0 0 0 0 0 0 0
39 1 0.1 4.45691 3.23754 0.29088 0.000844274 -0.0114649 0.01355 0.0648585 -0.227676 -0.179775 1 0 0 0 0 0 0 0
40 1 0.1 4.94394 3.34247 0.134672 0.00996619 -0.0664502 0.00158145 0.645692 0.128824 -0.448004 1 0 0 0 0 0 0 0
41 1 0.1 4.84244 3.56109 0.240445 -0.0363649 -0.0598516 0.128805 0.135822 -1.46264 -0.749655 1 0 0 0 0 0 0 0
42 1 0.1 5.20782 3.69275 0.136057 -0.0259499 -0.0601358 -0.000892768 0.317409 -0.333075 0.513207 1 0 0 0 0 0 0 0
43 1 0.1 5.04692 3.88979 0.303394 -0.02114 0.00322041 0.000163297 0.335489 -0.257695 0.20418 1 0 0 0 0 0 0 0
44 1 0.1 5.36581 3.9217 0.137501 -0.629011 -0.182165 -0.000111856 0.193668 -0.541833 2.20984 1 0 0 0 0 0 0 0
45 1 0.1 5.40857 4.12904 0.137424 -0.00111084 -0.00895779 0.000347776 0.0973679 0.00601612 -0.0674621 1 0 0 0 0 0 0 0
46 1 0.1 5.51423 4.29967 0.137421 0.00172433 0.000795399 0.000209237 -0.00848727 0.0169968 -0.0145296 1 0 0 0 0 0 0 0
47 1 0.1 5.77003 4.47982 0.136726 0.00110679 -0.00371852 0.000467438 0.0420441 0.00818789 0.0581872 1 0 0 0 0 0 0 0
48 1 0.1 5.82281 4.79981 0.149996 -0.00630838 -0.0054353 0.000353268 0.00232928 -0.00415277 0.0668812 1 0 0 0 0 0 0 0
49 1 0.1 6.12411 5.10043 0.148897 0.000356605 0.000916698 0.000125879 -0.00412967 2.93645e-05 0.00687851 1 0 0 0 0 0 0 0
50 1 0.1 6.2427 0.77954 0.149997 -0.000351292 0.000274982 0.000151994 0.000771132 -0.000609934 0.0049329 1 0 0 0 0 0 0 0
51 1 0.1 6.00593 1.25604 0.13747 0.00247032 -0.000859016 0.000223888 0.0201788 0.00733298 -0.00384355 1 0 0 0 0 0 0 0
52 1 0.1 6.00566 1.84105 0.142997 -0.13938 -0.0769415 0.00561319 0.176226 -0.178435 -1.16455 1 0 0 0 0 0 0 0
53 1 0.1 5.79126 1.77751 0.137497 -0.0407142 -0.0625217 -0.000567673 -0.100093 0.0326016 -0.713904 1 0 0 0 0 0 0 0
54 1 0.1 5.77025 1.97323 0.204904 -0.00625877 -1.98866e-05 0.0145379 -0.201202 -0.383222 -0.133031 1 0 0 0 0 0 0 0
55 1 0.1 5.38915 2.09866 0.138475 -0.0114771 0.0163905 0.00832047 0.219772 -0.0401119 0.110776 1 0 0 0 0 0 0 0
56 1 0.1 5.28489 2.26909 0.137204 -0.0275839 0.00905046 0.00494891 -0.083446 -0.255878 0.0726477 1 0 0 0 0 0 0 0
57 1 0.1 5.19066 2.32537 0.30365 -0.0767906 0.0835403 -0.0370597 -0.472387 -0.500539 -0.684773 1 0 0 0 0 0 0 0
58 1 0.1 4.85095 2.38113 0.23663 -0.608571 0.0590921 0.288479 -0.0956653 -4.03169 0.879975 1 0 0 0 0 0 0 0
59 1 0.1 4.66487 2.35258 0.134822 0.0198055 -0.0222655 -0.010911 0.188086 -0.392044 0.350264 1 0 0 0 0 0 0 0
60 1 0.1 5.29496 2.71333 0.302408 -0.0718527 0.0109956 0.00666708 0.205452 -0.20859 0.214173 1 0 0 0 0 0 0 0
61 1 0.1 4.60751 2.91777 0.137277 -0.00361343 -0.00180854 0.00361581 -0.0695287 0.0469146 -0.0248063 1 0 0 0 0 0 0 0
62 1 0.1 4.80253 2.87627 0.138401 -0.00799733 -0.0328444 0.018338 0.163649 -0.209801 -0.282393 1 0 0 0 0 0 0 0
63 1 0.1 4.57487 3.11176 0.168877 0.00551759 -0.00392588 -0.00714625 -0.0412609 0.0683925 -0.040487 1 0 0 0 0 0 0 0
64 1 0.1 4.74915 3.20212 0.136244 -0.0012178 -0.015997 -0.00232498 0.182942 -0.0530692 -0.0298922 1 0 0 0 0 0 0 0
65 1 0.1 4.75885 3.46429 0.401055 -0.00594426 -0.0241653 -0.00629288 0.200395 -0.325364 -0.00296511 1 0 0 0 0 0 0 0
66 1 0.1 5.32213 3.53002 0.138876 0.0316571 -0.012045 -0.0261381 0.614532 -0.479073 0.0574826 1 0 0 0 0 0 0 0
67 1 0.1 5.48135 3.6472 0.137076 0.0302587 0.00424311 -8.10679e-06 -0.364302 0.39912 0.382053 1 0 0 0 0 0 0 0
68 1 0.1 5.16864 3.88853 0.13754 -0.595171 -0.199073 -0.0222856 -0.0607597 0.344775 -1.91378 1 0 0 0 0 0 0 0
69 1 0.1 5.61241 3.99566 0.441837 0.00486272 0.00868715 0.0057152 -0.167558 -0.010302 0.167468 1 0 0 0 0 0 0 0
70 1 0.1 5.60638 4.15768 0.281849 0.00365434 0.0370612 0.0023226 0.452685 0.0922806 -0.1445 1 0 0 0 0 0 0 0
71 1 0.1 5.73905 4.19574 0.137433 0.00295356 0.0251125 0.00173836 -0.236289 -0.00899752 -0.247127 1 0 0 0 0 0 0 0
72 1 0.1 5.89349 4.32252 0.137486 0.0155831 0.00588294 -0.00259513 0.106413 0.00400941 0.0130675 1 0 0 0 0 0 0 0
73 1 0.1 6.1176 4.81338 0.137341 0.000128781 -0.000578855 0.000417581 0.0200598 -0.0208109 0.0115332 1 0 0 0 0 0 0 0
74 1 0.1 6.34527 5.32368 0.149942 0.00034509 0.000308295 0.000463725 -0.00162043 -0.00487509 0.0035685 1 0 0 0 0 0 0 0
75 1 0.1 6.24569 0.997756 0.266179 -0.00236123 -0.00821321 -0.0039619 0.0194182 0.067288 -0.130252 1 0 0 0 0 0 0 0
76 1 0.1 6.15142 1.11829 0.137464 0.000381385 0.000448891 0.000482813 0.00124091 0.00346136 -0.00441504 1 0 0 0 0 0 0 0
77 1 0.1 6.08915 1.65959 0.137471 -0.065 -0.0451308 -0.000186016 0.157161 -0.414861 1.95347 1 0 0 0 0 0 0 0
78 1 0.1 5.9489 2.03253 0.137484 -0.00107944 -0.0339531 0.000210073 -0.157636 -0.0680143 -0.278543 1 0 0 0 0 0 0 0
79 1 0.1 5.73984 2.25243 0.302267 -0.0162901 -0.0136453 -0.00968215 -0.0453903 -0.431798 0.329155 1 0 0 0 0 0 0 0
80 1 0.1 5.59606 2.12154 0.137287 -0.0123825 0.00579316 -0.000128268 -0.0474455 -0.123624 0.0268699 1 0 0 0 0 0 0 0
81 1 0.1 5.58917 2.32519 0.134198 -0.0511774 0.000218241 -0.0041404 -0.0522134 -0.434654 0.103961 1 0 0 0 0 0 0 0
82 1 0.1 5.7804 2.75776 0.137304 -0.0196324 -0.00935271 0.0018197 0.21854 -0.271003 0.0226848 1 0 0 0 0 0 0 0
83 1 0.1 5.40554 2.42769 0.143705 -0.0211503 0.00270478 0.000833005 -0.134326 0.00810039 -0.212813 1 0 0 0 0 0 0 0
84 1 0.1 4.81806 2.55165 0.137435 0.0288757 0.0246329 -0.00295631 -0.153009 0.00650783 0.265857 1 0 0 0 0 0 0 0
85 1 0.1 5.10066 2.62318 0.180443 0.00604381 -0.0139768 -0.0666788 0.377431 0.465265 0.819894 1 0 0 0 0 0 0 0
86 1 0.1 5.62864 2.86622 0.33612 -0.0677805 0.0141591 -0.0462965 -0.546877 0.541663 0.168355 1 0 0 0 0 0 0 0
87 1 0.1 5.13043 3.00113 0.140507 -1.25724 -0.0483107 0.0257667 0.39714 -0.732845 0.470354 1 0 0 0 0 0 0 0
88 1 0.1 5.14428 3.31435 0.135984 0.0189576 -0.0433774 -0.00488264 0.878218 0.273127 0.150446 1 0 0 0 0 0 0 0
89 1 0.1 4.71287 3.44887 0.137491 -0.00894007 0.0219021 0.000379557 0.207202 -0.0449107 0.18352 1 0 0 0 0 0 0 0
90 1 0.1 5.12481 3.51334 0.137439 0.0227707 -0.0501019 0.0102391 0.0698592 0.755626 0.328401 1 0 0 0 0 0 0 0
91 1 0.1 5.50483 3.4494 0.137433 0.0302099 -0.00261272 -0.00206135 0.273812 0.0959762 -0.49984 1 0 0 0 0 0 0 0
92 1 0.1 5.6789 3.61922 0.137401 0.0337127 0.0124251 -0.000923805 -0.157888 -0.236827 -0.402877 1 0 0 0 0 0 0 0
93 1 0.1 5.76303 3.85685 0.28303 0.047286 3.11771e-07 0.00916376 -0.028165 0.0928809 -0.154343 1 0 0 0 0 0 0 0
94 1 0.1 5.59562 3.94577 0.219787 0.0658305 0.022694 -0.000515509 -0.207044 -0.0803453 -0.216842 1 0 0 0 0 0 0 0
95 1 0.1 5.76988 3.99795 0.137405 0.0672873 0.0210419 5.02597e-05 0.0705938 0.0298183 0.264203 1 0 0 0 0 0 0 0
96 1 0.1 5.92672 4.12509 0.137426 -0.00436099 -0.00134705 -0.000188213 0.0110518 -0.0452021 -0.0253515 1 0 0 0 0 0 0 0
97 1 0.1 6.01011 4.45181 0.235676 0.0197143 -0.00146602 -0.00052274 0.0844101 0.155057 0.0403435 1 0 0 0 0 0 0 0
98 1 0.1 6.24317 4.95144 0.208809 -0.00200204 0.000528526 0.00215298 -0.0106817 -0.000134602 0.0118474 1 0 0 0 0 0 0 0
99 1 0.1 6.32245 5.12504 0.14908 -0.000199629 0.000282526 0.00194357 -0.0155409 -0.0227616 -0.0130059 1 0 0 0 0 0 0 0
100 1 0.1 6.35502 0.662508 0.350002 -0.000623301 0.000615418 -6.85572e-05 0.00435836 0.00284172 0.0096175 1 0 0 0 0 0 0 0
101 1 0.1 6.18758 1.33949 0.137495 0.023262 -0.046821 -0.00017819 0.470334 0.230033 -0.506085 1 0 0 0 0 0 0 0
102 1 0.1 6.05 1.47243 0.195536 0.0192316 -0.058868 0.0218749 -0.545068 -0.37437 -0.803097 1 0 0 0 0 0 0 0
103 1 0.1 5.93779 2.28318 0.298173 -0.00344578 -0.00531931 0.0100469 -0.146653 -0.0365672 0.0896294 1 0 0 0 0 0 0 0
104 1 0.1 5.92469 2.93906 0.483975 -0.0621851 0.0398946 -0.0307107 0.479044 0.344944 0.00765172 1 0 0 0 0 0 0 0
105 1 0.1 5.78619 2.35888 0.137832 -0.0482489 -0.0111114 0.0111893 -0.0550878 -0.0866263 -0.0817975 1 0 0 0 0 0 0 0
106 1 0.1 5.7705 2.55823 0.137361 -0.00882622 -0.0094047 -0.00014799 0.0953434 -0.0581012 0.188664 1 0 0 0 0 0 0 0
107 1 0.1 5.8295 3.12757 0.474998 -0.191887 -0.0350683 0.0136222 0.811087 -2.40529 -0.56238 1 0 0 0 0 0 0 0
108 1 0.1 5.59122 2.72655 0.198237 -0.0258118 -0.030217 -0.00859385 -0.119045 -1.32506 -0.186416 1 0 0 0 0 0 0 0
109 1 0.1 5.57176 2.53777 0.137334 -0.00736736 -0.0249234 -0.00493737 -0.00812101 -0.0109269 -0.062357 1 0 0 0 0 0 0 0
110 1 0.1 5.31051 2.60352 0.13704 -0.0216784 0.0132082 0.00333969 -0.138071 -0.232677 0.0451666 1 0 0 0 0 0 0 0
111 1 0.1 5.20937 2.78555 0.137244 -0.0486744 0.0142939 0.00269929 -0.00211199 -0.209375 0.159899 1 0 0 0 0 0 0 0
112 1 0.1 5.42248 3.05092 0.137284 0.00103897 -0.0201663 -0.000955333 0.191695 0.0163138 0.0460515 1 0 0 0 0 0 0 0
113 1 0.1 4.88774 3.05732 0.137484 -0.0850897 -0.133276 0.0014452 0.837002 1.02713 0.510287 1 0 0 0 0 0 0 0
114 1 0.1 5.47133 3.23385 0.254743 -0.0102452 -0.0341054 0.00661538 0.105513 -0.433324 -0.395971 1 0 0 0 0 0 0 0
115 1 0.1 5.64029 3.30734 0.168947 0.0131621 -0.0186194 -0.00839807 0.0563353 -0.380764 0.372983 1 0 0 0 0 0 0 0
116 1 0.1 5.61259 3.1129 0.137478 0.00175447 -0.0258522 0.00267266 -0.260915 -0.0062637 -0.545974 1 0 0 0 0 0 0 0
117 1 0.1 5.83422 3.34414 0.137498 0.0112153 -0.00808725 9.76807e-05 0.1939 0.339131 -0.298095 1 0 0 0 0 0 0 0
118 1 0.1 5.83689 3.74152 0.137426 0.0402088 0.0066396 0.000123234 0.0289268 0.129464 0.327938 1 0 0 0 0 0 0 0
119 1 0.1 5.94783 3.90753 0.148562 0.0530864 -0.00383898 0.0343283 0.125774 -0.514593 -0.526723 1 0 0 0 0 0 0 0
120 1 0.1 5.86322 3.542 0.13839 0.0240106 -0.0104327 0.0158163 0.0334365 0.110746 0.156085 1 0 0 0 0 0 0 0
121 1 0.1 6.01792 3.24308 0.137441 0.00180732 -0.0143389 -0.000196918 0.159935 -0.0506104 -0.0080974 1 0 0 0 0 0 0 0
122 1 0.1 6.01788 4.21383 0.39965 0.00761364 -0.00275955 0.0193539 0.226142 -0.36115 -0.0313807 1 0 0 0 0 0 0 0
123 1 0.1 6.08614 4.60824 0.137384 0.00357049 0.0030797 -0.000813233 -0.0180518 0.0251837 0.0368411 1 0 0 0 0 0 0 0
124 1 0.1 6.2394 4.68986 0.236567 0.00460582 0.00151704 -0.00137064 -0.115508 0.204581 -0.0530008 1 0 0 0 0 0 0 0
125 1 0.1 5.93083 1.08658 0.350169 -0.000866827 0.00194201 -0.000104935 0.00877808 0.00885709 0.0671519 1 0 0 0 0 0 0 0
126 1 0.1 5.78944 1.22812 0.350754 -0.000518287 0.000548578 -0.000865102 0.00443948 -0.00174134 0.0117779 1 0 0 0 0 0 0 0
127 1 0.1 5.64803 1.36955 0.350737 -0.000113695 0.00129943 0.000481218 0.00698346 0.00156193 0.0136521 1 0 0 0 0 0 0 0
128 1 0.1 5.43603 1.59051 0.32227 0.0107108 -0.015033 -0.00340984 -0.00269979 -0.00184875 -0.00454777 1 0 0 0 0 0 0 0
129 1 0.1 5.29342 1.72982 0.337013 0.00992603 -0.0147863 -2.67175e-06 0.0356554 0.0166643 0.00841724 1 0 0 0 0 0 0 0
130 1 0.1 5.05939 1.97327 0.29664 -0.00811768 0.00853029 0.00497597 0.0350328 0.202399 -0.0178576 1 0 0 0 0 0 0 0
131 1 0.1 4.90669 2.12459 0.301252 -0.00357795 0.00443553 -0.00940163 0.0566078 0.179074 0.221289 1 0 0 0 0 0 0 0
132 1 0.1 4.78585 2.24574 0.399672 0.00621841 -0.00557286 0.0031653 -0.0360105 0.102242 -0.102289 1 0 0 0 0 0 0 0
133 1 0.1 4.64483 2.38041 0.358544 0.0103012 0.00361192 0.0016163 -0.012035 -0.0934082 -0.023533 1 0 0 0 0 0 0 0
134 1 0.1 4.591 2.51308 0.497764 0.00548627 -0.00907898 -0.0013955 0.0796069 -0.00905744 -0.0584634 1 0 0 0 0 0 0 0
135 1 0.1 4.47463 2.54983 0.340459 0.000163804 0.00237219 -0.00440597 0.0123221 0.066563 -0.0268029 1 0 0 0 0 0 0 0
136 1 0.1 4.33399 2.69102 0.338701 -0.00345486 0.00379533 0.0188727 0.134422 -0.19611 -0.00847384 1 0 0 0 0 0 0 0
137 1 0.1 4.48219 2.93782 0.291012 -0.0165033 -0.00785097 0.00547966 -0.165003 0.0877138 0.0565016 1 0 0 0 0 0 0 0
138 1 0.1 4.33209 3.06161 0.315324 -0.004909 0.000296786 0.00214867 -0.0325336 0.040187 -0.102341 1 0 0 0 0 0 0 0
139 1 0.1 4.31205 3.29017 0.417564 -0.00511601 -0.00143289 0.00457938 0.0410098 -0.0562514 0.147951 1 0 0 0 0 0 0 0
140 1 0.1 4.62016 3.32764 0.361144 -0.00824523 -0.0105781 0.00921649 -0.45423 0.0215457 0.0914931 1 0 0 0 0 0 0 0
141 1 0.1 4.59296 3.57007 0.407738 -0.00234479 -0.010039 -0.0108357 0.145437 0.0305933 -0.061566 1 0 0 0 0 0 0 0
142 1 0.1 4.73553 3.71018 0.402565 -0.00299919 -0.00392665 0.000105657 0.0044829 -0.000272115 -0.0249108 1 0 0 0 0 0 0 0
143 1 0.1 5.11194 4.06714 0.347912 0.0356974 -0.0208075 -0.00469436 -0.0225696 -0.0155704 0.130251 1 0 0 0 0 0 0 0
144 1 0.1 5.44752 4.04153 0.312823 0.0414309 -0.0108259 -0.00826945 7.4873e-05 0.111779 0.794386 1 0 0 0 0 0 0 0
145 1 0.1 5.23569 4.2164 0.364889 0.00603057 0.00354435 0.00108857 -0.0326794 0.0455379 0.549183 1 0 0 0 0 0 0 0
146 1 0.1 5.35464 4.33161 0.253251 0.00384757 0.00499363 0.00181472 -0.102801 0.0216711 0.037155 1 0 0 0 0 0 0 0
147 1 0.1 5.49195 4.46537 0.337892 0.00465627 0.00659325 0.00141321 -0.0368634 0.00188978 0.070499 1 0 0 0 0 0 0 0
148 1 0.1 5.69837 4.67484 0.34998 0.0174645 0.0190239 0.00451213 -0.068789 0.00246206 0.265169 1 0 0 0 0 0 0 0
149 1 0.1 5.91056 4.88313 0.36263 -0.00333101 -0.00289055 -0.00139466 0.000325259 0.0195288 -0.0398529 1 0 0 0 0 0 0 0
150 1 0.1 6.07236 0.945379 0.350917 -0.00131092 0.000699728 0.00057566 0.00238243 0.000938441 0.0205387 1 0 0 0 0 0 0 0
151 1 0.1 5.82773 1.68822 0.312696 -0.00140512 -0.00310569 0.0199744 0.169083 -0.136354 0.154367 1 0 0 0 0 0 0 0
152 1 0.1 5.56477 1.68564 0.197805 -0.00509091 0.00397432 -0.00059482 0.0473343 0.0110429 0.0454684 1 0 0 0 0 0 0 0
153 1 0.1 5.95515 2.25644 0.51292 -0.0148423 0.00742787 -0.00304635 -0.28321 0.0418409 0.283674 1 0 0 0 0 0 0 0
154 1 0.1 5.73089 1.96884 0.401055 -0.0469455 -0.00574382 -0.00166964 0.0100957 0.18046 -0.244576 1 0 0 0 0 0 0 0
155 1 0.1 5.28419 1.93715 0.280876 -0.0155576 0.0401293 -0.0116844 -0.130688 -0.144412 -0.0359951 1 0 0 0 0 0 0 0
156 1 0.1 5.18582 2.23822 0.483418 -0.0376798 -0.0565771 -0.0976011 -0.103778 0.914404 -0.612047 1 0 0 0 0 0 0 0
157 1 0.1 4.88872 2.1342 0.537891 0.013725 -0.0083819 -0.00402946 -0.0287817 -0.00176223 -0.0562471 1 0 0 0 0 0 0 0
158 1 0.1 4.78424 2.49919 0.448598 -0.0301383 -0.227735 -0.0109615 1.73361 1.51146 2.57779 1 0 0 0 0 0 0 0
159 1 0.1 4.73871 2.82154 0.55146 -0.0221196 -0.0100997 -0.00971366 0.280265 0.363012 -0.16984 1 0 0 0 0 0 0 0
160 1 0.1 4.7239 2.6693 0.363771 -0.204692 -0.120832 0.292272 2.40345 -3.32282 0.329136 1 0 0 0 0 0 0 0
161 1 0.1 4.65211 2.85483 0.35436 -0.149705 -0.1217 0.160638 -2.21249 -0.896389 -0.605763 1 0 0 0 0 0 0 0
162 1 0.1 4.58657 3.02959 0.424025 0.010965 -0.0196966 0.002258 0.0105423 -0.161658 -0.724855 1 0 0 0 0 0 0 0
163 1 0.1 4.76208 3.01176 0.504429 -0.0112008 -0.0103202 0.0298302 0.248653 0.399636 -0.166969 1 0 0 0 0 0 0 0
164 1 0.1 4.30539 3.28968 0.751075 -0.0120498 -0.01839 -0.0017064 0.0863729 -0.0323515 -0.239244 1 0 0 0 0 0 0 0
165 1 0.1 4.7171 3.45385 0.59427 -0.041107 -0.0263413 -0.0049646 -0.32336 -0.0289739 0.626665 1 0 0 0 0 0 0 0
166 1 0.1 4.9449 3.35354 0.433549 -0.0208018 0.0174438 -0.0195112 0.14764 -0.174201 -0.342023 1 0 0 0 0 0 0 0
167 1 0.1 5.0978 3.61825 0.302951 0.0293999 -0.0416302 0.01939 -0.209875 -0.178763 0.41202 1 0 0 0 0 0 0 0
168 1 0.1 5.27056 3.95127 0.318204 0.0444949 -0.00813771 -0.00527528 0.0893103 -0.0357896 -0.576594 1 0 0 0 0 0 0 0
169 1 0.1 5.47945 3.85809 0.384365 0.0222854 -0.0100907 0.00540487 0.0234171 -0.120587 0.0477542 1 0 0 0 0 0 0 0
170 1 0.1 5.42561 4.21031 0.423031 0.00736732 0.0259723 -0.0126811 0.223136 0.0695433 -0.110769 1 0 0 0 0 0 0 0
171 1 0.1 5.5967 4.31116 0.408939 0.0126803 0.0222529 0.0198376 -0.0651096 -0.179958 0.102823 1 0 0 0 0 0 0 0
172 1 0.1 5.74091 4.3405 0.275449 0.010845 0.00369316 0.0118262 -0.134415 0.205555 -0.134343 1 0 0 0 0 0 0 0
173 1 0.1 5.85997 4.57448 0.287067 0.000360058 -0.00381859 0.00129022 -0.0145953 -0.0129431 -0.050448 1 0 0 0 0 0 0 0
174 1 0.1 6.08685 5.06805 0.351861 -0.000705679 -0.000660551 0.00187017 -0.0256929 0.00505747 -0.0079867 1 0 0 0 0 0 0 0
175 1 0.1 6.21362 0.803896 0.349947 -0.000557866 0.00126825 0.000139042 -0.00373132 -0.00292309 -0.00451503 1 0 0 0 0 0 0 0
176 1 0.1 5.79874 1.49099 0.301233 0.00178018 -0.00113693 -0.00329419 0.000998027 0.0753278 -0.0340314 1 0 0 0 0 0 0 0
177 1 0.1 5.89289 1.87633 0.329049 -0.0264929 0.00307308 0.036844 0.0686209 0.120623 0.0537714 1 0 0 0 0 0 0 0
178 1 0.1 5.86525 2.09927 0.327503 -0.0112279 -0.000781994 0.0224825 -0.0113023 -0.0240731 -0.160067 1 0 0 0 0 0 0 0
179 1 0.1 5.56331 2.0333 0.313258 -0.0385166 0.00798362 -0.00479526 0.0104139 -0.234726 0.0918278 1 0 0 0 0 0 0 0
180 1 0.1 5.43228 2.13242 0.436112 -0.0768831 0.0662942 0.025464 0.37066 0.271356 -0.68696 1 0 0 0 0 0 0 0
181 1 0.1 5.28313 2.14787 0.304199 -0.0712834 0.0738347 0.0168368 -0.394782 -0.3708 0.55655 1 0 0 0 0 0 0 0
182 1 0.1 5.00546 2.28523 0.36557 -0.0683897 0.0499374 -0.00810679 0.569447 0.815819 1.0379 1 0 0 0 0 0 0 0
183 1 0.1 4.9074 2.60554 0.317036 -0.211287 -0.0742389 0.204338 0.740785 4.83823 0.974894 1 0 0 0 0 0 0 0
184 1 0.1 5.11282 2.65345 0.421887 -0.104844 -0.121964 0.0394814 0.0408531 0.0500491 -0.358289 1 0 0 0 0 0 0 0
185 1 0.1 5.09119 2.83719 0.592873 0.0694041 0.0678241 -0.0739297 -0.736906 0.871169 -0.394056 1 0 0 0 0 0 0 0
186 1 0.1 5.00086 2.78216 0.318342 -0.097334 -0.118687 0.0407603 0.189705 -0.267551 0.465462 1 0 0 0 0 0 0 0
187 1 0.1 4.49978 2.74265 0.239737 0.0182298 0.0473091 0.0750265 -0.0910612 -0.0736238 0.395017 1 0 0 0 0 0 0 0
188 1 0.1 4.73117 3.02499 0.257497 -0.0762029 -0.128153 0.0218202 0.244288 -0.576107 -1.40565 1 0 0 0 0 0 0 0
189 1 0.1 5.23419 3.33292 0.321327 0.0129278 -0.0273913 0.000414216 0.882448 0.741627 -0.150377 1 0 0 0 0 0 0 0
190 1 0.1 5.05233 3.40533 0.283763 0.00714173 -0.055175 -0.0170179 -0.930386 -0.275684 0.307906 1 0 0 0 0 0 0 0
191 1 0.1 5.28098 3.54658 0.333808 0.0341142 -0.0315996 -0.0247047 0.437678 0.545176 -0.304055 1 0 0 0 0 0 0 0
192 1 0.1 5.24358 3.7533 0.323547 -0.00312094 -0.000816469 0.00176231 -0.155108 0.0970694 0.0904232 1 0 0 0 0 0 0 0
193 1 0.1 5.59556 3.7506 0.262849 0.0350857 0.0200051 -0.0116006 0.470836 -0.0674176 -0.0296597 1 0 0 0 0 0 0 0
194 1 0.1 5.6067 3.86551 0.593475 0.00190131 0.00542204 0.00575967 0.19096 -0.107869 -0.0816977 1 0 0 0 0 0 0 0
195 1 0.1 5.71584 4.1639 0.472305 0.0077918 0.010169 -0.00213293 0.252781 0.293549 -0.140758 1 0 0 0 0 0 0 0
196 1 0.1 5.84275 4.17284 0.312394 0.0129717 0.00134772 0.00604689 -0.0592525 0.241266 0.0482399 1 0 0 0 0 0 0 0
197 1 0.1 5.82142 3.9997 0.409316 0.0300754 0.00332741 0.012549 -0.0166072 -0.304819 0.196663 1 0 0 0 0 0 0 0
198 1 0.1 5.98473 4.72827 0.260818 -0.00196223 -0.00169256 -0.00116699 -0.0154946 0.0104443 0.089114 1 0 0 0 0 0 0 0
199 1 0.1 6.22953 5.20734 0.337283 -0.000851615 -0.000642874 -0.000557645 0.00315514 -0.00288326 0.00117655 1 0 0 0 0 0 0 0
200 1 0.1 6.09055 1.1998 0.309594 0.000306376 0.00244707 0.00251921 -0.0560002 -0.0382516 0.0197973 1 0 0 0 0 0 0 0
201 1 0.1 5.94915 1.34116 0.310365 -0.00155424 0.000912168 -0.00375881 -0.0170669 0.0123013 0.00387512 1 0 0 0 0 0 0 0
202 1 0.1 6.03224 1.81997 0.517355 0.00615694 0.00668163 0.0121971 -0.0980673 0.554149 -0.125269 1 0 0 0 0 0 0 0
203 1 0.1 5.93796 2.4406 0.589239 -0.000505789 0.0240882 -0.0295166 0.0534191 0.257773 0.0468147 1 0 0 0 0 0 0 0
204 1 0.1 5.88855 2.47557 0.27554 -0.0164338 -0.0092043 0.00279676 0.134356 -0.197997 0.0703987 1 0 0 0 0 0 0 0
205 1 0.1 5.54203 2.23085 0.300889 -0.0179717 0.0138449 0.0149642 0.144526 0.592387 -0.287584 1 0 0 0 0 0 0 0
206 1 0.1 5.3862 2.35152 0.335367 -0.0646182 -0.017305 -0.00618347 -0.208139 0.104258 -0.467041 1 0 0 0 0 0 0 0
207 1 0.1 5.46524 2.48671 0.459589 -0.0382445 0.00317577 -0.0427335 -0.163602 0.113829 0.253918 1 0 0 0 0 0 0 0
208 1 0.1 5.17337 2.44192 0.137483 -0.072528 -0.0633055 0.000841768 0.0271048 0.0404907 -0.161379 1 0 0 0 0 0 0 0
209 1 0.1 5.46834 2.60887 0.302129 -0.0858921 -0.0228407 -0.0668836 -0.192453 0.0957448 0.292176 1 0 0 0 0 0 0 0
210 1 0.1 5.71195 2.94663 0.499046 -0.171803 0.102594 -0.0368879 0.0206413 -0.609319 0.4745 1 0 0 0 0 0 0 0
211 1 0.1 5.37598 2.87007 0.208571 -0.0432389 -0.00568713 0.00199863 -0.0593143 0.614365 -0.79383 1 0 0 0 0 0 0 0
212 1 0.1 4.84632 2.89995 0.362224 -0.117953 -0.140984 0.0531923 -1.27424 1.22657 0.213704 1 0 0 0 0 0 0 0
213 1 0.1 5.02571 2.96678 0.419501 -0.0392502 -0.0400319 -0.209528 -2.02756 0.589636 -0.301829 1 0 0 0 0 0 0 0
214 1 0.1 5.34303 3.33126 0.137108 0.0195206 -0.00598531 -0.0010935 0.00534143 0.207138 0.0500472 1 0 0 0 0 0 0 0
215 1 0.1 5.59906 3.34366 0.374577 0.018802 -0.0235511 0.0557839 0.222376 0.285613 -0.0860514 1 0 0 0 0 0 0 0
216 1 0.1 5.71833 3.46648 0.261101 -0.014875 -0.0106144 0.00730771 -0.177456 -0.241526 -0.370537 1 0 0 0 0 0 0 0
217 1 0.1 5.51287 3.57242 0.319532 0.0383819 0.0220822 -0.000354648 0.132409 -0.148074 -0.597801 1 0 0 0 0 0 0 0
218 1 0.1 5.95425 3.84177 0.338995 0.0517792 -0.0102809 -0.00563248 0.0666682 0.0593925 0.0454872 1 0 0 0 0 0 0 0
219 1 0.1 5.99728 3.67536 0.236772 0.0161749 -0.031225 0.0139395 0.0660277 -0.340891 -0.742292 1 0 0 0 0 0 0 0
220 1 0.1 6.03686 3.4043 0.446285 -0.00374427 -0.027344 0.016677 0.0118352 -0.0132104 0.0619427 1 0 0 0 0 0 0 0
221 1 0.1 6.03512 3.76381 0.504326 0.0126774 -0.021165 0.00910777 0.125616 -0.60005 0.0953518 1 0 0 0 0 0 0 0
222 1 0.1 6.00163 3.42387 0.221195 0.00971899 -0.0227895 0.0213739 0.109267 -0.316405 -0.247634 1 0 0 0 0 0 0 0
223 1 0.1 6.10752 4.87037 0.331113 -0.00255672 -0.000571167 0.00106399 0.0287109 -0.0160886 -0.0067067 1 0 0 0 0 0 0 0
224 1 0.1 6.23609 4.98925 0.45907 -0.00129726 -0.00363336 -0.0004262 0.014152 0.00986449 -0.0196496 1 0 0 0 0 0 0 0
225 1 0.1 5.97989 1.54027 0.370011 0.00161294 0.00957875 -0.00897446 0.0644015 -0.115701 0.0404513 1 0 0 0 0 0 0 0
226 1 0.1 5.79438 2.15907 0.136527 0.0179537 -0.00708273 2.45708e-05 0.044039 0.163266 -0.0415541 1 0 0 0 0 0 0 0
227 1 0.1 6.02479 1.72692 0.314429 -0.0213395 0.0143498 -0.00924293 0.0136956 0.486935 0.0939588 1 0 0 0 0 0 0 0
228 1 0.1 5.97659 2.5902 0.137462 -0.0174266 -0.0121791 -0.000209075 -0.15668 0.0551918 -0.0375515 1 0 0 0 0 0 0 0
229 1 0.1 5.585 2.91588 0.137258 -0.00791212 -0.0266844 0.00116916 0.269282 -0.0717084 0.446455 1 0 0 0 0 0 0 0
230 1 0.1 5.98897 3.02212 0.258372 -0.0874958 -0.0302418 0.24153 -0.208123 -2.67263 -0.568527 1 0 0 0 0 0 0 0
231 1 0.1 5.8175 2.37864 0.435032 -0.0283033 -0.0098277 -0.00493725 -0.0330298 0.26638 -0.319628 1 0 0 0 0 0 0 0
232 1 0.1 5.57708 2.42566 0.303966 0.00206173 0.000181773 4.27077e-05 -0.0676725 0.674818 -0.00618306 1 0 0 0 0 0 0 0
233 1 0.1 5.85906 2.59767 0.489805 -0.0337671 0.0754645 0.0195386 -0.205868 0.25513 0.330567 1 0 0 0 0 0 0 0
234 1 0.1 5.75073 2.70853 0.327557 -0.0497813 0.0254267 0.00980876 -0.611252 -0.00323268 0.108275 1 0 0 0 0 0 0 0
235 1 0.1 5.91816 2.81744 0.325855 -0.0537945 0.0253974 -0.0182758 -0.676889 -0.500689 -0.077035 1 0 0 0 0 0 0 0
236 1 0.1 5.62472 3.12099 0.584276 -0.196147 -7.17427e-05 -0.0661259 0.406811 0.401009 0.23751 1 0 0 0 0 0 0 0
237 1 0.1 5.48721 2.9895 0.403551 -0.0905149 -0.0254359 -0.0398985 0.0507319 0.0601782 0.548521 1 0 0 0 0 0 0 0
238 1 0.1 5.28597 3.16344 0.229399 -0.0143404 -0.0154596 -0.0400671 -0.560029 -0.254871 0.104224 1 0 0 0 0 0 0 0
239 1 0.1 5.65248 3.10053 0.386182 -0.145126 0.0507467 -0.111793 0.709797 1.17526 0.394142 1 0 0 0 0 0 0 0
240 1 0.1 5.80486 2.98561 0.326665 -0.144672 0.0501532 -0.0158819 -0.918077 -0.104649 0.213076 1 0 0 0 0 0 0 0
241 1 0.1 5.57001 3.31287 0.573149 -0.20386 -0.00581647 0.000359074 0.139943 0.0279818 -0.202529 1 0 0 0 0 0 0 0
242 1 0.1 5.76435 3.24983 0.314248 0.00717631 -0.00696319 -0.000137958 0.241442 0.117849 0.124668 1 0 0 0 0 0 0 0
243 1 0.1 5.81292 3.39196 0.444632 0.000495145 -0.0193552 0.013068 -0.0158121 -0.0402774 0.0142972 1 0 0 0 0 0 0 0
244 1 0.1 5.75288 3.6497 0.332891 0.0154431 -0.00863548 -0.00590044 -0.0708272 -0.255687 -0.14724 1 0 0 0 0 0 0 0
245 1 0.1 5.85094 3.13946 0.173535 -0.000179454 -0.0116893 0.00321169 -0.371257 0.0105247 -0.103979 1 0 0 0 0 0 0 0
246 1 0.1 5.91763 3.54003 0.360572 0.00319601 -0.020868 0.0165734 0.0295554 0.00601479 -0.0194919 1 0 0 0 0 0 0 0
247 1 0.1 5.90281 4.37679 0.386597 0.0192269 0.00346423 -0.00111547 -0.121466 -0.154165 -0.0716449 1 0 0 0 0 0 0 0
248 1 0.1 6.05304 4.502 0.427999 0.0224482 -0.00258099 0.0066664 -0.09921 -0.142997 -0.0621156 1 0 0 0 0 0 0 0
249 1 0.1 6.129 4.68515 0.40308 0.0112659 0.00239671 0.00390427 -0.04568 -0.143132 0.225709 1 0 0 0 0 0 0 0
250 1 0.1 5.99352 1.03296 0.533603 -0.00155097 0.00244507 0.00099134 0.00672564 -0.0181938 0.0168137 1 0 0 0 0 0 0 0
251 1 0.1 5.79982 1.21717 0.550434 0.00013166 -0.000543197 -0.0010631 -0.00451308 0.0139046 -0.00511387 1 0 0 0 0 0 0 0
252 1 0.1 5.65834 1.35841 0.550042 0.000687851 0.000277491 0.000428457 0.0105422 0.00772845 -0.0092953 1 0 0 0 0 0 0 0
253 1 0.1 5.51873 1.50082 0.541943 -0.000848949 0.00172202 -0.00400522 -0.0564458 -0.0164415 0.00646155 1 0 0 0 0 0 0 0
254 1 0.1 5.42657 1.67395 0.577113 0.0313192 0.017161 0.0186471 0.428034 -0.171783 -0.432511 1 0 0 0 0 0 0 0
255 1 0.1 5.16273 1.8578 0.417237 0.0105472 -0.00395839 -0.0137607 -0.0524911 0.260258 -0.0869741 1 0 0 0 0 0 0 0
256 1 0.1 5.02939 1.99229 0.541782 0.00702697 -0.00687583 0.000146771 -0.00654411 -0.00521275 -0.000142931 1 0 0 0 0 0 0 0
257 1 0.1 4.8148 2.31405 0.583423 0.0203076 -0.0169716 0.00652432 0.133363 0.0254034 0.0326556 1 0 0 0 0 0 0 0
258 1 0.1 4.68886 2.44636 0.658165 0.0189133 -0.00435315 0.0026464 -0.194106 0.0604586 -0.0557817 1 0 0 0 0 0 0 0
259 1 0.1 4.72525 2.62834 0.589885 0.00093191 -0.00640428 -0.0225342 -0.106439 0.198975 0.229256 1 0 0 0 0 0 0 0
260 1 0.1 4.51937 2.7146 0.444076 -0.0351301 -0.0437816 0.0798771 0.48403 -2.20168 -1.02312 1 0 0 0 0 0 0 0
261 1 0.1 4.41407 2.88257 0.468787 -0.033473 -0.00209484 0.0192084 -0.0280903 -0.301815 0.0638887 1 0 0 0 0 0 0 0
262 1 0.1 4.35102 2.84931 0.653677 -0.0242228 -0.0153063 0.0334819 0.611999 0.0960042 0.138451 1 0 0 0 0 0 0 0
263 1 0.1 4.19222 3.02903 0.452239 -0.00145309 0.00474186 0.00285297 0.0309549 -0.0329611 0.0545587 1 0 0 0 0 0 0 0
264 1 0.1 4.23115 3.20364 0.578441 -0.000516892 -0.00253961 0.00417514 -0.0143938 -0.0128448 -0.000722552 1 0 0 0 0 0 0 0
265 1 0.1 4.38826 3.36359 0.585786 -0.00735718 -0.00615349 0.00731236 0.112162 0.0436229 -0.126577 1 0 0 0 0 0 0 0
266 1 0.1 4.45295 3.42875 0.394988 -0.00547655 -0.0085386 -0.00791737 -0.642097 0.44313 0.1316 1 0 0 0 0 0 0 0
267 1 0.1 4.66927 3.64645 0.58099 0.00883365 -0.00760378 -0.0154827 0.0778808 0.052468 -0.0303969 1 0 0 0 0 0 0 0
268 1 0.1 4.95134 3.93144 0.469135 -0.00101452 -0.00254692 0.0139325 -0.0446439 -0.529854 -0.190194 1 0 0 0 0 0 0 0
269 1 0.1 5.07123 4.04067 0.582232 -0.00532674 -0.0082702 0.0147664 -0.255026 0.188971 -0.150396 1 0 0 0 0 0 0 0
270 1 0.1 5.20966 4.1833 0.560392 -0.00786854 -0.00836427 -0.0023147 0.0162144 -0.0163874 -0.0121926 1 0 0 0 0 0 0 0
271 1 0.1 5.35246 4.32535 0.569012 0.00490817 0.00329208 0.00425929 0.229689 -0.152981 -0.133357 1 0 0 0 0 0 0 0
272 1 0.1 5.50961 4.48879 0.537547 -0.00101668 0.00243921 0.014561 -0.18241 -0.060284 -0.0138913 1 0 0 0 0 0 0 0
273 1 0.1 5.65035 4.62462 0.578864 0.00163766 0.00221535 0.0051716 -0.0366029 -0.0121407 -0.00985907 1 0 0 0 0 0 0 0
274 1 0.1 5.79341 4.77777 0.552648 -0.000310691 -0.00178994 0.000517568 -0.00583534 -0.00315117 -0.017383 1 0 0 0 0 0 0 0
275 1 0.1 6.13239 0.889972 0.548645 -0.0014486 0.00118789 0.000357117 0.00675836 0.00345554 -0.00123187 1 0 0 0 0 0 0 0
276 1 0.1 5.7816 1.50602 0.603923 -0.015665 0.0218246 -0.0145034 0.0177934 0.0801789 0.014603 1 0 0 0 0 0 0 0
277 1 0.1 5.66694 1.57099 0.428149 -0.00198066 -0.00212721 -0.00790903 -0.0990369 -0.000622978 0.0479249 1 0 0 0 0 0 0 0
278 1 0.1 5.67548 1.77063 0.420202 -0.0369523 0.000508126 0.00276125 -0.0751574 0.139205 -0.197888 1 0 0 0 0 0 0 0
279 1 0.1 5.56588 1.8204 0.579845 -0.037679 0.0342064 -0.00809523 0.200459 -0.327542 -0.509074 1 0 0 0 0 0 0 0
280 1 0.1 5.41432 1.89708 0.475081 -0.0417629 0.0159219 -0.0231379 -0.605125 0.293876 0.42692 1 0 0 0 0 0 0 0
281 1 0.1 5.25914 2.02233 0.459856 -0.0380999 0.0329484 -0.00570655 0.180817 -0.109575 0.872184 1 0 0 0 0 0 0 0
282 1 0.1 5.01678 1.99803 0.749983 0.00160721 -0.000564403 -0.00127933 -0.0141719 0.00155546 -0.0195138 1 0 0 0 0 0 0 0
283 1 0.1 5.01134 2.29024 0.564771 0.0213246 -0.00601452 -0.00837744 0.0364428 0.12329 0.0597452 1 0 0 0 0 0 0 0
284 1 0.1 4.88709 2.70075 0.49394 -0.0464084 0.00132306 -0.0911417 0.489743 -0.357556 -0.0381203 1 0 0 0 0 0 0 0
285 1 0.1 4.41723 2.64946 0.710981 0.0472378 -0.0021112 -0.0085333 -0.573542 0.282129 -0.579655 1 0 0 0 0 0 0 0
286 1 0.1 4.54431 2.82277 0.610234 -0.0331163 -0.0720342 0.0740423 -0.308417 0.132392 -1.37757 1 0 0 0 0 0 0 0
287 1 0.1 4.59914 3.17327 0.763995 0.00150102 -0.000544452 0.0023824 -0.0328742 0.0641333 0.108599 1 0 0 0 0 0 0 0
288 1 0.1 4.46111 3.17726 0.486152 -0.0205957 -0.0236035 -0.00608987 -0.146727 0.12951 0.110878 1 0 0 0 0 0 0 0
289 1 0.1 4.74496 3.17776 0.400654 0.00106216 -0.00532131 0.0351761 -0.202825 0.338488 0.421477 1 0 0 0 0 0 0 0
290 1 0.1 4.81343 3.31869 0.281378 -0.00216458 -0.0342735 0.00237448 -0.187597 -0.239139 -0.392664 1 0 0 0 0 0 0 0
291 1 0.1 4.92993 3.50079 0.607632 -0.0128033 0.0176168 0.0149902 0.05978 0.100146 0.0369827 1 0 0 0 0 0 0 0
292 1 0.1 4.9334 3.55016 0.418486 -0.0411702 0.0162448 0.0275766 -0.0763293 -0.0420443 0.538882 1 0 0 0 0 0 0 0
293 1 0.1 4.95666 3.73626 0.37558 0.00621246 -0.0200396 -0.0399281 -0.264475 -0.359249 -0.373595 1 0 0 0 0 0 0 0
294 1 0.1 5.14431 3.85494 0.474228 -0.0779063 0.00498073 0.0386495 -0.0248762 0.932366 0.27822 1 0 0 0 0 0 0 0
295 1 0.1 5.2623 3.98325 0.572149 -0.0107046 -0.0181675 -0.00621378 0.0891774 0.0783518 0.0600648 1 0 0 0 0 0 0 0
296 1 0.1 5.5392 4.25869 0.592056 0.00213436 -0.00739879 0.00627757 0.328788 -0.0301042 0.176296 1 0 0 0 0 0 0 0
297 1 0.1 5.68241 4.40345 0.590701 0.00337048 0.000184245 -0.00326641 0.0249357 0.336866 0.00118604 1 0 0 0 0 0 0 0
298 1 0.1 5.6973 4.48368 0.408166 0.0184003 0.0209399 0.00527411 0.0393649 -0.338968 -0.152962 1 0 0 0 0 0 0 0
299 1 0.1 6.0772 5.0591 0.558375 3.21728e-06 -0.00126329 0.000567559 -0.00750466 -0.00298345 -0.0111689 1 0 0 0 0 0 0 0
300 1 0.1 6.27353 0.748363 0.550042 -0.00058344 0.000707588 -0.000333935 0.000891161 0.00354684 0.00516959 1 0 0 0 0 0 0 0
301 1 0.1 5.91447 1.40138 0.497863 -0.0186975 0.0103274 -0.014606 -0.0340716 -0.0864215 -0.141482 1 0 0 0 0 0 0 0
302 1 0.1 5.89213 1.67549 0.501395 -0.0330471 -0.00614498 0.0314745 -0.0754684 -0.219975 0.013776 1 0 0 0 0 0 0 0
303 1 0.1 5.84508 1.8523 0.582021 -0.0316145 0.00692694 0.00823868 -0.0718235 0.107165 -0.320926 1 0 0 0 0 0 0 0
304 1 0.1 5.6892 1.9766 0.596406 -0.0225699 0.0208404 0.00113 -0.267093 0.0621908 0.184617 1 0 0 0 0 0 0 0
305 1 0.1 5.49073 2.04361 0.605398 -0.0636463 0.04727 0.0119227 -0.286883 0.110265 0.272021 1 0 0 0 0 0 0 0
306 1 0.1 5.28943 2.40521 0.519035 -0.028474 -0.0598812 -0.09051 0.154676 -0.897902 0.509957 1 0 0 0 0 0 0 0
307 1 0.1 5.15233 2.39195 0.663682 -0.0536224 -0.0218455 -0.109739 -1.40509 0.470353 0.417189 1 0 0 0 0 0 0 0
308 1 0.1 5.04756 2.46555 0.291095 -0.110967 0.0494463 -0.0454827 -1.1014 -1.28815 -0.429955 1 0 0 0 0 0 0 0
309 1 0.1 4.9198 2.52982 0.592265 -0.124952 0.00801913 -0.0345619 -0.180528 0.668598 -0.146876 1 0 0 0 0 0 0 0
310 1 0.1 5.29497 2.81326 0.475129 -0.180053 -0.0377234 0.0356397 0.36039 0.0985536 1.71689 1 0 0 0 0 0 0 0
311 1 0.1 4.67132 2.86396 0.762575 0.0108799 -0.00483959 -0.000945135 -0.0423807 -0.119857 0.301207 1 0 0 0 0 0 0 0
312 1 0.1 4.5472 3.05287 0.615853 0.00403202 -0.00487769 -7.84421e-05 0.00372889 0.0305991 0.083632 1 0 0 0 0 0 0 0
313 1 0.1 4.94176 3.15889 0.385106 -0.00297813 0.084647 -0.0026585 -0.201835 0.143599 0.540193 1 0 0 0 0 0 0 0
314 1 0.1 5.13875 3.14995 0.363151 -0.0158369 0.0760944 -0.0394971 -0.330591 0.246814 -0.564432 1 0 0 0 0 0 0 0
315 1 0.1 5.11274 3.28378 0.50919 -0.0390309 0.00831513 0.0131435 0.184868 0.122421 0.214641 1 0 0 0 0 0 0 0
316 1 0.1 5.40921 3.40331 0.385761 0.0154607 -0.0295846 0.00350327 -0.723289 -0.686629 0.165301 1 0 0 0 0 0 0 0
317 1 0.1 5.14812 3.65436 0.492471 0.00642519 0.00184176 0.0140761 -0.0943955 0.0750281 0.236598 1 0 0 0 0 0 0 0
318 1 0.1 5.34634 3.67263 0.474832 0.00521508 -0.00379412 -0.00392132 0.0651476 0.101412 -0.289197 1 0 0 0 0 0 0 0
319 1 0.1 5.40892 3.84731 0.570825 0.00478792 0.00110163 0.000137966 -0.188563 -0.0652011 0.0588391 1 0 0 0 0 0 0 0
320 1 0.1 5.42858 4.09212 0.593221 -0.0314953 0.0151664 -0.0134883 0.350941 0.301482 0.396277 1 0 0 0 0 0 0 0
321 1 0.1 5.76492 4.00125 0.600816 -0.00221903 -0.00206 0.00258204 0.0667878 -0.0357611 -0.184909 1 0 0 0 0 0 0 0
322 1 0.1 5.84327 4.28818 0.563151 0.00983236 0.00814307 -7.37771e-05 -0.183135 -0.268489 0.125325 1 0 0 0 0 0 0 0
323 1 0.1 5.92323 4.66231 0.454495 0.00038976 -0.00329167 0.000979053 -0.00228643 0.000335155 0.0137237 1 0 0 0 0 0 0 0
324 1 0.1 6.2171 5.20174 0.549989 -0.000396781 -0.000538475 0.000111903 -0.00040778 -0.000596543 -0.00638186 1 0 0 0 0 0 0 0
325 1 0.1 6.16916 1.08959 0.456753 -0.00132763 0.0163724 0.0130905 -0.0372664 -0.121023 0.158306 1 0 0 0 0 0 0 0
326 1 0.1 6.01228 1.22734 0.491492 -0.0154682 0.00617526 -0.00155866 -0.0402332 -0.0935796 0.149008 1 0 0 0 0 0 0 0
327 1 0.1 5.9522 1.99818 0.475974 0.000323607 0.00737086 0.0214327 -0.178539 0.300339 -0.012243 1 0 0 0 0 0 0 0
328 1 0.1 5.69884 2.26181 0.61519 -0.0215589 0.0126261 0.0082935 0.141327 0.0773539 0.259424 1 0 0 0 0 0 0 0
329 1 0.1 5.83182 2.11597 0.58367 -0.0178245 0.014159 -0.000354553 0.0883689 -0.204639 -0.25329 1 0 0 0 0 0 0 0
330 1 0.1 5.4352 2.30266 0.609166 -0.0320505 0.00603837 -0.00496935 0.182276 -0.130388 0.0450479 1 0 0 0 0 0 0 0
331 1 0.1 5.6269 2.12802 0.481567 -0.0688305 -7.68491e-05 -0.00774306 0.0576226 0.066965 0.117059 1 0 0 0 0 0 0 0
332 1 0.1 5.82884 2.62888 0.684993 -0.0604755 0.0862508 0.0139597 -0.145091 -0.297785 1.36578 1 0 0 0 0 0 0 0
333 1 0.1 5.67708 2.55027 0.422014 -0.0108559 0.00615133 0.00930189 0.477054 -0.303665 0.54772 1 0 0 0 0 0 0 0
334 1 0.1 5.57762 2.58846 0.59042 -0.0284448 -0.0216401 0.004157 -0.254764 0.112002 -0.387155 1 0 0 0 0 0 0 0
335 1 0.1 5.08107 2.46836 0.491362 -0.339583 -0.217059 -0.216313 -0.187758 1.29636 -2.31071 1 0 0 0 0 0 0 0
336 1 0.1 5.32848 2.789 0.671177 -0.00459803 0.0218542 0.0321509 0.669406 -0.972809 -0.181907 1 0 0 0 0 0 0 0
337 1 0.1 4.92033 2.93164 0.58729 0.0356361 0.0155939 -0.0158657 0.316455 -0.0341988 0.969124 1 0 0 0 0 0 0 0
338 1 0.1 5.29359 3.02554 0.374036 -0.0942368 -0.0186432 -0.0294078 -0.348781 0.125487 -0.674623 1 0 0 0 0 0 0 0
339 1 0.1 5.28534 3.18376 0.496106 -0.0695853 -0.0549182 0.0466891 0.91524 -1.15738 -0.862582 1 0 0 0 0 0 0 0
340 1 0.1 5.48199 3.18445 0.44768 -0.14034 -0.0517102 0.00573529 0.142417 -0.75812 0.00995144 1 0 0 0 0 0 0 0
341 1 0.1 5.30896 3.38298 0.557163 -0.0402585 0.0169035 -0.0199179 -0.159282 -0.0122618 0.406166 1 0 0 0 0 0 0 0
342 1 0.1 5.54042 3.49742 0.502657 -0.00882273 0.0141788 -0.00256731 -0.163178 0.0373287 -0.355775 1 0 0 0 0 0 0 0
343 1 0.1 5.56798 3.69793 0.464986 0.0274388 0.00111501 0.0217181 0.0719138 -0.258764 0.317379 1 0 0 0 0 0 0 0
344 1 0.1 5.79195 3.66625 0.52811 -0.00745367 -0.0109564 0.000109969 0.0678995 0.00572533 -0.0028512 1 0 0 0 0 0 0 0
345 1 0.1 5.72375 3.38446 0.761597 -0.0208228 0.000434677 -0.00559477 0.00590318 -0.0033078 -0.0423699 1 0 0 0 0 0 0 0
346 1 0.1 5.87336 3.83348 0.600727 -0.0144373 -0.00996484 0.00508974 -0.0250707 -0.0309915 0.0704985 1 0 0 0 0 0 0 0
347 1 0.1 6.03704 3.94714 0.584092 -0.0116034 -0.0161281 -0.00258048 0.0236615 -0.0079292 -0.136839 1 0 0 0 0 0 0 0
348 1 0.1 5.93597 4.91761 0.559318 -0.000782574 -0.000588355 0.00100662 -0.0078256 -0.00661126 -5.00694e-05 1 0 0 0 0 0 0 0
349 1 0.1 6.11888 4.84304 0.528846 -0.00216732 -0.00198366 0.000956345 -0.0158605 0.0180511 -0.00865679 1 0 0 0 0 0 0 0
350 1 0.1 6.12612 1.38927 0.389715 0.0127313 0.148645 -0.12275 0.778915 1.50856 2.01475 1 0 0 0 0 0 0 0
351 1 0.1 6.08399 1.49396 0.554673 -0.029738 0.00786087 -0.0427173 0.3397 -0.181188 -0.168736 1 0 0 0 0 0 0 0
352 1 0.1 6.03232 1.66517 0.643539 -0.00024433 -0.00398629 0.000955571 0.250371 -0.0937548 -0.330411 1 0 0 0 0 0 0 0
353 1 0.1 5.88195 2.04222 0.762577 -0.0288026 -0.000414085 -0.00132387 -0.0542248 0.048012 0.0418786 1 0 0 0 0 0 0 0
354 1 0.1 5.97784 2.79012 0.137303 -0.00958979 -0.013614 0.00242005 0.293057 0.0258283 0.00760113 1 0 0 0 0 0 0 0
355 1 0.1 5.85063 2.94411 0.136735 -0.00940805 -0.0128036 0.0109031 0.111434 -0.0987628 -0.0921932 1 0 0 0 0 0 0 0
356 1 0.1 5.67266 2.74346 0.761978 8.57281e-05 0.014555 -0.00715738 -0.613658 -0.161946 0.237045 1 0 0 0 0 0 0 0
357 1 0.1 5.80488 2.7788 0.554973 -0.426784 -0.0257922 -0.0372171 -0.146803 -0.500601 -0.0649077 1 0 0 0 0 0 0 0
358 1 0.1 5.18243 2.8904 0.762537 -0.0370275 0.0110775 -0.00125756 -0.0225782 0.0107994 -0.0313237 1 0 0 0 0 0 0 0
359 1 0.1 5.59492 2.77041 0.509128 -0.517187 -0.0434993 -0.170263 -0.210419 1.6762 -0.0630569 1 0 0 0 0 0 0 0
360 1 0.1 5.87133 3.03403 0.65119 -0.043194 -0.0118006 0.00373608 0.145839 -0.141153 -0.0431467 1 0 0 0 0 0 0 0
361 1 0.1 5.70785 2.93248 0.707262 -0.161413 0.0213772 -0.0894817 -0.00735846 1.49834 1.08575 1 0 0 0 0 0 0 0
362 1 0.1 5.53522 2.94255 0.591679 -0.14794 -0.0093654 -0.0263566 -0.0641643 0.847306 0.757005 1 0 0 0 0 0 0 0
363 1 0.1 5.34053 2.9859 0.564236 -0.260886 -0.00870941 0.0189092 0.0993671 2.34006 0.468674 1 0 0 0 0 0 0 0
364 1 0.1 5.55378 3.04715 0.76254 -0.193215 -0.0632526 -0.00042635 -0.37096 -0.0632438 0.152472 1 0 0 0 0 0 0 0
365 1 0.1 5.43377 3.1466 0.637552 -0.181227 -0.0423796 0.000306747 -0.0617632 0.524895 -0.953427 1 0 0 0 0 0 0 0
366 1 0.1 5.76159 3.26534 0.604824 -0.208181 -0.00103549 0.00953199 0.33771 -0.252713 0.318422 1 0 0 0 0 0 0 0
367 1 0.1 5.57669 3.24909 0.762528 -0.0274482 0.0100073 -0.000291444 -0.0537239 0.0381935 -0.138587 1 0 0 0 0 0 0 0
368 1 0.1 5.7195 3.4909 0.59027 -0.0101306 -0.00810408 0.00330798 -0.130391 -0.0674703 -0.0012395 1 0 0 0 0 0 0 0
369 1 0.1 5.96961 3.59095 0.580401 -0.0088334 -0.021911 -0.00925607 -0.0891561 0.111144 -0.12586 1 0 0 0 0 0 0 0
370 1 0.1 5.92327 3.39883 0.610744 -0.00694476 -0.0176161 0.0133515 -0.0860872 -0.0495488 -0.127159 1 0 0 0 0 0 0 0
371 1 0.1 5.9634 3.25986 0.329126 0.00673358 -0.0191471 0.00106912 0.120419 -0.114199 -0.216648 1 0 0 0 0 0 0 0
372 1 0.1 5.98838 4.03596 0.305483 0.0153918 -0.00073619 -0.00739548 -0.181862 0.490255 -0.117127 1 0 0 0 0 0 0 0
373 1 0.1 5.90365 4.47854 0.558594 0.00835184 0.00857909 -0.00587644 0.0536036 -0.0413599 -0.0566674 1 0 0 0 0 0 0 0
374 1 0.1 6.06798 4.66019 0.591698 0.000730087 -0.00289329 0.000259858 0.0258613 0.00322722 0.0173024 1 0 0 0 0 0 0 0
375 1 0.1 6.07459 0.946737 0.762519 -0.000341393 0.00118303 0.000161444 0.00964201 0.00219721 -0.00461951 1 0 0 0 0 0 0 0
376 1 0.1 5.77604 1.24648 0.750018 -0.000335011 0.000576293 0.000152277 0.00302664 0.00106063 0.00367246 1 0 0 0 0 0 0 0
377 1 0.1 5.63467 1.38788 0.749781 -0.00149176 0.000197035 0.00105521 0.0105326 -0.00317984 0.0129823 1 0 0 0 0 0 0 0
378 1 0.1 5.49507 1.53051 0.761231 -0.00258724 -0.000216521 0.00342059 0.0244198 0.0185024 0.151081 1 0 0 0 0 0 0 0
379 1 0.1 5.35418 1.67212 0.762869 -0.00116412 0.00170018 0.00157725 -0.0211721 -0.024003 0.042671 1 0 0 0 0 0 0 0
380 1 0.1 5.23173 1.82965 0.763363 -0.0252859 -0.0149866 -0.00387535 -0.175247 0.263275 0.217091 1 0 0 0 0 0 0 0
381 1 0.1 5.27097 1.79823 0.571387 -0.00220849 -0.0216254 -0.00440274 -0.104539 -0.349804 0.806115 1 0 0 0 0 0 0 0
382 1 0.1 4.87723 2.14074 0.760956 0.00129454 0.00340009 -0.00361874 -0.0156113 0.028693 0.00420445 1 0 0 0 0 0 0 0
383 1 0.1 4.73689 2.28226 0.763108 -0.0103346 0.00853535 0.00248138 -0.00979191 0.0144227 0.00388056 1 0 0 0 0 0 0 0
384 1 0.1 4.52798 2.49163 0.763114 0.0209022 -0.0087355 0.00338611 0.0490621 0.0407314 0.278649 1 0 0 0 0 0 0 0
385 1 0.1 4.32958 2.69347 0.537208 -0.0297132 0.00660262 0.0371246 0.053291 -0.139638 0.00468019 1 0 0 0 0 0 0 0
386 1 0.1 4.19277 2.92657 0.74525 -0.0147371 -0.00990334 0.0628433 -0.182863 -0.651461 -0.108476 1 0 0 0 0 0 0 0
387 1 0.1 4.34153 3.0376 0.587944 -0.0151214 -0.0156771 0.0188776 -0.302394 0.232549 -0.205309 1 0 0 0 0 0 0 0
388 1 0.1 4.1938 3.12538 0.759855 -0.0031749 -0.0118476 0.01206 -0.326081 -0.0731916 -0.0614597 1 0 0 0 0 0 0 0
389 1 0.1 4.58007 3.31042 0.575596 -0.0109467 -0.046184 -0.00338757 0.345971 -0.0160501 -0.26901 1 0 0 0 0 0 0 0
390 1 0.1 4.45095 3.43228 0.762515 -0.00693766 -0.0052255 0.00164818 -0.00456517 0.0201518 -0.0700512 1 0 0 0 0 0 0 0
391 1 0.1 4.59538 3.57614 0.762746 -0.0114393 -0.00382744 0.00100782 -0.00336167 0.132609 -0.0970612 1 0 0 0 0 0 0 0
392 1 0.1 4.81082 3.78634 0.60128 -0.0149612 -0.0103347 -0.00675632 -0.0614222 0.232298 -0.194458 1 0 0 0 0 0 0 0
393 1 0.1 4.94165 3.92008 0.762051 -0.000600555 -0.00104894 0.000295219 0.00192317 0.00132826 -0.0142738 1 0 0 0 0 0 0 0
394 1 0.1 5.1264 4.09832 0.763311 0.00862692 0.00223533 0.00176346 0.0408258 -0.0804845 -0.0909668 1 0 0 0 0 0 0 0
395 1 0.1 5.26467 4.24096 0.751276 0.00202966 0.00261369 0.00336653 -0.0747292 0.0321918 0.137777 1 0 0 0 0 0 0 0
396 1 0.1 5.42704 4.39075 0.740112 0.0105206 -0.0116818 0.00569324 0.055498 0.296506 0.242424 1 0 0 0 0 0 0 0
397 1 0.1 5.56135 4.53851 0.749897 -0.00108483 -0.00100124 -0.00035584 -0.000310133 0.00134108 -0.0108462 1 0 0 0 0 0 0 0
398 1 0.1 5.70674 4.68038 0.762528 0.00113674 0.000372578 2.36816e-05 -0.00912379 -0.00277635 -0.0634694 1 0 0 0 0 0 0 0
399 1 0.1 5.84604 4.82298 0.748455 -0.000375455 0.00121673 0.000634315 -0.000767007 -0.0267071 -0.0286162 1 0 0 0 0 0 0 0
400 1 0.1 6.21571 0.805124 0.760694 -0.000315543 0.000513795 -0.000495223 -0.000516708 0.00352703 0.0027378 1 0 0 0 0 0 0 0
401 1 0.1 5.93774 1.08551 0.718313 -0.00118604 0.000839271 0.000570299 -0.00248573 0.000250882 0.0203658 1 0 0 0 0 0 0 0
402 1 0.1 5.68749 1.582 0.762654 -0.00613109 0.0112721 3.00707e-05 0.125578 0.0569289 -0.0093516 1 0 0 0 0 0 0 0
403 1 0.1 5.72086 1.69646 0.602309 -0.0491647 0.0144644 -0.00399061 -0.139357 0.238616 0.305993 1 0 0 0 0 0 0 0
404 1 0.1 5.54138 1.74197 0.762493 -0.00669285 0.00927434 -0.00288553 -0.0417097 -0.0330855 0.00707756 1 0 0 0 0 0 0 0
405 1 0.1 5.40971 1.88105 0.688869 -0.0343247 0.0257675 -0.000876004 0.502173 0.0107521 0.0248057 1 0 0 0 0 0 0 0
406 1 0.1 5.24346 2.0285 0.746722 -0.0468524 -0.0130182 -0.0350368 -0.0910827 0.334332 -0.199973 1 0 0 0 0 0 0 0
407 1 0.1 5.31843 2.14504 0.599888 -0.0809522 0.0299131 0.0222998 0.221135 0.22232 -0.0883164 1 0 0 0 0 0 0 0
408 1 0.1 5.02853 2.27062 0.762746 0.000165409 0.0106668 -0.0012921 0.107791 0.00930207 0.0899155 1 0 0 0 0 0 0 0
409 1 0.1 4.85904 2.44464 0.762579 0.0144089 -0.0115292 0.00278731 -0.103075 -0.102609 -0.216604 1 0 0 0 0 0 0 0
410 1 0.1 4.2571 2.73821 0.790918 0.0188505 -0.0938186 0.0457208 6.66786 -10.3983 0.522442 1 0 0 0 0 0 0 0
411 1 0.1 4.48552 2.93775 0.764815 0.00987629 -0.000794168 0.00385546 -0.0473352 -0.0385342 -0.0407532 1 0 0 0 0 0 0 0
412 1 0.1 4.40826 3.12113 0.762785 0.0141625 0.00040395 -0.000586284 0.14345 -0.376418 0.110088 1 0 0 0 0 0 0 0
413 1 0.1 4.63933 3.3685 0.757516 -0.0151874 -0.0013496 -0.00248723 0.0853479 0.0176865 0.0962363 1 0 0 0 0 0 0 0
414 1 0.1 4.8554 3.31651 0.600263 -0.00750804 0.017909 -0.0122228 0.0942584 0.358548 -0.0656917 1 0 0 0 0 0 0 0
415 1 0.1 4.5279 3.50575 0.588638 -0.0135977 0.00147186 0.00429674 0.126497 0.176355 -0.720273 1 0 0 0 0 0 0 0
416 1 0.1 5.05127 3.48904 0.763544 -0.00484642 0.0100344 0.00110541 0.0200811 0.0676107 0.0144617 1 0 0 0 0 0 0 0
417 1 0.1 4.76809 3.67638 0.762492 -0.0129506 -0.00345583 -0.00135674 -0.0144592 -0.0969008 0.107428 1 0 0 0 0 0 0 0
418 1 0.1 4.99632 3.71292 0.608256 -0.0134606 -0.0124974 -0.000761703 -0.18911 -0.196276 0.174616 1 0 0 0 0 0 0 0
419 1 0.1 5.13777 3.88336 0.762564 0.000925136 0.00606429 0.0013688 0.0502328 -0.0159691 0.0853423 1 0 0 0 0 0 0 0
420 1 0.1 5.45817 4.19417 0.76265 -0.00358121 -0.0142981 0.000114248 -0.165482 0.0613389 -0.334412 1 0 0 0 0 0 0 0
421 1 0.1 5.61418 4.33064 0.76371 0.0139356 0.00255587 0.000615982 0.0615806 -0.233521 -0.154772 1 0 0 0 0 0 0 0
422 1 0.1 5.7515 4.4791 0.762505 -0.00132885 0.000348723 0.000127486 -0.00254065 -0.00838546 0.0257054 1 0 0 0 0 0 0 0
423 1 0.1 5.88024 4.64169 0.671417 0.00278294 0.00265748 0.000658166 0.0361333 -0.0247898 0.0748968 1 0 0 0 0 0 0 0
424 1 0.1 6.12843 5.10572 0.750059 0.000293421 0.000506211 -6.97918e-05 0.0017703 6.25987e-05 -0.0152546 1 0 0 0 0 0 0 0
425 1 0.1 6.35519 0.662243 0.749968 -0.000237625 0.000353257 4.95956e-05 -0.00278224 -0.00202744 0.00382983 1 0 0 0 0 0 0 0
426 1 0.1 5.97574 1.2766 0.762537 -0.0359789 0.00712592 0.000190912 0.0684455 0.3553 0.430448 1 0 0 0 0 0 0 0
427 1 0.1 5.8936 1.45877 0.762534 -0.0436018 0.00302557 9.53592e-06 -0.0393955 -0.43214 -0.34745 1 0 0 0 0 0 0 0
428 1 0.1 5.93094 1.84843 0.762572 -0.0129543 0.00626148 -1.43552e-05 -0.00965722 0.100703 0.12054 1 0 0 0 0 0 0 0
429 1 0.1 5.72681 1.81667 0.762056 -0.00949987 0.0130536 0.00156565 -0.0758932 -0.0690736 0.037956 1 0 0 0 0 0 0 0
430 1 0.1 5.58083 1.95332 0.762638 -0.0226011 -2.48993e-05 -9.78969e-05 0.0371874 0.20961 -0.0987827 1 0 0 0 0 0 0 0
431 1 0.1 5.42909 2.16977 0.763101 -0.0403866 -0.00546408 -0.000313121 0.0175068 0.338524 -0.0654412 1 0 0 0 0 0 0 0
432 1 0.1 5.22334 2.22717 0.755517 0.00208334 -0.00525603 -0.0283493 0.10291 0.22584 -0.270078 1 0 0 0 0 0 0 0
433 1 0.1 5.29978 2.59627 0.463005 -0.0712445 -0.0386476 -0.0312725 0.405032 -0.174902 0.261142 1 0 0 0 0 0 0 0
434 1 0.1 5.04082 2.52756 0.759781 0.0240485 -0.028686 -0.0160269 0.09702 0.302044 0.0275703 1 0 0 0 0 0 0 0
435 1 0.1 4.82428 2.64476 0.762586 -0.0413989 0.0376027 1.58789e-05 0.0315067 -0.247587 0.21316 1 0 0 0 0 0 0 0
436 1 0.1 4.60863 2.67439 0.762329 0.0512422 -0.0204836 0.00700087 -0.239974 -0.474616 0.133527 1 0 0 0 0 0 0 0
437 1 0.1 4.72051 3.1726 0.608429 0.018559 -0.0100481 0.0224424 -0.495299 -0.343482 0.45502 1 0 0 0 0 0 0 0
438 1 0.1 4.83029 3.21851 0.766129 0.0124333 0.0117071 -0.000425389 0.0964608 -0.0590258 -0.177739 1 0 0 0 0 0 0 0
439 1 0.1 4.81869 3.45457 0.764434 -0.0138745 0.00901668 0.00182189 0.0266497 -0.00554865 -0.0267455 1 0 0 0 0 0 0 0
440 1 0.1 5.01678 3.2884 0.756457 0.00729482 0.0235357 0.0377756 -0.324573 0.363362 -0.176328 1 0 0 0 0 0 0 0
441 1 0.1 5.11794 3.6771 0.762721 -0.00273813 0.00865376 0.000198635 0.0532477 0.0285323 0.0246736 1 0 0 0 0 0 0 0
442 1 0.1 5.23505 3.76962 0.630415 0.00126337 0.0110428 0.00143335 0.0154087 -0.00707146 -0.0990717 1 0 0 0 0 0 0 0
443 1 0.1 5.3374 3.89178 0.762052 0.00183988 -0.0191605 -8.25739e-05 0.0304814 0.0347423 -0.337818 1 0 0 0 0 0 0 0
444 1 0.1 5.50555 3.99991 0.761606 -0.00167517 -0.0141341 0.0137097 0.0483955 -0.147912 0.400575 1 0 0 0 0 0 0 0
445 1 0.1 5.70272 4.1773 0.671355 0.0118341 0.00445265 -0.00265883 -0.142598 0.0560985 0.0496559 1 0 0 0 0 0 0 0
446 1 0.1 5.84043 4.30022 0.762614 -0.000214699 0.00148822 6.44523e-05 0.00718963 0.00826453 -0.00474075 1 0 0 0 0 0 0 0
447 1 0.1 5.95139 4.47788 0.762472 -0.00134164 0.0061941 0.00175724 -0.00116478 -0.00703928 0.0327349 1 0 0 0 0 0 0 0
448 1 0.1 6.03477 4.75871 0.762535 -0.00222929 -0.00324706 0.000183192 -0.0270736 0.0372203 -0.0188611 1 0 0 0 0 0 0 0
449 1 0.1 6.26985 5.24709 0.749987 0.000218139 0.000214909 -9.00215e-05 0.00167707 -0.00142702 -0.00098611 1 0 0 0 0 0 0 0
450 1 0.1 6.24519 0.999247 0.672431 -0.0015944 0.00354526 -0.00179087 -0.0135803 0.0207402 0.0316132 1 0 0 0 0 0 0 0
451 1 0.1 6.11333 1.14718 0.64565 -0.00220564 0.00312619 0.000309906 0.0272039 0.0157718 -0.00258666 1 0 0 0 0 0 0 0
452 1 0.1 6.08584 1.51361 0.762514 -0.0375542 -0.0172353 -1.22856e-05 -0.170516 0.37355 0.135016 1 0 0 0 0 0 0 0
453 1 0.1 5.8722 1.65752 0.762599 -0.00482814 0.00618156 -0.00159078 0.0683413 0.0467029 -0.0388249 1 0 0 0 0 0 0 0
454 1 0.1 5.629 2.14721 0.76274 -0.0042376 -0.00300712 -1.71911e-06 -0.00271715 0.0185711 -0.0861661 1 0 0 0 0 0 0 0
455 1 0.1 5.54589 2.33158 0.765644 -0.0676978 -0.00433066 0.00702259 -0.131478 0.819135 0.0333539 1 0 0 0 0 0 0 0
456 1 0.1 5.3451 2.38543 0.763945 -0.0352772 0.032305 -0.00751569 0.440948 0.327279 -0.275722 1 0 0 0 0 0 0 0
457 1 0.1 5.57262 2.32031 0.472615 -0.0245422 0.0123159 0.00719106 -0.164396 -0.557638 -0.0438658 1 0 0 0 0 0 0 0
458 1 0.1 5.33378 2.56494 0.685255 -0.00117648 0.0339054 -0.00324456 -0.354666 -0.186002 -0.14255 1 0 0 0 0 0 0 0
459 1 0.1 5.49735 2.64769 0.762946 0.00113321 0.0107026 0.00259179 0.139845 0.0110825 -0.200728 1 0 0 0 0 0 0 0
460 1 0.1 5.18406 2.66589 0.608171 0.00191018 0.0336583 -0.00683281 -1.07384 1.08568 -0.575651 1 0 0 0 0 0 0 0
461 1 0.1 4.90621 2.84042 0.763163 0.0339969 -0.0107168 -0.00936867 -0.168483 -0.358417 -0.217657 1 0 0 0 0 0 0 0
462 1 0.1 4.78119 3.02781 0.731825 0.00739059 0.00834982 0.0512722 0.643897 0.0618759 -0.235395 1 0 0 0 0 0 0 0
463 1 0.1 5.11074 3.08486 0.574291 -0.102061 -0.233746 -0.0502458 -0.875409 0.424618 -2.21309 1 0 0 0 0 0 0 0
464 1 0.1 4.91596 3.12927 0.581188 -0.0424464 0.00920841 -0.0144137 -0.279158 0.209631 -0.236836 1 0 0 0 0 0 0 0
465 1 0.1 5.1253 3.4733 0.577576 -0.0289559 -0.138304 -0.190822 0.451421 1.90676 -1.67245 1 0 0 0 0 0 0 0
466 1 0.1 5.31578 3.6435 0.762652 -0.00927522 -0.000798241 -0.00130238 -0.0170594 0.100975 -0.179556 1 0 0 0 0 0 0 0
467 1 0.1 5.46731 3.65958 0.633331 -0.00178347 -0.016496 0.00146092 -0.0871079 -0.17004 0.0543661 1 0 0 0 0 0 0 0
468 1 0.1 5.57961 3.76255 0.762635 -0.00781957 -0.00527643 -0.000464605 -0.0591856 0.0759952 -0.0308238 1 0 0 0 0 0 0 0
469 1 0.1 5.7406 3.88717 0.7627 -0.00783174 -0.00270199 0.000403461 -0.0321075 0.0760211 0.0241581 1 0 0 0 0 0 0 0
470 1 0.1 5.95075 3.92173 0.762589 -0.00824367 -0.00492216 9.80364e-05 -0.0486839 0.078741 -0.070185 1 0 0 0 0 0 0 0
471 1 0.1 5.86357 4.10163 0.762543 0.00823963 0.00336428 0.000578959 0.0447179 -0.0581427 -0.116925 1 0 0 0 0 0 0 0
472 1 0.1 6.01455 4.30684 0.664579 0.00479862 0.00405202 0.00937142 0.207215 -0.106326 -0.0865354 1 0 0 0 0 0 0 0
473 1 0.1 5.98712 4.96436 0.749988 0.000650935 0.000293648 0.00053268 0.00203116 0.00794294 0.00669748 1 0 0 0 0 0 0 0
474 1 0.1 6.17533 4.91188 0.707908 0.000450058 -0.000645882 -0.000554963 -0.0059727 0.00464774 -0.0149233 1 0 0 0 0 0 0 0
475 1 0.1 6.27273 1.17682 0.762536 -0.000782145 0.000796123 -0.00021041 0.0106032 0.00301299 0.0062066 1 0 0 0 0 0 0 0
476 1 0.1 6.14143 1.34321 0.672572 -0.0512097 0.0139424 -0.0227425 -0.33079 -0.520518 0.430095 1 0 0 0 0 0 0 0
477 1 0.1 6.03818 1.97868 0.655324 -0.00485001 0.0193962 0.0238403 0.116628 -0.375635 0.169336 1 0 0 0 0 0 0 0
478 1 0.1 5.83096 2.23542 0.762617 -0.0105733 0.00349442 -0.00124488 0.0343082 0.08335 -0.20277 1 0 0 0 0 0 0 0
479 1 0.1 5.83742 2.43517 0.763 0.000883075 0.00371869 -3.69504e-05 0.0459929 0.0167701 0.0279739 1 0 0 0 0 0 0 0
480 1 0.1 5.88967 3.27288 0.762411 -0.0341039 -0.0187553 0.0027274 0.0614904 -0.0900985 -0.0511345 1 0 0 0 0 0 0 0
481 1 0.1 5.86075 2.81116 0.762285 -0.0417737 0.131903 -0.00823706 -0.327299 -0.164663 1.00763 1 0 0 0 0 0 0 0
482 1 0.1 5.66676 2.54212 0.763229 -0.0093516 -0.00979617 0.000749368 -0.103099 0.0595866 -0.0196519 1 0 0 0 0 0 0 0
483 1 0.1 5.74049 2.47134 0.592975 -0.00492948 -0.00753401 0.00198141 0.0055371 0.00729338 0.279517 1 0 0 0 0 0 0 0
484 1 0.1 5.4971 2.84698 0.762528 -0.00411532 0.00396964 -0.000889645 -0.218141 0.200286 0.223161 1 0 0 0 0 0 0 0
485 1 0.1 5.36001 2.9917 0.762775 -0.0196673 -0.0111407 -0.00160275 -0.0521388 0.0994491 0.034558 1 0 0 0 0 0 0 0
486 1 0.1 5.06961 2.72536 0.762402 0.0207267 -0.0279869 0.00175692 0.158377 0.224132 0.0120582 1 0 0 0 0 0 0 0
487 1 0.1 4.97868 3.02693 0.762529 0.018119 -0.00657752 -0.00113367 0.0372282 0.479107 0.187656 1 0 0 0 0 0 0 0
488 1 0.1 5.18661 3.09022 0.763011 -0.0106064 0.0043033 -0.00085304 0.105171 -0.00819198 -0.21769 1 0 0 0 0 0 0 0
489 1 0.1 5.20209 3.27239 0.684287 -0.0142094 -0.00396874 -0.00742899 -0.0219746 -0.00199807 0.155455 1 0 0 0 0 0 0 0
490 1 0.1 5.38196 3.29213 0.763597 -0.0218633 0.00954923 0.000556915 0.0662276 -0.0242315 0.110189 1 0 0 0 0 0 0 0
491 1 0.1 5.24746 3.45085 0.762087 -0.0135559 -0.032881 0.0375692 0.244219 -0.401749 -0.484663 1 0 0 0 0 0 0 0
492 1 0.1 5.43218 3.47049 0.688101 -0.0329339 -0.0114009 -0.00182034 1.39647 0.718308 0.44284 1 0 0 0 0 0 0 0
493 1 0.1 5.74236 3.13772 0.762655 -0.0420106 -0.00828809 2.49496e-05 -0.0757286 0.0420429 -0.0851189 1 0 0 0 0 0 0 0
494 1 0.1 5.67278 3.57779 0.763022 -0.00750417 0.0022672 -0.000510948 0.00201914 0.0754218 -0.0260917 1 0 0 0 0 0 0 0
495 1 0.1 5.8257 3.70637 0.760077 -0.00600702 -0.000584988 -0.00879092 0.0595706 0.0851658 -0.00166541 1 0 0 0 0 0 0 0
496 1 0.1 5.91711 3.52803 0.762744 -0.00134789 -0.00563495 0.000556855 -0.0677868 0.0181122 0.011897 1 0 0 0 0 0 0 0
497 1 0.1 5.92546 4.10742 0.541508 0.00923979 0.00550008 0.0265378 0.00499945 0.0168986 -0.160135 1 0 0 0 0 0 0 0
498 1 0.1 6.12988 4.57849 0.762768 0.000909113 -0.00235379 0.000180838 -0.0262434 -0.00454173 -0.00115174 1 0 0 0 0 0 0 0
499 1 0.1 6.25309 4.73595 0.762505 -0.000380212 -0.00104052 -4.92029e-05 0.00894794 -0.0248563 0.0116403 1 0 0 0 0 0 0 0
