500
0 1 0.1 5.93183 1.08507 0.149973 -0.0875284 0.139672 0.00645195 -0.0222415 -0.0894209 1.69327 1 0 0 0 0 0 0 0
1 1 0.1 5.80303 1.23973 0.137368 -0.21936 0.0233449 0.00794207 -0.000756761 0.00561643 0.00399348 1 0 0 0 0 0 0 0
2 1 0.1 5.65055 1.36897 0.141664 -0.107633 0.154604 0.0430132 -0.00137456 -0.00188041 0.00642033 1 0 0 0 0 0 0 0
3 1 0.1 5.32172 1.70179 0.13594 0.0196275 -0.014477 0.000288443 0.180489 0.145934 -0.224729 1 0 0 0 0 0 0 0
4 1 0.1 5.4972 1.79228 0.425541 0.0142268 0.00674329 0.00238171 -0.2246 0.163403 -0.182108 1 0 0 0 0 0 0 0
5 1 0.1 5.15002 1.86881 0.149582 0.00757044 -0.0119546 -0.00445636 0.0389517 0.0743055 -0.131987 1 0 0 0 0 0 0 0
6 1 0.1 4.94494 2.07534 0.137496 -0.0144954 0.0230784 0.000268442 -0.135973 -0.089003 0.245252 1 0 0 0 0 0 0 0
7 1 0.1 4.76565 2.24985 0.130247 -0.000801743 -0.00253477 0.00220352 -1.56082 0.797211 0.17456 1 0 0 0 0 0 0 0
8 1 0.1 4.79999 2.6985 0.137235 0.00978621 0.00261935 -0.00182841 -0.0259248 0.0762305 -0.231177 1 0 0 0 0 0 0 0
9 1 0.1 4.72158 2.66067 0.316716 -0.012455 0.0668346 -0.00291952 -0.494747 -0.247548 -0.210826 1 0 0 0 0 0 0 0
10 1 0.1 4.19358 2.8333 0.14661 0.00341979 -0.0102992 -0.00342445 0.0606709 0.0259232 -0.0835735 1 0 0 0 0 0 0 0
11 1 0.1 4.19425 2.84129 0.453384 -0.000640104 -0.00696495 -0.000785343 -0.000927631 0.0072769 -0.071333 1 0 0 0 0 0 0 0
12 1 0.1 4.18707 3.09821 0.14834 -0.00647685 0.00240168 -0.000645594 0.0557373 -0.0390029 0.13393 1 0 0 0 0 0 0 0
13 1 0.1 4.31004 3.1881 0.403458 -0.0255778 -0.0095551 -0.00328899 -0.325705 0.151311 0.197294 1 0 0 0 0 0 0 0
14 1 0.1 4.28832 3.25678 0.211085 -0.00317485 -0.0189549 0.00477876 0.162882 0.0356877 -0.279654 1 0 0 0 0 0 0 0
15 1 0.1 4.45089 3.4358 0.148342 -0.00516629 -0.00707623 0.00216856 -0.0185157 -0.0118861 -0.0312622 1 0 0 0 0 0 0 0
16 1 0.1 4.50143 3.24286 0.136783 -0.00110233 -0.0116095 -0.00681058 0.110027 0.0107003 0.0505686 1 0 0 0 0 0 0 0
17 1 0.1 4.71197 3.68773 0.253148 -0.00760144 -0.0015021 -0.0226736 -0.0784346 0.0276255 0.0459876 1 0 0 0 0 0 0 0
18 1 0.1 4.59376 3.57525 0.1378 -0.00558788 -0.00736814 -0.00886466 -0.0313414 0.0431205 -0.0165548 1 0 0 0 0 0 0 0
19 1 0.1 5.01029 3.98912 0.137307 -0.090574 -0.091202 -0.00979293 -0.203593 0.160227 -0.527922 1 0 0 0 0 0 0 0
20 1 0.1 5.15266 4.12471 0.140943 -0.0539953 -0.215803 -0.141223 0.277628 1.46925 -1.20738 1 0 0 0 0 0 0 0
21 1 0.1 5.34837 4.14418 0.134976 -0.0710929 -0.474566 0.0374602 7.95756 -2.43229 -1.28914 1 0 0 0 0 0 0 0
22 1 0.1 5.47498 4.4502 0.146525 -0.38379 -0.315554 0.113621 -0.0768166 -1.53823 -4.50924 1 0 0 0 0 0 0 0
23 1 0.1 5.63067 4.60689 0.148436 -0.131647 -0.12331 0.0722838 0.00198535 -1.00388 -1.70325 1 0 0 0 0 0 0 0
24 1 0.1 5.92106 4.89923 0.148807 0.00512485 0.00366883 -0.00212426 0.0426723 -0.0233198 0.0128628 1 0 0 0 0 0 0 0
25 1 0.1 6.07369 0.943699 0.148331 -0.110449 0.140514 0.0770356 0.0568348 -0.900822 1.72418 1 0 0 0 0 0 0 0
26 1 0.1 5.83702 1.44097 0.137477 -0.0520114 0.0106887 0.000137033 0.20707 -0.0251191 -0.596914 1 0 0 0 0 0 0 0
27 1 0.1 5.66317 1.56967 0.142566 0.0107675 0.0522036 -0.0380103 -0.0423965 0.163482 0.81377 1 0 0 0 0 0 0 0
28 1 0.1 5.46372 1.55813 0.149501 0.0160621 -0.0124237 -0.0105172 -0.0610515 0.104638 -0.165127 1 0 0 0 0 0 0 0
29 1 0.1 5.60591 1.89432 0.137204 0.0217302 -0.00997591 0.000609316 -0.171051 -0.29592 0.0561396 1 0 0 0 0 0 0 0
30 1 0.1 5.34644 1.9025 0.165212 0.00937269 -0.0207969 -0.0586257 0.309676 0.536806 0.0719306 1 0 0 0 0 0 0 0
31 1 0.1 5.21973 2.05579 0.143666 -0.0070798 -0.00670809 -0.00366392 0.0240244 0.068843 0.30731 1 0 0 0 0 0 0 0
32 1 0.1 4.94815 2.26401 0.203643 -0.0186749 0.0181979 0.00358369 0.384522 0.291754 -0.216579 1 0 0 0 0 0 0 0
33 1 0.1 4.47489 2.54991 0.135066 0.0242777 -0.0207516 0.00570429 0.45601 0.141508 -0.244067 1 0 0 0 0 0 0 0
34 1 0.1 4.9904 2.75936 0.137913 -0.0138422 0.0758017 0.000762055 0.0124521 -0.107343 0.998125 1 0 0 0 0 0 0 0
35 1 0.1 4.33583 2.69337 0.137845 0.00329498 -0.0250103 0.00048341 -0.0689818 -0.0854674 -0.0142275 1 0 0 0 0 0 0 0
36 1 0.1 5.35126 2.82873 0.349742 -0.0202746 -0.00388622 0.0237058 0.207172 -0.0575108 -0.0319587 1 0 0 0 0 0 0 0
37 1 0.1 4.54139 2.85831 0.233141 -0.0642918 -0.0691426 -0.127388 0.81075 -1.45217 -0.0247571 1 0 0 0 0 0 0 0
38 1 0.1 4.55054 3.02805 0.13695 -0.00933261 -0.0123262 -0.00111189 0.481628 0.0823907 0.224564 1 0 0 0 0 0 0 0
39 1 0.1 4.39487 3.02004 0.46819 -0.0242517 -0.0166884 0.0112349 -0.122096 0.197394 -0.381635 1 0 0 0 0 0 0 0
40 1 0.1 5.04791 3.26201 0.136607 0.0172631 -0.0204127 -0.00735107 0.158682 0.367949 -0.358531 1 0 0 0 0 0 0 0
41 1 0.1 4.78672 3.52275 0.137496 -0.00471163 -0.00581314 -0.000452301 -0.0197715 -0.0414978 -0.0321785 1 0 0 0 0 0 0 0
42 1 0.1 4.83065 3.80539 0.136821 0.00914933 0.01261 6.71315e-05 -0.0831966 0.11894 0.136613 1 0 0 0 0 0 0 0
43 1 0.1 5.01918 3.9028 0.316278 -0.0437796 0.00558393 0.00971724 -1.00102 0.157117 0.792465 1 0 0 0 0 0 0 0
44 1 0.1 5.51914 3.85936 0.137563 0.0374732 -0.172078 0.0321545 0.282132 -0.0299176 -0.671136 1 0 0 0 0 0 0 0
45 1 0.1 5.52938 4.05618 0.136574 0.266902 -0.218058 -0.0105094 -0.752616 0.525017 -1.86526 1 0 0 0 0 0 0 0
46 1 0.1 5.51561 4.25133 0.132325 -0.172054 -0.320804 -0.0208806 4.91744 -2.53016 9.51244 1 0 0 0 0 0 0 0
47 1 0.1 5.75779 4.45293 0.1369 0.00534813 -0.00821652 0.00364308 0.0917697 0.0176725 -0.083258 1 0 0 0 0 0 0 0
48 1 0.1 5.77538 4.74844 0.137576 -0.056447 -0.0842702 -0.0632921 -0.310146 1.11218 -1.20987 1 0 0 0 0 0 0 0
49 1 0.1 6.06173 5.04032 0.149383 0.00153049 0.00425651 -0.000985784 -0.0592045 0.0262161 -0.104272 1 0 0 0 0 0 0 0
50 1 0.1 6.21567 0.800607 0.15 -0.0792135 0.129219 0.000100299 0.000523204 -0.000860291 1.56534 1 0 0 0 0 0 0 0
51 1 0.1 5.99203 1.30437 0.143875 -0.201554 -0.00424372 -0.026315 -0.00243222 0.397653 -0.302781 1 0 0 0 0 0 0 0
52 1 0.1 5.92565 1.86913 0.137445 -0.0605353 0.123563 -0.00092131 0.131793 0.164932 0.336127 1 0 0 0 0 0 0 0
53 1 0.1 5.7554 1.76434 0.136794 0.0195797 -0.00925655 -0.000712494 0.186028 0.145591 -0.0339569 1 0 0 0 0 0 0 0
54 1 0.1 5.77305 2.00354 0.14791 0.00892143 0.00433271 0.0511927 -0.0489591 -0.348483 0.277074 1 0 0 0 0 0 0 0
55 1 0.1 5.4046 2.13148 0.137344 -0.00542018 -0.00580806 -0.00242077 0.0414213 -0.0692052 -0.042604 1 0 0 0 0 0 0 0
56 1 0.1 5.13414 2.23619 0.137419 -0.0191989 -0.012895 0.00199542 0.106959 -0.210797 -0.18653 1 0 0 0 0 0 0 0
57 1 0.1 5.34788 2.33439 0.427367 0.0107241 0.00603095 -0.0130333 0.266644 0.0968987 0.248391 1 0 0 0 0 0 0 0
58 1 0.1 5.02829 2.41604 0.301759 0.00667048 -0.00449069 0.00333064 -0.14129 -0.0934176 0.130007 1 0 0 0 0 0 0 0
59 1 0.1 4.66793 2.48528 0.137352 -0.0225671 0.0174635 -0.00173281 -0.165772 -0.230245 -0.139781 1 0 0 0 0 0 0 0
60 1 0.1 5.47923 2.67577 0.31849 -0.00914509 -0.00901895 -0.00802245 0.294579 0.0225983 -0.196234 1 0 0 0 0 0 0 0
61 1 0.1 4.71495 2.87918 0.137325 0.00138137 -0.00185506 0.00268146 0.0255974 0.032073 0.34059 1 0 0 0 0 0 0 0
62 1 0.1 4.90526 2.94032 0.137493 -0.02211 0.0717157 -0.000418754 -0.136951 -0.0316311 0.428886 1 0 0 0 0 0 0 0
63 1 0.1 4.68791 3.17098 0.135267 -0.00284082 -0.0063044 -0.0310342 -0.209696 -0.148408 0.00850339 1 0 0 0 0 0 0 0
64 1 0.1 4.8829 3.1462 0.135982 -0.0059006 -0.0193953 0.0038532 0.17017 0.313078 -0.123388 1 0 0 0 0 0 0 0
65 1 0.1 4.84874 3.40985 0.356776 0.0407668 0.0486222 -0.0488712 0.529265 -0.153007 -0.362595 1 0 0 0 0 0 0 0
66 1 0.1 5.31441 3.5278 0.155011 0.0117187 -0.0523827 -0.00500748 0.0986427 1.14649 -0.643106 1 0 0 0 0 0 0 0
67 1 0.1 5.3915 3.70806 0.13624 0.02423 -0.0782927 -0.0085155 0.530076 0.285365 0.133671 1 0 0 0 0 0 0 0
68 1 0.1 4.98788 3.72694 0.22738 -0.00595016 0.00932667 -0.00577607 0.163844 -0.0414411 -0.153095 1 0 0 0 0 0 0 0
69 1 0.1 5.48871 3.8749 0.428305 0.0233775 -0.165111 0.0602548 0.509277 0.322007 -0.301804 1 0 0 0 0 0 0 0
70 1 0.1 5.58487 4.14161 0.308656 -0.122751 -0.263728 0.140149 2.75403 0.448709 4.23697 1 0 0 0 0 0 0 0
71 1 0.1 5.70505 4.18282 0.136825 0.0467345 -0.0214928 0.00177731 0.158172 0.389924 -0.214786 1 0 0 0 0 0 0 0
72 1 0.1 5.87367 4.29024 0.137218 0.0243538 0.0104712 -0.00907039 -0.0828091 0.225236 0.29583 1 0 0 0 0 0 0 0
73 1 0.1 6.04401 4.74351 0.136846 0.00239202 0.00486092 -0.0028671 -0.053746 0.0836886 0.0581567 1 0 0 0 0 0 0 0
74 1 0.1 6.2875 5.27194 0.149986 -0.00017512 -0.000370875 -0.000188321 0.00138933 0.00236474 -0.00655661 1 0 0 0 0 0 0 0
75 1 0.1 6.20909 1.04426 0.281051 -0.0926429 0.0191507 -0.0391659 0.177545 1.61619 0.300851 1 0 0 0 0 0 0 0
76 1 0.1 6.12274 1.15325 0.137446 -0.197959 -0.00563099 0.00173954 -0.170123 -0.636918 0.321051 1 0 0 0 0 0 0 0
77 1 0.1 6.0328 1.70037 0.137452 -0.26906 -0.0123332 -0.00657729 -0.024844 -0.0832147 -1.71781 1 0 0 0 0 0 0 0
78 1 0.1 5.95433 2.08914 0.13769 -0.0138591 0.0647768 0.0136076 -0.551168 0.146971 0.769188 1 0 0 0 0 0 0 0
79 1 0.1 5.90309 2.26301 0.335429 -0.000441421 0.00506339 0.0416698 -0.221811 0.466762 0.335641 1 0 0 0 0 0 0 0
80 1 0.1 5.60306 2.10856 0.141371 -0.00359036 -0.0146619 0.0132313 0.0446852 -0.0933641 -0.0430242 1 0 0 0 0 0 0 0
81 1 0.1 5.55448 2.30603 0.136488 0.0202266 -0.014688 -0.00119425 0.146745 0.200044 0.0498957 1 0 0 0 0 0 0 0
82 1 0.1 5.74066 2.80353 0.137411 -0.0033844 -0.0120125 0.000153225 0.0867689 -0.0376991 -0.0453846 1 0 0 0 0 0 0 0
83 1 0.1 5.36642 2.41294 0.200682 -0.0272458 -0.00502999 -0.0152212 0.0366073 0.119218 -0.265981 1 0 0 0 0 0 0 0
84 1 0.1 4.86082 2.43287 0.139756 -0.0437419 -0.0614322 0.00414951 -0.49941 0.353772 -0.685965 1 0 0 0 0 0 0 0
85 1 0.1 5.15764 2.63774 0.137263 -0.00896364 0.00107693 0.00392966 0.00103093 -0.0836843 -0.000956378 1 0 0 0 0 0 0 0
86 1 0.1 5.71086 2.93369 0.286007 -0.0108084 -0.0209926 0.0062726 0.0392693 -0.114234 -0.0213806 1 0 0 0 0 0 0 0
87 1 0.1 5.14991 2.88293 0.137565 -0.00668595 -0.0251111 0.010333 -0.25223 0.0143248 0.172258 1 0 0 0 0 0 0 0
88 1 0.1 5.18741 3.29938 0.274348 0.00882917 -0.014223 0.00232984 -0.114837 0.0924817 -0.0316058 1 0 0 0 0 0 0 0
89 1 0.1 4.64482 3.38196 0.139449 -0.00629383 -0.00723795 -0.00161513 -0.0274465 -0.017633 0.038175 1 0 0 0 0 0 0 0
90 1 0.1 5.13969 3.436 0.137154 -0.00024945 -0.0218901 0.011484 0.21731 -0.293944 0.425817 1 0 0 0 0 0 0 0
91 1 0.1 5.5188 3.55557 0.136789 0.0400736 -0.0336891 0.0103038 0.120631 0.111901 -0.0934348 1 0 0 0 0 0 0 0
92 1 0.1 5.66527 3.69153 0.137452 0.0784721 -0.0675406 0.00275726 0.69058 0.779257 -0.4155 1 0 0 0 0 0 0 0
93 1 0.1 5.79777 3.89455 0.319956 0.10897 -0.200019 0.0622996 -1.32395 -0.629564 -1.76976 1 0 0 0 0 0 0 0
94 1 0.1 5.69757 3.95265 0.157044 0.210722 -0.227683 -0.00156299 0.137651 -0.30884 1.47861 1 0 0 0 0 0 0 0
95 1 0.1 5.88909 4.00808 0.145528 0.130238 -0.0134796 0.0206542 -0.0241296 0.116107 0.783125 1 0 0 0 0 0 0 0
96 1 0.1 6.0225 4.15673 0.137491 0.0563473 0.042272 -0.000680811 -0.195243 -0.033428 0.132975 1 0 0 0 0 0 0 0
97 1 0.1 6.02839 4.36274 0.24095 -0.0198145 0.0210632 0.0278888 0.134978 -0.767407 -0.0497789 1 0 0 0 0 0 0 0
98 1 0.1 6.17017 4.88229 0.206241 0.00804954 0.0069299 -0.0137306 -0.00918789 0.0271112 -0.0109593 1 0 0 0 0 0 0 0
99 1 0.1 6.25862 5.07419 0.1431 0.0023891 -0.000419929 -0.00195205 0.00858523 0.00592183 0.0037706 1 0 0 0 0 0 0 0
100 1 0.1 6.42659 0.590444 0.350005 -0.000396519 0.000227253 -8.94152e-06 -0.00162635 -0.000996558 -0.00155167 1 0 0 0 0 0 0 0
101 1 0.1 6.18124 1.36924 0.14056 -0.239211 -0.236746 0.0195032 0.20933 -0.0787559 -1.60821 1 0 0 0 0 0 0 0
102 1 0.1 6.03038 1.50042 0.137365 -0.0550304 -0.0260499 0.00280338 0.277418 -0.559152 -1.1866 1 0 0 0 0 0 0 0
103 1 0.1 6.03353 2.38483 0.245465 -0.0280107 0.00391723 0.00268337 -0.0124432 -0.0844619 -0.181717 1 0 0 0 0 0 0 0
104 1 0.1 5.86405 2.82505 0.554392 -0.00670846 -0.0148316 -0.00111162 -0.0073769 0.0597964 0.0189476 1 0 0 0 0 0 0 0
105 1 0.1 5.86325 2.38866 0.137476 -0.0751425 0.0112484 0.000151625 0.11461 0.148414 0.216676 1 0 0 0 0 0 0 0
106 1 0.1 5.73821 2.60365 0.137474 -0.00756407 -0.0111509 2.36489e-05 -0.0393528 -0.0358017 0.00323512 1 0 0 0 0 0 0 0
107 1 0.1 5.86961 3.15562 0.463847 0.010948 -0.0335522 -0.00827873 0.355097 0.0221008 0.333663 1 0 0 0 0 0 0 0
108 1 0.1 5.54149 2.72696 0.136796 -0.00302922 -0.00103246 -0.00156849 -0.0170303 0.051801 -0.233633 1 0 0 0 0 0 0 0
109 1 0.1 5.56405 2.50562 0.138362 -0.00398208 -0.01384 -0.00188204 0.0275529 0.00230001 0.0419084 1 0 0 0 0 0 0 0
110 1 0.1 5.38777 2.59971 0.137249 0.000881072 -0.00424619 0.00143349 0.14158 -0.0508054 -0.0821913 1 0 0 0 0 0 0 0
111 1 0.1 5.32433 2.78724 0.156228 0.00111951 -0.00607887 0.0204398 0.0627615 -0.0281007 0.0693231 1 0 0 0 0 0 0 0
112 1 0.1 5.48048 3.11926 0.13731 0.0103231 -0.00543982 -0.00158091 0.123917 0.000326092 -0.257284 1 0 0 0 0 0 0 0
113 1 0.1 5.06455 3.06319 0.13731 -0.00872558 -0.0269685 0.00161603 0.29224 -0.0889691 -0.110016 1 0 0 0 0 0 0 0
114 1 0.1 5.60979 3.27179 0.13857 0.0203521 -0.0140967 -0.0148307 -0.129662 0.206493 -0.3197 1 0 0 0 0 0 0 0
115 1 0.1 5.69716 3.46536 0.137397 0.00782665 -0.0907686 -0.0122792 0.867448 -0.0451971 -0.4456 1 0 0 0 0 0 0 0
116 1 0.1 5.67182 3.06191 0.137669 0.00592377 -0.0205687 0.00250658 0.000709549 -0.0848868 0.0876454 1 0 0 0 0 0 0 0
117 1 0.1 5.91381 3.41945 0.137475 -0.00221666 -0.155563 -0.00145843 0.0335755 0.16579 0.307458 1 0 0 0 0 0 0 0
118 1 0.1 5.83016 3.80571 0.137425 0.245597 -0.155721 -0.00576399 -0.0534057 0.347515 -0.815221 1 0 0 0 0 0 0 0
119 1 0.1 6.03833 3.87528 0.137506 0.0940033 -0.046584 0.000840017 -0.055766 0.218102 -1.14595 1 0 0 0 0 0 0 0
120 1 0.1 5.84656 3.60713 0.137472 0.062276 -0.151937 0.00466137 -0.12374 0.315483 -0.945188 1 0 0 0 0 0 0 0
121 1 0.1 6.05064 3.27793 0.171979 0.0110768 -0.135019 -0.0235201 -0.345967 0.460869 -0.189879 1 0 0 0 0 0 0 0
122 1 0.1 6.02899 4.30055 0.580752 0.0670322 -0.0539431 0.00935523 0.204568 -0.742074 -0.902404 1 0 0 0 0 0 0 0
123 1 0.1 5.94783 4.51285 0.136258 0.00406191 0.00703293 -0.00253364 -0.052485 0.245013 0.0459675 1 0 0 0 0 0 0 0
124 1 0.1 6.14055 4.56729 0.137323 0.0277504 -0.0109949 -0.000430119 0.098124 0.285278 -0.0216607 1 0 0 0 0 0 0 0
125 1 0.1 5.99383 1.03018 0.342146 -0.037979 0.0230266 0.0743926 -0.0184064 -0.971529 0.292481 1 0 0 0 0 0 0 0
126 1 0.1 5.85584 1.17288 0.318063 -0.0141753 0.027231 -0.0408389 -0.433164 0.106325 0.247328 1 0 0 0 0 0 0 0
127 1 0.1 5.57779 1.44435 0.336334 -0.0203784 0.0237675 0.00461159 -0.0542226 -0.125966 0.257187 1 0 0 0 0 0 0 0
128 1 0.1 5.42371 1.59854 0.350227 -0.00550253 0.00957231 0.00381846 0.117859 0.044301 0.0772868 1 0 0 0 0 0 0 0
129 1 0.1 5.33204 1.77307 0.316999 0.0253624 0.0250452 -0.0123003 -0.549924 -0.459252 -0.576804 1 0 0 0 0 0 0 0
130 1 0.1 5.07916 1.94923 0.318316 0.00288379 -0.00304757 -0.0113146 -0.199583 -0.0697091 0.264014 1 0 0 0 0 0 0 0
131 1 0.1 4.93611 2.08429 0.353039 -0.00375293 -0.00685027 -0.0296565 -0.246904 0.197675 -0.0178854 1 0 0 0 0 0 0 0
132 1 0.1 4.80366 2.22168 0.418437 0.0171685 -0.0381882 0.0602107 -0.455599 -0.241546 0.309591 1 0 0 0 0 0 0 0
133 1 0.1 4.69558 2.33612 0.29543 0.0464865 -0.036335 0.0386332 0.530668 -0.336929 -0.165918 1 0 0 0 0 0 0 0
134 1 0.1 4.64229 2.43063 0.462139 -0.0211593 -0.0445849 0.0331079 -0.319613 -0.46909 0.109869 1 0 0 0 0 0 0 0
135 1 0.1 4.55102 2.47805 0.299044 0.0189154 -0.0209941 0.0234509 0.490369 0.142523 -0.362006 1 0 0 0 0 0 0 0
136 1 0.1 4.37453 2.65231 0.412447 -0.000942572 0.00195231 -0.0268218 -0.0509864 0.168316 -0.0331046 1 0 0 0 0 0 0 0
137 1 0.1 4.5665 3.0038 0.367728 -0.111041 -0.0622732 -0.115734 -0.611424 1.31934 0.336425 1 0 0 0 0 0 0 0
138 1 0.1 4.4119 3.10836 0.252387 -0.0127601 -0.00843397 -0.010864 -0.131816 0.0443897 -0.155251 1 0 0 0 0 0 0 0
139 1 0.1 4.3226 3.29826 0.569463 -0.00526474 0.00294052 -0.00722704 0.0540092 0.00398704 -0.0377177 1 0 0 0 0 0 0 0
140 1 0.1 4.56766 3.3072 0.313828 -0.0301941 -0.0104674 0.00163046 -0.357355 -0.628654 -0.539159 1 0 0 0 0 0 0 0
141 1 0.1 4.52303 3.50369 0.327673 0.00199292 0.00109183 -0.00873566 -0.0406219 -0.202688 0.194474 1 0 0 0 0 0 0 0
142 1 0.1 4.73742 3.71687 0.472543 -0.0227711 -0.00710109 -0.00420079 -0.0707279 0.299063 -0.193461 1 0 0 0 0 0 0 0
143 1 0.1 5.09203 4.0682 0.401063 -0.0057761 -0.00643793 0.022656 -0.176755 -0.169241 -0.0391198 1 0 0 0 0 0 0 0
144 1 0.1 5.36398 4.02269 0.360928 -0.191698 -0.480743 0.64822 6.89687 -2.90027 1.19475 1 0 0 0 0 0 0 0
145 1 0.1 5.22257 4.19465 0.317629 -0.0112033 -0.015629 0.000264676 -0.0116663 0.00951509 -0.187684 1 0 0 0 0 0 0 0
146 1 0.1 5.37246 4.30533 0.239663 0.118467 -0.600598 0.353234 3.83668 3.07345 -11.5487 1 0 0 0 0 0 0 0
147 1 0.1 5.4396 4.42885 0.355982 -0.115772 -0.106503 0.00547725 -5.43086 -1.14506 3.27844 1 0 0 0 0 0 0 0
148 1 0.1 5.71425 4.68546 0.317219 0.0328207 0.0473953 0.0145038 -0.28663 -0.0611869 0.377483 1 0 0 0 0 0 0 0
149 1 0.1 5.85085 4.82639 0.357951 -0.00371816 -0.00478483 -0.00028287 0.0012534 0.00974509 -0.0504846 1 0 0 0 0 0 0 0
150 1 0.1 6.14736 0.873018 0.363641 0.000383183 0.00121566 -0.00196451 -0.00854562 0.00810822 0.0103848 1 0 0 0 0 0 0 0
151 1 0.1 5.83581 1.68434 0.302637 0.00718003 0.00422947 0.0153514 0.00239358 0.0218841 -0.0249895 1 0 0 0 0 0 0 0
152 1 0.1 5.50047 1.74323 0.21429 0.0221008 -0.0133076 -0.0110177 0.0754441 -0.0810762 0.125514 1 0 0 0 0 0 0 0
153 1 0.1 6.04935 2.26534 0.471626 0.0321184 0.0235185 0.0074747 -0.1966 0.00582554 -0.487728 1 0 0 0 0 0 0 0
154 1 0.1 5.68466 1.95784 0.419223 -0.0206079 -0.00165627 0.0102678 -0.160965 -0.285435 -0.143845 1 0 0 0 0 0 0 0
155 1 0.1 5.39598 2.09637 0.348968 0.0140662 0.00413707 -0.00232473 -0.243736 0.141769 -0.204125 1 0 0 0 0 0 0 0
156 1 0.1 5.11707 2.23345 0.588644 -0.0201422 0.0035942 -0.0150912 -0.528116 -0.103459 0.169901 1 0 0 0 0 0 0 0
157 1 0.1 4.89637 2.13038 0.570118 0.0101956 0.0106534 0.0942402 0.0813432 -0.109362 0.124227 1 0 0 0 0 0 0 0
158 1 0.1 4.87358 2.45981 0.440388 -0.0344243 0.0100914 -0.0361984 0.732759 0.517306 -0.295795 1 0 0 0 0 0 0 0
159 1 0.1 5.01676 2.6965 0.582628 0.0262241 -0.00305859 0.0144556 0.258504 -0.0352502 0.0747626 1 0 0 0 0 0 0 0
160 1 0.1 4.90664 2.64698 0.382089 -0.0157053 0.0264503 0.0181152 0.211917 0.0415292 -0.308139 1 0 0 0 0 0 0 0
161 1 0.1 4.75158 2.97136 0.435813 -0.0701168 0.0752877 -0.200547 0.114408 -1.25188 0.031599 1 0 0 0 0 0 0 0
162 1 0.1 4.67621 2.83832 0.575517 0.0193019 -0.00162949 0.00918356 -0.0087237 -0.049549 -0.0235498 1 0 0 0 0 0 0 0
163 1 0.1 4.94667 2.89749 0.61901 -0.0294107 -0.0151674 0.0023196 0.291593 -0.987279 -0.390254 1 0 0 0 0 0 0 0
164 1 0.1 4.33651 3.25016 0.762705 -0.00182632 -0.000309744 -0.00292123 0.00589849 0.0258681 0.0127982 1 0 0 0 0 0 0 0
165 1 0.1 4.81869 3.39686 0.568737 -0.00541545 0.0150745 -0.0355416 0.263759 -0.184697 -0.0226628 1 0 0 0 0 0 0 0
166 1 0.1 4.99552 3.32202 0.515961 0.0213873 0.00244329 0.0329451 -0.148652 -0.575298 0.283033 1 0 0 0 0 0 0 0
167 1 0.1 5.19165 3.66455 0.230017 0.0869856 0.00232636 -0.0170106 -0.203125 -1.50875 -0.999673 1 0 0 0 0 0 0 0
168 1 0.1 5.19892 3.97008 0.263529 0.013405 -0.083223 0.0934249 0.469021 -1.37493 -1.59504 1 0 0 0 0 0 0 0
169 1 0.1 5.36777 3.8486 0.271822 0.0409421 -0.134293 0.025206 0.196087 -0.276928 -0.305565 1 0 0 0 0 0 0 0
170 1 0.1 5.4177 4.20605 0.39786 -0.087347 -0.501665 0.450722 -8.4282 4.27226 -1.99169 1 0 0 0 0 0 0 0
171 1 0.1 5.61937 4.32097 0.446119 0.134315 0.062139 0.0922247 -2.12388 2.16167 1.00944 1 0 0 0 0 0 0 0
172 1 0.1 5.72724 4.31846 0.280346 -0.00616686 -0.0245543 0.00318779 -0.0709744 -0.399445 0.573413 1 0 0 0 0 0 0 0
173 1 0.1 5.85994 4.469 0.309205 0.0409646 0.00311377 0.00947526 0.463232 0.333468 -0.808916 1 0 0 0 0 0 0 0
174 1 0.1 6.00198 4.98262 0.344959 0.00207429 0.00112133 -0.00533885 0.0889359 0.00808185 0.0399473 1 0 0 0 0 0 0 0
175 1 0.1 6.28783 0.733653 0.335226 0.000400884 0.000607275 -0.000988571 -0.0123915 0.0011351 -0.0121565 1 0 0 0 0 0 0 0
176 1 0.1 5.76948 1.49659 0.317244 -0.0212738 0.0153052 0.0105628 0.0688859 0.0794254 -0.325963 1 0 0 0 0 0 0 0
177 1 0.1 5.83979 1.88343 0.317362 0.00125992 0.00843303 0.0352809 0.204706 0.092982 0.113561 1 0 0 0 0 0 0 0
178 1 0.1 5.82023 2.08136 0.332753 0.00925977 0.00275468 0.0662813 0.107237 -0.118029 -0.209278 1 0 0 0 0 0 0 0
179 1 0.1 5.52013 1.94973 0.30596 -0.00366257 -0.000248743 -0.0155092 0.098667 0.229627 0.122232 1 0 0 0 0 0 0 0
180 1 0.1 5.56284 2.12939 0.453705 -0.000435877 0.0167829 0.0188585 0.125004 0.0132359 -0.170317 1 0 0 0 0 0 0 0
181 1 0.1 5.29075 2.23963 0.260575 -0.00584692 -0.00978829 -0.00418282 0.0416642 0.327094 0.348763 1 0 0 0 0 0 0 0
182 1 0.1 5.03571 2.24766 0.407448 0.00265356 -0.0157719 -0.0212059 0.410304 -0.129613 -0.0388027 1 0 0 0 0 0 0 0
183 1 0.1 5.08984 2.60365 0.321785 -0.0193279 -0.00178041 0.00679067 0.0988699 0.00523749 -0.108414 1 0 0 0 0 0 0 0
184 1 0.1 5.44496 2.7415 0.503325 0.00638491 -0.0261701 -0.00296113 -0.0266886 -0.0435109 -0.373495 1 0 0 0 0 0 0 0
185 1 0.1 5.20434 2.799 0.507766 0.00771141 -0.00452161 0.0202442 -0.592537 0.0629588 -0.285249 1 0 0 0 0 0 0 0
186 1 0.1 5.14798 2.79396 0.316277 -0.00755744 -0.00279359 0.0217204 -0.00958262 -0.134434 0.0222395 1 0 0 0 0 0 0 0
187 1 0.1 4.52685 2.67282 0.292217 -0.0178137 -0.0382544 -0.0539127 -1.74469 -0.091217 0.985077 1 0 0 0 0 0 0 0
188 1 0.1 4.91163 3.05117 0.303841 0.0377936 0.0262722 0.0298135 -0.121189 -0.195536 0.361576 1 0 0 0 0 0 0 0
189 1 0.1 5.33862 3.35443 0.392324 0.0173652 -0.0111806 -0.0121157 0.0223252 0.0688633 -0.0495421 1 0 0 0 0 0 0 0
190 1 0.1 5.04211 3.54293 0.274077 0.046155 0.0454794 -0.00605924 -0.597025 1.02857 0.495313 1 0 0 0 0 0 0 0
191 1 0.1 5.43723 3.50659 0.311473 0.0390759 -0.0237745 0.0277095 0.680106 0.306254 -0.476262 1 0 0 0 0 0 0 0
192 1 0.1 5.13274 3.83108 0.137056 -0.000694842 -0.0072094 0.00546227 -0.0171466 -0.0309598 0.0546633 1 0 0 0 0 0 0 0
193 1 0.1 5.62186 3.80185 0.298304 0.0712931 -0.101992 0.0490995 -1.31302 -0.0607131 2.15223 1 0 0 0 0 0 0 0
194 1 0.1 5.75726 3.80953 0.575019 0.41771 -0.467494 0.0243716 -1.35469 -1.48308 -2.90112 1 0 0 0 0 0 0 0
195 1 0.1 5.75215 4.05629 0.428106 0.189014 -0.123124 -0.049208 0.684774 0.347514 0.877937 1 0 0 0 0 0 0 0
196 1 0.1 5.84191 4.1543 0.279617 0.0950782 9.75974e-05 -0.0236454 0.212322 0.0121167 0.439237 1 0 0 0 0 0 0 0
197 1 0.1 5.94793 4.03034 0.397655 0.197887 -0.0772005 -0.0498913 -0.0986547 -0.410544 -0.494399 1 0 0 0 0 0 0 0
198 1 0.1 5.91146 4.66282 0.260165 0.026983 0.00126445 0.0062548 -0.115404 -0.020762 0.0177334 1 0 0 0 0 0 0 0
199 1 0.1 6.14251 5.12478 0.350004 0.000914015 0.00115001 9.15432e-05 0.00121782 3.35771e-05 0.00342112 1 0 0 0 0 0 0 0
200 1 0.1 6.05284 1.24893 0.326046 -0.0946423 -0.0343293 -0.0627742 -0.0743345 1.08212 -0.852772 1 0 0 0 0 0 0 0
201 1 0.1 5.71836 1.3072 0.372533 -0.018196 0.0230097 -0.0200386 0.341523 0.142383 -0.119531 1 0 0 0 0 0 0 0
202 1 0.1 6.07537 1.98817 0.605148 -0.0788374 -0.00654425 0.00440305 0.609749 -0.411584 -0.668426 1 0 0 0 0 0 0 0
203 1 0.1 5.96692 2.33071 0.641627 0.0261095 0.0468048 0.000393755 0.347747 -0.203497 -0.202205 1 0 0 0 0 0 0 0
204 1 0.1 5.94158 2.56171 0.317425 -0.014576 0.00632601 -0.00360739 -0.021666 -0.0522627 -0.00447567 1 0 0 0 0 0 0 0
205 1 0.1 5.69444 2.23462 0.310059 0.0202898 0.00938176 0.0464303 0.0201902 -0.342179 0.115617 1 0 0 0 0 0 0 0
206 1 0.1 5.49767 2.26409 0.321375 0.0119555 0.000146732 -0.00257979 -0.18482 -0.232737 -0.329893 1 0 0 0 0 0 0 0
207 1 0.1 5.58444 2.41235 0.421818 0.00953249 -0.00931136 0.00435001 -0.165106 -0.0420718 0.113711 1 0 0 0 0 0 0 0
208 1 0.1 5.13982 2.43827 0.137434 -0.00182434 0.000710712 -0.000458548 -0.00380248 -0.0230601 0.000961374 1 0 0 0 0 0 0 0
209 1 0.1 5.64551 2.56614 0.31068 -0.0103008 -0.00992002 0.000924285 0.0162994 -0.174525 0.295499 1 0 0 0 0 0 0 0
210 1 0.1 5.73071 2.95892 0.488713 -0.00760132 -0.0222816 -0.0101984 0.00145494 0.0165282 0.222562 1 0 0 0 0 0 0 0
211 1 0.1 5.32933 2.9858 0.138744 0.00446377 -0.00939181 0.0102946 -0.173317 -0.0432772 -0.09343 1 0 0 0 0 0 0 0
212 1 0.1 5.0003 3.01164 0.470059 0.00363927 -0.00324096 0.0342383 -0.0402155 0.614976 0.443031 1 0 0 0 0 0 0 0
213 1 0.1 5.22088 2.97874 0.335049 -0.01553 0.000703278 0.028484 0.0310145 -0.16556 0.00659159 1 0 0 0 0 0 0 0
214 1 0.1 5.4374 3.37297 0.137221 0.0117682 -0.0241157 -0.0108741 -0.125712 0.0255209 0.603755 1 0 0 0 0 0 0 0
215 1 0.1 5.77537 3.3713 0.445758 0.0625284 -0.101755 0.0400122 -0.900009 -0.952464 -0.745231 1 0 0 0 0 0 0 0
216 1 0.1 5.78801 3.51577 0.308289 0.11041 -0.186916 -0.0410084 -0.29762 0.494241 0.425851 1 0 0 0 0 0 0 0
217 1 0.1 5.61041 3.6051 0.327469 0.149069 -0.120037 0.033314 2.09373 -0.494993 -1.37098 1 0 0 0 0 0 0 0
218 1 0.1 5.93663 3.74957 0.296815 0.134312 -0.11676 0.0753388 -0.144931 -1.80167 1.1494 1 0 0 0 0 0 0 0
219 1 0.1 6.03452 3.67531 0.139091 0.033682 -0.0558629 -0.011887 0.0377436 0.192806 0.102702 1 0 0 0 0 0 0 0
220 1 0.1 5.98918 3.57856 0.762572 0.070026 -0.0546107 0.000909085 -0.211257 -0.041898 -0.0502332 1 0 0 0 0 0 0 0
221 1 0.1 6.05486 3.54688 0.576396 0.186076 -0.0360595 0.0319314 -0.478593 -0.434386 2.87092 1 0 0 0 0 0 0 0
222 1 0.1 6.04845 3.48338 0.270783 0.0792578 -0.101399 -0.099613 -0.102186 0.870364 -0.449009 1 0 0 0 0 0 0 0
223 1 0.1 6.04822 4.78848 0.333867 0.0239736 0.00769996 -0.00248877 -0.126599 0.0800289 0.169673 1 0 0 0 0 0 0 0
224 1 0.1 6.16945 4.89576 0.451222 0.0169335 0.00550999 0.00714928 0.219468 -0.108909 -0.10524 1 0 0 0 0 0 0 0
225 1 0.1 6.01679 1.60031 0.309775 -0.00966389 -0.0163946 0.00304808 -0.288369 0.282418 -0.202845 1 0 0 0 0 0 0 0
226 1 0.1 5.7898 2.20267 0.137428 -0.057506 0.00439759 0.000202983 -0.017647 0.0785479 -0.0281097 1 0 0 0 0 0 0 0
227 1 0.1 6.03789 1.90348 0.299761 -0.000880589 0.0113978 -0.0112311 0.295135 0.421791 -0.148153 1 0 0 0 0 0 0 0
228 1 0.1 6.02778 2.5529 0.137387 -0.00533026 0.00213224 -5.40668e-05 -0.021853 -0.0452688 -0.00355446 1 0 0 0 0 0 0 0
229 1 0.1 5.52314 2.92499 0.148113 0.0026552 -0.00355137 -0.0083858 -0.0480696 -0.0274269 0.17604 1 0 0 0 0 0 0 0
230 1 0.1 5.91674 3.09422 0.279663 0.0120475 0.000303048 -0.0203049 -0.162648 0.21958 0.389008 1 0 0 0 0 0 0 0
231 1 0.1 5.87909 2.43349 0.494216 -0.00947269 0.0214006 0.0258361 -0.052657 -0.174637 0.363398 1 0 0 0 0 0 0 0
232 1 0.1 5.78378 2.42228 0.317829 -0.0103871 -0.00567024 0.0312553 -0.255493 -0.00903996 -0.253206 1 0 0 0 0 0 0 0
233 1 0.1 5.93882 2.63414 0.573307 -0.0063296 0.00908214 -0.0023096 0.138734 -0.054194 -0.0646006 1 0 0 0 0 0 0 0
234 1 0.1 5.83816 2.74027 0.302049 -0.0150621 0.013661 -0.00220382 0.191755 0.0480031 -0.100749 1 0 0 0 0 0 0 0
235 1 0.1 5.99661 2.75299 0.423241 -0.0081539 0.000171785 -0.0103086 0.0857638 0.0455079 0.148962 1 0 0 0 0 0 0 0
236 1 0.1 5.58034 3.0831 0.532065 -0.00817693 -0.0305178 0.00542129 0.190462 0.0366798 -0.133121 1 0 0 0 0 0 0 0
237 1 0.1 5.59734 3.09387 0.323611 -0.00996349 -0.0237109 0.00228763 0.0782118 -0.154352 -0.109706 1 0 0 0 0 0 0 0
238 1 0.1 5.47833 3.24995 0.287718 0.0255306 -0.00437824 -0.00588201 0.0238324 -0.080817 -0.262975 1 0 0 0 0 0 0 0
239 1 0.1 5.75766 3.21185 0.307975 -0.0104196 -0.0400641 0.00454786 -0.0889551 0.119154 0.0324376 1 0 0 0 0 0 0 0
240 1 0.1 5.88973 2.91949 0.374184 4.70529e-05 0.0129638 -0.0108004 -0.0648926 -0.0134275 0.300402 1 0 0 0 0 0 0 0
241 1 0.1 5.49762 3.35153 0.570628 0.0387314 -0.0388192 0.04489 0.453489 -0.15386 -0.182618 1 0 0 0 0 0 0 0
242 1 0.1 5.92119 3.32657 0.316509 0.0100346 -0.0691245 -0.0297734 1.73195 1.36058 -0.246645 1 0 0 0 0 0 0 0
243 1 0.1 5.94401 3.32393 0.541987 0.0457687 -0.0883479 0.0725125 -0.0849896 0.818772 0.357568 1 0 0 0 0 0 0 0
244 1 0.1 5.78258 3.69623 0.412506 0.0766692 -0.324526 -0.100473 0.837862 0.550592 -0.081115 1 0 0 0 0 0 0 0
245 1 0.1 5.86023 3.22721 0.137362 -0.0212372 -0.146203 -0.00132366 -0.0469412 -0.0141681 -0.515004 1 0 0 0 0 0 0 0
246 1 0.1 5.94955 3.58602 0.410964 0.166812 -0.157274 0.0102118 1.0326 0.29761 0.342385 1 0 0 0 0 0 0 0
247 1 0.1 5.79878 4.24224 0.485947 0.0800002 -0.0568784 0.0900096 0.562953 -1.07896 -2.03717 1 0 0 0 0 0 0 0
248 1 0.1 6.09978 4.40183 0.423572 0.0276347 -0.0214892 0.0107725 0.159916 1.24313 -0.3683 1 0 0 0 0 0 0 0
249 1 0.1 6.07968 4.5759 0.327235 0.0598035 -0.00897916 0.00888551 -0.0769286 0.0327419 -0.182115 1 0 0 0 0 0 0 0
250 1 0.1 5.99354 1.02814 0.552531 -0.00965608 0.00782841 -0.0109274 -0.0548881 -0.0273226 -0.0159315 1 0 0 0 0 0 0 0
251 1 0.1 5.85977 1.17198 0.51749 0.0128152 0.0304041 -0.0344618 0.184139 -0.0943813 -0.205027 1 0 0 0 0 0 0 0
252 1 0.1 5.63954 1.38532 0.538793 0.00304044 -0.00511098 0.00440809 0.0864525 0.00989145 -0.0447703 1 0 0 0 0 0 0 0
253 1 0.1 5.47922 1.54468 0.550666 0.00354765 0.000650694 0.0113527 -0.00500595 -0.168912 0.0131918 1 0 0 0 0 0 0 0
254 1 0.1 5.34081 1.68796 0.566578 0.000657724 -0.00229332 -0.00147084 -0.000531595 -0.00495346 0.0411521 1 0 0 0 0 0 0 0
255 1 0.1 5.30628 1.93635 0.421456 0.00535108 0.0169196 0.00353253 0.182698 -0.252391 0.275112 1 0 0 0 0 0 0 0
256 1 0.1 5.03641 1.98785 0.562035 -0.00511959 0.00191531 0.0127247 0.0910142 -0.0618273 0.0313916 1 0 0 0 0 0 0 0
257 1 0.1 4.75882 2.26857 0.614543 -0.0137535 0.00646136 0.0244452 0.601455 0.0817149 0.269027 1 0 0 0 0 0 0 0
258 1 0.1 4.66796 2.62286 0.512166 -0.130642 0.0950851 -0.226461 -1.09174 2.60899 -0.0686453 1 0 0 0 0 0 0 0
259 1 0.1 4.9877 2.8204 0.432898 0.0033809 0.00932871 0.037692 0.147172 0.200999 0.171715 1 0 0 0 0 0 0 0
260 1 0.1 4.50997 2.72734 0.577306 0.00861468 0.00766243 -0.0078195 0.0561322 -0.12748 -0.133912 1 0 0 0 0 0 0 0
261 1 0.1 4.45209 2.83604 0.416466 0.0115506 0.000752903 -0.0318453 0.357054 0.135352 0.531834 1 0 0 0 0 0 0 0
262 1 0.1 4.39495 2.88985 0.619475 -0.000998811 -0.00887579 0.0162017 -0.10814 0.20553 0.142819 1 0 0 0 0 0 0 0
263 1 0.1 4.20222 2.96505 0.296494 0.00403171 -0.00511846 0.000508859 -0.0351789 -0.000838181 0.0966557 1 0 0 0 0 0 0 0
264 1 0.1 4.19266 3.16907 0.650052 -0.000665386 0.000370093 -0.000554922 -0.00349223 0.00487248 0.0122019 1 0 0 0 0 0 0 0
265 1 0.1 4.46025 3.44159 0.548489 -6.97448e-05 -0.000313372 -0.00244867 -0.000931975 -0.00388581 -0.0105164 1 0 0 0 0 0 0 0
266 1 0.1 4.38008 3.36597 0.348736 -0.0150748 -0.0046858 -0.0248894 0.0613039 0.464957 0.267318 1 0 0 0 0 0 0 0
267 1 0.1 4.70132 3.55678 0.585506 -0.0158226 -0.0040302 -0.0060202 0.133023 -0.219241 -0.0192116 1 0 0 0 0 0 0 0
268 1 0.1 5.03454 3.78269 0.474208 0.0201276 0.0516242 0.0363808 0.22145 -0.123158 0.19796 1 0 0 0 0 0 0 0
269 1 0.1 5.01323 3.9904 0.567785 -0.00117377 0.0122211 -0.0247103 -0.105767 0.410132 0.0312473 1 0 0 0 0 0 0 0
270 1 0.1 5.1546 4.12954 0.582124 -0.00868283 0.00696185 -0.00845001 0.49866 -0.242158 -0.0453419 1 0 0 0 0 0 0 0
271 1 0.1 5.28996 4.26538 0.535129 0.00262344 0.0867608 0.288747 0.248103 -3.07678 0.889409 1 0 0 0 0 0 0 0
272 1 0.1 5.47011 4.44476 0.558334 0.0817694 0.0333193 0.0973758 -1.45169 0.18192 1.11779 1 0 0 0 0 0 0 0
273 1 0.1 5.60881 4.58698 0.546674 0.0299794 0.0350118 -0.0218615 0.238879 0.220542 -0.167271 1 0 0 0 0 0 0 0
274 1 0.1 5.763 4.70802 0.513744 0.0459307 0.0111448 -0.00389057 -0.0926114 -0.330623 -0.102874 1 0 0 0 0 0 0 0
275 1 0.1 6.13678 0.889145 0.562664 -0.01317 0.00297408 -0.00215375 -0.03652 -0.00504966 -0.0351452 1 0 0 0 0 0 0 0
276 1 0.1 5.68572 1.57011 0.598079 0.00498282 -0.00463551 0.0050963 -0.121935 -0.124464 -0.0133407 1 0 0 0 0 0 0 0
277 1 0.1 5.60885 1.62667 0.422619 0.000898112 -0.00420429 0.00675883 -0.0271288 0.238089 -0.0661234 1 0 0 0 0 0 0 0
278 1 0.1 5.66516 1.78696 0.317359 0.00843793 -0.00493238 0.0102617 0.106317 -0.159245 0.0618818 1 0 0 0 0 0 0 0
279 1 0.1 5.59627 1.76982 0.596149 0.0170526 0.0113625 0.000856641 -0.0263155 -0.0931938 -0.156037 1 0 0 0 0 0 0 0
280 1 0.1 5.4078 2.03489 0.562342 -0.00789833 0.00880731 0.0182672 0.138997 0.0293272 -0.0660243 1 0 0 0 0 0 0 0
281 1 0.1 5.21421 2.07222 0.530563 -0.0110445 -0.00442668 0.0167795 0.106027 0.149664 -0.103543 1 0 0 0 0 0 0 0
282 1 0.1 4.99656 2.02766 0.754122 -0.00989463 0.00650489 -0.0138722 -0.0472505 0.146237 0.101812 1 0 0 0 0 0 0 0
283 1 0.1 4.94297 2.32649 0.570513 -0.0249602 -0.00508438 -0.0533149 -1.0673 0.565914 -0.227181 1 0 0 0 0 0 0 0
284 1 0.1 5.28438 2.64149 0.336207 -0.0118785 -0.0021107 -0.0012755 0.0447616 0.0917487 0.137036 1 0 0 0 0 0 0 0
285 1 0.1 4.49904 2.52828 0.562204 -0.0107694 0.00512669 -0.00666925 -0.0304176 0.0569458 0.103506 1 0 0 0 0 0 0 0
286 1 0.1 4.57446 2.68792 0.762401 -0.0140713 0.00279634 0.00194597 0.0213568 -0.0753505 0.236551 1 0 0 0 0 0 0 0
287 1 0.1 4.57811 3.08575 0.762405 -0.000528119 0.000245079 0.00512367 -0.0122531 0.0116015 0.0164453 1 0 0 0 0 0 0 0
288 1 0.1 4.49754 3.19139 0.471284 -0.0721587 0.0413442 0.04578 0.198748 -0.614158 0.193533 1 0 0 0 0 0 0 0
289 1 0.1 4.69407 3.15365 0.334317 -0.0703907 -0.0655803 -0.0926405 1.47076 -0.435681 -0.833619 1 0 0 0 0 0 0 0
290 1 0.1 4.9379 3.24482 0.299748 0.00341198 0.0157206 -0.0190563 -0.596027 -0.422152 -0.276848 1 0 0 0 0 0 0 0
291 1 0.1 4.98305 3.46867 0.655233 -0.00781088 -0.0154917 -0.0086704 0.322667 0.0557037 -0.257999 1 0 0 0 0 0 0 0
292 1 0.1 4.98266 3.51059 0.460529 0.0486764 -0.0110501 -0.00709924 -0.236605 -0.252747 -0.217082 1 0 0 0 0 0 0 0
293 1 0.1 4.84275 3.81468 0.335095 -0.0180767 -0.0199316 0.00397492 0.406915 -0.402349 -0.334158 1 0 0 0 0 0 0 0
294 1 0.1 5.20378 3.80224 0.373158 0.0203409 -0.041599 0.0287894 -0.862295 0.424998 -1.00578 1 0 0 0 0 0 0 0
295 1 0.1 5.20014 3.9438 0.51436 -0.00171898 0.00225817 -0.0160242 -0.00681381 -0.509297 0.0423716 1 0 0 0 0 0 0 0
296 1 0.1 5.51674 4.06303 0.487847 0.118508 -0.358018 0.424229 3.89112 2.75074 0.210054 1 0 0 0 0 0 0 0
297 1 0.1 5.71569 4.42288 0.585402 0.158849 0.132448 -0.018355 1.12895 -1.18252 -0.538316 1 0 0 0 0 0 0 0
298 1 0.1 5.6752 4.4995 0.377795 0.0198363 0.0267982 -0.0720972 0.890419 -1.40301 0.0504138 1 0 0 0 0 0 0 0
299 1 0.1 6.02768 4.99715 0.549177 0.0181942 0.00897577 0.00649839 -0.114714 -0.0341014 -0.0434039 1 0 0 0 0 0 0 0
300 1 0.1 6.27554 0.745751 0.55002 -0.00692735 0.00884884 -0.000416917 0.0059988 0.00776385 0.116063 1 0 0 0 0 0 0 0
301 1 0.1 5.85332 1.53842 0.493781 0.00175594 -0.00721609 0.00357332 0.0533516 0.11534 0.0307634 1 0 0 0 0 0 0 0
302 1 0.1 5.95054 1.77199 0.441019 0.0128328 -0.00494584 0.0141751 0.127688 -0.0422073 0.00992071 1 0 0 0 0 0 0 0
303 1 0.1 5.92487 1.97844 0.471126 -0.0411953 0.00515002 0.0655218 -0.674835 -1.28723 -1.10499 1 0 0 0 0 0 0 0
304 1 0.1 5.76882 1.90019 0.595243 -0.020359 -0.0333883 0.0366465 0.291493 -0.656063 -0.266469 1 0 0 0 0 0 0 0
305 1 0.1 5.60029 2.00705 0.60698 -0.00476331 -0.00489288 0.00279142 0.111153 0.0818731 -0.039709 1 0 0 0 0 0 0 0
306 1 0.1 5.30376 2.44415 0.584938 0.00723969 -0.0165693 -0.00296195 -0.0167875 -0.100189 -0.183043 1 0 0 0 0 0 0 0
307 1 0.1 5.126 2.41501 0.666836 0.0112866 -0.00948167 -0.00130026 0.426527 0.230163 -0.0742832 1 0 0 0 0 0 0 0
308 1 0.1 5.22081 2.45321 0.331399 -0.00354037 0.00375807 0.00524552 -0.0897832 0.0214711 -0.0777511 1 0 0 0 0 0 0 0
309 1 0.1 4.93133 2.52604 0.627168 -0.00141707 0.0165853 0.00669609 -0.318931 -0.567082 -0.208967 1 0 0 0 0 0 0 0
310 1 0.1 5.53099 2.91221 0.370305 -0.0159523 -0.0163119 0.00474245 -0.15337 0.286221 -0.0782507 1 0 0 0 0 0 0 0
311 1 0.1 4.58013 2.88686 0.745107 -0.0399909 0.0018489 0.00429952 -0.0184719 0.0328848 0.0186701 1 0 0 0 0 0 0 0
312 1 0.1 4.5578 2.99929 0.581257 -0.00240617 -0.0127486 -0.0117665 -0.392968 0.188235 0.091151 1 0 0 0 0 0 0 0
313 1 0.1 5.09636 3.13348 0.344674 -0.0116775 0.00451319 0.0314331 -0.181975 0.380736 -0.0341068 1 0 0 0 0 0 0 0
314 1 0.1 5.24948 3.16846 0.137359 0.00480789 -0.0120522 0.000739571 0.0774732 0.0209913 0.0963043 1 0 0 0 0 0 0 0
315 1 0.1 5.18029 3.26275 0.470458 0.0235449 0.00463947 0.00304614 -0.0350541 0.0774468 -0.027737 1 0 0 0 0 0 0 0
316 1 0.1 5.60977 3.40648 0.307207 -0.0304069 -0.110959 -0.0570531 -1.13695 0.938025 -0.461269 1 0 0 0 0 0 0 0
317 1 0.1 5.16231 3.6062 0.419406 0.0341431 0.029574 0.00217793 0.573702 -0.535142 -0.0972215 1 0 0 0 0 0 0 0
318 1 0.1 5.4222 3.69211 0.382405 0.046868 -0.0950096 0.0715137 -0.193304 -0.0882504 0.414838 1 0 0 0 0 0 0 0
319 1 0.1 5.37448 3.8819 0.592233 -0.0118055 -0.00408943 0.0311497 0.191158 0.155094 0.593594 1 0 0 0 0 0 0 0
320 1 0.1 5.34744 4.08214 0.590238 -0.0393953 -0.015815 0.0637269 -0.532474 -0.627046 -0.27383 1 0 0 0 0 0 0 0
321 1 0.1 5.86408 3.97858 0.575812 -0.200928 -0.0580868 0.0676999 0.138072 0.988441 1.60411 1 0 0 0 0 0 0 0
322 1 0.1 5.65967 4.17715 0.65463 -0.0040202 -0.271493 0.26734 0.620411 -0.574319 -1.93209 1 0 0 0 0 0 0 0
323 1 0.1 5.92872 4.61707 0.451071 0.0535922 0.0143854 -0.00651677 0.330595 0.425835 0.17673 1 0 0 0 0 0 0 0
324 1 0.1 6.16339 5.14334 0.549639 0.0102296 0.00796892 -0.000390549 0.0329447 0.00730178 0.0614445 1 0 0 0 0 0 0 0
325 1 0.1 6.13961 1.12057 0.452283 -0.0374095 0.0352038 -0.0254949 -0.91812 -0.385445 1.04555 1 0 0 0 0 0 0 0
326 1 0.1 5.9071 1.37045 0.388726 -0.0192874 0.0130386 0.0165344 0.423569 -0.290967 0.0414735 1 0 0 0 0 0 0 0
327 1 0.1 6.01921 2.10028 0.330053 0.00606812 0.00666313 0.0358231 0.0744768 0.444042 0.248133 1 0 0 0 0 0 0 0
328 1 0.1 5.61093 2.27573 0.754573 0.00640074 -0.010069 -0.010131 -0.0432671 0.0618748 -0.0146403 1 0 0 0 0 0 0 0
329 1 0.1 5.94594 2.13944 0.587557 -0.00882338 0.0522402 -0.000875837 -0.334243 0.0093789 -0.213337 1 0 0 0 0 0 0 0
330 1 0.1 5.50981 2.30221 0.570792 0.00679188 -0.01741 -0.00199682 0.238786 -0.0481362 -0.0345679 1 0 0 0 0 0 0 0
331 1 0.1 5.75698 2.10574 0.532452 -0.00163292 -0.00470601 0.00167788 0.0556686 0.0262228 -0.0495842 1 0 0 0 0 0 0 0
332 1 0.1 5.89157 2.59105 0.762605 -0.00402282 0.000210104 -0.00106901 -0.0134146 0.0324822 0.00199597 1 0 0 0 0 0 0 0
333 1 0.1 5.79136 2.60531 0.441644 -0.0108486 0.0126088 -0.000420045 -0.117253 0.124928 0.0357718 1 0 0 0 0 0 0 0
334 1 0.1 5.49061 2.49037 0.635496 0.00313487 -0.0201209 0.0038483 -0.0966091 0.00418855 0.126877 1 0 0 0 0 0 0 0
335 1 0.1 5.06663 2.4855 0.485568 -0.0327019 0.00800332 -0.0316266 0.543595 -0.384663 0.567998 1 0 0 0 0 0 0 0
336 1 0.1 5.38545 2.81101 0.680427 0.00434603 -0.0309996 -0.00434018 0.00102861 -0.00740913 0.234534 1 0 0 0 0 0 0 0
337 1 0.1 5.1569 2.97649 0.586067 0.0461343 0.0182031 -0.00542527 0.102862 0.00226922 -0.0433605 1 0 0 0 0 0 0 0
338 1 0.1 5.39992 3.06476 0.315307 -0.0132276 -0.00553521 0.0156251 -0.0524408 0.301769 -0.0791441 1 0 0 0 0 0 0 0
339 1 0.1 5.4252 3.19279 0.470872 0.0224009 0.00256268 -0.009353 -0.0431944 0.109351 0.0371304 1 0 0 0 0 0 0 0
340 1 0.1 5.61268 3.25625 0.438081 0.0109838 -0.0314421 0.0222609 0.0236741 0.14538 -0.175686 1 0 0 0 0 0 0 0
341 1 0.1 5.33386 3.52191 0.55979 0.0367828 -0.0130346 -0.000369435 0.226015 0.648345 0.0851556 1 0 0 0 0 0 0 0
342 1 0.1 5.52109 3.5332 0.490922 0.063695 -0.0499357 0.026932 -0.713337 -0.118792 0.0233123 1 0 0 0 0 0 0 0
343 1 0.1 5.59967 3.72119 0.489481 0.111493 -0.0857875 0.0522424 -1.20187 0.590981 1.20775 1 0 0 0 0 0 0 0
344 1 0.1 5.6749 3.58826 0.617167 0.155338 -0.0337399 0.0816287 0.76597 -0.38057 -0.623923 1 0 0 0 0 0 0 0
345 1 0.1 5.82007 3.27848 0.762845 0.00388204 -0.0163364 0.005125 -0.131045 0.0907014 0.0990729 1 0 0 0 0 0 0 0
346 1 0.1 5.91831 3.69297 0.590605 0.570592 -0.272986 0.137736 0.793036 0.504362 5.64147 1 0 0 0 0 0 0 0
347 1 0.1 5.96831 3.8449 0.469693 -0.162201 -0.058542 0.101087 -0.399792 -0.905707 -0.635763 1 0 0 0 0 0 0 0
348 1 0.1 5.88317 4.85996 0.559501 0.0251079 0.0124987 0.00968288 -0.0443202 -0.0404113 0.0749837 1 0 0 0 0 0 0 0
349 1 0.1 6.05442 4.75061 0.529985 0.0418586 0.0140365 -0.00258751 0.110195 -0.00182811 0.199376 1 0 0 0 0 0 0 0
350 1 0.1 6.09477 1.4387 0.397903 -0.0072386 -0.0194173 -0.00800281 -0.0506963 0.707087 -0.338949 1 0 0 0 0 0 0 0
351 1 0.1 6.0858 1.61224 0.496877 0.011758 -0.013373 -0.00856804 0.186694 -0.0392713 0.035971 1 0 0 0 0 0 0 0
352 1 0.1 6.08747 1.78923 0.589623 -0.0439909 -0.00254153 -0.0240558 -0.360776 0.948688 1.06391 1 0 0 0 0 0 0 0
353 1 0.1 5.8512 1.97397 0.762531 0.00306169 -0.00690794 7.80573e-05 0.0250391 0.0500149 0.0493336 1 0 0 0 0 0 0 0
354 1 0.1 5.94263 2.78246 0.137304 -0.00877643 0.0122725 0.0005289 -0.121241 -0.0879915 -0.0414801 1 0 0 0 0 0 0 0
355 1 0.1 5.84984 2.97095 0.137416 0.00672472 -0.0202719 0.000439654 0.000482673 0.115 -0.0817075 1 0 0 0 0 0 0 0
356 1 0.1 5.69973 2.67707 0.763049 -0.00526611 0.00720786 0.00180735 -0.0479882 0.0532934 0.0830218 1 0 0 0 0 0 0 0
357 1 0.1 5.6922 2.72285 0.569075 -0.0131638 0.00217358 0.00323284 0.0156663 -0.0447746 0.185796 1 0 0 0 0 0 0 0
358 1 0.1 5.21679 2.89614 0.7568 0.0318118 -0.0191272 -0.0204996 0.381682 -0.204821 0.0118821 1 0 0 0 0 0 0 0
359 1 0.1 5.65314 2.75476 0.376092 -0.0134721 -0.00964219 0.00321984 0.00470811 0.00460186 0.323114 1 0 0 0 0 0 0 0
360 1 0.1 5.88217 3.01908 0.609233 0.00755068 -0.027224 -0.00379098 -0.398229 -0.376498 -0.00869826 1 0 0 0 0 0 0 0
361 1 0.1 5.73352 2.90691 0.68166 -0.00805428 -0.00956841 -0.00681523 -0.128449 -0.0610828 0.0310308 1 0 0 0 0 0 0 0
362 1 0.1 5.56227 2.8882 0.569991 0.00175416 -0.0279804 -0.00133778 -0.16549 -0.208619 0.2768 1 0 0 0 0 0 0 0
363 1 0.1 5.33601 2.96574 0.497991 0.0406402 -0.0320355 -0.0169912 -0.0552558 0.322985 -0.509576 1 0 0 0 0 0 0 0
364 1 0.1 5.56724 3.03609 0.762575 -0.0124138 -0.00537879 -0.00115036 -0.0681725 0.186231 0.0733352 1 0 0 0 0 0 0 0
365 1 0.1 5.46202 3.17565 0.665915 0.0042425 0.000442212 -0.00629882 0.0465795 -0.269467 -0.250542 1 0 0 0 0 0 0 0
366 1 0.1 5.72619 3.20457 0.594067 0.0151999 -0.0566008 0.00791108 -0.0300017 0.0709814 -0.295492 1 0 0 0 0 0 0 0
367 1 0.1 5.62448 3.23867 0.762598 0.00351545 -0.0207125 -0.00299747 -0.129539 -0.142352 -0.167096 1 0 0 0 0 0 0 0
368 1 0.1 5.67874 3.39131 0.646294 0.0584165 -0.0435496 -0.00018632 0.0179781 -0.311277 -0.246979 1 0 0 0 0 0 0 0
369 1 0.1 5.85991 3.50333 0.569288 0.209125 -0.164938 0.0202173 -0.845814 -1.22389 -3.44727 1 0 0 0 0 0 0 0
370 1 0.1 5.9878 3.3816 0.728322 0.0363267 -0.0528676 0.0595948 -0.322061 -0.921492 -0.415104 1 0 0 0 0 0 0 0
371 1 0.1 6.03287 3.147 0.578877 0.00151548 -0.0152959 0.00560896 0.152766 -0.224527 0.249291 1 0 0 0 0 0 0 0
372 1 0.1 5.97697 4.24619 0.39526 0.0335253 -0.0893294 0.00115582 0.803766 1.94591 0.781565 1 0 0 0 0 0 0 0
373 1 0.1 5.89595 4.42618 0.500516 0.151515 0.0192631 -0.00697094 -0.921631 1.14787 -0.687974 1 0 0 0 0 0 0 0
374 1 0.1 6.05321 4.52309 0.576354 0.140065 0.0677292 -0.0392104 1.12169 -0.627762 1.36664 1 0 0 0 0 0 0 0
375 1 0.1 5.92811 1.09299 0.755373 -0.0399133 0.0513418 -0.0154649 -0.0483659 0.159201 0.654174 1 0 0 0 0 0 0 0
376 1 0.1 5.83168 1.35844 0.586032 0.0056343 0.00294854 -0.00182127 0.0129019 0.0411905 0.15527 1 0 0 0 0 0 0 0
377 1 0.1 5.58166 1.43401 0.747882 -3.20476e-05 -9.84311e-05 -1.66799e-05 -0.000472948 -0.00701236 0.00472292 1 0 0 0 0 0 0 0
378 1 0.1 5.4399 1.57502 0.750061 0.00015432 -0.000288553 0.000160104 0.0042838 -6.92949e-05 -0.00854008 1 0 0 0 0 0 0 0
379 1 0.1 5.30021 1.71768 0.760003 -9.40507e-05 -0.000182817 -0.00207071 -0.03365 0.00446013 0.00642995 1 0 0 0 0 0 0 0
380 1 0.1 5.15894 1.85899 0.764098 -0.000268821 0.000654998 -0.00628142 -0.0815224 0.0603679 0.0202522 1 0 0 0 0 0 0 0
381 1 0.1 5.2296 1.85321 0.581391 -0.00683269 -0.00919668 -0.0111832 -0.011487 -0.0274606 0.0186246 1 0 0 0 0 0 0 0
382 1 0.1 4.8528 2.17412 0.762751 0.00563303 -0.00494986 0.000928086 -0.0719122 -0.0307714 -0.036367 1 0 0 0 0 0 0 0
383 1 0.1 4.66431 2.35466 0.764573 0.00962625 -0.00364857 0.0133756 -0.154759 -0.172867 -0.0627002 1 0 0 0 0 0 0 0
384 1 0.1 4.74506 2.46517 0.621206 0.00360075 0.00432884 0.000663741 -0.0235082 0.87575 0.114415 1 0 0 0 0 0 0 0
385 1 0.1 4.31133 2.71108 0.591091 0.00713027 -0.00794314 -0.0179121 -0.206344 0.514632 0.0967314 1 0 0 0 0 0 0 0
386 1 0.1 4.21971 2.80293 0.749933 -0.000166103 -0.000116607 0.000839856 0.00377265 -0.00573048 0.00977185 1 0 0 0 0 0 0 0
387 1 0.1 4.19721 3.04523 0.479312 -0.0151342 0.00566993 -0.000250864 -0.023041 -0.255642 0.0271976 1 0 0 0 0 0 0 0
388 1 0.1 4.1893 3.00029 0.759896 0.000337958 -0.00129891 0.00110719 0.00378001 -0.00857429 -0.00810509 1 0 0 0 0 0 0 0
389 1 0.1 4.66183 3.30258 0.489781 -0.0391738 0.039214 0.0189587 -0.771402 0.513188 -0.410336 1 0 0 0 0 0 0 0
390 1 0.1 4.49692 3.47351 0.750085 -0.00333595 -0.00321598 -0.000173392 -0.00159684 -0.00407325 -0.043804 1 0 0 0 0 0 0 0
391 1 0.1 4.65371 3.63049 0.763329 -0.0141053 -0.00764467 -0.00266591 -0.081393 0.131169 -0.115005 1 0 0 0 0 0 0 0
392 1 0.1 4.87077 3.85105 0.562607 0.00436297 0.0057815 0.0138839 0.057514 -0.15954 0.0548057 1 0 0 0 0 0 0 0
393 1 0.1 4.92831 3.9046 0.754336 -0.0232923 -0.0119431 -0.0424628 0.341665 0.243069 -0.223711 1 0 0 0 0 0 0 0
394 1 0.1 5.06997 4.04526 0.756378 -0.023285 -0.0180836 -0.028181 0.202577 0.0944426 0.20306 1 0 0 0 0 0 0 0
395 1 0.1 5.212 4.18549 0.763401 -0.0228978 -0.0272076 0.00285641 -0.273866 0.264869 -0.318942 1 0 0 0 0 0 0 0
396 1 0.1 5.49038 4.2479 0.57575 0.195861 0.0684785 0.127699 1.31665 -2.10321 0.0153718 1 0 0 0 0 0 0 0
397 1 0.1 5.36703 4.35092 0.74996 -0.00560193 -0.0144969 0.0101736 -0.0641878 -0.0669447 -0.157577 1 0 0 0 0 0 0 0
398 1 0.1 5.67838 4.64956 0.720276 0.0291614 0.0171985 -0.0138598 -0.079373 -0.115736 0.37665 1 0 0 0 0 0 0 0
399 1 0.1 5.81378 4.79195 0.752793 0.018508 0.0191939 -0.00231535 0.0680457 -0.0160226 -0.149127 1 0 0 0 0 0 0 0
400 1 0.1 6.13917 0.884997 0.762522 -0.0156603 0.0227575 -0.000401017 -0.00564463 -0.00329954 0.287127 1 0 0 0 0 0 0 0
401 1 0.1 5.7227 1.29227 0.750022 -0.000113981 0.000198198 -5.11297e-06 0.00697488 0.00465552 -0.00525025 1 0 0 0 0 0 0 0
402 1 0.1 5.64905 1.67621 0.76322 -0.0014665 0.00324073 0.000318413 0.044283 0.036586 -0.0973639 1 0 0 0 0 0 0 0
403 1 0.1 5.76521 1.72481 0.499259 0.00965549 -0.0113662 -0.0032696 0.0725447 -0.0811761 0.000783735 1 0 0 0 0 0 0 0
404 1 0.1 5.48561 1.79173 0.76258 0.00557612 -0.0137906 0.000271167 -0.11795 -0.0928056 -0.147927 1 0 0 0 0 0 0 0
405 1 0.1 5.33051 1.95466 0.728185 0.00529367 -0.00162713 0.0198622 -0.0173239 0.143162 0.0629358 1 0 0 0 0 0 0 0
406 1 0.1 5.1865 2.08903 0.762535 -0.00603782 -0.00755821 -0.000913712 0.190519 -0.235917 -0.243599 1 0 0 0 0 0 0 0
407 1 0.1 5.3299 2.22001 0.598158 0.00435437 -0.0103 -0.00204027 -0.174532 0.0750404 -0.0479355 1 0 0 0 0 0 0 0
408 1 0.1 4.86749 2.39736 0.763564 0.0027773 0.0229642 0.00503863 0.20844 0.268641 0.211099 1 0 0 0 0 0 0 0
409 1 0.1 4.80267 2.59055 0.763511 0.00061904 0.026141 -0.0040718 0.260478 0.0160163 0.362617 1 0 0 0 0 0 0 0
410 1 0.1 4.38149 2.63722 0.762686 -0.00220629 -0.00908408 -0.00444983 -0.0487328 -0.0013485 -0.0556928 1 0 0 0 0 0 0 0
411 1 0.1 4.38677 3.02889 0.762609 0.00104172 -0.0018231 0.0039443 -0.0139562 -0.0198063 0.0173928 1 0 0 0 0 0 0 0
412 1 0.1 4.56113 3.28454 0.759796 -0.00631613 -0.00175417 0.00183352 -0.0201425 0.00234354 0.0331767 1 0 0 0 0 0 0 0
413 1 0.1 4.75117 3.25652 0.694135 0.00462942 0.00617725 -0.0281533 0.341061 -0.0171266 0.0489803 1 0 0 0 0 0 0 0
414 1 0.1 4.82689 3.1908 0.480385 0.0469184 0.0862666 -0.050945 0.144947 0.769329 1.29361 1 0 0 0 0 0 0 0
415 1 0.1 4.70606 3.53952 0.387095 0.00219017 -0.000356125 -0.017289 0.12394 -0.114298 0.906975 1 0 0 0 0 0 0 0
416 1 0.1 4.98542 3.63502 0.763326 -0.00563006 -0.0217858 -0.000444486 -0.214469 0.0371175 0.283567 1 0 0 0 0 0 0 0
417 1 0.1 4.81188 3.74541 0.723025 -0.0331699 0.00181115 -0.0437655 0.219524 0.481868 0.215973 1 0 0 0 0 0 0 0
418 1 0.1 4.91827 3.65841 0.577001 0.0267781 0.000793927 -0.0165727 0.321237 -0.294739 0.146034 1 0 0 0 0 0 0 0
419 1 0.1 5.11489 3.83354 0.758476 -0.0256547 -0.0178454 -0.0578555 -0.0425141 -0.20308 0.171947 1 0 0 0 0 0 0 0
420 1 0.1 5.4864 4.19157 0.764334 -0.0055353 -0.0253877 0.0361898 -0.212138 0.0753796 0.0816656 1 0 0 0 0 0 0 0
421 1 0.1 5.56266 4.38479 0.726746 -0.0493704 0.167 -0.102114 0.105812 1.2253 2.00016 1 0 0 0 0 0 0 0
422 1 0.1 5.77187 4.48203 0.765526 0.0608157 0.0384537 0.0121027 -0.284946 -0.02401 -0.117088 1 0 0 0 0 0 0 0
423 1 0.1 5.87372 4.59468 0.638979 0.0701318 -0.000653538 -0.00884851 -0.30251 -0.255261 0.195755 1 0 0 0 0 0 0 0
424 1 0.1 6.09595 5.07429 0.748806 0.0313195 0.0100222 -0.00372231 -0.0654197 0.039251 -0.188887 1 0 0 0 0 0 0 0
425 1 0.1 6.27835 0.741978 0.749985 -0.0156493 0.0214099 9.48164e-05 -0.0127314 -0.00392291 0.124375 1 0 0 0 0 0 0 0
426 1 0.1 5.91643 1.39749 0.76284 0.00699502 -7.80341e-05 -0.00128221 0.0145145 -0.0705479 0.148134 1 0 0 0 0 0 0 0
427 1 0.1 5.81895 1.5717 0.75332 -0.00584936 -0.00599231 -0.00380071 -0.00480772 0.00543897 -0.00216363 1 0 0 0 0 0 0 0
428 1 0.1 6.0078 1.84987 0.762562 0.00381356 -0.00637441 0.000138095 -0.0571186 -0.0351298 -0.0430873 1 0 0 0 0 0 0 0
429 1 0.1 5.82185 1.77634 0.76254 0.00461149 -0.00699031 0.00040808 -0.02086 -0.00363877 -0.0254318 1 0 0 0 0 0 0 0
430 1 0.1 5.65635 1.89529 0.762604 0.0006642 -0.00598242 -0.00013347 -0.0619078 -0.00516051 0.238858 1 0 0 0 0 0 0 0
431 1 0.1 5.40646 2.13634 0.762622 0.00420013 0.00133693 0.00112987 0.00905636 -0.0311115 -0.0187271 1 0 0 0 0 0 0 0
432 1 0.1 5.02712 2.27081 0.762685 0.00503834 -0.00707329 0.00143699 -0.0767896 -0.033803 0.0295569 1 0 0 0 0 0 0 0
433 1 0.1 5.41124 2.52382 0.436335 -0.0032918 0.0101483 0.00369313 0.00120523 -0.0678833 0.036705 1 0 0 0 0 0 0 0
434 1 0.1 5.08104 2.59181 0.738335 0.0167144 -0.0138385 -0.000358147 -0.340581 -0.3365 0.0672517 1 0 0 0 0 0 0 0
435 1 0.1 4.74996 2.783 0.762646 -0.032039 0.0165631 0.00251896 -0.0778985 0.0209187 -0.0518904 1 0 0 0 0 0 0 0
436 1 0.1 4.52223 2.49519 0.758327 0.00407868 -0.00435004 -0.000863958 0.0010435 0.00725805 -0.0525361 1 0 0 0 0 0 0 0
437 1 0.1 4.73984 3.07269 0.616915 0.00517735 0.00141111 -0.0323534 -0.316261 -0.223274 -0.124724 1 0 0 0 0 0 0 0
438 1 0.1 4.90671 3.15014 0.762551 -0.00136926 0.00183008 0.000129426 0.0108621 0.00266902 -0.0437429 1 0 0 0 0 0 0 0
439 1 0.1 4.69262 3.43482 0.762534 -0.00219346 -0.00652255 -0.000786571 -0.0291637 0.00597967 0.0177114 1 0 0 0 0 0 0 0
440 1 0.1 5.03039 3.30696 0.762517 0.00558978 -0.00473601 0.000235631 -0.0507378 -0.0478761 -0.0527369 1 0 0 0 0 0 0 0
441 1 0.1 5.11484 3.66111 0.613152 0.0133883 0.0213829 0.0312606 0.225317 -0.290637 -0.0130002 1 0 0 0 0 0 0 0
442 1 0.1 5.28876 3.71342 0.529499 0.0245013 -0.0138509 0.0417154 -0.0687958 0.258208 -0.0704753 1 0 0 0 0 0 0 0
443 1 0.1 5.44859 3.80927 0.76328 0.05636 -0.0378973 0.00229826 -0.413433 -0.530278 0.117442 1 0 0 0 0 0 0 0
444 1 0.1 5.47847 3.99945 0.714983 0.00363813 -0.0160479 0.0145815 0.632091 1.04118 0.296789 1 0 0 0 0 0 0 0
445 1 0.1 5.66405 3.98431 0.591483 0.437476 -0.413869 -0.056466 0.853405 1.09959 2.59979 1 0 0 0 0 0 0 0
446 1 0.1 5.79666 4.28401 0.753423 -0.119509 0.0106852 0.126375 -1.0892 0.572138 -0.597105 1 0 0 0 0 0 0 0
447 1 0.1 5.95934 4.41293 0.762151 0.0485503 -0.0158558 -0.0025871 -0.0128101 0.202482 -0.530561 1 0 0 0 0 0 0 0
448 1 0.1 5.99047 4.6975 0.762997 0.0246302 0.0162723 0.00308908 0.0443314 -0.0324625 0.00724857 1 0 0 0 0 0 0 0
449 1 0.1 6.23684 5.21595 0.750023 0.0238705 0.0176026 0.000555615 0.0703965 -0.0964395 0.297145 1 0 0 0 0 0 0 0
450 1 0.1 6.11691 1.10387 0.690502 -0.0244639 -0.0199279 0.0183052 -0.614467 -0.554185 -1.18126 1 0 0 0 0 0 0 0
451 1 0.1 5.98819 1.2509 0.64813 0.00152647 -0.00262838 -0.00268757 0.0495727 -0.0760955 -0.206909 1 0 0 0 0 0 0 0
452 1 0.1 6.01862 1.56939 0.762501 -0.00566634 0.00787603 -3.62017e-06 -0.0221711 -0.0418658 0.141747 1 0 0 0 0 0 0 0
453 1 0.1 5.92039 1.68056 0.617339 0.00483959 -0.00920418 0.00360894 -0.00694447 -0.011213 0.0105614 1 0 0 0 0 0 0 0
454 1 0.1 5.69116 2.09323 0.762577 0.00232963 -0.00948386 -0.000122372 -0.0879361 -0.0143085 -0.0226934 1 0 0 0 0 0 0 0
455 1 0.1 5.4254 2.34848 0.762502 0.00882616 -0.00956228 -0.000616876 -0.0360714 0.0693841 -0.00372805 1 0 0 0 0 0 0 0
456 1 0.1 5.2368 2.28239 0.763346 0.00708118 -0.00996009 0.00032734 -0.410119 -0.292949 0.0453762 1 0 0 0 0 0 0 0
457 1 0.1 5.72951 2.30105 0.501815 0.00962451 -0.000592504 0.0134531 0.0550221 0.00948982 -0.0715645 1 0 0 0 0 0 0 0
458 1 0.1 5.33771 2.52763 0.762737 -0.00234894 -0.0164957 -0.0010004 0.0690205 -0.149499 0.159121 1 0 0 0 0 0 0 0
459 1 0.1 5.49689 2.64847 0.762531 -0.0112543 -0.00311021 0.00148044 0.0309555 0.0836694 -0.0634814 1 0 0 0 0 0 0 0
460 1 0.1 5.19694 2.61171 0.577347 0.0218652 -0.00916157 0.00827432 -0.0629029 0.0331177 -0.181451 1 0 0 0 0 0 0 0
461 1 0.1 4.99865 2.77802 0.764215 -0.0165326 0.00898584 0.00389777 0.0196193 -0.0385631 1.86042 1 0 0 0 0 0 0 0
462 1 0.1 4.8266 2.96726 0.762588 -0.0189343 0.0109327 -0.00273442 0.0121562 -0.0362545 -0.13795 1 0 0 0 0 0 0 0
463 1 0.1 5.27657 3.13504 0.589995 0.0356041 0.00619873 0.00130016 -0.0499639 0.0400554 0.0689775 1 0 0 0 0 0 0 0
464 1 0.1 5.05995 3.15392 0.59437 -0.0245496 -0.00162312 0.0447874 0.368469 -0.391551 -0.368005 1 0 0 0 0 0 0 0
465 1 0.1 5.14998 3.44465 0.547838 0.0261458 -0.00710656 0.0415838 -0.0917842 -0.107963 -0.161856 1 0 0 0 0 0 0 0
466 1 0.1 5.273 3.71141 0.758906 -0.0145891 -0.00303314 -0.0210649 -0.0821125 -0.162811 0.0128941 1 0 0 0 0 0 0 0
467 1 0.1 5.45593 3.66522 0.62617 0.0497671 -0.0281359 -0.00248198 0.474704 0.302363 0.0140037 1 0 0 0 0 0 0 0
468 1 0.1 5.63543 3.75294 0.72313 0.0819534 0.0190587 -0.0224043 -0.200003 1.03105 0.723885 1 0 0 0 0 0 0 0
469 1 0.1 5.73608 3.92144 0.763824 0.343749 -0.194561 0.0216499 -1.88052 -3.29466 0.484618 1 0 0 0 0 0 0 0
470 1 0.1 5.91565 3.8457 0.719817 0.37226 -0.142402 0.0222943 1.68664 3.02983 -0.266671 1 0 0 0 0 0 0 0
471 1 0.1 5.84375 4.08968 0.754224 0.00155604 0.0382443 0.0678688 0.503124 0.667999 2.9327 1 0 0 0 0 0 0 0
472 1 0.1 6.01024 4.21956 0.762549 -0.045812 -0.0456585 -0.00029878 -0.0947303 0.071359 -0.422853 1 0 0 0 0 0 0 0
473 1 0.1 5.9546 4.93324 0.75117 0.0244196 0.0165218 0.00359948 -0.0203736 -0.0202964 0.0964415 1 0 0 0 0 0 0 0
474 1 0.1 6.12713 4.87316 0.669966 0.0255653 0.0132907 0.00455581 0.0807383 0.103502 0.164869 1 0 0 0 0 0 0 0
475 1 0.1 6.1124 1.35805 0.762513 0.00425283 -0.00885527 0.000453426 -0.0748452 0.0076224 -0.174312 1 0 0 0 0 0 0 0
476 1 0.1 6.00579 1.45727 0.594469 0.00560131 -0.0100475 -0.0075062 -0.169403 0.0819385 -0.147049 1 0 0 0 0 0 0 0
477 1 0.1 6.03588 2.10528 0.762615 -0.0076713 0.0339536 -0.00189151 0.334897 0.0776799 -0.199997 1 0 0 0 0 0 0 0
478 1 0.1 5.85697 2.20475 0.756837 -0.0163623 0.0171306 -0.0163813 -0.0481829 0.115309 0.349012 1 0 0 0 0 0 0 0
479 1 0.1 5.8249 2.40204 0.762646 0.00984767 0.0211414 -0.000586485 0.220516 -0.113113 0.0808754 1 0 0 0 0 0 0 0
480 1 0.1 5.95537 3.13125 0.762529 -0.00511787 -0.0251532 0.000802572 -0.159565 0.124332 0.0330104 1 0 0 0 0 0 0 0
481 1 0.1 5.87425 2.79024 0.762519 -0.00654324 -5.03208e-05 0.000115913 0.00776532 0.0440133 0.0236044 1 0 0 0 0 0 0 0
482 1 0.1 5.64373 2.48553 0.76265 0.00337338 0.00569076 0.000375056 -0.0439002 0.0294808 0.0902838 1 0 0 0 0 0 0 0
483 1 0.1 5.69577 2.48582 0.570064 -0.000981831 0.00422068 -4.77196e-05 0.0600625 0.00498023 0.0235425 1 0 0 0 0 0 0 0
484 1 0.1 5.56561 2.83618 0.762763 -0.00391747 -0.00595641 0.000486215 -0.019742 0.0788838 0.00785679 1 0 0 0 0 0 0 0
485 1 0.1 5.33838 3.05321 0.762554 0.0134944 0.00271012 -0.00248718 -0.105814 0.404333 0.253959 1 0 0 0 0 0 0 0
486 1 0.1 5.24173 2.70208 0.764596 0.00491644 -0.0130821 0.00727508 -0.728859 0.0431441 -0.206874 1 0 0 0 0 0 0 0
487 1 0.1 5.11077 3.0628 0.763351 0.00495461 -0.0464878 0.00397828 -0.130839 0.213523 0.375335 1 0 0 0 0 0 0 0
488 1 0.1 5.23792 3.2256 0.763657 0.00400594 -0.00141853 0.00208855 -0.0486059 -0.057865 -0.0892238 1 0 0 0 0 0 0 0
489 1 0.1 5.30307 3.33214 0.610185 0.0334002 -0.0111675 0.00315082 -0.103824 -0.0473437 -0.219692 1 0 0 0 0 0 0 0
490 1 0.1 5.43896 3.34868 0.762649 0.00914271 0.00465196 -0.00151973 0.157983 -0.0618413 -0.0169035 1 0 0 0 0 0 0 0
491 1 0.1 5.14514 3.51496 0.762576 -0.00410572 -0.0237502 -0.00253116 -0.235751 0.0261381 0.13624 1 0 0 0 0 0 0 0
492 1 0.1 5.34475 3.52489 0.761771 -0.00214018 0.00141085 0.00100893 -0.0601774 -0.0766422 0.125156 1 0 0 0 0 0 0 0
493 1 0.1 5.76026 3.08778 0.762473 -0.007567 -0.0128664 -0.00272542 0.12543 -0.169289 -0.152693 1 0 0 0 0 0 0 0
494 1 0.1 5.54358 3.54888 0.76268 0.0358181 -0.0411832 -0.00687623 -0.434966 -0.302228 -0.245939 1 0 0 0 0 0 0 0
495 1 0.1 5.81584 3.67791 0.762591 0.12695 -0.000147245 -0.0293068 -0.233188 -0.140859 -0.758164 1 0 0 0 0 0 0 0
496 1 0.1 5.81603 3.47811 0.76253 0.03277 -0.0122796 -0.000604657 0.0202625 -0.0992452 -0.184589 1 0 0 0 0 0 0 0
497 1 0.1 6.01945 4.10188 0.6011 -0.184754 -0.0481755 -0.0122192 -0.026224 0.140938 -1.5417 1 0 0 0 0 0 0 0
498 1 0.1 6.12547 4.52424 0.762575 0.0400688 0.00643462 -0.000566603 0.074884 -0.419312 0.0348296 1 0 0 0 0 0 0 0
499 1 0.1 6.19714 4.7108 0.762676 0.0264276 0.0113353 9.87305e-05 0.102947 -0.277487 -0.0802975 1 0 0 0 0 0 0 0
