500
0 1 0.1 5.99928 1.02033 0.152343 0.00175174 0.000336467 -0.00145353 -0.00930354 -0.00430027 -0.0191597 1 0 0 0 0 0 0 0
1 1 0.1 5.85818 1.16159 0.146805 0.000405156 -0.00184161 -0.000587243 -0.00598138 0.00532442 -0.0438629 1 0 0 0 0 0 0 0
2 1 0.1 5.69376 1.33287 0.137121 4.73678e-05 -0.00167582 0.000107212 0.105424 -0.0128624 0.0854967 1 0 0 0 0 0 0 0
3 1 0.1 5.32609 1.69705 0.151677 -0.0106815 0.00773604 -0.00254181 -0.000281139 0.0403734 0.129309 1 0 0 0 0 0 0 0
4 1 0.1 5.47029 1.80521 0.28495 -0.0107153 0.00187071 -0.00986105 -0.227057 -0.232802 0.123448 1 0 0 0 0 0 0 0
5 1 0.1 5.08759 1.93173 0.137304 0.000938117 -0.00137293 -0.000575386 -0.0853902 -0.0491594 0.0213968 1 0 0 0 0 0 0 0
6 1 0.1 4.9448 2.0702 0.149286 0.00216099 -0.00500428 -0.000886118 0.0812022 0.0596995 -0.0133463 1 0 0 0 0 0 0 0
7 1 0.1 4.80416 2.21132 0.150327 0.00806039 -0.00668411 0.0117452 0.0159306 0.0290188 -0.0348495 1 0 0 0 0 0 0 0
8 1 0.1 4.63914 2.66627 0.134966 0.0045735 -0.0247454 -0.00671328 0.155447 -0.0267701 0.277505 1 0 0 0 0 0 0 0
9 1 0.1 4.65618 2.5237 0.272142 -0.013939 -0.0204247 0.00170012 -0.310929 0.0517079 -0.604008 1 0 0 0 0 0 0 0
10 1 0.1 4.21756 2.80734 0.142786 0.00218117 0.00160085 -0.015505 0.0219755 0.237567 0.0321806 1 0 0 0 0 0 0 0
11 1 0.1 4.1941 2.84396 0.360556 4.11054e-05 -0.000194473 0.00309258 -0.143894 -0.0152619 0.0428485 1 0 0 0 0 0 0 0
12 1 0.1 4.18785 3.0041 0.149242 0.00179778 0.000192446 -0.000564069 0.110996 0.0458551 -0.0598363 1 0 0 0 0 0 0 0
13 1 0.1 4.2253 3.2046 0.148139 -0.00198344 -0.01056 -0.000369629 0.379626 -0.206582 -0.378899 1 0 0 0 0 0 0 0
14 1 0.1 4.38486 3.31766 0.136451 0.016369 -0.0266035 0.00340434 -0.0204804 0.287758 0.214153 1 0 0 0 0 0 0 0
15 1 0.1 4.52301 3.45923 0.154592 -0.00550505 -0.000433686 -0.0270022 0.0121932 0.0927466 0.141599 1 0 0 0 0 0 0 0
16 1 0.1 4.72503 3.43652 0.136887 0.000706772 0.00253966 -0.0113404 -0.191644 -0.115835 0.171909 1 0 0 0 0 0 0 0
17 1 0.1 4.64285 3.61697 0.138923 0.00112187 -0.00189411 -0.0152976 0.172067 -0.0397364 -0.211511 1 0 0 0 0 0 0 0
18 1 0.1 4.78327 3.75694 0.138897 -0.00153242 -0.000718666 0.000422831 0.0112714 -0.0188671 0.107868 1 0 0 0 0 0 0 0
19 1 0.1 4.92327 3.89877 0.146325 -0.000614413 0.000956747 0.00287464 -0.00612793 -0.0172974 -0.0251402 1 0 0 0 0 0 0 0
20 1 0.1 5.06367 4.04052 0.1496 0.000362664 -8.3292e-05 9.71462e-06 -0.0187355 0.0296968 -0.00829829 1 0 0 0 0 0 0 0
21 1 0.1 5.20551 4.18132 0.147599 0.000256473 0.000326212 -0.000136931 0.0316346 -0.0256338 0.0132756 1 0 0 0 0 0 0 0
22 1 0.1 5.57352 4.55419 0.149979 -0.00128498 -9.65056e-05 -0.000697815 0.00296014 0.00127551 -0.00590852 1 0 0 0 0 0 0 0
23 1 0.1 5.71828 4.70063 0.150033 -0.00210635 -0.0030442 -3.7029e-05 -0.00251074 0.010857 -0.0566087 1 0 0 0 0 0 0 0
24 1 0.1 6.00103 4.98329 0.150002 -0.00226227 -0.00341799 -0.000231391 0.00216166 0.00119333 -0.0422145 1 0 0 0 0 0 0 0
25 1 0.1 6.14025 0.878622 0.14997 9.88779e-05 -0.000311032 -0.000170106 -0.00363552 -0.00101878 -0.000522594 1 0 0 0 0 0 0 0
26 1 0.1 5.89456 1.35785 0.137098 0.0109454 -0.000596616 0.000459477 0.00910421 0.104175 -0.0815651 1 0 0 0 0 0 0 0
27 1 0.1 5.85176 1.56072 0.137364 0.00681929 3.29443e-05 -0.00135614 0.00497704 0.0628367 0.0682079 1 0 0 0 0 0 0 0
28 1 0.1 5.55578 1.48476 0.136696 -0.00119908 -0.00366249 0.000324049 0.285663 -0.0874121 -0.0498281 1 0 0 0 0 0 0 0
29 1 0.1 5.59711 1.84607 0.137228 0.00260639 -0.00302194 0.000699913 0.0319422 0.012056 0.00389681 1 0 0 0 0 0 0 0
30 1 0.1 5.31616 1.89613 0.137372 -0.0161967 0.00723418 0.00159154 0.0487598 -0.226746 -0.0616983 1 0 0 0 0 0 0 0
31 1 0.1 5.24093 2.08127 0.136861 -0.00843201 0.011962 -0.00439547 -0.107242 -0.0800866 -0.0572072 1 0 0 0 0 0 0 0
32 1 0.1 4.99477 2.27029 0.137446 0.013316 -0.0322153 0.00100338 -0.0197749 -0.0241357 -0.0461397 1 0 0 0 0 0 0 0
33 1 0.1 4.51214 2.51147 0.136945 -0.00696351 0.00229883 0.00118518 -0.0321466 -0.0535372 0.028267 1 0 0 0 0 0 0 0
34 1 0.1 4.9519 2.81071 0.136692 0.00945733 0.0101644 0.00349209 -0.372564 -0.0739746 -0.219823 1 0 0 0 0 0 0 0
35 1 0.1 4.36789 2.65762 0.137147 0.00264372 -0.000958951 -0.00387823 -0.0465261 0.0654067 0.0106646 1 0 0 0 0 0 0 0
36 1 0.1 5.07591 2.9083 0.288136 -0.0137934 -0.0105157 0.00643742 -0.227337 0.319635 -0.571933 1 0 0 0 0 0 0 0
37 1 0.1 4.40081 2.8847 0.147648 0.0141652 -0.0336887 -0.0103108 -0.156187 -0.0788016 -0.0260082 1 0 0 0 0 0 0 0
38 1 0.1 4.40407 3.11716 0.13687 -0.00519225 -0.032411 -0.00323124 0.311651 -0.0426051 0.369952 1 0 0 0 0 0 0 0
39 1 0.1 4.57131 3.24758 0.146648 0.030309 -0.00205039 0.0154666 -0.553213 -0.20541 0.0467334 1 0 0 0 0 0 0 0
40 1 0.1 4.83465 3.27103 0.148099 0.0528621 0.0424387 -0.00462383 0.277378 0.127269 0.0987153 1 0 0 0 0 0 0 0
41 1 0.1 4.96463 3.67336 0.137091 0.000286631 0.000559441 0.00157684 -0.0417201 0.091609 -0.0375175 1 0 0 0 0 0 0 0
42 1 0.1 5.1596 3.71474 0.139255 -0.00397521 -0.00143863 -0.00826542 0.0157035 0.0111912 0.0213485 1 0 0 0 0 0 0 0
43 1 0.1 5.11192 3.88286 0.306513 -0.00386477 0.00160431 -0.00196456 -0.0260791 0.00209559 -0.0692238 1 0 0 0 0 0 0 0
44 1 0.1 5.40113 3.97425 0.137283 -0.00130279 -0.00197378 0.000729233 0.00926984 -0.0136454 0.00231149 1 0 0 0 0 0 0 0
45 1 0.1 5.48852 4.21256 0.13738 -0.00138012 -0.00166112 0.000372141 0.00626808 0.00602667 0.0471531 1 0 0 0 0 0 0 0
46 1 0.1 5.62252 4.3608 0.137471 -0.00557446 0.000644847 0.000617514 -0.0145588 -0.0322883 -0.0164058 1 0 0 0 0 0 0 0
47 1 0.1 5.77397 4.50911 0.136597 -0.00154013 -0.00243257 0.000870239 -0.0012817 0.000715255 -0.0152486 1 0 0 0 0 0 0 0
48 1 0.1 5.85967 4.84189 0.14995 -0.00180693 -0.0036983 -0.000815916 0.00558545 0.00100349 0.0414246 1 0 0 0 0 0 0 0
49 1 0.1 6.14245 5.12469 0.150042 -0.00221295 -0.00343598 5.46351e-05 0.0082557 -0.00580634 -0.0468364 1 0 0 0 0 0 0 0
50 1 0.1 6.28165 0.737247 0.150011 -6.90497e-05 -0.000176305 -5.67637e-06 0.000469105 0.000660332 0.00278186 1 0 0 0 0 0 0 0
51 1 0.1 6.04647 1.22793 0.137498 0.00296982 -0.00728044 -0.000206721 -0.10635 -0.0286101 -0.0446915 1 0 0 0 0 0 0 0
52 1 0.1 5.96256 1.78634 0.137487 0.00128961 -0.000140544 -0.000134941 0.00369875 0.00967361 -0.00610124 1 0 0 0 0 0 0 0
53 1 0.1 5.76759 1.74214 0.137157 0.00275972 -0.00203433 -0.000359587 0.0120818 0.031731 0.0190776 1 0 0 0 0 0 0 0
54 1 0.1 5.75143 1.97268 0.137233 -0.000993525 0.00102571 2.66075e-05 -0.0256035 0.0115278 -0.0699962 1 0 0 0 0 0 0 0
55 1 0.1 5.44119 2.01811 0.234268 -0.0115143 0.000756608 0.00614492 -0.119069 0.108899 -0.101435 1 0 0 0 0 0 0 0
56 1 0.1 5.40855 2.18985 0.137433 -0.000153925 -0.001612 -0.000864355 0.0227781 -0.00906592 -0.096977 1 0 0 0 0 0 0 0
57 1 0.1 5.26873 2.26145 0.268387 -0.0027662 0.0549731 0.0483937 -0.44677 0.655624 -0.845584 1 0 0 0 0 0 0 0
58 1 0.1 4.87185 2.38951 0.2405 0.00364419 -0.0216081 -0.0187656 -0.21146 -0.0983347 0.0732029 1 0 0 0 0 0 0 0
59 1 0.1 4.70102 2.38114 0.136295 0.0121616 -0.0119079 -0.00393394 0.127703 0.126807 0.0243334 1 0 0 0 0 0 0 0
60 1 0.1 5.15666 2.72483 0.282995 0.0267689 -0.00549511 0.00238567 0.0177893 0.0861228 0.0596492 1 0 0 0 0 0 0 0
61 1 0.1 4.74274 2.83723 0.139809 -0.0232832 -0.006383 -0.0421599 -0.820637 -0.751451 -0.519665 1 0 0 0 0 0 0 0
62 1 0.1 4.87539 2.99362 0.136135 0.0352645 0.0140398 -0.015179 -0.472582 -0.125838 -0.029658 1 0 0 0 0 0 0 0
63 1 0.1 4.58542 2.96061 0.13828 -0.00971154 0.00969282 -0.0872572 0.247737 0.627935 0.312159 1 0 0 0 0 0 0 0
64 1 0.1 4.71816 3.11303 0.134566 0.0728809 0.0358344 -0.00228415 0.338144 0.748115 0.117289 1 0 0 0 0 0 0 0
65 1 0.1 4.87688 3.59533 0.307797 -0.00246523 0.00384756 0.0344539 -1.06083 -0.523184 -0.280336 1 0 0 0 0 0 0 0
66 1 0.1 5.31143 3.57102 0.137425 -0.0195954 -0.0116946 0.000918029 -0.0491115 0.00751396 0.0308249 1 0 0 0 0 0 0 0
67 1 0.1 5.35222 3.7664 0.137027 -0.00627795 -0.0100571 -3.1677e-05 0.060275 -0.0516263 -0.0949437 1 0 0 0 0 0 0 0
68 1 0.1 5.21283 3.90889 0.136955 -0.000560093 -0.00178699 -0.000320528 0.0273642 -0.00269414 -0.00257925 1 0 0 0 0 0 0 0
69 1 0.1 5.58122 3.98306 0.36856 -0.00963391 -0.0219347 -0.00185072 0.00520963 -0.0188448 -0.165186 1 0 0 0 0 0 0 0
70 1 0.1 5.62093 4.17144 0.294958 -0.00228119 -0.00120021 -0.000154565 0.0037507 0.051753 0.0501763 1 0 0 0 0 0 0 0
71 1 0.1 5.74187 4.19251 0.137416 -0.00467989 0.000698293 -0.00307198 0.00755271 -0.00840947 -0.0075151 1 0 0 0 0 0 0 0
72 1 0.1 5.87825 4.33855 0.137484 -0.000562145 -0.000839838 -0.000599285 0.00994224 0.00345725 -0.0227765 1 0 0 0 0 0 0 0
73 1 0.1 6.13997 4.83033 0.13726 0.00215254 -0.00172397 0.000373761 0.0831557 -0.0493692 -0.0278112 1 0 0 0 0 0 0 0
74 1 0.1 6.37895 5.35791 0.150005 -0.000233075 -0.000157127 -0.000123928 0.00117381 0.00150135 -0.0046105 1 0 0 0 0 0 0 0
75 1 0.1 6.29025 0.96222 0.262174 -0.00105374 0.000319786 -0.00124944 0.0289537 0.0126003 -0.0269665 1 0 0 0 0 0 0 0
76 1 0.1 6.18943 1.08112 0.137213 -0.000720327 0.00148684 -6.40318e-05 -0.012957 -0.0112713 0.0156468 1 0 0 0 0 0 0 0
77 1 0.1 6.07155 1.61623 0.137417 0.00846876 -0.00151691 -0.000499041 0.0135068 0.0805387 -0.0224448 1 0 0 0 0 0 0 0
78 1 0.1 5.94919 2.00863 0.137426 0.0153802 0.0254507 0.000420212 -0.255164 0.157046 0.280515 1 0 0 0 0 0 0 0
79 1 0.1 5.74735 2.26517 0.301529 0.0210053 -0.0104232 -0.0116785 0.316922 -0.00777767 0.517087 1 0 0 0 0 0 0 0
80 1 0.1 5.62536 2.14079 0.137343 -0.0127419 -0.0260617 0.00111266 0.264469 -0.119052 -0.0554007 1 0 0 0 0 0 0 0
81 1 0.1 5.66364 2.34285 0.13746 0.00266776 -0.00351189 -0.000114044 0.0114978 -0.0111345 -0.0161691 1 0 0 0 0 0 0 0
82 1 0.1 5.75942 2.7473 0.137361 -0.0029623 0.00709357 0.000722967 -0.0753756 -0.0304867 -0.032446 1 0 0 0 0 0 0 0
83 1 0.1 5.46752 2.38068 0.135833 0.00326523 -0.00269856 -0.00350568 0.034545 0.00746136 0.0580394 1 0 0 0 0 0 0 0
84 1 0.1 4.80893 2.54929 0.137169 0.00539734 -0.00881848 0.000724704 0.154967 -0.0759635 0.0391311 1 0 0 0 0 0 0 0
85 1 0.1 5.18903 2.59155 0.137326 0.0121511 0.00406472 -0.00109441 -0.0566503 0.179874 0.258328 1 0 0 0 0 0 0 0
86 1 0.1 5.55911 2.87639 0.299764 -0.0119002 0.010441 -0.0018069 -0.126691 0.0340009 0.205769 1 0 0 0 0 0 0 0
87 1 0.1 5.14242 3.02032 0.13748 -0.00941335 -0.0171891 -0.000242766 0.291528 -0.039431 0.178653 1 0 0 0 0 0 0 0
88 1 0.1 5.14083 3.28964 0.137433 0.0647704 -0.0157796 0.000853025 0.0789423 0.0112366 0.159619 1 0 0 0 0 0 0 0
89 1 0.1 4.93009 3.47664 0.137411 -0.0350304 0.00656395 0.0007545 -0.32353 1.91575 -0.24443 1 0 0 0 0 0 0 0
90 1 0.1 5.1293 3.48923 0.138755 -0.0270462 -0.0176877 -0.0829189 -0.403836 -1.12785 -0.00967408 1 0 0 0 0 0 0 0
91 1 0.1 5.51034 3.5564 0.146573 -0.0134309 -0.00726744 -0.00196252 -0.0138921 0.039573 -0.00755538 1 0 0 0 0 0 0 0
92 1 0.1 5.6199 3.72322 0.137412 -0.0078334 -0.00735127 0.00125304 0.0733646 -0.044729 -0.0611432 1 0 0 0 0 0 0 0
93 1 0.1 5.69961 3.8651 0.254537 -0.00825053 -0.0196317 0.000636276 0.028727 0.128335 -0.0727201 1 0 0 0 0 0 0 0
94 1 0.1 5.59733 4.00805 0.153277 -0.00124144 0.000873508 0.00118013 -0.0033513 0.0134554 0.0232573 1 0 0 0 0 0 0 0
95 1 0.1 5.79638 3.99991 0.137455 -0.000727464 0.00279335 0.00212306 -0.00123855 -0.0244637 -0.0052333 1 0 0 0 0 0 0 0
96 1 0.1 5.93565 4.14337 0.137567 0.000150659 0.004103 0.00237051 -0.0422649 -0.0366809 0.0286539 1 0 0 0 0 0 0 0
97 1 0.1 6.01226 4.46848 0.209082 0.0018871 -0.000235933 0.000623249 -0.0302591 -0.0318507 -0.0013404 1 0 0 0 0 0 0 0
98 1 0.1 6.27615 4.97598 0.148399 0.000709265 -0.000931117 0.00745058 -0.0299434 -0.0099622 0.0439172 1 0 0 0 0 0 0 0
99 1 0.1 6.35297 5.16014 0.138369 -0.00204062 -5.55147e-05 0.0023126 -0.0234152 0.0135418 -0.0145182 1 0 0 0 0 0 0 0
100 1 0.1 6.35803 0.657589 0.3501 -0.00102161 0.00161752 0.000567815 0.0265485 0.0102856 0.0331484 1 0 0 0 0 0 0 0
101 1 0.1 6.22699 1.31389 0.137496 0.00404086 -0.00922934 6.4252e-05 0.103802 0.113756 -0.213068 1 0 0 0 0 0 0 0
102 1 0.1 6.07247 1.42558 0.197775 0.0107566 -0.000896008 0.00210271 -0.0401308 -0.133298 0.0651162 1 0 0 0 0 0 0 0
103 1 0.1 5.93982 2.29791 0.344453 0.0154655 -0.0110992 0.00809886 0.523326 -0.0561171 -0.333581 1 0 0 0 0 0 0 0
104 1 0.1 5.96736 3.03075 0.448206 0.006946 0.00957004 0.0164919 -0.045295 -0.149263 0.164394 1 0 0 0 0 0 0 0
105 1 0.1 5.86275 2.36064 0.137594 0.00192395 -0.00454422 0.000562506 -0.0164622 0.00157011 0.0037843 1 0 0 0 0 0 0 0
106 1 0.1 5.74778 2.52428 0.137489 0.0025279 -0.00319235 0.000435806 0.020644 0.0519205 0.0278539 1 0 0 0 0 0 0 0
107 1 0.1 5.77879 3.09245 0.423832 0.00129944 -0.0129998 0.00348445 0.0263344 0.0195355 -0.0735176 1 0 0 0 0 0 0 0
108 1 0.1 5.55995 2.7608 0.13731 -0.000636585 -0.00114197 0.000842178 0.034111 0.0084166 0.0487992 1 0 0 0 0 0 0 0
109 1 0.1 5.55152 2.5615 0.137312 0.00266296 -0.00272183 0.00250642 -0.0509526 -0.0160092 -0.0297735 1 0 0 0 0 0 0 0
110 1 0.1 5.36586 2.68473 0.137464 -0.00201725 0.0319803 0.00123058 0.064034 -0.257623 0.0401275 1 0 0 0 0 0 0 0
111 1 0.1 5.22934 2.84046 0.137332 0.00954749 -0.00259863 -0.00128515 -0.00960783 0.068698 0.0324575 1 0 0 0 0 0 0 0
112 1 0.1 5.33939 3.05138 0.137234 -0.00848502 -0.00563081 -0.000677718 0.0547684 -0.0124601 -0.0881637 1 0 0 0 0 0 0 0
113 1 0.1 4.99469 3.15388 0.137012 0.0270267 0.0199089 -0.0043281 -0.1228 0.0872486 -0.741878 1 0 0 0 0 0 0 0
114 1 0.1 5.43025 3.20004 0.235367 -0.0163401 -0.000962476 -0.000487572 0.197621 0.706578 0.367875 1 0 0 0 0 0 0 0
115 1 0.1 5.57049 3.36628 0.136793 0.0111696 -0.00025886 -0.000203847 -0.0110469 0.109258 -0.0923109 1 0 0 0 0 0 0 0
116 1 0.1 5.60176 3.16885 0.137387 -0.0243766 -0.00659607 -0.00263915 -0.209308 0.113163 0.210046 1 0 0 0 0 0 0 0
117 1 0.1 5.75185 3.38331 0.218986 0.00742729 -0.00854919 0.00906738 0.0161287 0.102467 0.100719 1 0 0 0 0 0 0 0
118 1 0.1 5.81906 3.73996 0.137483 -0.00868953 -0.00340249 0.00117177 0.0658751 0.0454089 0.0627383 1 0 0 0 0 0 0 0
119 1 0.1 5.95782 3.88306 0.152967 -0.00530012 -0.00419216 -0.00281248 -0.0138443 0.0954986 -0.0759448 1 0 0 0 0 0 0 0
120 1 0.1 5.84247 3.54145 0.137408 -0.00330769 -0.00313117 0.000191651 -0.0552009 -0.0114344 0.00291668 1 0 0 0 0 0 0 0
121 1 0.1 5.91916 3.31062 0.137371 0.00504244 -0.00119459 -0.000479556 0.0273872 0.000910165 -0.0245344 1 0 0 0 0 0 0 0
122 1 0.1 6.03225 4.27463 0.253915 -0.00417676 0.0279657 0.12143 -0.338732 -1.42288 0.732926 1 0 0 0 0 0 0 0
123 1 0.1 6.10644 4.62958 0.137386 0.000410377 0.000479343 -0.000845621 -0.00657411 -0.00187849 0.0552712 1 0 0 0 0 0 0 0
124 1 0.1 6.27559 4.75226 0.26167 -0.00985554 -0.0639448 -0.0248826 0.0145855 0.37076 -0.797019 1 0 0 0 0 0 0 0
125 1 0.1 5.93255 1.08389 0.35008 -0.000325292 -1.22719e-05 0.000470207 0.00191369 0.00518457 0.0125288 1 0 0 0 0 0 0 0
126 1 0.1 5.79439 1.22719 0.332228 -0.00109303 0.00110417 0.00569261 0.0442553 0.0277823 -0.0342736 1 0 0 0 0 0 0 0
127 1 0.1 5.65935 1.37422 0.32811 0.00823176 0.00949886 -0.001775 -0.0717601 -0.0168924 -0.100399 1 0 0 0 0 0 0 0
128 1 0.1 5.51237 1.50877 0.334182 0.00700944 0.0053463 -0.00358908 -0.000968745 0.0675759 0.151213 1 0 0 0 0 0 0 0
129 1 0.1 5.36884 1.6461 0.35003 0.00191883 -0.00328893 -0.0031194 -0.0813466 0.0170488 -0.0445082 1 0 0 0 0 0 0 0
130 1 0.1 5.11119 1.91481 0.334426 -0.00476348 0.00364536 -0.000902795 -0.0337311 -0.143495 0.0805111 1 0 0 0 0 0 0 0
131 1 0.1 4.96883 2.05365 0.352498 -0.00676202 0.00238721 -0.00725042 -0.0825625 0.0200216 -0.0850904 1 0 0 0 0 0 0 0
132 1 0.1 4.87129 2.22695 0.362033 0.00213026 0.00902405 -0.00307313 0.02381 0.186052 -0.0144221 1 0 0 0 0 0 0 0
133 1 0.1 4.7028 2.32633 0.326362 -0.00073492 0.0013772 -0.00666807 -0.126081 -0.155334 0.0797083 1 0 0 0 0 0 0 0
134 1 0.1 4.58443 2.43885 0.436583 0.00264731 -0.0149136 0.0100536 0.223373 0.211896 0.118601 1 0 0 0 0 0 0 0
135 1 0.1 4.46381 2.55938 0.334416 0.00112592 -0.00494845 0.0237791 -0.0995615 -0.443214 -0.103124 1 0 0 0 0 0 0 0
136 1 0.1 4.34124 2.71277 0.36137 0.00384183 0.00223026 0.000593931 0.062471 0.135889 0.0283943 1 0 0 0 0 0 0 0
137 1 0.1 4.31055 2.99534 0.306632 0.025678 -0.0261115 -0.010219 -0.0374646 0.0277997 -0.36471 1 0 0 0 0 0 0 0
138 1 0.1 4.19339 3.15353 0.336737 0.00163773 -0.040372 -0.00930396 -0.229681 0.0708446 -0.374033 1 0 0 0 0 0 0 0
139 1 0.1 4.31667 3.29209 0.411598 -0.0219362 -0.0146849 -0.0235015 0.0285582 0.396455 -0.287224 1 0 0 0 0 0 0 0
140 1 0.1 4.65015 3.48797 0.313253 0.0636416 0.0192401 -0.00104316 -0.351175 0.557147 -0.546451 1 0 0 0 0 0 0 0
141 1 0.1 4.69842 3.67508 0.336816 0.006506 0.0108233 -0.0405659 0.712264 -0.205104 0.215328 1 0 0 0 0 0 0 0
142 1 0.1 4.83967 3.81593 0.3502 0.0102387 -0.00260905 0.0297148 -0.174947 -0.259697 0.0327751 1 0 0 0 0 0 0 0
143 1 0.1 5.08956 4.06891 0.373361 0.0011128 0.00134157 -0.000351364 0.0390632 -0.0190579 -0.0233296 1 0 0 0 0 0 0 0
144 1 0.1 5.436 4.09632 0.291042 -0.000408999 -0.00443337 0.00189831 0.00203839 0.00231885 -0.0516875 1 0 0 0 0 0 0 0
145 1 0.1 5.28707 4.25686 0.313741 -0.00101743 -0.000117377 0.000576109 -0.0137665 -0.00666451 -0.0141943 1 0 0 0 0 0 0 0
146 1 0.1 5.42846 4.39767 0.307391 -0.00239995 7.59318e-05 0.00540692 -0.000109156 0.00559849 0.0547782 1 0 0 0 0 0 0 0
147 1 0.1 5.56249 4.53971 0.350087 1.43592e-05 0.000219165 0.000338934 -0.0061157 0.00172491 0.00532221 1 0 0 0 0 0 0 0
148 1 0.1 5.77705 4.75111 0.360472 -0.00600966 -0.00714784 0.00071889 -0.0201777 -0.0233345 -0.108257 1 0 0 0 0 0 0 0
149 1 0.1 5.92756 4.90545 0.358545 -0.000524438 -0.000153726 -0.00139648 0.0244227 -0.00842935 -0.00589027 1 0 0 0 0 0 0 0
150 1 0.1 6.07404 0.942622 0.349462 5.80423e-05 -0.000207988 0.000794191 -0.00195624 -0.0111202 -0.00891293 1 0 0 0 0 0 0 0
151 1 0.1 5.77004 1.67948 0.326576 0.0131729 0.000355604 -0.000157155 -0.0352403 0.0447678 0.0536492 1 0 0 0 0 0 0 0
152 1 0.1 5.60138 1.66162 0.2135 0.00229253 -0.00342135 -0.000121422 -0.667139 0.157988 -0.0403104 1 0 0 0 0 0 0 0
153 1 0.1 6.01122 2.07985 0.447109 0.0167079 0.0546649 -0.00727484 -0.236532 0.274366 0.585625 1 0 0 0 0 0 0 0
154 1 0.1 5.70757 1.8588 0.389094 0.0574456 0.00781424 0.0205863 -0.141286 -0.0840481 0.054949 1 0 0 0 0 0 0 0
155 1 0.1 5.29364 1.84426 0.367219 0.000184896 0.0246622 -0.0022058 -0.436158 0.46365 -0.0840425 1 0 0 0 0 0 0 0
156 1 0.1 5.1657 2.22788 0.431563 0.0217355 0.0460973 0.0534744 0.317707 -0.609553 0.649031 1 0 0 0 0 0 0 0
157 1 0.1 5.01424 2.18902 0.555254 -0.0141411 -0.0354917 -0.0139617 0.529366 -0.256119 0.406254 1 0 0 0 0 0 0 0
158 1 0.1 4.80523 2.49076 0.399401 -0.0109184 -0.0483154 -0.00657144 -0.237466 0.220736 -0.185795 1 0 0 0 0 0 0 0
159 1 0.1 4.77463 2.85684 0.484207 -0.0467133 -0.0648847 0.0369006 0.268948 -0.216066 0.0198271 1 0 0 0 0 0 0 0
160 1 0.1 4.73704 2.71465 0.299008 -0.0105268 -0.0247382 -0.010256 0.130774 0.00672261 0.355059 1 0 0 0 0 0 0 0
161 1 0.1 4.59957 2.79712 0.417171 -0.00781291 -0.0425321 0.00154725 -0.35947 -0.345211 -0.128516 1 0 0 0 0 0 0 0
162 1 0.1 4.50078 3.04967 0.295983 0.0366158 -0.045361 -0.0319227 0.129504 0.282889 0.199659 1 0 0 0 0 0 0 0
163 1 0.1 4.64203 3.18643 0.323323 -0.0234995 -0.0205536 0.0387816 -1.84744 -3.05872 -0.0544586 1 0 0 0 0 0 0 0
164 1 0.1 4.31047 3.29278 0.759156 0.006882 0.0143081 -0.00599638 0.0409157 0.0449357 0.190762 1 0 0 0 0 0 0 0
165 1 0.1 4.78154 3.51856 0.46543 -0.0257779 -0.00412824 0.0341314 0.303937 0.290564 0.0561618 1 0 0 0 0 0 0 0
166 1 0.1 4.97347 3.463 0.472335 -0.0622692 -0.12991 -0.0121484 0.370051 -0.0814144 -1.69408 1 0 0 0 0 0 0 0
167 1 0.1 5.04735 3.6947 0.31735 -0.00186365 -0.00192015 0.00762845 -0.0209028 0.198083 0.109552 1 0 0 0 0 0 0 0
168 1 0.1 5.28274 4.08625 0.417985 2.67955e-06 2.75732e-05 0.00211099 -0.0205781 -0.00325756 -0.0170395 1 0 0 0 0 0 0 0
169 1 0.1 5.39249 3.92201 0.393071 -0.00879272 -0.00462385 0.00342012 -0.0397037 0.100204 -0.0774926 1 0 0 0 0 0 0 0
170 1 0.1 5.43751 4.20631 0.457465 0.000753239 -0.00266436 0.00169521 -0.00968419 -0.0208616 -0.0044367 1 0 0 0 0 0 0 0
171 1 0.1 5.59063 4.3354 0.405335 -0.00419825 0.0012358 0.00209817 0.0161919 0.0187573 -0.045294 1 0 0 0 0 0 0 0
172 1 0.1 5.74601 4.38792 0.292309 -0.0072844 -0.00501514 0.00130476 0.0135277 0.0206041 -0.0830209 1 0 0 0 0 0 0 0
173 1 0.1 5.87805 4.5982 0.280404 0.000233081 -0.00225247 -0.00117868 -0.000946648 0.0379654 0.0435231 1 0 0 0 0 0 0 0
174 1 0.1 6.12447 5.10058 0.348371 -0.00283997 -0.00521346 -0.0054685 0.0392704 0.0401675 -0.0592423 1 0 0 0 0 0 0 0
175 1 0.1 6.21682 0.799035 0.350878 -0.00102144 0.00117067 -0.0010734 -0.0281134 -0.00342795 0.0190669 1 0 0 0 0 0 0 0
176 1 0.1 5.84157 1.45177 0.30445 0.00887355 0.00399186 -0.00184544 -0.0529664 -0.135129 0.0728237 1 0 0 0 0 0 0 0
177 1 0.1 5.87171 1.89261 0.280468 0.0556403 0.0206667 0.0193948 0.0970904 0.0799542 0.128692 1 0 0 0 0 0 0 0
178 1 0.1 5.849 2.09565 0.331304 0.00753058 -0.0181303 -0.00388591 -0.294042 -0.19588 -0.591184 1 0 0 0 0 0 0 0
179 1 0.1 5.66097 2.03313 0.304689 0.00484945 -0.0121812 0.00810057 -0.0340059 0.211645 0.481325 1 0 0 0 0 0 0 0
180 1 0.1 5.45866 2.06963 0.426429 0.000692524 0.00966212 0.00389026 0.0361462 0.0198468 0.133473 1 0 0 0 0 0 0 0
181 1 0.1 5.24873 2.07358 0.335208 -0.00759807 0.0557761 -0.00981003 -0.309187 0.0942443 -0.160718 1 0 0 0 0 0 0 0
182 1 0.1 5.01773 2.35709 0.396713 0.00285725 0.00249625 0.00452966 -0.0120323 -0.293147 -0.0590127 1 0 0 0 0 0 0 0
183 1 0.1 4.92559 2.63866 0.271436 0.0304201 -0.009091 -0.01873 -0.301246 0.333652 -0.221822 1 0 0 0 0 0 0 0
184 1 0.1 5.05301 2.63048 0.425144 0.0267708 -0.0339126 -0.0188199 0.30127 -0.189057 0.0655668 1 0 0 0 0 0 0 0
185 1 0.1 5.09724 2.89923 0.589025 -0.0490232 -0.0242298 -0.00665687 0.0853523 0.194059 0.0681476 1 0 0 0 0 0 0 0
186 1 0.1 4.89835 2.8282 0.326407 -0.0124834 -0.0220391 -0.00999047 0.401153 -0.435548 0.649868 1 0 0 0 0 0 0 0
187 1 0.1 4.50297 2.74903 0.251907 0.00954764 -0.0272194 -0.00141811 0.104781 -0.0744906 -0.4742 1 0 0 0 0 0 0 0
188 1 0.1 4.80914 3.08583 0.304656 -0.0224954 0.00456874 0.0248982 1.60375 0.385426 0.36516 1 0 0 0 0 0 0 0
189 1 0.1 5.25206 3.2624 0.301173 -0.00123575 -0.0303797 0.0467765 -0.589697 -0.107081 0.120711 1 0 0 0 0 0 0 0
190 1 0.1 5.03845 3.3697 0.29084 -0.00897908 0.0358628 0.021562 0.408757 1.0458 0.332659 1 0 0 0 0 0 0 0
191 1 0.1 5.23042 3.62072 0.335668 -0.00345709 -0.00107389 -0.0279088 0.0151418 0.184085 -0.124856 1 0 0 0 0 0 0 0
192 1 0.1 5.24218 3.79593 0.430245 -0.00300114 -0.0115471 -0.0104428 0.30384 -0.0669734 0.111929 1 0 0 0 0 0 0 0
193 1 0.1 5.50149 3.84086 0.246937 -0.0100558 -0.00873343 0.00280751 0.057837 -0.0984835 -0.0325504 1 0 0 0 0 0 0 0
194 1 0.1 5.70918 3.8749 0.477391 -0.0150568 -0.0209297 0.00164786 -0.0676307 -0.0120731 0.0718946 1 0 0 0 0 0 0 0
195 1 0.1 5.72727 4.20209 0.464359 -0.00349827 -0.00316975 -0.00621205 0.0600951 0.0477954 0.016691 1 0 0 0 0 0 0 0
196 1 0.1 5.84804 4.21675 0.305091 -0.0290418 -0.0152548 0.00628697 -0.0708913 0.0175068 -0.156523 1 0 0 0 0 0 0 0
197 1 0.1 5.77086 4.03465 0.332687 -0.0176866 -0.0168146 0.00512992 0.0741311 -0.0136827 0.249816 1 0 0 0 0 0 0 0
198 1 0.1 6.00726 4.74937 0.262876 -0.00149598 -0.000936419 -0.00189111 -0.0153009 -0.0262522 -0.0239651 1 0 0 0 0 0 0 0
199 1 0.1 6.26604 5.24182 0.347621 -0.00340825 -0.0045628 -0.00232208 -0.0833777 0.105645 -0.0905556 1 0 0 0 0 0 0 0
200 1 0.1 6.12007 1.14492 0.313052 0.00132748 0.000291713 0.00100038 0.0136516 0.0392386 0.0078678 1 0 0 0 0 0 0 0
201 1 0.1 5.98335 1.2906 0.317586 -0.00042393 -0.00167005 0.00230595 -0.0470309 0.0103802 0.00272896 1 0 0 0 0 0 0 0
202 1 0.1 5.97428 1.80501 0.441257 0.0270434 -0.000338048 0.00550043 -0.0591617 0.0576567 -0.31728 1 0 0 0 0 0 0 0
203 1 0.1 5.86027 2.54965 0.561724 0.00473926 0.00455511 0.00277889 0.099956 -0.327036 -0.138786 1 0 0 0 0 0 0 0
204 1 0.1 5.87636 2.50352 0.289144 -0.00627031 0.0174104 0.0109354 0.347 -0.269609 0.72661 1 0 0 0 0 0 0 0
205 1 0.1 5.55793 2.20316 0.314609 0.0187836 -0.00406012 0.00691393 -0.250345 0.23559 -0.609011 1 0 0 0 0 0 0 0
206 1 0.1 5.4328 2.35684 0.327894 0.0370813 0.00938326 -0.00112385 -0.198005 0.21091 0.415124 1 0 0 0 0 0 0 0
207 1 0.1 5.4834 2.51281 0.441722 -0.00467406 0.013994 0.000384618 0.289448 -0.107576 -0.0209776 1 0 0 0 0 0 0 0
208 1 0.1 5.25982 2.40314 0.135004 0.0139458 0.000267302 -0.00291922 -0.242323 0.21736 0.123909 1 0 0 0 0 0 0 0
209 1 0.1 5.54202 2.65481 0.313746 0.0226161 0.00227308 0.000512877 0.149837 0.265243 -0.162094 1 0 0 0 0 0 0 0
210 1 0.1 5.6795 2.92142 0.45175 -0.0154895 -0.000983758 0.00163107 -0.0112461 0.0141314 -0.226962 1 0 0 0 0 0 0 0
211 1 0.1 5.38082 2.77265 0.316447 0.0181562 -0.00534323 0.0182652 -0.0767646 -0.0924252 0.247724 1 0 0 0 0 0 0 0
212 1 0.1 4.6641 2.98266 0.385264 0.0334442 -0.0492054 0.00822462 0.167591 -0.750814 -0.064166 1 0 0 0 0 0 0 0
213 1 0.1 4.94319 2.99791 0.421639 -0.0925201 -0.0579403 0.0858831 0.549911 -0.31451 -0.171703 1 0 0 0 0 0 0 0
214 1 0.1 5.32306 3.37152 0.137945 0.0600103 -0.00709606 0.00258332 0.0146026 0.00984816 -0.0581224 1 0 0 0 0 0 0 0
215 1 0.1 5.45958 3.42202 0.291712 0.0174197 -0.0259068 0.0143901 0.616333 -0.164243 -0.337573 1 0 0 0 0 0 0 0
216 1 0.1 5.68012 3.56822 0.251108 -0.00893699 -0.0015696 -0.00273841 -0.0611285 -0.0152197 0.0119056 1 0 0 0 0 0 0 0
217 1 0.1 5.42054 3.66421 0.293524 0.00257714 -0.0149432 -0.00383163 0.169966 0.102064 0.304002 1 0 0 0 0 0 0 0
218 1 0.1 5.8819 3.86078 0.33661 -0.00724779 0.00306085 -0.00257612 0.0259801 0.0431488 -0.00195384 1 0 0 0 0 0 0 0
219 1 0.1 5.958 3.65528 0.25432 -0.00613621 0.00201414 -0.00348352 -0.0421363 -0.0343629 -0.00459467 1 0 0 0 0 0 0 0
220 1 0.1 5.93022 3.39833 0.52167 -0.00511291 -0.00379084 0.00707529 0.0939881 -0.0745641 0.0680618 1 0 0 0 0 0 0 0
221 1 0.1 5.99526 3.78806 0.484429 -0.0036855 0.00334904 -0.00457218 -0.0289328 -0.000632307 0.182824 1 0 0 0 0 0 0 0
222 1 0.1 6.0313 3.47608 0.143343 -0.00133065 0.00268495 0.00539024 0.0106106 -0.0294533 0.0584982 1 0 0 0 0 0 0 0
223 1 0.1 6.12399 4.90213 0.322853 -0.000542111 -0.00675988 0.0013808 -0.0177789 -0.0216803 -0.0607455 1 0 0 0 0 0 0 0
224 1 0.1 6.27736 4.99381 0.420346 -0.00290681 -0.0108104 -0.013662 -0.070226 0.089019 -0.0282438 1 0 0 0 0 0 0 0
225 1 0.1 6.07235 1.46101 0.394521 0.00538552 0.00339802 0.00142446 -0.00183014 0.0444395 -0.209736 1 0 0 0 0 0 0 0
226 1 0.1 5.82385 2.16447 0.138286 -0.0167978 -0.000817517 0.0105047 0.125574 0.073486 0.312242 1 0 0 0 0 0 0 0
227 1 0.1 5.96751 1.6619 0.301772 0.0140251 0.00633627 -0.000704626 -0.10732 -0.0209053 0.0192651 1 0 0 0 0 0 0 0
228 1 0.1 5.91924 2.62712 0.137525 -0.0033974 0.0063134 0.000648854 0.0733527 0.00617437 0.081711 1 0 0 0 0 0 0 0
229 1 0.1 5.52708 2.98396 0.136418 -0.0150108 -0.0125472 -0.00484633 -0.0772312 -0.0867749 0.0257636 1 0 0 0 0 0 0 0
230 1 0.1 5.96503 3.20626 0.352382 -0.000172663 0.00450214 0.00532945 -0.132574 -0.0126799 -0.0427365 1 0 0 0 0 0 0 0
231 1 0.1 5.79723 2.39984 0.440658 0.00721961 -0.0125634 0.000231913 -0.162123 0.218199 -0.366708 1 0 0 0 0 0 0 0
232 1 0.1 5.62189 2.46099 0.294949 0.00906191 -0.0142083 -0.00597812 0.0143801 0.0713426 -0.0641369 1 0 0 0 0 0 0 0
233 1 0.1 5.88393 2.69351 0.424304 0.0110898 0.00780607 0.0116414 0.0027048 -0.690729 -0.13423 1 0 0 0 0 0 0 0
234 1 0.1 5.71858 2.76082 0.332385 -0.00730925 0.0172092 0.000140562 0.0277026 -0.00711021 -0.160042 1 0 0 0 0 0 0 0
235 1 0.1 5.83319 2.92442 0.323637 -0.00669719 0.0173742 0.0238715 0.00455866 -0.36235 0.160427 1 0 0 0 0 0 0 0
236 1 0.1 5.64168 3.09855 0.584857 -0.0327752 -0.0057925 -0.0489785 0.183171 0.355513 -0.371134 1 0 0 0 0 0 0 0
237 1 0.1 5.42397 2.93841 0.431868 -0.0228627 -0.00880492 0.00106411 -0.185875 -0.0821812 0.14506 1 0 0 0 0 0 0 0
238 1 0.1 5.26978 3.06457 0.324239 -0.139921 -0.0552631 -0.0457239 0.423818 0.649645 -1.45194 1 0 0 0 0 0 0 0
239 1 0.1 5.52461 3.10489 0.387139 -0.025262 -0.010263 -0.0211194 -0.13962 -0.0341772 -0.0705553 1 0 0 0 0 0 0 0
240 1 0.1 5.6768 3.03312 0.262843 -0.00381138 0.00813542 -0.000785372 0.00233741 0.071509 -0.0747942 1 0 0 0 0 0 0 0
241 1 0.1 5.56525 3.28322 0.579672 -0.017908 0.00162779 0.00287617 -0.0892474 0.178231 0.482716 1 0 0 0 0 0 0 0
242 1 0.1 5.62623 3.25996 0.313057 0.00412577 -0.0174899 -0.00347319 0.450846 0.128349 -0.328931 1 0 0 0 0 0 0 0
243 1 0.1 5.62083 3.43455 0.409056 0.00652853 -0.0345893 0.024538 -0.114842 -0.10401 0.322689 1 0 0 0 0 0 0 0
244 1 0.1 5.79527 3.68327 0.36699 -0.00593443 0.00238736 -0.00345976 0.0288916 0.0424664 0.00477629 1 0 0 0 0 0 0 0
245 1 0.1 5.79964 3.18892 0.24139 0.000951039 0.00453367 0.00172033 -0.0657588 -0.0245685 -0.0824221 1 0 0 0 0 0 0 0
246 1 0.1 5.84964 3.49125 0.355852 -0.00613594 0.00203024 0.0100342 -0.114378 -0.234132 -0.0170553 1 0 0 0 0 0 0 0
247 1 0.1 5.91756 4.40221 0.393616 -0.00434865 -0.0104452 -0.00258205 -0.153781 0.0143811 -0.0555976 1 0 0 0 0 0 0 0
248 1 0.1 6.08568 4.51028 0.390684 -0.00554596 -0.00527936 -0.00131497 0.0579103 -0.0974245 0.102908 1 0 0 0 0 0 0 0
249 1 0.1 6.14257 4.70162 0.402054 -0.00677219 -0.00296137 0.0013342 -0.0617334 -0.00460156 -0.0828085 1 0 0 0 0 0 0 0
250 1 0.1 6.00696 1.01624 0.522932 -0.000164762 0.000700339 0.000913342 0.00161314 -0.0143772 -0.00227937 1 0 0 0 0 0 0 0
251 1 0.1 5.80943 1.21056 0.550259 0.00295588 -0.00242943 0.00186674 0.0207803 0.00639291 0.0156109 1 0 0 0 0 0 0 0
252 1 0.1 5.66918 1.35271 0.553466 0.0084992 0.00152078 -0.00383646 -0.0117152 -0.102335 -0.0847557 1 0 0 0 0 0 0 0
253 1 0.1 5.45859 1.56511 0.532879 0.0258756 -0.0175755 -0.013899 -0.0679466 0.117903 -0.298783 1 0 0 0 0 0 0 0
254 1 0.1 5.30456 1.71219 0.549929 0.0439424 -0.0273558 -0.00151638 -0.0167783 -0.00756899 -0.0141733 1 0 0 0 0 0 0 0
255 1 0.1 5.16576 1.8554 0.536982 0.0433875 -0.0271297 -0.00288888 -0.0030478 0.0129874 0.0177753 1 0 0 0 0 0 0 0
256 1 0.1 5.02994 1.99362 0.58542 0.0349158 -0.0299387 -0.00810213 -0.322135 -0.403367 -0.405706 1 0 0 0 0 0 0 0
257 1 0.1 4.80208 2.21381 0.549975 0.00109269 -0.00134944 0.00110434 0.0278338 0.00740318 -0.0164103 1 0 0 0 0 0 0 0
258 1 0.1 4.66757 2.35563 0.592341 0.00157587 -0.00374834 0.00217811 -0.275316 -0.0484693 0.0644699 1 0 0 0 0 0 0 0
259 1 0.1 4.85693 2.68293 0.453551 -0.00044774 -0.0318919 -0.020755 0.500655 -0.110991 0.408029 1 0 0 0 0 0 0 0
260 1 0.1 4.59433 2.62238 0.509945 -0.00687794 -0.0259499 0.00421801 -0.293535 -0.0270547 0.0510974 1 0 0 0 0 0 0 0
261 1 0.1 4.43062 2.81797 0.516776 0.0065572 0.0504531 -0.0128881 -0.504691 0.3163 -0.533146 1 0 0 0 0 0 0 0
262 1 0.1 4.23506 2.78579 0.574802 0.0256883 -0.0314846 0.0364437 0.353321 -0.21462 -0.426 1 0 0 0 0 0 0 0
263 1 0.1 4.20407 3.02678 0.485197 0.0222917 -0.00476103 0.00846524 0.0698253 -0.95987 -0.338112 1 0 0 0 0 0 0 0
264 1 0.1 4.23143 3.20554 0.570355 0.00194711 0.00401266 -0.000950638 -0.109037 0.0549508 0.0626547 1 0 0 0 0 0 0 0
265 1 0.1 4.4483 3.42333 0.614522 -0.0319856 -0.0525619 0.0129198 -1.09849 0.277116 -0.698156 1 0 0 0 0 0 0 0
266 1 0.1 4.56103 3.52891 0.487537 -0.0833298 -0.0749072 -0.0500644 0.471872 0.0902634 -0.297193 1 0 0 0 0 0 0 0
267 1 0.1 4.71513 3.69026 0.542475 -0.0156994 -0.00109368 0.0358854 -0.797518 0.235318 -0.264943 1 0 0 0 0 0 0 0
268 1 0.1 4.96036 3.93996 0.454089 0.00154563 0.00165362 -0.0016624 -0.00941859 0.0410312 0.0254216 1 0 0 0 0 0 0 0
269 1 0.1 5.08439 4.06018 0.572692 -0.00144437 -0.00378466 0.000171625 -0.0063598 -0.00882355 -0.0385457 1 0 0 0 0 0 0 0
270 1 0.1 5.22791 4.20688 0.566819 9.86035e-05 0.000712819 0.000333565 0.0119909 0.00337507 0.00157739 1 0 0 0 0 0 0 0
271 1 0.1 5.37201 4.34912 0.580486 -0.000555855 -0.000958533 -0.000330406 -0.0158272 0.00342151 0.000526342 1 0 0 0 0 0 0 0
272 1 0.1 5.50841 4.4915 0.548204 -0.00078486 0.000143544 0.00207519 0.0444864 -0.0175379 0.00952587 1 0 0 0 0 0 0 0
273 1 0.1 5.65194 4.62723 0.57822 -0.000490094 -8.17525e-05 -0.00195588 0.0290705 0.0807727 -0.000747115 1 0 0 0 0 0 0 0
274 1 0.1 5.81027 4.78882 0.553973 -0.00409225 -0.00374235 -0.000475316 -0.0193866 0.0171492 -0.0587491 1 0 0 0 0 0 0 0
275 1 0.1 6.14809 0.874376 0.528451 -3.63228e-06 0.000585779 -0.000805723 0.000500773 -0.00930451 -0.0169755 1 0 0 0 0 0 0 0
276 1 0.1 5.83926 1.46602 0.606776 0.0101699 0.00640542 0.00454028 0.0629965 0.00867819 -0.0347747 1 0 0 0 0 0 0 0
277 1 0.1 5.72489 1.51553 0.452075 0.0184621 0.00172075 0.00296503 -0.12345 -0.049127 -0.0191177 1 0 0 0 0 0 0 0
278 1 0.1 5.58876 1.70026 0.407183 0.015744 0.0348804 -0.0057245 0.299628 -0.128954 -0.550509 1 0 0 0 0 0 0 0
279 1 0.1 5.50819 1.75008 0.580542 -0.00368406 -0.0165442 0.00029319 0.253686 -0.0778084 0.612153 1 0 0 0 0 0 0 0
280 1 0.1 5.35709 1.93405 0.532513 0.00521231 0.00739399 0.00183622 0.450746 -0.631982 -0.337349 1 0 0 0 0 0 0 0
281 1 0.1 5.20393 2.06195 0.528389 0.011331 0.0113706 -0.0144585 0.766323 0.0574193 -0.093892 1 0 0 0 0 0 0 0
282 1 0.1 5.14154 2.11772 0.710024 -0.0135716 -0.00497502 -0.0210228 0.0879534 0.359473 -0.385512 1 0 0 0 0 0 0 0
283 1 0.1 5.04806 2.38048 0.592311 -0.0250093 -0.0377874 0.0106288 -0.313574 0.2576 -0.326939 1 0 0 0 0 0 0 0
284 1 0.1 4.9863 2.72902 0.597226 -0.0220122 -0.0117733 -0.00241862 0.37505 0.0577583 0.135891 1 0 0 0 0 0 0 0
285 1 0.1 4.44552 2.57381 0.756924 -0.00587948 -0.00189038 -0.00946328 -0.0786952 0.0945413 0.0375397 1 0 0 0 0 0 0 0
286 1 0.1 4.53758 2.72749 0.671161 0.00433293 -0.00945719 0.00441631 0.211276 -0.199081 -0.201867 1 0 0 0 0 0 0 0
287 1 0.1 4.57128 3.11866 0.760575 0.00846438 -0.0167532 0.0121735 0.304017 0.0194718 0.0223499 1 0 0 0 0 0 0 0
288 1 0.1 4.39107 3.09087 0.491248 0.0264681 -0.0110051 0.0499588 -0.418692 0.544527 0.479971 1 0 0 0 0 0 0 0
289 1 0.1 4.70033 3.33972 0.427908 -0.0427297 0.00772622 -0.0199246 0.110603 0.937514 -1.64484 1 0 0 0 0 0 0 0
290 1 0.1 4.84105 3.40026 0.298672 -0.0106219 0.00458903 0.0189761 0.539405 -1.28458 -0.109702 1 0 0 0 0 0 0 0
291 1 0.1 4.91277 3.58698 0.65956 -0.00605373 -0.00774204 0.00675195 0.0335158 0.120737 0.118238 1 0 0 0 0 0 0 0
292 1 0.1 5.10125 3.60324 0.595054 -0.0123252 0.00177099 0.00107885 0.0519252 0.0775643 -0.222085 1 0 0 0 0 0 0 0
293 1 0.1 5.0565 3.77238 0.500715 0.00440112 0.00515621 0.00325949 -0.0524831 -0.0424862 0.00154451 1 0 0 0 0 0 0 0
294 1 0.1 5.24472 3.94102 0.567851 -0.00716906 -0.0147966 -0.00515502 -0.12543 0.167067 -0.0736999 1 0 0 0 0 0 0 0
295 1 0.1 5.37511 4.08297 0.621163 -0.00651705 -0.0128499 -0.0119268 -0.0479302 0.195714 -0.127356 1 0 0 0 0 0 0 0
296 1 0.1 5.55996 4.28332 0.595348 -0.000877034 -0.000601011 0.00143853 0.0114689 -0.00167342 0.0194791 1 0 0 0 0 0 0 0
297 1 0.1 5.69523 4.43005 0.582872 -0.00185743 -5.25017e-05 -0.00106831 -0.0268813 -0.0263757 -0.0580348 1 0 0 0 0 0 0 0
298 1 0.1 5.76269 4.54585 0.43411 -0.00062378 0.00666165 -0.00246169 -0.0669488 -0.0454377 -0.123414 1 0 0 0 0 0 0 0
299 1 0.1 6.09583 5.06808 0.581867 0.0025749 0.00194603 -0.000314605 -0.0423447 0.0267404 0.0159682 1 0 0 0 0 0 0 0
300 1 0.1 6.28571 0.730983 0.550081 -0.00033872 0.000396473 -0.000246688 0.00724255 0.00617114 0.00153431 1 0 0 0 0 0 0 0
301 1 0.1 5.96058 1.34154 0.509528 0.00506568 0.0041094 0.00191692 -0.0366682 0.0234133 -0.0230398 1 0 0 0 0 0 0 0
302 1 0.1 5.88577 1.63027 0.481456 0.0157094 0.0047219 -0.00149901 0.153222 -0.0741708 0.183658 1 0 0 0 0 0 0 0
303 1 0.1 5.81774 1.74366 0.636515 0.029124 0.00979156 -0.00880479 0.117397 0.178838 0.10185 1 0 0 0 0 0 0 0
304 1 0.1 5.66968 1.86778 0.585164 -0.0044017 -0.0182361 0.0110514 -0.0667753 -0.251815 0.255956 1 0 0 0 0 0 0 0
305 1 0.1 5.57028 2.04103 0.589661 0.00599174 -0.0104032 -0.00156699 0.0183639 0.0805416 -0.393848 1 0 0 0 0 0 0 0
306 1 0.1 5.37387 2.34964 0.514022 0.0104239 0.0116748 -0.0115817 0.0564612 -0.547438 0.0256313 1 0 0 0 0 0 0 0
307 1 0.1 5.23348 2.35668 0.652019 -0.0118143 -0.0338663 -0.0338411 0.245755 0.255743 0.320724 1 0 0 0 0 0 0 0
308 1 0.1 5.06884 2.49997 0.267518 0.0285096 -0.00850897 0.00625317 -0.173126 -0.238571 0.193875 1 0 0 0 0 0 0 0
309 1 0.1 4.93143 2.53034 0.547758 0.0130195 -0.0299445 -0.0299621 -0.377711 -0.0320888 -0.22726 1 0 0 0 0 0 0 0
310 1 0.1 5.18915 2.7315 0.531065 -0.00984449 -0.000355127 -0.00205779 -0.240143 -0.0152419 0.45955 1 0 0 0 0 0 0 0
311 1 0.1 4.69785 2.84317 0.662915 0.0293363 -0.0481719 0.0392104 -0.28841 -0.212942 -0.203224 1 0 0 0 0 0 0 0
312 1 0.1 4.58621 3.10774 0.518638 0.037504 -0.0161512 -0.0210956 -0.244001 0.0988089 -0.636122 1 0 0 0 0 0 0 0
313 1 0.1 4.89831 3.23922 0.401835 -0.102838 -0.0291321 0.0242485 0.0866105 -0.6075 0.181821 1 0 0 0 0 0 0 0
314 1 0.1 5.07353 3.1749 0.318583 -0.0157475 0.0188281 0.0116229 -0.39772 -0.67043 -0.560853 1 0 0 0 0 0 0 0
315 1 0.1 5.10384 3.29337 0.540201 -0.132751 0.0653039 0.00302933 -0.216318 1.0631 -1.14689 1 0 0 0 0 0 0 0
316 1 0.1 5.28735 3.43739 0.390245 0.00174002 0.00325032 -0.0232644 -0.256831 -0.120143 -0.280824 1 0 0 0 0 0 0 0
317 1 0.1 5.30893 3.62834 0.585673 -0.0125111 -0.0100799 -0.00639527 -0.0872533 0.143171 -0.135803 1 0 0 0 0 0 0 0
318 1 0.1 5.42942 3.74417 0.476372 -0.00742431 -0.00950651 -0.00150737 0.242509 -0.129147 0.0390442 1 0 0 0 0 0 0 0
319 1 0.1 5.49665 3.91121 0.563201 -0.00177827 -0.00617283 -0.00411532 -0.0195186 -0.0239902 -0.0291792 1 0 0 0 0 0 0 0
320 1 0.1 5.579 4.09162 0.539854 0.000651491 -0.00880255 -0.00435345 0.0604479 0.064253 -0.0107219 1 0 0 0 0 0 0 0
321 1 0.1 5.85289 4.08805 0.588384 -0.00357918 -0.00473528 0.00135862 0.0798688 -0.0702558 -0.100457 1 0 0 0 0 0 0 0
322 1 0.1 5.8581 4.31571 0.563767 -0.00522326 -0.00366794 -0.000488718 0.0353569 -0.0527637 0.106186 1 0 0 0 0 0 0 0
323 1 0.1 5.93865 4.67161 0.455367 -0.00224389 -0.00210735 -0.000765474 0.0291559 -0.0187537 0.0550264 1 0 0 0 0 0 0 0
324 1 0.1 6.2312 5.20957 0.541853 0.0017504 0.0014402 -0.000618383 0.0196357 -0.0323178 0.010292 1 0 0 0 0 0 0 0
325 1 0.1 6.22876 1.03365 0.43848 0.0015251 0.000103524 -0.000165938 0.00907886 -0.00934429 -0.00638248 1 0 0 0 0 0 0 0
326 1 0.1 6.09528 1.19457 0.504799 0.00107042 0.000962371 0.000163026 0.0118058 0.000272248 -0.0251418 1 0 0 0 0 0 0 0
327 1 0.1 5.85414 1.96028 0.478826 0.0527066 0.0153034 0.0181423 0.108907 0.0934371 0.0276108 1 0 0 0 0 0 0 0
328 1 0.1 5.74883 2.28224 0.602385 -0.0259032 -1.17962e-05 -0.0232468 -0.0312919 0.520568 0.28169 1 0 0 0 0 0 0 0
329 1 0.1 5.87484 2.12818 0.58514 0.0141974 0.0321105 -0.00153987 -0.375792 -0.372947 0.260029 1 0 0 0 0 0 0 0
330 1 0.1 5.52162 2.26668 0.617999 -0.0116988 0.00465365 0.00850509 0.475161 0.249323 0.142512 1 0 0 0 0 0 0 0
331 1 0.1 5.67977 2.15215 0.464656 0.0118285 0.0032817 0.0152542 0.0848963 -0.293879 0.525962 1 0 0 0 0 0 0 0
332 1 0.1 5.77817 2.64532 0.716944 -0.0142243 0.00192507 -0.00615389 -0.00479195 -0.0187958 0.0170191 1 0 0 0 0 0 0 0
333 1 0.1 5.71526 2.58632 0.429074 0.00248715 0.0239315 0.0080629 -0.124874 0.570272 -0.0453204 1 0 0 0 0 0 0 0
334 1 0.1 5.55084 2.62196 0.594711 -0.0102498 -0.0020404 0.00604499 -0.157497 0.00625151 -0.0395386 1 0 0 0 0 0 0 0
335 1 0.1 5.19122 2.45943 0.420386 -0.530638 -0.569609 0.305734 1.62835 -4.31552 -6.98906 1 0 0 0 0 0 0 0
336 1 0.1 5.53927 2.78252 0.478215 -0.011146 -0.00057522 0.0150779 0.0601004 0.0604632 0.202027 1 0 0 0 0 0 0 0
337 1 0.1 4.85881 2.98769 0.607518 -0.00100087 -0.0664109 -0.000451499 -0.17439 -0.178183 -0.735263 1 0 0 0 0 0 0 0
338 1 0.1 5.2356 2.87889 0.402827 -0.0134142 -0.0297599 -0.0050644 -0.032676 -0.149448 0.152758 1 0 0 0 0 0 0 0
339 1 0.1 5.27529 3.17993 0.510865 -0.0477829 -0.0171659 0.013753 -0.161046 -0.016882 -0.186721 1 0 0 0 0 0 0 0
340 1 0.1 5.42135 3.29702 0.44189 -0.0234612 -0.040063 -0.00183788 -0.141125 -0.247964 0.0210852 1 0 0 0 0 0 0 0
341 1 0.1 5.42187 3.42109 0.597633 -0.0371184 -0.0205514 -0.0122543 -0.059358 -0.0244239 -0.115946 1 0 0 0 0 0 0 0
342 1 0.1 5.46176 3.54804 0.449111 0.00153262 -0.0277653 -0.0117542 0.00705765 -0.226946 -0.198803 1 0 0 0 0 0 0 0
343 1 0.1 5.59755 3.71151 0.372949 -0.00408606 0.00104857 -0.00173325 0.132124 -0.0600638 0.00366661 1 0 0 0 0 0 0 0
344 1 0.1 5.80192 3.70288 0.565662 -0.0060813 -0.00905935 -0.000632807 0.093825 -0.0318174 0.0819016 1 0 0 0 0 0 0 0
345 1 0.1 5.8142 3.3931 0.762785 0.00106459 -0.00551223 0.00113976 -0.0505477 -0.00200263 0.0255837 1 0 0 0 0 0 0 0
346 1 0.1 5.86679 3.88895 0.599571 -0.0102889 -0.00620505 -0.00336711 -0.0407664 0.0797959 0.0330723 1 0 0 0 0 0 0 0
347 1 0.1 6.04969 3.96855 0.58565 -0.00938645 -0.0117598 -0.00557894 0.0964333 -0.0296788 -0.0943082 1 0 0 0 0 0 0 0
348 1 0.1 5.95193 4.92992 0.555523 -0.00459407 -0.00327254 -0.000508542 0.00155526 0.0011024 -0.00396048 1 0 0 0 0 0 0 0
349 1 0.1 6.14398 4.88386 0.520724 -0.000126033 -0.000110061 0.00170901 -0.0604936 0.0391098 -0.0341697 1 0 0 0 0 0 0 0
350 1 0.1 6.27879 1.21891 0.580499 0.00198119 -0.00164366 0.000338627 0.00723787 0.00415044 -0.021298 1 0 0 0 0 0 0 0
351 1 0.1 6.1525 1.37367 0.572717 0.003412 -0.0010324 0.00405291 0.0328818 0.00273554 0.00397773 1 0 0 0 0 0 0 0
352 1 0.1 6.03136 1.53251 0.576653 0.0100097 0.00323088 0.00267148 0.0398563 -0.12859 -0.0852314 1 0 0 0 0 0 0 0
353 1 0.1 5.97958 2.03985 0.762583 0.0211462 0.00714739 0.000612565 0.0697318 -0.203333 0.0655921 1 0 0 0 0 0 0 0
354 1 0.1 5.92964 2.84819 0.165802 -0.00682999 0.00620205 0.0207036 -0.0321742 -0.266196 0.0140777 1 0 0 0 0 0 0 0
355 1 0.1 5.83164 3.02014 0.137375 -0.00516431 0.00308202 -0.000539133 -0.0333722 -0.052407 0.0163401 1 0 0 0 0 0 0 0
356 1 0.1 5.60418 2.73788 0.760916 -0.0169284 0.011825 -0.0183204 0.0422393 0.0265647 0.132602 1 0 0 0 0 0 0 0
357 1 0.1 5.87422 2.86894 0.519775 0.00581091 0.00515255 0.0114128 0.0251089 -0.0104355 -0.0633759 1 0 0 0 0 0 0 0
358 1 0.1 5.25428 2.74745 0.761772 -0.0100841 -0.00265346 -0.0142399 -0.126409 0.114233 0.0862574 1 0 0 0 0 0 0 0
359 1 0.1 5.71986 2.74707 0.555327 -0.00330474 0.0166253 -0.00291353 0.136209 -0.051605 -0.122619 1 0 0 0 0 0 0 0
360 1 0.1 5.90208 3.02833 0.637231 0.00398123 -0.00279284 0.0153716 0.00902615 -0.164426 -0.0523391 1 0 0 0 0 0 0 0
361 1 0.1 5.72937 2.92784 0.644451 -0.0098193 0.00923565 -0.00204207 -0.17381 0.0172762 -0.0813078 1 0 0 0 0 0 0 0
362 1 0.1 5.52551 2.93695 0.603897 -0.0297395 -0.00159823 0.0037017 0.0508819 -0.143331 0.000414563 1 0 0 0 0 0 0 0
363 1 0.1 5.28451 2.98187 0.566445 -0.043642 -0.0073268 -0.00845949 -0.119788 0.0207253 0.183002 1 0 0 0 0 0 0 0
364 1 0.1 5.55959 3.05406 0.761679 -0.0144228 0.0296161 -0.0309782 -0.537762 0.340252 -0.0915378 1 0 0 0 0 0 0 0
365 1 0.1 5.41029 3.11532 0.644581 -0.0348991 -0.00598382 -0.0236752 -0.234922 0.0549746 -0.104265 1 0 0 0 0 0 0 0
366 1 0.1 5.83622 3.2072 0.576811 0.0068521 -0.00860886 0.00209278 -0.0390146 0.0903089 0.118649 1 0 0 0 0 0 0 0
367 1 0.1 5.6308 3.23989 0.76287 0.00706613 0.0144351 -0.000736014 0.492255 -0.172849 0.0366157 1 0 0 0 0 0 0 0
368 1 0.1 5.61016 3.53342 0.581727 -0.0176701 -0.0251038 0.0111303 -0.0729283 0.0744162 0.184014 1 0 0 0 0 0 0 0
369 1 0.1 5.97095 3.58971 0.480504 -0.0241059 0.00464402 0.0258121 -0.324502 -0.38203 -0.396187 1 0 0 0 0 0 0 0
370 1 0.1 5.73926 3.38174 0.578332 -0.00463939 -0.0142756 0.00677327 -0.0162966 0.0762185 0.0151189 1 0 0 0 0 0 0 0
371 1 0.1 5.79858 3.30418 0.404255 -0.00417006 -0.000670723 0.0030021 0.119188 -0.0219455 0.107679 1 0 0 0 0 0 0 0
372 1 0.1 5.94872 4.02789 0.423578 -0.00921479 0.00328889 -0.00285299 0.047734 0.10828 0.0410083 1 0 0 0 0 0 0 0
373 1 0.1 5.96173 4.49727 0.563795 -0.00705605 -0.00531582 -0.00320492 0.0753965 -0.0994484 -0.0358279 1 0 0 0 0 0 0 0
374 1 0.1 6.07931 4.70846 0.591522 -0.00589831 0.00130345 0.00118668 -0.00513733 -0.0120742 0.0264836 1 0 0 0 0 0 0 0
375 1 0.1 6.11142 0.914734 0.75796 0.00011552 -0.000283345 -0.0006227 -0.0081437 0.000584016 -0.00133367 1 0 0 0 0 0 0 0
376 1 0.1 5.83386 1.19235 0.757233 -0.00913282 0.00702181 -0.00621125 -0.00481094 0.0857337 0.104292 1 0 0 0 0 0 0 0
377 1 0.1 5.64922 1.36836 0.751823 -0.000764426 0.000752676 -0.00395524 0.0156791 0.0461936 0.00133457 1 0 0 0 0 0 0 0
378 1 0.1 5.50846 1.51015 0.745091 -0.000621136 0.000479592 -0.000995659 -0.0150611 -0.0022238 0.0028215 1 0 0 0 0 0 0 0
379 1 0.1 5.36871 1.65194 0.762557 -0.000306609 0.000197764 -0.000357727 0.0148111 0.0162096 -0.00858105 1 0 0 0 0 0 0 0
380 1 0.1 5.22641 1.79208 0.758424 0.00480634 0.00289524 0.0257419 0.00711187 -0.320836 0.0124601 1 0 0 0 0 0 0 0
381 1 0.1 5.08633 1.9333 0.764013 0.00557409 -0.00112979 0.000391316 -0.0193368 -0.0243174 0.0109599 1 0 0 0 0 0 0 0
382 1 0.1 4.87715 2.1386 0.748925 0.0117316 -0.00587302 -0.00260975 -0.0919783 -0.0997953 -0.178768 1 0 0 0 0 0 0 0
383 1 0.1 4.7379 2.28109 0.763753 0.00909832 -0.00760232 -0.000685092 -0.175336 -0.140911 -0.587272 1 0 0 0 0 0 0 0
384 1 0.1 4.59868 2.42136 0.763942 0.0138911 -0.00898394 0.00211694 0.211569 0.0641559 -0.224878 1 0 0 0 0 0 0 0
385 1 0.1 4.39905 2.62656 0.569744 -0.00130568 0.00130303 -0.00611232 -0.124733 0.117068 0.0712961 1 0 0 0 0 0 0 0
386 1 0.1 4.18725 2.89989 0.751013 0.00759147 -0.00095218 0.0393571 0.0190428 -0.384663 -0.00608551 1 0 0 0 0 0 0 0
387 1 0.1 4.32745 2.95172 0.618602 -0.0142217 -0.00929649 0.0274639 -0.0837707 0.87172 0.984371 1 0 0 0 0 0 0 0
388 1 0.1 4.19241 3.13165 0.751832 0.00392605 0.0161946 0.00284887 -0.00375761 -0.0379086 0.173723 1 0 0 0 0 0 0 0
389 1 0.1 4.59653 3.29448 0.586059 0.00068117 -0.0172829 -0.00401947 0.642593 -0.322584 1.16887 1 0 0 0 0 0 0 0
390 1 0.1 4.57324 3.44797 0.765026 -0.0302707 -0.00318745 0.00166221 -0.125072 -0.291274 -0.0349432 1 0 0 0 0 0 0 0
391 1 0.1 4.72549 3.70383 0.756064 0.0057328 -0.0151957 0.0595009 -0.552465 -0.356895 -0.0390618 1 0 0 0 0 0 0 0
392 1 0.1 4.85584 3.82381 0.590999 -0.0058895 -0.00734985 0.000461789 -0.0386835 0.0139328 -0.120721 1 0 0 0 0 0 0 0
393 1 0.1 4.97836 3.95508 0.749628 -0.00132253 -0.000974054 -0.000436227 0.0110022 0.00240705 -0.0136673 1 0 0 0 0 0 0 0
394 1 0.1 5.12984 4.10148 0.762675 -0.000908878 -0.00198553 -0.000160504 -0.0203006 0.00563355 0.0256976 1 0 0 0 0 0 0 0
395 1 0.1 5.28247 4.26007 0.751574 -7.47121e-05 -0.000150407 0.000536199 -0.0101925 0.00727633 0.000235736 1 0 0 0 0 0 0 0
396 1 0.1 5.43991 4.42013 0.761425 0.000754848 0.000992177 -0.000609131 0.00217441 0.00531061 0.0128024 1 0 0 0 0 0 0 0
397 1 0.1 5.57974 4.56313 0.752643 -0.000731973 0.000570932 -0.0029992 -0.00229259 -0.0392953 0.0147237 1 0 0 0 0 0 0 0
398 1 0.1 5.72163 4.70451 0.754098 -0.000956362 -0.000965104 0.00194522 -0.020875 -0.00452283 -0.00671478 1 0 0 0 0 0 0 0
399 1 0.1 5.86239 4.84627 0.749978 -0.000894699 -0.00178181 0.000921168 -0.00221047 -0.00637485 -0.0199974 1 0 0 0 0 0 0 0
400 1 0.1 6.25727 0.770124 0.761566 0.000680026 -0.00055458 0.000414852 0.00957162 -0.0144622 0.00433941 1 0 0 0 0 0 0 0
401 1 0.1 5.9759 1.05575 0.716558 0.000330728 -0.000158006 -0.000868356 -0.00425267 0.0083883 -0.00230397 1 0 0 0 0 0 0 0
402 1 0.1 5.74556 1.54613 0.763245 0.00639572 0.00324595 0.000315902 0.028995 -0.0688468 -0.0285477 1 0 0 0 0 0 0 0
403 1 0.1 5.66004 1.62609 0.602364 0.0223989 0.0161525 -0.00591021 0.025911 -0.0361681 -0.170155 1 0 0 0 0 0 0 0
404 1 0.1 5.58799 1.73354 0.762719 -0.00257037 -0.00999987 9.07688e-05 -0.0865853 0.0381928 -0.0533365 1 0 0 0 0 0 0 0
405 1 0.1 5.40719 1.85625 0.708135 -0.00187863 -0.0100897 -0.0053185 -0.654412 0.455568 -0.168491 1 0 0 0 0 0 0 0
406 1 0.1 5.41782 2.04205 0.765341 0.0171964 -0.014598 0.00125934 0.454265 0.254067 -0.316692 1 0 0 0 0 0 0 0
407 1 0.1 5.37503 2.1344 0.59594 0.00496913 -0.0139874 0.0158981 -0.415631 -0.0422147 0.188298 1 0 0 0 0 0 0 0
408 1 0.1 5.02547 2.27183 0.762443 0.00444883 0.00183304 -0.00284128 -0.0839434 -0.0500741 0.261146 1 0 0 0 0 0 0 0
409 1 0.1 4.82705 2.44007 0.689153 0.0236967 -0.0201995 -0.0109772 0.0291511 0.0210076 0.491164 1 0 0 0 0 0 0 0
410 1 0.1 4.29386 2.73089 0.75785 0.0121033 0.00137346 0.0478863 0.247731 -0.389287 -0.0440254 1 0 0 0 0 0 0 0
411 1 0.1 4.4416 2.87618 0.763008 0.0226366 0.00210475 0.00119957 0.0249302 -0.211868 -0.280755 1 0 0 0 0 0 0 0
412 1 0.1 4.3804 3.06934 0.764564 0.0026342 0.0078111 0.00230299 0.113331 -0.0490487 -0.266411 1 0 0 0 0 0 0 0
413 1 0.1 4.68121 3.2815 0.763397 -0.0284902 -0.000630563 0.00256983 -0.297666 0.144283 0.398293 1 0 0 0 0 0 0 0
414 1 0.1 4.84002 3.3473 0.570823 -0.0642998 -0.00639296 -0.00775015 -0.233087 -0.736122 0.626765 1 0 0 0 0 0 0 0
415 1 0.1 4.72166 3.52883 0.659437 -0.0057358 -0.00324108 0.03799 0.885249 0.495745 -0.166022 1 0 0 0 0 0 0 0
416 1 0.1 5.12128 3.49797 0.762815 -0.0130679 -0.000379698 -0.000793674 -0.0567037 0.106231 -0.0732099 1 0 0 0 0 0 0 0
417 1 0.1 4.93369 3.75696 0.762567 -0.00608878 -0.00536947 0.000851197 -0.0639738 0.0577118 0.00371992 1 0 0 0 0 0 0 0
418 1 0.1 5.14036 3.84309 0.718123 -0.00226149 -0.00155724 0.00129148 -0.0174324 -0.0138637 0.00609419 1 0 0 0 0 0 0 0
419 1 0.1 5.28423 3.97459 0.762508 -0.0010777 -0.00203794 -1.96954e-05 -0.00919302 0.00951427 -0.0258036 1 0 0 0 0 0 0 0
420 1 0.1 5.47655 4.21513 0.762906 -0.000492488 -0.00124482 0.000363863 -0.00251666 0.0144439 -0.0125046 1 0 0 0 0 0 0 0
421 1 0.1 5.63305 4.36865 0.762617 0.00102335 -0.000728024 -0.00047203 -0.0325491 -0.0277438 -0.0256498 1 0 0 0 0 0 0 0
422 1 0.1 5.77274 4.51142 0.758309 -0.000348322 -0.000412201 0.00176741 0.0301074 -0.0111085 0.0177845 1 0 0 0 0 0 0 0
423 1 0.1 5.89595 4.65203 0.671927 -0.00454784 -0.00506213 -0.00134198 -0.0351998 0.0688811 -0.0170237 1 0 0 0 0 0 0 0
424 1 0.1 6.17345 5.14745 0.761038 0.00232809 -0.00124098 0.00375591 -0.0277177 0.0169534 0.0215873 1 0 0 0 0 0 0 0
425 1 0.1 6.39659 0.627182 0.750022 0.000530831 -0.000498816 -6.32722e-05 0.00779399 0.00934986 -0.0111913 1 0 0 0 0 0 0 0
426 1 0.1 6.06102 1.23062 0.762527 0.00260805 -0.00142214 4.44998e-05 0.0264057 0.016752 -0.015096 1 0 0 0 0 0 0 0
427 1 0.1 5.92037 1.37253 0.762816 0.00434346 0.000257813 0.00101696 0.0139666 -0.0360837 -0.00726324 1 0 0 0 0 0 0 0
428 1 0.1 5.97105 1.76671 0.762579 0.0254842 0.000248976 -0.000153525 0.00843806 -0.259447 -0.124748 1 0 0 0 0 0 0 0
429 1 0.1 5.78147 1.89447 0.762533 0.0204599 -7.44513e-05 -0.000479038 -0.00285752 -0.204816 -0.00609634 1 0 0 0 0 0 0 0
430 1 0.1 5.58522 1.93329 0.757458 0.0148322 -0.0123713 -0.00250722 0.066118 0.0823194 -0.112985 1 0 0 0 0 0 0 0
431 1 0.1 5.5926 2.13858 0.762496 0.0172467 -0.0150382 0.00150838 0.0103824 -0.0626835 0.124882 1 0 0 0 0 0 0 0
432 1 0.1 5.33485 2.23229 0.764553 -0.00306184 0.0101078 0.00165386 -0.268945 -0.174843 0.0619114 1 0 0 0 0 0 0 0
433 1 0.1 5.38003 2.52152 0.612644 -0.00928056 0.00335724 0.00054274 0.0629779 -0.115689 -0.151827 1 0 0 0 0 0 0 0
434 1 0.1 5.00832 2.47094 0.763884 0.0107062 0.00235258 0.000156351 0.0240031 -0.09636 -0.204483 1 0 0 0 0 0 0 0
435 1 0.1 4.89884 2.63826 0.761981 -0.0118743 -0.0122881 -0.00997295 -0.19395 -0.00987575 0.531431 1 0 0 0 0 0 0 0
436 1 0.1 4.69969 2.65515 0.762594 -0.0152461 -0.0396448 0.00306864 -0.305259 0.179109 -0.250992 1 0 0 0 0 0 0 0
437 1 0.1 4.76579 3.16197 0.582169 0.0400476 -0.0481634 -0.00911649 0.314611 -0.232296 0.322106 1 0 0 0 0 0 0 0
438 1 0.1 4.8865 3.1878 0.737803 0.0230652 -0.0231781 -0.00425215 -0.210685 0.131516 0.245441 1 0 0 0 0 0 0 0
439 1 0.1 4.83909 3.40416 0.762523 -0.00267742 -0.0342731 -4.32123e-05 -0.341985 0.0218949 -0.292821 1 0 0 0 0 0 0 0
440 1 0.1 5.034 3.31867 0.763111 -0.00335039 -0.0015461 0.0020662 -0.00849086 0.019119 0.168218 1 0 0 0 0 0 0 0
441 1 0.1 5.22518 3.66811 0.762525 -0.00863626 -0.00508623 -0.00168378 0.115202 -0.122497 -0.0391311 1 0 0 0 0 0 0 0
442 1 0.1 5.34268 3.80418 0.675735 -0.00216571 -0.00556831 0.0061454 -0.103657 -0.0522448 0.0356246 1 0 0 0 0 0 0 0
443 1 0.1 5.49181 3.9047 0.762677 -0.00155566 -0.000952981 -0.000442256 0.00225696 0.0206798 -0.0307362 1 0 0 0 0 0 0 0
444 1 0.1 5.60863 4.06635 0.748528 0.000266335 -0.00134331 0.00205314 -0.0573537 0.0409415 0.033286 1 0 0 0 0 0 0 0
445 1 0.1 5.72651 4.21253 0.680266 -0.000501968 -0.00235798 0.00102955 0.0435696 -0.0436328 -0.0282204 1 0 0 0 0 0 0 0
446 1 0.1 5.86658 4.33503 0.762564 -0.0102369 -0.00595606 9.53787e-05 -0.0718393 0.133492 -0.133685 1 0 0 0 0 0 0 0
447 1 0.1 5.98381 4.49703 0.762535 -0.00902325 -0.00696427 -0.00101286 -0.0669394 0.0972977 -0.138334 1 0 0 0 0 0 0 0
448 1 0.1 6.05825 4.80847 0.762921 -0.000111769 0.00238697 0.00113033 0.0464319 -0.00680385 0.0879282 1 0 0 0 0 0 0 0
449 1 0.1 6.31259 5.29053 0.750021 0.000317112 0.00026042 0.000224018 -0.00368589 0.00173119 0.00277954 1 0 0 0 0 0 0 0
450 1 0.1 6.31186 0.915366 0.635554 -0.000731858 -0.00025168 0.000197133 -0.0117977 -0.00898648 0.000400534 1 0 0 0 0 0 0 0
451 1 0.1 6.17131 1.05731 0.628523 0.0002393 6.63979e-05 5.59454e-05 -0.000560647 0.0269779 -0.0131524 1 0 0 0 0 0 0 0
452 1 0.1 6.11218 1.42873 0.760832 0.00405897 0.00105616 -0.000183223 -0.0619549 0.0335308 0.0098793 1 0 0 0 0 0 0 0
453 1 0.1 5.96765 1.56677 0.76271 0.00354773 0.000218207 0.000399042 0.043382 -0.00435029 0.00227749 1 0 0 0 0 0 0 0
454 1 0.1 5.78725 2.09424 0.761693 0.0197116 -0.000718767 -0.0049062 -0.0354866 0.13314 0.0162926 1 0 0 0 0 0 0 0
455 1 0.1 5.6409 2.33248 0.762864 0.00161838 -0.00983124 0.000656134 -0.109986 -0.0207128 0.0718431 1 0 0 0 0 0 0 0
456 1 0.1 5.4383 2.40311 0.762587 -0.0012392 0.00715799 -0.00132202 0.033985 0.0430528 0.208596 1 0 0 0 0 0 0 0
457 1 0.1 5.60629 2.33941 0.452697 -0.0153672 0.00747807 0.00950555 -0.398077 0.174014 -0.554776 1 0 0 0 0 0 0 0
458 1 0.1 5.2521 2.54753 0.762944 -0.00916486 -0.00238537 -0.000796474 -0.0136949 0.0929785 0.161226 1 0 0 0 0 0 0 0
459 1 0.1 5.42826 2.6429 0.762969 -0.0101693 -0.00157522 0.00198253 -0.0118924 0.100132 0.125687 1 0 0 0 0 0 0 0
460 1 0.1 5.10954 2.57502 0.626632 -0.00433539 0.00192833 -0.00612663 0.186517 -0.16584 -0.100975 1 0 0 0 0 0 0 0
461 1 0.1 4.86715 2.84767 0.763976 0.0171368 -0.0317348 0.0126395 -0.380796 0.222543 0.162636 1 0 0 0 0 0 0 0
462 1 0.1 4.73678 3.00843 0.763879 0.00369822 -0.0188573 0.000825614 -0.20321 -0.0251512 0.372068 1 0 0 0 0 0 0 0
463 1 0.1 5.12889 3.05231 0.465525 -0.079032 0.00158632 0.0213491 0.387241 0.30136 -0.0877273 1 0 0 0 0 0 0 0
464 1 0.1 4.97567 3.14122 0.557669 -0.0703975 0.0127719 0.0389887 0.380835 -0.302541 1.90365 1 0 0 0 0 0 0 0
465 1 0.1 5.22472 3.44743 0.579692 -0.0288014 -0.00412069 -0.0317493 0.460482 -0.178768 0.0507972 1 0 0 0 0 0 0 0
466 1 0.1 5.42317 3.64078 0.758298 -0.00959136 -0.00870824 0.00855461 0.205972 -0.0285304 -0.00530137 1 0 0 0 0 0 0 0
467 1 0.1 5.6045 3.73309 0.571617 -0.00777705 -0.0193698 0.00255121 0.0235233 0.0401872 0.0153351 1 0 0 0 0 0 0 0
468 1 0.1 5.64378 3.77474 0.76295 -0.00471333 -0.00625729 -0.00031772 -0.11389 0.00400254 -0.00692719 1 0 0 0 0 0 0 0
469 1 0.1 5.75989 3.93698 0.761412 -0.00453581 -0.00725909 -0.00032727 0.105728 -0.0436089 -0.103204 1 0 0 0 0 0 0 0
470 1 0.1 5.95651 3.97242 0.762533 -0.00353819 -0.0112513 -0.000679749 -0.119594 0.0442555 0.0694176 1 0 0 0 0 0 0 0
471 1 0.1 5.98029 4.17079 0.755075 -0.0172838 -0.010107 -0.0126075 0.0236118 0.161381 0.0625083 1 0 0 0 0 0 0 0
472 1 0.1 6.03502 4.33499 0.654862 -0.00767376 -0.00142009 0.00491781 0.160984 0.0190751 0.0222777 1 0 0 0 0 0 0 0
473 1 0.1 6.03192 5.00641 0.760662 0.00042326 0.0011434 -0.00336546 0.0770715 -0.0678213 -0.0567781 1 0 0 0 0 0 0 0
474 1 0.1 6.20721 4.92836 0.704899 0.000528907 -0.00026858 0.00049865 0.0242675 -0.0150513 0.00187308 1 0 0 0 0 0 0 0
475 1 0.1 6.30923 1.11102 0.762615 0.00134627 -0.00029569 -0.000210476 -0.00563659 -0.0152174 0.00130905 1 0 0 0 0 0 0 0
476 1 0.1 6.27087 1.30721 0.759764 0.00330767 0.000138472 -0.000382596 0.00398504 0.013301 -0.021073 1 0 0 0 0 0 0 0
477 1 0.1 5.98646 1.90297 0.617108 0.0570708 0.00328051 0.00702618 0.0554597 -0.0156714 -0.0401419 1 0 0 0 0 0 0 0
478 1 0.1 5.88213 2.26995 0.752131 0.00426023 0.0073474 -0.0138492 0.0906762 0.159544 0.145062 1 0 0 0 0 0 0 0
479 1 0.1 5.80061 2.4522 0.762693 -0.00702426 0.00186164 -0.000983386 -0.0466374 0.0420169 0.0402395 1 0 0 0 0 0 0 0
480 1 0.1 5.90927 3.21603 0.762603 0.00762522 0.00270379 0.000877127 0.0142995 -0.0695637 0.136353 1 0 0 0 0 0 0 0
481 1 0.1 5.85299 2.82485 0.76273 -0.0151787 0.00413773 -0.000401441 0.0498852 0.152046 0.0201161 1 0 0 0 0 0 0 0
482 1 0.1 5.61253 2.53341 0.762849 -0.0132715 -0.0127339 -0.000737043 -0.127573 0.139949 -0.116943 1 0 0 0 0 0 0 0
483 1 0.1 5.67893 2.46882 0.586146 0.00903536 0.0116997 -0.0048026 0.37321 -0.549763 0.0224693 1 0 0 0 0 0 0 0
484 1 0.1 5.4337 2.84209 0.75355 -0.0287358 -0.00431175 -0.00414809 -0.0102172 0.112068 0.0708255 1 0 0 0 0 0 0 0
485 1 0.1 5.30465 2.99423 0.763391 -0.0218794 0.0030497 -0.00289426 0.0524848 0.185986 0.0063306 1 0 0 0 0 0 0 0
486 1 0.1 5.06383 2.80805 0.763037 -0.0145118 -0.0186591 0.000452408 -0.163827 0.136525 0.0785093 1 0 0 0 0 0 0 0
487 1 0.1 4.9804 3.01304 0.762979 -0.00647401 -0.0401921 -0.000499516 -0.421452 0.0758961 0.38807 1 0 0 0 0 0 0 0
488 1 0.1 5.1493 3.11972 0.762443 -0.026893 -0.00331265 -0.00662143 0.00245497 -0.27058 0.0661598 1 0 0 0 0 0 0 0
489 1 0.1 5.22565 3.29717 0.711418 -0.0203276 -0.0150305 -0.0432557 -0.309286 0.488675 -0.226759 1 0 0 0 0 0 0 0
490 1 0.1 5.41783 3.27668 0.762504 -0.0325658 -0.0234335 -0.000137134 -0.10101 -0.89135 0.0276318 1 0 0 0 0 0 0 0
491 1 0.1 5.32138 3.46872 0.762893 -0.0193089 -0.00363429 -0.00181775 -0.034298 0.208162 -0.0433581 1 0 0 0 0 0 0 0
492 1 0.1 5.53631 3.43995 0.762689 -0.00303045 -0.00618809 0.00118931 0.0214873 0.00638422 -0.00978515 1 0 0 0 0 0 0 0
493 1 0.1 5.75763 3.08589 0.762951 0.00405069 0.00926945 0.00131389 0.0749014 -0.0590474 -0.365558 1 0 0 0 0 0 0 0
494 1 0.1 5.67993 3.57874 0.76254 -0.00736735 -0.0045807 0.000569681 -0.0430914 0.0185623 0.0220795 1 0 0 0 0 0 0 0
495 1 0.1 5.83399 3.71305 0.762604 -0.00492314 -0.00840821 -0.000232922 -0.085051 0.0490383 0.0100699 1 0 0 0 0 0 0 0
496 1 0.1 5.88695 3.54905 0.660968 -7.17885e-05 -0.00781814 -0.00378523 -0.0316803 -0.0146311 0.0177077 1 0 0 0 0 0 0 0
497 1 0.1 5.99476 4.22014 0.453518 -0.127674 0.0636705 -0.210232 -1.24513 3.97045 1.84595 1 0 0 0 0 0 0 0
498 1 0.1 6.14092 4.62613 0.762632 -0.00295572 0.00126936 -0.000142982 0.00682823 0.0336684 0.00586382 1 0 0 0 0 0 0 0
499 1 0.1 6.29224 4.75684 0.762574 -0.000820663 -0.0009034 0.00043434 -0.0142106 0.0304656 -0.0193884 1 0 0 0 0 0 0 0
