500
0 1 0.1 6.00806 1.00733 0.150157 -0.000564689 0.00109609 -0.000295799 0.00220395 0.00557042 0.00248969 1 0 0 0 0 0 0 0
1 1 0.1 5.86801 1.14969 0.141896 -0.00302996 0.000929981 -0.00170594 -0.027636 -0.000510533 0.0216448 1 0 0 0 0 0 0 0
2 1 0.1 5.69452 1.33273 0.137151 0.00166059 -0.00180167 -0.000774658 0.0902268 0.0568182 -0.0636789 1 0 0 0 0 0 0 0
3 1 0.1 5.35638 1.66889 0.137188 -0.00268209 0.00518033 -0.00130105 -0.0491089 -0.0123895 -0.118021 1 0 0 0 0 0 0 0
4 1 0.1 5.49481 1.79147 0.29475 0.0105164 0.00138173 0.000422536 0.00521605 0.258268 -0.371363 1 0 0 0 0 0 0 0
5 1 0.1 5.19967 1.82558 0.144754 -0.00204363 -0.00463397 0.00304268 -0.0197092 -0.0606114 -0.0292024 1 0 0 0 0 0 0 0
6 1 0.1 5.05987 1.96798 0.137029 0.00262392 -0.00239086 0.0017671 0.0288036 0.0457997 -0.0361913 1 0 0 0 0 0 0 0
7 1 0.1 4.8695 2.15207 0.136871 0.00655248 -0.00276049 0.00202229 0.0915413 0.209341 -0.17676 1 0 0 0 0 0 0 0
8 1 0.1 4.63553 2.62086 0.134569 0.000612868 0.0296984 0.0117961 -0.333233 0.0412884 0.0265028 1 0 0 0 0 0 0 0
9 1 0.1 4.79677 2.48401 0.326009 -0.0183163 0.00495414 0.0104187 0.0421361 -0.199655 -0.358766 1 0 0 0 0 0 0 0
10 1 0.1 4.23358 2.78701 0.143038 -0.0774967 0.100632 0.0415761 0.00682295 -0.505894 1.23696 1 0 0 0 0 0 0 0
11 1 0.1 4.19336 2.82724 0.355001 -0.00191833 0.00207224 0.00637641 0.0647843 -0.0503912 0.109379 1 0 0 0 0 0 0 0
12 1 0.1 4.19033 2.99021 0.145963 -0.0178576 0.054344 0.0263391 -0.0463585 -0.285893 0.558805 1 0 0 0 0 0 0 0
13 1 0.1 4.21537 3.19033 0.140206 0.010576 0.00237894 -0.00750179 0.0471535 0.053643 0.0475875 1 0 0 0 0 0 0 0
14 1 0.1 4.35699 3.3315 0.14116 0.00505147 0.00944727 -0.00163998 -0.0552711 -0.0282613 -0.0638598 1 0 0 0 0 0 0 0
15 1 0.1 4.49252 3.46011 0.209279 0.00677201 0.00775962 -0.0119447 -0.00804559 -0.0854336 0.0147818 1 0 0 0 0 0 0 0
16 1 0.1 4.6872 3.41601 0.19851 0.0059922 0.00354075 0.00498335 0.0110492 -0.093101 -0.104602 1 0 0 0 0 0 0 0
17 1 0.1 4.62194 3.59647 0.142268 0.00354316 0.00296956 -0.00405066 0.0580962 0.0184935 -0.0175804 1 0 0 0 0 0 0 0
18 1 0.1 4.7622 3.73867 0.148197 0.00271989 0.00202691 -0.000901412 0.0133945 -0.0105724 0.0431317 1 0 0 0 0 0 0 0
19 1 0.1 5.15983 4.13493 0.196488 0.00964735 0.0145529 0.00104119 0.00841692 -0.0195296 0.160907 1 0 0 0 0 0 0 0
20 1 0.1 5.29788 4.27826 0.137354 -0.00142186 -0.0113649 0.00522631 0.0349563 0.135669 -0.115629 1 0 0 0 0 0 0 0
21 1 0.1 5.43795 4.41837 0.159866 -0.000635375 -0.00425552 -0.0120173 0.152497 0.0622034 -0.0330789 1 0 0 0 0 0 0 0
22 1 0.1 5.57814 4.55918 0.14523 0.00124379 -0.0034488 -0.0048622 0.0744178 -0.00387581 0.140855 1 0 0 0 0 0 0 0
23 1 0.1 5.71903 4.70102 0.148378 -0.000573549 -0.000554267 3.97294e-05 -0.00248213 -0.0032596 -0.00539189 1 0 0 0 0 0 0 0
24 1 0.1 6.0026 4.98582 0.150012 -0.000465637 -0.000900716 -0.000133182 0.000446545 0.00230356 -0.0104863 1 0 0 0 0 0 0 0
25 1 0.1 6.14938 0.865888 0.149989 -0.0017093 0.000367692 -2.04841e-05 -0.000555688 -0.000697865 0.0149121 1 0 0 0 0 0 0 0
26 1 0.1 5.92003 1.34217 0.137342 0.000233621 -0.00176589 0.0017658 0.058482 0.0346223 -0.0569291 1 0 0 0 0 0 0 0
27 1 0.1 5.91975 1.54147 0.137279 0.00643455 -0.00106038 -0.000245415 -0.0804587 -0.0195123 -0.00911206 1 0 0 0 0 0 0 0
28 1 0.1 5.55483 1.47531 0.136706 0.00841716 0.00229908 -0.00253488 -0.012318 0.0920271 -0.153747 1 0 0 0 0 0 0 0
29 1 0.1 5.65335 1.83702 0.181769 -0.065998 0.00825153 -0.103525 -1.03398 -0.112032 0.337478 1 0 0 0 0 0 0 0
30 1 0.1 5.39533 1.86394 0.139401 -0.0105143 0.00773978 0.0216662 0.0829365 0.0730759 0.343389 1 0 0 0 0 0 0 0
31 1 0.1 5.26641 2.01453 0.136359 -0.00181909 0.012819 -0.00148476 -0.114891 -0.0458989 -0.453748 1 0 0 0 0 0 0 0
32 1 0.1 5.06095 2.20091 0.147198 0.00759219 0.0169993 0.0110981 -0.132686 -0.315084 0.379669 1 0 0 0 0 0 0 0
33 1 0.1 4.58936 2.4269 0.150067 -0.0207164 0.033638 -0.00683466 0.0776884 0.126268 0.382782 1 0 0 0 0 0 0 0
34 1 0.1 4.91202 2.55245 0.135008 -0.00596651 0.0463541 -0.00591176 -0.561777 -0.294495 0.0459214 1 0 0 0 0 0 0 0
35 1 0.1 4.37871 2.63654 0.149958 -0.00614651 0.010483 0.000290391 -0.00238076 -0.00202111 0.125242 1 0 0 0 0 0 0 0
36 1 0.1 4.86223 2.67169 0.276926 -0.00151698 0.0562623 -0.0124924 0.493393 0.337181 -0.120374 1 0 0 0 0 0 0 0
37 1 0.1 4.37896 2.92462 0.138089 -0.0189989 0.0524805 0.0182178 -0.14604 0.438352 -0.570977 1 0 0 0 0 0 0 0
38 1 0.1 4.40591 3.13734 0.136709 0.0162186 -0.00992101 -0.000470901 0.0878215 -0.13792 -0.106731 1 0 0 0 0 0 0 0
39 1 0.1 4.55049 3.28361 0.13715 0.00127616 0.0101595 -0.00140429 -0.149743 -0.0181235 0.124899 1 0 0 0 0 0 0 0
40 1 0.1 4.79335 3.27002 0.284599 0.00501388 0.00109636 0.00260349 -0.0864314 0.256603 0.023051 1 0 0 0 0 0 0 0
41 1 0.1 4.98191 3.67037 0.136771 0.00567022 0.00282736 0.0110642 -0.0114627 0.0501989 0.0408763 1 0 0 0 0 0 0 0
42 1 0.1 5.10568 3.82696 0.13444 -0.0473736 0.047308 -0.0214989 1.75926 0.724957 0.126113 1 0 0 0 0 0 0 0
43 1 0.1 5.01551 3.99066 0.185263 -0.00124349 -0.0362398 0.181354 -1.305 -1.29624 -0.285922 1 0 0 0 0 0 0 0
44 1 0.1 5.4483 4.00736 0.1371 0.0304204 0.00702006 0.00472125 0.278002 0.460572 -0.2467 1 0 0 0 0 0 0 0
45 1 0.1 5.53023 4.18976 0.137502 -0.318918 0.169223 0.000628387 -0.0812163 0.0711253 2.69189 1 0 0 0 0 0 0 0
46 1 0.1 5.62965 4.36297 0.148552 0.00594906 0.00206337 -0.00542451 0.00624127 -0.175195 0.119266 1 0 0 0 0 0 0 0
47 1 0.1 5.77049 4.50814 0.137281 0.00392673 0.00093635 -9.5164e-05 -0.00928409 -0.0650857 -0.094647 1 0 0 0 0 0 0 0
48 1 0.1 5.86011 4.84265 0.14991 8.95659e-05 -7.92286e-05 -0.000576732 -0.00392447 0.00907206 -0.000550097 1 0 0 0 0 0 0 0
49 1 0.1 6.14402 5.12716 0.150009 0.000114784 -0.000453809 -0.000522743 0.00202952 0.00321057 -0.0015857 1 0 0 0 0 0 0 0
50 1 0.1 6.29074 0.724546 0.150026 -0.000158637 0.000466721 -0.000372659 -0.00245696 0.00362446 -0.000457199 1 0 0 0 0 0 0 0
51 1 0.1 6.06108 1.20092 0.137406 -0.00327176 -0.00540714 -0.00211831 -0.0209711 -0.0517547 0.102023 1 0 0 0 0 0 0 0
52 1 0.1 6.01384 1.75276 0.137475 0.173537 0.0686563 -1.59389e-05 0.453211 -1.53552 1.27762 1 0 0 0 0 0 0 0
53 1 0.1 5.81807 1.71278 0.13691 0.168057 0.0951396 -0.000712031 -0.951936 1.67574 -1.83563 1 0 0 0 0 0 0 0
54 1 0.1 5.77564 1.98847 0.137404 0.0110594 -0.018013 0.000426886 0.210048 -0.155854 0.466663 1 0 0 0 0 0 0 0
55 1 0.1 5.52443 1.98388 0.233889 -0.00457317 0.0252566 -0.0117809 -0.144703 0.491622 0.118471 1 0 0 0 0 0 0 0
56 1 0.1 5.458 2.17604 0.137378 0.000221492 0.00586732 -0.00031514 -0.0447865 -0.0142408 0.0137622 1 0 0 0 0 0 0 0
57 1 0.1 5.25739 2.21268 0.136859 0.00655246 0.0141798 0.000745328 -0.270444 0.39699 -0.388817 1 0 0 0 0 0 0 0
58 1 0.1 5.09875 2.32157 0.30932 -0.0308088 0.00433335 -0.0185171 0.0783983 0.138366 -0.230552 1 0 0 0 0 0 0 0
59 1 0.1 4.78651 2.35202 0.137397 0.00258391 -0.00780928 -0.00033751 0.0720331 0.0241118 0.058814 1 0 0 0 0 0 0 0
60 1 0.1 5.04973 2.72668 0.250472 0.0110618 0.0392217 -0.00577766 0.0518104 -0.344517 -0.0926583 1 0 0 0 0 0 0 0
61 1 0.1 4.79998 2.78215 0.133296 -0.013067 0.0547805 -0.00285035 -0.558772 -0.0771615 0.0397197 1 0 0 0 0 0 0 0
62 1 0.1 4.87788 3.06257 0.137298 0.00612542 0.0381836 -0.00376587 -0.466448 -0.0287966 0.136168 1 0 0 0 0 0 0 0
63 1 0.1 4.56427 3.00104 0.137457 0.00656634 0.00124615 -0.000374564 -0.0163881 0.0687417 0.963715 1 0 0 0 0 0 0 0
64 1 0.1 4.70124 3.15444 0.136603 0.00142079 0.0225849 0.0005244 -0.20499 0.102892 -0.0417813 1 0 0 0 0 0 0 0
65 1 0.1 4.86683 3.58991 0.277664 0.0170648 -0.00937096 0.0227622 -0.201911 0.105803 -0.028874 1 0 0 0 0 0 0 0
66 1 0.1 5.22263 3.66457 0.137451 -0.0384391 0.0607276 -0.000375581 -0.557166 -0.200064 0.206478 1 0 0 0 0 0 0 0
67 1 0.1 5.37014 3.80787 0.135873 -0.0473277 -0.0247647 -0.00876178 -0.354605 -0.501696 -0.106095 1 0 0 0 0 0 0 0
68 1 0.1 5.24885 3.96641 0.137407 -0.00368475 0.00714628 0.00872785 -0.0252069 0.0192196 -0.316443 1 0 0 0 0 0 0 0
69 1 0.1 5.60456 4.01404 0.36023 -0.0411367 -0.0616449 0.0525628 1.07692 0.131091 1.16544 1 0 0 0 0 0 0 0
70 1 0.1 5.68347 4.17574 0.272988 -0.331973 0.0102067 -0.0831349 0.13788 1.26132 -0.462214 1 0 0 0 0 0 0 0
71 1 0.1 5.80425 4.26615 0.137314 0.0279585 0.0337321 0.00182175 -0.335419 0.297831 0.210675 1 0 0 0 0 0 0 0
72 1 0.1 5.94498 4.41065 0.137452 0.00413125 -0.00173933 -0.00105141 0.0365175 0.0186822 0.106345 1 0 0 0 0 0 0 0
73 1 0.1 6.1492 4.85057 0.137327 -3.89425e-05 -0.00147227 -0.000621374 -0.00927807 0.0382911 -0.01643 1 0 0 0 0 0 0 0
74 1 0.1 6.3906 5.36736 0.150037 -0.000216523 -0.000222626 1.55509e-05 0.00127046 0.00114131 -0.0042167 1 0 0 0 0 0 0 0
75 1 0.1 6.31424 0.94877 0.260303 -0.00426734 0.00764445 0.00289864 0.175991 -0.265693 0.363628 1 0 0 0 0 0 0 0
76 1 0.1 6.20102 1.05849 0.137409 -0.00132633 0.000556005 0.00148179 0.00888545 0.00209576 -0.0285336 1 0 0 0 0 0 0 0
77 1 0.1 6.1201 1.58341 0.137492 0.0451462 -0.0119892 2.81128e-06 0.120172 0.453855 -1.32778 1 0 0 0 0 0 0 0
78 1 0.1 5.97645 1.93451 0.212034 0.218109 0.0569007 0.0525108 -0.923897 2.00579 0.14205 1 0 0 0 0 0 0 0
79 1 0.1 5.73899 2.21047 0.309276 0.0416273 -0.0271006 -0.0378221 -0.552276 -0.295003 -0.110218 1 0 0 0 0 0 0 0
80 1 0.1 5.65734 2.1494 0.137366 -0.017805 -0.0390946 -0.00270255 -0.124327 -0.0349117 -0.00116211 1 0 0 0 0 0 0 0
81 1 0.1 5.64111 2.34839 0.137249 0.0036686 -0.0378926 -0.0139452 0.0792846 -0.00755885 -0.202342 1 0 0 0 0 0 0 0
82 1 0.1 5.71404 2.76761 0.137087 0.0391114 0.0317384 0.0117829 -0.218337 0.359553 0.111409 1 0 0 0 0 0 0 0
83 1 0.1 5.43802 2.37501 0.137488 0.0132364 0.00882531 4.68128e-05 -0.0580022 -0.0736869 -0.00902312 1 0 0 0 0 0 0 0
84 1 0.1 5.03336 2.39752 0.136352 -0.0365837 0.0139195 -0.00167936 0.212753 -0.165415 -0.230249 1 0 0 0 0 0 0 0
85 1 0.1 5.12989 2.58349 0.136983 0.0182412 0.0236212 0.0042133 -0.203024 0.228291 0.0255944 1 0 0 0 0 0 0 0
86 1 0.1 5.44702 2.86936 0.305637 0.0169515 0.00508346 0.000233716 -0.0651422 0.104472 -0.0914217 1 0 0 0 0 0 0 0
87 1 0.1 4.99653 2.90559 0.18097 0.0397078 0.0414379 -0.0267977 -0.361893 0.0327141 0.0693851 1 0 0 0 0 0 0 0
88 1 0.1 5.05714 3.29282 0.135273 0.038492 0.016892 -0.00412373 -0.178585 0.469239 0.158573 1 0 0 0 0 0 0 0
89 1 0.1 4.90199 3.45575 0.136382 0.00971785 0.0231513 -0.00312676 -0.100018 0.251036 -0.20491 1 0 0 0 0 0 0 0
90 1 0.1 5.09553 3.50582 0.137496 0.0135987 0.00827194 -0.00033169 -0.0587782 -0.058865 0.0376096 1 0 0 0 0 0 0 0
91 1 0.1 5.41028 3.55066 0.137317 0.0196824 0.0255515 -0.000953064 0.483996 0.174844 0.0163344 1 0 0 0 0 0 0 0
92 1 0.1 5.54296 3.70704 0.137105 -0.030348 0.0609648 0.000375878 -0.607914 -0.291973 -0.0177837 1 0 0 0 0 0 0 0
93 1 0.1 5.70707 3.82016 0.152544 -0.0422882 0.0704828 0.0567991 -0.196734 -0.895551 0.0514359 1 0 0 0 0 0 0 0
94 1 0.1 5.64804 4.01094 0.142421 0.0288024 0.0900163 -0.00250554 0.00574409 -0.386692 1.09793 1 0 0 0 0 0 0 0
95 1 0.1 5.8692 4.00731 0.137396 -0.0104592 0.0185852 -0.00410401 -0.125833 -0.0632187 0.229213 1 0 0 0 0 0 0 0
96 1 0.1 5.99558 4.16211 0.137465 -0.0273135 0.0523394 0.00254046 -0.0139349 -0.229266 0.0942117 1 0 0 0 0 0 0 0
97 1 0.1 6.06149 4.55406 0.213921 0.00312987 -0.00140741 0.00440914 0.0395009 0.000426654 -0.0183337 1 0 0 0 0 0 0 0
98 1 0.1 6.29069 4.99156 0.141102 0.000260721 -0.0014826 -0.00233816 0.0150611 -0.00158158 0.00501574 1 0 0 0 0 0 0 0
99 1 0.1 6.38447 5.16799 0.137493 -0.000157417 -0.000454415 -0.000279386 0.00456283 -0.000288497 0.00563665 1 0 0 0 0 0 0 0
100 1 0.1 6.35929 0.655521 0.349907 0.011097 -0.0171773 -0.00608394 -0.162942 -0.0670254 -0.119354 1 0 0 0 0 0 0 0
101 1 0.1 6.24477 1.27992 0.137482 0.000230233 -0.0122384 3.49782e-05 0.0122177 -0.019399 -0.106333 1 0 0 0 0 0 0 0
102 1 0.1 6.09879 1.39729 0.207363 0.00379371 -0.00729097 -0.000234428 -0.00461259 0.0065224 0.0318328 1 0 0 0 0 0 0 0
103 1 0.1 5.90497 2.29279 0.223136 0.0798601 0.0212087 -0.00683796 -0.22551 0.172494 0.15683 1 0 0 0 0 0 0 0
104 1 0.1 5.86719 3.01656 0.324973 -0.0686477 0.137236 0.0586289 1.57626 0.248676 1.10406 1 0 0 0 0 0 0 0
105 1 0.1 5.85105 2.46684 0.137285 0.0480914 0.025641 0.00485462 -0.293949 0.498609 -0.0307526 1 0 0 0 0 0 0 0
106 1 0.1 5.68048 2.57101 0.137445 0.0469738 0.0173162 -0.00563059 0.686105 -0.00952953 0.230188 1 0 0 0 0 0 0 0
107 1 0.1 5.70685 3.06711 0.43315 -0.125952 -0.0144842 0.04233 0.139413 -1.19108 -0.750971 1 0 0 0 0 0 0 0
108 1 0.1 5.50098 2.77958 0.136789 0.0124963 0.00555453 -0.000240523 -0.116444 -0.0170075 0.082241 1 0 0 0 0 0 0 0
109 1 0.1 5.47634 2.57249 0.136358 0.0110669 0.00922805 -0.00166387 -0.0382891 0.0954796 0.137562 1 0 0 0 0 0 0 0
110 1 0.1 5.32016 2.69545 0.139451 0.0168394 0.00993711 0.0350423 -0.247798 0.23632 -0.116546 1 0 0 0 0 0 0 0
111 1 0.1 5.17745 2.83482 0.13716 0.0394596 0.0306233 -0.000189579 -0.321534 -0.137184 -0.191841 1 0 0 0 0 0 0 0
112 1 0.1 5.25984 3.01697 0.138626 0.0206396 0.0390639 -0.0488757 -0.00724597 0.538201 0.446121 1 0 0 0 0 0 0 0
113 1 0.1 5.07528 3.09378 0.137483 0.00990081 0.0149254 0.00141189 0.0363239 -0.0226147 -0.235371 1 0 0 0 0 0 0 0
114 1 0.1 5.36633 3.20631 0.257023 -0.0154794 0.0205618 -0.0306585 0.287183 -0.507998 -0.520203 1 0 0 0 0 0 0 0
115 1 0.1 5.42814 3.35314 0.136666 0.0327377 0.0256571 0.00263149 0.302453 0.255827 0.0942863 1 0 0 0 0 0 0 0
116 1 0.1 5.5209 3.16445 0.137452 0.00409063 -0.00098342 0.000151059 0.00659715 0.0274223 -0.0144802 1 0 0 0 0 0 0 0
117 1 0.1 5.59503 3.34049 0.244546 0.0426761 0.039755 -0.0109496 0.0746671 -0.205555 -0.0717714 1 0 0 0 0 0 0 0
118 1 0.1 5.81803 3.64212 0.137221 0.0125913 0.00294323 -0.00478795 0.101164 0.0397151 0.0820317 1 0 0 0 0 0 0 0
119 1 0.1 5.917 3.8144 0.15815 0.00818865 0.0153593 0.00796715 0.0138404 -0.0838355 -0.0112847 1 0 0 0 0 0 0 0
120 1 0.1 5.67793 3.50026 0.136838 0.0195518 -0.00836821 -2.77702e-05 0.180485 0.138674 0.119972 1 0 0 0 0 0 0 0
121 1 0.1 5.76205 3.31947 0.13723 0.0369176 0.00556367 -0.00163587 -0.0175095 0.281526 -0.303948 1 0 0 0 0 0 0 0
122 1 0.1 6.05479 4.30365 0.265718 0.117393 0.0468247 -0.0620471 -0.155817 -0.247196 -0.455505 1 0 0 0 0 0 0 0
123 1 0.1 6.2109 4.66055 0.136946 -0.00120207 -0.00206249 -0.000269948 0.0860403 -0.0647864 0.000371302 1 0 0 0 0 0 0 0
124 1 0.1 6.29479 4.82386 0.271667 -9.24117e-05 0.00849816 0.000119865 0.730048 -0.303592 0.734596 1 0 0 0 0 0 0 0
125 1 0.1 5.9353 1.07938 0.349765 0.00729466 -0.0103549 -0.009329 0.0189884 0.000613174 0.0230822 1 0 0 0 0 0 0 0
126 1 0.1 5.7966 1.22234 0.336935 0.00964977 -0.00607489 -0.00479957 -0.0164948 0.0373149 -0.0678138 1 0 0 0 0 0 0 0
127 1 0.1 5.65668 1.36429 0.329945 0.0119249 -0.00519483 -0.00346463 0.0694643 -0.0625156 0.021023 1 0 0 0 0 0 0 0
128 1 0.1 5.51557 1.50499 0.329197 0.0130791 -0.00883263 -3.3311e-05 0.16369 -0.122039 0.00205893 1 0 0 0 0 0 0 0
129 1 0.1 5.36849 1.64684 0.350031 -0.00572207 0.0119364 0.00876041 0.0513643 -0.0608242 0.128175 1 0 0 0 0 0 0 0
130 1 0.1 5.14324 1.88063 0.343878 0.0146555 -0.0106118 -0.0231482 0.0556628 0.315035 0.100959 1 0 0 0 0 0 0 0
131 1 0.1 5.00553 2.02327 0.320113 0.010215 -0.00816797 0.00614314 0.0566727 -0.0097319 -0.1061 1 0 0 0 0 0 0 0
132 1 0.1 4.89765 2.18947 0.330051 0.0154234 -0.00188248 0.00512352 -0.124978 0.116148 0.0380028 1 0 0 0 0 0 0 0
133 1 0.1 4.73083 2.29535 0.320708 0.0160799 -0.00734259 0.00292116 -0.483322 -0.272941 0.14747 1 0 0 0 0 0 0 0
134 1 0.1 4.62347 2.39916 0.44991 0.0114291 -0.00728699 -0.00365635 0.396989 0.266778 0.00364161 1 0 0 0 0 0 0 0
135 1 0.1 4.48757 2.53814 0.356915 0.00677126 0.00765017 0.015782 0.136742 -0.121377 0.0120222 1 0 0 0 0 0 0 0
136 1 0.1 4.33613 2.6875 0.347106 -0.00360255 0.000982699 0.00602731 0.0402054 -0.0419611 0.0375127 1 0 0 0 0 0 0 0
137 1 0.1 4.2802 2.99647 0.395635 0.0139992 -0.000412477 -0.0145218 -0.222057 0.163133 -0.209413 1 0 0 0 0 0 0 0
138 1 0.1 4.20049 3.17408 0.367073 0.025851 0.000420341 -0.0174613 0.129872 0.177486 0.122491 1 0 0 0 0 0 0 0
139 1 0.1 4.34002 3.31353 0.339072 0.00352041 0.00469225 -0.0142555 0.0818763 0.0898442 0.0696425 1 0 0 0 0 0 0 0
140 1 0.1 4.58272 3.56101 0.355237 -0.00654772 -0.0109114 0.0100215 0.150286 -0.22867 -0.193075 1 0 0 0 0 0 0 0
141 1 0.1 4.747 3.72493 0.361483 0.00956 0.00178202 0.0100073 -0.0895707 -0.101791 0.0661313 1 0 0 0 0 0 0 0
142 1 0.1 4.88755 3.86425 0.332689 0.00423486 0.0049642 0.00344106 -0.00906746 -0.000605502 0.034698 1 0 0 0 0 0 0 0
143 1 0.1 5.0287 4.00696 0.378075 -0.0232901 0.00256772 0.139475 0.908205 0.966078 0.150908 1 0 0 0 0 0 0 0
144 1 0.1 5.37527 4.14453 0.261451 0.0806076 0.0258218 0.0290514 -0.675695 0.661202 0.471461 1 0 0 0 0 0 0 0
145 1 0.1 5.35234 4.32663 0.340777 -0.0303712 -0.010122 0.0878127 0.212742 -1.35525 -0.0565798 1 0 0 0 0 0 0 0
146 1 0.1 5.50755 4.48768 0.356819 -0.00260926 -0.00532481 -0.000832163 -0.0366404 0.030882 -0.0508284 1 0 0 0 0 0 0 0
147 1 0.1 5.64838 4.63133 0.350221 -0.00301867 -0.00435541 0.00204317 -0.0523238 -0.0062579 -0.0725928 1 0 0 0 0 0 0 0
148 1 0.1 5.79547 4.76527 0.366391 -0.00324266 -0.00263806 -0.00224107 0.0299047 0.0629896 0.17038 1 0 0 0 0 0 0 0
149 1 0.1 5.93102 4.91168 0.355379 -0.000307745 -0.00258211 0.00133413 0.0121995 -0.0172778 -0.012518 1 0 0 0 0 0 0 0
150 1 0.1 6.07732 0.938922 0.345571 0.0123595 -0.0188136 -0.0114959 0.0202597 0.0416519 0.0589994 1 0 0 0 0 0 0 0
151 1 0.1 5.83228 1.60993 0.307791 -0.151291 0.0877015 0.0212731 0.527233 -0.445256 0.162843 1 0 0 0 0 0 0 0
152 1 0.1 5.61032 1.64623 0.222217 0.00198078 0.00757255 -0.00935733 0.0134478 0.0781457 0.333798 1 0 0 0 0 0 0 0
153 1 0.1 6.00602 2.04191 0.585126 0.0490636 0.0207781 0.0151041 -0.0480802 -0.321989 -0.0168221 1 0 0 0 0 0 0 0
154 1 0.1 5.66405 1.84863 0.380969 0.074173 -0.0217434 -0.105726 1.63332 1.43081 1.0081 1 0 0 0 0 0 0 0
155 1 0.1 5.32047 1.83464 0.423829 0.00938578 0.0133628 0.00376731 0.0303752 -0.639571 0.212683 1 0 0 0 0 0 0 0
156 1 0.1 5.17096 2.13516 0.311989 -0.0100849 0.0218166 -0.0347983 -0.112902 0.39859 0.469867 1 0 0 0 0 0 0 0
157 1 0.1 5.04684 2.20414 0.462516 -0.00437882 -0.0194779 -0.0248135 0.225996 0.35852 0.0412723 1 0 0 0 0 0 0 0
158 1 0.1 4.91193 2.36026 0.432419 -0.00728199 0.00311825 0.00497753 0.0372378 0.257653 0.459577 1 0 0 0 0 0 0 0
159 1 0.1 4.87885 2.84979 0.396866 -0.199555 0.150444 0.322067 0.540691 -4.06292 1.60875 1 0 0 0 0 0 0 0
160 1 0.1 4.66187 2.63043 0.326686 0.0148487 0.0257931 0.0328075 0.35273 0.15716 0.00954777 1 0 0 0 0 0 0 0
161 1 0.1 4.52213 2.7597 0.387457 -0.00367217 0.0162033 -0.00281542 -0.363231 -0.224915 0.0982907 1 0 0 0 0 0 0 0
162 1 0.1 4.44602 3.0281 0.296317 0.0144417 -0.0040678 0.00601166 -0.301842 0.0236571 0.00145356 1 0 0 0 0 0 0 0
163 1 0.1 4.58756 3.16502 0.298663 0.0261688 -0.0259044 0.0192999 0.364385 -0.125266 0.117059 1 0 0 0 0 0 0 0
164 1 0.1 4.52395 3.35368 0.405998 0.00446472 -0.0126156 -0.0158985 0.225745 -0.0175298 -0.141449 1 0 0 0 0 0 0 0
165 1 0.1 4.86169 3.60734 0.475381 0.0127232 0.0198447 0.0193335 -0.0119398 -0.020526 0.122804 1 0 0 0 0 0 0 0
166 1 0.1 5.05633 3.57783 0.441553 0.00825785 0.0138118 0.0112054 0.1231 0.0521445 -0.175563 1 0 0 0 0 0 0 0
167 1 0.1 5.037 3.73307 0.317899 0.00984206 0.0135837 0.014155 -0.106667 -0.0191223 0.0445604 1 0 0 0 0 0 0 0
168 1 0.1 5.21931 4.06347 0.380923 -0.0272499 -0.0517387 -0.0529176 -3.06618 1.30356 -0.140328 1 0 0 0 0 0 0 0
169 1 0.1 5.40867 4.00302 0.395959 -0.0693561 -0.147405 -0.0748499 2.68716 -1.70502 -1.56026 1 0 0 0 0 0 0 0
170 1 0.1 5.50428 4.18993 0.407098 0.037422 0.0106557 0.0707666 0.318179 -0.297667 0.0298341 1 0 0 0 0 0 0 0
171 1 0.1 5.63685 4.33717 0.381405 0.0196275 0.0198405 0.0538758 -0.683113 0.131975 0.20644 1 0 0 0 0 0 0 0
172 1 0.1 5.8007 4.4341 0.320426 0.00129533 0.0113675 0.00341818 -0.113464 0.0389391 0.0135036 1 0 0 0 0 0 0 0
173 1 0.1 5.87871 4.61269 0.268194 0.00338086 -0.00104355 -0.000718839 -0.0828843 -0.0004197 -0.00231575 1 0 0 0 0 0 0 0
174 1 0.1 6.14011 5.11849 0.356557 -0.000451956 -0.00421078 -7.11444e-05 -0.0117142 0.0280514 -0.0777467 1 0 0 0 0 0 0 0
175 1 0.1 6.21799 0.796927 0.34952 0.0170183 -0.0123547 -0.0212464 0.0211828 0.0431227 0.0205528 1 0 0 0 0 0 0 0
176 1 0.1 5.92109 1.39891 0.328508 0.0048226 -0.0077638 0.00173034 -0.0200321 0.00343352 0.0539087 1 0 0 0 0 0 0 0
177 1 0.1 5.84421 1.81646 0.303984 0.145133 0.0987846 -8.8097e-05 0.50788 -3.17551 -0.469563 1 0 0 0 0 0 0 0
178 1 0.1 5.90476 2.13387 0.39072 0.0193666 -0.0274174 -0.00278166 -0.320908 0.315462 -0.228894 1 0 0 0 0 0 0 0
179 1 0.1 5.73156 2.0347 0.40265 -0.00197944 -0.00282316 0.0114889 -0.0114793 -0.369692 -0.0593166 1 0 0 0 0 0 0 0
180 1 0.1 5.4774 2.11742 0.453535 -0.0156666 0.225064 -0.02243 -0.111974 0.55511 3.07996 1 0 0 0 0 0 0 0
181 1 0.1 5.36512 2.08986 0.291757 -0.00494292 0.0181393 0.00174879 -0.198311 -0.139289 0.115421 1 0 0 0 0 0 0 0
182 1 0.1 5.21341 2.43119 0.475854 0.0106159 0.0192116 -0.0135133 0.382219 -0.176248 -0.557895 1 0 0 0 0 0 0 0
183 1 0.1 4.99496 2.49238 0.307424 -0.0280391 0.00679897 -0.00153977 -0.187063 0.318127 0.338771 1 0 0 0 0 0 0 0
184 1 0.1 5.0983 2.61602 0.425039 -0.00735229 0.0124839 -0.0278634 0.387008 0.414907 0.00500768 1 0 0 0 0 0 0 0
185 1 0.1 5.00762 2.90825 0.565033 -0.0055966 -0.0442874 -0.0314906 0.595982 0.378052 -0.220398 1 0 0 0 0 0 0 0
186 1 0.1 4.81125 2.6569 0.45466 0.0715119 -0.0184239 0.00098488 0.314983 0.497118 -0.134385 1 0 0 0 0 0 0 0
187 1 0.1 4.5098 2.78231 0.189138 -0.032371 0.0342281 0.00112419 -0.00376131 -0.0139566 0.23243 1 0 0 0 0 0 0 0
188 1 0.1 4.75994 3.08387 0.349334 0.0323451 0.00361988 0.0215236 0.1488 -0.059213 0.0382912 1 0 0 0 0 0 0 0
189 1 0.1 5.10652 3.26802 0.323539 -0.00289627 0.025769 0.00148282 0.0641285 0.200436 -0.067063 1 0 0 0 0 0 0 0
190 1 0.1 5.0061 3.43991 0.306053 -0.0109442 0.0192158 0.00891952 -0.12021 -0.02751 -0.0481905 1 0 0 0 0 0 0 0
191 1 0.1 5.21376 3.64061 0.335704 -0.0339734 0.109901 0.00588825 -0.00711499 0.0599882 1.32525 1 0 0 0 0 0 0 0
192 1 0.1 5.17462 3.88034 0.314253 0.0468875 -0.0983206 -0.0107282 -2.12717 -0.687869 0.814653 1 0 0 0 0 0 0 0
193 1 0.1 5.49587 3.86684 0.279106 0.0198473 -0.086212 -0.0611168 -0.635303 -0.533312 -0.337098 1 0 0 0 0 0 0 0
194 1 0.1 5.70242 3.8744 0.464367 0.0862473 -0.0424502 -0.0291106 0.0580312 0.0249558 0.508769 1 0 0 0 0 0 0 0
195 1 0.1 5.77132 4.1311 0.450817 0.0395498 0.107511 -0.0393655 -0.165157 -0.789047 -1.46483 1 0 0 0 0 0 0 0
196 1 0.1 5.87212 4.24748 0.324136 0.121976 0.0576865 -0.0276743 0.253911 0.642309 0.293574 1 0 0 0 0 0 0 0
197 1 0.1 5.79761 3.98074 0.321906 -0.0144223 0.0598993 0.0124349 -0.427033 0.101308 -0.0394982 1 0 0 0 0 0 0 0
198 1 0.1 6.01169 4.76101 0.251586 0.000752947 -0.000348761 -0.000324883 0.0517216 -0.0311193 0.0272197 1 0 0 0 0 0 0 0
199 1 0.1 6.28036 5.26087 0.349975 -0.00119009 -0.00131972 0.000230542 0.00371467 -0.00470595 -0.0164738 1 0 0 0 0 0 0 0
200 1 0.1 6.20784 1.10215 0.332314 -0.0286409 0.0328546 -0.00220377 -0.120871 0.129654 0.00012109 1 0 0 0 0 0 0 0
201 1 0.1 6.04733 1.24399 0.332204 0.00732799 -0.0073628 -0.00100844 0.0647643 -0.0168849 -0.0211872 1 0 0 0 0 0 0 0
202 1 0.1 5.98523 1.77619 0.439625 0.0601388 -0.0122043 0.0592902 0.240608 2.04349 -0.454352 1 0 0 0 0 0 0 0
203 1 0.1 5.95237 2.35454 0.407294 -0.0205028 0.0484844 0.0102786 -0.262257 -0.188176 -0.875628 1 0 0 0 0 0 0 0
204 1 0.1 5.90322 2.55196 0.318651 -0.0679099 0.0574875 0.163858 0.78704 -0.178878 1.18576 1 0 0 0 0 0 0 0
205 1 0.1 5.54153 2.24126 0.310453 0.0603333 0.0753117 -0.117011 -1.04869 -0.250433 -0.920539 1 0 0 0 0 0 0 0
206 1 0.1 5.34821 2.28884 0.294638 0.0389278 0.0197764 -0.0275455 -0.109199 -0.141713 -0.0610389 1 0 0 0 0 0 0 0
207 1 0.1 5.40286 2.464 0.370079 0.0425881 0.0138604 -0.0414747 -0.0068621 0.197975 -0.056369 1 0 0 0 0 0 0 0
208 1 0.1 5.24154 2.41174 0.137152 0.0131129 0.0168985 0.00294763 -0.171283 0.147608 -0.06173 1 0 0 0 0 0 0 0
209 1 0.1 5.41968 2.6567 0.307506 0.0649002 0.0112661 0.0118934 0.151664 0.21528 -0.275574 1 0 0 0 0 0 0 0
210 1 0.1 5.58717 2.89649 0.44463 0.0103421 0.0834784 -0.0114799 -0.817018 1.1917 0.158827 1 0 0 0 0 0 0 0
211 1 0.1 5.23664 2.74281 0.313633 0.0067784 0.00318869 0.0318241 0.504351 -0.023287 -0.33983 1 0 0 0 0 0 0 0
212 1 0.1 4.71109 2.86692 0.289481 -0.00883833 0.0427179 0.00608877 0.523373 0.362296 0.277067 1 0 0 0 0 0 0 0
213 1 0.1 4.95104 3.03876 0.321086 0.0314545 0.0259318 -0.0154541 0.668967 0.241676 0.0935856 1 0 0 0 0 0 0 0
214 1 0.1 5.23474 3.36726 0.181752 0.032043 0.0186331 -0.00834654 0.0814924 -0.382555 -0.116422 1 0 0 0 0 0 0 0
215 1 0.1 5.34367 3.47412 0.309121 0.0381815 -0.00782793 -0.00137945 -0.0276632 0.224094 -0.239354 1 0 0 0 0 0 0 0
216 1 0.1 5.58293 3.54012 0.305621 0.0437833 -0.00632322 0.00304713 -0.126361 0.0423086 -0.221962 1 0 0 0 0 0 0 0
217 1 0.1 5.41025 3.68443 0.283853 -0.0182506 0.0137809 0.00571217 0.214404 0.134709 1.14348 1 0 0 0 0 0 0 0
218 1 0.1 5.86506 3.7984 0.367858 -0.00470538 0.0555485 0.00359763 0.37801 0.372348 0.0299314 1 0 0 0 0 0 0 0
219 1 0.1 5.95912 3.56001 0.329448 0.102729 -0.00384853 -0.0891783 0.351939 -0.029373 0.35769 1 0 0 0 0 0 0 0
220 1 0.1 5.85801 3.44092 0.490236 0.0401541 -0.044165 0.0082251 0.033551 -0.299096 -0.528954 1 0 0 0 0 0 0 0
221 1 0.1 6.00414 3.78946 0.511159 0.0421094 -0.00341914 -0.0354815 0.361838 0.122548 0.443275 1 0 0 0 0 0 0 0
222 1 0.1 5.89936 3.46174 0.165986 0.0579537 0.00830101 -0.0836074 0.0532613 0.962755 0.304564 1 0 0 0 0 0 0 0
223 1 0.1 6.12768 4.92148 0.322764 0.00177393 -0.00666785 0.00253841 0.0213158 0.0203578 -0.0317452 1 0 0 0 0 0 0 0
224 1 0.1 6.30342 5.00399 0.370549 -0.00533083 -0.00956793 0.0430255 -0.0706073 -0.504114 0.0469416 1 0 0 0 0 0 0 0
225 1 0.1 6.14167 1.41348 0.401867 -0.0123913 -0.00962442 0.00411987 -0.00598567 -0.186315 -0.177716 1 0 0 0 0 0 0 0
226 1 0.1 5.94612 2.11726 0.137346 0.0771145 0.0124039 0.000787271 -0.108917 0.776433 0.257851 1 0 0 0 0 0 0 0
227 1 0.1 6.0287 1.57289 0.32663 -0.151543 -0.0373568 -0.0747161 -0.107336 1.42476 -0.544799 1 0 0 0 0 0 0 0
228 1 0.1 5.90245 2.66008 0.137478 -0.298301 0.115954 -0.00138345 0.304757 0.585071 1.1961 1 0 0 0 0 0 0 0
229 1 0.1 5.45779 2.97469 0.137027 0.00492276 0.00101093 -0.00123736 -0.00698072 0.0660192 0.0348781 1 0 0 0 0 0 0 0
230 1 0.1 5.87978 3.24688 0.28567 -0.0234256 0.0714252 0.0373759 -0.237266 -0.939898 1.29634 1 0 0 0 0 0 0 0
231 1 0.1 5.76531 2.4078 0.307546 0.0366719 -0.0192662 -0.00478615 0.772179 -0.629024 0.154278 1 0 0 0 0 0 0 0
232 1 0.1 5.57895 2.47392 0.278716 0.0259272 -0.0319258 -0.0463659 -0.134128 -0.179648 -0.280916 1 0 0 0 0 0 0 0
233 1 0.1 5.81873 2.73247 0.303986 -0.0761023 0.0465998 0.135788 -0.332868 -1.47159 -0.965896 1 0 0 0 0 0 0 0
234 1 0.1 5.6055 2.72907 0.300265 0.0612653 0.0322871 0.020769 -0.121827 -0.314857 0.413117 1 0 0 0 0 0 0 0
235 1 0.1 5.70986 2.8991 0.287177 0.00118425 0.0704376 -0.0159556 -0.273384 -0.357727 0.360607 1 0 0 0 0 0 0 0
236 1 0.1 5.56538 3.0539 0.577882 0.0037416 -0.0426919 0.00271683 -1.2124 -0.396044 2.15331 1 0 0 0 0 0 0 0
237 1 0.1 5.29533 2.89245 0.431191 0.0337926 0.0259491 0.00364489 -0.869236 0.105289 0.478614 1 0 0 0 0 0 0 0
238 1 0.1 5.24436 3.06712 0.331592 -0.0147107 0.00872876 -0.0425998 -0.358083 0.247722 0.75796 1 0 0 0 0 0 0 0
239 1 0.1 5.41502 3.0524 0.434467 -0.0212954 0.0882942 -0.0557536 -0.43784 0.448578 -0.621025 1 0 0 0 0 0 0 0
240 1 0.1 5.56169 3.03226 0.300341 -0.0391559 0.0285121 -0.0722961 -0.192341 -0.130429 0.147416 1 0 0 0 0 0 0 0
241 1 0.1 5.53198 3.24917 0.58346 -0.0837012 -0.0430306 -0.0585015 0.472016 0.895662 -1.31927 1 0 0 0 0 0 0 0
242 1 0.1 5.5486 3.21076 0.388568 -0.0798894 0.0246193 -0.0691382 0.244271 -1.18361 -0.440162 1 0 0 0 0 0 0 0
243 1 0.1 5.56616 3.40076 0.447452 -0.00217366 -0.0065476 -0.0103033 0.296159 0.164242 -0.67788 1 0 0 0 0 0 0 0
244 1 0.1 5.75711 3.63537 0.327525 0.0288658 0.0214466 -0.00243822 -0.170213 -0.122235 0.507804 1 0 0 0 0 0 0 0
245 1 0.1 5.69803 3.16997 0.253507 0.00385061 0.011865 -0.00700973 0.445421 -0.958779 -0.361007 1 0 0 0 0 0 0 0
246 1 0.1 5.75345 3.43579 0.319918 0.0534594 0.0122447 0.0020458 0.11778 0.143128 -0.245751 1 0 0 0 0 0 0 0
247 1 0.1 6.0415 4.35856 0.457523 -0.156476 0.0675529 -0.0927397 1.50547 -0.347797 -2.06056 1 0 0 0 0 0 0 0
248 1 0.1 6.11987 4.53363 0.402962 0.0341529 0.0105143 -0.00382297 -0.324345 0.438154 -0.185894 1 0 0 0 0 0 0 0
249 1 0.1 6.16169 4.73747 0.393235 0.000914286 -0.0182756 -0.0202168 -1.05934 -0.198695 -0.0185369 1 0 0 0 0 0 0 0
250 1 0.1 6.0126 1.01045 0.520677 0.00551236 -0.00465125 -0.0146288 0.188806 0.579453 0.0350182 1 0 0 0 0 0 0 0
251 1 0.1 5.86254 1.15349 0.550111 -0.00180176 0.00427471 0.00175305 0.109383 0.0444908 0.0131977 1 0 0 0 0 0 0 0
252 1 0.1 5.72617 1.29649 0.519536 -0.00323953 0.004819 0.00499072 -0.10409 -0.11919 0.0402464 1 0 0 0 0 0 0 0
253 1 0.1 5.46848 1.5544 0.550016 -0.0159402 0.0134147 0.000187008 0.0141276 0.0166093 0.00659794 1 0 0 0 0 0 0 0
254 1 0.1 5.33035 1.69769 0.569051 -0.0153869 0.0138761 0.00587708 -0.00572803 -0.111915 0.223783 1 0 0 0 0 0 0 0
255 1 0.1 5.15912 1.85612 0.547866 0.0160497 -0.00338035 -0.0280163 0.120033 0.643477 -0.185812 1 0 0 0 0 0 0 0
256 1 0.1 5.0252 1.99934 0.516249 0.00622252 -0.00436342 0.0112093 -0.0845632 -0.112003 0.202604 1 0 0 0 0 0 0 0
257 1 0.1 4.8854 2.13455 0.55772 0.00633205 -0.00564002 0.00352395 0.0184718 0.0456959 -0.136969 1 0 0 0 0 0 0 0
258 1 0.1 4.74364 2.27491 0.549647 0.0148694 -0.00543373 -0.0182857 -0.291983 -0.156131 0.0479766 1 0 0 0 0 0 0 0
259 1 0.1 4.81445 2.65821 0.639763 0.00784833 -0.00825497 0.00211635 -0.343768 -1.12267 -0.380842 1 0 0 0 0 0 0 0
260 1 0.1 4.61032 2.58644 0.509514 0.0196867 -0.00955804 0.0362912 -0.0142835 -0.0752944 0.0275084 1 0 0 0 0 0 0 0
261 1 0.1 4.36191 2.83451 0.480363 -0.00731695 0.0129618 -0.0150585 0.0751294 0.229637 0.0831611 1 0 0 0 0 0 0 0
262 1 0.1 4.18758 2.90237 0.550048 -0.00057323 0.00149683 0.00404296 0.00542013 -0.0269512 0.0138463 1 0 0 0 0 0 0 0
263 1 0.1 4.1861 3.10812 0.555074 -0.014793 -0.0278495 -0.0735799 0.849585 1.72198 -0.304595 1 0 0 0 0 0 0 0
264 1 0.1 4.29776 3.27336 0.540034 -0.0168378 -0.0247031 -0.00842216 0.403882 -0.196971 -0.215639 1 0 0 0 0 0 0 0
265 1 0.1 4.52958 3.5072 0.597753 -0.0148943 -0.00934033 -0.0128158 0.0294742 0.0578033 -0.18274 1 0 0 0 0 0 0 0
266 1 0.1 4.66171 3.637 0.521437 0.00169509 0.00251619 0.00129908 -0.407091 0.241716 -0.0236949 1 0 0 0 0 0 0 0
267 1 0.1 4.79736 3.7801 0.549749 -0.00458809 0.00531477 0.0273169 0.23897 -0.0800443 -0.0424439 1 0 0 0 0 0 0 0
268 1 0.1 4.94643 3.93158 0.542762 -0.0310344 -0.0106048 0.0644 0.295725 -0.108899 0.362949 1 0 0 0 0 0 0 0
269 1 0.1 5.08982 4.07508 0.553691 0.0573364 0.0149671 0.0903743 -0.854498 0.108118 -0.0336922 1 0 0 0 0 0 0 0
270 1 0.1 5.23205 4.21309 0.539201 0.0304601 0.0213991 0.0294337 -0.474267 -0.269941 0.0441017 1 0 0 0 0 0 0 0
271 1 0.1 5.37156 4.35521 0.545586 0.0205441 0.0142819 0.0112314 -0.0780341 0.00240045 -0.0468514 1 0 0 0 0 0 0 0
272 1 0.1 5.51288 4.49566 0.557666 0.0130898 0.00536582 0.00333586 -0.0147099 -0.0142641 0.04577 1 0 0 0 0 0 0 0
273 1 0.1 5.65306 4.63791 0.551785 0.00540766 0.0053091 0.00217427 -0.000633363 -0.01732 0.0347512 1 0 0 0 0 0 0 0
274 1 0.1 5.84485 4.82164 0.551585 -0.00426813 -0.00445447 -0.00197685 0.0453483 0.0380652 -0.0361168 1 0 0 0 0 0 0 0
275 1 0.1 6.15352 0.869081 0.524409 0.00776041 -0.00261142 -0.0261985 -0.249291 -0.183026 -0.0271682 1 0 0 0 0 0 0 0
276 1 0.1 5.89317 1.38713 0.580925 -0.00929352 0.0115465 0.012211 -0.0499632 -0.0644584 0.00591947 1 0 0 0 0 0 0 0
277 1 0.1 5.77699 1.4742 0.443769 0.00322364 -0.00242002 -0.00546509 -0.126188 -0.0162054 -0.0186938 1 0 0 0 0 0 0 0
278 1 0.1 5.58256 1.66666 0.423479 -0.0235562 -0.00507201 0.0174706 -0.241364 -0.557948 0.029354 1 0 0 0 0 0 0 0
279 1 0.1 5.51232 1.77854 0.572139 -0.0123706 0.0062066 0.0128625 0.351501 0.189982 -0.288111 1 0 0 0 0 0 0 0
280 1 0.1 5.33798 1.91825 0.609706 0.0260365 -0.0248712 -0.0435496 -0.124024 -0.342546 0.0559701 1 0 0 0 0 0 0 0
281 1 0.1 5.23645 2.01856 0.460645 -0.0506866 0.0426029 -0.00313735 0.175957 -0.659856 0.933203 1 0 0 0 0 0 0 0
282 1 0.1 5.1549 2.06845 0.650787 3.55507e-05 0.0159807 0.00707432 -0.0179158 0.442242 -0.0192464 1 0 0 0 0 0 0 0
283 1 0.1 4.96804 2.30493 0.616075 0.0258188 -0.0103054 -0.0116784 -0.228834 -0.00485055 -0.108565 1 0 0 0 0 0 0 0
284 1 0.1 4.98867 2.71087 0.56353 0.0183157 -0.0521786 -0.0158615 -0.261465 -0.443323 0.188741 1 0 0 0 0 0 0 0
285 1 0.1 4.43451 2.58566 0.750559 0.0291972 -0.0315513 0.0594138 0.0894255 0.0136534 -0.199611 1 0 0 0 0 0 0 0
286 1 0.1 4.53967 2.70918 0.641274 -0.0523745 -0.00419767 0.0102588 -0.68613 0.234212 1.27634 1 0 0 0 0 0 0 0
287 1 0.1 4.53557 3.01296 0.67807 0.00599163 0.0320952 0.0188015 -1.01316 -0.167466 -0.11919 1 0 0 0 0 0 0 0
288 1 0.1 4.37508 3.04318 0.564231 0.000152931 0.0185759 -0.000315464 -0.208884 0.155056 -0.24732 1 0 0 0 0 0 0 0
289 1 0.1 4.67196 3.38744 0.536012 -0.0108708 -0.0153877 -0.0061003 -0.141799 -0.133034 0.183551 1 0 0 0 0 0 0 0
290 1 0.1 4.78909 3.44251 0.385548 0.0127313 -0.00747759 0.0170931 0.138689 -0.210223 -0.00508099 1 0 0 0 0 0 0 0
291 1 0.1 4.98412 3.53809 0.623521 0.0108354 0.0236894 0.014301 0.537196 0.0660977 -0.444936 1 0 0 0 0 0 0 0
292 1 0.1 5.14779 3.65802 0.599663 0.0331372 0.00129019 -0.000223063 0.136556 0.360684 0.346035 1 0 0 0 0 0 0 0
293 1 0.1 5.09996 3.81636 0.488201 -0.00574223 0.0269258 0.0256385 0.273361 -0.147918 -0.0574895 1 0 0 0 0 0 0 0
294 1 0.1 5.24159 3.95083 0.542492 0.0717761 0.0419145 0.0243439 1.81119 -0.144788 0.271667 1 0 0 0 0 0 0 0
295 1 0.1 5.41911 4.16221 0.585747 0.0226924 0.0205574 0.0680473 -0.282658 0.043378 -0.230245 1 0 0 0 0 0 0 0
296 1 0.1 5.56063 4.30342 0.584961 0.0265151 0.00842613 -0.0123723 -0.0925695 0.331064 0.018039 1 0 0 0 0 0 0 0
297 1 0.1 5.70368 4.43887 0.540086 0.0294263 0.0249556 0.0409684 0.188744 -0.410257 0.166317 1 0 0 0 0 0 0 0
298 1 0.1 5.81849 4.57974 0.456075 0.00471606 0.0124569 -0.00165392 0.060322 0.0450104 0.00935597 1 0 0 0 0 0 0 0
299 1 0.1 6.12774 5.09599 0.586203 -0.00102839 -0.00165519 0.00172732 -0.0185805 0.000168408 -0.000411018 1 0 0 0 0 0 0 0
300 1 0.1 6.28976 0.725129 0.550142 0.00208478 -0.00186913 0.000994409 0.0182177 0.0121562 -0.0226482 1 0 0 0 0 0 0 0
301 1 0.1 6.04947 1.26877 0.543156 -0.0131646 0.0129815 0.0160896 0.0299397 0.0363428 -0.0391766 1 0 0 0 0 0 0 0
302 1 0.1 5.92764 1.59385 0.497882 -0.00365247 -0.0019052 0.00988662 0.0868103 -0.157145 -0.0355258 1 0 0 0 0 0 0 0
303 1 0.1 5.82258 1.72362 0.607807 0.0372804 0.0514832 -0.0148104 0.347339 -0.0228504 0.0344988 1 0 0 0 0 0 0 0
304 1 0.1 5.68933 1.86865 0.575355 -0.00418744 -0.00704783 -0.0971343 -1.45947 -1.90003 1.48467 1 0 0 0 0 0 0 0
305 1 0.1 5.62215 2.06647 0.580289 -0.00726439 0.186732 -0.0443534 1.40453 -0.689545 -2.46966 1 0 0 0 0 0 0 0
306 1 0.1 5.35729 2.29487 0.493138 0.00458587 0.0118441 -0.0260824 0.207598 -0.206348 0.528308 1 0 0 0 0 0 0 0
307 1 0.1 5.18728 2.33465 0.648931 -0.0220897 0.0172293 -0.017529 -0.356921 -0.128632 0.431725 1 0 0 0 0 0 0 0
308 1 0.1 5.22525 2.52417 0.300921 0.0444782 0.0424364 -0.00401088 -0.0791616 0.144715 -0.133552 1 0 0 0 0 0 0 0
309 1 0.1 4.89458 2.48639 0.586448 0.0101713 -0.00939657 0.0209614 0.469975 0.367617 0.222689 1 0 0 0 0 0 0 0
310 1 0.1 5.18256 2.68999 0.590026 0.0259856 -0.0383918 -0.0176432 -0.0713635 -0.264586 0.279622 1 0 0 0 0 0 0 0
311 1 0.1 4.66387 2.83716 0.552109 -0.0252391 -0.00735467 0.024489 0.458346 0.360632 -0.419086 1 0 0 0 0 0 0 0
312 1 0.1 4.58965 2.96155 0.414943 0.00284637 0.0259233 0.0303627 -0.37405 -0.0654174 -0.152894 1 0 0 0 0 0 0 0
313 1 0.1 4.77694 3.23084 0.48067 0.0328804 -0.00208971 0.0278539 -0.384536 0.253243 0.39992 1 0 0 0 0 0 0 0
314 1 0.1 4.96706 3.19618 0.442773 0.0262284 -1.38642e-06 0.0176387 0.76972 -0.262274 -0.528802 1 0 0 0 0 0 0 0
315 1 0.1 5.06791 3.31452 0.5667 0.0268931 -0.0206253 0.0210943 -0.698641 0.183959 0.489695 1 0 0 0 0 0 0 0
316 1 0.1 5.18315 3.42562 0.418081 0.0153821 0.0210931 -0.00473032 0.088992 0.135257 0.337491 1 0 0 0 0 0 0 0
317 1 0.1 5.33553 3.59028 0.605933 0.0759222 0.0820506 -0.00191944 -0.130837 0.539899 -1.13719 1 0 0 0 0 0 0 0
318 1 0.1 5.41017 3.79449 0.447095 0.00708192 -0.00760875 0.0237954 -0.434483 2.29027 1.90833 1 0 0 0 0 0 0 0
319 1 0.1 5.47672 3.95795 0.577083 -0.0148717 -0.00759545 -0.0611437 -4.61826 2.64268 0.631995 1 0 0 0 0 0 0 0
320 1 0.1 5.60949 4.1061 0.564359 -0.0110072 -0.0343162 -0.145598 6.35135 0.359265 -1.07802 1 0 0 0 0 0 0 0
321 1 0.1 5.90679 4.10661 0.595542 -0.0344273 0.000138225 0.0166667 -0.41854 0.141015 -0.71881 1 0 0 0 0 0 0 0
322 1 0.1 5.83571 4.2894 0.554306 0.116459 0.081754 -0.0745975 -0.396212 0.19279 0.0174769 1 0 0 0 0 0 0 0
323 1 0.1 5.9706 4.70894 0.444455 0.00237922 0.0103825 -0.00825457 -0.0364555 0.0581592 -0.00633832 1 0 0 0 0 0 0 0
324 1 0.1 6.26269 5.23901 0.549946 -0.000820893 -0.00174614 0.000616511 -0.00286892 -0.0047138 -0.0138058 1 0 0 0 0 0 0 0
325 1 0.1 6.30551 0.980446 0.457474 -0.00329299 0.0187818 -0.000614279 -0.286774 0.233665 0.0486126 1 0 0 0 0 0 0 0
326 1 0.1 6.18028 1.11844 0.529577 -0.0119883 0.0182274 0.0023871 0.216323 -0.12959 0.0711531 1 0 0 0 0 0 0 0
327 1 0.1 5.86658 1.92455 0.501861 0.0475788 -0.0155595 0.0300602 0.0493794 -0.287518 -0.2202 1 0 0 0 0 0 0 0
328 1 0.1 5.93286 2.26868 0.58685 -0.0720621 0.0652667 0.0135931 0.212604 -0.630061 0.976054 1 0 0 0 0 0 0 0
329 1 0.1 5.81754 2.10643 0.568585 0.0385982 -0.0136727 0.00822688 -0.320054 0.371437 0.349153 1 0 0 0 0 0 0 0
330 1 0.1 5.50608 2.2383 0.611813 -0.00571532 0.0612401 0.0111863 -0.667368 -0.102827 -0.222562 1 0 0 0 0 0 0 0
331 1 0.1 5.71539 2.26406 0.5005 -0.00678343 -0.0652113 -0.0351852 -0.518359 0.0628294 0.0594146 1 0 0 0 0 0 0 0
332 1 0.1 5.86183 2.45299 0.555891 0.0330413 0.104172 0.00725946 0.200044 -0.293604 0.127733 1 0 0 0 0 0 0 0
333 1 0.1 5.70786 2.581 0.387134 -0.116131 -0.0735535 0.0774739 0.720448 -1.68089 0.563535 1 0 0 0 0 0 0 0
334 1 0.1 5.50498 2.60668 0.578746 0.00954869 -0.00194773 0.00214914 0.304408 0.16922 -1.21916 1 0 0 0 0 0 0 0
335 1 0.1 5.31498 2.61017 0.469747 0.0598908 -0.000246505 -0.00378769 0.428563 -0.0906723 -0.0934917 1 0 0 0 0 0 0 0
336 1 0.1 5.44232 2.76371 0.473343 0.0429313 0.0242012 0.0102233 -0.203558 -0.18528 0.741632 1 0 0 0 0 0 0 0
337 1 0.1 4.81853 2.95598 0.595873 0.00798865 -0.0408902 0.0106676 -0.418872 0.0156153 0.117026 1 0 0 0 0 0 0 0
338 1 0.1 5.10592 2.93874 0.39568 0.0165911 -0.0143652 -0.0251414 -0.0471915 -0.455666 -0.244959 1 0 0 0 0 0 0 0
339 1 0.1 5.20343 3.19326 0.481154 -0.0101494 -0.0299 -0.0152035 0.472256 -0.188004 -0.262974 1 0 0 0 0 0 0 0
340 1 0.1 5.35452 3.31234 0.426064 0.00121542 -0.0130537 -0.00729481 0.0986933 0.115147 -0.447832 1 0 0 0 0 0 0 0
341 1 0.1 5.44831 3.42742 0.606362 0.0190459 0.0162104 -0.00339943 -0.289762 0.0135393 0.252194 1 0 0 0 0 0 0 0
342 1 0.1 5.4475 3.57447 0.445546 0.035849 0.00923153 -0.0143384 -0.171076 -0.152745 0.316111 1 0 0 0 0 0 0 0
343 1 0.1 5.58643 3.72353 0.384924 0.00384173 -0.0218594 0.0333231 -0.238843 -0.163628 0.650045 1 0 0 0 0 0 0 0
344 1 0.1 5.72136 3.72211 0.592367 0.143744 -0.0432015 -0.0210278 -0.130585 0.320568 -0.0493546 1 0 0 0 0 0 0 0
345 1 0.1 5.80244 3.38446 0.76268 0.00392016 0.017328 -0.00420719 0.0932944 0.0114976 -0.0184898 1 0 0 0 0 0 0 0
346 1 0.1 5.84761 3.88432 0.601474 0.0752638 -0.171579 -0.00702916 0.797043 -0.121889 -1.37447 1 0 0 0 0 0 0 0
347 1 0.1 6.04616 3.96335 0.600354 0.00632582 0.0352488 -0.0899705 -0.434364 2.25063 1.1998 1 0 0 0 0 0 0 0
348 1 0.1 5.98729 4.96132 0.54068 -0.00100433 -0.00243689 0.000609437 0.0263601 -0.0140556 0.00331131 1 0 0 0 0 0 0 0
349 1 0.1 6.18999 4.92078 0.512685 -0.0318249 -0.018902 0.0142692 -0.0417438 -0.113222 -0.16343 1 0 0 0 0 0 0 0
350 1 0.1 6.35254 1.19911 0.590847 -0.0106522 0.0104537 0.000154314 -0.0977819 0.179169 -0.0924416 1 0 0 0 0 0 0 0
351 1 0.1 6.22701 1.35415 0.577433 -0.00620024 0.0108518 -0.00502149 -0.204996 0.113501 0.0194159 1 0 0 0 0 0 0 0
352 1 0.1 6.07068 1.4787 0.576903 -0.00557732 0.00320741 0.00282295 -0.0769319 0.207389 0.0286962 1 0 0 0 0 0 0 0
353 1 0.1 5.94624 1.97152 0.762528 -0.0240583 0.0330588 -0.00330748 0.149481 0.313503 -0.0656785 1 0 0 0 0 0 0 0
354 1 0.1 5.88807 2.86588 0.137476 0.047181 0.0168617 -0.0146302 0.0757689 0.137841 -0.156159 1 0 0 0 0 0 0 0
355 1 0.1 5.80522 3.04781 0.137406 0.0282606 0.0125074 0.00359043 -0.119047 0.305488 0.0707026 1 0 0 0 0 0 0 0
356 1 0.1 5.58777 2.71118 0.731344 0.0497784 0.174338 -0.197408 0.686031 0.888517 1.54222 1 0 0 0 0 0 0 0
357 1 0.1 5.80892 2.84266 0.470523 -0.0871342 0.165159 0.0599045 -0.646968 0.646974 -1.36818 1 0 0 0 0 0 0 0
358 1 0.1 5.27641 2.69335 0.763775 -0.0150918 0.00972475 0.000202419 0.133901 0.282952 0.109848 1 0 0 0 0 0 0 0
359 1 0.1 5.65547 2.72293 0.516224 -0.0173719 0.0514636 -0.0392905 -2.36584 2.13966 -1.62434 1 0 0 0 0 0 0 0
360 1 0.1 5.82546 2.99942 0.593547 0.221216 0.177237 0.00741104 0.356608 0.0643018 -0.198086 1 0 0 0 0 0 0 0
361 1 0.1 5.6627 2.88827 0.626653 0.267852 0.0713082 -0.114 2.64348 0.512174 1.04798 1 0 0 0 0 0 0 0
362 1 0.1 5.40232 2.93393 0.594997 0.0672784 0.138367 -0.0216316 -0.132702 0.934857 0.834482 1 0 0 0 0 0 0 0
363 1 0.1 5.20042 2.94965 0.59815 -0.0409554 0.0638663 0.0106057 0.000906184 -0.641242 1.29875 1 0 0 0 0 0 0 0
364 1 0.1 5.50604 3.008 0.762694 0.00883055 0.0240964 0.00807468 -0.0365224 -0.0680875 -0.200488 1 0 0 0 0 0 0 0
365 1 0.1 5.35877 3.15102 0.599074 -0.0651074 -0.100155 0.0503008 0.243479 -0.776624 -0.0146774 1 0 0 0 0 0 0 0
366 1 0.1 5.72443 3.17165 0.602622 -0.0562808 0.0186755 0.0125013 0.087227 -0.150533 -0.514682 1 0 0 0 0 0 0 0
367 1 0.1 5.61844 3.22956 0.762562 -0.193119 -0.110815 -0.00459374 -0.374579 -0.128399 -0.109577 1 0 0 0 0 0 0 0
368 1 0.1 5.60745 3.54506 0.57995 0.0251089 0.0181057 -0.0160073 0.102782 -0.0515327 -0.203081 1 0 0 0 0 0 0 0
369 1 0.1 5.87256 3.64033 0.490709 0.108521 -0.0523878 -0.0589961 0.042505 0.30092 0.0338125 1 0 0 0 0 0 0 0
370 1 0.1 5.70117 3.36934 0.591305 0.000198215 0.0143712 -0.00294901 -0.23587 0.040503 -0.0990954 1 0 0 0 0 0 0 0
371 1 0.1 5.73768 3.26451 0.425162 -0.0667279 -0.0169758 0.00665922 -0.113485 0.576302 0.0278468 1 0 0 0 0 0 0 0
372 1 0.1 5.9648 4.02347 0.422854 -0.0218148 -0.0373914 0.0718757 0.257234 -0.846245 -1.26459 1 0 0 0 0 0 0 0
373 1 0.1 6.05159 4.53761 0.590308 0.0662728 0.0660288 0.0055869 -0.155943 -0.0981413 -0.121408 1 0 0 0 0 0 0 0
374 1 0.1 6.11211 4.72807 0.586617 0.0217723 0.0831982 -0.00892186 -0.117303 0.402569 0.444912 1 0 0 0 0 0 0 0
375 1 0.1 6.12265 0.900855 0.749912 -0.00284872 0.00356069 0.00660469 0.0387579 -0.00943367 -0.00536257 1 0 0 0 0 0 0 0
376 1 0.1 5.84834 1.1779 0.7626 0.00153605 -0.00585214 -0.003133 0.0694007 0.00433083 0.085806 1 0 0 0 0 0 0 0
377 1 0.1 5.70247 1.32057 0.750021 -0.0810068 0.0944496 0.00747167 -0.0407386 -0.135608 1.26943 1 0 0 0 0 0 0 0
378 1 0.1 5.55725 1.46629 0.749968 -0.0147823 0.0162521 0.000219652 -0.0348839 -0.0346159 0.213476 1 0 0 0 0 0 0 0
379 1 0.1 5.46892 1.6452 0.763031 0.00781519 0.0276519 0.000373315 0.263219 -0.060329 -0.525207 1 0 0 0 0 0 0 0
380 1 0.1 5.29018 1.73191 0.761683 -0.00101576 0.00646028 0.00941164 0.415556 0.191133 0.120763 1 0 0 0 0 0 0 0
381 1 0.1 5.13395 1.89221 0.757743 -0.0047884 0.00526863 -0.00262747 0.293656 0.300434 -0.024648 1 0 0 0 0 0 0 0
382 1 0.1 4.9933 2.03424 0.762778 -0.00438877 0.00519171 0.000388425 0.152934 -0.780612 0.181906 1 0 0 0 0 0 0 0
383 1 0.1 4.72689 2.29157 0.749985 -0.0250922 0.03781 0.000124929 0.00108443 0.000144047 0.468527 1 0 0 0 0 0 0 0
384 1 0.1 4.57675 2.44536 0.750982 0.0234843 -0.0301555 0.00810085 0.187714 0.093012 -0.181259 1 0 0 0 0 0 0 0
385 1 0.1 4.37184 2.64733 0.550042 -0.0107896 0.0158536 -0.00314394 -0.000236935 0.0359949 0.202177 1 0 0 0 0 0 0 0
386 1 0.1 4.18736 2.89788 0.749981 0.00672102 -0.0200412 0.0059032 -0.128626 -0.0787208 -0.0515574 1 0 0 0 0 0 0 0
387 1 0.1 4.19431 3.09633 0.739718 0.0811328 -0.0341814 -0.102319 -0.626383 -0.527602 0.0373926 1 0 0 0 0 0 0 0
388 1 0.1 4.29394 3.2703 0.745317 -0.0161499 -0.0269184 -0.0175724 1.10162 -0.643578 -0.0222685 1 0 0 0 0 0 0 0
389 1 0.1 4.59648 3.37655 0.730154 0.00929966 0.0158666 -0.00712184 -0.380802 0.263849 0.208145 1 0 0 0 0 0 0 0
390 1 0.1 4.62402 3.57024 0.763263 -0.00334464 0.00828967 0.00233952 -0.0188464 0.0683147 0.104145 1 0 0 0 0 0 0 0
391 1 0.1 4.74683 3.727 0.751928 3.96662e-05 -0.0024212 0.00558126 0.0189055 -0.103636 -0.22649 1 0 0 0 0 0 0 0
392 1 0.1 4.911 3.82809 0.702704 0.0212517 -0.0431347 0.0105945 0.182123 0.597372 -0.228413 1 0 0 0 0 0 0 0
393 1 0.1 5.01211 3.99007 0.761961 -0.00229577 -0.0169904 -0.00610199 -0.0763711 0.120009 -0.186133 1 0 0 0 0 0 0 0
394 1 0.1 5.15215 4.13257 0.753704 -0.0160937 0.00621716 -0.063753 0.0622387 0.671015 0.105129 1 0 0 0 0 0 0 0
395 1 0.1 5.29647 4.28051 0.749071 0.0120098 0.0233728 -0.00269854 0.0107164 0.0151886 0.247704 1 0 0 0 0 0 0 0
396 1 0.1 5.43867 4.42302 0.749962 0.0192094 0.0296518 0.00418829 -0.065571 -0.0112726 0.351547 1 0 0 0 0 0 0 0
397 1 0.1 5.58025 4.56465 0.75013 0.00647077 0.0114876 -0.0119096 0.0403377 0.108161 0.126878 1 0 0 0 0 0 0 0
398 1 0.1 5.72165 4.70605 0.750375 0.002897 0.00453023 -0.00970177 0.0223295 0.0112248 -0.00262451 1 0 0 0 0 0 0 0
399 1 0.1 5.86395 4.84903 0.749866 0.000425505 2.99888e-05 7.62699e-05 -0.000736345 -0.00839623 0.0037077 1 0 0 0 0 0 0 0
400 1 0.1 6.26498 0.760685 0.756108 -0.00244054 0.00232911 0.00137926 0.0242289 0.0102185 -0.0252604 1 0 0 0 0 0 0 0
401 1 0.1 5.98771 1.04407 0.715375 0.00312352 -0.000643016 -0.0196935 0.0915078 -0.241516 -0.0240442 1 0 0 0 0 0 0 0
402 1 0.1 5.82033 1.48168 0.762016 0.0237701 0.0196903 -0.0150361 -0.201397 -0.056069 -0.187795 1 0 0 0 0 0 0 0
403 1 0.1 5.71266 1.55683 0.611901 0.047141 0.0457933 -0.0171223 -0.186956 0.149287 -0.719041 1 0 0 0 0 0 0 0
404 1 0.1 5.6561 1.70321 0.732413 0.00362387 0.020702 -0.0132272 0.274088 -0.192657 1.26328 1 0 0 0 0 0 0 0
405 1 0.1 5.45549 1.84328 0.752134 -0.00509552 0.0251003 0.00724282 -0.351131 -0.392072 0.065429 1 0 0 0 0 0 0 0
406 1 0.1 5.40476 2.03598 0.762762 -0.0126279 0.0265126 0.000559296 0.336905 0.133009 -0.00599106 1 0 0 0 0 0 0 0
407 1 0.1 5.33865 2.12508 0.596708 -0.00673865 0.0284679 -0.00150432 -0.232372 -0.346122 0.235998 1 0 0 0 0 0 0 0
408 1 0.1 5.07163 2.21799 0.762757 0.010209 -0.000251267 0.00135642 -0.0127628 -0.0982736 -0.0592773 1 0 0 0 0 0 0 0
409 1 0.1 4.77232 2.48619 0.757578 0.00830523 0.0308826 -0.00645124 0.0316722 0.0978446 0.813708 1 0 0 0 0 0 0 0
410 1 0.1 4.30861 2.73998 0.747706 0.0187071 -0.0272606 0.0468599 -0.191309 -0.127066 0.0444077 1 0 0 0 0 0 0 0
411 1 0.1 4.47747 2.84595 0.763719 -0.00412107 0.0276991 -0.00430585 0.0964852 0.410202 -1.42205 1 0 0 0 0 0 0 0
412 1 0.1 4.37502 3.07658 0.77075 0.0295019 0.0279999 0.00969322 0.73161 0.636362 0.724609 1 0 0 0 0 0 0 0
413 1 0.1 4.53704 3.19174 0.76311 0.00293106 0.0356617 0.00155324 0.312067 0.0244971 -0.402989 1 0 0 0 0 0 0 0
414 1 0.1 4.86934 3.38529 0.566713 -0.0148898 0.0489051 -0.0210409 0.0435148 0.204623 0.209723 1 0 0 0 0 0 0 0
415 1 0.1 4.78625 3.54734 0.649273 0.00264509 0.0183274 0.0113136 0.0974544 -0.0955034 -0.130438 1 0 0 0 0 0 0 0
416 1 0.1 5.1246 3.54149 0.765038 0.0439944 0.0168778 -0.00426156 -0.197505 0.505966 0.419934 1 0 0 0 0 0 0 0
417 1 0.1 5.06451 3.73135 0.765699 0.0067361 -0.00836071 0.0122899 -0.401622 -0.438908 0.297472 1 0 0 0 0 0 0 0
418 1 0.1 5.18542 3.89047 0.758743 0.00900161 -0.0168401 -0.0353579 0.0514587 0.20144 0.328141 1 0 0 0 0 0 0 0
419 1 0.1 5.35403 4.09025 0.762727 0.0349539 0.0426859 0.00685623 -0.000498732 -0.347906 0.03937 1 0 0 0 0 0 0 0
420 1 0.1 5.49498 4.23162 0.759634 0.0441823 0.0324317 0.00797555 -0.0586526 0.300961 -0.121227 1 0 0 0 0 0 0 0
421 1 0.1 5.63608 4.37299 0.760117 0.0325532 0.0189263 -0.0208456 0.0288644 0.063987 0.103701 1 0 0 0 0 0 0 0
422 1 0.1 5.77188 4.51474 0.722266 0.00959856 0.00332254 0.0149622 -0.149047 -0.539982 0.0895757 1 0 0 0 0 0 0 0
423 1 0.1 5.89432 4.65549 0.650854 0.00418564 0.00948255 0.0349342 -0.341311 -0.378651 0.346244 1 0 0 0 0 0 0 0
424 1 0.1 6.19231 5.16458 0.762529 -7.57286e-05 -4.09301e-05 -0.000124112 -0.00311266 0.015984 0.000518866 1 0 0 0 0 0 0 0
425 1 0.1 6.40525 0.618339 0.750031 -0.00181522 0.00200727 -0.000608182 -0.00210987 0.00165536 0.028561 1 0 0 0 0 0 0 0
426 1 0.1 6.11432 1.19139 0.762509 -0.00348218 0.00250798 -0.00131184 -0.0272485 -0.0195377 0.0137952 1 0 0 0 0 0 0 0
427 1 0.1 5.96254 1.34178 0.762826 -0.00239534 -0.0048078 0.00350565 -0.0982947 0.120947 -0.173436 1 0 0 0 0 0 0 0
428 1 0.1 5.94834 1.71983 0.762749 0.0191901 0.0147449 -0.00133672 0.101153 -0.195688 -0.0688691 1 0 0 0 0 0 0 0
429 1 0.1 5.78957 1.84736 0.764095 -0.0448986 0.0590476 -0.00249771 -0.254285 -1.22168 -0.0629968 1 0 0 0 0 0 0 0
430 1 0.1 5.62297 1.94978 0.741854 -0.0295647 0.0553323 -0.135782 0.189492 1.97157 0.298911 1 0 0 0 0 0 0 0
431 1 0.1 5.58709 2.14139 0.763962 -0.0215527 0.0353892 -0.000168028 0.777764 0.210191 -0.269414 1 0 0 0 0 0 0 0
432 1 0.1 5.317 2.23365 0.76273 -0.0276365 0.0250138 -2.30816e-05 0.260766 0.251742 -0.0266321 1 0 0 0 0 0 0 0
433 1 0.1 5.35369 2.47309 0.611138 0.00627699 -0.0111599 0.00795294 -0.412332 -0.0842202 0.0963535 1 0 0 0 0 0 0 0
434 1 0.1 4.97535 2.44084 0.762838 0.0250471 -0.0212409 0.00350987 -0.19703 -0.22946 0.012763 1 0 0 0 0 0 0 0
435 1 0.1 4.98834 2.71567 0.762831 -0.0152545 -0.0139709 -0.00578954 -0.138758 0.141236 0.0209497 1 0 0 0 0 0 0 0
436 1 0.1 4.68258 2.66467 0.770145 -0.00363403 0.0265904 -0.00693376 0.105295 0.839405 0.0241467 1 0 0 0 0 0 0 0
437 1 0.1 4.67163 3.07919 0.551339 0.038722 -0.012754 0.0334012 0.607638 0.116167 -0.449696 1 0 0 0 0 0 0 0
438 1 0.1 4.73644 3.19209 0.750278 0.00676495 -5.28677e-05 0.00283598 0.282343 0.135326 -0.123061 1 0 0 0 0 0 0 0
439 1 0.1 4.79319 3.38384 0.762893 0.00356074 0.0127321 0.000917752 0.154375 0.0410047 0.223078 1 0 0 0 0 0 0 0
440 1 0.1 5.06636 3.35037 0.762786 0.0188714 0.0234395 0.00482347 0.229416 -0.170897 -0.00981923 1 0 0 0 0 0 0 0
441 1 0.1 5.26036 3.68011 0.762789 0.0286793 0.0453876 -0.004437 0.965079 -1.53689 0.451952 1 0 0 0 0 0 0 0
442 1 0.1 5.33321 3.80196 0.629459 0.12099 0.0915961 0.0672087 -2.2003 0.0356704 0.496484 1 0 0 0 0 0 0 0
443 1 0.1 5.43071 3.90666 0.762918 0.160409 0.12551 0.0199875 3.17218 -0.863071 -0.546889 1 0 0 0 0 0 0 0
444 1 0.1 5.57072 4.04677 0.76281 0.22037 0.0951553 -0.0329331 -2.78965 3.06945 -0.0148667 1 0 0 0 0 0 0 0
445 1 0.1 5.704 4.18777 0.720488 0.201788 0.0262311 -0.275901 1.77019 -0.619688 -0.575709 1 0 0 0 0 0 0 0
446 1 0.1 5.84038 4.32922 0.749855 0.14773 0.0280096 -0.0470512 1.02375 0.162408 1.17783 1 0 0 0 0 0 0 0
447 1 0.1 5.97049 4.47927 0.762849 0.0554374 0.0857352 0.00734527 -0.0215592 0.0335979 -0.00329393 1 0 0 0 0 0 0 0
448 1 0.1 6.05862 4.8063 0.762604 0.0141091 0.0572348 0.00055611 0.108753 -0.028732 0.598047 1 0 0 0 0 0 0 0
449 1 0.1 6.33143 5.30764 0.749994 -0.00018096 -0.000294867 -0.000591768 0.00606923 0.000604864 -0.00398429 1 0 0 0 0 0 0 0
450 1 0.1 6.40386 0.856445 0.648745 -0.0144552 0.0155657 -0.00243111 -0.0377243 0.0170489 0.175227 1 0 0 0 0 0 0 0
451 1 0.1 6.27149 1.00525 0.66685 -0.0163055 0.0117967 -0.00319809 -0.0382979 0.0971768 0.101956 1 0 0 0 0 0 0 0
452 1 0.1 6.15737 1.38663 0.762529 -0.00461675 0.00405675 -0.000790909 0.0387516 0.0377926 0.033655 1 0 0 0 0 0 0 0
453 1 0.1 6.02316 1.5347 0.762559 0.00250275 0.00986337 0.00114479 0.0235921 -0.163828 -0.134346 1 0 0 0 0 0 0 0
454 1 0.1 5.77614 2.07658 0.761855 -0.0227647 0.0374536 0.00392238 0.172928 -0.446833 -0.054379 1 0 0 0 0 0 0 0
455 1 0.1 5.69911 2.29305 0.697685 -0.142427 0.0914905 -0.0704539 1.13973 2.84763 0.173062 1 0 0 0 0 0 0 0
456 1 0.1 5.45844 2.37435 0.749835 -0.0167395 0.0153389 0.0459723 0.0287329 -0.271535 -0.0901206 1 0 0 0 0 0 0 0
457 1 0.1 5.54812 2.36762 0.46612 0.0257122 -0.0256948 -0.0551954 -0.326497 0.230581 -0.722347 1 0 0 0 0 0 0 0
458 1 0.1 5.21693 2.50278 0.762923 0.00696985 0.00156009 0.000925081 0.0339231 -0.0501161 -0.0186459 1 0 0 0 0 0 0 0
459 1 0.1 5.43668 2.57224 0.76303 -0.00165431 0.0148671 0.00024311 0.113348 0.00829444 -0.027679 1 0 0 0 0 0 0 0
460 1 0.1 5.09014 2.51088 0.609605 0.0132331 0.0126641 -0.0040011 0.173655 -0.0389476 0.0668121 1 0 0 0 0 0 0 0
461 1 0.1 4.81426 2.81381 0.763294 -0.00312547 0.0147894 0.00168505 -0.04369 -0.0094427 -0.12812 1 0 0 0 0 0 0 0
462 1 0.1 4.71537 2.9936 0.762714 0.00843725 -0.00218113 -0.000320832 -0.0162211 -0.0789719 -0.146449 1 0 0 0 0 0 0 0
463 1 0.1 5.06136 3.09928 0.585136 0.00280358 -0.0465421 -0.0119107 -0.256631 0.210203 0.152084 1 0 0 0 0 0 0 0
464 1 0.1 4.91505 3.21667 0.663915 -0.0612805 0.0112236 -0.145846 0.294917 1.6027 -0.0302734 1 0 0 0 0 0 0 0
465 1 0.1 5.2586 3.36681 0.592734 0.0205018 0.0120535 -0.00586271 0.00399134 -0.113262 -0.238421 1 0 0 0 0 0 0 0
466 1 0.1 5.45752 3.60336 0.762856 0.0711949 0.00856052 0.00225904 0.0926665 -0.688867 -0.112605 1 0 0 0 0 0 0 0
467 1 0.1 5.52192 3.72465 0.594154 0.149946 0.0733751 -0.0486628 -0.0429777 -0.63413 -1.20317 1 0 0 0 0 0 0 0
468 1 0.1 5.59484 3.79509 0.764297 0.0802169 0.028381 -0.00179398 0.444714 -0.987844 -0.848442 1 0 0 0 0 0 0 0
469 1 0.1 5.73675 3.93549 0.759812 0.133312 -0.0440701 -0.00647143 -1.07998 0.21962 -0.421977 1 0 0 0 0 0 0 0
470 1 0.1 5.93086 3.98242 0.762552 0.122238 -0.0222718 -0.000350895 -0.198352 -0.591488 0.678014 1 0 0 0 0 0 0 0
471 1 0.1 5.99426 4.17198 0.762904 0.00553013 0.0101579 -0.00193554 -0.0414628 0.0180864 0.00940994 1 0 0 0 0 0 0 0
472 1 0.1 6.07008 4.31804 0.650578 -0.119706 -0.0140801 -0.118025 -0.934598 1.03344 0.854166 1 0 0 0 0 0 0 0
473 1 0.1 6.05084 5.02326 0.762512 -0.000476468 -0.000333394 -0.000539194 0.00402767 0.0039452 -0.0089621 1 0 0 0 0 0 0 0
474 1 0.1 6.21436 4.92054 0.711103 0.02817 0.0405195 0.00702838 -0.185856 0.00490916 0.569034 1 0 0 0 0 0 0 0
475 1 0.1 6.40947 1.11382 0.762519 -0.0182463 0.00774141 0.000627318 0.0591998 -0.145693 -0.129685 1 0 0 0 0 0 0 0
476 1 0.1 6.33776 1.30049 0.762525 -0.00138105 0.0137223 -0.000269894 0.0633283 -0.093942 0.0609758 1 0 0 0 0 0 0 0
477 1 0.1 6.01757 1.8461 0.624087 0.0878432 0.0311664 0.0462956 -0.291292 -1.44352 0.742296 1 0 0 0 0 0 0 0
478 1 0.1 5.95025 2.17474 0.76253 -0.0284686 0.0519163 0.00132616 0.0121955 0.569711 0.195094 1 0 0 0 0 0 0 0
479 1 0.1 5.89038 2.36553 0.762502 -0.0738228 0.0409806 -0.00110183 -0.0723305 0.0244604 -0.173028 1 0 0 0 0 0 0 0
480 1 0.1 5.84299 3.18847 0.762578 -0.0346574 -0.00930895 -0.000861263 -0.105304 0.33886 -0.0661053 1 0 0 0 0 0 0 0
481 1 0.1 5.79898 2.85372 0.764025 0.160596 -0.0177292 -0.00654457 -0.442751 -2.19424 0.162869 1 0 0 0 0 0 0 0
482 1 0.1 5.72656 2.48012 0.762584 -0.0664863 0.0569106 -0.00250603 0.00547073 0.00375282 -0.00106194 1 0 0 0 0 0 0 0
483 1 0.1 5.66603 2.48905 0.572372 0.00466183 -0.0169678 -0.0348965 0.496848 -0.266869 1.04963 1 0 0 0 0 0 0 0
484 1 0.1 5.4265 2.82493 0.762454 -0.0200615 0.0322566 -0.0119263 0.485668 0.574703 0.0134227 1 0 0 0 0 0 0 0
485 1 0.1 5.30729 2.99033 0.762597 0.00156297 0.0149331 0.00279885 0.179202 0.0380183 0.317892 1 0 0 0 0 0 0 0
486 1 0.1 5.14371 2.84133 0.760136 -0.0214316 -0.0021052 0.00976158 0.0625549 -0.23156 -0.0348617 1 0 0 0 0 0 0 0
487 1 0.1 4.92258 2.98074 0.763055 0.00447525 0.00771124 -0.00071364 -0.0253999 0.0456495 0.022519 1 0 0 0 0 0 0 0
488 1 0.1 5.1136 3.03778 0.764118 0.0044441 -0.00531849 -0.00387603 -0.103615 -0.216 -0.189717 1 0 0 0 0 0 0 0
489 1 0.1 5.19131 3.20849 0.694817 -0.0335429 0.0116843 -0.0108698 -0.0138828 -0.0502094 0.710541 1 0 0 0 0 0 0 0
490 1 0.1 5.39714 3.25941 0.76256 -0.0705488 -0.0361711 0.00464834 -0.37086 0.689863 -0.305616 1 0 0 0 0 0 0 0
491 1 0.1 5.32409 3.44554 0.763083 0.012145 0.000841218 0.000494466 0.0342112 -0.0950321 -0.00426457 1 0 0 0 0 0 0 0
492 1 0.1 5.57271 3.42651 0.762616 0.0123993 0.0280036 0.000328289 0.273893 -0.101291 -0.0871058 1 0 0 0 0 0 0 0
493 1 0.1 5.70203 3.04667 0.758203 0.0162418 0.039565 0.00121994 0.102563 0.154023 0.329921 1 0 0 0 0 0 0 0
494 1 0.1 5.66063 3.60636 0.762565 -0.00287233 -0.00473825 0.000452346 0.118367 -0.159079 0.265186 1 0 0 0 0 0 0 0
495 1 0.1 5.82186 3.75099 0.762589 0.0902745 -0.0128944 0.00165823 -0.131737 -0.898275 0.224002 1 0 0 0 0 0 0 0
496 1 0.1 5.84369 3.5567 0.66999 -0.0321024 0.0156244 -0.0412907 -0.955089 -2.14282 1.59929 1 0 0 0 0 0 0 0
497 1 0.1 6.07696 4.16745 0.504535 -0.129275 0.0936677 -0.00654141 -1.00438 1.30635 3.04172 1 0 0 0 0 0 0 0
498 1 0.1 6.11685 4.61522 0.76254 0.0616736 0.0733454 0.00188716 -0.091985 -0.0683273 -0.113748 1 0 0 0 0 0 0 0
499 1 0.1 6.27658 4.73497 0.751995 0.0709152 0.0642005 0.0444131 -0.0355856 -0.556199 0.0174649 1 0 0 0 0 0 0 0
