500
0 1 0.1 5.93167 1.08531 0.149933 -0.00410124 0.00609964 -0.00488215 -0.0982002 -0.0124723 0.0302846 1 0 0 0 0 0 0 0
1 1 0.1 5.79071 1.22706 0.146727 0.0153505 0.0237969 -0.104549 -0.0866168 -0.0331599 0.0416034 1 0 0 0 0 0 0 0
2 1 0.1 5.64381 1.37564 0.149964 -0.000235377 0.000307387 -0.000291552 0.000387862 0.00269734 0.00125996 1 0 0 0 0 0 0 0
3 1 0.1 5.29986 1.71672 0.143783 0.0153809 -0.0130234 -0.00262486 -0.0187553 0.0187349 -0.217272 1 0 0 0 0 0 0 0
4 1 0.1 5.47411 1.78812 0.422983 -0.0525031 0.0606043 0.0352881 1.29224 -0.41289 0.833459 1 0 0 0 0 0 0 0
5 1 0.1 5.14655 1.87859 0.137484 0.000732528 -0.0011515 -0.000520093 0.013615 0.0106712 0.00184484 1 0 0 0 0 0 0 0
6 1 0.1 4.95581 2.0645 0.136847 -0.0137937 0.00315181 0.000454895 -0.195933 0.164524 0.0371836 1 0 0 0 0 0 0 0
7 1 0.1 4.76967 2.25729 0.135662 -0.0101072 0.00112702 -0.00964946 0.110548 0.167503 -0.118092 1 0 0 0 0 0 0 0
8 1 0.1 4.64996 2.68287 0.137207 -0.0731826 0.0280563 0.000425796 -0.357088 -0.694919 -0.0461314 1 0 0 0 0 0 0 0
9 1 0.1 4.66245 2.53804 0.273921 -0.0800409 0.0332618 0.0273402 0.308215 -0.341137 0.979975 1 0 0 0 0 0 0 0
10 1 0.1 4.19355 2.85526 0.149997 -2.70318e-06 9.94738e-05 4.95729e-05 0.00133091 -0.00116768 0.000899854 1 0 0 0 0 0 0 0
11 1 0.1 4.19285 2.82753 0.450331 -0.00955851 0.00664387 0.0301467 0.272853 0.0495858 0.21458 1 0 0 0 0 0 0 0
12 1 0.1 4.19538 3.12894 0.136262 0.00354381 -0.0369694 0.00172691 0.132163 -0.594674 -0.0507536 1 0 0 0 0 0 0 0
13 1 0.1 4.24002 3.21891 0.307134 -0.0228394 -0.0323175 -0.00920114 -0.121419 0.35926 -0.799378 1 0 0 0 0 0 0 0
14 1 0.1 4.31322 3.29139 0.137005 -0.0341343 -0.0284137 -0.012041 0.302225 -0.0414211 -0.0908633 1 0 0 0 0 0 0 0
15 1 0.1 4.45033 3.43562 0.149952 0.0213936 0.013095 0.0128273 0.0905176 0.0799382 0.0658018 1 0 0 0 0 0 0 0
16 1 0.1 4.50633 3.23978 0.137559 -0.240429 -0.31488 -0.0149541 0.00147301 -0.157168 -2.93239 1 0 0 0 0 0 0 0
17 1 0.1 4.817 3.61728 0.296407 0.0436321 -0.0632745 0.0531588 -0.881291 0.346378 -0.110321 1 0 0 0 0 0 0 0
18 1 0.1 4.59176 3.5766 0.149867 0.0593728 0.017482 -0.00408726 -0.0640021 0.193105 -0.292047 1 0 0 0 0 0 0 0
19 1 0.1 5.01063 3.98767 0.136335 -0.0171086 0.0087385 0.00747196 -0.161385 -0.211368 -0.04356 1 0 0 0 0 0 0 0
20 1 0.1 5.16213 4.14441 0.139969 0.00358985 -0.00417496 -0.00797826 -0.26577 0.563485 0.054538 1 0 0 0 0 0 0 0
21 1 0.1 5.35905 4.16369 0.160646 0.0050585 -0.0781938 -0.074228 1.25867 0.101678 -0.740671 1 0 0 0 0 0 0 0
22 1 0.1 5.49888 4.47341 0.137497 -0.0362814 -0.0106716 0.00523909 0.000185503 -0.0786388 -0.195306 1 0 0 0 0 0 0 0
23 1 0.1 5.63817 4.61678 0.149889 -0.00547051 0.00250622 -0.0224505 0.17979 0.131801 -0.0245711 1 0 0 0 0 0 0 0
24 1 0.1 5.92761 4.90848 0.149802 -0.00996401 -0.012942 0.00617741 0.0223754 -0.0995107 -0.155881 1 0 0 0 0 0 0 0
25 1 0.1 6.07307 0.943945 0.150016 -0.00405911 0.00668294 0.000396236 0.0068895 0.00648369 -0.0108682 1 0 0 0 0 0 0 0
26 1 0.1 5.83835 1.42074 0.137366 0.00956373 0.0309276 0.00274758 -0.302633 0.0375992 -0.231523 1 0 0 0 0 0 0 0
27 1 0.1 5.67925 1.57188 0.138383 -0.00153004 0.00144935 -0.000613384 -0.00443281 -0.00137029 0.00368804 1 0 0 0 0 0 0 0
28 1 0.1 5.48101 1.5462 0.139108 -0.00192706 0.00179978 -0.000670945 -0.0194876 -0.00553183 0.00801235 1 0 0 0 0 0 0 0
29 1 0.1 5.60093 1.87135 0.139462 0.0128862 0.0165352 -0.0323266 -0.112072 -0.344202 -0.156956 1 0 0 0 0 0 0 0
30 1 0.1 5.40189 1.88815 0.144317 0.00763117 -0.00379023 -0.0428179 -0.280618 0.267312 0.350428 1 0 0 0 0 0 0 0
31 1 0.1 5.15285 2.08022 0.144711 -0.021407 0.00349584 -0.0293299 -0.102404 0.0792572 -0.0187851 1 0 0 0 0 0 0 0
32 1 0.1 4.96565 2.28837 0.137258 -0.0247271 0.0408879 0.00821768 -0.511151 0.048817 0.288235 1 0 0 0 0 0 0 0
33 1 0.1 4.46725 2.55625 0.138873 0.132482 -0.101401 0.0254757 0.00226429 -0.00170043 -0.00210327 1 0 0 0 0 0 0 0
34 1 0.1 4.83069 2.76203 0.16803 -0.0764964 0.0186579 -0.0222034 -0.00675035 -0.104017 -0.317049 1 0 0 0 0 0 0 0
35 1 0.1 4.3236 2.69447 0.153383 0.14635 -0.0824367 -0.00248961 0.0489218 0.000136268 -1.79706 1 0 0 0 0 0 0 0
36 1 0.1 5.22842 2.8387 0.307333 -0.170002 -0.0208306 -0.00469547 0.606575 0.197206 0.642616 1 0 0 0 0 0 0 0
37 1 0.1 4.4269 2.85887 0.164405 0.351689 -0.135398 0.000582596 -0.485423 -0.864573 -0.36141 1 0 0 0 0 0 0 0
38 1 0.1 4.47573 3.04205 0.131964 -0.0224792 -0.0112336 -0.0195011 -0.0872891 0.353143 4.31988 1 0 0 0 0 0 0 0
39 1 0.1 4.48037 3.15559 0.324629 0.0440753 -0.124202 0.0702995 -0.256293 0.925421 -0.660936 1 0 0 0 0 0 0 0
40 1 0.1 5.01878 3.29178 0.136914 0.0236646 -0.0710658 0.00424303 -0.729192 1.05968 0.453379 1 0 0 0 0 0 0 0
41 1 0.1 4.85777 3.5663 0.127951 0.00349021 -0.0792219 0.0149895 0.830905 -0.0353795 0.0461157 1 0 0 0 0 0 0 0
42 1 0.1 4.8047 3.78807 0.142457 -0.00536442 -0.00495918 -0.00571347 -0.0332027 0.114586 -0.0995566 1 0 0 0 0 0 0 0
43 1 0.1 5.04057 3.89829 0.309426 -0.0651519 0.0458823 0.0173776 -0.0917506 -0.124493 0.129987 1 0 0 0 0 0 0 0
44 1 0.1 5.5049 3.86883 0.13508 -0.15278 -0.0964518 -0.0137049 0.0759183 -1.23178 0.842429 1 0 0 0 0 0 0 0
45 1 0.1 5.55873 4.05588 0.137318 -0.244962 -0.144108 0.025455 -2.2505 0.57864 0.358203 1 0 0 0 0 0 0 0
46 1 0.1 5.52512 4.27087 0.136816 -0.0390714 -0.00280788 0.00629258 0.277209 -0.0206107 1.49672 1 0 0 0 0 0 0 0
47 1 0.1 5.7621 4.46089 0.13719 -0.0224106 0.0170265 0.00516292 -0.467879 -0.400108 -0.0503912 1 0 0 0 0 0 0 0
48 1 0.1 5.77965 4.75806 0.149959 -0.00234087 -0.00286576 -0.00395071 0.0940197 -0.0292407 -0.0242348 1 0 0 0 0 0 0 0
49 1 0.1 6.06953 5.04934 0.147024 -0.0112965 -0.0102601 0.0132362 -0.0416867 -0.137806 -0.140333 1 0 0 0 0 0 0 0
50 1 0.1 6.21447 0.802548 0.150004 -0.00418175 0.00670162 0.000384953 -0.0186486 -0.0166248 0.0873561 1 0 0 0 0 0 0 0
51 1 0.1 5.98474 1.27777 0.137051 0.00549332 0.00636207 -0.00451728 -0.0963724 0.0512328 -0.137299 1 0 0 0 0 0 0 0
52 1 0.1 5.94811 1.82708 0.13751 0.00341321 -0.00962118 0.00424117 -0.0107398 -0.0804037 -0.0501177 1 0 0 0 0 0 0 0
53 1 0.1 5.76236 1.75345 0.137158 0.00127192 -0.000586519 -0.000224157 0.00938204 0.0314417 -0.0361416 1 0 0 0 0 0 0 0
54 1 0.1 5.74119 2.01184 0.163544 -0.0179549 0.0610492 -0.0901813 -0.407308 0.65255 0.415253 1 0 0 0 0 0 0 0
55 1 0.1 5.35049 2.08036 0.134066 -0.0305563 -0.00632213 -0.0106536 0.152055 -0.316518 -0.052768 1 0 0 0 0 0 0 0
56 1 0.1 5.16316 2.31925 0.137661 -0.0136676 -0.0549425 0.00943024 0.305585 -0.374133 -1.12978 1 0 0 0 0 0 0 0
57 1 0.1 5.32263 2.35947 0.42916 0.10564 0.00263763 0.03286 -0.0828187 -0.871012 -0.999726 1 0 0 0 0 0 0 0
58 1 0.1 4.8467 2.40465 0.244803 -0.0799002 0.0239682 -0.023531 0.457206 0.142424 -0.300292 1 0 0 0 0 0 0 0
59 1 0.1 4.62763 2.39748 0.139922 0.00270909 0.0156387 -0.00237142 -0.0796152 0.0337829 0.137197 1 0 0 0 0 0 0 0
60 1 0.1 5.39622 2.72614 0.282374 0.0164563 -0.0692382 -0.033198 -1.14273 -0.822165 0.185778 1 0 0 0 0 0 0 0
61 1 0.1 4.62375 2.88115 0.137491 0.345512 0.101341 0.00530371 -0.0960038 1.24359 2.69813 1 0 0 0 0 0 0 0
62 1 0.1 4.85385 2.95565 0.136005 0.0418849 -0.0110414 -0.0123452 0.0798457 0.292695 -0.973648 1 0 0 0 0 0 0 0
63 1 0.1 4.66187 3.11309 0.146031 -0.0665322 0.145223 -0.0192831 -0.0535211 0.245017 -1.65874 1 0 0 0 0 0 0 0
64 1 0.1 4.83181 3.21781 0.137483 0.0731061 -0.0582209 0.000449525 0.831188 0.0139685 -0.832009 1 0 0 0 0 0 0 0
65 1 0.1 4.71802 3.45512 0.34196 -0.0665749 -0.0624331 -0.0495185 2.48934 0.273919 -1.19301 1 0 0 0 0 0 0 0
66 1 0.1 5.31556 3.51879 0.134703 0.0197239 -0.137083 -0.005409 1.50201 0.139432 0.413993 1 0 0 0 0 0 0 0
67 1 0.1 5.41437 3.69155 0.152025 -0.151451 -0.0696182 0.0769563 -0.830203 -0.493087 1.02161 1 0 0 0 0 0 0 0
68 1 0.1 4.99005 3.71384 0.137429 -0.0233946 -0.051503 -0.000289146 -0.383265 0.264148 0.038897 1 0 0 0 0 0 0 0
69 1 0.1 5.49959 3.93373 0.430535 -0.143142 -0.137099 -0.0428766 -1.20072 1.27714 -3.09979 1 0 0 0 0 0 0 0
70 1 0.1 5.62269 4.14106 0.298302 -0.242085 -0.0374534 -0.0261605 -2.20118 3.44807 -0.901695 1 0 0 0 0 0 0 0
71 1 0.1 5.7216 4.15841 0.130693 -0.314472 -0.10713 -0.0341972 1.37771 -2.57824 0.79701 1 0 0 0 0 0 0 0
72 1 0.1 5.89879 4.31591 0.13621 -0.00172475 0.0547573 -0.0135122 -0.316542 0.314956 0.367256 1 0 0 0 0 0 0 0
73 1 0.1 6.07922 4.7787 0.137376 -0.00208584 -0.00537996 -0.000761483 0.0579207 -0.0196244 0.0768388 1 0 0 0 0 0 0 0
74 1 0.1 6.3092 5.28757 0.15126 4.47024e-05 -3.31924e-05 -0.000136473 -0.00128928 0.00358547 0.00252812 1 0 0 0 0 0 0 0
75 1 0.1 6.22879 1.03294 0.276424 -0.00749191 0.0112589 0.00254961 -0.0333444 -0.0207768 0.0111563 1 0 0 0 0 0 0 0
76 1 0.1 6.12862 1.13576 0.13731 -0.00421419 0.00523776 -0.00108113 -0.034203 -0.0300963 0.00564594 1 0 0 0 0 0 0 0
77 1 0.1 6.06479 1.66487 0.137362 0.0174994 -0.00032086 -0.00274042 0.127376 0.102672 0.251772 1 0 0 0 0 0 0 0
78 1 0.1 5.93929 2.02659 0.137408 0.00539766 -0.00940241 -0.00106511 -0.0408705 -0.0497025 0.0223805 1 0 0 0 0 0 0 0
79 1 0.1 5.8449 2.29904 0.307482 0.128249 0.0141634 -0.0206994 -0.387321 1.18219 -0.28986 1 0 0 0 0 0 0 0
80 1 0.1 5.55025 2.06484 0.137227 -0.0402299 0.0102677 -0.00465347 -0.107744 -0.372963 -0.00580187 1 0 0 0 0 0 0 0
81 1 0.1 5.56895 2.30029 0.137441 0.0123155 0.0175214 0.00160847 0.0307548 0.436247 0.186079 1 0 0 0 0 0 0 0
82 1 0.1 5.76629 2.78007 0.13748 0.00681048 0.0173958 0.00103046 0.0953998 -0.0405855 0.190938 1 0 0 0 0 0 0 0
83 1 0.1 5.38284 2.43256 0.25794 0.0910161 0.0157481 0.0312072 0.540733 1.29156 0.319184 1 0 0 0 0 0 0 0
84 1 0.1 4.81548 2.56723 0.136969 -0.0621082 0.0234006 -0.00343957 -0.232178 -0.578353 0.363501 1 0 0 0 0 0 0 0
85 1 0.1 5.01193 2.6584 0.137655 -0.103187 -0.119706 0.014095 1.17502 0.0679617 0.996903 1 0 0 0 0 0 0 0
86 1 0.1 5.64004 2.89828 0.333408 0.0175281 0.0445135 -0.00561788 -0.13146 -0.136651 0.429529 1 0 0 0 0 0 0 0
87 1 0.1 5.04664 2.90293 0.137559 0.00976355 -0.146194 0.0137947 0.62352 -0.775356 -0.398683 1 0 0 0 0 0 0 0
88 1 0.1 5.20688 3.28445 0.209403 -0.280287 -0.157561 0.105104 -0.419643 -1.02336 -0.821102 1 0 0 0 0 0 0 0
89 1 0.1 4.66818 3.37232 0.135049 -0.107148 0.00639418 -0.0137092 0.0351858 -1.08877 0.10589 1 0 0 0 0 0 0 0
90 1 0.1 5.13033 3.45436 0.136942 0.0149703 -0.0717411 -0.00391947 0.661873 -0.441416 -0.602601 1 0 0 0 0 0 0 0
91 1 0.1 5.56894 3.4687 0.136825 0.0232313 -0.113246 -0.00123133 1.07068 0.273161 0.024378 1 0 0 0 0 0 0 0
92 1 0.1 5.69918 3.64553 0.137242 -0.0280426 -0.0527276 0.0049583 0.349821 -0.236249 0.599202 1 0 0 0 0 0 0 0
93 1 0.1 5.90495 3.8783 0.288986 -0.129059 0.0235764 -0.0687003 0.00298304 0.581567 0.358272 1 0 0 0 0 0 0 0
94 1 0.1 5.73143 3.96607 0.179649 -0.206128 -0.104189 -0.0610617 -1.06486 -0.0048728 0.294676 1 0 0 0 0 0 0 0
95 1 0.1 5.92244 4.00753 0.137449 -0.233877 0.118397 0.000928192 0.260837 -0.793618 1.25738 1 0 0 0 0 0 0 0
96 1 0.1 6.04259 4.17715 0.137419 0.0970551 0.163027 -0.00100746 -1.64336 0.956395 1.03392 1 0 0 0 0 0 0 0
97 1 0.1 6.01244 4.41739 0.265636 0.00368769 0.0398158 -0.00650947 0.0945051 -0.8523 -0.0745509 1 0 0 0 0 0 0 0
98 1 0.1 6.21076 4.91668 0.197774 0.000334733 -0.00173172 -0.0133845 0.203041 0.199103 -0.0943084 1 0 0 0 0 0 0 0
99 1 0.1 6.29176 5.08897 0.137406 0.000996529 -0.000114176 -0.00114709 0.010095 0.00574779 0.00732235 1 0 0 0 0 0 0 0
100 1 0.1 6.34209 0.680326 0.349983 -0.00455941 0.00561675 2.18893e-05 0.000964744 0.000308748 0.0752665 1 0 0 0 0 0 0 0
101 1 0.1 6.17572 1.3368 0.137475 0.0142234 -0.0171721 -0.00171416 -0.150719 -0.172736 0.0586274 1 0 0 0 0 0 0 0
102 1 0.1 6.02982 1.47037 0.166305 0.0279577 -0.00107892 -0.0185725 -0.0171838 0.159476 -0.208166 1 0 0 0 0 0 0 0
103 1 0.1 5.99253 2.42518 0.260687 0.0962786 0.0489895 -0.0231068 0.943546 -0.667443 0.602616 1 0 0 0 0 0 0 0
104 1 0.1 5.90947 2.81966 0.568905 0.0292578 0.0648298 0.00974934 0.282347 -0.212208 0.302569 1 0 0 0 0 0 0 0
105 1 0.1 5.79036 2.39052 0.137869 0.044174 0.00082125 -0.029408 -0.454407 0.230699 -0.344887 1 0 0 0 0 0 0 0
106 1 0.1 5.74073 2.5831 0.152258 0.0533485 0.00625824 -0.0390763 0.301881 -0.0337342 0.259926 1 0 0 0 0 0 0 0
107 1 0.1 5.82604 3.10922 0.492576 -0.037502 0.0127666 0.00567659 0.145149 -0.131057 -0.133269 1 0 0 0 0 0 0 0
108 1 0.1 5.5312 2.7052 0.137206 0.0476478 -0.0686851 -0.00122791 0.68934 0.453128 0.308213 1 0 0 0 0 0 0 0
109 1 0.1 5.55993 2.50003 0.136875 0.0461954 0.0172231 -0.00504043 -0.174299 0.457516 -0.366897 1 0 0 0 0 0 0 0
110 1 0.1 5.37028 2.58559 0.135107 -0.0318184 0.00108195 0.00842599 0.000123345 -0.31429 0.240095 1 0 0 0 0 0 0 0
111 1 0.1 5.26363 2.75273 0.135812 -0.0465545 0.0084785 0.00553793 -0.46928 -1.02428 0.295661 1 0 0 0 0 0 0 0
112 1 0.1 5.47992 3.07872 0.137339 0.0314743 -0.0310628 -0.00410906 0.305738 0.303929 -0.383326 1 0 0 0 0 0 0 0
113 1 0.1 4.99274 3.09589 0.140724 0.0978308 -0.0725628 0.0209616 0.718055 0.0679226 0.223021 1 0 0 0 0 0 0 0
114 1 0.1 5.58118 3.22736 0.223544 0.0510301 -0.0876614 0.0553342 0.706913 -0.0828142 0.215427 1 0 0 0 0 0 0 0
115 1 0.1 5.72202 3.34023 0.137466 0.0351661 -0.104368 0.00110509 -0.561604 -0.414189 0.166799 1 0 0 0 0 0 0 0
116 1 0.1 5.68299 3.07957 0.137244 0.0687619 -0.0528597 -0.000202507 0.0331162 0.0102675 -0.0148561 1 0 0 0 0 0 0 0
117 1 0.1 5.92194 3.34415 0.137302 0.0361708 0.000374495 -0.00273542 -0.0517864 0.195362 0.0440106 1 0 0 0 0 0 0 0
118 1 0.1 5.87111 3.74737 0.140645 -0.128232 0.138008 -0.0566885 0.399382 0.579934 1.56873 1 0 0 0 0 0 0 0
119 1 0.1 6.04356 3.84834 0.145505 -0.155754 0.19464 0.0186177 -0.0388391 -0.583711 -1.56714 1 0 0 0 0 0 0 0
120 1 0.1 5.8651 3.53549 0.136937 0.00513434 -0.00570198 3.63762e-05 0.0405076 -0.0499702 0.206832 1 0 0 0 0 0 0 0
121 1 0.1 6.07719 3.22188 0.170331 0.067623 -0.120106 0.0340343 0.356322 -0.924546 -0.679797 1 0 0 0 0 0 0 0
122 1 0.1 6.00802 4.31728 0.581028 0.0844468 -0.00644401 0.00535218 0.109757 -0.00343561 0.135428 1 0 0 0 0 0 0 0
123 1 0.1 6.03716 4.57896 0.137401 -0.0285155 -0.01546 0.000235255 0.236226 -0.267118 -0.187753 1 0 0 0 0 0 0 0
124 1 0.1 6.20548 4.64778 0.2205 -0.0150501 -0.0299297 -0.0157174 -0.412143 0.374366 -0.0910414 1 0 0 0 0 0 0 0
125 1 0.1 5.91734 1.1052 0.34998 -0.00698255 0.00837986 0.00150343 -0.507232 -0.437494 -0.0583166 1 0 0 0 0 0 0 0
126 1 0.1 5.77675 1.2473 0.344685 0.0144832 0.0261674 -0.104877 0.0398731 0.0567754 0.228526 1 0 0 0 0 0 0 0
127 1 0.1 5.58384 1.43162 0.348282 -0.00831492 0.0132808 -0.0232133 -0.22509 0.0879134 0.0762323 1 0 0 0 0 0 0 0
128 1 0.1 5.44244 1.57293 0.348952 -0.0166792 0.015654 -0.00254796 -0.00433434 0.131385 0.122998 1 0 0 0 0 0 0 0
129 1 0.1 5.30072 1.71389 0.356843 -0.0198531 0.024839 -0.00473346 -0.354422 -0.034809 -0.201081 1 0 0 0 0 0 0 0
130 1 0.1 5.08628 1.9361 0.319223 0.0198669 -0.0488957 0.019234 0.345411 0.0556336 -0.598912 1 0 0 0 0 0 0 0
131 1 0.1 4.95597 2.09403 0.333324 -0.0519606 0.0408227 -0.00908634 -0.316162 -0.204928 -0.096744 1 0 0 0 0 0 0 0
132 1 0.1 4.8333 2.24119 0.385975 0.0181618 0.0851693 0.0189533 0.106101 0.335278 -0.269489 1 0 0 0 0 0 0 0
133 1 0.1 4.67717 2.34611 0.327977 -0.0335779 0.0184077 0.0477529 0.275352 0.00781888 0.585913 1 0 0 0 0 0 0 0
134 1 0.1 4.59044 2.45656 0.467419 -0.035557 -0.0014483 0.0629901 -0.546586 0.589472 0.416039 1 0 0 0 0 0 0 0
135 1 0.1 4.46643 2.55339 0.348364 -0.0277034 -0.0247454 0.0907751 0.766581 -0.661801 -0.0687868 1 0 0 0 0 0 0 0
136 1 0.1 4.33014 2.70611 0.370371 -0.369647 -0.244573 -0.1957 1.52437 1.97517 -4.1172 1 0 0 0 0 0 0 0
137 1 0.1 4.53414 2.96242 0.311435 -0.412481 -0.364258 0.00495529 -2.37792 0.227146 4.66616 1 0 0 0 0 0 0 0
138 1 0.1 4.33432 3.0567 0.258609 0.0182208 -0.0558147 0.0121066 0.744121 -1.26131 0.0924474 1 0 0 0 0 0 0 0
139 1 0.1 4.302 3.27283 0.488326 -0.0298691 -0.0409541 -0.00541967 0.106872 0.0172979 -0.142633 1 0 0 0 0 0 0 0
140 1 0.1 4.586 3.31921 0.304109 -0.109709 -0.0376275 -0.0619217 -0.704946 0.282339 2.30237 1 0 0 0 0 0 0 0
141 1 0.1 4.52235 3.50458 0.338972 -0.0276638 -0.0293487 -0.0263872 0.183571 0.216375 -0.426927 1 0 0 0 0 0 0 0
142 1 0.1 4.72235 3.70482 0.431019 0.0287858 0.0311023 0.0163838 -0.345159 -0.255583 0.434066 1 0 0 0 0 0 0 0
143 1 0.1 5.11266 4.05334 0.412516 -0.120942 0.119532 -0.035065 -0.365276 0.132573 0.28218 1 0 0 0 0 0 0 0
144 1 0.1 5.37687 4.04865 0.322311 -0.0418385 -0.076633 -0.0892716 -1.36233 0.350256 0.00989077 1 0 0 0 0 0 0 0
145 1 0.1 5.22218 4.19535 0.324267 0.00987276 0.00302372 -0.0544608 0.144898 0.315036 -0.100645 1 0 0 0 0 0 0 0
146 1 0.1 5.37128 4.35264 0.233014 -0.0298469 -0.00739678 0.0564428 -1.1919 -0.101806 -0.203197 1 0 0 0 0 0 0 0
147 1 0.1 5.49223 4.46789 0.340653 0.036707 0.0280991 -0.0535582 -0.0687137 1.12821 -1.83599 1 0 0 0 0 0 0 0
148 1 0.1 5.69892 4.67534 0.349793 -0.0220193 -0.0215488 0.00905848 -0.000986462 -0.118323 -0.296399 1 0 0 0 0 0 0 0
149 1 0.1 5.8954 4.86957 0.360744 0.0128887 0.00866179 0.00148334 0.086262 -0.0998778 0.131057 1 0 0 0 0 0 0 0
150 1 0.1 6.06122 0.964582 0.36125 -0.00428406 0.00578415 0.000368921 -0.016527 0.0189476 0.117447 1 0 0 0 0 0 0 0
151 1 0.1 5.82983 1.68862 0.313235 0.0560784 0.0162468 -0.0141359 -0.0651728 0.461514 0.397937 1 0 0 0 0 0 0 0
152 1 0.1 5.48333 1.72572 0.227036 0.00963766 0.00855686 -0.00899797 -0.0906735 -0.323571 -0.316808 1 0 0 0 0 0 0 0
153 1 0.1 5.9811 2.23971 0.441068 0.154329 0.0458348 -0.0325181 0.298494 -0.974859 0.662933 1 0 0 0 0 0 0 0
154 1 0.1 5.68681 1.99721 0.355377 -0.0558615 0.0440174 -0.102869 0.62979 -0.61327 0.408828 1 0 0 0 0 0 0 0
155 1 0.1 5.30011 2.05221 0.318904 -0.0371737 0.0715105 -0.021889 -0.458477 0.827928 -0.203622 1 0 0 0 0 0 0 0
156 1 0.1 5.15485 2.24317 0.561841 -0.0179113 0.0653288 0.171012 0.338064 1.60343 -0.461489 1 0 0 0 0 0 0 0
157 1 0.1 4.86538 2.15774 0.562864 -0.00504169 0.00495852 -0.0124456 0.106812 0.0227083 0.0619296 1 0 0 0 0 0 0 0
158 1 0.1 4.78257 2.49493 0.426824 -0.0858775 0.0998664 0.0578913 0.310749 -0.287051 0.922672 1 0 0 0 0 0 0 0
159 1 0.1 5.01889 2.75641 0.59428 -0.189899 -0.00713922 0.0773989 0.420462 0.686419 -1.3474 1 0 0 0 0 0 0 0
160 1 0.1 4.73533 2.71081 0.335846 -0.186621 0.139761 -0.0563814 -1.07588 1.24509 0.605235 1 0 0 0 0 0 0 0
161 1 0.1 4.70919 2.89897 0.390473 0.121097 0.172061 0.0570181 1.70752 2.54733 -2.75801 1 0 0 0 0 0 0 0
162 1 0.1 4.67173 2.82858 0.572861 0.0538753 -0.0710954 -0.0462969 1.66295 -2.45391 1.3489 1 0 0 0 0 0 0 0
163 1 0.1 4.86967 2.88887 0.585309 -0.140084 0.0320177 0.0671711 0.198316 -1.39077 0.743839 1 0 0 0 0 0 0 0
164 1 0.1 4.37523 3.22042 0.665758 0.0131529 -0.0532307 -0.0293391 -0.672746 -0.0796979 1.06134 1 0 0 0 0 0 0 0
165 1 0.1 4.79078 3.39778 0.568534 -0.0334915 0.00332129 0.0264204 0.187791 -0.184993 1.56314 1 0 0 0 0 0 0 0
166 1 0.1 4.97742 3.36533 0.423671 0.153271 -0.0212269 0.0282288 -0.413902 0.282692 -0.396795 1 0 0 0 0 0 0 0
167 1 0.1 5.14692 3.67837 0.259615 0.0282964 -0.0178483 -0.0242652 0.321783 -0.744215 1.58191 1 0 0 0 0 0 0 0
168 1 0.1 5.20654 3.98425 0.247868 -0.0472331 -0.0323479 0.00957336 -0.0169322 0.0598458 -1.07254 1 0 0 0 0 0 0 0
169 1 0.1 5.35872 3.85959 0.264544 -0.125722 -0.124423 -0.00638745 -0.0716725 0.443968 -0.941212 1 0 0 0 0 0 0 0
170 1 0.1 5.45739 4.22391 0.353348 -0.176885 -0.0669553 0.0927223 2.57584 -2.59431 0.737866 1 0 0 0 0 0 0 0
171 1 0.1 5.631 4.29283 0.42534 -0.074331 -0.0119085 -0.108861 1.48833 -2.50204 -0.29785 1 0 0 0 0 0 0 0
172 1 0.1 5.75703 4.3169 0.274855 0.0667424 0.0623943 0.0403535 -0.393133 0.512668 0.186803 1 0 0 0 0 0 0 0
173 1 0.1 5.85126 4.53038 0.300413 -0.0170275 0.00472492 0.00454789 0.765661 0.636636 0.25629 1 0 0 0 0 0 0 0
174 1 0.1 6.06687 5.04574 0.347155 -0.000511992 -0.000757734 -0.00178855 0.0103655 0.00782547 -0.0113721 1 0 0 0 0 0 0 0
175 1 0.1 6.20213 0.823068 0.353229 -0.00314259 0.00701951 0.000374017 -0.0215551 0.0235668 -0.0752532 1 0 0 0 0 0 0 0
176 1 0.1 5.76755 1.4987 0.307267 -0.0125167 0.042079 -0.00889153 0.172832 -0.283763 0.259525 1 0 0 0 0 0 0 0
177 1 0.1 5.84328 1.88747 0.296742 -0.0497584 0.017306 -0.0408312 -0.266255 -0.443499 -0.883787 1 0 0 0 0 0 0 0
178 1 0.1 5.85468 2.09473 0.307544 0.00354307 -0.0118233 -0.00574525 -0.115877 0.254387 -0.535694 1 0 0 0 0 0 0 0
179 1 0.1 5.49084 2.00216 0.317078 -0.0739953 -0.0467906 -0.0415223 1.07576 0.397894 -0.60971 1 0 0 0 0 0 0 0
180 1 0.1 5.57555 2.14668 0.426985 -0.0734681 0.0101372 -0.0442915 0.342855 0.345416 -0.323685 1 0 0 0 0 0 0 0
181 1 0.1 5.24298 2.2363 0.302051 0.0416463 0.102625 -0.0103582 0.370738 0.152901 -0.776946 1 0 0 0 0 0 0 0
182 1 0.1 5.05319 2.28078 0.31304 0.0407013 0.149639 -0.00319095 -0.586847 -0.0260823 0.421557 1 0 0 0 0 0 0 0
183 1 0.1 4.93048 2.67066 0.319885 -0.243165 -0.143926 -0.0529455 -0.335793 -1.18101 -0.511671 1 0 0 0 0 0 0 0
184 1 0.1 5.29478 2.72207 0.453834 -0.0237797 -0.0314728 -0.0573948 -0.0548355 0.273622 1.16355 1 0 0 0 0 0 0 0
185 1 0.1 5.15193 2.85761 0.486162 -0.125934 -0.154483 0.00346414 0.289839 0.250817 0.439805 1 0 0 0 0 0 0 0
186 1 0.1 5.02984 2.84386 0.327989 -0.197748 -0.171701 0.00225533 0.516394 0.394165 -0.04986 1 0 0 0 0 0 0 0
187 1 0.1 4.52122 2.73125 0.282053 0.116862 -0.0732604 0.181213 -0.715527 -1.64881 -0.637536 1 0 0 0 0 0 0 0
188 1 0.1 4.8038 3.0487 0.302128 0.142912 0.0953463 -0.0675338 -1.28615 0.595611 0.483893 1 0 0 0 0 0 0 0
189 1 0.1 5.37072 3.33619 0.411692 -0.070237 -0.0955973 0.0469597 -0.297623 -0.831886 0.165151 1 0 0 0 0 0 0 0
190 1 0.1 5.06862 3.50376 0.313166 0.0692678 -0.0249589 -0.0169094 -0.5899 0.388062 -1.00998 1 0 0 0 0 0 0 0
191 1 0.1 5.40173 3.50424 0.312521 -0.0107765 -0.140031 0.0120423 -0.869554 -0.459041 -0.4017 1 0 0 0 0 0 0 0
192 1 0.1 5.14739 3.83436 0.136066 -0.0575655 -0.00485062 -0.00114937 0.00125309 -0.565399 0.537983 1 0 0 0 0 0 0 0
193 1 0.1 5.72638 3.79019 0.271416 -0.10293 -0.0513611 0.0333696 -0.0317439 0.527299 0.611856 1 0 0 0 0 0 0 0
194 1 0.1 5.66913 3.86968 0.553815 0.233181 -0.240643 -0.0784813 -2.50181 1.05523 -4.46921 1 0 0 0 0 0 0 0
195 1 0.1 5.71978 4.05953 0.444285 0.271633 0.0811517 -0.312221 1.3059 5.10812 0.191714 1 0 0 0 0 0 0 0
196 1 0.1 5.83142 4.13238 0.295564 0.202885 0.14642 -0.342348 0.447424 -0.58601 -0.362369 1 0 0 0 0 0 0 0
197 1 0.1 5.94441 4.02202 0.422245 0.134739 0.0372001 -0.159408 1.52195 1.89109 -0.129636 1 0 0 0 0 0 0 0
198 1 0.1 5.94351 4.70295 0.26297 -0.00435963 0.000826831 0.0026013 -0.114736 0.137957 -0.323945 1 0 0 0 0 0 0 0
199 1 0.1 6.20782 5.18756 0.349988 -0.000591304 -0.000891842 -0.000140846 0.00729532 -0.00721012 -0.0195471 1 0 0 0 0 0 0 0
200 1 0.1 6.07758 1.22538 0.308312 -0.0119577 0.0137267 -0.00676432 -0.046497 -0.0698483 -0.0506945 1 0 0 0 0 0 0 0
201 1 0.1 5.93401 1.36447 0.308975 0.0212261 0.0479169 -0.0280776 -0.226364 -0.174443 -0.409671 1 0 0 0 0 0 0 0
202 1 0.1 6.02445 1.86426 0.48035 0.135273 0.0175637 -0.0541711 -0.419747 -0.608332 -0.658057 1 0 0 0 0 0 0 0
203 1 0.1 5.91267 2.33691 0.603629 -0.0084113 0.0184339 -0.00909012 -0.0517426 0.203931 -0.0052228 1 0 0 0 0 0 0 0
204 1 0.1 5.87804 2.58426 0.304011 0.0558908 0.0536691 0.0157086 0.630341 -0.340973 0.00521269 1 0 0 0 0 0 0 0
205 1 0.1 5.6733 2.1772 0.255365 -0.0269558 -0.0591168 -0.0367723 -0.0895491 -0.53417 -1.57455 1 0 0 0 0 0 0 0
206 1 0.1 5.44157 2.24116 0.279791 0.0481771 -0.00759457 0.0239703 0.177919 -0.455561 -0.33135 1 0 0 0 0 0 0 0
207 1 0.1 5.5184 2.38072 0.401138 0.102794 0.0407858 -3.61926e-05 0.150006 1.19116 1.38954 1 0 0 0 0 0 0 0
208 1 0.1 5.15565 2.51921 0.137495 -0.00294223 -0.0401965 -0.000147133 -0.435788 0.161571 0.0806206 1 0 0 0 0 0 0 0
209 1 0.1 5.5174 2.56362 0.320271 0.0767342 0.0391113 -0.0159723 -0.0795989 -0.166886 0.355361 1 0 0 0 0 0 0 0
210 1 0.1 5.75133 2.92436 0.505539 -0.0038266 0.00807591 -0.00209681 -0.123927 -0.0292013 0.475499 1 0 0 0 0 0 0 0
211 1 0.1 5.40406 2.89426 0.137538 -0.0369856 -0.000260712 0.011826 -0.331927 0.0748121 -0.381104 1 0 0 0 0 0 0 0
212 1 0.1 4.94624 2.99422 0.429361 0.0342631 -0.0174346 0.00469443 -0.334133 -1.17384 -3.39276 1 0 0 0 0 0 0 0
213 1 0.1 5.09464 3.03748 0.302507 0.0777316 -0.113953 0.0182089 0.605342 -0.368034 1.07464 1 0 0 0 0 0 0 0
214 1 0.1 5.41272 3.34461 0.141886 0.0277761 -0.138702 -0.0483278 -0.86897 -0.76612 0.205634 1 0 0 0 0 0 0 0
215 1 0.1 5.74289 3.34266 0.404667 0.0432754 -0.038436 0.0209196 0.00276389 -0.444241 -0.520089 1 0 0 0 0 0 0 0
216 1 0.1 5.7551 3.51245 0.301392 0.0516617 -0.0365679 0.0244273 -0.144259 0.537094 0.509358 1 0 0 0 0 0 0 0
217 1 0.1 5.57427 3.60007 0.285559 -0.0383662 -0.100525 -0.0138072 -1.17024 -0.231246 0.989603 1 0 0 0 0 0 0 0
218 1 0.1 5.98283 3.69711 0.322071 -0.029936 0.0582833 -0.109951 0.0476455 0.517429 0.33342 1 0 0 0 0 0 0 0
219 1 0.1 6.03792 3.63729 0.139313 -0.132019 0.137768 -0.191484 0.740213 0.901536 -1.00832 1 0 0 0 0 0 0 0
220 1 0.1 5.99582 3.62383 0.723673 0.0270688 -0.194685 0.0603585 0.0731569 0.272622 -1.45711 1 0 0 0 0 0 0 0
221 1 0.1 5.97751 3.65339 0.526738 0.184874 -0.202491 0.0498163 0.508267 -0.12986 -0.775706 1 0 0 0 0 0 0 0
222 1 0.1 6.029 3.36105 0.305278 -0.000115731 -0.139187 0.0392224 0.278828 -0.86524 -0.164894 1 0 0 0 0 0 0 0
223 1 0.1 6.08881 4.83039 0.330258 0.00923018 0.00264495 -0.00476882 0.0611209 0.137621 -0.235002 1 0 0 0 0 0 0 0
224 1 0.1 6.20904 4.95043 0.450377 -0.000448742 0.000977074 -0.00198176 0.0444768 -0.0541673 0.0651673 1 0 0 0 0 0 0 0
225 1 0.1 5.97781 1.557 0.338562 0.071493 0.0335602 -0.0288014 -0.20211 -0.0105521 -0.24102 1 0 0 0 0 0 0 0
226 1 0.1 5.8337 2.19601 0.136991 0.00589709 -0.00871184 9.13164e-05 0.0836083 0.0563867 -0.0387344 1 0 0 0 0 0 0 0
227 1 0.1 6.01752 1.75733 0.311526 0.0728848 -0.0206515 -0.0276177 0.042526 0.392811 -0.550229 1 0 0 0 0 0 0 0
228 1 0.1 5.98643 2.58197 0.137016 0.0470772 0.0643998 0.00220629 -0.627708 0.496401 0.146978 1 0 0 0 0 0 0 0
229 1 0.1 5.60402 2.89639 0.137224 -0.0300792 -0.0203588 0.00134817 0.0102935 -0.0167362 -0.00791272 1 0 0 0 0 0 0 0
230 1 0.1 5.98416 3.0576 0.292864 0.0628304 -0.0349655 -0.0309947 0.111438 0.165299 -0.130698 1 0 0 0 0 0 0 0
231 1 0.1 5.85733 2.44429 0.444352 0.000595211 0.0189361 -0.0158737 -0.114522 0.119432 -0.55047 1 0 0 0 0 0 0 0
232 1 0.1 5.67339 2.44227 0.291247 0.0855191 0.0537526 -0.0170443 0.176598 0.11042 -0.210623 1 0 0 0 0 0 0 0
233 1 0.1 5.84141 2.635 0.533379 0.0357302 0.0552527 0.04113 0.21325 0.311696 0.163749 1 0 0 0 0 0 0 0
234 1 0.1 5.73714 2.72392 0.327607 0.0532444 0.0572611 0.0284585 -0.273562 0.149529 -0.0547086 1 0 0 0 0 0 0 0
235 1 0.1 5.95121 2.75107 0.38597 0.0337447 0.0564609 0.0207842 -0.526542 0.369716 0.272835 1 0 0 0 0 0 0 0
236 1 0.1 5.6402 3.06806 0.588362 -0.0916803 -0.0406877 -0.0291883 -0.0615529 -0.259892 0.386891 1 0 0 0 0 0 0 0
237 1 0.1 5.511 3.04582 0.369587 -0.0201217 0.00139549 0.029569 0.838642 -0.189043 -0.0213343 1 0 0 0 0 0 0 0
238 1 0.1 5.38971 3.19538 0.272209 0.0376686 -0.0777731 0.0387334 0.88217 -0.539164 0.249961 1 0 0 0 0 0 0 0
239 1 0.1 5.70358 3.08783 0.33596 -0.0380651 0.0654845 0.00312902 0.121288 -0.0192149 0.122069 1 0 0 0 0 0 0 0
240 1 0.1 5.84999 2.91481 0.332372 0.00174864 0.0267585 -0.000494948 0.0197526 0.000677386 0.00498896 1 0 0 0 0 0 0 0
241 1 0.1 5.47299 3.33538 0.585027 -0.0418427 -0.0377206 0.0297599 -0.264001 -2.17222 0.572031 1 0 0 0 0 0 0 0
242 1 0.1 5.88042 3.22641 0.319152 0.0421451 -0.0537486 0.0332976 0.628189 -0.42745 -0.126877 1 0 0 0 0 0 0 0
243 1 0.1 5.93798 3.32921 0.48041 0.0289708 -0.0865879 0.0637518 -0.103613 0.374992 0.228295 1 0 0 0 0 0 0 0
244 1 0.1 5.80521 3.67132 0.410118 0.0296705 -0.008943 -0.00907116 0.0524781 0.419196 0.452793 1 0 0 0 0 0 0 0
245 1 0.1 5.89507 3.14635 0.137366 0.0321609 0.000369309 0.0047694 -0.0131982 0.423734 -0.116683 1 0 0 0 0 0 0 0
246 1 0.1 5.93145 3.51013 0.395482 0.0540491 -0.099843 0.00582691 0.114565 -0.231517 -1.21373 1 0 0 0 0 0 0 0
247 1 0.1 5.87607 4.29271 0.433163 0.0887828 0.0567197 0.00609224 -0.11279 -0.0626212 -1.03192 1 0 0 0 0 0 0 0
248 1 0.1 6.03393 4.47162 0.45697 0.0335977 0.00274662 0.00829619 0.0314586 0.487278 0.0605498 1 0 0 0 0 0 0 0
249 1 0.1 6.11518 4.64471 0.398869 0.00168226 0.00726876 -0.00348571 -0.0566638 -0.189819 0.187343 1 0 0 0 0 0 0 0
250 1 0.1 5.98045 1.048 0.53404 -0.0142742 0.0125292 -0.000641838 -0.0308512 -0.0204519 0.173626 1 0 0 0 0 0 0 0
251 1 0.1 5.79148 1.22541 0.541724 -0.033424 0.0668968 -0.0918165 -0.689122 -2.17951 1.00532 1 0 0 0 0 0 0 0
252 1 0.1 5.65316 1.36947 0.527971 -0.0661178 0.128291 -0.0784543 0.29885 0.66877 0.48317 1 0 0 0 0 0 0 0
253 1 0.1 5.5279 1.51909 0.571823 -0.171695 0.0493512 -0.102386 -1.10752 -0.672528 0.31004 1 0 0 0 0 0 0 0
254 1 0.1 5.4285 1.69105 0.595022 -0.149071 0.070316 -0.140509 0.947028 1.71409 -0.0259378 1 0 0 0 0 0 0 0
255 1 0.1 5.2512 1.89142 0.417713 0.0451341 0.0665142 0.00447625 0.401824 -0.0666413 0.679413 1 0 0 0 0 0 0 0
256 1 0.1 5.00515 2.01533 0.549971 -0.00355705 0.00469235 -0.000462341 -0.0220171 -0.010852 0.0467077 1 0 0 0 0 0 0 0
257 1 0.1 4.78697 2.3994 0.601576 -0.0327861 0.035004 0.0264822 0.453178 -0.00707827 0.701685 1 0 0 0 0 0 0 0
258 1 0.1 4.69028 2.59647 0.586587 -0.182438 0.134315 -0.0382542 -1.42845 0.684205 2.07425 1 0 0 0 0 0 0 0
259 1 0.1 4.83499 2.70824 0.508138 -0.160044 0.0924529 -0.0546783 0.734283 -1.04103 -2.13249 1 0 0 0 0 0 0 0
260 1 0.1 4.48533 2.77432 0.514902 0.00282888 -0.00643966 -0.0495631 -0.227939 0.99827 -0.15882 1 0 0 0 0 0 0 0
261 1 0.1 4.37326 2.90889 0.418711 -0.344103 -0.119875 0.182344 -0.565152 3.76994 -0.485982 1 0 0 0 0 0 0 0
262 1 0.1 4.34338 2.91023 0.629029 0.00603435 -0.00423005 -0.000848377 -0.142336 -0.0418688 -0.23587 1 0 0 0 0 0 0 0
263 1 0.1 4.18951 3.00225 0.369008 -0.0160501 -0.0304165 -0.042234 -1.08207 0.492288 -0.327362 1 0 0 0 0 0 0 0
264 1 0.1 4.19028 3.17091 0.654556 0.00780427 0.0153467 -0.0226795 0.644515 0.12574 -1.84669 1 0 0 0 0 0 0 0
265 1 0.1 4.43204 3.40233 0.568146 -0.109533 -0.0658035 -0.0614994 0.341684 0.337364 0.27146 1 0 0 0 0 0 0 0
266 1 0.1 4.38196 3.36013 0.327165 -0.0480589 -0.0905346 -0.0401091 0.0839345 0.419441 -1.0499 1 0 0 0 0 0 0 0
267 1 0.1 4.68161 3.64846 0.607055 -0.0220869 -0.036598 -0.0174807 0.846122 -0.469126 0.0695118 1 0 0 0 0 0 0 0
268 1 0.1 4.95991 3.87796 0.487515 -0.0507531 0.00342678 0.0135046 0.295562 0.195224 0.409157 1 0 0 0 0 0 0 0
269 1 0.1 5.02877 4.00333 0.621403 -0.0460391 -0.0293278 0.0366937 0.574493 0.8025 0.459897 1 0 0 0 0 0 0 0
270 1 0.1 5.17508 4.14881 0.576533 0.00806302 -0.00797482 0.00572196 -0.083638 -0.103751 0.0372616 1 0 0 0 0 0 0 0
271 1 0.1 5.30987 4.2847 0.518788 0.00338029 -0.000119559 -0.000394463 -0.0293229 0.0706803 0.0560889 1 0 0 0 0 0 0 0
272 1 0.1 5.47643 4.4506 0.537985 -0.0403512 -0.0770945 -0.0781403 2.32276 0.330711 -0.572719 1 0 0 0 0 0 0 0
273 1 0.1 5.6121 4.59197 0.542503 -0.0544798 -0.0414604 0.0072949 0.404697 -0.807965 -0.319518 1 0 0 0 0 0 0 0
274 1 0.1 5.77676 4.75414 0.548801 -0.0262246 -0.0323257 0.00608366 0.09996 -0.162135 -0.387274 1 0 0 0 0 0 0 0
275 1 0.1 6.11937 0.905442 0.553005 -0.0134575 0.0131779 -0.0105606 0.00469739 0.0191735 0.0214765 1 0 0 0 0 0 0 0
276 1 0.1 5.74192 1.53631 0.593786 0.0666949 0.0870211 -0.0476352 -0.582823 -0.0610434 -0.370375 1 0 0 0 0 0 0 0
277 1 0.1 5.62374 1.61235 0.422333 0.0220234 0.0347361 -0.0833592 -0.310241 0.718223 -0.0939903 1 0 0 0 0 0 0 0
278 1 0.1 5.68199 1.8003 0.386966 0.0056011 0.0331383 -0.133978 -0.307392 1.02009 0.130701 1 0 0 0 0 0 0 0
279 1 0.1 5.55374 1.8701 0.587048 0.0201632 -0.0185098 0.0370388 0.108983 2.40036 1.25913 1 0 0 0 0 0 0 0
280 1 0.1 5.4127 1.96882 0.494831 0.0667938 -0.0125574 0.00439044 -0.754839 -0.337569 -1.85347 1 0 0 0 0 0 0 0
281 1 0.1 5.23092 2.06554 0.511529 -0.00684627 0.065856 0.0501523 -0.172524 0.826223 1.10583 1 0 0 0 0 0 0 0
282 1 0.1 5.03789 1.98698 0.758824 -0.0243196 -0.0355424 -0.0315772 -0.245967 -0.134886 0.489767 1 0 0 0 0 0 0 0
283 1 0.1 4.97833 2.31924 0.49298 0.0410758 -0.00281559 0.0537091 1.8036 0.136626 0.436815 1 0 0 0 0 0 0 0
284 1 0.1 5.09717 2.65967 0.430362 -0.136796 0.139976 -0.136519 -0.49536 0.112023 -1.04888 1 0 0 0 0 0 0 0
285 1 0.1 4.44268 2.58481 0.56133 0.00636027 0.0101134 0.0251449 -0.385039 -0.250315 0.0208895 1 0 0 0 0 0 0 0
286 1 0.1 4.49284 2.79792 0.714023 0.22909 -0.246266 0.0288006 0.49789 -0.441151 1.50588 1 0 0 0 0 0 0 0
287 1 0.1 4.68903 3.13631 0.764434 -0.073895 -0.0717762 -0.00237751 -1.22658 0.737744 -1.15934 1 0 0 0 0 0 0 0
288 1 0.1 4.48599 3.15141 0.51848 0.0593284 -0.0700933 0.0387535 -0.380752 -0.717135 0.101519 1 0 0 0 0 0 0 0
289 1 0.1 4.66591 3.16057 0.385126 0.111214 0.0808895 -0.082149 0.0452352 0.334615 1.13846 1 0 0 0 0 0 0 0
290 1 0.1 4.86876 3.39286 0.226535 0.0185901 -0.0635027 0.0515546 -0.730662 -2.20164 0.366053 1 0 0 0 0 0 0 0
291 1 0.1 4.97613 3.46696 0.595638 -0.0130759 -0.0484277 0.0323139 -0.588235 -1.60493 -0.411268 1 0 0 0 0 0 0 0
292 1 0.1 4.93014 3.55866 0.436684 0.112642 -0.0279001 0.0260491 1.00754 0.164251 0.672876 1 0 0 0 0 0 0 0
293 1 0.1 4.86731 3.80394 0.330349 -0.0142742 -0.0291013 -0.00930692 0.154167 -0.170615 0.807212 1 0 0 0 0 0 0 0
294 1 0.1 5.20698 3.82006 0.386471 -0.102547 -0.000517725 0.0241521 -0.143213 -0.0235418 -0.569404 1 0 0 0 0 0 0 0
295 1 0.1 5.20018 3.93535 0.547923 -0.0385879 0.139753 -0.0767791 0.828215 0.0716841 0.850706 1 0 0 0 0 0 0 0
296 1 0.1 5.53052 4.14388 0.511973 0.139351 -0.133649 -0.0971527 0.196058 6.57836 0.236012 1 0 0 0 0 0 0 0
297 1 0.1 5.65685 4.38465 0.601212 -0.216598 0.0684197 -0.0939178 -0.671567 1.61348 0.798299 1 0 0 0 0 0 0 0
298 1 0.1 5.68371 4.48136 0.396114 0.0117878 -0.0244892 0.0491775 -0.390914 -0.0815492 -0.150025 1 0 0 0 0 0 0 0
299 1 0.1 6.06007 5.03725 0.551664 -0.00363801 -0.00343675 -0.00281514 0.022583 0.0225299 -0.0408176 1 0 0 0 0 0 0 0
300 1 0.1 6.26025 0.763563 0.549959 -0.0117066 0.0118254 0.00405594 -0.0454705 -0.100164 0.144299 1 0 0 0 0 0 0 0
301 1 0.1 5.84757 1.40784 0.48361 0.0127402 0.0590643 -0.0492537 0.61315 -0.243498 -0.580474 1 0 0 0 0 0 0 0
302 1 0.1 5.86803 1.66523 0.507864 0.12713 0.0493041 -0.0228322 -0.181896 0.181181 0.087707 1 0 0 0 0 0 0 0
303 1 0.1 5.83217 1.86006 0.53474 0.116207 0.0585208 -0.118458 0.638451 -0.0604758 0.165826 1 0 0 0 0 0 0 0
304 1 0.1 5.71053 1.99579 0.616355 0.0926486 -0.022894 -0.0247644 0.619647 0.26088 0.219818 1 0 0 0 0 0 0 0
305 1 0.1 5.52882 2.07551 0.6117 0.0782052 -0.0538622 0.00443834 -0.642216 -0.0425285 0.198545 1 0 0 0 0 0 0 0
306 1 0.1 5.28563 2.44292 0.600576 0.0325543 0.0803182 -0.0194826 -0.327253 -0.990861 -1.3142 1 0 0 0 0 0 0 0
307 1 0.1 5.08941 2.42281 0.617964 0.0116083 0.180342 -0.0444241 -3.5176 0.282887 0.637789 1 0 0 0 0 0 0 0
308 1 0.1 5.16836 2.44394 0.322328 0.0633114 0.130443 0.0660193 0.642864 -0.319901 -0.805004 1 0 0 0 0 0 0 0
309 1 0.1 4.96916 2.56801 0.554097 -0.163451 0.0257978 -0.133159 1.9196 -0.301551 1.78788 1 0 0 0 0 0 0 0
310 1 0.1 5.41005 2.8788 0.409843 -0.033122 -0.0192151 -0.0684104 0.437441 0.133574 -0.0593707 1 0 0 0 0 0 0 0
311 1 0.1 4.57651 2.97166 0.763622 0.014877 -0.119234 0.00394389 -1.11003 -0.223498 0.843023 1 0 0 0 0 0 0 0
312 1 0.1 4.52618 2.96487 0.572251 0.018651 -0.094361 0.00703821 1.23007 0.26606 -0.955903 1 0 0 0 0 0 0 0
313 1 0.1 4.9579 3.19607 0.310188 0.0797125 -0.00706423 -0.0145207 -1.49199 0.570654 0.635281 1 0 0 0 0 0 0 0
314 1 0.1 5.19257 3.09788 0.138867 0.101132 -0.146118 -0.00331185 0.556802 0.185824 -0.980218 1 0 0 0 0 0 0 0
315 1 0.1 5.1366 3.24828 0.393102 0.0527348 -0.202146 0.22178 -0.0676366 -2.39109 -0.642834 1 0 0 0 0 0 0 0
316 1 0.1 5.56056 3.38814 0.338413 0.0197412 -0.0948236 0.0624263 -0.753532 0.987663 0.735183 1 0 0 0 0 0 0 0
317 1 0.1 5.24519 3.58335 0.405275 0.00585312 -0.0491967 -0.0257514 0.607586 -0.278887 -0.945825 1 0 0 0 0 0 0 0
318 1 0.1 5.41338 3.69563 0.355137 -0.0752968 -0.127763 -0.0517879 0.276002 1.61965 1.2994 1 0 0 0 0 0 0 0
319 1 0.1 5.4 3.87676 0.594315 -0.0527485 -0.0507266 0.0399494 1.16181 0.233013 1.64098 1 0 0 0 0 0 0 0
320 1 0.1 5.35188 4.06322 0.542205 0.0887915 0.0361106 0.226662 1.30253 -2.28224 -2.5726 1 0 0 0 0 0 0 0
321 1 0.1 5.84732 3.99122 0.593951 0.377015 -0.125843 -0.0525182 0.91698 1.07804 -0.803941 1 0 0 0 0 0 0 0
322 1 0.1 5.76577 4.21631 0.581228 0.0662119 0.0709121 -0.0204451 -0.694468 -0.836401 2.13121 1 0 0 0 0 0 0 0
323 1 0.1 5.90501 4.62386 0.467938 -0.00556795 -0.022176 0.012156 -0.328605 -0.186796 0.546184 1 0 0 0 0 0 0 0
324 1 0.1 6.2012 5.17888 0.549973 -0.00326269 -0.00404162 7.14105e-05 0.0268656 -0.0202768 0.0346424 1 0 0 0 0 0 0 0
325 1 0.1 6.1525 1.11453 0.456871 -0.0188504 0.0182371 -0.00184659 -0.00944888 -0.0304961 0.0803028 1 0 0 0 0 0 0 0
326 1 0.1 5.98134 1.24157 0.482549 -0.0138486 0.0347283 -0.00844403 -0.0243962 0.00368412 -0.212279 1 0 0 0 0 0 0 0
327 1 0.1 6.02856 2.04354 0.391866 0.0399087 0.0138035 -0.0670564 -0.102583 0.511409 0.723086 1 0 0 0 0 0 0 0
328 1 0.1 5.72507 2.25758 0.634204 0.0193856 0.0226455 -0.0127667 -0.0171117 0.148882 0.0648971 1 0 0 0 0 0 0 0
329 1 0.1 5.94995 2.09005 0.569762 0.0810212 0.0408055 -0.056508 -0.196457 -0.06019 -0.74593 1 0 0 0 0 0 0 0
330 1 0.1 5.5364 2.27825 0.571823 0.0219652 0.0155166 -0.0101576 -0.0914075 0.149448 -0.618535 1 0 0 0 0 0 0 0
331 1 0.1 5.77347 2.13289 0.485755 0.0329123 0.0223538 -0.00293494 -0.183654 0.0264896 0.359958 1 0 0 0 0 0 0 0
332 1 0.1 5.85561 2.6097 0.731213 0.0169607 0.0142872 0.0384623 0.223904 -0.548403 0.174089 1 0 0 0 0 0 0 0
333 1 0.1 5.67208 2.57609 0.445011 0.0414075 0.0588286 0.0226736 0.267738 -0.347915 0.0370771 1 0 0 0 0 0 0 0
334 1 0.1 5.49119 2.46139 0.636672 0.101285 0.0396971 -0.0150438 0.0920126 -0.252293 -0.314055 1 0 0 0 0 0 0 0
335 1 0.1 4.97747 2.48386 0.373117 -0.00127277 -0.0777046 -0.0600681 0.0141796 0.414386 -0.0866902 1 0 0 0 0 0 0 0
336 1 0.1 5.26653 2.79132 0.645448 -0.124783 -0.102938 -0.0682283 -0.0526018 -0.444701 0.105195 1 0 0 0 0 0 0 0
337 1 0.1 5.04783 2.97768 0.599503 -0.0549364 -0.150245 0.036425 -0.356199 0.661064 -0.494834 1 0 0 0 0 0 0 0
338 1 0.1 5.29605 3.02511 0.312313 -0.0834594 -0.0378418 -0.00867906 -0.505601 0.148618 -1.50684 1 0 0 0 0 0 0 0
339 1 0.1 5.3665 3.14497 0.464454 -0.0547744 -0.0808506 0.0474367 0.198225 -0.169667 0.266626 1 0 0 0 0 0 0 0
340 1 0.1 5.56307 3.2215 0.447839 0.0705053 -0.0630785 0.117684 0.14926 0.215915 -0.991245 1 0 0 0 0 0 0 0
341 1 0.1 5.3559 3.49489 0.557742 -0.0501678 -0.0595655 -0.0228239 1.49278 -0.396911 0.0105354 1 0 0 0 0 0 0 0
342 1 0.1 5.5692 3.52345 0.484906 0.00343146 -0.0137273 -0.0119449 -0.258842 0.424888 1.02811 1 0 0 0 0 0 0 0
343 1 0.1 5.59581 3.74795 0.416174 -0.112358 -0.118815 0.0088775 1.39855 -0.622436 -0.701596 1 0 0 0 0 0 0 0
344 1 0.1 5.72086 3.63837 0.587107 0.111509 -0.0214974 0.0209056 0.601737 0.346818 -1.39067 1 0 0 0 0 0 0 0
345 1 0.1 5.76579 3.31274 0.762844 -0.0617663 -0.0242699 -0.00184569 -0.256599 0.631237 -0.0794015 1 0 0 0 0 0 0 0
346 1 0.1 5.84875 3.79163 0.591283 0.244739 -0.132157 -0.0282011 -1.21218 -0.290025 -0.397654 1 0 0 0 0 0 0 0
347 1 0.1 6.02025 3.893 0.574365 0.301749 -0.28184 -0.0665972 -0.494434 -0.884068 -1.10514 1 0 0 0 0 0 0 0
348 1 0.1 5.9196 4.8949 0.557506 -0.00760397 -0.0110786 0.00678811 0.0952482 -0.124656 -0.180301 1 0 0 0 0 0 0 0
349 1 0.1 6.096 4.80534 0.528617 -0.0031816 0.00330103 -0.00431846 -0.00908731 0.203107 0.320339 1 0 0 0 0 0 0 0
350 1 0.1 6.09576 1.39655 0.421639 0.0187018 0.0106857 -0.00934499 -0.0695422 -0.121287 -0.237377 1 0 0 0 0 0 0 0
351 1 0.1 6.04113 1.55665 0.528044 0.0565829 0.0299306 -0.0217078 0.0408036 -0.140544 -0.343685 1 0 0 0 0 0 0 0
352 1 0.1 6.04574 1.72259 0.638739 0.129972 0.00375824 0.0185053 0.423314 -0.0509309 -0.671116 1 0 0 0 0 0 0 0
353 1 0.1 5.86455 2.02546 0.738418 0.112304 0.0124167 -0.0526713 0.384002 0.311607 1.0442 1 0 0 0 0 0 0 0
354 1 0.1 5.95974 2.77364 0.187446 0.00430363 0.0544463 0.0199846 0.438985 -0.166505 0.329193 1 0 0 0 0 0 0 0
355 1 0.1 5.8736 2.94827 0.137079 0.00243684 0.0124546 -0.00173118 -0.148118 0.0406671 -0.157183 1 0 0 0 0 0 0 0
356 1 0.1 5.68958 2.71623 0.763051 -0.000693024 -0.00363303 -0.000546962 -0.0463452 -0.0343444 0.000109303 1 0 0 0 0 0 0 0
357 1 0.1 5.66766 2.7549 0.569203 0.00651304 0.00479212 -0.00123254 0.0989743 0.000787167 -0.352924 1 0 0 0 0 0 0 0
358 1 0.1 5.1459 2.92005 0.762849 -0.00234961 -0.0739375 0.0116783 -0.682862 0.0685863 0.315782 1 0 0 0 0 0 0 0
359 1 0.1 5.55009 2.73739 0.409704 0.024853 0.0380318 -0.0202667 0.0172757 -0.280841 -0.0275744 1 0 0 0 0 0 0 0
360 1 0.1 5.86681 2.99855 0.65723 -0.0178554 0.0813577 0.0389349 0.384206 -0.375182 0.610215 1 0 0 0 0 0 0 0
361 1 0.1 5.69274 2.90823 0.695982 0.00783062 0.0121477 -0.00199278 -0.104146 0.0471403 0.115273 1 0 0 0 0 0 0 0
362 1 0.1 5.51605 2.91245 0.575665 -0.0412005 -0.0883961 -0.0381104 -0.00872274 -0.00998724 0.279216 1 0 0 0 0 0 0 0
363 1 0.1 5.3238 2.96601 0.566684 -0.0469833 -0.103035 -0.0151068 0.715326 -0.103544 0.219328 1 0 0 0 0 0 0 0
364 1 0.1 5.5408 3.04121 0.762579 -0.0431749 0.00954038 -0.000582048 0.0779353 0.435812 0.333125 1 0 0 0 0 0 0 0
365 1 0.1 5.39268 3.12913 0.661294 -0.112853 -0.0448098 0.0504145 -0.407053 -0.489462 0.591067 1 0 0 0 0 0 0 0
366 1 0.1 5.71637 3.25177 0.579606 -0.0876531 -0.033325 0.00333438 0.0644842 -0.54408 -0.334181 1 0 0 0 0 0 0 0
367 1 0.1 5.57783 3.23771 0.760367 -0.129286 0.0245246 -0.0455059 -0.483721 -0.27641 0.395761 1 0 0 0 0 0 0 0
368 1 0.1 5.64509 3.42501 0.647186 -0.0110841 -0.00955149 0.0088589 0.0410457 0.545892 -0.620995 1 0 0 0 0 0 0 0
369 1 0.1 5.82275 3.46788 0.566297 -0.00334893 -0.0880174 0.00942083 -0.115285 -0.983606 -0.081715 1 0 0 0 0 0 0 0
370 1 0.1 5.95034 3.3518 0.678671 -0.105742 -0.0601748 0.0704219 0.378113 -1.51293 0.216764 1 0 0 0 0 0 0 0
371 1 0.1 5.99739 3.1656 0.578799 -0.0320295 -0.109255 0.0650184 0.13409 -0.48491 -1.08902 1 0 0 0 0 0 0 0
372 1 0.1 6.06845 4.15132 0.333867 -0.0666128 0.367887 0.045403 0.260867 -3.3057 4.19216 1 0 0 0 0 0 0 0
373 1 0.1 5.83672 4.45268 0.546504 -0.207533 0.0645713 -0.103138 0.241721 -0.765338 -0.170159 1 0 0 0 0 0 0 0
374 1 0.1 6.06271 4.61809 0.589873 0.00781268 0.00607021 0.00291305 0.0226466 0.311608 -0.419803 1 0 0 0 0 0 0 0
375 1 0.1 6.05799 0.97082 0.762522 -0.0307775 0.0279881 -0.000531666 0.17306 0.020016 -0.6088 1 0 0 0 0 0 0 0
376 1 0.1 5.74327 1.28323 0.723995 -0.0110951 0.0231962 -0.0857458 0.757469 2.40964 0.525009 1 0 0 0 0 0 0 0
377 1 0.1 5.60096 1.41985 0.750764 0.00274738 -0.00655918 0.0113644 -0.119317 -0.241519 -0.110043 1 0 0 0 0 0 0 0
378 1 0.1 5.46136 1.56332 0.761301 0.0484996 -0.0366266 -0.00476861 0.00603822 0.0095437 -0.0149982 1 0 0 0 0 0 0 0
379 1 0.1 5.32019 1.7048 0.762498 0.0426561 -0.0303928 -0.0024867 0.00384976 0.0119148 0.00834767 1 0 0 0 0 0 0 0
380 1 0.1 5.17895 1.84592 0.761988 0.0269248 -0.0172278 -0.0028598 -0.0162827 -0.00588147 0.00498933 1 0 0 0 0 0 0 0
381 1 0.1 5.24905 1.77945 0.583426 -0.168944 0.126988 0.0320673 0.153272 -0.0819499 0.749824 1 0 0 0 0 0 0 0
382 1 0.1 4.89694 2.12809 0.761919 -0.0158286 0.00221862 -0.0362576 0.0107455 0.29893 -0.77669 1 0 0 0 0 0 0 0
383 1 0.1 4.68042 2.34375 0.763974 0.0097867 0.0011812 0.0171385 0.173529 0.10828 0.0931746 1 0 0 0 0 0 0 0
384 1 0.1 4.56265 2.46391 0.66221 -0.00554967 0.0217351 0.0576272 0.343155 -0.191794 0.147408 1 0 0 0 0 0 0 0
385 1 0.1 4.30222 2.72345 0.57811 0.0015402 0.00285403 -0.000621218 0.144485 0.102138 0.0506401 1 0 0 0 0 0 0 0
386 1 0.1 4.22072 2.80228 0.748525 -0.070674 0.0194955 0.168363 0.00145951 -2.24379 0.259623 1 0 0 0 0 0 0 0
387 1 0.1 4.30091 3.07509 0.518177 -0.0254609 -0.0452615 -0.0148927 0.383262 -0.722175 -0.896278 1 0 0 0 0 0 0 0
388 1 0.1 4.18904 2.99951 0.757692 -0.0110465 0.0367663 -0.00544223 -0.0486237 0.040778 0.394166 1 0 0 0 0 0 0 0
389 1 0.1 4.66177 3.22724 0.57123 0.000788483 0.0804509 -0.0650102 0.136095 -0.0581504 1.68955 1 0 0 0 0 0 0 0
390 1 0.1 4.46269 3.44104 0.76369 0.0357015 0.0173966 0.0159203 0.138432 -0.0418983 0.295825 1 0 0 0 0 0 0 0
391 1 0.1 4.61034 3.5873 0.768683 0.0140749 0.0249803 0.0072641 -1.54854 0.799715 -0.0829908 1 0 0 0 0 0 0 0
392 1 0.1 4.81567 3.79234 0.588923 -0.0308259 -0.0305644 -0.0187906 0.405134 -0.217338 -0.35384 1 0 0 0 0 0 0 0
393 1 0.1 4.89853 3.87574 0.752172 -0.0577962 -0.0247203 -0.0667389 0.211629 0.456989 -0.232156 1 0 0 0 0 0 0 0
394 1 0.1 5.12385 4.09861 0.763243 -0.0240932 -0.0125422 -0.00111039 -0.421308 -0.0520509 0.222967 1 0 0 0 0 0 0 0
395 1 0.1 5.26759 4.2314 0.739056 0.0260658 -0.0654562 -0.0423124 -0.414822 -0.11272 -0.151255 1 0 0 0 0 0 0 0
396 1 0.1 5.48268 4.28618 0.627201 0.149073 -0.122142 -0.12194 -1.68588 -2.01289 3.48632 1 0 0 0 0 0 0 0
397 1 0.1 5.45982 4.43648 0.757534 -0.338905 -0.244233 -0.0261512 0.343287 -0.180613 -3.42614 1 0 0 0 0 0 0 0
398 1 0.1 5.69375 4.66814 0.756125 -0.0433566 -0.0513745 0.00347246 -0.0927869 0.0558327 -0.692029 1 0 0 0 0 0 0 0
399 1 0.1 5.83568 4.80713 0.734486 -0.0450094 -0.0361002 0.0177582 0.25788 -0.0964874 0.800726 1 0 0 0 0 0 0 0
400 1 0.1 6.19626 0.826958 0.749943 -0.0255215 0.0297102 0.000981816 -0.0423685 -0.0470799 0.383168 1 0 0 0 0 0 0 0
401 1 0.1 5.92158 1.10901 0.715148 -0.0246521 0.0356172 -0.00951545 -0.257205 -0.0754003 0.46706 1 0 0 0 0 0 0 0
402 1 0.1 5.65751 1.61036 0.762626 -0.00227353 -0.01828 0.00100937 -0.0113525 0.131515 0.153214 1 0 0 0 0 0 0 0
403 1 0.1 5.68874 1.7261 0.57204 0.0946126 0.0790021 -0.128535 -0.218178 0.129979 0.0701954 1 0 0 0 0 0 0 0
404 1 0.1 5.52249 1.75666 0.763008 0.0470628 0.013586 0.000774646 0.225713 -0.410215 -0.756166 1 0 0 0 0 0 0 0
405 1 0.1 5.3186 1.95605 0.670797 0.0282858 -0.024906 -0.0164651 0.797244 0.736105 -0.383035 1 0 0 0 0 0 0 0
406 1 0.1 5.19 2.1057 0.702699 0.05723 -0.0144475 0.0808713 0.134647 -0.456809 -0.0857374 1 0 0 0 0 0 0 0
407 1 0.1 5.34995 2.20814 0.584486 0.00535741 0.0699802 0.00589211 0.485334 0.136866 0.0339722 1 0 0 0 0 0 0 0
408 1 0.1 4.87881 2.32675 0.76277 0.0288985 0.0214406 -0.00783732 0.208509 0.271202 0.257781 1 0 0 0 0 0 0 0
409 1 0.1 4.77056 2.5228 0.758089 -0.185676 0.0240853 0.0223969 -0.358965 -0.836273 0.00938674 1 0 0 0 0 0 0 0
410 1 0.1 4.37589 2.64075 0.749261 0.133142 -0.204666 -0.0172385 -0.136061 0.124178 -2.53835 1 0 0 0 0 0 0 0
411 1 0.1 4.38739 3.04902 0.763762 0.033449 -0.00889237 0.00789292 0.0614661 -0.337947 -0.459186 1 0 0 0 0 0 0 0
412 1 0.1 4.54973 3.27015 0.727516 -0.00295292 0.000747604 -0.0346464 0.191585 0.0243073 -0.613609 1 0 0 0 0 0 0 0
413 1 0.1 4.73778 3.32347 0.746388 0.0157951 -0.0884895 -2.47943e-05 1.38832 -0.204639 0.200464 1 0 0 0 0 0 0 0
414 1 0.1 4.83052 3.23617 0.45891 0.0747342 0.0698972 -0.0301505 0.732594 -0.757745 -0.837426 1 0 0 0 0 0 0 0
415 1 0.1 4.62301 3.48836 0.510612 -0.00605115 -0.00689481 -0.0428244 -1.36981 -0.226177 -1.8308 1 0 0 0 0 0 0 0
416 1 0.1 5.05298 3.55125 0.765228 -0.0325206 -0.0154886 0.000206484 -0.0497567 -0.178063 0.177735 1 0 0 0 0 0 0 0
417 1 0.1 4.78304 3.71304 0.765153 -0.0190444 -0.0469998 -0.00667432 -0.513548 0.2167 0.547528 1 0 0 0 0 0 0 0
418 1 0.1 4.98261 3.6923 0.567263 0.0144669 0.0120468 0.0511879 -0.905634 -0.350762 0.755383 1 0 0 0 0 0 0 0
419 1 0.1 5.24212 3.81022 0.765219 0.0481648 0.0612768 -0.0098888 1.41814 -1.05192 -0.150412 1 0 0 0 0 0 0 0
420 1 0.1 5.45384 4.17405 0.770133 0.0632857 0.0658735 0.00274678 -0.861744 -0.321677 0.119978 1 0 0 0 0 0 0 0
421 1 0.1 5.62843 4.2704 0.762706 0.0562639 0.0939007 -0.00339823 0.733846 -0.219289 -0.74907 1 0 0 0 0 0 0 0
422 1 0.1 5.7361 4.4729 0.762509 -0.112841 -0.0767968 -0.00101188 0.105203 0.190489 -0.0399894 1 0 0 0 0 0 0 0
423 1 0.1 5.86162 4.6135 0.662697 -0.0330879 -0.0361232 0.00472799 0.212459 -0.140382 0.810482 1 0 0 0 0 0 0 0
424 1 0.1 6.11529 5.09079 0.752193 -0.0233531 -0.0247643 0.00294841 -0.159658 0.10585 -0.27991 1 0 0 0 0 0 0 0
425 1 0.1 6.33767 0.68557 0.750009 -0.0251944 0.028545 -5.96275e-05 0.00308587 0.00295546 0.0270392 1 0 0 0 0 0 0 0
426 1 0.1 5.93413 1.30236 0.764441 -0.0483304 0.0372091 0.00327144 0.384666 -1.36535 -0.42799 1 0 0 0 0 0 0 0
427 1 0.1 5.81779 1.46429 0.762602 -0.0735734 0.0282235 -0.000853799 0.837102 -1.43356 0.115013 1 0 0 0 0 0 0 0
428 1 0.1 5.97446 1.86151 0.762918 0.131693 0.0261881 -0.00136011 0.0631666 -1.49706 -0.748178 1 0 0 0 0 0 0 0
429 1 0.1 5.71595 1.82389 0.762517 0.0556521 -0.0592474 -0.00057109 0.711803 0.893581 -1.09097 1 0 0 0 0 0 0 0
430 1 0.1 5.56163 1.95073 0.76387 0.0877469 -0.00437566 0.0118219 -0.362575 -0.888885 0.568123 1 0 0 0 0 0 0 0
431 1 0.1 5.42709 2.16091 0.7626 0.00895041 0.0131522 -0.00317814 0.110395 -0.110099 -0.078866 1 0 0 0 0 0 0 0
432 1 0.1 5.06093 2.24538 0.762772 0.0410725 0.0184744 -0.00568248 0.139843 -0.436831 -0.218877 1 0 0 0 0 0 0 0
433 1 0.1 5.40155 2.55931 0.488562 0.0899553 0.0372462 -0.0180315 -0.172834 0.311118 0.360003 1 0 0 0 0 0 0 0
434 1 0.1 4.9989 2.52103 0.763599 0.0055148 0.190013 -0.0118662 2.59073 0.249297 0.972458 1 0 0 0 0 0 0 0
435 1 0.1 4.724 2.7953 0.762667 -0.0946628 -0.102864 -0.00347809 -1.01172 0.916911 -0.239492 1 0 0 0 0 0 0 0
436 1 0.1 4.60353 2.63566 0.76245 -0.321368 0.026956 -0.0276534 0.946691 0.40806 -0.131049 1 0 0 0 0 0 0 0
437 1 0.1 4.77536 3.06338 0.563139 -0.0164482 0.0769978 -0.0243839 -0.190663 -0.574925 -1.85381 1 0 0 0 0 0 0 0
438 1 0.1 4.91451 3.23773 0.741696 0.0294114 -0.0498723 -0.00479681 1.27024 -0.904584 -0.127873 1 0 0 0 0 0 0 0
439 1 0.1 4.90125 3.42985 0.765053 -0.00739516 -0.0521454 0.0132238 -0.738691 0.525357 0.32608 1 0 0 0 0 0 0 0
440 1 0.1 5.08744 3.30873 0.64497 0.00658509 -0.019554 0.0266409 -0.0413488 0.719574 -0.092424 1 0 0 0 0 0 0 0
441 1 0.1 5.16561 3.74705 0.5985 0.0388798 0.113057 -0.0471201 -0.899619 0.925307 -0.179163 1 0 0 0 0 0 0 0
442 1 0.1 5.34398 3.69329 0.538656 0.0114471 -0.0602415 -0.0102582 -1.17115 -0.727847 -0.964778 1 0 0 0 0 0 0 0
443 1 0.1 5.43895 3.77654 0.762657 0.0336719 -0.0507412 0.00825443 -0.472016 -0.180773 -0.104894 1 0 0 0 0 0 0 0
444 1 0.1 5.46873 3.97463 0.759902 -0.235679 0.0166584 -0.0183715 0.00910329 0.466418 0.992937 1 0 0 0 0 0 0 0
445 1 0.1 5.66094 4.05274 0.627591 0.317667 -0.156311 -0.305161 0.256912 -5.41915 1.9228 1 0 0 0 0 0 0 0
446 1 0.1 5.82653 4.29474 0.754811 0.0599368 0.00365203 0.00802896 0.0545866 0.220961 -0.198628 1 0 0 0 0 0 0 0
447 1 0.1 5.93986 4.45909 0.76255 0.0410437 0.00621478 0.00271204 -0.0639206 -0.178256 0.36218 1 0 0 0 0 0 0 0
448 1 0.1 6.00695 4.70781 0.762518 -0.0368279 -0.0225001 -8.83691e-05 -0.168373 0.243076 -0.599964 1 0 0 0 0 0 0 0
449 1 0.1 6.25633 5.23251 0.749979 -0.0226339 -0.022257 -0.000661389 0.103379 -0.100412 0.286518 1 0 0 0 0 0 0 0
450 1 0.1 6.2237 1.03117 0.668264 -0.0244658 0.0158208 0.00114658 0.055109 -0.129857 0.0628827 1 0 0 0 0 0 0 0
451 1 0.1 6.09212 1.17832 0.636419 -0.0222373 0.0204655 -0.00532839 -0.0230225 0.00180035 -0.0759321 1 0 0 0 0 0 0 0
452 1 0.1 5.99817 1.54446 0.730751 -0.0181589 -0.131276 -0.0734592 -2.03932 1.05585 -0.862055 1 0 0 0 0 0 0 0
453 1 0.1 5.84589 1.67362 0.740669 0.00617175 -0.0940866 -0.113273 -0.461744 0.541186 0.569499 1 0 0 0 0 0 0 0
454 1 0.1 5.63923 2.13389 0.764649 0.0291248 0.0281356 0.00252813 -0.227019 -0.356008 0.182468 1 0 0 0 0 0 0 0
455 1 0.1 5.56756 2.3277 0.762966 0.0295565 0.0058588 -0.00373347 0.0538534 -0.300857 -0.242838 1 0 0 0 0 0 0 0
456 1 0.1 5.33907 2.34619 0.763962 -0.062657 0.0384856 -0.00477257 0.409048 0.577396 -0.0096695 1 0 0 0 0 0 0 0
457 1 0.1 5.7012 2.31491 0.444763 0.133262 0.081042 -0.0179149 0.519606 -1.18849 -0.747688 1 0 0 0 0 0 0 0
458 1 0.1 5.3191 2.54605 0.763973 0.00508352 0.0402588 -6.10881e-05 0.406599 -0.0961991 0.0534697 1 0 0 0 0 0 0 0
459 1 0.1 5.49106 2.64572 0.762713 0.00743321 0.014533 0.00289515 0.00949677 0.254587 -0.23051 1 0 0 0 0 0 0 0
460 1 0.1 5.18178 2.61435 0.606031 -0.28532 -0.045932 -0.0958619 1.00179 -0.737815 -0.633454 1 0 0 0 0 0 0 0
461 1 0.1 4.92707 2.81556 0.762285 -0.136501 -0.135549 -0.00291951 -0.510458 0.217383 -1.57374 1 0 0 0 0 0 0 0
462 1 0.1 4.80846 2.97638 0.75617 -0.0836576 -0.0939204 -0.0163041 0.450558 -0.318652 0.902989 1 0 0 0 0 0 0 0
463 1 0.1 5.1898 3.11045 0.54977 -0.0361597 -0.0864669 0.0741147 0.0767881 0.530969 -0.395626 1 0 0 0 0 0 0 0
464 1 0.1 5.00437 3.17368 0.525479 -0.012433 -0.035944 0.0656479 -0.312159 -0.53127 -0.187434 1 0 0 0 0 0 0 0
465 1 0.1 5.16282 3.45209 0.529242 -0.0461374 -0.0381797 -0.0455317 -0.210505 0.446077 -0.00838741 1 0 0 0 0 0 0 0
466 1 0.1 5.24087 3.60808 0.721112 -0.112115 0.0828804 0.0320325 0.283673 -0.610255 -0.79606 1 0 0 0 0 0 0 0
467 1 0.1 5.50508 3.63635 0.636532 0.0145917 -0.05047 0.0185004 0.0852281 0.877928 0.510777 1 0 0 0 0 0 0 0
468 1 0.1 5.63613 3.78237 0.730127 0.045338 -0.00264187 0.0144728 0.414622 -1.2895 0.391709 1 0 0 0 0 0 0 0
469 1 0.1 5.73993 3.94887 0.767287 -0.0204687 0.0316742 0.00849423 0.205773 0.6396 0.204855 1 0 0 0 0 0 0 0
470 1 0.1 5.92147 3.86486 0.762531 -0.00061371 0.056158 -0.000974013 0.130301 -0.234384 0.917656 1 0 0 0 0 0 0 0
471 1 0.1 5.87063 4.09996 0.762347 0.0225935 -0.00479013 -0.0112781 0.0457682 0.221717 -0.201301 1 0 0 0 0 0 0 0
472 1 0.1 6.02137 4.23527 0.762683 0.0531396 -0.00590769 0.00240451 -0.0523273 -0.517868 0.270259 1 0 0 0 0 0 0 0
473 1 0.1 5.98583 4.93889 0.740947 -0.0714435 0.00435761 0.029313 -0.170651 0.00835118 -0.345372 1 0 0 0 0 0 0 0
474 1 0.1 6.17377 4.89263 0.690839 -0.0705226 0.00691913 0.0250753 0.339929 -0.00173477 0.339245 1 0 0 0 0 0 0 0
475 1 0.1 6.16509 1.31462 0.762814 -0.00948211 0.0119978 -0.00283422 0.106859 0.0783003 -0.0525328 1 0 0 0 0 0 0 0
476 1 0.1 6.04685 1.37651 0.614351 -0.00190607 0.0295284 -0.00974794 -0.0669872 -0.124885 -0.138594 1 0 0 0 0 0 0 0
477 1 0.1 6.04142 2.11545 0.762505 0.0617467 0.0991374 -0.000356646 0.695048 -0.359722 0.204168 1 0 0 0 0 0 0 0
478 1 0.1 5.87298 2.22318 0.763166 0.0100529 0.0139604 -0.00231527 0.141233 -0.282928 -0.00829941 1 0 0 0 0 0 0 0
479 1 0.1 5.82035 2.41551 0.762672 0.00559729 0.0103912 0.00107732 0.095365 -0.0514046 0.0185571 1 0 0 0 0 0 0 0
480 1 0.1 5.91888 3.17309 0.762547 -0.159424 -0.0752173 0.00524368 0.0316134 0.0967063 -0.200746 1 0 0 0 0 0 0 0
481 1 0.1 5.86104 2.82363 0.762645 0.00550462 0.0158238 0.000360452 0.146989 -0.0643302 -0.0620808 1 0 0 0 0 0 0 0
482 1 0.1 5.64311 2.51752 0.762651 0.00154134 0.00630304 -0.000787664 -0.052862 -0.114256 0.134839 1 0 0 0 0 0 0 0
483 1 0.1 5.72405 2.45249 0.592337 0.0151362 0.0280788 0.000420998 0.180765 0.013336 -0.0349142 1 0 0 0 0 0 0 0
484 1 0.1 5.51663 2.84274 0.762859 0.0249492 0.00474307 0.00517849 0.0785895 0.0758302 -0.00417372 1 0 0 0 0 0 0 0
485 1 0.1 5.35712 2.96125 0.762925 -0.0295371 -0.0854654 -0.00682119 -0.838485 0.17736 1.0565 1 0 0 0 0 0 0 0
486 1 0.1 5.12016 2.72212 0.762804 -0.0879824 -0.0706334 -0.000486465 -0.792488 0.997208 -0.669061 1 0 0 0 0 0 0 0
487 1 0.1 5.02464 3.07899 0.764415 0.0121104 -0.0617372 -0.00236346 -0.617467 -0.0849121 0.108549 1 0 0 0 0 0 0 0
488 1 0.1 5.19946 3.19571 0.76331 0.0215875 -0.00675335 0.00327536 0.0381626 -0.108087 -0.0702331 1 0 0 0 0 0 0 0
489 1 0.1 5.27944 3.28375 0.595425 -0.0194013 0.0232729 -0.111767 -0.993652 0.602425 0.951934 1 0 0 0 0 0 0 0
490 1 0.1 5.38826 3.30127 0.762683 -0.145043 -0.0157012 -0.00546977 -0.252203 0.934204 0.0447365 1 0 0 0 0 0 0 0
491 1 0.1 5.21259 3.41438 0.762166 -0.153368 0.0786134 0.00273126 -0.180909 -0.551053 0.635744 1 0 0 0 0 0 0 0
492 1 0.1 5.45957 3.48806 0.762546 -0.027966 -0.0607797 -0.00178304 0.365537 -0.65209 -1.30639 1 0 0 0 0 0 0 0
493 1 0.1 5.73163 3.10318 0.762559 -0.171376 -0.029258 0.00205673 -0.00878228 -0.122402 -0.224864 1 0 0 0 0 0 0 0
494 1 0.1 5.6465 3.58613 0.764205 0.0497934 -0.00931148 -0.000912299 -0.135572 -0.544982 -0.0490984 1 0 0 0 0 0 0 0
495 1 0.1 5.81372 3.69642 0.762863 0.0904502 -0.00214586 0.00187433 -0.0467406 -0.990949 -0.673059 1 0 0 0 0 0 0 0
496 1 0.1 5.84376 3.49868 0.762604 -0.115085 -0.0319982 0.00459049 -0.374453 0.226416 -0.269034 1 0 0 0 0 0 0 0
497 1 0.1 6.00083 4.11866 0.601649 0.29503 -0.0233178 -0.0130192 0.0506513 -0.813398 2.10709 1 0 0 0 0 0 0 0
498 1 0.1 6.13436 4.54986 0.762836 0.0104857 -0.00701788 -0.00111464 -0.0823689 -0.102275 -0.0412534 1 0 0 0 0 0 0 0
499 1 0.1 6.2415 4.71867 0.762507 -0.0226358 0.0142926 0.00015858 -0.0178389 -0.122084 0.2328 1 0 0 0 0 0 0 0
