500
0 1 0.1 6.00344 1.01291 0.150239 0.000688528 -0.000265399 0.000823647 0.00901283 -0.00270078 -0.00972203 1 0 0 0 0 0 0 0
1 1 0.1 5.86309 1.15501 0.143494 -0.000155577 -0.00125746 0.00137844 0.0106827 -0.0146015 -0.015942 1 0 0 0 0 0 0 0
2 1 0.1 5.69197 1.33561 0.138131 0.00131709 -0.00119838 0.000429934 -0.00473039 -0.0166325 -0.0172641 1 0 0 0 0 0 0 0
3 1 0.1 5.35503 1.67054 0.138652 -0.00487265 0.00332227 0.00292844 0.0166547 -0.0247204 0.0617442 1 0 0 0 0 0 0 0
4 1 0.1 5.49128 1.79855 0.301617 0.00609501 0.00429742 0.00838822 -0.237176 -0.240289 0.198637 1 0 0 0 0 0 0 0
5 1 0.1 5.20372 1.82234 0.142766 -0.0016684 0.00339152 -0.00210493 -0.128145 -0.0856376 -0.0099278 1 0 0 0 0 0 0 0
6 1 0.1 5.06312 1.96437 0.137479 -0.00330836 0.00360087 0.000873214 0.185564 0.156247 0.00782171 1 0 0 0 0 0 0 0
7 1 0.1 4.87263 2.14868 0.137188 -0.00329854 0.0118479 -0.00274751 -0.138675 -0.0170352 0.078209 1 0 0 0 0 0 0 0
8 1 0.1 4.63358 2.64992 0.135261 0.0583498 0.0609561 -0.00235175 -0.638631 0.554688 0.0919437 1 0 0 0 0 0 0 0
9 1 0.1 4.78957 2.47591 0.298541 -0.0646658 0.0186578 -0.104153 -0.42485 2.68381 -0.165099 1 0 0 0 0 0 0 0
10 1 0.1 4.22619 2.7988 0.136948 0.0380818 -0.0192512 -0.00301617 0.265743 0.347137 -0.327969 1 0 0 0 0 0 0 0
11 1 0.1 4.20186 2.82494 0.332129 0.0519527 -0.0581137 0.0140978 -0.179974 -0.128867 -0.817561 1 0 0 0 0 0 0 0
12 1 0.1 4.18779 2.99669 0.149889 -0.00716295 -0.0251938 -0.032529 0.145653 0.146789 -0.12088 1 0 0 0 0 0 0 0
13 1 0.1 4.22304 3.19272 0.135721 -0.00787279 -0.023695 0.0316727 0.190859 -0.102008 0.136373 1 0 0 0 0 0 0 0
14 1 0.1 4.36278 3.33346 0.139001 -0.0103966 0.00390096 0.0184638 0.0719339 0.23962 -0.010363 1 0 0 0 0 0 0 0
15 1 0.1 4.49602 3.4639 0.206537 0.000289479 0.00187754 0.0101705 -0.20082 0.0696652 0.236509 1 0 0 0 0 0 0 0
16 1 0.1 4.69446 3.42152 0.196679 0.0333497 0.00226595 -0.00650236 -0.3108 0.590051 0.130723 1 0 0 0 0 0 0 0
17 1 0.1 4.62609 3.59944 0.138318 0.0011723 -0.00600103 -0.00978984 0.0462896 0.0400701 -0.000557732 1 0 0 0 0 0 0 0
18 1 0.1 4.76606 3.74189 0.147879 -0.00286625 -0.00237326 0.00145966 0.0505926 -0.0769612 -0.00822523 1 0 0 0 0 0 0 0
19 1 0.1 5.16187 4.13835 0.20104 0.00224781 0.00145811 0.00345637 -0.0217093 -0.0277444 0.0260156 1 0 0 0 0 0 0 0
20 1 0.1 5.29529 4.27352 0.138621 -0.00142319 -0.00360924 -0.0061075 -0.0278773 0.170465 0.117588 1 0 0 0 0 0 0 0
21 1 0.1 5.43529 4.41536 0.154871 -0.00471818 0.00235948 -0.017397 0.148427 0.115614 -0.0200207 1 0 0 0 0 0 0 0
22 1 0.1 5.57921 4.56068 0.144971 0.0047 0.00298767 -0.00353792 0.0405766 0.0182585 0.0627978 1 0 0 0 0 0 0 0
23 1 0.1 5.71994 4.70265 0.148806 0.00398704 0.00340498 -0.00181925 0.0132983 -0.00537975 0.0260993 1 0 0 0 0 0 0 0
24 1 0.1 6.00255 4.98475 0.149998 0.00356686 0.000787993 1.48937e-05 0.00127182 0.00143328 0.00211979 1 0 0 0 0 0 0 0
25 1 0.1 6.14482 0.871537 0.14996 0.000235705 -0.000431428 1.11409e-05 0.00158592 0.00379516 -0.0100158 1 0 0 0 0 0 0 0
26 1 0.1 5.89119 1.35252 0.138349 0.00113447 -0.0018358 0.000565836 -0.0165236 0.00884574 -0.00505329 1 0 0 0 0 0 0 0
27 1 0.1 5.86717 1.55071 0.137447 0.00230318 -0.00147898 -0.00102613 0.000438298 0.00126816 -0.00982493 1 0 0 0 0 0 0 0
28 1 0.1 5.55062 1.47699 0.137476 0.000994692 -0.00167712 -0.000143946 0.00957454 -0.000650876 -0.0186552 1 0 0 0 0 0 0 0
29 1 0.1 5.60027 1.8305 0.137286 0.0039081 -0.00181461 0.0035273 0.036203 0.112432 0.0380915 1 0 0 0 0 0 0 0
30 1 0.1 5.40067 1.86495 0.137172 0.0213688 -0.00517603 -0.00122097 -0.0231538 0.183057 -0.350481 1 0 0 0 0 0 0 0
31 1 0.1 5.27456 2.01833 0.136397 0.0551547 0.0137735 -0.00334629 -0.0212107 -0.196435 0.0212337 1 0 0 0 0 0 0 0
32 1 0.1 5.06501 2.20213 0.146979 -0.0013885 0.00876527 -0.0189715 -0.141506 0.106931 -0.123341 1 0 0 0 0 0 0 0
33 1 0.1 4.55873 2.46506 0.149994 -0.145192 0.140802 -0.00345623 0.0967399 0.151409 2.05021 1 0 0 0 0 0 0 0
34 1 0.1 4.91993 2.57772 0.133362 0.0296779 0.0717389 0.010188 -0.676515 0.357887 -0.241603 1 0 0 0 0 0 0 0
35 1 0.1 4.38204 2.63652 0.137329 0.00210972 -0.00227433 -0.00339334 0.0205942 0.0206101 -0.00743633 1 0 0 0 0 0 0 0
36 1 0.1 4.87642 2.69753 0.277301 0.0722012 0.0997265 0.0281794 0.484142 0.142276 0.0531874 1 0 0 0 0 0 0 0
37 1 0.1 4.37626 2.93153 0.137463 -0.00532053 -0.010269 -0.00963698 0.057887 -0.130129 0.140555 1 0 0 0 0 0 0 0
38 1 0.1 4.41779 3.14149 0.136676 0.0596496 0.035581 -0.0137465 -0.222576 0.618425 0.545794 1 0 0 0 0 0 0 0
39 1 0.1 4.5574 3.28801 0.136654 -0.00104981 0.00657206 -0.00118786 -0.10875 0.024154 -0.0456042 1 0 0 0 0 0 0 0
40 1 0.1 4.7888 3.26842 0.282774 0.115283 0.0145078 -0.0647794 -0.0932987 1.33989 -0.165009 1 0 0 0 0 0 0 0
41 1 0.1 4.97375 3.63989 0.134008 0.0902449 0.124445 -0.00171356 -0.705423 0.838467 -1.0191 1 0 0 0 0 0 0 0
42 1 0.1 5.10491 3.7832 0.134459 0.128454 0.0559738 -0.00510972 -0.447933 1.91277 -1.1145 1 0 0 0 0 0 0 0
43 1 0.1 5.09331 3.88436 0.293059 0.179771 0.0939857 -0.0503573 -0.168742 -1.5951 0.434197 1 0 0 0 0 0 0 0
44 1 0.1 5.44667 4.00482 0.137492 -0.348125 -0.117788 -0.000423054 0.12983 0.176646 -1.1006 1 0 0 0 0 0 0 0
45 1 0.1 5.53374 4.19851 0.135611 0.0197272 0.00249896 -0.0027239 -0.0135663 0.176693 0.133897 1 0 0 0 0 0 0 0
46 1 0.1 5.63468 4.36873 0.146458 0.0133378 0.00391985 -0.00207072 0.0264356 -0.220319 -0.0545137 1 0 0 0 0 0 0 0
47 1 0.1 5.77319 4.51092 0.137394 0.00795405 0.00547803 0.000262922 -0.0627283 0.140114 0.122499 1 0 0 0 0 0 0 0
48 1 0.1 5.86081 4.84392 0.149923 0.00121462 0.00326039 -0.00031137 -0.00445239 -0.00830256 -0.042219 1 0 0 0 0 0 0 0
49 1 0.1 6.14355 5.12643 0.150007 0.00143884 0.00256177 0.000169035 0.00071303 -0.00426035 0.0270494 1 0 0 0 0 0 0 0
50 1 0.1 6.28623 0.730158 0.150007 0.000224756 -0.000288402 2.5939e-05 0.00344081 0.000496924 -0.00172147 1 0 0 0 0 0 0 0
51 1 0.1 6.05227 1.21904 0.138031 -0.000197465 -0.00281013 0.000777361 -0.00221582 0.0240729 -0.00952955 1 0 0 0 0 0 0 0
52 1 0.1 5.96609 1.75692 0.137461 0.00266614 -0.00481792 0.00180934 0.0581495 0.00562057 -0.0117083 1 0 0 0 0 0 0 0
53 1 0.1 5.76898 1.72441 0.137956 0.00416411 -0.00114779 -0.00314321 0.00425754 -0.0425488 -0.01419 1 0 0 0 0 0 0 0
54 1 0.1 5.74789 1.96525 0.141679 0.0484353 -0.0497509 0.00856357 -0.00831662 -0.14998 -0.70642 1 0 0 0 0 0 0 0
55 1 0.1 5.52551 1.98749 0.234742 -0.0159125 -0.00981245 0.00797787 -0.0215988 -0.0551879 0.223006 1 0 0 0 0 0 0 0
56 1 0.1 5.46017 2.17711 0.137189 0.0282418 -0.040067 -0.0018677 0.43211 0.325475 -1.25156 1 0 0 0 0 0 0 0
57 1 0.1 5.26446 2.21697 0.137466 0.0379227 0.00831196 0.000669374 0.177317 -0.444582 0.728103 1 0 0 0 0 0 0 0
58 1 0.1 5.05629 2.3218 0.315323 -0.110553 0.0448109 0.0262287 0.123021 -0.129102 0.871995 1 0 0 0 0 0 0 0
59 1 0.1 4.78791 2.34577 0.136968 -0.00968317 0.00407079 -0.0036391 -0.0347579 -0.0880811 -0.00381543 1 0 0 0 0 0 0 0
60 1 0.1 5.0678 2.7472 0.271735 0.0818716 0.0770608 0.00671085 0.224471 0.278715 -0.209089 1 0 0 0 0 0 0 0
61 1 0.1 4.80012 2.80318 0.134066 0.0201614 0.0803013 0.0164771 -0.795664 0.248294 0.151179 1 0 0 0 0 0 0 0
62 1 0.1 4.8767 3.04991 0.137447 0.000753697 0.00300888 -0.00354922 0.0246644 0.0468414 -0.00597346 1 0 0 0 0 0 0 0
63 1 0.1 4.59825 2.99304 0.135841 -0.000341364 0.00102212 0.00737452 0.31578 0.689451 -0.0913643 1 0 0 0 0 0 0 0
64 1 0.1 4.7095 3.15819 0.137044 0.00232879 0.00623181 -0.00272638 -0.0872764 0.0391616 -0.0477791 1 0 0 0 0 0 0 0
65 1 0.1 4.8686 3.57808 0.287395 0.123608 0.112957 0.000816177 0.535766 0.412215 -1.14266 1 0 0 0 0 0 0 0
66 1 0.1 5.22422 3.62289 0.13743 0.0170892 -0.0258374 0.00130085 -0.0651975 0.0362059 -0.157448 1 0 0 0 0 0 0 0
67 1 0.1 5.3654 3.81061 0.137232 0.0146205 0.015421 0.00160569 -0.285935 0.144674 0.0143746 1 0 0 0 0 0 0 0
68 1 0.1 5.24596 3.96952 0.13717 0.00992665 0.00793455 -0.000140707 -0.00865837 0.152641 0.0981144 1 0 0 0 0 0 0 0
69 1 0.1 5.61813 4.00164 0.356382 -0.0121302 0.00577074 0.0460968 0.129739 0.031196 0.176238 1 0 0 0 0 0 0 0
70 1 0.1 5.66942 4.18034 0.281355 -0.000490701 -0.0319873 0.0121808 -0.564206 -0.0491146 -1.16966 1 0 0 0 0 0 0 0
71 1 0.1 5.80751 4.26947 0.137424 0.0151975 0.00143295 0.00107847 0.0490776 0.14662 -0.132994 1 0 0 0 0 0 0 0
72 1 0.1 5.94768 4.41163 0.137156 0.0134864 0.00313579 -0.00372287 0.0279184 0.148385 0.21249 1 0 0 0 0 0 0 0
73 1 0.1 6.15102 4.8514 0.137037 0.00625627 0.00450227 -0.00115841 -0.0427678 0.0456921 -0.0137447 1 0 0 0 0 0 0 0
74 1 0.1 6.39135 5.36805 0.150089 0.00333074 0.00299876 9.50315e-05 -0.00116919 -0.000174222 0.0459973 1 0 0 0 0 0 0 0
75 1 0.1 6.29698 0.958408 0.26017 0.000425074 0.000563359 0.00150251 -0.0186634 -0.0173487 -0.00842134 1 0 0 0 0 0 0 0
76 1 0.1 6.19252 1.07652 0.137344 0.00110753 -0.000501146 0.000229531 0.000751203 0.00759203 0.00200485 1 0 0 0 0 0 0 0
77 1 0.1 6.08261 1.59471 0.137453 0.00211307 -0.00371481 -0.00145102 -0.00171282 -0.00257358 0.0103383 1 0 0 0 0 0 0 0
78 1 0.1 5.99383 1.94058 0.210838 0.0152674 -0.00703625 0.00308908 -0.0714048 -0.0220546 -0.143642 1 0 0 0 0 0 0 0
79 1 0.1 5.7493 2.21389 0.300803 -0.0108347 -0.0319211 -0.0278464 -0.0364695 0.42946 -0.382644 1 0 0 0 0 0 0 0
80 1 0.1 5.65714 2.14336 0.137519 0.0232854 -0.0636156 -0.00202056 0.187009 -0.434879 1.00415 1 0 0 0 0 0 0 0
81 1 0.1 5.64105 2.34335 0.137683 -0.0168178 -0.0789957 0.00370098 -0.0105226 0.000439124 -0.739595 1 0 0 0 0 0 0 0
82 1 0.1 5.72028 2.77381 0.137406 0.043466 0.025442 -0.000145728 -0.256529 0.439962 -0.243659 1 0 0 0 0 0 0 0
83 1 0.1 5.44454 2.38003 0.137214 -0.00161999 -0.000361507 0.00250648 -0.012 -0.00690974 -0.0614377 1 0 0 0 0 0 0 0
84 1 0.1 5.00651 2.39768 0.137417 -0.0656099 0.0222373 0.000579418 -0.222266 -0.655072 -0.244745 1 0 0 0 0 0 0 0
85 1 0.1 5.13416 2.5841 0.136634 -0.00455916 0.00110094 0.00151817 0.0606654 0.0892267 0.0241017 1 0 0 0 0 0 0 0
86 1 0.1 5.4343 2.87427 0.308158 -0.022164 -0.0188102 -0.000769284 -0.110672 0.813758 -1.1682 1 0 0 0 0 0 0 0
87 1 0.1 4.98328 2.88153 0.15035 0.0444791 0.0377465 0.00434748 -0.220598 0.0302138 0.558337 1 0 0 0 0 0 0 0
88 1 0.1 5.06947 3.28041 0.136092 0.0152131 0.0245101 0.00123226 0.168642 0.0297707 -0.282792 1 0 0 0 0 0 0 0
89 1 0.1 4.89052 3.45804 0.135058 0.00377784 0.140516 -0.0137704 -1.27913 0.217837 -1.13745 1 0 0 0 0 0 0 0
90 1 0.1 5.0874 3.47755 0.150014 -0.00166577 0.0422565 0.0138885 -0.0193545 -0.626179 0.0229321 1 0 0 0 0 0 0 0
91 1 0.1 5.41431 3.55004 0.143277 0.0247746 0.0206837 0.00457778 -0.0288422 -0.12328 0.112928 1 0 0 0 0 0 0 0
92 1 0.1 5.53674 3.7076 0.137207 0.0176675 0.0196103 -0.00265863 -0.126308 0.101184 -0.0646262 1 0 0 0 0 0 0 0
93 1 0.1 5.68151 3.84298 0.162754 0.0270007 0.00757661 0.00477188 0.126769 -0.153557 -0.0825116 1 0 0 0 0 0 0 0
94 1 0.1 5.65467 4.03943 0.137498 0.0268034 0.00737265 0.000554547 -0.16726 0.149607 0.0885598 1 0 0 0 0 0 0 0
95 1 0.1 5.88139 4.00701 0.137294 -0.0285878 0.0104487 -0.000740358 -0.102348 -0.286755 -0.0544036 1 0 0 0 0 0 0 0
96 1 0.1 5.98517 4.17788 0.137668 0.0089378 -0.0113777 0.0018451 -0.0946563 -0.132228 0.00591049 1 0 0 0 0 0 0 0
97 1 0.1 6.06596 4.55448 0.211713 0.0122635 0.00209936 -0.000462923 -0.0805616 -0.209688 -0.227247 1 0 0 0 0 0 0 0
98 1 0.1 6.29252 4.99226 0.140125 0.00736113 0.00335355 -0.00403069 0.0315971 -0.0201581 -0.00763426 1 0 0 0 0 0 0 0
99 1 0.1 6.38608 5.16873 0.137484 0.00795576 0.00300962 -1.77168e-05 0.00245832 0.000380009 0.000418509 1 0 0 0 0 0 0 0
100 1 0.1 6.35818 0.657409 0.350025 -0.000621108 0.0011331 0.00014376 -0.000554914 -0.00109815 0.0148746 1 0 0 0 0 0 0 0
101 1 0.1 6.23184 1.30693 0.137492 0.000375349 -0.00407346 -0.000224412 0.0387286 0.00320989 -0.00145906 1 0 0 0 0 0 0 0
102 1 0.1 6.07195 1.40672 0.2042 0.00164939 -0.00262429 -0.000711222 -0.0152981 -0.00662787 -0.0125277 1 0 0 0 0 0 0 0
103 1 0.1 5.91356 2.29782 0.222521 0.0259957 -0.00641012 0.0114411 0.011419 0.198656 0.0760192 1 0 0 0 0 0 0 0
104 1 0.1 5.87021 3.03864 0.326529 0.0215182 0.0641159 -0.00500167 0.0132558 0.0709622 0.717822 1 0 0 0 0 0 0 0
105 1 0.1 5.86022 2.47093 0.138127 0.0424739 0.00094942 0.0113661 0.0862087 -0.526642 -0.0977467 1 0 0 0 0 0 0 0
106 1 0.1 5.69031 2.57615 0.137219 0.0557747 0.0229555 0.00429392 -0.422894 0.747177 0.128891 1 0 0 0 0 0 0 0
107 1 0.1 5.70384 3.07216 0.432171 0.00811362 -0.0153102 -0.00215783 0.0661402 -0.0489428 0.189079 1 0 0 0 0 0 0 0
108 1 0.1 5.48345 2.77649 0.13979 0.00750193 -0.00757386 -0.00191394 0.0037656 0.0516745 0.0758853 1 0 0 0 0 0 0 0
109 1 0.1 5.47247 2.57744 0.137471 0.0111216 -0.00501953 -2.89309e-05 -0.0325293 0.04863 -0.0411321 1 0 0 0 0 0 0 0
110 1 0.1 5.30498 2.68697 0.147652 0.00558254 -0.00710072 0.00153792 0.152256 0.0510507 -0.107085 1 0 0 0 0 0 0 0
111 1 0.1 5.17929 2.84401 0.137344 0.0575179 0.0927133 -0.000293809 0.00669294 0.00485383 0.0236807 1 0 0 0 0 0 0 0
112 1 0.1 5.26539 3.02504 0.137725 0.00221743 0.015253 -0.00240196 0.0249645 -0.113796 -0.197414 1 0 0 0 0 0 0 0
113 1 0.1 5.07377 3.08056 0.139048 -0.000288917 0.019758 -0.0108848 0.0124172 0.0128469 0.165504 1 0 0 0 0 0 0 0
114 1 0.1 5.33047 3.18098 0.244711 0.0539352 0.00642102 -0.0156975 0.335807 -0.221311 0.56213 1 0 0 0 0 0 0 0
115 1 0.1 5.43689 3.35374 0.136614 0.014967 0.016434 -0.000879463 -0.0404601 0.15735 0.0304765 1 0 0 0 0 0 0 0
116 1 0.1 5.50942 3.16745 0.138409 -0.0346664 -0.00069232 0.00481246 -0.0361832 0.0803685 -0.184443 1 0 0 0 0 0 0 0
117 1 0.1 5.60372 3.34153 0.244672 0.0123424 -0.00961846 -0.00389859 0.0830075 -0.120199 -0.0735984 1 0 0 0 0 0 0 0
118 1 0.1 5.82449 3.64958 0.137127 0.00904347 0.000781475 -0.00273647 0.0232662 0.0669759 0.00339924 1 0 0 0 0 0 0 0
119 1 0.1 5.93383 3.81539 0.159358 -0.0162556 0.0153878 0.0209841 0.0588392 -0.380906 0.262349 1 0 0 0 0 0 0 0
120 1 0.1 5.68827 3.50341 0.137211 0.0111033 -0.00598474 -0.000253437 -0.139969 -0.0378239 0.0285558 1 0 0 0 0 0 0 0
121 1 0.1 5.77063 3.32228 0.136831 0.0134036 -0.00272773 -0.00239042 -0.0509832 0.132204 -0.072145 1 0 0 0 0 0 0 0
122 1 0.1 6.08231 4.3258 0.25729 0.042739 0.0287482 -0.0220677 0.256216 -0.0993561 0.33898 1 0 0 0 0 0 0 0
123 1 0.1 6.21685 4.66256 0.137479 0.0101834 0.00592024 8.4896e-05 -0.0596792 0.101849 0.343379 1 0 0 0 0 0 0 0
124 1 0.1 6.2992 4.83121 0.269766 -0.00559544 -0.020656 0.00815154 0.0230634 -0.14477 -0.2763 1 0 0 0 0 0 0 0
125 1 0.1 5.93369 1.08197 0.350004 0.00051833 -0.000756055 -0.000105017 -0.000295623 -0.00227338 0.00867569 1 0 0 0 0 0 0 0
126 1 0.1 5.79424 1.22454 0.34015 0.000733315 -0.00112997 0.000307302 0.00863287 0.000792721 -0.00932098 1 0 0 0 0 0 0 0
127 1 0.1 5.65414 1.36631 0.332607 0.00110954 -0.00228514 0.000253078 -0.0048783 -0.00621456 0.00349567 1 0 0 0 0 0 0 0
128 1 0.1 5.51292 1.50744 0.331417 0.00185748 -0.0034522 -0.000626722 0.0271396 0.0187238 -0.0394794 1 0 0 0 0 0 0 0
129 1 0.1 5.36555 1.65229 0.352444 0.00590125 -0.00205656 0.00588153 0.0233149 -0.0710519 -0.0494324 1 0 0 0 0 0 0 0
130 1 0.1 5.15321 1.87121 0.33099 -0.0151521 0.0218158 0.00208938 0.014466 -0.017356 0.268653 1 0 0 0 0 0 0 0
131 1 0.1 5.0123 2.01292 0.324449 -0.0157747 0.0203786 -0.00365846 -0.338928 -0.183373 0.199581 1 0 0 0 0 0 0 0
132 1 0.1 4.90187 2.17825 0.332139 -0.0121468 0.0260307 -0.0044678 0.0650244 -0.0539297 0.0275574 1 0 0 0 0 0 0 0
133 1 0.1 4.73614 2.28548 0.319363 -0.0155215 0.0119074 -0.00685638 -0.0909172 -0.000155717 0.0912217 1 0 0 0 0 0 0 0
134 1 0.1 4.6285 2.39379 0.447477 -0.0339796 0.0206942 -0.037694 -0.279592 -0.0506697 0.332548 1 0 0 0 0 0 0 0
135 1 0.1 4.50058 2.52269 0.349221 0.127657 -0.155238 0.0171905 -0.243583 -0.25143 -0.135521 1 0 0 0 0 0 0 0
136 1 0.1 4.36588 2.66948 0.333348 0.153278 -0.131568 0.0238929 1.3935 1.24071 -1.67262 1 0 0 0 0 0 0 0
137 1 0.1 4.28275 3.00391 0.32547 -0.0151334 -0.0115523 -0.0952646 0.295961 0.086625 1.92164 1 0 0 0 0 0 0 0
138 1 0.1 4.21729 3.19205 0.3326 0.0382984 0.0131419 0.10263 -0.807944 0.6093 1.25856 1 0 0 0 0 0 0 0
139 1 0.1 4.3584 3.3323 0.338596 0.0059094 0.0286055 0.0196524 -0.274088 -0.0870086 0.102911 1 0 0 0 0 0 0 0
140 1 0.1 4.58313 3.5616 0.355352 0.017504 0.045294 -0.0303932 -0.15824 0.380207 0.185927 1 0 0 0 0 0 0 0
141 1 0.1 4.72568 3.705 0.345986 0.0289582 0.0248512 -0.038014 -0.164396 0.28979 0.157239 1 0 0 0 0 0 0 0
142 1 0.1 4.86833 3.84348 0.367177 0.015971 0.0429707 -0.0766326 0.529979 0.579887 0.422145 1 0 0 0 0 0 0 0
143 1 0.1 5.06235 4.03671 0.400493 0.0264951 0.0316773 -0.0385543 0.52906 0.178131 0.397816 1 0 0 0 0 0 0 0
144 1 0.1 5.3955 4.15056 0.2645 0.0364373 0.00717992 0.00982757 -0.326563 -0.0911672 0.168476 1 0 0 0 0 0 0 0
145 1 0.1 5.35013 4.32645 0.347001 0.00469738 0.00553847 -0.00471798 0.185593 -0.094768 0.10982 1 0 0 0 0 0 0 0
146 1 0.1 5.50759 4.4889 0.354434 -0.00372171 -0.00452594 -0.00628216 0.0748214 0.033532 -0.0594244 1 0 0 0 0 0 0 0
147 1 0.1 5.64819 4.63087 0.349786 -0.0020383 -0.00509285 -0.00120468 0.0484621 -0.0177768 -0.047482 1 0 0 0 0 0 0 0
148 1 0.1 5.79168 4.76924 0.365664 -0.00289345 -0.00379166 -0.0016351 -0.0086035 0.0255347 -0.0437658 1 0 0 0 0 0 0 0
149 1 0.1 5.93211 4.91307 0.356798 0.00490064 0.00700512 0.00333595 0.0189113 -0.0467097 0.077026 1 0 0 0 0 0 0 0
150 1 0.1 6.07563 0.941189 0.346991 0.000315172 -0.00079702 0.00086325 -0.000708609 -0.0104581 -0.00952299 1 0 0 0 0 0 0 0
151 1 0.1 5.76038 1.65439 0.344881 -0.0209291 -0.0219368 -0.0735637 -0.0985437 0.695371 -0.107472 1 0 0 0 0 0 0 0
152 1 0.1 5.60154 1.65019 0.223238 0.00708109 -0.00431295 0.000707244 0.00650418 0.00388376 -0.0540893 1 0 0 0 0 0 0 0
153 1 0.1 6.01239 2.05457 0.560521 0.00662928 0.00880693 -0.0539165 -0.064726 0.420187 -0.111752 1 0 0 0 0 0 0 0
154 1 0.1 5.67148 1.85183 0.368238 0.009908 0.0413879 -0.0167774 -0.3329 0.380968 -0.0189798 1 0 0 0 0 0 0 0
155 1 0.1 5.32982 1.85383 0.42302 -0.0116826 0.00879923 -0.00684871 0.174221 0.100422 -0.317829 1 0 0 0 0 0 0 0
156 1 0.1 5.17403 2.13125 0.299349 0.020128 0.0602011 0.0132306 0.209617 -0.352881 0.0554213 1 0 0 0 0 0 0 0
157 1 0.1 5.0582 2.17685 0.452712 -0.0159774 0.00658909 -0.0102524 0.410765 0.107149 0.0392846 1 0 0 0 0 0 0 0
158 1 0.1 4.88825 2.35712 0.427446 -0.033133 0.0536325 -0.00229177 -0.0515908 0.0046315 0.310911 1 0 0 0 0 0 0 0
159 1 0.1 4.83237 2.80477 0.466454 0.00334659 -0.107382 0.0480277 0.836518 -2.71534 -2.1955 1 0 0 0 0 0 0 0
160 1 0.1 4.68457 2.64337 0.32401 0.00159331 0.0486892 0.00898164 0.743542 -1.12267 -0.144102 1 0 0 0 0 0 0 0
161 1 0.1 4.5541 2.77628 0.392575 0.0755591 0.13987 0.00310566 -0.808622 1.07861 -1.09532 1 0 0 0 0 0 0 0
162 1 0.1 4.47593 3.02429 0.285622 -0.0142757 0.059649 -0.0137742 -0.075485 -1.07379 -1.13107 1 0 0 0 0 0 0 0
163 1 0.1 4.58863 3.1876 0.306001 0.0245049 0.0262646 0.0111679 -0.367957 -0.0848451 0.481225 1 0 0 0 0 0 0 0
164 1 0.1 4.54502 3.35585 0.403048 0.0226699 0.0429313 -0.0343765 -0.243277 0.621751 -0.146745 1 0 0 0 0 0 0 0
165 1 0.1 4.86466 3.60908 0.480803 0.0665094 0.0521684 0.00907278 0.0358389 -1.10156 0.52068 1 0 0 0 0 0 0 0
166 1 0.1 5.04807 3.5383 0.449645 0.0859486 0.0746818 0.0715223 0.564497 0.188533 -0.358757 1 0 0 0 0 0 0 0
167 1 0.1 5.0136 3.7047 0.339174 0.150176 0.0890113 -0.0606503 0.167758 0.305265 0.737113 1 0 0 0 0 0 0 0
168 1 0.1 5.24787 4.09282 0.379116 0.0133189 0.0477638 -0.0111791 -0.0611829 -0.328909 -0.368839 1 0 0 0 0 0 0 0
169 1 0.1 5.42085 3.99468 0.386319 -0.0145756 0.00682627 0.0157871 0.364299 -0.271995 -0.231472 1 0 0 0 0 0 0 0
170 1 0.1 5.51889 4.20347 0.410906 0.00763549 0.0700092 0.00244315 -0.0585091 -0.0671611 0.364281 1 0 0 0 0 0 0 0
171 1 0.1 5.64869 4.35265 0.391878 0.0404811 0.0409999 0.0079896 -0.0645542 -0.175641 -0.80431 1 0 0 0 0 0 0 0
172 1 0.1 5.81411 4.43633 0.319818 0.0557611 -0.0105825 -0.0143001 0.115079 0.472474 0.174367 1 0 0 0 0 0 0 0
173 1 0.1 5.8837 4.61509 0.266676 0.013034 0.00797953 -0.00619512 0.202783 0.112516 0.115584 1 0 0 0 0 0 0 0
174 1 0.1 6.13963 5.11786 0.356372 0.0028654 0.00258268 0.00204613 -0.0257539 -0.0138224 0.00635066 1 0 0 0 0 0 0 0
175 1 0.1 6.21675 0.798782 0.34987 -0.000690034 0.00109457 0.00136993 -0.00108579 -0.0170067 0.0117039 1 0 0 0 0 0 0 0
176 1 0.1 5.82796 1.46307 0.312882 -0.0908851 0.173343 0.0631518 -1.12092 -1.33504 2.10738 1 0 0 0 0 0 0 0
177 1 0.1 5.85361 1.82321 0.291461 -0.0195765 -0.0211769 -0.0686233 -0.0799399 0.219659 -0.467585 1 0 0 0 0 0 0 0
178 1 0.1 5.89923 2.11366 0.387104 -0.0864943 -0.174949 -0.0669977 -1.03623 0.800384 -2.15261 1 0 0 0 0 0 0 0
179 1 0.1 5.70627 2.04601 0.401051 -0.443027 0.112264 0.051166 -0.00425627 -1.53062 1.23867 1 0 0 0 0 0 0 0
180 1 0.1 5.47978 2.1376 0.452054 0.0129281 0.034345 -0.00134157 -0.161117 -0.244236 -0.0287198 1 0 0 0 0 0 0 0
181 1 0.1 5.36824 2.09465 0.293901 0.00402181 0.0239156 0.0149204 -0.264282 0.309972 -0.482594 1 0 0 0 0 0 0 0
182 1 0.1 5.2151 2.43462 0.471755 -0.00513405 -0.0183939 0.00183244 0.360997 -0.48919 0.22492 1 0 0 0 0 0 0 0
183 1 0.1 4.9843 2.51861 0.313219 -0.106487 0.150666 0.0850452 0.429487 -3.05361 1.47807 1 0 0 0 0 0 0 0
184 1 0.1 5.11914 2.61666 0.433065 -0.0249961 0.0349616 0.00346178 -0.728848 -0.00130283 -0.187205 1 0 0 0 0 0 0 0
185 1 0.1 5.00734 2.86952 0.572319 -0.0249105 -0.0223552 0.00473192 0.0613669 -1.08525 -2.06056 1 0 0 0 0 0 0 0
186 1 0.1 4.84451 2.6071 0.438356 0.0371474 -0.0883712 -0.0551028 1.38078 -1.10822 1.05542 1 0 0 0 0 0 0 0
187 1 0.1 4.49814 2.78636 0.200892 -0.00653533 -0.00520606 0.0177741 -0.0798838 -0.271318 -0.0270031 1 0 0 0 0 0 0 0
188 1 0.1 4.75041 3.07291 0.325981 0.145175 0.195051 -0.0116668 -0.580745 1.05179 1.47381 1 0 0 0 0 0 0 0
189 1 0.1 5.11761 3.24238 0.323526 0.0917681 0.0179093 -0.0187161 0.0259884 0.770668 1.68645 1 0 0 0 0 0 0 0
190 1 0.1 4.95825 3.37262 0.302742 0.0561786 0.111261 -0.0495352 0.561597 -1.01614 1.02193 1 0 0 0 0 0 0 0
191 1 0.1 5.19912 3.60035 0.334454 0.0546074 0.0636259 0.0198591 -0.886711 0.328013 0.457434 1 0 0 0 0 0 0 0
192 1 0.1 5.25149 3.79575 0.368617 0.0969064 0.0828416 0.0588839 0.326846 0.0537176 -0.548528 1 0 0 0 0 0 0 0
193 1 0.1 5.50807 3.86147 0.266384 0.000286319 0.0179142 0.0143198 0.0837766 -0.374553 -0.118464 1 0 0 0 0 0 0 0
194 1 0.1 5.72179 3.86555 0.459254 0.0180255 0.00162509 0.0119349 0.204485 0.168158 0.0470452 1 0 0 0 0 0 0 0
195 1 0.1 5.80259 4.14088 0.439213 0.0371219 0.0301574 -0.00982121 -0.242623 -0.268256 -0.498797 1 0 0 0 0 0 0 0
196 1 0.1 5.90292 4.25729 0.312414 0.0585001 -0.00956257 -0.0227943 0.00864396 0.326551 0.0386052 1 0 0 0 0 0 0 0
197 1 0.1 5.81386 3.97886 0.322987 -0.0188309 0.0188148 0.00274462 0.0784501 0.411953 -0.118899 1 0 0 0 0 0 0 0
198 1 0.1 6.01391 4.76454 0.252174 0.00776039 0.0111195 0.00282685 0.0209808 0.00957219 -0.0638036 1 0 0 0 0 0 0 0
199 1 0.1 6.27985 5.26018 0.350061 0.00181336 0.00279169 0.000665917 -0.00534619 0.00265664 -0.0123945 1 0 0 0 0 0 0 0
200 1 0.1 6.12318 1.13525 0.315258 0.00116138 2.41251e-05 0.000621934 -0.00764664 -0.00828154 -0.00367852 1 0 0 0 0 0 0 0
201 1 0.1 5.98605 1.27968 0.332401 0.00111513 -0.000995789 0.000174981 0.00501948 0.00595482 0.00182955 1 0 0 0 0 0 0 0
202 1 0.1 5.9804 1.76839 0.435965 -0.075955 0.0383475 0.00629156 -0.465172 -1.13291 0.79681 1 0 0 0 0 0 0 0
203 1 0.1 5.93564 2.3647 0.419359 0.0549376 0.00324484 0.0156152 -0.0700983 0.0768225 -0.0308235 1 0 0 0 0 0 0 0
204 1 0.1 5.90707 2.55815 0.347642 0.0538695 -0.0209353 0.00482932 0.221217 0.334765 -0.16321 1 0 0 0 0 0 0 0
205 1 0.1 5.5527 2.24972 0.298903 -0.00236971 -0.00505731 -0.00103771 -0.386037 -0.0847222 0.0967233 1 0 0 0 0 0 0 0
206 1 0.1 5.35802 2.2944 0.294964 0.00568596 0.00735641 0.0124984 0.0977884 0.299186 -0.243249 1 0 0 0 0 0 0 0
207 1 0.1 5.41222 2.47218 0.368258 0.00953341 0.021486 -0.0288288 -0.163843 0.203482 0.0343742 1 0 0 0 0 0 0 0
208 1 0.1 5.24572 2.4158 0.136463 -0.0226243 0.0030201 0.000545658 0.00279375 -0.237585 -0.182323 1 0 0 0 0 0 0 0
209 1 0.1 5.43999 2.66269 0.315383 0.0819732 0.0188581 -0.00240921 0.437901 -0.0733495 -0.770227 1 0 0 0 0 0 0 0
210 1 0.1 5.57926 2.89889 0.443392 0.00488287 -0.0401846 -0.0182942 0.147979 -0.519193 0.913756 1 0 0 0 0 0 0 0
211 1 0.1 5.25511 2.7333 0.33663 0.0964528 0.0684812 -0.00375197 0.0781284 -0.141653 0.2014 1 0 0 0 0 0 0 0
212 1 0.1 4.73505 2.87477 0.306457 0.18318 0.187346 0.0673332 -0.0194021 1.51683 -0.87889 1 0 0 0 0 0 0 0
213 1 0.1 4.92835 2.98276 0.32451 0.0957413 0.103009 0.00926588 -1.25412 -0.361683 -2.48797 1 0 0 0 0 0 0 0
214 1 0.1 5.24572 3.35377 0.190513 0.0193314 0.000154945 0.00389876 0.0669879 -0.110565 0.10442 1 0 0 0 0 0 0 0
215 1 0.1 5.36292 3.46039 0.313368 0.023027 0.022937 -0.00585045 -0.00524756 -0.0505722 0.0611916 1 0 0 0 0 0 0 0
216 1 0.1 5.59442 3.53941 0.306776 0.0194107 -0.0153128 -0.000893117 0.139812 0.122543 0.0913685 1 0 0 0 0 0 0 0
217 1 0.1 5.40661 3.68624 0.286857 0.0290186 0.023888 0.00785742 0.157505 0.107001 -0.0906921 1 0 0 0 0 0 0 0
218 1 0.1 5.88352 3.79605 0.364449 -0.00729822 0.0138386 -0.0421478 -0.22628 0.505704 0.119485 1 0 0 0 0 0 0 0
219 1 0.1 5.98091 3.56341 0.296732 0.0333521 -0.0177527 -0.00180622 0.44074 0.430312 0.236502 1 0 0 0 0 0 0 0
220 1 0.1 5.85491 3.42227 0.496304 -0.0245647 -0.0418637 0.0115809 -0.00617861 0.0606613 -0.610921 1 0 0 0 0 0 0 0
221 1 0.1 6.01533 3.77752 0.520034 -0.0139185 -0.0191784 0.00590814 -0.0847216 0.263571 0.919866 1 0 0 0 0 0 0 0
222 1 0.1 5.90767 3.46768 0.137392 0.00685186 0.00414477 -0.000693808 -0.0447701 0.0730047 0.0437532 1 0 0 0 0 0 0 0
223 1 0.1 6.12871 4.92124 0.322737 0.00374183 0.00318952 -0.00254343 0.0651394 -0.0816819 -0.0161256 1 0 0 0 0 0 0 0
224 1 0.1 6.30243 5.00371 0.37749 0.00137302 0.00153098 0.00959416 0.00725411 -0.06149 -0.0193023 1 0 0 0 0 0 0 0
225 1 0.1 6.11654 1.41588 0.398861 0.000108002 0.00328573 -0.00257795 -0.0744844 -0.0092955 -0.0936565 1 0 0 0 0 0 0 0
226 1 0.1 5.95279 2.12165 0.137409 0.019299 -0.00414972 0.00073921 0.0251471 0.193823 0.0332352 1 0 0 0 0 0 0 0
227 1 0.1 5.9553 1.61704 0.304152 -0.126703 0.171123 -0.000902232 0.0691784 2.5985e-05 2.22323 1 0 0 0 0 0 0 0
228 1 0.1 5.89389 2.66792 0.137409 0.0389637 0.00357541 0.00136381 -0.122953 0.427909 0.108224 1 0 0 0 0 0 0 0
229 1 0.1 5.4584 2.97414 0.136908 0.000645613 -0.00857768 0.00285826 0.0658297 0.0182438 -0.0338911 1 0 0 0 0 0 0 0
230 1 0.1 5.8812 3.25587 0.290142 -0.00760038 0.00776597 0.0080897 -0.17909 -0.188268 0.214596 1 0 0 0 0 0 0 0
231 1 0.1 5.77543 2.41245 0.309904 0.0338325 -0.0122589 0.0356104 -0.145788 0.248592 0.0974285 1 0 0 0 0 0 0 0
232 1 0.1 5.58954 2.47791 0.278193 0.0443608 0.017044 0.00854202 0.601954 -0.699641 -0.321665 1 0 0 0 0 0 0 0
233 1 0.1 5.82379 2.73636 0.31158 0.090704 0.00234325 0.0244334 0.361211 -0.0349809 -0.658471 1 0 0 0 0 0 0 0
234 1 0.1 5.62396 2.73955 0.309038 0.0869588 0.0210025 0.0247941 0.178657 0.0363469 0.484647 1 0 0 0 0 0 0 0
235 1 0.1 5.72201 2.91169 0.282797 0.0533615 0.0335347 -0.0252124 -0.295402 0.36915 0.859644 1 0 0 0 0 0 0 0
236 1 0.1 5.56695 3.06138 0.577113 0.0207733 -0.0106086 0.00651346 -0.164593 0.186618 -0.147242 1 0 0 0 0 0 0 0
237 1 0.1 5.28886 2.89874 0.442914 0.0350109 0.0542137 0.0534852 1.11039 -0.232008 -0.832946 1 0 0 0 0 0 0 0
238 1 0.1 5.19321 3.05776 0.321773 0.0644178 0.004446 0.00411726 -0.794654 0.496218 -1.99682 1 0 0 0 0 0 0 0
239 1 0.1 5.36484 3.08768 0.419776 0.0658683 -0.126168 0.0444962 -0.245983 -1.13416 -0.119641 1 0 0 0 0 0 0 0
240 1 0.1 5.56328 3.0324 0.295661 0.00973551 -0.0247678 -0.0018552 0.0984394 0.0789615 0.0208784 1 0 0 0 0 0 0 0
241 1 0.1 5.50051 3.25105 0.578182 -0.0479395 -0.050727 0.00113437 0.070141 -0.0623299 0.220632 1 0 0 0 0 0 0 0
242 1 0.1 5.52851 3.20639 0.385729 -0.0192864 -0.0372312 0.00380847 -0.00317891 -0.11941 0.274935 1 0 0 0 0 0 0 0
243 1 0.1 5.55367 3.39383 0.449089 -0.0296576 -0.0416348 0.009206 0.0328651 -0.0686138 -0.237388 1 0 0 0 0 0 0 0
244 1 0.1 5.76658 3.63806 0.32786 0.0083414 -0.00477508 -0.00907821 -0.00699912 -0.0508836 0.132253 1 0 0 0 0 0 0 0
245 1 0.1 5.70387 3.16944 0.257645 0.00167293 -0.0126507 0.00158646 -0.0288248 0.04432 -0.0700777 1 0 0 0 0 0 0 0
246 1 0.1 5.76435 3.43484 0.31846 0.0160437 -0.0161409 -0.0073089 -0.418495 -0.0436553 -0.127046 1 0 0 0 0 0 0 0
247 1 0.1 5.98769 4.40699 0.41437 0.0697077 -0.00461782 -0.0382001 -0.483592 -0.130797 -0.300323 1 0 0 0 0 0 0 0
248 1 0.1 6.13431 4.54209 0.401872 0.0648184 0.00775686 0.0173234 0.475261 -0.640025 0.457705 1 0 0 0 0 0 0 0
249 1 0.1 6.17056 4.73832 0.391474 0.000667155 0.021487 0.0468871 -0.418555 -0.669609 0.26648 1 0 0 0 0 0 0 0
250 1 0.1 6.00881 1.01375 0.52221 -0.000549459 0.000716903 0.000304109 -0.00055626 -0.00083981 0.00252764 1 0 0 0 0 0 0 0
251 1 0.1 5.84964 1.17203 0.549935 -0.00132035 0.00190477 -0.000725487 -0.00770367 -0.00139032 0.023152 1 0 0 0 0 0 0 0
252 1 0.1 5.71203 1.31539 0.528124 -0.00132449 0.00285193 -0.00153893 -0.0168889 0.00563535 0.0275744 1 0 0 0 0 0 0 0
253 1 0.1 5.45024 1.56899 0.546861 -0.00736735 0.00296619 0.00756756 -0.113523 -0.205266 -0.121962 1 0 0 0 0 0 0 0
254 1 0.1 5.31077 1.71128 0.561981 -0.00924968 0.00352103 -0.0124217 -0.0719182 0.119246 0.0877917 1 0 0 0 0 0 0 0
255 1 0.1 5.16828 1.8507 0.549941 -0.00357079 0.0108836 -0.000501073 0.054322 0.0676682 -0.185799 1 0 0 0 0 0 0 0
256 1 0.1 5.03066 1.99272 0.523088 -0.0114542 0.00692252 0.00932056 0.131938 -0.0684716 0.211366 1 0 0 0 0 0 0 0
257 1 0.1 4.89797 2.13353 0.563182 0.0332042 0.0295124 0.0626353 -0.0839406 0.788842 -0.0669607 1 0 0 0 0 0 0 0
258 1 0.1 4.74842 2.27186 0.551053 -0.0457081 0.0292431 -0.0102873 0.015605 -0.00149902 -0.00243467 1 0 0 0 0 0 0 0
259 1 0.1 4.7924 2.61938 0.617698 -0.0654109 -0.0160363 -0.0510539 -2.20996 0.141782 -0.828902 1 0 0 0 0 0 0 0
260 1 0.1 4.63885 2.58096 0.504556 -0.0323379 -0.0159646 -0.0417628 0.383869 -0.0493946 -0.619462 1 0 0 0 0 0 0 0
261 1 0.1 4.37582 2.81044 0.473889 0.0331585 -0.161418 0.0533451 -0.517459 -0.292667 5.11307 1 0 0 0 0 0 0 0
262 1 0.1 4.19192 2.84024 0.54215 -0.0195877 -0.33445 0.0148295 1.09694 -0.164883 -3.89071 1 0 0 0 0 0 0 0
263 1 0.1 4.19449 3.07739 0.48657 0.0563328 -0.226436 0.0331803 3.42216 0.172693 -2.45066 1 0 0 0 0 0 0 0
264 1 0.1 4.27195 3.24381 0.565961 -0.150587 -0.156064 0.0975804 -0.966146 -0.405427 -2.13513 1 0 0 0 0 0 0 0
265 1 0.1 4.52805 3.50664 0.590354 0.0142224 0.019179 -0.101524 1.0932 0.955423 -0.0635916 1 0 0 0 0 0 0 0
266 1 0.1 4.66056 3.63625 0.521964 0.014878 0.0464312 -0.0319859 0.208698 -0.374011 -0.20097 1 0 0 0 0 0 0 0
267 1 0.1 4.79435 3.7791 0.546294 0.0214805 0.0298947 0.00200071 0.14982 1.17824 -0.596336 1 0 0 0 0 0 0 0
268 1 0.1 4.96424 3.94587 0.539757 -0.000577484 0.00435993 -0.0497165 0.491691 0.792628 0.757479 1 0 0 0 0 0 0 0
269 1 0.1 5.1244 4.09593 0.574182 -0.000434617 -0.00413553 -0.0068071 -0.282481 -0.61521 0.225606 1 0 0 0 0 0 0 0
270 1 0.1 5.2616 4.23495 0.536852 -0.00400852 0.000355134 0.00679498 -0.0079462 -0.0437575 -0.0139613 1 0 0 0 0 0 0 0
271 1 0.1 5.40363 4.37488 0.532884 0.00173732 -0.00503236 0.000731808 -0.039011 0.0744627 -0.044449 1 0 0 0 0 0 0 0
272 1 0.1 5.54191 4.51499 0.56277 -0.000771297 -0.00126693 0.00149034 0.0577322 -0.064927 0.101997 1 0 0 0 0 0 0 0
273 1 0.1 5.6831 4.65645 0.561684 -0.000801354 -0.000513486 -0.00116514 -0.00196524 0.0146459 -0.00199151 1 0 0 0 0 0 0 0
274 1 0.1 5.8445 4.82112 0.551841 -0.0021127 -0.00135391 -0.000856498 -0.0146125 0.0200133 -0.0252663 1 0 0 0 0 0 0 0
275 1 0.1 6.1497 0.871987 0.527663 -0.000342483 0.00110466 0.000472511 0.00167745 -0.003466 0.00704341 1 0 0 0 0 0 0 0
276 1 0.1 5.86429 1.42443 0.59718 0.000786643 0.00147569 -0.00235262 -0.0385777 -0.0455467 -0.0982267 1 0 0 0 0 0 0 0
277 1 0.1 5.70316 1.50565 0.467233 -0.0120216 0.00161885 -0.000272592 0.0161569 0.0183182 0.18915 1 0 0 0 0 0 0 0
278 1 0.1 5.57881 1.66991 0.427054 0.0118339 -0.00443843 -0.00532235 -0.0469049 0.0668547 -0.019053 1 0 0 0 0 0 0 0
279 1 0.1 5.51377 1.78031 0.580149 0.0163335 -0.00428611 -0.00315919 0.0244861 0.0341058 0.0755548 1 0 0 0 0 0 0 0
280 1 0.1 5.3444 1.92359 0.609858 0.00593151 -0.0141148 0.00123677 0.0462946 -0.0504484 -0.0589241 1 0 0 0 0 0 0 0
281 1 0.1 5.21858 2.02788 0.464644 -0.0147487 0.0155945 -0.00175245 0.307441 0.0792118 0.120677 1 0 0 0 0 0 0 0
282 1 0.1 5.15817 2.07063 0.655378 -0.00207869 0.0109393 0.00406281 -0.181282 -0.115581 -0.0789395 1 0 0 0 0 0 0 0
283 1 0.1 5.0035 2.29697 0.598646 0.0424761 0.0352894 -0.0118966 -0.431223 -0.0854778 -1.04381 1 0 0 0 0 0 0 0
284 1 0.1 4.98214 2.67261 0.564728 -0.0468337 -0.0226202 0.000828218 -0.114398 0.296475 1.86894 1 0 0 0 0 0 0 0
285 1 0.1 4.44985 2.56657 0.739974 0.0369898 -0.024364 -0.0313977 -0.514458 -0.227992 -0.953371 1 0 0 0 0 0 0 0
286 1 0.1 4.55971 2.69775 0.644693 0.0806307 -0.0182782 0.0113425 -0.323661 -0.23271 1.42437 1 0 0 0 0 0 0 0
287 1 0.1 4.54979 3.02652 0.693197 0.0543716 0.124202 0.0359222 4.43676 -0.428084 0.315007 1 0 0 0 0 0 0 0
288 1 0.1 4.41966 3.00543 0.47123 -0.0260993 -0.151668 -0.0749767 2.32877 1.0681 1.06016 1 0 0 0 0 0 0 0
289 1 0.1 4.68004 3.38431 0.545937 0.0894118 0.045875 -0.104002 0.449906 0.415751 0.47087 1 0 0 0 0 0 0 0
290 1 0.1 4.79743 3.43845 0.401648 0.0343713 0.114698 -0.0913211 0.759012 0.234619 -0.795934 1 0 0 0 0 0 0 0
291 1 0.1 4.98341 3.53753 0.638863 -0.00728593 0.0671058 0.038853 -0.746294 -0.659846 0.38242 1 0 0 0 0 0 0 0
292 1 0.1 5.14816 3.63989 0.592817 0.0163959 -0.0119368 -0.0405624 -0.207632 0.78478 -0.656046 1 0 0 0 0 0 0 0
293 1 0.1 5.09519 3.80355 0.49197 0.0596924 0.0435157 0.00242002 0.799185 -0.839779 0.12317 1 0 0 0 0 0 0 0
294 1 0.1 5.2813 3.97891 0.538409 0.0155771 0.0130812 -0.0385305 0.425249 0.537705 0.161129 1 0 0 0 0 0 0 0
295 1 0.1 5.43876 4.15874 0.587533 0.0154859 0.0360434 -0.00962386 0.225834 0.0252216 0.269053 1 0 0 0 0 0 0 0
296 1 0.1 5.58074 4.2994 0.586645 0.0225427 0.0295481 -0.0208717 0.00744705 0.0962676 -0.00622283 1 0 0 0 0 0 0 0
297 1 0.1 5.7255 4.43612 0.556582 -0.0306555 -0.0788641 0.101002 0.589057 -1.24998 -1.0269 1 0 0 0 0 0 0 0
298 1 0.1 5.83576 4.57824 0.459017 -0.00891638 -0.000392632 -0.0138619 -0.0222357 0.161094 0.0233708 1 0 0 0 0 0 0 0
299 1 0.1 6.12789 5.09622 0.585774 -0.0014679 -0.00221141 0.00266258 -0.0540839 0.0236598 -0.0334632 1 0 0 0 0 0 0 0
300 1 0.1 6.2872 0.728546 0.550012 -0.00042495 0.00106941 0.000337639 0.000281489 -0.00176512 0.00964835 1 0 0 0 0 0 0 0
301 1 0.1 6.00386 1.29746 0.530891 -0.0038131 0.00373883 -0.00875184 -0.11237 0.00442446 0.0210163 1 0 0 0 0 0 0 0
302 1 0.1 5.91272 1.59069 0.49768 -0.013979 0.00944292 0.00251347 0.131343 0.132834 0.244065 1 0 0 0 0 0 0 0
303 1 0.1 5.82652 1.73234 0.608662 -0.0328638 -0.0102433 0.00901063 0.211368 -0.557955 -0.293401 1 0 0 0 0 0 0 0
304 1 0.1 5.69105 1.87237 0.565873 0.0210044 0.0315368 -0.0142735 0.414475 -0.297844 -0.199005 1 0 0 0 0 0 0 0
305 1 0.1 5.61747 2.07004 0.57975 -0.000676584 0.0206666 0.00832806 0.251125 0.0192779 -0.0890859 1 0 0 0 0 0 0 0
306 1 0.1 5.35435 2.2939 0.493698 0.00871038 -0.0113375 0.00536621 0.072466 -0.320085 0.292172 1 0 0 0 0 0 0 0
307 1 0.1 5.19176 2.33976 0.645835 0.0492295 -0.023597 0.000577451 0.121719 -0.0441674 0.267672 1 0 0 0 0 0 0 0
308 1 0.1 5.23506 2.52943 0.298531 -0.0251931 -0.00443751 0.0101217 0.142799 0.184751 0.240398 1 0 0 0 0 0 0 0
309 1 0.1 4.91034 2.46741 0.592733 -0.00277427 0.00777946 0.0301566 0.85453 0.269484 1.51562 1 0 0 0 0 0 0 0
310 1 0.1 5.17676 2.73367 0.583738 -0.0430132 0.07495 -0.00568868 0.307512 -0.316478 0.217734 1 0 0 0 0 0 0 0
311 1 0.1 4.67012 2.84799 0.57492 0.000170114 0.0425177 -0.0195975 0.835039 1.44248 -0.776412 1 0 0 0 0 0 0 0
312 1 0.1 4.60649 2.96519 0.426463 0.0677117 0.136876 0.0253667 0.66833 -2.89461 1.26633 1 0 0 0 0 0 0 0
313 1 0.1 4.78722 3.23271 0.478602 0.130657 0.0357442 -0.0577191 -0.126819 -1.24466 0.520165 1 0 0 0 0 0 0 0
314 1 0.1 4.96758 3.16551 0.42708 0.0992855 -0.0605812 -0.0646962 3.02864 0.110963 -2.50113 1 0 0 0 0 0 0 0
315 1 0.1 5.05212 3.28745 0.56179 0.00756571 -0.104202 -0.0493335 0.461091 1.79347 -1.38358 1 0 0 0 0 0 0 0
316 1 0.1 5.1924 3.40927 0.402543 0.0228758 0.0411381 -0.0157735 0.427641 0.14045 -0.45194 1 0 0 0 0 0 0 0
317 1 0.1 5.35278 3.62568 0.603942 0.0377015 0.0408724 -0.0181867 -0.0455313 -0.336741 -0.462957 1 0 0 0 0 0 0 0
318 1 0.1 5.41648 3.7629 0.469694 0.0664276 -0.00668725 0.0261815 0.177088 0.0695276 -0.245666 1 0 0 0 0 0 0 0
319 1 0.1 5.49197 3.9678 0.570376 0.0101312 0.0368153 0.0058267 -0.840688 0.616006 -0.355544 1 0 0 0 0 0 0 0
320 1 0.1 5.63437 4.10255 0.538615 0.0188868 0.0192893 -0.0450126 1.06469 0.0506264 0.128036 1 0 0 0 0 0 0 0
321 1 0.1 5.89775 4.0995 0.610032 0.0232876 0.00967011 -0.00670053 0.177674 0.256728 -0.0881657 1 0 0 0 0 0 0 0
322 1 0.1 5.87135 4.30056 0.537142 0.044822 0.034135 -0.0223133 -0.0606158 -0.12785 0.168023 1 0 0 0 0 0 0 0
323 1 0.1 5.97725 4.71871 0.44319 -0.00351234 -0.000157945 -0.00190803 0.179133 -0.124129 -0.0969859 1 0 0 0 0 0 0 0
324 1 0.1 6.26294 5.23925 0.549932 -0.00154172 -0.00247048 -0.00104824 0.0304963 -0.00979895 -7.35598e-05 1 0 0 0 0 0 0 0
325 1 0.1 6.26852 1.01302 0.450377 -0.00109588 0.00257611 0.00109527 0.00204027 0.0019768 0.00545663 1 0 0 0 0 0 0 0
326 1 0.1 6.14624 1.15855 0.51234 -0.00204259 0.00258071 0.000689881 -0.00925194 -0.0182026 0.00361619 1 0 0 0 0 0 0 0
327 1 0.1 5.85578 1.92316 0.464634 -0.0666366 0.092304 -0.132758 -0.026492 1.75441 0.742723 1 0 0 0 0 0 0 0
328 1 0.1 5.87807 2.2786 0.59027 -0.0204337 0.0266571 0.00286978 -0.173829 -0.0409942 -0.0491147 1 0 0 0 0 0 0 0
329 1 0.1 5.81578 2.09003 0.567276 0.00455497 0.0187331 0.00127042 0.206911 0.118939 0.0362427 1 0 0 0 0 0 0 0
330 1 0.1 5.50411 2.24602 0.616762 0.0102874 0.0127791 -5.2965e-05 0.0392111 -0.100901 -0.170106 1 0 0 0 0 0 0 0
331 1 0.1 5.69634 2.2334 0.495423 -0.0930819 -0.0742782 -0.0061579 -0.160965 0.0712231 -0.948302 1 0 0 0 0 0 0 0
332 1 0.1 5.86325 2.50332 0.594634 -0.0503293 0.0750896 0.157318 -0.130096 -1.21774 0.465607 1 0 0 0 0 0 0 0
333 1 0.1 5.7142 2.58302 0.394078 0.0640106 0.00684975 0.0226751 0.0606129 -0.42368 -0.545227 1 0 0 0 0 0 0 0
334 1 0.1 5.49477 2.59621 0.572289 -0.0292273 -0.000697945 -0.0394983 -0.0408882 -0.03987 -0.0611115 1 0 0 0 0 0 0 0
335 1 0.1 5.31286 2.60849 0.481891 -0.0586156 0.0232447 0.0421996 -0.0734846 -0.261409 0.14824 1 0 0 0 0 0 0 0
336 1 0.1 5.43282 2.76809 0.489242 -0.0298332 -0.00759126 0.085113 -0.15027 -0.78102 -0.656797 1 0 0 0 0 0 0 0
337 1 0.1 4.8326 2.96226 0.59304 0.00571875 0.0557802 -0.0437358 0.890859 0.0697258 1.03203 1 0 0 0 0 0 0 0
338 1 0.1 5.09555 2.90027 0.395696 0.0429198 0.0387828 0.0520447 0.600678 0.157949 1.43387 1 0 0 0 0 0 0 0
339 1 0.1 5.19511 3.16685 0.49057 0.0687583 -0.0418018 -0.0366307 1.26885 -1.59657 -0.449919 1 0 0 0 0 0 0 0
340 1 0.1 5.35133 3.29023 0.425092 -0.0278821 -0.0331029 -0.0357651 0.344047 -0.477906 -0.36062 1 0 0 0 0 0 0 0
341 1 0.1 5.43963 3.44166 0.605757 -0.00992954 0.00236763 0.00367779 -0.216946 0.113275 -0.297573 1 0 0 0 0 0 0 0
342 1 0.1 5.46048 3.56989 0.448211 0.0373885 -0.0062515 0.00519183 0.160079 -0.0713094 -0.581889 1 0 0 0 0 0 0 0
343 1 0.1 5.59274 3.72294 0.384409 0.0451427 -0.0223374 0.00150265 -0.115149 0.275354 0.075395 1 0 0 0 0 0 0 0
344 1 0.1 5.77562 3.71752 0.581918 0.075402 -0.00161436 -0.0154545 -0.215037 -0.0521353 -0.583265 1 0 0 0 0 0 0 0
345 1 0.1 5.79504 3.38405 0.762705 -0.0195373 -0.00812639 0.00186601 -0.0784298 0.199695 -0.253286 1 0 0 0 0 0 0 0
346 1 0.1 5.86642 3.89535 0.593989 0.0221008 0.015535 0.00425483 -0.125454 -0.0470356 0.219936 1 0 0 0 0 0 0 0
347 1 0.1 6.06661 3.95608 0.593847 -0.0150139 -0.0104561 -0.016631 0.0353688 0.430524 -0.619157 1 0 0 0 0 0 0 0
348 1 0.1 5.98672 4.96134 0.542925 -0.00264775 -0.000214936 0.00517815 0.0161857 -0.0316485 -0.000196575 1 0 0 0 0 0 0 0
349 1 0.1 6.18438 4.91834 0.514485 -0.00695065 -0.00287712 -5.69552e-05 0.0729785 -0.0344101 -0.0174689 1 0 0 0 0 0 0 0
350 1 0.1 6.33138 1.19314 0.579412 -0.00450372 0.0065371 0.00349225 0.027801 -0.00610959 0.0331995 1 0 0 0 0 0 0 0
351 1 0.1 6.21068 1.35196 0.56594 -0.007562 0.00473602 0.00202794 -0.0073909 -0.045999 0.00617188 1 0 0 0 0 0 0 0
352 1 0.1 6.0603 1.48299 0.578563 -0.00596663 0.00750543 -0.00750198 0.0780804 -0.141108 -0.048653 1 0 0 0 0 0 0 0
353 1 0.1 5.95716 1.9961 0.760952 -0.0101967 0.0284609 -0.0114786 -0.184431 0.0517183 0.151323 1 0 0 0 0 0 0 0
354 1 0.1 5.89605 2.86898 0.137492 0.0484921 0.0172485 0.000254221 0.196277 -0.48077 0.151944 1 0 0 0 0 0 0 0
355 1 0.1 5.80626 3.04759 0.137294 -0.00103324 -0.0082787 -0.000666899 0.0725397 -0.022177 0.06947 1 0 0 0 0 0 0 0
356 1 0.1 5.5774 2.70221 0.720451 -0.0198561 0.00288662 -0.044208 -0.265524 0.334281 0.00789114 1 0 0 0 0 0 0 0
357 1 0.1 5.79095 2.8521 0.471122 0.0402205 -0.0438081 0.0515145 0.431224 -1.23461 -0.191542 1 0 0 0 0 0 0 0
358 1 0.1 5.26424 2.72084 0.76268 -0.0349359 0.0271531 -0.00393266 0.267743 0.361094 -0.108056 1 0 0 0 0 0 0 0
359 1 0.1 5.63879 2.72494 0.521542 0.0143306 -0.0396727 -0.0236501 0.135125 -0.0955286 -0.540603 1 0 0 0 0 0 0 0
360 1 0.1 5.83315 3.00379 0.594385 -0.00886916 -0.0411564 0.0714413 -0.646088 -0.823224 -0.440766 1 0 0 0 0 0 0 0
361 1 0.1 5.66769 2.8951 0.622426 -0.0231996 -0.0418209 -0.00311006 0.0769493 0.188646 -0.489192 1 0 0 0 0 0 0 0
362 1 0.1 5.40779 2.94324 0.596051 0.0686118 -0.0573376 0.0565015 0.410735 0.739236 0.88639 1 0 0 0 0 0 0 0
363 1 0.1 5.19265 2.93014 0.614996 -0.0478255 0.0793495 0.0066404 -0.190118 0.330853 -0.183828 1 0 0 0 0 0 0 0
364 1 0.1 5.50826 3.01829 0.762756 0.016384 0.00499654 0.00329093 0.0491087 -0.180844 -0.0552076 1 0 0 0 0 0 0 0
365 1 0.1 5.34508 3.13167 0.617092 -0.0194874 -0.0813693 0.0593082 -0.806273 0.199853 0.29555 1 0 0 0 0 0 0 0
366 1 0.1 5.72926 3.17441 0.602727 0.0218331 -0.0157311 -0.00674134 0.237802 0.0905978 0.0988444 1 0 0 0 0 0 0 0
367 1 0.1 5.56948 3.2188 0.762694 -0.023979 -0.0242756 -0.00126604 -0.249246 0.244974 0.0627816 1 0 0 0 0 0 0 0
368 1 0.1 5.60949 3.55214 0.580261 0.0252632 -0.000216513 0.0154172 -0.0463522 0.257323 -1.01843 1 0 0 0 0 0 0 0
369 1 0.1 5.90973 3.6135 0.476571 0.0498008 -0.0617784 0.015241 -0.00010365 -0.223892 -0.143584 1 0 0 0 0 0 0 0
370 1 0.1 5.68886 3.36954 0.594221 -0.0296801 -0.0246322 0.0132838 -0.0307086 -0.0492777 0.418396 1 0 0 0 0 0 0 0
371 1 0.1 5.73637 3.26948 0.427353 -0.0142858 -0.00471085 -6.48395e-05 -0.0377102 0.0109043 0.409041 1 0 0 0 0 0 0 0
372 1 0.1 5.97307 4.02891 0.4329 -0.00877751 0.0134369 -0.00910248 -0.0530915 -0.258781 0.0671006 1 0 0 0 0 0 0 0
373 1 0.1 6.04628 4.55735 0.580788 -0.00816216 -0.00393351 -0.0180883 -0.024074 0.186693 -0.108133 1 0 0 0 0 0 0 0
374 1 0.1 6.11463 4.74516 0.586013 -0.00221387 -0.00620806 -0.000608037 -0.119546 0.129261 0.062832 1 0 0 0 0 0 0 0
375 1 0.1 6.11576 0.908033 0.750426 3.41681e-05 0.000209458 0.00021858 0.00304769 -0.00242205 0.00553412 1 0 0 0 0 0 0 0
376 1 0.1 5.84111 1.18628 0.762472 0.000451637 -0.000300432 0.000925565 0.0063497 -0.00561159 -0.00763449 1 0 0 0 0 0 0 0
377 1 0.1 5.69835 1.3252 0.750079 0.000675789 -0.00112048 0.000735355 4.36741e-05 -0.00572023 0.00466762 1 0 0 0 0 0 0 0
378 1 0.1 5.55726 1.46621 0.74918 0.00166596 -0.00257079 0.000923262 0.00826981 -0.000797082 -0.00735078 1 0 0 0 0 0 0 0
379 1 0.1 5.4722 1.64572 0.762565 0.00982009 -0.00334877 -0.000536754 -0.00721266 -0.0487548 -0.0599703 1 0 0 0 0 0 0 0
380 1 0.1 5.2917 1.73027 0.761109 0.00879412 -0.0137815 -0.000231331 -0.0235058 -0.0081724 -0.15933 1 0 0 0 0 0 0 0
381 1 0.1 5.12627 1.89779 0.750738 -0.0136188 0.0146707 0.00568168 0.0766752 -0.00605325 0.191675 1 0 0 0 0 0 0 0
382 1 0.1 4.98139 2.04441 0.756389 -0.0785039 0.061888 -0.0343621 -0.0393256 0.499821 0.962582 1 0 0 0 0 0 0 0
383 1 0.1 4.73165 2.28405 0.749954 0.0225628 -0.0372985 -0.000970591 -0.0477627 -0.0325375 -0.0447542 1 0 0 0 0 0 0 0
384 1 0.1 4.59018 2.42528 0.749699 0.0255638 -0.0376655 -0.0103572 -0.0188469 0.160539 -0.0842379 1 0 0 0 0 0 0 0
385 1 0.1 4.39095 2.62967 0.557219 0.219926 -0.123204 0.0924029 0.189677 -1.40117 -2.31145 1 0 0 0 0 0 0 0
386 1 0.1 4.19142 2.88653 0.756373 0.0570646 -0.212245 0.0824712 -1.63428 -1.15037 -1.81464 1 0 0 0 0 0 0 0
387 1 0.1 4.29566 2.98458 0.617527 0.108458 -0.416932 -0.0155696 -1.49728 0.132101 2.12208 1 0 0 0 0 0 0 0
388 1 0.1 4.19413 3.13687 0.74606 -0.0242855 -0.346775 0.00346603 0.215606 -0.0496511 -3.51997 1 0 0 0 0 0 0 0
389 1 0.1 4.59895 3.38562 0.721625 0.0736423 0.0541422 -0.138292 -1.03715 -0.666525 0.555481 1 0 0 0 0 0 0 0
390 1 0.1 4.6215 3.57511 0.764324 -0.00301614 0.034205 -0.000798515 0.776513 -0.289243 0.369512 1 0 0 0 0 0 0 0
391 1 0.1 4.74861 3.72863 0.750024 0.0234851 0.0164903 0.00700501 -0.0238666 0.00320843 0.00891075 1 0 0 0 0 0 0 0
392 1 0.1 4.94195 3.80605 0.657607 0.120658 -0.0411122 -0.123968 0.288009 0.177943 0.0834977 1 0 0 0 0 0 0 0
393 1 0.1 5.00626 3.98659 0.749241 0.0191441 0.0270856 -0.000415123 0.0165352 -0.00487472 0.342435 1 0 0 0 0 0 0 0
394 1 0.1 5.15772 4.1356 0.764089 -0.0369863 0.0170146 -0.00211169 0.158047 0.351424 -0.0503932 1 0 0 0 0 0 0 0
395 1 0.1 5.29608 4.28024 0.749614 -0.00485748 -0.00480511 -0.00361265 0.0314788 0.0211427 -0.121931 1 0 0 0 0 0 0 0
396 1 0.1 5.43773 4.42137 0.749984 -0.00180748 -0.00363398 0.000203138 0.00415977 -0.00408585 -0.0258886 1 0 0 0 0 0 0 0
397 1 0.1 5.58304 4.56796 0.750815 0.000860897 0.00111602 0.00160738 0.0679415 -0.119124 -0.0446851 1 0 0 0 0 0 0 0
398 1 0.1 5.72446 4.7087 0.753569 0.00221214 -0.000614638 0.00809275 -0.103786 0.000819163 0.0304783 1 0 0 0 0 0 0 0
399 1 0.1 5.8653 4.8505 0.75005 0.00249341 0.00118118 -0.00109461 0.0114306 0.00640796 0.0305353 1 0 0 0 0 0 0 0
400 1 0.1 6.25801 0.767782 0.75586 3.48799e-06 0.000173184 0.000147026 0.00306913 0.000384731 0.00183015 1 0 0 0 0 0 0 0
401 1 0.1 5.9806 1.05112 0.716547 0.000115315 5.39475e-05 0.000475438 0.00406318 0.00196714 0.00291035 1 0 0 0 0 0 0 0
402 1 0.1 5.74805 1.52456 0.762516 0.00215106 -0.0042038 -0.000217011 -0.0424815 -0.0222947 -0.125933 1 0 0 0 0 0 0 0
403 1 0.1 5.6309 1.60745 0.623291 -0.00424264 -0.00278619 0.00513507 -0.0520661 0.195001 -0.0134349 1 0 0 0 0 0 0 0
404 1 0.1 5.6422 1.75036 0.762601 0.00718704 0.00120487 -0.000467202 -0.0138503 0.000855851 0.0708252 1 0 0 0 0 0 0 0
405 1 0.1 5.4555 1.84388 0.760169 0.00638815 -0.00881281 -0.0039899 -0.0158798 -0.089214 0.0647318 1 0 0 0 0 0 0 0
406 1 0.1 5.40591 2.03643 0.762914 0.00655892 -0.0140988 0.00127316 -0.109 -0.0585566 -0.108316 1 0 0 0 0 0 0 0
407 1 0.1 5.34136 2.12321 0.595589 0.0124052 -0.027893 -0.000546168 -0.0650876 0.0731518 -0.187552 1 0 0 0 0 0 0 0
408 1 0.1 5.0792 2.21869 0.763735 -0.00194159 0.0172843 0.000313574 0.161069 -0.0156547 -0.0488785 1 0 0 0 0 0 0 0
409 1 0.1 4.78037 2.48346 0.762925 0.0216974 -0.00157804 -0.00740856 -0.0676672 -0.233569 0.423111 1 0 0 0 0 0 0 0
410 1 0.1 4.3007 2.71924 0.751438 0.125605 -0.165994 0.0341877 0.279035 0.0206561 -0.230143 1 0 0 0 0 0 0 0
411 1 0.1 4.4829 2.84854 0.745694 -0.00914149 0.0807534 -0.221131 -1.81919 -0.51835 -0.77816 1 0 0 0 0 0 0 0
412 1 0.1 4.37303 3.04605 0.771488 0.014313 -0.085707 -0.0252283 -0.889086 -0.608674 0.5229 1 0 0 0 0 0 0 0
413 1 0.1 4.54526 3.20992 0.764978 0.119602 0.124402 0.0126151 -0.994251 -0.424863 0.129081 1 0 0 0 0 0 0 0
414 1 0.1 4.87639 3.38132 0.577716 0.0783204 0.0301023 -0.00854957 -0.0675517 -1.42869 -0.121527 1 0 0 0 0 0 0 0
415 1 0.1 4.78418 3.54837 0.651439 -0.00451197 0.0664219 -0.010081 -0.75704 -0.0535801 -0.240758 1 0 0 0 0 0 0 0
416 1 0.1 5.13628 3.54083 0.766973 0.0089078 0.0346329 0.0170733 0.597672 0.604509 -0.275313 1 0 0 0 0 0 0 0
417 1 0.1 5.04701 3.71522 0.767978 -0.0318692 0.00516394 0.000387216 -1.30284 -1.78496 -0.532266 1 0 0 0 0 0 0 0
418 1 0.1 5.17225 3.88081 0.718696 0.0257296 0.0483053 -0.0374992 0.27092 0.265781 -0.133906 1 0 0 0 0 0 0 0
419 1 0.1 5.35671 4.09146 0.762722 0.00587068 0.000387843 -0.000182497 -0.0936337 -0.0926656 -0.0413979 1 0 0 0 0 0 0 0
420 1 0.1 5.4997 4.23071 0.76296 -0.0037536 0.00863607 0.00310425 0.228739 -0.0269631 0.238303 1 0 0 0 0 0 0 0
421 1 0.1 5.63706 4.37591 0.762538 0.000664505 0.0016948 -0.00063401 0.0133526 -0.00990703 0.0464437 1 0 0 0 0 0 0 0
422 1 0.1 5.77672 4.51733 0.732099 0.018425 0.00330359 0.0151046 -0.00254297 0.0877852 0.00517766 1 0 0 0 0 0 0 0
423 1 0.1 5.89517 4.66124 0.660384 0.00713878 0.00364191 0.00024168 -0.0511025 0.108865 0.0460924 1 0 0 0 0 0 0 0
424 1 0.1 6.19159 5.16394 0.762561 6.15099e-05 0.000594814 0.000438523 0.0224717 0.00897892 -0.0155026 1 0 0 0 0 0 0 0
425 1 0.1 6.39833 0.625492 0.74999 2.25124e-05 6.31554e-06 1.0841e-05 0.000242642 -0.000375663 0.000202272 1 0 0 0 0 0 0 0
426 1 0.1 6.10466 1.20099 0.76251 -0.0133089 0.0116284 -2.29637e-06 -0.010983 0.00199896 0.180734 1 0 0 0 0 0 0 0
427 1 0.1 5.95076 1.35328 0.762592 -0.00217794 0.00174841 -0.000933317 -0.00210238 0.0438267 0.0355177 1 0 0 0 0 0 0 0
428 1 0.1 5.95442 1.7354 0.762583 0.00195513 0.00969394 -0.00191973 0.121934 0.0162021 -0.11957 1 0 0 0 0 0 0 0
429 1 0.1 5.80442 1.86719 0.76231 0.0039893 0.0126487 0.00113024 -0.0257931 -0.06655 0.0559646 1 0 0 0 0 0 0 0
430 1 0.1 5.62353 1.94781 0.737524 0.00274209 0.00191661 -0.00370917 -0.0216518 0.043369 0.0526353 1 0 0 0 0 0 0 0
431 1 0.1 5.58476 2.14118 0.763747 -0.00577331 0.00280002 0.00306711 0.0113051 0.0458958 0.024401 1 0 0 0 0 0 0 0
432 1 0.1 5.30571 2.22611 0.76289 0.0401158 -0.0256398 0.00163502 -0.0346553 -0.11501 -0.246239 1 0 0 0 0 0 0 0
433 1 0.1 5.35147 2.46367 0.614271 -0.0135821 -0.00482579 0.000929214 -0.166867 0.403242 0.162083 1 0 0 0 0 0 0 0
434 1 0.1 4.99948 2.41854 0.763214 0.0298445 0.00192014 0.00313927 0.0248862 -0.281635 0.0134792 1 0 0 0 0 0 0 0
435 1 0.1 4.96782 2.67969 0.762994 -0.00980775 -0.00395714 0.00230444 0.000165318 0.120743 -1.51751 1 0 0 0 0 0 0 0
436 1 0.1 4.71292 2.68063 0.770706 0.10323 0.0961312 0.000429826 1.32532 1.51117 -0.0811842 1 0 0 0 0 0 0 0
437 1 0.1 4.68406 3.08748 0.560307 0.056985 0.136605 0.0416596 -1.18018 1.35881 -2.09339 1 0 0 0 0 0 0 0
438 1 0.1 4.74226 3.19539 0.761772 0.111909 0.0588498 -0.0100473 -0.827022 -0.257671 -1.05196 1 0 0 0 0 0 0 0
439 1 0.1 4.79613 3.38591 0.763616 0.0627471 0.073854 -8.95435e-05 0.70752 -0.642599 1.51628 1 0 0 0 0 0 0 0
440 1 0.1 4.98315 3.31592 0.75406 -0.0785763 -0.296453 -0.0551912 0.516675 0.796719 -5.49036 1 0 0 0 0 0 0 0
441 1 0.1 5.24841 3.70013 0.754343 -0.00469333 0.0330377 -0.0518415 0.0923434 -0.214153 0.571995 1 0 0 0 0 0 0 0
442 1 0.1 5.35069 3.82748 0.645858 0.0408994 0.0448144 0.00491722 -0.913015 -0.691834 0.203622 1 0 0 0 0 0 0 0
443 1 0.1 5.4702 3.92845 0.76307 0.05125 0.0306053 0.00404505 0.827137 0.622646 -0.399275 1 0 0 0 0 0 0 0
444 1 0.1 5.6129 4.06624 0.752308 0.0364284 0.0403226 -0.00602146 -0.406849 0.611697 0.306625 1 0 0 0 0 0 0 0
445 1 0.1 5.7392 4.20046 0.677784 0.0176159 0.0305329 -0.0543542 0.156849 -0.106229 -0.320392 1 0 0 0 0 0 0 0
446 1 0.1 5.86914 4.34057 0.732754 0.0256035 0.00759663 -0.0167506 0.307855 0.0147234 0.167861 1 0 0 0 0 0 0 0
447 1 0.1 5.97883 4.50412 0.762708 0.0153631 0.00733708 0.000226674 -0.0738664 0.00537899 -0.0658553 1 0 0 0 0 0 0 0
448 1 0.1 6.06308 4.82358 0.762533 0.00396575 0.000177929 -0.00043388 0.0128288 -0.0150345 0.124876 1 0 0 0 0 0 0 0
449 1 0.1 6.33076 5.30695 0.749978 0.000170658 0.000169259 0.000176602 -0.00155062 -0.00114432 0.0063849 1 0 0 0 0 0 0 0
450 1 0.1 6.36628 0.889014 0.63936 -0.00111427 0.00170842 0.000415291 -0.0051191 -0.0200154 -0.0101606 1 0 0 0 0 0 0 0
451 1 0.1 6.22916 1.0344 0.645224 -0.00116226 0.00213709 0.000718794 0.0148919 0.0143482 0.0104638 1 0 0 0 0 0 0 0
452 1 0.1 6.14583 1.39665 0.760385 -0.0035024 0.00955729 -0.00888845 -0.0264821 0.0262674 0.0411969 1 0 0 0 0 0 0 0
453 1 0.1 6.01069 1.54393 0.762294 -0.00841215 0.00511745 -0.00665662 -0.0174069 0.0562924 0.0292763 1 0 0 0 0 0 0 0
454 1 0.1 5.77407 2.07681 0.762448 -0.00710291 0.0195068 -0.00638784 0.0194766 0.000417153 0.177337 1 0 0 0 0 0 0 0
455 1 0.1 5.67181 2.31454 0.70047 -0.000100196 0.00974842 0.00478646 -0.0126384 -0.0173085 0.151492 1 0 0 0 0 0 0 0
456 1 0.1 5.4455 2.36899 0.762705 0.00965188 0.00871018 -0.00253835 0.0554705 -0.13505 -0.0473677 1 0 0 0 0 0 0 0
457 1 0.1 5.54956 2.36554 0.464551 -0.0109972 0.0101867 -0.00894544 -0.0791495 0.133233 -0.242134 1 0 0 0 0 0 0 0
458 1 0.1 5.22364 2.49775 0.76352 0.00464313 -0.0100369 0.00183524 -0.0644763 -0.166627 0.147687 1 0 0 0 0 0 0 0
459 1 0.1 5.43475 2.56866 0.762537 -0.0176579 0.0081232 -0.0012125 0.00902221 -0.0027354 -0.0133981 1 0 0 0 0 0 0 0
460 1 0.1 5.10134 2.52114 0.609389 0.00930766 0.0292816 -0.00444017 -0.232685 0.204148 -1.20119 1 0 0 0 0 0 0 0
461 1 0.1 4.8386 2.82919 0.740526 0.110146 0.08624 -0.0263026 -0.303309 -0.0342693 -0.382929 1 0 0 0 0 0 0 0
462 1 0.1 4.73286 2.99594 0.762882 0.0637289 0.0577127 -0.000706464 0.694953 -0.0456263 0.902007 1 0 0 0 0 0 0 0
463 1 0.1 5.04829 3.06423 0.578186 0.0709495 -0.0407554 -0.0230328 -3.38478 0.510879 1.97813 1 0 0 0 0 0 0 0
464 1 0.1 4.89425 3.17409 0.636599 0.049803 -0.0667705 -0.0511086 1.02749 0.876336 -0.774344 1 0 0 0 0 0 0 0
465 1 0.1 5.24929 3.37957 0.591554 -0.0202447 0.071535 -0.0054364 -1.35922 -0.262956 -1.64565 1 0 0 0 0 0 0 0
466 1 0.1 5.47239 3.61134 0.762782 0.00369594 0.00737356 0.000988582 0.0699892 -0.0279664 -0.0524876 1 0 0 0 0 0 0 0
467 1 0.1 5.57868 3.74939 0.581521 0.0834491 0.0118674 -0.00473736 -0.232556 0.218144 0.43551 1 0 0 0 0 0 0 0
468 1 0.1 5.6256 3.80567 0.764771 0.0387871 0.00998403 0.00180365 0.289453 -0.625165 -0.184189 1 0 0 0 0 0 0 0
469 1 0.1 5.77023 3.94333 0.762542 0.0221131 0.0299124 -0.000292563 -0.174948 0.106895 -0.00488699 1 0 0 0 0 0 0 0
470 1 0.1 5.96469 3.98896 0.762593 0.0234982 0.0171796 -9.03671e-05 0.0862694 -0.129509 -0.136418 1 0 0 0 0 0 0 0
471 1 0.1 5.99344 4.18684 0.762503 0.029286 0.0150591 0.000622582 -0.152369 -0.44227 0.104335 1 0 0 0 0 0 0 0
472 1 0.1 6.03795 4.3633 0.628057 0.0410568 0.000278718 0.0072537 0.279982 -0.169082 -0.502736 1 0 0 0 0 0 0 0
473 1 0.1 6.04987 5.0228 0.761286 -0.00299613 -0.00136447 0.000185933 -0.00433158 -0.00107439 -0.0281147 1 0 0 0 0 0 0 0
474 1 0.1 6.22145 4.93392 0.710295 -0.00128073 0.00415931 -0.00231972 -0.123125 0.0982855 0.125335 1 0 0 0 0 0 0 0
475 1 0.1 6.37285 1.10874 0.762548 -0.000829043 0.00178102 0.000109153 0.0175807 0.00904162 0.0138021 1 0 0 0 0 0 0 0
476 1 0.1 6.32196 1.30213 0.762465 -0.00873914 -0.000360496 -0.00347175 -0.0395497 -0.0523121 -0.154605 1 0 0 0 0 0 0 0
477 1 0.1 5.97905 1.86411 0.611535 -0.272559 0.0651304 -0.00678163 0.103426 -0.277137 0.386128 1 0 0 0 0 0 0 0
478 1 0.1 5.93537 2.19484 0.762527 -0.0138107 0.0271771 0.000487801 0.286032 0.136395 -0.100336 1 0 0 0 0 0 0 0
479 1 0.1 5.8514 2.37632 0.762585 -0.00836883 0.0318269 0.000314812 0.111379 0.104473 0.134697 1 0 0 0 0 0 0 0
480 1 0.1 5.84824 3.18618 0.762661 0.0119704 -0.00510793 -0.000211438 -0.0622439 -0.135817 0.247473 1 0 0 0 0 0 0 0
481 1 0.1 5.80329 2.85364 0.762728 -0.0160561 -0.0400337 -0.00218783 -0.502539 -0.00915925 0.0925109 1 0 0 0 0 0 0 0
482 1 0.1 5.69646 2.50275 0.762697 -0.0299553 0.00859096 0.00131068 0.0550747 0.314951 0.242336 1 0 0 0 0 0 0 0
483 1 0.1 5.66573 2.49289 0.565596 -0.0214255 0.0100126 -0.00108387 0.0150037 -0.393699 0.173788 1 0 0 0 0 0 0 0
484 1 0.1 5.43067 2.83167 0.761262 -0.0203546 0.00545514 -0.0400839 -0.243967 0.0559535 -0.14796 1 0 0 0 0 0 0 0
485 1 0.1 5.31038 2.99121 0.763692 0.00942459 0.0308964 -0.00354343 0.540227 0.147594 -0.249974 1 0 0 0 0 0 0 0
486 1 0.1 5.06596 2.85373 0.762615 -0.0367397 0.00641764 0.00271044 0.056349 0.390732 1.46939 1 0 0 0 0 0 0 0
487 1 0.1 4.93279 3.0031 0.758851 0.0646448 0.114551 -0.0942277 -0.245613 0.531245 1.29497 1 0 0 0 0 0 0 0
488 1 0.1 5.1225 3.05534 0.762799 0.0542062 0.143177 -0.00309996 1.61625 -0.89397 -1.0131 1 0 0 0 0 0 0 0
489 1 0.1 5.17281 3.24235 0.7147 -0.0580459 0.19351 0.0965492 -1.26273 -1.67998 2.83215 1 0 0 0 0 0 0 0
490 1 0.1 5.37484 3.26473 0.762744 -0.0171844 -0.00973817 -0.000997765 -0.074407 0.161321 0.0290988 1 0 0 0 0 0 0 0
491 1 0.1 5.31732 3.45687 0.762675 0.00221168 0.0227402 0.0031074 0.213369 -0.0378794 -0.0383699 1 0 0 0 0 0 0 0
492 1 0.1 5.56306 3.42979 0.762537 -0.00173768 0.000459391 -0.00087762 -0.000305116 0.00301587 -0.00286905 1 0 0 0 0 0 0 0
493 1 0.1 5.70603 3.04585 0.757412 0.0194699 -0.013609 0.0096999 -0.108318 0.107538 -0.135314 1 0 0 0 0 0 0 0
494 1 0.1 5.67228 3.61 0.762504 0.0033569 -0.000479376 8.0648e-05 0.0312455 0.0332552 -0.0263117 1 0 0 0 0 0 0 0
495 1 0.1 5.85295 3.75366 0.762578 0.0413456 -0.00143939 -0.000408652 -0.0128623 -0.421299 0.0608429 1 0 0 0 0 0 0 0
496 1 0.1 5.84442 3.54471 0.654755 0.00216527 -0.0259117 -0.0110073 0.0554496 0.285109 -0.345996 1 0 0 0 0 0 0 0
497 1 0.1 6.03478 4.21749 0.457377 0.036548 -0.00309416 -0.00117858 0.0148705 -0.106032 -0.595282 1 0 0 0 0 0 0 0
498 1 0.1 6.12918 4.63521 0.759303 0.0146298 0.00555553 -0.00445794 0.0365789 0.0164639 0.0726217 1 0 0 0 0 0 0 0
499 1 0.1 6.2902 4.7536 0.762524 0.0112643 0.00998887 0.000141757 0.058593 -0.00505992 -0.00793332 1 0 0 0 0 0 0 0
