500
0 1 0.1 5.97545 1.04861 0.149404 -0.0332044 0.036674 -0.0122356 -0.23761 -0.13401 -0.502245 1 0 0 0 0 0 0 0
1 1 0.1 5.83399 1.18985 0.150482 -0.0392409 0.0346789 -0.0136293 0.0723971 0.279688 0.552693 1 0 0 0 0 0 0 0
2 1 0.1 5.68931 1.33663 0.142446 -0.000202159 -0.000648088 0.00294635 -0.00976112 -0.0392771 -0.0287306 1 0 0 0 0 0 0 0
3 1 0.1 5.35037 1.67512 0.14247 0.0453194 -0.0208248 -0.0919609 0.0350251 0.747495 -0.101417 1 0 0 0 0 0 0 0
4 1 0.1 5.45343 1.82348 0.291048 0.0102345 -0.018315 -0.000296354 -0.138982 -0.238129 -0.228132 1 0 0 0 0 0 0 0
5 1 0.1 5.1352 1.89246 0.136809 0.0103784 -0.00821641 -0.0155114 0.0472377 0.0773114 -0.00855345 1 0 0 0 0 0 0 0
6 1 0.1 4.99228 2.03467 0.161018 -0.0150725 0.0252549 -0.00902764 0.0490628 0.052098 0.158614 1 0 0 0 0 0 0 0
7 1 0.1 4.83119 2.19239 0.147117 0.0737441 -0.0564513 -0.0205276 0.0713769 0.408633 -0.85736 1 0 0 0 0 0 0 0
8 1 0.1 4.64702 2.72054 0.137554 0.0646701 0.0744608 -0.0134653 1.16784 -1.34437 1.02692 1 0 0 0 0 0 0 0
9 1 0.1 4.66662 2.53448 0.194398 0.0085105 0.0462521 -0.0551459 -0.567962 -0.803303 -0.925982 1 0 0 0 0 0 0 0
10 1 0.1 4.19247 2.8319 0.149878 0.00283939 0.0372081 0.00373543 0.00621569 -0.0365054 0.382055 1 0 0 0 0 0 0 0
11 1 0.1 4.19693 2.83596 0.369039 -0.0177332 0.0166509 0.00517494 0.000422457 -0.00458476 0.0261303 1 0 0 0 0 0 0 0
12 1 0.1 4.19321 3.03183 0.14809 0.000477759 0.0421586 0.0200762 -0.0395617 -0.118392 0.216419 1 0 0 0 0 0 0 0
13 1 0.1 4.25662 3.23115 0.208811 -0.0222277 0.000569477 0.00394282 0.586247 0.256869 -0.175867 1 0 0 0 0 0 0 0
14 1 0.1 4.3839 3.36635 0.140579 -0.0158134 -0.00818244 -0.00555095 0.09324 -0.0492767 -0.0332456 1 0 0 0 0 0 0 0
15 1 0.1 4.52633 3.50659 0.138022 -0.0149797 -0.00827804 0.00711169 -0.0321388 -0.0833849 -0.160464 1 0 0 0 0 0 0 0
16 1 0.1 4.68339 3.38289 0.13769 -0.226175 -0.277191 0.0048693 0.206851 -0.0257355 -3.2617 1 0 0 0 0 0 0 0
17 1 0.1 4.70878 3.59935 0.171472 0.0410991 -0.0162911 0.093188 -0.0752104 -0.315448 0.0303588 1 0 0 0 0 0 0 0
18 1 0.1 4.79294 3.76856 0.129686 -0.0117927 -0.014058 -0.000623244 -0.0257266 -0.879794 1.11664 1 0 0 0 0 0 0 0
19 1 0.1 4.93426 3.91389 0.14981 3.90059e-05 0.000204018 -0.00484166 0.0179091 0.0365535 0.0103596 1 0 0 0 0 0 0 0
20 1 0.1 5.07575 4.05489 0.148314 -0.000565915 0.00086862 -0.0026829 -0.00359784 0.0139736 0.00209507 1 0 0 0 0 0 0 0
21 1 0.1 5.21759 4.19571 0.146324 -0.00292737 -0.000829294 0.0123052 0.0459488 -0.186223 -0.00102411 1 0 0 0 0 0 0 0
22 1 0.1 5.55906 4.53491 0.147664 -0.0559315 -0.0669544 -0.00695942 -0.394146 0.440869 -1.03381 1 0 0 0 0 0 0 0
23 1 0.1 5.70651 4.68432 0.150016 -0.00592659 -0.00719978 4.47131e-05 -0.000247172 0.000825372 -0.095457 1 0 0 0 0 0 0 0
24 1 0.1 5.98929 4.96704 0.149995 -0.00601319 -0.00756495 8.24131e-05 0.000809005 -0.00169259 -0.0993703 1 0 0 0 0 0 0 0
25 1 0.1 6.11673 0.907085 0.14969 -0.0351249 0.0325581 0.00484813 0.0591449 -0.0286776 0.198909 1 0 0 0 0 0 0 0
26 1 0.1 5.88279 1.38593 0.137438 -0.00968486 0.0431013 1.89568e-05 -0.253209 0.00424301 0.494365 1 0 0 0 0 0 0 0
27 1 0.1 5.81454 1.58 0.137469 -0.110459 0.0364761 -0.000321988 -0.272703 0.192395 -0.0637596 1 0 0 0 0 0 0 0
28 1 0.1 5.54884 1.47821 0.137116 0.00166013 0.000967955 0.00234259 0.0151844 0.0233722 -0.0142942 1 0 0 0 0 0 0 0
29 1 0.1 5.59025 1.84635 0.136217 0.0108124 -0.00560478 0.000682034 0.0231528 -0.210352 -0.0411496 1 0 0 0 0 0 0 0
30 1 0.1 5.34276 1.8761 0.133974 0.0180512 -0.0182715 -0.00765501 0.190302 0.228658 0.259921 1 0 0 0 0 0 0 0
31 1 0.1 5.18314 2.08833 0.137375 -0.0126146 0.0438315 -0.0084873 -0.428792 -0.119895 0.0196991 1 0 0 0 0 0 0 0
32 1 0.1 5.02499 2.26762 0.137457 0.147368 -0.169871 -0.000134089 -0.189009 -0.0187101 -0.595014 1 0 0 0 0 0 0 0
33 1 0.1 4.47558 2.55024 0.137413 -0.0132571 0.0173236 -0.00775229 -0.157283 -0.133456 0.144936 1 0 0 0 0 0 0 0
34 1 0.1 4.88206 2.74412 0.137637 -0.157107 -0.0652669 -0.00450435 0.422764 0.207281 -1.62914 1 0 0 0 0 0 0 0
35 1 0.1 4.33255 2.68977 0.145955 -0.0185303 0.00530195 0.00739882 -0.0262783 -0.0892477 0.0860354 1 0 0 0 0 0 0 0
36 1 0.1 5.03965 2.88756 0.2787 0.15039 -0.0164049 -0.0546162 -1.2242 0.481694 -0.101992 1 0 0 0 0 0 0 0
37 1 0.1 4.38397 2.88438 0.132421 -0.0165065 0.0526907 -0.000728929 0.0463118 0.336401 -0.296795 1 0 0 0 0 0 0 0
38 1 0.1 4.38406 3.09073 0.136727 -0.0052539 -0.0030234 -0.00694276 0.0762985 0.0203179 0.0339016 1 0 0 0 0 0 0 0
39 1 0.1 4.45535 3.2185 0.273016 0.00986839 -0.0719577 0.0498983 0.321113 -0.944837 -1.3159 1 0 0 0 0 0 0 0
40 1 0.1 4.93989 3.29402 0.218978 0.0692586 -0.0159665 0.0154124 0.0928945 0.0452522 0.288515 1 0 0 0 0 0 0 0
41 1 0.1 4.98767 3.72157 0.143771 0.00226973 0.00093314 -0.00653616 -0.0508981 0.109792 0.0224529 1 0 0 0 0 0 0 0
42 1 0.1 5.18932 3.70297 0.137471 -0.0365865 -0.0359045 0.00115331 -0.266347 1.72621 0.788736 1 0 0 0 0 0 0 0
43 1 0.1 5.0559 3.86225 0.299614 0.0122763 0.0241258 -0.00686173 -0.234346 0.0835149 0.129042 1 0 0 0 0 0 0 0
44 1 0.1 5.3901 3.97463 0.137634 -0.0197642 -0.101032 0.00386465 0.624277 0.855348 -0.0471381 1 0 0 0 0 0 0 0
45 1 0.1 5.47137 4.16648 0.136033 -0.0701239 -0.117364 0.00925063 1.19411 -0.750216 0.327326 1 0 0 0 0 0 0 0
46 1 0.1 5.57712 4.33578 0.14752 -0.132867 -0.0773311 0.0749857 -0.475357 0.0479289 0.41105 1 0 0 0 0 0 0 0
47 1 0.1 5.78135 4.49945 0.136572 -0.00408516 -0.00623241 0.0013422 0.0718333 -0.0194369 0.0353884 1 0 0 0 0 0 0 0
48 1 0.1 5.8479 4.82564 0.150007 -0.00602688 -0.00735455 -7.19314e-05 6.4417e-05 0.000171582 0.0958403 1 0 0 0 0 0 0 0
49 1 0.1 6.13716 5.117 0.150158 -0.000393079 -0.000168827 4.71084e-05 -0.00459614 0.00182803 -0.00595436 1 0 0 0 0 0 0 0
50 1 0.1 6.25812 0.765717 0.150019 -0.0331198 0.0328601 -0.000148693 0.00114701 0.000665087 0.00114717 1 0 0 0 0 0 0 0
51 1 0.1 6.0254 1.24585 0.137494 -0.033614 0.0170384 4.09227e-05 0.517698 -0.250291 -0.817724 1 0 0 0 0 0 0 0
52 1 0.1 5.97456 1.8281 0.137974 0.0848766 0.0645415 -0.0061418 0.258457 -0.176965 0.19769 1 0 0 0 0 0 0 0
53 1 0.1 5.78127 1.77714 0.136983 0.0846243 0.0683775 -0.000894903 -0.676246 0.851621 0.0803226 1 0 0 0 0 0 0 0
54 1 0.1 5.74168 1.97587 0.145121 0.00727995 0.00125858 0.00413199 0.0773648 0.389743 0.226499 1 0 0 0 0 0 0 0
55 1 0.1 5.40142 2.05556 0.199757 0.0440298 0.0253562 -0.15875 -1.73134 -0.372183 -0.609312 1 0 0 0 0 0 0 0
56 1 0.1 5.32461 2.22952 0.137869 -0.0166081 0.0585394 -0.00296216 0.786262 0.388679 0.119712 1 0 0 0 0 0 0 0
57 1 0.1 5.16847 2.3168 0.299564 0.0190257 0.0107347 0.0401128 -0.097962 0.0209106 0.278989 1 0 0 0 0 0 0 0
58 1 0.1 4.87881 2.36814 0.229533 0.181037 -0.0747014 -0.0502263 -0.34185 -0.221609 -0.292851 1 0 0 0 0 0 0 0
59 1 0.1 4.6688 2.34922 0.132094 0.00355818 0.013707 0.00306775 -0.054192 0.0286376 0.15685 1 0 0 0 0 0 0 0
60 1 0.1 5.17111 2.74338 0.307539 0.128279 0.00219862 0.0434336 0.363687 0.10797 -0.00677915 1 0 0 0 0 0 0 0
61 1 0.1 4.74469 2.88942 0.136438 0.0163825 0.102522 0.0124106 -1.10611 -0.325725 -0.341251 1 0 0 0 0 0 0 0
62 1 0.1 4.92666 2.9675 0.136715 0.0669828 -0.00605161 -0.0113549 0.224393 0.462065 -0.710727 1 0 0 0 0 0 0 0
63 1 0.1 4.5601 2.9697 0.137346 0.0807201 -0.110786 -0.000786087 1.66004 1.3783 -1.45074 1 0 0 0 0 0 0 0
64 1 0.1 4.73111 3.08886 0.135011 0.00685359 0.120232 0.0502038 -1.09677 0.409078 -0.175893 1 0 0 0 0 0 0 0
65 1 0.1 4.89785 3.63251 0.316618 0.0252954 0.00257019 -0.00385205 -0.0710652 0.495657 0.727388 1 0 0 0 0 0 0 0
66 1 0.1 5.30764 3.54194 0.137197 0.00461116 0.000571765 -0.00376135 0.0600055 0.0185808 0.0673234 1 0 0 0 0 0 0 0
67 1 0.1 5.44813 3.68667 0.132787 0.0305715 -0.0532631 0.00900292 0.345942 0.300699 -0.0231471 1 0 0 0 0 0 0 0
68 1 0.1 5.20397 3.90218 0.137404 -0.0484392 -0.0363923 0.000904451 0.360786 -0.486331 -0.660418 1 0 0 0 0 0 0 0
69 1 0.1 5.58487 4.03135 0.430009 0.0311421 -0.0358443 0.047765 0.152209 -0.922391 0.93124 1 0 0 0 0 0 0 0
70 1 0.1 5.60874 4.1625 0.281187 -0.0526927 -0.0736151 0.00547932 -0.811403 0.90669 0.298768 1 0 0 0 0 0 0 0
71 1 0.1 5.74655 4.17474 0.137348 -0.0715231 -0.032909 -0.00444567 0.345682 -0.726238 0.794376 1 0 0 0 0 0 0 0
72 1 0.1 5.89356 4.33407 0.137493 -0.00153147 -0.0045451 0.000251487 -0.0896747 -0.000828076 0.096792 1 0 0 0 0 0 0 0
73 1 0.1 6.1373 4.82456 0.137452 -0.00632726 -0.00173173 0.000761454 0.00600674 -0.0901301 0.0287221 1 0 0 0 0 0 0 0
74 1 0.1 6.37384 5.35419 0.14997 -0.00377763 -0.00280146 -7.8027e-08 -0.000369572 0.000822091 -0.0481124 1 0 0 0 0 0 0 0
75 1 0.1 6.26118 0.979326 0.267461 -0.0333594 -0.00719226 0.0215942 0.34397 -0.0232857 -0.356976 1 0 0 0 0 0 0 0
76 1 0.1 6.16918 1.10023 0.137453 -0.017281 -0.0157042 0.000471906 0.146204 -0.205487 -0.0818956 1 0 0 0 0 0 0 0
77 1 0.1 6.05537 1.64546 0.1374 0.0507033 0.0485975 -0.000648468 -0.500484 0.548288 -0.601058 1 0 0 0 0 0 0 0
78 1 0.1 5.93457 2.02686 0.158787 0.0119695 0.021766 -0.0462112 -0.167855 0.296604 0.245151 1 0 0 0 0 0 0 0
79 1 0.1 5.72118 2.26356 0.294957 0.00487023 0.015974 -0.000435599 -0.131925 -0.174541 -0.223833 1 0 0 0 0 0 0 0
80 1 0.1 5.58955 2.11062 0.137465 -0.1932 -0.0197291 0.000595193 -0.219888 0.0332901 -0.748255 1 0 0 0 0 0 0 0
81 1 0.1 5.61421 2.3211 0.137014 0.0104514 0.0267719 -0.000332209 -0.249957 0.169879 -0.0492031 1 0 0 0 0 0 0 0
82 1 0.1 5.73809 2.73898 0.136031 0.00922809 -0.0110117 0.00102553 0.0669609 0.107573 0.672524 1 0 0 0 0 0 0 0
83 1 0.1 5.43061 2.39902 0.13737 0.0143251 0.0465316 -0.000507228 -0.515057 0.111873 -0.165117 1 0 0 0 0 0 0 0
84 1 0.1 4.86521 2.54484 0.137075 -0.10262 -0.06988 0.00183269 0.721102 -1.02798 0.337232 1 0 0 0 0 0 0 0
85 1 0.1 5.18427 2.61952 0.154847 0.0815066 0.0244795 0.024515 0.279334 0.177645 -0.41373 1 0 0 0 0 0 0 0
86 1 0.1 5.54002 2.88844 0.325275 0.0617405 0.134121 0.0230222 -0.750804 -0.879776 -1.12257 1 0 0 0 0 0 0 0
87 1 0.1 5.16672 2.99925 0.136701 0.110261 0.00727187 0.00394343 -0.179054 0.182329 -0.0632857 1 0 0 0 0 0 0 0
88 1 0.1 5.12371 3.31371 0.143293 0.047088 0.0345567 -0.028381 -0.0919947 0.374571 0.33122 1 0 0 0 0 0 0 0
89 1 0.1 4.91132 3.53717 0.136976 0.01445 -0.0051072 0.00448806 0.0490276 0.18684 0.126176 1 0 0 0 0 0 0 0
90 1 0.1 5.1091 3.51841 0.136612 0.00843909 0.00230054 1.2639e-06 0.0481761 -0.119807 0.00460932 1 0 0 0 0 0 0 0
91 1 0.1 5.53677 3.49204 0.136832 0.0295329 -0.0595307 0.040799 0.826066 0.447187 0.403421 1 0 0 0 0 0 0 0
92 1 0.1 5.6476 3.6755 0.137415 0.0325503 -0.0228987 -0.0046062 0.0437846 0.0525674 0.0586941 1 0 0 0 0 0 0 0
93 1 0.1 5.73364 3.88605 0.256359 -0.00797245 0.00530674 -0.013985 -0.102805 -0.223697 0.121997 1 0 0 0 0 0 0 0
94 1 0.1 5.5863 4.001 0.16538 -0.0242353 -0.115136 0.0569332 -0.0190937 -1.31412 -0.0162149 1 0 0 0 0 0 0 0
95 1 0.1 5.84485 4.00083 0.137204 -0.00210618 0.00263764 -0.000161967 0.00795099 -0.0398099 -0.0331797 1 0 0 0 0 0 0 0
96 1 0.1 5.96665 4.15309 0.180659 0.00252063 -0.00295669 0.0043706 0.0420185 0.012977 -0.0532655 1 0 0 0 0 0 0 0
97 1 0.1 6.02417 4.46482 0.219895 0.0229514 -0.00958643 -0.00222569 0.0777507 0.159 0.068639 1 0 0 0 0 0 0 0
98 1 0.1 6.27234 4.97007 0.159573 -0.0056168 -0.0031891 0.00918177 -0.0498839 -0.0804859 -0.0547852 1 0 0 0 0 0 0 0
99 1 0.1 6.34043 5.15725 0.143244 -0.00403058 -0.00348872 0.00359301 -0.0330083 0.016831 0.0462447 1 0 0 0 0 0 0 0
100 1 0.1 6.35533 0.662005 0.349952 0.0328168 -0.0516908 -0.00148986 -0.00247016 -0.00216045 -0.00354946 1 0 0 0 0 0 0 0
101 1 0.1 6.19662 1.3491 0.137496 -0.0402466 0.0269846 1.65324e-05 -0.509182 0.25311 0.941308 1 0 0 0 0 0 0 0
102 1 0.1 6.05061 1.46143 0.215297 -0.0162934 0.0524318 0.00860263 0.406742 -0.0367691 -0.324528 1 0 0 0 0 0 0 0
103 1 0.1 5.92256 2.28625 0.314238 0.024923 0.0287193 0.0418838 -0.339267 -0.222439 0.395491 1 0 0 0 0 0 0 0
104 1 0.1 5.9361 2.95531 0.440286 0.0941554 0.0808046 0.0379698 -0.689172 -0.729806 0.623552 1 0 0 0 0 0 0 0
105 1 0.1 5.8327 2.36268 0.152881 0.0366155 -0.0146854 0.0148105 -0.081914 -0.0169484 -0.190024 1 0 0 0 0 0 0 0
106 1 0.1 5.74499 2.54035 0.137412 0.0666792 -0.0103983 5.89878e-05 -0.0614872 -0.0089688 -0.100245 1 0 0 0 0 0 0 0
107 1 0.1 5.79851 3.10124 0.436608 0.1853 0.0434787 0.0318896 -0.808012 -0.145949 0.00197132 1 0 0 0 0 0 0 0
108 1 0.1 5.54738 2.75819 0.179518 0.0457701 0.0303597 0.1123 -0.670505 -0.057961 -0.216515 1 0 0 0 0 0 0 0
109 1 0.1 5.5465 2.56161 0.141673 0.0741826 0.00973644 -0.0192294 0.0684675 -0.204629 -0.171496 1 0 0 0 0 0 0 0
110 1 0.1 5.37695 2.66658 0.135927 0.0788923 0.00828342 -0.00506119 0.172173 0.29893 -0.12155 1 0 0 0 0 0 0 0
111 1 0.1 5.25497 2.8222 0.14561 0.107379 0.00595952 0.0391415 -0.398504 0.122708 0.0401797 1 0 0 0 0 0 0 0
112 1 0.1 5.36061 3.04616 0.137497 0.087281 0.0247456 0.00181099 -0.185955 -0.258982 0.186686 1 0 0 0 0 0 0 0
113 1 0.1 5.02739 3.13869 0.136582 0.112114 -0.00500517 0.00177501 -0.0388234 0.0787215 0.17711 1 0 0 0 0 0 0 0
114 1 0.1 5.3746 3.20021 0.266932 0.0227212 0.156142 0.159053 -1.16548 -1.73067 -0.921238 1 0 0 0 0 0 0 0
115 1 0.1 5.64462 3.32919 0.177273 0.0776353 -0.0243768 -0.00392349 -0.622691 0.124565 0.14254 1 0 0 0 0 0 0 0
116 1 0.1 5.61548 3.13613 0.137246 0.0827699 -0.012309 0.000744472 0.636722 0.238414 -0.0807835 1 0 0 0 0 0 0 0
117 1 0.1 5.8367 3.37255 0.2106 0.0496016 0.0107404 -0.0496327 -0.619349 0.123462 0.127436 1 0 0 0 0 0 0 0
118 1 0.1 5.82977 3.75801 0.137317 0.0151303 0.00713789 -0.00239518 -0.0126286 0.122655 0.0834986 1 0 0 0 0 0 0 0
119 1 0.1 5.99565 3.86969 0.13889 0.0146746 0.0126136 0.0123175 0.0687277 -0.176964 0.216849 1 0 0 0 0 0 0 0
120 1 0.1 5.8362 3.55848 0.137173 0.0181279 0.00928398 -0.00656663 -0.000350797 0.0809402 -0.0460952 1 0 0 0 0 0 0 0
121 1 0.1 5.96845 3.2412 0.137429 0.130274 0.080162 -0.00357343 0.0243673 -0.125861 0.239097 1 0 0 0 0 0 0 0
122 1 0.1 6.06553 4.28282 0.29621 0.0107229 -0.0251514 0.0202506 0.114383 -0.143346 -0.191021 1 0 0 0 0 0 0 0
123 1 0.1 6.10474 4.62745 0.137227 0.00322949 -0.00161583 -0.00128927 0.0163844 0.0305805 0.0643554 1 0 0 0 0 0 0 0
124 1 0.1 6.26117 4.7027 0.23637 0.0062513 0.00154329 -0.00939561 0.0726123 0.106993 0.0291425 1 0 0 0 0 0 0 0
125 1 0.1 5.93154 1.0858 0.34925 0.0358113 -0.0441688 -0.0240287 -0.0724099 -0.0325529 -0.0275814 1 0 0 0 0 0 0 0
126 1 0.1 5.79104 1.2272 0.345786 0.0343843 -0.0448847 -0.0198974 0.00558305 0.142796 0.0428907 1 0 0 0 0 0 0 0
127 1 0.1 5.6504 1.36815 0.344292 0.0281258 -0.0483914 0.00418142 0.0944136 0.0955488 0.0251473 1 0 0 0 0 0 0 0
128 1 0.1 5.5117 1.50913 0.366153 0.0345633 -0.0459143 0.0402706 0.140589 0.183946 -0.0803618 1 0 0 0 0 0 0 0
129 1 0.1 5.37155 1.64953 0.372638 0.02986 -0.0520616 -0.00452505 -0.82949 -0.146264 0.202375 1 0 0 0 0 0 0 0
130 1 0.1 5.08165 1.94676 0.320166 0.0399871 -0.0351725 -0.030567 0.207725 0.230764 0.000914885 1 0 0 0 0 0 0 0
131 1 0.1 4.93808 2.08148 0.347678 0.0387012 -0.0580164 0.0100076 0.209791 -0.037267 0.142352 1 0 0 0 0 0 0 0
132 1 0.1 4.80569 2.21792 0.404889 0.0460655 -0.0948026 0.0371768 0.604968 -0.152261 -2.12936 1 0 0 0 0 0 0 0
133 1 0.1 4.70014 2.34892 0.316603 0.194488 0.0207097 0.00146879 0.071577 1.58197 -0.356084 1 0 0 0 0 0 0 0
134 1 0.1 4.66105 2.51983 0.397347 -0.0211631 -9.25125e-05 -0.019753 -0.303623 -1.95582 2.46022 1 0 0 0 0 0 0 0
135 1 0.1 4.47425 2.55092 0.337069 0.00839467 0.0311482 -0.0258604 0.178938 0.292469 -0.351226 1 0 0 0 0 0 0 0
136 1 0.1 4.33205 2.68983 0.351624 -0.0193203 0.0477463 0.0152732 0.387515 -0.297619 0.570823 1 0 0 0 0 0 0 0
137 1 0.1 4.38347 2.90218 0.325493 0.0997543 0.06651 -0.00795116 -0.348988 1.04139 0.915241 1 0 0 0 0 0 0 0
138 1 0.1 4.29804 3.07597 0.314955 -0.0190392 0.00323771 -0.0249962 -0.391101 -0.224877 0.366062 1 0 0 0 0 0 0 0
139 1 0.1 4.31046 3.28483 0.393724 0.00204639 0.00808643 -0.00413266 -0.148744 0.117387 0.0646015 1 0 0 0 0 0 0 0
140 1 0.1 4.65424 3.45291 0.328415 0.0761584 -0.0942425 0.161516 1.0396 -0.123177 0.565158 1 0 0 0 0 0 0 0
141 1 0.1 4.66152 3.64685 0.35295 -0.013414 -0.0488038 0.0848605 -0.0947459 0.168038 0.0486795 1 0 0 0 0 0 0 0
142 1 0.1 4.83489 3.81345 0.352254 -0.0154533 -0.0142334 0.00192948 0.0123195 0.0204967 -0.242112 1 0 0 0 0 0 0 0
143 1 0.1 5.07872 4.05869 0.348052 0.00288355 0.00408398 -0.0043438 -0.0208973 0.0177049 0.00825631 1 0 0 0 0 0 0 0
144 1 0.1 5.42763 4.07598 0.305814 -0.0841543 -0.107199 0.0256157 -1.29925 -0.424946 1.28685 1 0 0 0 0 0 0 0
145 1 0.1 5.21979 4.20034 0.350123 -0.00224353 0.00844648 -0.0227197 0.0434919 0.255325 0.0719189 1 0 0 0 0 0 0 0
146 1 0.1 5.34296 4.31712 0.243864 -0.0693599 -0.0286828 0.130059 -0.103014 -1.73101 -0.457071 1 0 0 0 0 0 0 0
147 1 0.1 5.547 4.52237 0.346853 -0.0283619 -0.0235239 -0.00282684 0.069818 -0.0582828 -0.339877 1 0 0 0 0 0 0 0
148 1 0.1 5.762 4.73639 0.355478 -0.00369377 -0.00218228 9.26816e-05 -0.00410973 0.00740758 -0.0488069 1 0 0 0 0 0 0 0
149 1 0.1 5.92649 4.90358 0.358878 -0.00131087 -0.0025008 0.00170832 -0.0136039 -0.00870333 -0.0263173 1 0 0 0 0 0 0 0
150 1 0.1 6.07267 0.944579 0.349828 0.0342034 -0.0486488 -0.0114403 -0.0369252 -0.0276532 -0.0226245 1 0 0 0 0 0 0 0
151 1 0.1 5.76971 1.70877 0.323405 0.0724837 0.0892409 0.00430987 0.499986 -0.741115 -0.738862 1 0 0 0 0 0 0 0
152 1 0.1 5.58496 1.6613 0.204878 0.0104066 0.0013572 0.0150401 0.0782719 0.127589 -0.0167177 1 0 0 0 0 0 0 0
153 1 0.1 5.95313 2.14105 0.44815 -0.0417742 0.0887118 0.121897 -0.189486 -2.50021 1.19613 1 0 0 0 0 0 0 0
154 1 0.1 5.68851 1.88501 0.392679 0.0120137 0.113691 -0.0807206 -0.890203 -1.0066 -0.24194 1 0 0 0 0 0 0 0
155 1 0.1 5.25812 1.78456 0.281999 0.0351091 -0.0784732 -0.0474518 0.170229 -0.406304 0.492605 1 0 0 0 0 0 0 0
156 1 0.1 5.12901 2.25253 0.535085 0.0182013 0.166705 -0.16944 0.671935 1.41442 1.32851 1 0 0 0 0 0 0 0
157 1 0.1 4.88752 2.15703 0.569038 0.0885188 -0.112757 0.028502 -1.1214 -0.599048 2.30325 1 0 0 0 0 0 0 0
158 1 0.1 4.83939 2.44136 0.436665 -0.0403712 0.0370567 0.0636131 -0.126036 1.01017 -2.15439 1 0 0 0 0 0 0 0
159 1 0.1 4.73664 2.79408 0.593201 0.155633 -0.0247253 0.169212 0.329789 -1.2205 -0.986978 1 0 0 0 0 0 0 0
160 1 0.1 4.72248 2.69202 0.319477 -0.00857154 -0.0166359 0.00376287 -0.0160652 0.555503 -2.12914 1 0 0 0 0 0 0 0
161 1 0.1 4.59902 2.87637 0.476369 0.155876 -0.140997 0.1851 -2.74946 0.154924 -1.6509 1 0 0 0 0 0 0 0
162 1 0.1 4.55674 3.00183 0.330041 0.367334 -0.366675 0.0496489 0.986091 0.0387135 2.59269 1 0 0 0 0 0 0 0
163 1 0.1 4.69578 3.13601 0.320921 0.222993 -0.138701 0.258927 4.02032 2.02494 -0.239546 1 0 0 0 0 0 0 0
164 1 0.1 4.29466 3.26379 0.76263 -0.0122315 -0.0884457 0.00945289 0.714595 -0.880398 1.04781 1 0 0 0 0 0 0 0
165 1 0.1 4.76246 3.49424 0.487252 -0.0321414 -0.0280756 0.249953 -1.28194 -1.83031 -0.8243 1 0 0 0 0 0 0 0
166 1 0.1 4.93339 3.3967 0.488163 -0.0342679 -0.00954337 0.213051 1.16533 2.27037 0.801546 1 0 0 0 0 0 0 0
167 1 0.1 5.09158 3.63392 0.297342 0.0345314 -0.0497246 0.0381235 0.563272 -0.889306 -1.28301 1 0 0 0 0 0 0 0
168 1 0.1 5.26413 4.00591 0.400943 0.0175815 -0.031872 -0.0928094 -0.695492 1.13727 -0.600104 1 0 0 0 0 0 0 0
169 1 0.1 5.44251 3.89767 0.388481 0.111111 -0.101079 0.0349983 0.758104 2.21321 0.232266 1 0 0 0 0 0 0 0
170 1 0.1 5.42552 4.22089 0.437748 -0.0612402 -0.00948706 -0.0628375 -0.0236368 1.28297 -0.804179 1 0 0 0 0 0 0 0
171 1 0.1 5.58357 4.32998 0.386707 -0.0340764 -0.0342294 -0.0554929 0.637895 -1.29777 0.629699 1 0 0 0 0 0 0 0
172 1 0.1 5.75031 4.37497 0.288485 0.00654873 0.0179905 0.0279213 -0.344257 0.370194 -0.234826 1 0 0 0 0 0 0 0
173 1 0.1 5.87804 4.58956 0.285099 -0.00789707 -0.004715 0.00378328 -0.0363793 -0.0158732 0.0132345 1 0 0 0 0 0 0 0
174 1 0.1 6.11304 5.08881 0.348195 0.0016019 -0.0019731 -0.010645 0.0264351 0.148512 -0.0252335 1 0 0 0 0 0 0 0
175 1 0.1 6.21398 0.803341 0.350084 0.032457 -0.0516293 -0.00445204 -0.0229588 -0.0154348 0.00256957 1 0 0 0 0 0 0 0
176 1 0.1 5.81644 1.47253 0.306015 -0.0329323 0.0446709 0.00288182 0.194606 0.105302 1.03794 1 0 0 0 0 0 0 0
177 1 0.1 5.85713 1.89333 0.285761 0.0568204 0.032923 -0.0130231 -0.134095 -0.00489883 0.242525 1 0 0 0 0 0 0 0
178 1 0.1 5.80091 2.08248 0.316673 0.00754969 0.017691 0.00941085 0.279282 0.256492 0.300639 1 0 0 0 0 0 0 0
179 1 0.1 5.54417 2.00931 0.332218 -0.00744165 0.0772134 -0.108687 0.289217 1.14348 0.503086 1 0 0 0 0 0 0 0
180 1 0.1 5.41801 2.12518 0.435056 0.0515624 0.0194056 0.0266674 -0.0912565 -3.50571 -0.144015 1 0 0 0 0 0 0 0
181 1 0.1 5.26147 2.14222 0.313133 0.119726 0.029927 -0.0698733 1.26274 2.16107 0.941889 1 0 0 0 0 0 0 0
182 1 0.1 4.99073 2.28382 0.380471 0.0494535 -0.127614 0.0457521 -1.38045 -0.217607 1.89043 1 0 0 0 0 0 0 0
183 1 0.1 4.91453 2.6397 0.305058 -0.0251829 -0.0577391 -0.0220519 -0.686787 2.22394 0.196712 1 0 0 0 0 0 0 0
184 1 0.1 5.06287 2.64014 0.438002 0.0203792 -0.0175243 -0.0608515 0.0967907 -1.62188 -0.149432 1 0 0 0 0 0 0 0
185 1 0.1 5.00055 2.84866 0.586646 0.0939578 -0.0125028 -0.0421656 0.0634137 0.345868 -0.400452 1 0 0 0 0 0 0 0
186 1 0.1 4.84608 2.84758 0.306298 0.203884 -0.221177 -0.0820327 0.100453 1.06242 -0.883533 1 0 0 0 0 0 0 0
187 1 0.1 4.4891 2.75523 0.24838 0.0290533 -0.0154184 -0.0494932 -0.352983 0.75898 -0.566706 1 0 0 0 0 0 0 0
188 1 0.1 4.88637 3.10729 0.273372 0.15381 -0.0337501 0.013054 0.175188 0.140321 0.214674 1 0 0 0 0 0 0 0
189 1 0.1 5.21328 3.31057 0.322016 -0.38602 0.188771 0.191392 -0.803375 -2.3595 0.488477 1 0 0 0 0 0 0 0
190 1 0.1 5.04361 3.4381 0.321729 0.0527076 -0.0313228 0.122973 -0.108547 -0.896024 -0.803193 1 0 0 0 0 0 0 0
191 1 0.1 5.2725 3.57039 0.331515 0.031479 -0.0966601 0.0149359 0.498148 0.807936 1.08313 1 0 0 0 0 0 0 0
192 1 0.1 5.37012 3.73724 0.301516 0.0602264 -0.102125 0.0654888 0.0437566 0.053337 0.1722 1 0 0 0 0 0 0 0
193 1 0.1 5.54998 3.81041 0.247794 0.013459 -0.0333922 -0.0346931 -0.578108 -0.287991 0.327921 1 0 0 0 0 0 0 0
194 1 0.1 5.68193 3.87337 0.504807 0.0865142 -0.011052 0.0302035 0.534853 0.149488 0.669837 1 0 0 0 0 0 0 0
195 1 0.1 5.70613 4.1881 0.456218 -0.0051158 0.000904747 -0.0318088 -0.974228 1.16797 -0.463876 1 0 0 0 0 0 0 0
196 1 0.1 5.89009 4.20294 0.361315 -0.00603969 0.00634447 -0.000754479 0.146175 0.249996 -0.0669153 1 0 0 0 0 0 0 0
197 1 0.1 5.82801 4.01375 0.376437 -0.0127253 0.00564097 -0.0156096 0.173409 0.244036 -0.0371681 1 0 0 0 0 0 0 0
198 1 0.1 5.99872 4.74661 0.258602 -0.00811196 -0.00350003 -0.00138161 0.0272149 0.0791663 -0.0104902 1 0 0 0 0 0 0 0
199 1 0.1 6.25609 5.22784 0.335122 0.00110392 -0.00108693 -0.00852482 0.137902 -0.0198728 0.0203919 1 0 0 0 0 0 0 0
200 1 0.1 6.10405 1.17866 0.309394 0.00727659 0.0170893 -0.00378312 -0.236776 0.161816 -0.658989 1 0 0 0 0 0 0 0
201 1 0.1 5.96638 1.32193 0.331095 0.00264524 0.0173709 -0.017844 -0.0720963 -0.109077 0.7139 1 0 0 0 0 0 0 0
202 1 0.1 5.98481 1.83167 0.454625 0.0524496 0.00607816 0.0390649 0.168828 -0.729976 -0.0705896 1 0 0 0 0 0 0 0
203 1 0.1 5.8683 2.56008 0.536379 0.031335 -0.0536698 -0.0223238 0.29541 0.285795 -0.634433 1 0 0 0 0 0 0 0
204 1 0.1 5.86248 2.50223 0.294514 0.0417598 -0.0155627 0.0156552 -0.222074 -0.185636 -0.34008 1 0 0 0 0 0 0 0
205 1 0.1 5.52695 2.21682 0.294844 -0.0104076 0.0753363 0.00870487 0.0543534 0.23722 -0.503582 1 0 0 0 0 0 0 0
206 1 0.1 5.36639 2.33393 0.314795 0.0105693 0.0901286 0.021912 -0.103329 -0.0245259 0.356528 1 0 0 0 0 0 0 0
207 1 0.1 5.43132 2.48248 0.434967 0.170339 0.0315403 0.111724 0.845205 0.734429 -1.2122 1 0 0 0 0 0 0 0
208 1 0.1 5.19897 2.42395 0.136146 0.00663312 0.0105335 0.00954379 -0.229796 -0.0407219 -0.0135469 1 0 0 0 0 0 0 0
209 1 0.1 5.47524 2.63572 0.317418 0.12571 0.0666975 0.164873 0.239335 1.13264 0.302361 1 0 0 0 0 0 0 0
210 1 0.1 5.66319 2.93972 0.478036 0.18193 0.0207804 0.0519882 -0.201591 -0.0137273 0.27702 1 0 0 0 0 0 0 0
211 1 0.1 5.36204 2.80066 0.311937 0.0975349 0.0702458 0.055791 0.0919134 0.121585 0.638494 1 0 0 0 0 0 0 0
212 1 0.1 4.75289 2.98197 0.419649 0.201766 -0.336351 -0.0131506 -0.850401 -0.831493 -0.536271 1 0 0 0 0 0 0 0
213 1 0.1 4.94748 2.98747 0.420944 0.138416 -0.102039 -0.0254374 0.451962 0.990783 2.87848 1 0 0 0 0 0 0 0
214 1 0.1 5.32131 3.34269 0.137422 0.0532792 0.0155823 -0.000549463 -0.129222 0.289489 0.413765 1 0 0 0 0 0 0 0
215 1 0.1 5.56257 3.39395 0.347637 0.13943 -0.0607291 0.044974 0.409823 0.251597 -0.238318 1 0 0 0 0 0 0 0
216 1 0.1 5.6865 3.52656 0.264789 0.0400091 0.000833862 0.00852987 -0.0291609 0.174175 0.168634 1 0 0 0 0 0 0 0
217 1 0.1 5.47404 3.56852 0.308699 0.0137703 -0.131885 0.147727 0.061175 -0.417512 -0.0691118 1 0 0 0 0 0 0 0
218 1 0.1 5.91405 3.83539 0.325631 0.00468947 0.071282 -0.00150106 0.211211 0.0353375 0.64625 1 0 0 0 0 0 0 0
219 1 0.1 5.97703 3.65916 0.237177 0.0224175 0.0595377 -0.0624834 -0.959715 -0.0740253 0.0455122 1 0 0 0 0 0 0 0
220 1 0.1 6.04024 3.38085 0.445884 0.0371474 0.0831098 -0.135727 -0.558224 1.02011 -0.703938 1 0 0 0 0 0 0 0
221 1 0.1 6.03627 3.77814 0.473073 -0.00405167 0.0567385 -0.0040835 -0.0924014 -0.0834495 -0.797284 1 0 0 0 0 0 0 0
222 1 0.1 6.00957 3.46484 0.170954 -0.00799781 -0.14661 -0.211465 0.699924 1.93675 -1.55371 1 0 0 0 0 0 0 0
223 1 0.1 6.12316 4.89032 0.325766 -0.000871114 -0.00502292 0.00278115 0.00678177 -0.00328229 0.00162154 1 0 0 0 0 0 0 0
224 1 0.1 6.24604 5.0042 0.471002 -0.00599332 -0.005173 -0.00468153 -0.243415 -0.0876418 -0.204163 1 0 0 0 0 0 0 0
225 1 0.1 5.98794 1.51531 0.399577 0.00232983 0.00106516 -0.0449307 0.225807 0.55262 -0.417077 1 0 0 0 0 0 0 0
226 1 0.1 5.79495 2.16815 0.136685 -0.00380561 0.0014267 0.000152077 0.232788 -0.0257273 -0.189575 1 0 0 0 0 0 0 0
227 1 0.1 5.96859 1.69352 0.311014 0.0690257 0.0366453 0.00997063 0.256481 0.568672 0.151026 1 0 0 0 0 0 0 0
228 1 0.1 5.92489 2.62674 0.148294 0.060919 -0.00552297 0.0361191 0.0580812 -0.386784 0.161218 1 0 0 0 0 0 0 0
229 1 0.1 5.53716 2.95303 0.137165 0.0626264 0.013283 -0.00332118 -0.192633 0.558183 -0.263774 1 0 0 0 0 0 0 0
230 1 0.1 5.97819 3.10392 0.3133 0.128208 0.034594 -0.00372185 -0.142805 -0.242034 -0.27073 1 0 0 0 0 0 0 0
231 1 0.1 5.79643 2.37974 0.437978 -0.0167332 0.0115344 0.0120171 0.0281141 -0.26858 -0.0748599 1 0 0 0 0 0 0 0
232 1 0.1 5.56285 2.43289 0.293772 0.0606138 0.0316658 0.0116866 0.28936 0.361859 -0.0803991 1 0 0 0 0 0 0 0
233 1 0.1 5.85856 2.68318 0.379237 0.101659 -0.0116486 0.00827783 0.169595 -0.267892 -0.533168 1 0 0 0 0 0 0 0
234 1 0.1 5.67066 2.73563 0.334586 0.0961039 0.10812 0.0929905 0.227411 0.938532 -1.18177 1 0 0 0 0 0 0 0
235 1 0.1 5.82025 2.86462 0.304941 0.171588 0.0075132 0.0178262 -0.0778262 0.325122 -0.272456 1 0 0 0 0 0 0 0
236 1 0.1 5.6311 3.10783 0.584301 0.140331 0.0437816 0.0309359 -0.463614 0.346914 0.563613 1 0 0 0 0 0 0 0
237 1 0.1 5.39392 2.95002 0.440335 0.0717453 0.0920884 0.0564504 1.51461 0.142413 1.26971 1 0 0 0 0 0 0 0
238 1 0.1 5.19988 3.10945 0.299872 0.0149955 0.0469913 0.0134136 1.2747 0.178041 2.16219 1 0 0 0 0 0 0 0
239 1 0.1 5.54108 3.08129 0.408338 0.147467 -0.00820248 0.0412533 0.349974 -0.28352 0.336626 1 0 0 0 0 0 0 0
240 1 0.1 5.68952 3.01506 0.29516 0.179193 0.0166055 0.0543225 0.103537 -0.108401 -0.360141 1 0 0 0 0 0 0 0
241 1 0.1 5.59854 3.30453 0.560041 0.0165777 0.0384745 0.110943 -0.591163 -0.891124 0.22157 1 0 0 0 0 0 0 0
242 1 0.1 5.66769 3.22482 0.350539 0.14515 -0.0395676 -0.00735036 -0.480425 0.774845 0.318149 1 0 0 0 0 0 0 0
243 1 0.1 5.74965 3.41153 0.414991 0.155061 0.0305646 -0.032113 0.416418 0.466978 1.30649 1 0 0 0 0 0 0 0
244 1 0.1 5.80709 3.66728 0.342221 -0.0179288 0.0613423 -0.122866 0.957942 -0.372583 -0.447512 1 0 0 0 0 0 0 0
245 1 0.1 5.80805 3.15957 0.224282 0.141753 0.00878952 -0.0397863 0.215856 -0.23204 0.573946 1 0 0 0 0 0 0 0
246 1 0.1 5.91487 3.49886 0.344192 0.0685699 0.10774 -0.147581 -0.721296 0.0584005 -0.0684984 1 0 0 0 0 0 0 0
247 1 0.1 5.92583 4.39853 0.380154 0.0210547 0.00179709 -0.000510638 -0.129669 -0.139411 -0.194261 1 0 0 0 0 0 0 0
248 1 0.1 6.08602 4.51514 0.405788 0.0241653 -0.00479565 0.00994665 -0.129046 -0.179358 0.0756768 1 0 0 0 0 0 0 0
249 1 0.1 6.14567 4.70577 0.399496 0.0188511 -0.00373275 -0.000417344 -0.0188462 0.0474284 -0.0160003 1 0 0 0 0 0 0 0
250 1 0.1 6.00009 1.02569 0.527078 -0.00673003 0.00665416 0.0068059 -0.108687 -0.137776 0.0845722 1 0 0 0 0 0 0 0
251 1 0.1 5.72345 1.29129 0.551621 0.000630572 0.00284217 0.0144334 0.237146 -0.0344509 -0.0651848 1 0 0 0 0 0 0 0
252 1 0.1 5.58281 1.43172 0.548865 0.000358408 0.000360204 -0.00903739 -0.248903 -0.338405 -0.175538 1 0 0 0 0 0 0 0
253 1 0.1 5.44506 1.57518 0.564323 0.000959665 0.00465456 0.0440801 0.892682 0.29098 -0.219482 1 0 0 0 0 0 0 0
254 1 0.1 5.3025 1.71417 0.552918 -0.000980147 0.010266 0.0408045 -0.157846 -1.03022 0.26455 1 0 0 0 0 0 0 0
255 1 0.1 5.18308 1.83788 0.451841 0.0429587 -0.0313144 -0.0624394 -0.631667 0.373508 -0.584098 1 0 0 0 0 0 0 0
256 1 0.1 5.06076 2.07117 0.57234 0.24913 0.122654 -0.0155563 -0.971121 2.23166 0.470369 1 0 0 0 0 0 0 0
257 1 0.1 4.71525 2.30782 0.554742 0.0441998 -0.0376555 0.00547203 -0.601012 -0.730415 -0.273575 1 0 0 0 0 0 0 0
258 1 0.1 4.59558 2.46635 0.573248 0.0154865 -0.0398564 -0.0137987 -0.465702 1.35534 0.721991 1 0 0 0 0 0 0 0
259 1 0.1 4.7468 2.59541 0.584815 0.00649728 -0.0189836 -0.0689112 1.30664 -0.238669 -0.500318 1 0 0 0 0 0 0 0
260 1 0.1 4.57757 2.68413 0.458833 -0.173117 -0.118293 0.132293 3.3031 -0.172965 -1.7081 1 0 0 0 0 0 0 0
261 1 0.1 4.41271 2.82899 0.49788 0.0472894 0.0678925 0.0194284 0.366005 -2.16764 -0.33426 1 0 0 0 0 0 0 0
262 1 0.1 4.25445 2.7825 0.596215 0.0487678 0.0973151 0.0329121 -0.517789 1.2398 -0.38088 1 0 0 0 0 0 0 0
263 1 0.1 4.19788 3.05172 0.482631 -0.00472869 0.0507496 -0.0183055 -0.743573 0.200004 0.615135 1 0 0 0 0 0 0 0
264 1 0.1 4.24472 3.22312 0.572069 0.0120124 0.0142326 -0.0013331 0.0608445 -0.0495134 0.0745013 1 0 0 0 0 0 0 0
265 1 0.1 4.39219 3.36762 0.623717 -0.00927964 0.00729553 0.0788374 -0.402278 -0.183769 0.356296 1 0 0 0 0 0 0 0
266 1 0.1 4.50525 3.48871 0.432026 -0.0337345 -0.0445871 -0.0274935 -0.398129 -0.74042 -0.733879 1 0 0 0 0 0 0 0
267 1 0.1 4.71205 3.68979 0.549348 0.0172419 0.0245667 0.0274785 -0.294608 -0.0831934 0.323031 1 0 0 0 0 0 0 0
268 1 0.1 4.96229 3.93978 0.458388 0.0150112 0.00728132 0.00624856 -0.152535 0.0255301 0.162023 1 0 0 0 0 0 0 0
269 1 0.1 5.07951 4.05267 0.57392 0.00694126 0.0129424 -0.0005674 0.101664 -0.0133841 -0.0272093 1 0 0 0 0 0 0 0
270 1 0.1 5.22529 4.21219 0.549942 -0.00697859 -0.0138462 -0.020924 0.115134 0.330505 -0.321416 1 0 0 0 0 0 0 0
271 1 0.1 5.36825 4.34525 0.577103 -0.00419926 -0.00473244 -0.0242135 0.0365843 -0.302316 0.768657 1 0 0 0 0 0 0 0
272 1 0.1 5.50573 4.48748 0.548938 0.00121451 -0.00113966 -0.00093084 0.00162853 0.0119034 0.0112292 1 0 0 0 0 0 0 0
273 1 0.1 5.64933 4.62235 0.583104 0.000328042 0.000142354 -0.000676197 -0.000277291 0.00137572 0.00481592 1 0 0 0 0 0 0 0
274 1 0.1 5.78642 4.76716 0.552067 0.000612324 -0.00123452 0.00558709 -0.0635892 -0.0413567 -0.0034593 1 0 0 0 0 0 0 0
275 1 0.1 6.14064 0.883991 0.536961 -0.00454734 0.00846926 0.0120228 0.0738195 0.0995845 -0.0755197 1 0 0 0 0 0 0 0
276 1 0.1 5.76525 1.4796 0.6122 -0.00714425 -0.00120129 0.00828223 0.249736 0.0256383 0.531955 1 0 0 0 0 0 0 0
277 1 0.1 5.69169 1.55497 0.438912 0.0058767 0.044703 0.0433948 0.333063 -0.0877258 -0.985861 1 0 0 0 0 0 0 0
278 1 0.1 5.58387 1.71488 0.394597 0.0739569 0.0750253 0.00111816 -0.685595 0.860584 0.9417 1 0 0 0 0 0 0 0
279 1 0.1 5.52753 1.78282 0.571351 0.0622186 0.068572 0.00557879 0.263956 -0.366802 0.641954 1 0 0 0 0 0 0 0
280 1 0.1 5.37337 1.89439 0.503467 0.153359 -0.0391759 0.0612093 -0.456186 -1.16712 -0.121144 1 0 0 0 0 0 0 0
281 1 0.1 5.22942 2.02981 0.473691 0.167567 -0.047435 -0.0856172 -0.0809735 -1.47003 -0.776113 1 0 0 0 0 0 0 0
282 1 0.1 5.07764 2.14996 0.758917 -0.166664 -0.104329 0.22083 1.5716 -4.79527 -0.154762 1 0 0 0 0 0 0 0
283 1 0.1 4.9566 2.34642 0.566756 -0.035582 -0.0283177 0.000621571 -0.137531 0.23543 0.696619 1 0 0 0 0 0 0 0
284 1 0.1 4.88652 2.71762 0.487653 0.0467404 -0.0286257 0.0379039 0.740926 2.39319 0.0322279 1 0 0 0 0 0 0 0
285 1 0.1 4.44526 2.57576 0.731543 0.00865334 -0.000225305 -0.0127139 0.534498 0.403626 0.169386 1 0 0 0 0 0 0 0
286 1 0.1 4.50595 2.74477 0.650986 -0.0421523 0.0318919 0.0293816 0.0825115 0.210336 0.205426 1 0 0 0 0 0 0 0
287 1 0.1 4.57417 3.13319 0.746284 0.0306753 0.121277 0.231578 1.57904 -2.99909 -0.379356 1 0 0 0 0 0 0 0
288 1 0.1 4.38919 3.11257 0.489167 -0.115669 -0.210474 0.0667352 0.814518 -1.6126 -3.65515 1 0 0 0 0 0 0 0
289 1 0.1 4.65183 3.28862 0.421835 -0.0466902 -0.123563 0.202745 -3.77529 -6.06048 1.12403 1 0 0 0 0 0 0 0
290 1 0.1 4.84513 3.44561 0.29943 0.0645305 -0.00940089 0.0302051 -0.0953103 0.0701707 -0.195089 1 0 0 0 0 0 0 0
291 1 0.1 4.85438 3.58517 0.638444 0.0747314 0.168278 0.0875477 -2.40167 0.950934 0.383099 1 0 0 0 0 0 0 0
292 1 0.1 5.02332 3.56646 0.536762 0.0127219 0.0226491 0.0337744 -1.80469 0.111831 -0.0476449 1 0 0 0 0 0 0 0
293 1 0.1 4.99641 3.74379 0.44909 0.0240956 0.0119347 -0.010705 0.360656 0.016352 -0.0940347 1 0 0 0 0 0 0 0
294 1 0.1 5.14701 3.86936 0.488193 0.0191149 0.026003 0.00523583 0.17123 -0.0383715 0.0848523 1 0 0 0 0 0 0 0
295 1 0.1 5.2992 4.04091 0.595277 -0.0476161 -0.098716 -0.147669 1.0946 0.135905 -0.437385 1 0 0 0 0 0 0 0
296 1 0.1 5.56374 4.26407 0.574192 -0.0466581 -0.0356375 -0.0588074 0.604801 -1.14326 1.16917 1 0 0 0 0 0 0 0
297 1 0.1 5.68859 4.41967 0.592875 -0.000156017 -0.0167332 -0.00723671 -0.0608341 0.0619761 -0.197082 1 0 0 0 0 0 0 0
298 1 0.1 5.73095 4.51971 0.42507 -0.0387587 0.0326576 0.0101436 0.403692 -0.125277 1.13127 1 0 0 0 0 0 0 0
299 1 0.1 6.07068 5.0502 0.555302 -0.00670343 -0.00792133 -0.00423928 0.0104337 0.0452346 -0.102845 1 0 0 0 0 0 0 0
300 1 0.1 6.27933 0.740574 0.549998 -0.00467961 0.00657816 -6.97796e-05 0.00150255 0.00131956 0.0819195 1 0 0 0 0 0 0 0
301 1 0.1 5.90278 1.37445 0.513033 -8.78766e-05 0.0226661 -0.0175676 -0.137943 0.225984 -0.234215 1 0 0 0 0 0 0 0
302 1 0.1 5.87283 1.65708 0.486276 0.00527012 0.0252626 0.0238886 -0.288303 0.239433 -0.175047 1 0 0 0 0 0 0 0
303 1 0.1 5.84842 1.81934 0.60029 0.0328082 0.0319385 0.0184673 -0.266426 0.654202 -0.879896 1 0 0 0 0 0 0 0
304 1 0.1 5.64817 1.94189 0.581831 -0.138908 0.227872 -0.0839593 -0.0694319 1.63057 1.885 1 0 0 0 0 0 0 0
305 1 0.1 5.46986 2.04995 0.612433 -0.128163 0.0186745 0.0762113 0.299635 1.1699 0.870007 1 0 0 0 0 0 0 0
306 1 0.1 5.27424 2.38243 0.501394 0.0156751 0.185344 -0.0478217 1.05533 -1.498 -1.43512 1 0 0 0 0 0 0 0
307 1 0.1 5.12952 2.42042 0.642681 0.00514625 0.0889042 -0.0460346 0.7791 0.715833 0.201004 1 0 0 0 0 0 0 0
308 1 0.1 5.03617 2.48762 0.259816 0.0868423 0.0623761 -0.105504 -0.266688 0.444204 1.9368 1 0 0 0 0 0 0 0
309 1 0.1 4.94456 2.54561 0.570473 0.103154 -0.0253269 -0.0115515 -0.780654 -0.598075 -0.211107 1 0 0 0 0 0 0 0
310 1 0.1 5.20695 2.76958 0.502254 -0.068357 0.113537 0.0554426 -0.236799 -3.19892 1.73628 1 0 0 0 0 0 0 0
311 1 0.1 4.6453 2.83194 0.763755 0.0101475 -0.0217761 0.0298692 -0.155695 -0.25623 -0.934333 1 0 0 0 0 0 0 0
312 1 0.1 4.52967 3.01132 0.599926 0.390685 0.214179 -0.00902889 -0.0262489 -1.72454 -0.311522 1 0 0 0 0 0 0 0
313 1 0.1 4.84088 3.22899 0.43149 0.055345 0.0302561 -0.115549 2.12659 10.7812 -0.38605 1 0 0 0 0 0 0 0
314 1 0.1 5.03736 3.20349 0.367767 -0.0191132 -0.0441197 0.049009 -0.52837 -0.151558 -1.45254 1 0 0 0 0 0 0 0
315 1 0.1 5.06968 3.26977 0.553385 0.0729716 0.0245853 -0.00695542 -0.0319265 -0.244327 -0.0568535 1 0 0 0 0 0 0 0
316 1 0.1 5.37225 3.41508 0.399674 0.140679 -0.0310102 0.0139713 -0.537301 -0.47839 0.151879 1 0 0 0 0 0 0 0
317 1 0.1 5.2038 3.63752 0.504964 0.0526428 -0.0963881 0.00449922 -0.50126 -0.628908 -0.887377 1 0 0 0 0 0 0 0
318 1 0.1 5.42114 3.70377 0.487494 0.061375 -0.128817 0.0903624 -1.16221 0.929831 -5.13602 1 0 0 0 0 0 0 0
319 1 0.1 5.40092 3.8788 0.578173 0.134964 -0.0258183 0.000892586 -1.07011 -2.82917 2.22443 1 0 0 0 0 0 0 0
320 1 0.1 5.49602 4.07489 0.603817 -0.059093 -0.0474214 0.00831576 0.30523 -1.28515 0.810713 1 0 0 0 0 0 0 0
321 1 0.1 5.80561 4.0498 0.571205 -0.068407 0.00154135 -0.026075 -0.107048 -0.919788 -0.52094 1 0 0 0 0 0 0 0
322 1 0.1 5.84584 4.30589 0.53749 -0.0358329 0.0202135 -0.0198825 0.138241 -0.291813 -0.291163 1 0 0 0 0 0 0 0
323 1 0.1 5.93157 4.66424 0.461623 -0.00260403 -0.00485519 0.00284873 0.0364533 0.0739649 -0.0250613 1 0 0 0 0 0 0 0
324 1 0.1 6.21268 5.19 0.538572 -0.00601165 -0.00772511 0.00328886 0.0250582 -0.0577473 -0.0889835 1 0 0 0 0 0 0 0
325 1 0.1 6.2066 1.06142 0.441384 -0.0223002 -0.00537995 0.0207501 -0.254747 -0.0398396 -0.0563011 1 0 0 0 0 0 0 0
326 1 0.1 6.02816 1.22036 0.491915 -0.0177113 0.00523481 -0.01694 -0.139933 0.105873 0.0301513 1 0 0 0 0 0 0 0
327 1 0.1 5.84653 1.97443 0.47664 0.0479898 0.0113197 -0.0034948 -0.0254789 -0.180546 0.329845 1 0 0 0 0 0 0 0
328 1 0.1 5.67505 2.26614 0.607804 -0.058765 0.0259075 -0.0191488 0.128587 0.389632 -0.519526 1 0 0 0 0 0 0 0
329 1 0.1 5.82022 2.12887 0.600388 -0.0866331 -0.00896686 -0.0027788 0.189957 -1.00582 0.472063 1 0 0 0 0 0 0 0
330 1 0.1 5.42204 2.30678 0.612399 -0.0985636 0.0399386 0.00789837 0.160974 0.0934423 -0.0206942 1 0 0 0 0 0 0 0
331 1 0.1 5.61088 2.12033 0.487066 0.023487 -0.1434 0.133991 -0.512016 2.03676 -1.00557 1 0 0 0 0 0 0 0
332 1 0.1 5.78485 2.6385 0.700173 0.0979027 -0.025366 -0.00268884 -0.0987782 0.0172783 -0.403669 1 0 0 0 0 0 0 0
333 1 0.1 5.70278 2.55656 0.416067 -0.0377817 0.0498288 0.024859 0.228143 0.887475 -1.14972 1 0 0 0 0 0 0 0
334 1 0.1 5.51477 2.58932 0.580467 0.244033 0.00955232 0.0726365 -1.40089 -0.753911 -0.210908 1 0 0 0 0 0 0 0
335 1 0.1 5.09126 2.44275 0.44777 -0.0653049 -0.0252434 -0.0437621 -0.0065787 -0.229068 -0.661606 1 0 0 0 0 0 0 0
336 1 0.1 5.40603 2.75257 0.507445 -0.0716462 0.136684 0.245222 -0.324903 1.34201 -2.02444 1 0 0 0 0 0 0 0
337 1 0.1 4.83783 2.96451 0.596279 0.106469 0.00121363 0.0731314 -1.56932 -1.01639 1.20756 1 0 0 0 0 0 0 0
338 1 0.1 5.20677 2.92631 0.378729 0.117001 0.0353846 -0.0285799 -0.877948 -1.24906 -0.607778 1 0 0 0 0 0 0 0
339 1 0.1 5.24826 3.19553 0.508695 0.073989 0.0152703 -0.0242194 0.624138 0.172334 -0.2166 1 0 0 0 0 0 0 0
340 1 0.1 5.43604 3.23944 0.463566 0.101625 -0.0153278 0.0143042 -0.180291 -0.545767 -0.184738 1 0 0 0 0 0 0 0
341 1 0.1 5.41861 3.39104 0.592235 -0.265247 -0.139371 0.130497 0.183752 -1.6376 -0.726153 1 0 0 0 0 0 0 0
342 1 0.1 5.52318 3.53249 0.49823 -0.00870156 -0.195575 0.220916 0.261734 0.311949 -0.684938 1 0 0 0 0 0 0 0
343 1 0.1 5.61395 3.68548 0.390388 0.00107349 -0.0193874 0.0135349 0.183838 1.64766 1.00091 1 0 0 0 0 0 0 0
344 1 0.1 5.81944 3.69436 0.539973 -0.0478438 -0.014999 -0.11139 -0.327461 0.334181 -0.245896 1 0 0 0 0 0 0 0
345 1 0.1 5.85024 3.40317 0.762603 -0.0123002 0.0577859 -0.0110117 0.480912 0.0320507 -0.258305 1 0 0 0 0 0 0 0
346 1 0.1 5.8976 3.8729 0.584079 -0.0767351 -0.0114571 -0.0372281 1.02994 -0.603281 0.524969 1 0 0 0 0 0 0 0
347 1 0.1 6.09456 3.90813 0.613232 -0.0788336 0.0443417 0.0336755 0.265067 -0.893498 0.898151 1 0 0 0 0 0 0 0
348 1 0.1 5.92909 4.90704 0.558811 6.89976e-05 -0.00066697 0.00175958 -0.0381227 0.0020765 0.00276473 1 0 0 0 0 0 0 0
349 1 0.1 6.12026 4.8588 0.525448 -0.00214627 -0.00705023 -0.00128641 0.0263677 -0.11261 0.244073 1 0 0 0 0 0 0 0
350 1 0.1 6.22395 1.24149 0.526436 -0.0167175 0.0143478 -0.025501 -0.238922 -0.0572892 0.00445735 1 0 0 0 0 0 0 0
351 1 0.1 6.09891 1.39257 0.564895 -0.0188382 0.00910369 -0.0227045 0.18255 0.179057 0.0625029 1 0 0 0 0 0 0 0
352 1 0.1 6.00881 1.56711 0.601376 0.00620447 0.0132584 0.00855837 0.00652965 0.15525 -0.264678 1 0 0 0 0 0 0 0
353 1 0.1 5.91855 2.06577 0.762563 -0.0843908 -0.0221169 -0.00280343 0.00468991 0.563876 0.568272 1 0 0 0 0 0 0 0
354 1 0.1 5.92722 2.82636 0.137498 0.059721 -0.00934637 0.000123811 -0.423814 -0.089699 -0.119981 1 0 0 0 0 0 0 0
355 1 0.1 5.79975 2.98031 0.135998 0.0833479 0.00630272 -0.00495746 0.121191 1.19203 -0.159845 1 0 0 0 0 0 0 0
356 1 0.1 5.62987 2.75664 0.762576 0.0823371 0.0267639 0.00524456 0.10144 -0.0761724 -0.170557 1 0 0 0 0 0 0 0
357 1 0.1 5.8077 2.81224 0.55053 0.213436 0.0408364 0.216997 0.393436 -1.13246 -0.0912185 1 0 0 0 0 0 0 0
358 1 0.1 5.1361 2.91352 0.718631 -0.00180737 0.0296059 0.0120583 -0.162255 -0.254347 0.0150354 1 0 0 0 0 0 0 0
359 1 0.1 5.61851 2.75164 0.528135 0.248419 -0.000696552 0.0393791 0.171548 -0.572235 0.597345 1 0 0 0 0 0 0 0
360 1 0.1 5.85658 3.0035 0.617296 0.0421096 0.180228 -0.0117532 -1.55494 0.804248 2.18656 1 0 0 0 0 0 0 0
361 1 0.1 5.68049 2.92986 0.676574 0.128091 0.0313027 0.0601156 0.140949 -0.583059 -0.0226746 1 0 0 0 0 0 0 0
362 1 0.1 5.49564 2.95982 0.60741 0.146603 0.031742 0.00216277 0.122962 0.822044 0.291935 1 0 0 0 0 0 0 0
363 1 0.1 5.26654 3.01106 0.577993 0.0289633 0.0426841 0.0519588 -1.22052 -0.385349 -0.159123 1 0 0 0 0 0 0 0
364 1 0.1 5.55826 3.06175 0.764105 0.102882 0.0381259 0.0107572 0.157959 -0.986548 0.350796 1 0 0 0 0 0 0 0
365 1 0.1 5.40372 3.143 0.635524 0.0551055 0.0523525 0.0250844 -0.489147 -0.157536 -0.399708 1 0 0 0 0 0 0 0
366 1 0.1 5.82504 3.22178 0.591964 0.133967 0.119621 -0.0334792 -0.295339 -0.518352 -0.116848 1 0 0 0 0 0 0 0
367 1 0.1 5.60074 3.25699 0.762357 0.0501838 0.080499 -0.0383138 -1.01569 -0.317829 0.211192 1 0 0 0 0 0 0 0
368 1 0.1 5.70912 3.53052 0.570269 0.0862226 -0.0845793 0.0303586 -0.59281 0.919761 1.69785 1 0 0 0 0 0 0 0
369 1 0.1 6.00198 3.58353 0.50279 -0.0222072 0.057545 -0.07184 0.654316 -0.528408 0.688832 1 0 0 0 0 0 0 0
370 1 0.1 5.881 3.41145 0.565296 0.104628 0.106862 -0.00315525 0.0397421 -0.950241 0.53119 1 0 0 0 0 0 0 0
371 1 0.1 5.88715 3.27094 0.379142 0.0991465 0.0226439 -0.198579 -0.452699 1.49716 -0.397511 1 0 0 0 0 0 0 0
372 1 0.1 6.01229 3.97684 0.44444 -0.0163004 -0.00488032 -0.0157583 -0.182922 -0.245813 -0.0869705 1 0 0 0 0 0 0 0
373 1 0.1 5.92856 4.48656 0.559494 -0.00343132 0.00168597 -0.000825088 0.145051 -0.277709 -0.134362 1 0 0 0 0 0 0 0
374 1 0.1 6.08013 4.67527 0.593739 0.000994488 -0.00775719 -0.00109943 0.0204206 -0.0092339 0.0442149 1 0 0 0 0 0 0 0
375 1 0.1 6.08553 0.935262 0.760567 -0.00403409 0.00321563 0.00258567 0.00928091 -0.0363296 -0.0531539 1 0 0 0 0 0 0 0
376 1 0.1 5.78437 1.23555 0.749993 -0.000525674 0.000786793 -0.000158047 0.00109868 0.00198809 -0.00675629 1 0 0 0 0 0 0 0
377 1 0.1 5.643 1.37691 0.750017 -0.000762474 0.000985136 -0.000899209 -0.0142758 -0.00170239 0.011862 1 0 0 0 0 0 0 0
378 1 0.1 5.50171 1.51824 0.748481 0.000585088 0.00353807 -0.00102533 -0.00035337 0.014374 0.00981009 1 0 0 0 0 0 0 0
379 1 0.1 5.36076 1.65957 0.748235 -0.00312262 0.00570182 -0.00569523 -0.0820991 0.0421503 0.0294962 1 0 0 0 0 0 0 0
380 1 0.1 5.22214 1.80196 0.76666 -0.00648801 0.0116561 0.000841763 -1.25556 -0.580614 -0.103463 1 0 0 0 0 0 0 0
381 1 0.1 5.15791 1.91453 0.627001 0.183341 0.0311267 -0.0774319 0.441268 -0.0567859 -2.24891 1 0 0 0 0 0 0 0
382 1 0.1 4.86397 2.16156 0.76409 0.00590854 -0.00762983 0.00537154 -0.093117 -0.0422572 -0.0912043 1 0 0 0 0 0 0 0
383 1 0.1 4.72088 2.29826 0.752639 -0.00186358 0.00460783 0.0032666 0.0932308 -0.119797 0.224785 1 0 0 0 0 0 0 0
384 1 0.1 4.58197 2.43983 0.766191 0.000530032 -0.00286289 0.000957567 0.00581918 -1.18942 -0.448621 1 0 0 0 0 0 0 0
385 1 0.1 4.37938 2.6376 0.540397 -0.023916 0.0436757 0.00766467 -0.362024 -1.07249 0.834286 1 0 0 0 0 0 0 0
386 1 0.1 4.18963 2.89662 0.757281 0.007232 -0.103375 -0.0717224 -0.348526 0.459038 -0.259064 1 0 0 0 0 0 0 0
387 1 0.1 4.32032 2.96908 0.611788 0.0798414 0.0767007 -0.085303 0.98167 0.743933 -0.140295 1 0 0 0 0 0 0 0
388 1 0.1 4.18759 3.09623 0.749111 0.0267444 -0.105461 -0.0356316 0.708265 0.655398 -0.301724 1 0 0 0 0 0 0 0
389 1 0.1 4.56494 3.27184 0.59798 -0.127446 -0.212833 0.161281 2.68956 4.56497 0.339915 1 0 0 0 0 0 0 0
390 1 0.1 4.52126 3.43456 0.763783 -0.010708 0.0998324 -0.0116806 2.80178 1.86105 1.65051 1 0 0 0 0 0 0 0
391 1 0.1 4.66041 3.63958 0.762454 -0.0662704 -0.0394678 0.00206226 0.00958013 0.0142224 -0.0443973 1 0 0 0 0 0 0 0
392 1 0.1 4.85545 3.82451 0.581601 0.0203699 0.0214852 0.014377 -0.00233376 0.0271324 -0.149802 1 0 0 0 0 0 0 0
393 1 0.1 4.93324 3.91241 0.749997 -0.0471594 -0.0367224 -0.00232043 -0.0970798 0.026034 -1.67838 1 0 0 0 0 0 0 0
394 1 0.1 5.12628 4.09857 0.762581 0.00136452 0.000485028 0.000558774 0.0154014 -0.0250102 0.00928992 1 0 0 0 0 0 0 0
395 1 0.1 5.26517 4.24156 0.749927 -0.000214358 -2.47257e-06 0.00025792 -0.0195278 0.0188475 0.00204252 1 0 0 0 0 0 0 0
396 1 0.1 5.42953 4.40856 0.755177 -0.00752892 0.00150515 -0.0216854 0.276295 -0.0113108 -0.0315365 1 0 0 0 0 0 0 0
397 1 0.1 5.57097 4.54974 0.752173 -0.0023387 -0.00151901 -0.00247043 0.0121551 0.0157587 -0.0110575 1 0 0 0 0 0 0 0
398 1 0.1 5.71363 4.68961 0.760466 -0.00157152 -0.00234679 -0.00225165 0.00737013 0.0143392 -0.00624672 1 0 0 0 0 0 0 0
399 1 0.1 5.85553 4.83186 0.739471 -0.0131095 -0.0129633 0.0155727 0.0532207 -0.233345 -0.145902 1 0 0 0 0 0 0 0
400 1 0.1 6.23847 0.786286 0.762536 -0.0233599 0.0173277 0.000516032 0.177392 0.234182 0.251918 1 0 0 0 0 0 0 0
401 1 0.1 5.95095 1.07604 0.715373 -0.00405353 0.00234973 1.34299e-05 -0.00675081 -0.0111777 0.0449644 1 0 0 0 0 0 0 0
402 1 0.1 5.68859 1.586 0.763177 -0.000777816 0.0154978 0.00305406 0.17356 -0.000231072 0.127955 1 0 0 0 0 0 0 0
403 1 0.1 5.70423 1.68279 0.59024 0.0143858 0.0499614 0.0313122 0.158246 -0.579508 0.616305 1 0 0 0 0 0 0 0
404 1 0.1 5.5566 1.74168 0.763352 0.0211401 0.024914 0.000913722 0.26019 -0.217346 -0.00858921 1 0 0 0 0 0 0 0
405 1 0.1 5.40357 1.85689 0.708422 0.00223573 -0.00422508 0.00266285 -0.114508 0.134199 0.413457 1 0 0 0 0 0 0 0
406 1 0.1 5.24513 2.03207 0.762693 0.110947 0.00257442 -0.000551023 0.0331754 -1.1182 2.07357 1 0 0 0 0 0 0 0
407 1 0.1 5.28809 2.15876 0.614235 -0.0460061 0.000249217 -0.0491397 -0.655148 -1.49214 0.714696 1 0 0 0 0 0 0 0
408 1 0.1 4.97986 2.32432 0.763167 0.00024452 -0.00426948 0.00144144 -0.0298677 0.00939644 0.000680752 1 0 0 0 0 0 0 0
409 1 0.1 4.83561 2.45539 0.721114 0.0197252 0.0114489 0.0175791 -0.255896 -0.392074 -0.31887 1 0 0 0 0 0 0 0
410 1 0.1 4.3033 2.71233 0.765769 -0.0144622 -0.00229609 0.000864552 0.870636 0.359646 0.895309 1 0 0 0 0 0 0 0
411 1 0.1 4.41821 2.88259 0.763245 -0.0304842 0.0323171 0.00472207 0.081114 0.00966065 0.0170286 1 0 0 0 0 0 0 0
412 1 0.1 4.38527 3.07942 0.764423 0.03055 0.0280714 -0.0232372 0.416765 -0.287139 1.77281 1 0 0 0 0 0 0 0
413 1 0.1 4.66896 3.30412 0.763046 0.0563901 0.139616 -0.00376327 -7.13417 -2.05291 -0.422195 1 0 0 0 0 0 0 0
414 1 0.1 4.77214 3.32485 0.593045 0.282965 -0.0983362 0.0989092 1.26578 -0.806438 4.89531 1 0 0 0 0 0 0 0
415 1 0.1 4.59053 3.53628 0.606312 -0.112191 0.0957497 -0.0509985 -2.64457 -0.587959 -0.433197 1 0 0 0 0 0 0 0
416 1 0.1 4.99526 3.51855 0.763138 0.113117 0.0267913 -0.00558646 0.292943 -0.393935 -0.0849519 1 0 0 0 0 0 0 0
417 1 0.1 4.83267 3.74031 0.762538 -0.199062 0.133675 0.0095791 0.369548 0.0997073 1.93675 1 0 0 0 0 0 0 0
418 1 0.1 5.04337 3.78766 0.63841 0.0234005 -0.000587203 -0.00829562 0.0696826 0.188344 -0.0778383 1 0 0 0 0 0 0 0
419 1 0.1 5.15192 3.90039 0.762569 0.0189856 0.00124312 -0.00103754 0.01889 -0.193848 0.181378 1 0 0 0 0 0 0 0
420 1 0.1 5.4577 4.19062 0.762564 -0.00442405 -0.0100775 0.000231927 -0.103358 0.0118486 -0.112097 1 0 0 0 0 0 0 0
421 1 0.1 5.61755 4.34162 0.762602 -0.0139604 0.00547427 -0.000575471 -0.125443 -0.140454 0.0107695 1 0 0 0 0 0 0 0
422 1 0.1 5.76298 4.49507 0.762506 -0.0103351 -0.0290641 0.000983665 -0.110695 -0.0248576 -0.280266 1 0 0 0 0 0 0 0
423 1 0.1 5.89136 4.64709 0.67232 -0.0165066 -0.011457 0.00948613 0.107534 -0.267602 -0.0738323 1 0 0 0 0 0 0 0
424 1 0.1 6.13643 5.11579 0.750472 -0.011537 -0.0123951 -0.00902888 0.00782768 0.104149 -0.153421 1 0 0 0 0 0 0 0
425 1 0.1 6.37754 0.643193 0.749959 -0.0234344 0.0172811 0.000660386 -0.209348 -0.229651 -0.244697 1 0 0 0 0 0 0 0
426 1 0.1 6.00757 1.26223 0.760748 -0.00620507 0.00235462 -2.75932e-05 -0.0211237 -0.0812 -0.0478704 1 0 0 0 0 0 0 0
427 1 0.1 5.87811 1.41438 0.762815 0.00268826 0.00913801 0.000593256 0.0981356 -0.0126738 -0.0636628 1 0 0 0 0 0 0 0
428 1 0.1 5.96087 1.80027 0.763065 0.0424636 -0.00160947 0.00256099 -0.0201795 -0.403484 -0.121934 1 0 0 0 0 0 0 0
429 1 0.1 5.7417 1.86596 0.762607 0.00671334 0.0347186 -0.000204058 0.31857 -0.127853 0.367447 1 0 0 0 0 0 0 0
430 1 0.1 5.56512 1.95972 0.762842 -0.0069908 0.0157032 -0.00109092 0.210334 -0.0164807 -0.152336 1 0 0 0 0 0 0 0
431 1 0.1 5.42128 2.17274 0.762583 -0.129861 0.0843599 0.00994883 0.181383 0.46304 0.00830386 1 0 0 0 0 0 0 0
432 1 0.1 5.22172 2.28968 0.762533 -0.182046 -0.00675772 -0.00309929 -0.635027 -0.00369249 -0.292789 1 0 0 0 0 0 0 0
433 1 0.1 5.28591 2.58524 0.538888 -0.219092 -0.0516012 -0.306712 -0.00433775 2.30161 -1.86048 1 0 0 0 0 0 0 0
434 1 0.1 5.01376 2.53509 0.757458 0.0166907 0.0451363 0.0157791 -0.180212 -0.255628 -0.0121527 1 0 0 0 0 0 0 0
435 1 0.1 4.85233 2.6493 0.763357 0.000537664 0.02344 -0.00159889 0.0804738 -0.128297 0.460827 1 0 0 0 0 0 0 0
436 1 0.1 4.63424 2.63264 0.762209 0.0132407 -0.0135909 -0.000999589 0.423619 -0.057233 0.377432 1 0 0 0 0 0 0 0
437 1 0.1 4.69328 3.12128 0.567126 0.373012 0.201518 -0.210358 -3.01044 2.12992 0.483236 1 0 0 0 0 0 0 0
438 1 0.1 4.82869 3.18744 0.763927 -0.00915494 0.0360712 -0.00886989 0.22937 -0.0537741 0.0577506 1 0 0 0 0 0 0 0
439 1 0.1 4.81401 3.43746 0.762779 0.0924368 0.0784316 -0.00578264 3.97798 -0.888774 -0.203781 1 0 0 0 0 0 0 0
440 1 0.1 4.97761 3.31993 0.748375 -0.00930057 0.0383489 -0.0240269 -0.342187 0.171276 -0.114665 1 0 0 0 0 0 0 0
441 1 0.1 5.13476 3.66018 0.762226 0.0965951 0.0509542 -0.0149284 -0.424391 0.441887 0.363608 1 0 0 0 0 0 0 0
442 1 0.1 5.27667 3.74677 0.652885 0.118052 -0.0460535 -0.0761818 -0.637166 -0.287958 -0.619029 1 0 0 0 0 0 0 0
443 1 0.1 5.45007 3.88819 0.763663 -0.0346176 0.0855979 0.0147601 0.910911 0.566324 0.246812 1 0 0 0 0 0 0 0
444 1 0.1 5.61926 4.07336 0.762874 0.000316435 0.000185664 -0.000419986 0.0331549 0.0974717 0.149845 1 0 0 0 0 0 0 0
445 1 0.1 5.73052 4.20765 0.666923 -0.0396848 0.013495 -0.0287095 0.292125 0.504739 -0.0606285 1 0 0 0 0 0 0 0
446 1 0.1 5.86835 4.31475 0.762876 -0.0203907 -0.0245367 -0.00347836 0.0519415 -0.0717032 0.104275 1 0 0 0 0 0 0 0
447 1 0.1 5.96969 4.48707 0.762611 -0.0247731 -0.0218358 -4.66319e-05 0.0737328 0.244942 0.0121381 1 0 0 0 0 0 0 0
448 1 0.1 6.05386 4.77791 0.762774 0.00205078 -0.011074 0.000254848 -0.107052 -0.0202288 0.021518 1 0 0 0 0 0 0 0
449 1 0.1 6.27777 5.25722 0.749971 -0.0099524 -0.0135216 0.000194365 0.131796 -0.102328 0.154563 1 0 0 0 0 0 0 0
450 1 0.1 6.29487 0.941832 0.65031 -0.0302643 0.0411144 0.0297131 0.21268 -0.182597 -0.19787 1 0 0 0 0 0 0 0
451 1 0.1 6.15769 1.0863 0.633674 -0.0260351 0.0437031 0.0110963 -0.245492 -0.052061 0.160907 1 0 0 0 0 0 0 0
452 1 0.1 6.07089 1.46688 0.762647 0.00362897 0.00283188 0.00120818 0.0238892 -0.00978949 -0.00764743 1 0 0 0 0 0 0 0
453 1 0.1 5.8894 1.61377 0.760986 0.0212646 0.00742904 -0.00687227 -0.101954 -0.184407 -0.118342 1 0 0 0 0 0 0 0
454 1 0.1 5.62887 2.14881 0.762643 -0.021364 0.0320064 -0.00173453 -0.127513 0.253456 0.309863 1 0 0 0 0 0 0 0
455 1 0.1 5.55121 2.33307 0.762566 -0.0698603 0.0232052 -0.00575543 0.103801 0.226997 0.050322 1 0 0 0 0 0 0 0
456 1 0.1 5.37537 2.43023 0.762514 -0.185767 -0.00690978 0.0057815 -0.189865 -2.11857 -1.90774 1 0 0 0 0 0 0 0
457 1 0.1 5.55194 2.32452 0.461446 -0.0919546 0.0670692 0.024356 -0.0531668 -0.693529 -0.317963 1 0 0 0 0 0 0 0
458 1 0.1 5.27223 2.60031 0.742797 0.0589698 0.122275 -0.122142 -0.124232 0.231692 -0.733917 1 0 0 0 0 0 0 0
459 1 0.1 5.46295 2.64682 0.763726 0.0669906 0.0606925 -0.000343872 0.743643 -1.05464 0.417532 1 0 0 0 0 0 0 0
460 1 0.1 5.11734 2.64421 0.62882 -0.0373341 0.0417378 -0.0304758 -0.528385 1.02898 0.967986 1 0 0 0 0 0 0 0
461 1 0.1 4.84382 2.84727 0.756268 0.00877503 0.0443907 0.119929 0.968279 -0.748477 -0.313709 1 0 0 0 0 0 0 0
462 1 0.1 4.73215 3.01239 0.762704 -0.0142627 0.0384615 -0.000285519 0.329138 0.132225 0.0432982 1 0 0 0 0 0 0 0
463 1 0.1 5.09005 3.07342 0.524833 0.0469807 0.0497249 -0.0330665 0.394493 -0.289759 -0.223088 1 0 0 0 0 0 0 0
464 1 0.1 4.91953 3.14545 0.593385 0.00617748 0.0694144 -0.0344996 0.107712 -0.0448432 0.149093 1 0 0 0 0 0 0 0
465 1 0.1 5.17121 3.43967 0.581747 0.0403003 0.0504365 0.0304356 0.518061 0.665228 0.0533009 1 0 0 0 0 0 0 0
466 1 0.1 5.38769 3.6255 0.763203 0.0347735 -0.0158133 0.00708202 -0.154902 -0.273568 0.124583 1 0 0 0 0 0 0 0
467 1 0.1 5.59178 3.71413 0.586917 0.111515 -0.116475 0.0446732 -2.96299 -0.549292 2.85769 1 0 0 0 0 0 0 0
468 1 0.1 5.62254 3.79245 0.765891 -0.0245055 0.102779 -0.00713407 1.30009 -0.322546 -0.0240811 1 0 0 0 0 0 0 0
469 1 0.1 5.76287 3.93463 0.76252 0.0410096 0.0433484 -0.00175508 -0.151935 0.0409124 0.413112 1 0 0 0 0 0 0 0
470 1 0.1 5.96423 3.9334 0.762624 -0.130456 -0.0545052 0.0014057 0.00101039 0.394515 0.289385 1 0 0 0 0 0 0 0
471 1 0.1 5.90614 4.12155 0.728345 -0.0932199 -0.0439786 0.00906832 -0.0819554 0.0495915 -0.745331 1 0 0 0 0 0 0 0
472 1 0.1 6.02029 4.3249 0.633291 -0.0318944 -0.0109056 -0.0161314 -0.00667428 0.265946 0.000323885 1 0 0 0 0 0 0 0
473 1 0.1 5.99711 4.97289 0.738324 -0.0132504 -0.0129965 0.0167114 -0.138555 0.133592 0.148827 1 0 0 0 0 0 0 0
474 1 0.1 6.18636 4.91796 0.704563 -0.0123805 -0.00286659 0.00137938 0.00454297 0.0626165 0.000595894 1 0 0 0 0 0 0 0
475 1 0.1 6.30202 1.13599 0.762582 -0.020378 0.0425523 0.0014034 0.41914 0.211163 -0.0138743 1 0 0 0 0 0 0 0
476 1 0.1 6.19935 1.31515 0.741053 -0.0134635 -0.00111942 -0.0751463 0.177461 0.907293 -0.002768 1 0 0 0 0 0 0 0
477 1 0.1 5.99353 1.95621 0.613095 -0.00297455 0.076995 -0.0364771 0.12982 -0.0182467 1.47289 1 0 0 0 0 0 0 0
478 1 0.1 5.83003 2.245 0.762615 -0.0763505 -0.0159471 -0.00020867 -0.15163 0.766674 -0.97163 1 0 0 0 0 0 0 0
479 1 0.1 5.80344 2.44286 0.762994 0.0186843 -0.00337847 0.00169212 0.0739477 0.00576123 0.0049712 1 0 0 0 0 0 0 0
480 1 0.1 5.925 3.21777 0.763272 0.0454517 0.0730808 0.00587112 0.676834 -0.463796 -0.240295 1 0 0 0 0 0 0 0
481 1 0.1 5.82589 2.82381 0.76272 0.138763 -0.0297814 -0.00670825 0.04151 -0.0234889 -0.0403297 1 0 0 0 0 0 0 0
482 1 0.1 5.6263 2.53396 0.762291 0.0577451 0.0531606 0.0281427 -0.0970285 0.253315 -0.532325 1 0 0 0 0 0 0 0
483 1 0.1 5.70257 2.46333 0.592279 -0.00218338 0.0221245 0.0122084 0.0792486 0.192384 -0.162231 1 0 0 0 0 0 0 0
484 1 0.1 5.45124 2.84654 0.764428 0.0861394 0.0382227 0.0012895 -0.156465 -1.09273 -0.855757 1 0 0 0 0 0 0 0
485 1 0.1 5.33365 3.00479 0.76264 0.10029 0.0467199 0.00595196 0.704297 0.773808 0.430651 1 0 0 0 0 0 0 0
486 1 0.1 5.02107 2.75626 0.762821 -0.0072332 0.0259839 0.00178335 0.217492 0.140266 -0.05156 1 0 0 0 0 0 0 0
487 1 0.1 4.94067 3.02192 0.757704 -0.00653125 0.053719 0.114049 -0.849645 0.659009 -0.232646 1 0 0 0 0 0 0 0
488 1 0.1 5.12081 3.10785 0.762591 0.00204819 0.0296952 0.00561688 0.119535 0.121971 -0.0629401 1 0 0 0 0 0 0 0
489 1 0.1 5.17746 3.29414 0.718753 0.0245014 0.0256208 0.00999284 -0.0948533 -0.244111 -0.0944705 1 0 0 0 0 0 0 0
490 1 0.1 5.37202 3.2926 0.76278 0.0345466 0.0876801 0.00584895 0.318042 -0.0946824 0.822644 1 0 0 0 0 0 0 0
491 1 0.1 5.26895 3.46545 0.762847 0.0332701 -0.000976294 0.00788795 -0.0619479 -0.296873 -0.224682 1 0 0 0 0 0 0 0
492 1 0.1 5.51075 3.43543 0.763091 0.0702095 0.142341 -0.0416666 0.648847 -0.0993181 -0.194703 1 0 0 0 0 0 0 0
493 1 0.1 5.75396 3.10236 0.762515 0.0799938 0.161053 -0.00104828 0.147083 1.1795 0.901911 1 0 0 0 0 0 0 0
494 1 0.1 5.72382 3.58012 0.762836 0.0601139 -0.00374799 0.00536039 -0.0535455 -0.587553 0.926636 1 0 0 0 0 0 0 0
495 1 0.1 5.8365 3.74942 0.748424 0.0737003 0.064498 -0.0146256 0.482969 -0.56468 -0.0823659 1 0 0 0 0 0 0 0
496 1 0.1 5.90415 3.57553 0.676914 0.0499564 0.0812913 -0.032271 -0.265901 0.943209 0.084706 1 0 0 0 0 0 0 0
497 1 0.1 5.97377 4.15222 0.536453 -0.0702044 -0.00793143 -0.0652247 -0.286327 1.15775 0.471407 1 0 0 0 0 0 0 0
498 1 0.1 6.14712 4.59218 0.762555 0.00595307 -0.00356385 -0.00032567 -0.067674 -0.0638394 -0.0305233 1 0 0 0 0 0 0 0
499 1 0.1 6.27299 4.74741 0.762621 -0.000615669 0.0018893 -0.000127165 0.004001 -0.00258695 0.126246 1 0 0 0 0 0 0 0
