500
0 1 0.1 5.91379 1.11231 0.149049 0.00285196 0.000891624 0.00256092 0.0290207 0.0102596 -0.0356684 1 0 0 0 0 0 0 0
1 1 0.1 5.77314 1.25353 0.137073 0.00048392 -0.00303614 0.00188719 -0.116315 -0.095614 0.159658 1 0 0 0 0 0 0 0
2 1 0.1 5.57627 1.44182 0.149279 0.000691487 -0.00191247 -0.00164472 -0.00220189 0.0188581 -0.0205682 1 0 0 0 0 0 0 0
3 1 0.1 5.2933 1.72473 0.148849 -0.0104351 0.0061848 0.0210358 0.0538724 -0.233605 0.0812678 1 0 0 0 0 0 0 0
4 1 0.1 5.41712 1.82526 0.420271 -0.16251 0.0260516 0.0603044 0.160643 0.16077 -0.020185 1 0 0 0 0 0 0 0
5 1 0.1 5.14978 1.87226 0.142446 -0.051694 0.0744376 0.0194158 -0.188242 -0.330076 0.897645 1 0 0 0 0 0 0 0
6 1 0.1 4.93517 2.0853 0.150659 -0.00220357 0.00426231 0.00398613 0.0170651 -0.0381013 0.0498488 1 0 0 0 0 0 0 0
7 1 0.1 4.79371 2.22659 0.149406 -0.00190125 0.00647439 -0.00613088 -0.0958156 4.57369e-05 0.0553135 1 0 0 0 0 0 0 0
8 1 0.1 4.79742 2.68257 0.136639 -0.0074617 0.017717 -0.00480018 -0.0899592 -0.0239891 -0.04255 1 0 0 0 0 0 0 0
9 1 0.1 4.69493 2.71847 0.30283 -0.0205906 0.022348 -0.00661667 -0.0933918 -0.119863 0.20222 1 0 0 0 0 0 0 0
10 1 0.1 4.19315 2.83646 0.150012 -1.80751e-05 -0.000257271 -0.000141268 -0.000635685 0.00207595 -0.00245948 1 0 0 0 0 0 0 0
11 1 0.1 4.19322 2.8376 0.45 -1.59988e-05 -0.000249273 4.86631e-06 0.000218491 0.000591831 -0.00257801 1 0 0 0 0 0 0 0
12 1 0.1 4.18973 3.09972 0.13874 -4.44109e-05 -3.42524e-05 0.000246329 -0.00162412 -0.00308278 0.000217532 1 0 0 0 0 0 0 0
13 1 0.1 4.29917 3.23691 0.37604 -0.0558475 0.0668258 -0.0228807 0.597618 0.228772 0.10025 1 0 0 0 0 0 0 0
14 1 0.1 4.29285 3.27062 0.150404 -5.06033e-05 -1.26086e-06 -0.000168138 -0.00249907 0.00423358 0.0013068 1 0 0 0 0 0 0 0
15 1 0.1 4.47113 3.44856 0.134991 0.0183417 0.00852337 -0.0037514 -0.149326 0.831256 0.683639 1 0 0 0 0 0 0 0
16 1 0.1 4.52101 3.25549 0.137498 -0.0304231 -0.0169879 -0.00209492 0.111926 0.0284928 -0.931497 1 0 0 0 0 0 0 0
17 1 0.1 4.72395 3.69769 0.262162 0.0106378 0.000666653 -0.0169627 -0.0919539 0.0469299 0.00638225 1 0 0 0 0 0 0 0
18 1 0.1 4.61203 3.5883 0.139264 0.00763311 0.00388452 -0.00690405 0.079506 -0.0294857 -0.0760022 1 0 0 0 0 0 0 0
19 1 0.1 5.01024 3.99084 0.145579 -0.0168911 -0.0198986 0.0178893 -0.0868045 -0.168699 -0.282767 1 0 0 0 0 0 0 0
20 1 0.1 5.15263 4.13095 0.138635 -0.0136472 -0.0201591 -0.0142691 0.0909611 0.10351 -0.223369 1 0 0 0 0 0 0 0
21 1 0.1 5.34219 4.06977 0.136061 -0.0340569 -0.0692598 -0.00551985 0.783098 -0.50126 -0.335183 1 0 0 0 0 0 0 0
22 1 0.1 5.48805 4.45675 0.183351 0.00739073 0.00764039 0.00688546 0.632805 -0.681422 0.0256195 1 0 0 0 0 0 0 0
23 1 0.1 5.62368 4.59824 0.144757 0.0095737 -0.000517286 -0.0255021 -0.752703 1.17042 -0.151115 1 0 0 0 0 0 0 0
24 1 0.1 5.91563 4.89265 0.150716 -0.000574206 0.000114402 -0.000342291 -0.000451318 0.00844394 0.005704 1 0 0 0 0 0 0 0
25 1 0.1 6.05386 0.969916 0.151299 2.70536e-05 -0.000765895 -0.000215905 -0.00640901 0.00214952 0.000760945 1 0 0 0 0 0 0 0
26 1 0.1 5.7751 1.45725 0.137418 0.000147179 -0.018545 -0.000491079 0.182108 -0.00953956 -0.176781 1 0 0 0 0 0 0 0
27 1 0.1 5.6192 1.65931 0.138722 0.021018 -0.0566036 -0.00197963 0.0261901 0.0232217 -0.9912 1 0 0 0 0 0 0 0
28 1 0.1 5.43473 1.58327 0.150014 -0.0101863 0.0158612 -0.000440921 -0.00548805 0.00135806 0.198401 1 0 0 0 0 0 0 0
29 1 0.1 5.58666 1.9235 0.137415 0.0625411 -0.0862432 0.00319633 -0.0772113 0.139492 -0.454311 1 0 0 0 0 0 0 0
30 1 0.1 5.33165 1.95457 0.137275 -0.0423429 0.0953193 0.0315608 -0.933213 -0.365413 -0.755327 1 0 0 0 0 0 0 0
31 1 0.1 5.14853 2.0742 0.138357 -0.697429 0.148076 0.0147554 -0.205904 0.192008 1.54521 1 0 0 0 0 0 0 0
32 1 0.1 5.01039 2.24861 0.323541 -0.180479 0.159642 -0.0343705 -0.10575 -0.636902 3.76965 1 0 0 0 0 0 0 0
33 1 0.1 4.54879 2.63517 0.131889 -0.0480116 0.136449 0.0319611 -1.58838 -0.177412 -0.693116 1 0 0 0 0 0 0 0
34 1 0.1 4.92158 2.85371 0.137476 -0.0855047 0.0494496 -0.00135153 -0.253459 0.217363 -0.0965723 1 0 0 0 0 0 0 0
35 1 0.1 4.36511 2.69971 0.134891 -0.00672228 0.115845 -0.00437073 -0.760438 0.0678498 -0.325201 1 0 0 0 0 0 0 0
36 1 0.1 5.20763 2.88501 0.318566 -0.033789 0.0559062 -0.0315358 -0.407878 0.392948 0.359654 1 0 0 0 0 0 0 0
37 1 0.1 4.38293 2.89891 0.137491 -0.106141 0.134446 -0.000272922 0.640357 0.491943 -0.640992 1 0 0 0 0 0 0 0
38 1 0.1 4.52857 3.05617 0.137334 -0.0977355 -0.026749 0.00145011 -0.155073 -0.01998 0.245748 1 0 0 0 0 0 0 0
39 1 0.1 4.38487 3.0949 0.482355 -0.00893667 0.0132411 -0.141805 -0.0679403 1.44597 -0.679018 1 0 0 0 0 0 0 0
40 1 0.1 5.08963 3.26226 0.134412 0.000968784 0.0178968 -0.0113906 0.102325 -0.0904982 -0.788856 1 0 0 0 0 0 0 0
41 1 0.1 4.80821 3.54992 0.138931 0.00484735 -0.0138051 -0.00118963 0.058468 -0.0224524 -0.156995 1 0 0 0 0 0 0 0
42 1 0.1 4.83207 3.80838 0.136024 -0.000266157 0.00893971 -0.0103202 0.0217337 0.0577336 0.157526 1 0 0 0 0 0 0 0
43 1 0.1 5.0549 3.88623 0.310042 -0.057456 0.184247 0.158005 0.160409 0.0288709 -1.75588 1 0 0 0 0 0 0 0
44 1 0.1 5.56763 3.84898 0.136326 -0.0131693 -0.000330575 -0.00281552 -0.245323 -0.281535 -0.0622007 1 0 0 0 0 0 0 0
45 1 0.1 5.55372 4.04847 0.137461 -0.0320819 -0.00132008 0.00203703 0.019291 -0.214899 0.354286 1 0 0 0 0 0 0 0
46 1 0.1 5.52256 4.26575 0.136669 0.00481868 0.00826264 -0.00119743 -0.0609506 0.0341801 0.0805129 1 0 0 0 0 0 0 0
47 1 0.1 5.67288 4.39772 0.137305 0.0073529 0.00935751 0.00180106 -0.0487557 0.249899 -0.150313 1 0 0 0 0 0 0 0
48 1 0.1 5.7787 4.7473 0.136595 0.0039177 -0.0120347 -0.00206207 0.140729 0.0562151 -0.281055 1 0 0 0 0 0 0 0
49 1 0.1 6.05696 5.03404 0.149603 -0.000659847 -0.000643165 -0.000167386 0.00689062 -0.0032947 -0.0122148 1 0 0 0 0 0 0 0
50 1 0.1 6.19503 0.828365 0.149985 0.000403096 -0.000364887 0.000218264 -0.000534452 -0.00275747 -0.00526034 1 0 0 0 0 0 0 0
51 1 0.1 5.95594 1.33358 0.137466 -0.00027693 -0.00227349 -0.000520996 -0.115144 0.0683857 -0.090363 1 0 0 0 0 0 0 0
52 1 0.1 5.91647 1.92186 0.137222 0.020649 -0.0129354 0.00253326 0.158085 0.1947 0.00387289 1 0 0 0 0 0 0 0
53 1 0.1 5.75091 1.80968 0.137516 0.066017 -0.0931462 0.00161405 -0.0123807 -0.0636989 0.407265 1 0 0 0 0 0 0 0
54 1 0.1 5.75116 2.03979 0.137578 0.429647 -0.500499 0.0114075 0.151545 0.305833 0.15669 1 0 0 0 0 0 0 0
55 1 0.1 5.33134 2.16372 0.13725 -0.135594 -0.096183 -0.0149907 0.436962 -0.195325 -0.0127441 1 0 0 0 0 0 0 0
56 1 0.1 5.07668 2.26093 0.136779 -0.0729841 0.15292 -0.000471746 -1.52023 -0.665698 0.311728 1 0 0 0 0 0 0 0
57 1 0.1 5.2911 2.29722 0.431571 0.0163025 -0.12898 0.0635158 2.44581 -0.728775 0.285403 1 0 0 0 0 0 0 0
58 1 0.1 5.17555 2.41428 0.320797 0.249645 -0.000897481 -0.0602557 -1.78153 -1.81145 -1.8423 1 0 0 0 0 0 0 0
59 1 0.1 4.64241 2.46477 0.134552 -0.103709 0.172489 -0.0248477 -0.927854 -0.160913 -0.658146 1 0 0 0 0 0 0 0
60 1 0.1 5.40214 2.71593 0.29215 0.0554533 0.0326582 -0.0510028 1.33458 -0.796399 -2.82867 1 0 0 0 0 0 0 0
61 1 0.1 4.63177 2.81166 0.135716 -0.0414932 0.0702786 -0.0155912 -0.263367 -0.43868 0.31456 1 0 0 0 0 0 0 0
62 1 0.1 4.69258 2.97791 0.219627 -0.0461434 0.0587066 -0.0121636 0.203684 0.138629 -0.603588 1 0 0 0 0 0 0 0
63 1 0.1 4.71279 3.19886 0.137461 -0.0447512 -0.0635063 0.00381753 0.570784 -0.277531 0.431511 1 0 0 0 0 0 0 0
64 1 0.1 4.92331 3.15993 0.136848 0.0224017 -0.00708101 0.00987379 0.192025 -0.614578 0.240414 1 0 0 0 0 0 0 0
65 1 0.1 4.92892 3.50917 0.293273 -0.0461279 -0.190015 -0.0866279 0.206948 1.44947 -0.577237 1 0 0 0 0 0 0 0
66 1 0.1 5.34602 3.53528 0.134364 0.0091826 -0.00251398 -0.00439722 0.190822 0.579998 0.142851 1 0 0 0 0 0 0 0
67 1 0.1 5.42615 3.71451 0.162626 0.00991599 -0.00715937 0.0447599 0.253663 0.340104 0.435065 1 0 0 0 0 0 0 0
68 1 0.1 4.99695 3.72782 0.203205 -0.0299086 0.153874 0.194623 -1.23351 -1.77324 0.905099 1 0 0 0 0 0 0 0
69 1 0.1 5.55912 3.87877 0.444712 0.0333956 -0.0233824 0.0177235 0.14125 -0.0806545 0.167659 1 0 0 0 0 0 0 0
70 1 0.1 5.47538 4.0301 0.320434 -0.0290646 -0.0280424 0.00135488 0.0712077 0.216625 0.137171 1 0 0 0 0 0 0 0
71 1 0.1 5.73743 4.15072 0.137183 -0.00446431 0.00159784 -0.000871848 -0.0313733 -0.0434542 0.032129 1 0 0 0 0 0 0 0
72 1 0.1 5.85403 4.31317 0.137492 0.000772274 -0.00222695 7.30697e-05 0.00530779 0.00594888 -0.0391531 1 0 0 0 0 0 0 0
73 1 0.1 6.03412 4.73228 0.137349 -0.000517461 0.00125942 -0.000705751 -0.0168529 -0.0155328 -0.00187305 1 0 0 0 0 0 0 0
74 1 0.1 6.28238 5.26384 0.149985 -0.000460897 -0.0006984 4.58556e-05 0.000715989 -0.000949779 -0.0146287 1 0 0 0 0 0 0 0
75 1 0.1 6.15536 1.1127 0.311633 -0.00824165 -0.00210852 0.00223169 0.0288438 -0.0160761 -0.235151 1 0 0 0 0 0 0 0
76 1 0.1 6.09686 1.19175 0.137494 0.00278646 0.000684298 1.90655e-05 -0.00700225 0.02589 0.0348345 1 0 0 0 0 0 0 0
77 1 0.1 5.94125 1.72373 0.137312 0.00618081 -0.0035432 -0.00219934 -0.0748098 0.0559093 -0.100512 1 0 0 0 0 0 0 0
78 1 0.1 5.89144 2.18041 0.164426 0.0183945 0.0195963 -0.198791 0.728384 1.8613 1.12804 1 0 0 0 0 0 0 0
79 1 0.1 5.80235 2.29474 0.406039 0.0194356 -0.0740595 -0.00435303 0.856209 -0.0128796 -0.395122 1 0 0 0 0 0 0 0
80 1 0.1 5.56913 2.12211 0.141975 0.636263 -0.0262619 0.0684214 0.695335 -0.0618388 -5.31973 1 0 0 0 0 0 0 0
81 1 0.1 5.48094 2.30069 0.13737 0.430246 -0.101258 0.0128408 1.20601 -4.93639 7.55202 1 0 0 0 0 0 0 0
82 1 0.1 5.70441 2.80635 0.136623 0.100494 0.0410803 0.0553164 0.0913076 -0.141712 -0.102742 1 0 0 0 0 0 0 0
83 1 0.1 5.29335 2.36627 0.135028 0.38468 -0.0567625 -0.0227605 0.187068 4.1325 -7.74938 1 0 0 0 0 0 0 0
84 1 0.1 4.88603 2.40386 0.147235 -0.114828 0.0671392 -0.144568 -0.207454 2.45768 1.17033 1 0 0 0 0 0 0 0
85 1 0.1 5.03489 2.67772 0.135945 0.00164177 -0.0204802 0.00874529 0.0877436 -0.0030181 -0.0212911 1 0 0 0 0 0 0 0
86 1 0.1 5.62682 2.92594 0.275631 -0.00463206 -0.00394105 0.0174757 -0.0902367 -0.800056 0.280035 1 0 0 0 0 0 0 0
87 1 0.1 5.12319 2.86882 0.136591 0.0271286 0.0321876 -0.00800318 0.591694 0.35081 -0.526177 1 0 0 0 0 0 0 0
88 1 0.1 5.16744 3.28746 0.316793 -0.0170808 0.0140708 0.00354522 0.0689029 0.170689 0.244436 1 0 0 0 0 0 0 0
89 1 0.1 4.67656 3.39933 0.137068 -0.0045334 -0.00266593 -0.00550846 0.018666 -0.0445571 -0.0375855 1 0 0 0 0 0 0 0
90 1 0.1 5.17543 3.43745 0.148092 -0.0281289 0.0398429 -0.0994868 -3.92539 -4.53568 0.330665 1 0 0 0 0 0 0 0
91 1 0.1 5.54329 3.5564 0.137208 0.00605972 0.00425235 -0.00365641 -0.136446 0.0937357 0.0202709 1 0 0 0 0 0 0 0
92 1 0.1 5.69043 3.69151 0.137078 -0.00117371 0.0105646 -0.000692908 0.11322 0.029072 -0.0579624 1 0 0 0 0 0 0 0
93 1 0.1 5.8232 3.90365 0.382296 0.0365199 0.00253559 0.0182577 0.150949 -0.125289 0.0560003 1 0 0 0 0 0 0 0
94 1 0.1 5.72437 3.9592 0.192375 -0.0139768 0.00124601 -0.00334591 -0.0581042 0.0523088 -0.0753004 1 0 0 0 0 0 0 0
95 1 0.1 5.91378 3.99823 0.137444 -0.00684855 0.00845133 -0.000218715 0.0594112 0.0581776 0.0819115 1 0 0 0 0 0 0 0
96 1 0.1 6.01673 4.16958 0.137437 -0.0159662 0.0119476 0.00296815 -0.0899717 -0.165496 0.00630376 1 0 0 0 0 0 0 0
97 1 0.1 6.01942 4.32693 0.260696 0.0200141 0.0265917 -0.00850295 -0.128278 0.219421 -0.436692 1 0 0 0 0 0 0 0
98 1 0.1 6.14636 4.87224 0.225712 -0.010389 0.000272639 0.0131546 -0.6378 0.848818 -0.503994 1 0 0 0 0 0 0 0
99 1 0.1 6.2539 5.06625 0.138268 -0.000831544 -0.000588722 -0.00106167 0.0157414 0.0169984 0.0116441 1 0 0 0 0 0 0 0
100 1 0.1 6.39022 0.633016 0.350027 -0.00625545 0.00555105 6.75775e-05 0.0435173 0.0352657 -0.0914688 1 0 0 0 0 0 0 0
101 1 0.1 6.14377 1.40204 0.137642 0.00162087 -0.00910577 -0.00826934 -0.0169996 -0.0327757 0.00792205 1 0 0 0 0 0 0 0
102 1 0.1 5.99027 1.53022 0.137609 0.00260258 -0.00489051 -0.0057868 0.0896851 -0.00524216 0.0574196 1 0 0 0 0 0 0 0
103 1 0.1 5.94578 2.37849 0.294812 -0.0131608 -0.0357661 -0.0203913 -0.0663019 0.68477 0.305191 1 0 0 0 0 0 0 0
104 1 0.1 5.84148 2.80609 0.541403 0.024558 -0.00479599 0.0123301 -0.251741 0.0243128 0.162121 1 0 0 0 0 0 0 0
105 1 0.1 5.83322 2.42906 0.137478 -0.0444789 -0.040279 0.00113143 0.421546 -0.442335 0.26112 1 0 0 0 0 0 0 0
106 1 0.1 5.69308 2.5716 0.137378 -0.0789935 -0.073919 0.00120216 0.748979 -0.777471 0.223837 1 0 0 0 0 0 0 0
107 1 0.1 5.88871 3.13456 0.463515 0.0575593 -0.0441525 0.00695125 0.294848 -0.0813046 0.311513 1 0 0 0 0 0 0 0
108 1 0.1 5.52671 2.71829 0.137238 0.142397 0.0574645 -0.025166 0.459526 0.0208707 0.840048 1 0 0 0 0 0 0 0
109 1 0.1 5.48132 2.52568 0.136959 0.557448 -0.146044 -0.0221558 -0.494701 3.65788 0.849163 1 0 0 0 0 0 0 0
110 1 0.1 5.2707 2.59994 0.134314 0.241473 0.010511 0.0365007 -0.549835 2.51954 1.44287 1 0 0 0 0 0 0 0
111 1 0.1 5.30932 2.79586 0.136625 0.0735268 0.100318 0.0124745 -0.848818 0.969302 1.21602 1 0 0 0 0 0 0 0
112 1 0.1 5.45937 3.1113 0.138251 0.0155634 0.0277463 0.000965478 0.357754 -0.139997 -0.421852 1 0 0 0 0 0 0 0
113 1 0.1 5.11142 3.0659 0.151728 -0.0115351 0.0266122 0.0620995 -0.836459 0.0866521 0.698792 1 0 0 0 0 0 0 0
114 1 0.1 5.62797 3.26427 0.149781 0.0208345 -0.00505881 0.00480148 -0.00462884 0.0790801 -0.09053 1 0 0 0 0 0 0 0
115 1 0.1 5.71158 3.45014 0.137116 0.00126682 0.00277841 0.00124185 -0.103443 0.124943 -0.148568 1 0 0 0 0 0 0 0
116 1 0.1 5.65344 3.06658 0.136952 0.0099165 -0.00681567 0.00427664 -0.0387499 0.139851 -0.0277536 1 0 0 0 0 0 0 0
117 1 0.1 5.90122 3.38749 0.137348 -0.00393178 -0.00853112 0.00134341 0.0828502 -0.0970934 -0.00321457 1 0 0 0 0 0 0 0
118 1 0.1 5.85244 3.80813 0.141631 0.00230225 0.00694776 -0.00101326 -0.0103047 0.0638361 0.0100149 1 0 0 0 0 0 0 0
119 1 0.1 6.04657 3.85098 0.16286 0.00259206 0.0156734 -0.0126664 0.0308775 0.0601297 0.0753341 1 0 0 0 0 0 0 0
120 1 0.1 5.86086 3.58688 0.137449 -0.00363423 -0.000401003 0.000833139 0.00322189 -0.027763 0.0475318 1 0 0 0 0 0 0 0
121 1 0.1 6.05965 3.20978 0.170772 0.0271051 -0.0122352 -0.0331912 0.16371 0.236764 -0.030441 1 0 0 0 0 0 0 0
122 1 0.1 6.03074 4.2832 0.610206 -0.000212899 0.0106627 -0.00718324 0.2044 -0.00956905 0.000945284 1 0 0 0 0 0 0 0
123 1 0.1 5.95986 4.49661 0.135227 0.00425156 0.0250361 -0.00282407 -0.332578 0.0488991 -0.122072 1 0 0 0 0 0 0 0
124 1 0.1 6.17025 4.51116 0.137413 -0.0407742 -0.0228951 -0.000643582 0.228829 -0.406567 -0.0318277 1 0 0 0 0 0 0 0
125 1 0.1 5.968 1.05618 0.352449 -0.00985081 0.00882258 0.00346789 0.0791786 0.0722163 0.235429 1 0 0 0 0 0 0 0
126 1 0.1 5.83345 1.20037 0.31973 -0.0134618 0.00569731 0.0129986 0.0092013 -0.045375 -0.0319135 1 0 0 0 0 0 0 0
127 1 0.1 5.54857 1.47632 0.344931 -0.00858084 0.0110149 -0.0243432 -0.165701 0.0426503 0.261427 1 0 0 0 0 0 0 0
128 1 0.1 5.37026 1.64583 0.345607 -0.0569539 0.0643743 0.00187021 0.0206786 -0.0956891 0.817636 1 0 0 0 0 0 0 0
129 1 0.1 5.22885 1.7921 0.329341 -0.0182063 0.012158 0.014778 0.0323656 -0.233299 0.294627 1 0 0 0 0 0 0 0
130 1 0.1 5.08402 1.93443 0.345489 -0.123668 0.155827 0.06156 0.0196399 -0.737064 1.9564 1 0 0 0 0 0 0 0
131 1 0.1 4.94739 2.07714 0.40183 0.0567729 -0.0151645 -0.0143966 -0.240978 0.0938491 -0.251176 1 0 0 0 0 0 0 0
132 1 0.1 4.89689 2.28057 0.485606 -0.0753781 0.127534 0.0614497 0.284593 -2.62413 2.97451 1 0 0 0 0 0 0 0
133 1 0.1 4.72747 2.30026 0.390529 0.0077344 -0.0188362 -0.112219 0.639237 0.531627 -0.886772 1 0 0 0 0 0 0 0
134 1 0.1 4.68153 2.56716 0.431571 -0.0302314 0.0345188 -0.0173995 0.169874 -0.239556 0.0261996 1 0 0 0 0 0 0 0
135 1 0.1 4.59307 2.4273 0.324305 -0.00361579 0.00390601 -0.00961006 -0.390832 0.346577 0.443865 1 0 0 0 0 0 0 0
136 1 0.1 4.44306 2.72652 0.441432 -0.0026051 -0.0629688 0.111168 -2.06018 -0.892073 -0.0779999 1 0 0 0 0 0 0 0
137 1 0.1 4.55514 3.00377 0.361164 -0.0407497 -0.00137233 0.0210565 1.52378 -0.112755 -0.284583 1 0 0 0 0 0 0 0
138 1 0.1 4.37986 3.04824 0.270429 -0.0277918 0.0670251 0.0795753 0.140104 -0.269045 0.586381 1 0 0 0 0 0 0 0
139 1 0.1 4.32256 3.29882 0.563544 -0.0195347 0.00575194 -0.00731482 0.0539674 0.225152 0.0880615 1 0 0 0 0 0 0 0
140 1 0.1 4.60497 3.33381 0.311101 0.00867677 -0.033843 -0.0202839 0.0598455 -0.0351818 0.683523 1 0 0 0 0 0 0 0
141 1 0.1 4.54469 3.52226 0.351381 0.0172106 0.00693223 0.0226158 -0.0849085 -0.265903 0.126807 1 0 0 0 0 0 0 0
142 1 0.1 4.72112 3.69528 0.46363 -0.0263205 -0.0282434 -0.0218635 -0.117296 0.373783 -0.33658 1 0 0 0 0 0 0 0
143 1 0.1 5.08616 4.05932 0.404649 0.0974316 0.154853 0.155196 -0.210584 -0.237627 -0.147083 1 0 0 0 0 0 0 0
144 1 0.1 5.28656 3.99038 0.461502 0.00171725 -0.0215235 -0.00399876 -0.193397 0.00870886 -0.171595 1 0 0 0 0 0 0 0
145 1 0.1 5.21748 4.19038 0.330287 0.0732764 0.101467 0.0233854 -1.41272 0.647462 0.25962 1 0 0 0 0 0 0 0
146 1 0.1 5.44883 4.22807 0.316469 0.0272237 -0.0185126 0.00123196 0.285568 0.169089 0.124956 1 0 0 0 0 0 0 0
147 1 0.1 5.44414 4.42012 0.397278 -1.6764e-05 0.00131592 0.00344209 -0.0226962 -0.0552156 0.0273271 1 0 0 0 0 0 0 0
148 1 0.1 5.72776 4.70715 0.32475 0.00393857 0.0051338 -0.00144477 0.0450195 0.198615 0.195385 1 0 0 0 0 0 0 0
149 1 0.1 5.86663 4.84692 0.365885 0.00668071 -0.00393605 0.0436401 -0.507246 -0.228801 0.039068 1 0 0 0 0 0 0 0
150 1 0.1 6.11144 0.917662 0.365576 -0.00476321 0.0114903 -0.000286023 0.0361546 -0.129528 -0.169672 1 0 0 0 0 0 0 0
151 1 0.1 5.82449 1.71691 0.299271 0.0156585 -0.0141169 0.00798536 0.344575 0.103799 -0.0270153 1 0 0 0 0 0 0 0
152 1 0.1 5.47414 1.77758 0.214144 -0.00694477 -0.0194808 0.0393187 -0.341921 -0.0542519 -0.485573 1 0 0 0 0 0 0 0
153 1 0.1 6.03752 2.31771 0.496489 0.0790139 -0.016344 -0.00270438 0.0322313 -1.0805 -0.348541 1 0 0 0 0 0 0 0
154 1 0.1 5.62881 1.98856 0.394879 -0.0249221 -0.295788 0.0318484 -1.69759 1.60247 0.777233 1 0 0 0 0 0 0 0
155 1 0.1 5.36219 2.13943 0.332876 -0.0933384 -0.0737187 -0.0440891 -0.943107 0.815035 -1.61929 1 0 0 0 0 0 0 0
156 1 0.1 5.16921 2.27164 0.626553 -0.725773 0.108848 0.0412772 0.674425 1.59365 -2.14312 1 0 0 0 0 0 0 0
157 1 0.1 4.87276 2.14634 0.618635 -0.009858 0.0239739 -0.00117084 0.293343 0.206749 0.581292 1 0 0 0 0 0 0 0
158 1 0.1 4.78173 2.5289 0.263143 -0.0410197 0.043575 -0.0407646 -0.0560848 0.289259 -0.107082 1 0 0 0 0 0 0 0
159 1 0.1 5.01206 2.73069 0.586666 -0.00467722 -0.000319776 0.00323363 0.16228 0.112162 0.216564 1 0 0 0 0 0 0 0
160 1 0.1 4.9087 2.69327 0.419917 0.0154978 -0.0463282 -0.00564122 -0.575616 -0.387333 -0.0208112 1 0 0 0 0 0 0 0
161 1 0.1 4.75773 2.99056 0.438453 0.0705917 0.0150327 0.039512 -1.8341 0.179715 0.250754 1 0 0 0 0 0 0 0
162 1 0.1 4.69831 2.90728 0.60257 0.0247204 0.0255744 0.0229161 0.415922 -0.399264 0.33907 1 0 0 0 0 0 0 0
163 1 0.1 4.89554 2.92142 0.618065 0.0155608 0.0501276 0.0599831 1.09308 -0.316444 -0.0116766 1 0 0 0 0 0 0 0
164 1 0.1 4.32309 3.3048 0.762331 0.00374171 0.0289668 -0.0107675 0.0204181 0.121703 0.0802173 1 0 0 0 0 0 0 0
165 1 0.1 4.80001 3.4738 0.585734 0.00791248 -0.11767 0.0132697 -1.07226 -0.590643 -0.439214 1 0 0 0 0 0 0 0
166 1 0.1 4.95237 3.40108 0.480921 0.0350433 -0.111792 0.0566771 0.00859734 0.638914 0.870825 1 0 0 0 0 0 0 0
167 1 0.1 5.25154 3.73207 0.25319 -0.010247 -0.0205803 -0.00418633 -1.73402 -0.699522 0.587611 1 0 0 0 0 0 0 0
168 1 0.1 5.23874 3.97852 0.277313 -0.014831 -0.042889 0.0117114 -0.068131 0.0659912 -0.250076 1 0 0 0 0 0 0 0
169 1 0.1 5.38141 3.85747 0.355942 0.0148558 -0.0427833 0.0553604 -0.529658 -0.154636 0.379244 1 0 0 0 0 0 0 0
170 1 0.1 5.41807 4.13501 0.488486 0.0166675 -0.0289208 -0.00704707 -0.143848 -0.296139 -0.0569876 1 0 0 0 0 0 0 0
171 1 0.1 5.62923 4.35855 0.439943 -0.00102654 0.00158982 0.000305087 0.026107 0.114731 -0.0201999 1 0 0 0 0 0 0 0
172 1 0.1 5.73518 4.27441 0.293568 -0.00996457 0.00384977 -0.00503994 -0.0160928 0.00126486 0.0316061 1 0 0 0 0 0 0 0
173 1 0.1 5.85827 4.42991 0.318717 0.00189125 -0.0103588 0.0162229 0.275504 -0.00826215 0.867438 1 0 0 0 0 0 0 0
174 1 0.1 6.00549 4.98987 0.351427 0.00195519 -0.00278291 0.0122551 -0.201638 -0.0299722 0.0426793 1 0 0 0 0 0 0 0
175 1 0.1 6.25012 0.77549 0.342813 -0.00761083 0.00531075 0.00567767 0.0429699 -0.0400495 0.0876156 1 0 0 0 0 0 0 0
176 1 0.1 5.73554 1.53901 0.315356 -0.00804705 -0.00135232 -0.0104221 -0.255669 -0.321638 -0.275681 1 0 0 0 0 0 0 0
177 1 0.1 5.81357 1.91827 0.307962 0.054532 -0.072306 0.00358974 -0.0643974 0.066559 -0.49635 1 0 0 0 0 0 0 0
178 1 0.1 5.7849 2.11479 0.320326 0.231989 -0.0509407 -0.0809719 -0.728596 -0.349175 -1.2036 1 0 0 0 0 0 0 0
179 1 0.1 5.46026 1.96983 0.289196 -0.0820122 -0.140667 0.102964 2.57695 -0.439725 -1.17197 1 0 0 0 0 0 0 0
180 1 0.1 5.5313 2.14858 0.464365 -0.0464659 -0.256968 -0.0688128 -1.48106 1.52676 0.575182 1 0 0 0 0 0 0 0
181 1 0.1 5.16157 2.11852 0.337268 -0.186703 0.171056 0.0545853 0.521123 -0.92127 -4.31006 1 0 0 0 0 0 0 0
182 1 0.1 5.07045 2.35993 0.476323 -0.12015 0.258126 -0.0820169 -0.359273 1.68318 -2.82398 1 0 0 0 0 0 0 0
183 1 0.1 5.0392 2.58953 0.312115 0.0326927 -0.0588638 0.0127357 0.268095 0.299574 0.146151 1 0 0 0 0 0 0 0
184 1 0.1 5.38035 2.81231 0.465516 -0.0213716 -0.000205327 -0.0268259 -0.85612 0.453037 -0.809856 1 0 0 0 0 0 0 0
185 1 0.1 5.17675 2.7994 0.496574 -0.0319658 0.0329737 -0.0419511 0.324743 0.181226 -0.132509 1 0 0 0 0 0 0 0
186 1 0.1 5.0308 2.79434 0.297898 -0.0012893 -0.0149259 0.00203078 -0.288179 -0.367694 0.348297 1 0 0 0 0 0 0 0
187 1 0.1 4.49849 2.7367 0.274204 -0.0611407 -0.123006 0.139062 1.55543 1.24229 -0.150387 1 0 0 0 0 0 0 0
188 1 0.1 4.85792 3.05882 0.287281 0.0177698 -0.0774773 -0.038542 0.845158 0.57394 -0.451372 1 0 0 0 0 0 0 0
189 1 0.1 5.33486 3.38124 0.401826 0.0674435 0.0184269 0.0398329 -0.152414 0.851798 0.585825 1 0 0 0 0 0 0 0
190 1 0.1 5.11904 3.58575 0.258782 -0.0607616 0.0327468 -0.102543 4.60387 2.46152 -1.44442 1 0 0 0 0 0 0 0
191 1 0.1 5.44639 3.51456 0.305951 0.0160043 0.019039 -0.00313713 0.124873 -0.0365993 -0.464379 1 0 0 0 0 0 0 0
192 1 0.1 5.16762 3.86911 0.134362 -0.0201162 -0.0243874 5.3658e-05 0.266485 -0.177193 0.0778163 1 0 0 0 0 0 0 0
193 1 0.1 5.67703 3.78724 0.311841 0.0418369 0.00798668 9.37395e-07 0.152309 0.110926 0.0207751 1 0 0 0 0 0 0 0
194 1 0.1 5.77692 3.77181 0.594214 0.0122142 -0.0041988 0.00367756 -0.476168 0.0894517 0.888375 1 0 0 0 0 0 0 0
195 1 0.1 5.66889 4.03129 0.370401 -0.0260099 -0.00716837 -0.00514821 0.0551067 -0.148807 0.107358 1 0 0 0 0 0 0 0
196 1 0.1 5.87821 4.13562 0.278059 -0.00572027 0.00726921 -0.000716194 -0.0893435 0.0367875 0.0258584 1 0 0 0 0 0 0 0
197 1 0.1 5.97366 4.0241 0.434855 0.0175647 0.0233001 0.0237957 -0.251529 -0.023886 0.188162 1 0 0 0 0 0 0 0
198 1 0.1 5.89981 4.64073 0.253308 0.00641508 0.00688916 0.0124232 -0.548436 0.278646 0.440778 1 0 0 0 0 0 0 0
199 1 0.1 6.14665 5.13148 0.349984 -0.000383344 -0.000628023 -1.94543e-05 -0.00172546 0.00182732 -0.0129911 1 0 0 0 0 0 0 0
200 1 0.1 6.02468 1.26404 0.311695 -0.00170508 0.00461978 0.00362488 0.0126171 -0.0765162 0.0508272 1 0 0 0 0 0 0 0
201 1 0.1 5.69229 1.33783 0.353546 -0.0362485 -0.0171867 -0.00266225 -0.09487 -0.116009 -0.675208 1 0 0 0 0 0 0 0
202 1 0.1 6.0286 2.0289 0.605704 -0.00699352 -0.0856048 0.0582731 -0.49786 -0.15426 0.0876312 1 0 0 0 0 0 0 0
203 1 0.1 5.94842 2.36279 0.66972 0.0215903 -0.0469912 -0.0229465 0.798866 -0.00957139 -0.305343 1 0 0 0 0 0 0 0
204 1 0.1 5.94641 2.57518 0.330904 0.0400393 -0.0382838 0.00344009 -0.590053 -0.211343 -0.60422 1 0 0 0 0 0 0 0
205 1 0.1 5.63124 2.24073 0.31823 0.0785701 -0.269219 0.00311679 1.45219 0.808601 3.85991 1 0 0 0 0 0 0 0
206 1 0.1 5.45989 2.3396 0.333072 0.0784523 -0.323455 0.132646 2.38363 -1.51109 -3.7004 1 0 0 0 0 0 0 0
207 1 0.1 5.59673 2.43775 0.440708 -0.166614 0.0346903 0.100058 -3.01912 -0.17923 1.46833 1 0 0 0 0 0 0 0
208 1 0.1 5.09812 2.46152 0.137983 -0.255805 0.358514 0.0242877 -0.0158175 0.296969 -0.312471 1 0 0 0 0 0 0 0
209 1 0.1 5.60418 2.60285 0.313458 -0.121208 -0.0620726 -0.0165984 -0.279866 0.11799 -1.38126 1 0 0 0 0 0 0 0
210 1 0.1 5.68547 2.92966 0.466452 -0.0627078 0.101044 0.020823 -1.2532 0.333768 -0.906309 1 0 0 0 0 0 0 0
211 1 0.1 5.29739 2.99446 0.137452 -0.0164638 0.0720662 -0.0122798 0.203859 0.39375 -0.201877 1 0 0 0 0 0 0 0
212 1 0.1 4.93758 3.06221 0.485035 0.0603832 0.0330696 0.0716862 -1.22171 -0.142202 0.169641 1 0 0 0 0 0 0 0
213 1 0.1 5.04698 3.00862 0.329608 0.0487077 0.0192993 0.0741825 0.801606 0.355546 -0.123611 1 0 0 0 0 0 0 0
214 1 0.1 5.4608 3.37277 0.137329 0.025331 0.0055375 0.00179888 -0.211964 0.0201718 -0.0185858 1 0 0 0 0 0 0 0
215 1 0.1 5.79856 3.34061 0.443522 0.0580361 -0.0240017 0.00151829 0.191085 -0.0328452 0.0503724 1 0 0 0 0 0 0 0
216 1 0.1 5.82583 3.47931 0.302242 0.042552 -0.0209107 -0.00043845 -0.189835 0.0990558 0.106019 1 0 0 0 0 0 0 0
217 1 0.1 5.65833 3.58819 0.306728 0.0560515 0.00129902 0.0123155 -0.16019 0.291047 -0.376566 1 0 0 0 0 0 0 0
218 1 0.1 5.96361 3.72762 0.296537 0.0550543 0.0134699 0.0169261 -0.230656 0.361402 0.281788 1 0 0 0 0 0 0 0
219 1 0.1 6.05735 3.65166 0.137354 0.0197955 0.00390112 0.000130441 -0.035559 0.199964 -0.0364307 1 0 0 0 0 0 0 0
220 1 0.1 5.98737 3.56728 0.762961 0.0229588 0.0129865 0.00302929 0.185053 -0.135006 -0.463321 1 0 0 0 0 0 0 0
221 1 0.1 6.05852 3.43491 0.577811 0.0944942 -0.0809888 0.0265718 -0.0405489 -0.235203 -0.0545732 1 0 0 0 0 0 0 0
222 1 0.1 6.03929 3.48409 0.244867 0.0321839 -0.0194217 -0.0343102 -0.379949 0.408089 -0.392298 1 0 0 0 0 0 0 0
223 1 0.1 6.04017 4.75049 0.343445 0.00546708 -0.00215682 0.0253813 1.20839 0.0314522 -0.0832819 1 0 0 0 0 0 0 0
224 1 0.1 6.14144 4.87245 0.465243 0.0159398 0.00520273 0.0100904 -0.257864 0.150844 0.27012 1 0 0 0 0 0 0 0
225 1 0.1 5.98514 1.58724 0.329148 -0.0222607 -0.0147694 -0.00622476 0.0432947 0.0251462 0.484629 1 0 0 0 0 0 0 0
226 1 0.1 5.71239 2.26529 0.137375 -0.0196493 0.0101554 -0.000930709 -0.0727366 -0.203899 -0.00805128 1 0 0 0 0 0 0 0
227 1 0.1 5.99936 1.99752 0.302596 0.0622491 -0.104172 0.0333703 0.594008 -0.0257928 -0.724368 1 0 0 0 0 0 0 0
228 1 0.1 5.99086 2.55393 0.137365 0.0271934 -0.0552354 0.00076564 0.55651 0.275798 -0.0123495 1 0 0 0 0 0 0 0
229 1 0.1 5.48144 2.91281 0.137462 -0.0074242 0.0274659 -0.000127805 -0.307808 -0.114912 0.241782 1 0 0 0 0 0 0 0
230 1 0.1 5.94956 3.08228 0.280727 0.0745407 -0.0046188 0.00492303 -0.129159 0.0474547 0.143742 1 0 0 0 0 0 0 0
231 1 0.1 5.89926 2.46197 0.503198 0.0659022 -0.0330667 -0.0283224 0.0339096 0.782756 0.427684 1 0 0 0 0 0 0 0
232 1 0.1 5.75085 2.46701 0.316356 -0.216956 -0.170214 -0.0203072 0.410546 -0.198362 -0.0492658 1 0 0 0 0 0 0 0
233 1 0.1 5.95054 2.64516 0.588427 0.0461423 0.0209387 0.062912 0.943613 -1.0196 0.857737 1 0 0 0 0 0 0 0
234 1 0.1 5.78424 2.77037 0.315817 0.00755752 -0.0041225 0.0704114 0.23177 -0.729859 0.0373815 1 0 0 0 0 0 0 0
235 1 0.1 5.98682 2.75193 0.415242 -0.012821 -0.00955571 -0.0245928 -0.0245162 0.313145 0.247501 1 0 0 0 0 0 0 0
236 1 0.1 5.58711 3.08321 0.548594 -0.0375771 0.0586063 0.097592 -1.0151 0.104716 -1.3117 1 0 0 0 0 0 0 0
237 1 0.1 5.54264 3.10143 0.319728 -0.0138129 0.00693469 0.0135662 0.206515 0.267604 -0.317788 1 0 0 0 0 0 0 0
238 1 0.1 5.40716 3.24251 0.278449 0.00860332 0.0208066 0.00594809 0.0822711 -0.17649 -0.285359 1 0 0 0 0 0 0 0
239 1 0.1 5.73686 3.1656 0.288906 0.0327198 -0.0245797 0.00321002 0.0583727 -0.0751211 -0.0922655 1 0 0 0 0 0 0 0
240 1 0.1 5.88946 2.92441 0.387626 -0.00300313 0.0120203 0.00970653 0.0412478 0.383746 -0.291138 1 0 0 0 0 0 0 0
241 1 0.1 5.51255 3.3329 0.570436 0.0861216 -0.0333813 0.046962 0.145767 0.242716 0.0805064 1 0 0 0 0 0 0 0
242 1 0.1 5.9281 3.28018 0.303922 0.0490374 -0.0151391 -0.00864909 -0.0689834 0.153629 -0.0717952 1 0 0 0 0 0 0 0
243 1 0.1 5.92417 3.28729 0.5894 0.0548774 -0.0444202 0.000541672 0.140473 -0.0776054 0.0503923 1 0 0 0 0 0 0 0
244 1 0.1 5.8182 3.66697 0.419207 0.0726565 -0.0252212 0.0190574 0.491045 -0.220696 0.0282237 1 0 0 0 0 0 0 0
245 1 0.1 5.8635 3.19109 0.137052 0.0220104 -0.013463 0.00508993 0.0802937 0.173854 0.0909728 1 0 0 0 0 0 0 0
246 1 0.1 5.98076 3.55062 0.42401 0.0859588 -0.0081636 -0.020111 0.145406 0.318857 0.728808 1 0 0 0 0 0 0 0
247 1 0.1 5.70025 4.1812 0.498847 -0.0216461 -0.00781651 -0.00797644 -0.0664326 0.15062 -0.158995 1 0 0 0 0 0 0 0
248 1 0.1 6.12355 4.36085 0.428014 0.00330085 0.0160074 0.00421396 0.0473243 -0.26664 -0.0716847 1 0 0 0 0 0 0 0
249 1 0.1 6.0799 4.5202 0.315404 -0.0235587 0.00888327 0.00492338 -0.323676 0.569064 -0.484503 1 0 0 0 0 0 0 0
250 1 0.1 5.95181 1.07282 0.567448 -0.00755668 0.00483622 0.00376957 0.0271398 0.00173766 0.0695684 1 0 0 0 0 0 0 0
251 1 0.1 5.81705 1.2117 0.51835 -0.0140229 0.00674563 0.0166242 0.0338358 0.0371954 0.0320956 1 0 0 0 0 0 0 0
252 1 0.1 5.6112 1.41781 0.525322 -0.0140797 0.0131803 -0.0274646 -0.430589 -0.101622 0.162201 1 0 0 0 0 0 0 0
253 1 0.1 5.44091 1.57364 0.549356 -0.0459145 0.0242953 -0.00211156 0.139156 0.0701956 0.635723 1 0 0 0 0 0 0 0
254 1 0.1 5.29393 1.72382 0.550006 -0.0372053 0.0647572 0.00190291 0.0316598 -0.00288614 0.744942 1 0 0 0 0 0 0 0
255 1 0.1 5.28137 1.97032 0.400014 -0.176964 0.0223221 0.0350445 -0.0602431 -1.01774 0.783065 1 0 0 0 0 0 0 0
256 1 0.1 5.01893 2.00178 0.572601 -0.0294209 0.0353621 0.0430606 0.205202 -0.349785 0.318855 1 0 0 0 0 0 0 0
257 1 0.1 4.74778 2.39271 0.580346 -0.700273 0.131858 -0.164421 -0.440702 2.67893 -1.18656 1 0 0 0 0 0 0 0
258 1 0.1 4.73341 2.74738 0.495664 0.0227751 0.0226014 -0.0113217 -0.0378328 0.502106 -0.473149 1 0 0 0 0 0 0 0
259 1 0.1 4.8415 2.85319 0.320672 0.00944088 -0.017062 0.0379293 1.27918 0.722758 -0.603018 1 0 0 0 0 0 0 0
260 1 0.1 4.55662 2.77556 0.591063 -0.00217085 0.068598 0.0413502 -0.158177 0.820841 -0.718189 1 0 0 0 0 0 0 0
261 1 0.1 4.44344 2.90563 0.493087 -0.0804047 -0.0175969 -0.0126008 -1.31845 -0.393975 0.313877 1 0 0 0 0 0 0 0
262 1 0.1 4.35196 2.97943 0.639336 -0.0229984 0.150922 -0.0546971 0.235613 0.640878 0.267026 1 0 0 0 0 0 0 0
263 1 0.1 4.19756 2.9738 0.303294 -0.00402208 -0.0117537 0.00273932 0.149529 -0.086697 -0.124723 1 0 0 0 0 0 0 0
264 1 0.1 4.1934 3.16991 0.644077 -0.00724891 -0.00948153 -0.00671423 0.0521158 -0.132302 -0.323512 1 0 0 0 0 0 0 0
265 1 0.1 4.46015 3.44037 0.541376 -0.0122628 -0.0177019 -0.0278587 0.048952 0.239839 -0.281611 1 0 0 0 0 0 0 0
266 1 0.1 4.41088 3.38047 0.308007 0.0167312 0.0148868 -0.00562332 -0.427921 -0.235146 -1.05401 1 0 0 0 0 0 0 0
267 1 0.1 4.60164 3.57799 0.572977 -0.0244521 -0.013889 -0.00723753 0.0840574 -0.202103 0.193991 1 0 0 0 0 0 0 0
268 1 0.1 5.0051 3.73536 0.44136 -0.0796799 -0.18456 -0.107913 0.505012 2.13632 2.24922 1 0 0 0 0 0 0 0
269 1 0.1 4.9936 3.97004 0.557631 -0.00449644 -0.00253428 -0.00512683 -0.0786071 0.325769 -0.0415884 1 0 0 0 0 0 0 0
270 1 0.1 5.20316 4.09863 0.593106 0.0723822 -0.0461394 0.0358697 0.869624 0.420363 -0.517793 1 0 0 0 0 0 0 0
271 1 0.1 5.309 4.26783 0.586581 0.0287628 -0.0203094 -0.00370758 -0.0260748 -0.00685959 -0.0572211 1 0 0 0 0 0 0 0
272 1 0.1 5.50685 4.48103 0.577105 -0.00274426 -0.00550502 0.00274768 0.0815251 -0.0240216 -0.139045 1 0 0 0 0 0 0 0
273 1 0.1 5.63621 4.60504 0.489702 -0.00616785 -0.00692625 -0.00963647 0.0696796 -0.038041 -0.0206021 1 0 0 0 0 0 0 0
274 1 0.1 5.77694 4.74562 0.514539 -0.000486784 -0.000109611 0.0011261 -0.00995897 -0.00669017 -0.00704711 1 0 0 0 0 0 0 0
275 1 0.1 6.09293 0.93136 0.564238 -0.00935667 0.00224786 0.000243713 0.0318854 -0.0131077 -0.0457416 1 0 0 0 0 0 0 0
276 1 0.1 5.63393 1.60528 0.589479 -0.0524065 0.00817727 -0.00902434 0.651237 -0.160999 -0.103922 1 0 0 0 0 0 0 0
277 1 0.1 5.55703 1.66433 0.414608 -0.0618758 0.0420278 -0.000728708 0.162388 0.115342 -0.689357 1 0 0 0 0 0 0 0
278 1 0.1 5.64692 1.80824 0.309376 0.0111868 -0.0025756 0.00244537 -0.0863683 -0.12665 -0.358797 1 0 0 0 0 0 0 0
279 1 0.1 5.5047 1.75918 0.587335 -0.0841132 0.0341976 -0.0213848 0.0569798 0.80769 0.193904 1 0 0 0 0 0 0 0
280 1 0.1 5.39621 1.97104 0.563238 -0.117998 0.0356331 -0.0135313 0.403452 1.89252 -0.0114847 1 0 0 0 0 0 0 0
281 1 0.1 5.21098 2.05364 0.567292 -0.00846509 -0.045682 0.131655 0.686823 -0.233399 -1.18819 1 0 0 0 0 0 0 0
282 1 0.1 4.969 2.06014 0.76452 0.00954273 0.0088373 -0.00552373 0.0723505 -0.0997116 -0.240069 1 0 0 0 0 0 0 0
283 1 0.1 4.91706 2.45322 0.389191 -0.204029 0.0724256 -0.0309325 -0.667466 -1.96385 -2.48928 1 0 0 0 0 0 0 0
284 1 0.1 5.21585 2.67438 0.345599 0.00266691 0.101464 -0.0753051 -0.900464 0.722855 1.79903 1 0 0 0 0 0 0 0
285 1 0.1 4.45247 2.5635 0.554688 0.0219181 0.0286085 0.198928 1.78788 -0.749173 -0.0505034 1 0 0 0 0 0 0 0
286 1 0.1 4.56502 2.69214 0.764404 0.0196141 0.00789449 0.00800006 0.681226 -0.128128 -0.154166 1 0 0 0 0 0 0 0
287 1 0.1 4.55385 3.11303 0.758177 0.0108953 0.0190835 0.0104063 -0.173669 -0.0416499 0.18867 1 0 0 0 0 0 0 0
288 1 0.1 4.49587 3.2589 0.466199 -0.00365889 0.00409103 -0.128214 0.971014 -0.294877 0.3565 1 0 0 0 0 0 0 0
289 1 0.1 4.68502 3.15194 0.329808 0.00592397 -0.0326174 0.0250318 -0.903542 0.731517 -0.59429 1 0 0 0 0 0 0 0
290 1 0.1 4.85147 3.33276 0.207275 0.0168984 0.0110956 -0.0441442 -0.461762 0.670384 0.0700891 1 0 0 0 0 0 0 0
291 1 0.1 4.94123 3.44804 0.723641 -0.00864004 -0.0369303 0.0335623 0.275444 0.339925 0.647606 1 0 0 0 0 0 0 0
292 1 0.1 5.0751 3.55273 0.445761 0.0489288 -0.163645 -0.112157 -1.71584 -0.78934 -1.79029 1 0 0 0 0 0 0 0
293 1 0.1 4.85725 3.82873 0.33097 0.0158293 -0.000298198 -0.0391685 0.151584 0.272511 -0.123787 1 0 0 0 0 0 0 0
294 1 0.1 5.20313 3.80653 0.430696 -0.0643355 0.0724668 -0.053417 0.631205 0.267481 -0.216371 1 0 0 0 0 0 0 0
295 1 0.1 5.21158 3.88586 0.612406 -0.00342373 -0.0214343 -0.0101727 0.391066 0.203366 -0.219394 1 0 0 0 0 0 0 0
296 1 0.1 5.57514 4.0388 0.563475 0.0104191 -0.0177283 0.0172261 -0.173719 -0.0940916 -0.0106314 1 0 0 0 0 0 0 0
297 1 0.1 5.70106 4.44515 0.604793 -0.00133731 0.00387085 0.000765866 -0.0115072 -0.0542288 0.105536 1 0 0 0 0 0 0 0
298 1 0.1 5.67643 4.51259 0.317314 0.00602656 0.00503592 -0.0179663 0.325499 -0.644253 -1.01945 1 0 0 0 0 0 0 0
299 1 0.1 6.0522 5.02683 0.555455 0.00106728 0.00157374 -0.00143161 0.0214645 0.00504487 0.00775994 1 0 0 0 0 0 0 0
300 1 0.1 6.23145 0.787928 0.550021 -0.00647444 0.00454987 -0.000538184 -0.00535759 0.000327665 0.0805274 1 0 0 0 0 0 0 0
301 1 0.1 5.84929 1.57583 0.475338 -0.0167028 -0.0243175 -0.000156224 0.0222434 0.0589881 -0.416475 1 0 0 0 0 0 0 0
302 1 0.1 5.91927 1.81722 0.443505 0.0439589 -0.0555283 0.015364 -0.131011 0.0195362 -0.290908 1 0 0 0 0 0 0 0
303 1 0.1 5.88611 2.01657 0.466185 0.0326761 -0.0921606 0.0211984 0.0638465 -0.427664 -0.390783 1 0 0 0 0 0 0 0
304 1 0.1 5.77672 1.90896 0.59473 -0.240837 0.118667 0.0350924 -0.224719 0.57601 0.817819 1 0 0 0 0 0 0 0
305 1 0.1 5.59294 1.99054 0.592153 -0.136321 0.0673529 0.0259562 -0.663437 -2.38197 0.298264 1 0 0 0 0 0 0 0
306 1 0.1 5.32931 2.39922 0.598237 -0.0370546 -0.194547 0.102131 -1.60733 0.542509 0.430638 1 0 0 0 0 0 0 0
307 1 0.1 5.07331 2.4158 0.762506 0.00610138 -0.0116661 4.31468e-05 -0.0402015 -0.0503726 -0.0344073 1 0 0 0 0 0 0 0
308 1 0.1 5.34524 2.49089 0.275802 0.447722 -0.101327 -0.00457179 1.32405 -5.22192 2.26763 1 0 0 0 0 0 0 0
309 1 0.1 4.98227 2.53492 0.559144 0.0496332 0.0110862 -0.123581 0.352273 0.261378 0.406854 1 0 0 0 0 0 0 0
310 1 0.1 5.38262 2.9816 0.320977 -0.00217544 -0.00347402 -0.0534143 1.03753 0.204277 -1.01912 1 0 0 0 0 0 0 0
311 1 0.1 4.59941 2.92227 0.766417 0.031901 0.0215761 0.012475 0.386728 0.0460418 0.387772 1 0 0 0 0 0 0 0
312 1 0.1 4.55999 3.05122 0.568299 -0.143893 -0.159389 0.0432067 -0.675858 -3.53388 -1.26022 1 0 0 0 0 0 0 0
313 1 0.1 4.96693 3.22071 0.330773 -0.0607252 0.0408137 -0.290959 -1.50416 3.20129 -0.00601798 1 0 0 0 0 0 0 0
314 1 0.1 5.27583 3.1925 0.137418 0.0133953 0.0561213 0.00441878 -0.0094242 0.101521 -0.0913028 1 0 0 0 0 0 0 0
315 1 0.1 5.1372 3.33186 0.509287 0.0909727 0.00954159 0.0229262 -1.28955 0.350674 0.45561 1 0 0 0 0 0 0 0
316 1 0.1 5.61844 3.39227 0.303512 0.0284977 0.000257328 0.0219897 0.216519 0.266282 -0.0234722 1 0 0 0 0 0 0 0
317 1 0.1 5.26436 3.60257 0.405038 0.0364267 -0.0728129 -0.0519435 1.28891 0.348903 3.54132 1 0 0 0 0 0 0 0
318 1 0.1 5.49877 3.70283 0.342725 0.0519638 0.00278245 0.0124623 0.474259 0.368007 -0.102394 1 0 0 0 0 0 0 0
319 1 0.1 5.41832 3.90398 0.584323 0.000588172 -0.0317905 -0.011266 -0.0508894 0.296306 -0.22466 1 0 0 0 0 0 0 0
320 1 0.1 5.36638 4.05889 0.699353 0.051024 -0.0652645 0.0555146 -0.259452 0.608985 0.753331 1 0 0 0 0 0 0 0
321 1 0.1 5.94297 3.88849 0.587844 -0.007273 -0.0519574 0.0331468 0.70592 -0.871852 -0.654102 1 0 0 0 0 0 0 0
322 1 0.1 5.68044 4.14572 0.694547 0.0132298 0.00805732 -0.00363666 -0.200419 0.179329 0.129928 1 0 0 0 0 0 0 0
323 1 0.1 5.93871 4.59208 0.437097 0.010556 0.055984 0.0146503 0.132205 -0.313244 -0.0246568 1 0 0 0 0 0 0 0
324 1 0.1 6.19265 5.16901 0.549967 0.000379169 0.000815966 -5.1583e-05 0.00217022 -0.000938476 0.00457316 1 0 0 0 0 0 0 0
325 1 0.1 6.07976 1.20859 0.495636 -0.0101422 0.0100328 0.00695061 -0.0415562 -0.0500542 0.0626896 1 0 0 0 0 0 0 0
326 1 0.1 5.8791 1.40585 0.374273 -0.0274883 -0.0272815 -0.00375672 -0.00982102 0.101349 0.544357 1 0 0 0 0 0 0 0
327 1 0.1 5.96661 2.18451 0.365394 0.219782 -0.0562993 -0.0370899 -0.406524 -0.575741 0.836366 1 0 0 0 0 0 0 0
328 1 0.1 5.62978 2.27903 0.762604 0.00499551 -0.0151292 -0.00198156 -0.134916 -0.0339482 -0.162607 1 0 0 0 0 0 0 0
329 1 0.1 5.89793 2.19151 0.57998 -0.0698209 0.00621847 -0.0846607 0.0397979 0.439194 0.440275 1 0 0 0 0 0 0 0
330 1 0.1 5.50996 2.31701 0.576452 -0.0435857 -0.242116 -0.183505 0.35388 3.16521 -0.590043 1 0 0 0 0 0 0 0
331 1 0.1 5.7232 2.12267 0.511702 -0.0144522 -0.0983584 -0.105952 -0.474454 -0.872974 0.602657 1 0 0 0 0 0 0 0
332 1 0.1 5.86839 2.59109 0.762521 -0.0030257 -0.070386 0.00220938 0.162623 0.288449 -1.14527 1 0 0 0 0 0 0 0
333 1 0.1 5.80113 2.62981 0.456519 0.0701777 -0.0259039 0.038053 0.189136 0.820839 0.769665 1 0 0 0 0 0 0 0
334 1 0.1 5.53257 2.55202 0.592012 0.117357 0.259657 0.0454844 2.3672 1.54702 -3.2912 1 0 0 0 0 0 0 0
335 1 0.1 5.15964 2.5341 0.473367 0.114473 0.0825199 -0.0792506 0.733543 -0.874631 -0.121455 1 0 0 0 0 0 0 0
336 1 0.1 5.34752 2.85315 0.660893 -0.0286153 -0.079745 -0.0142684 -0.0554974 0.102957 -0.705575 1 0 0 0 0 0 0 0
337 1 0.1 5.09074 2.95319 0.590872 0.0158369 0.0130714 0.0141702 0.282403 0.221408 -0.177241 1 0 0 0 0 0 0 0
338 1 0.1 5.22341 3.09864 0.351192 0.0447333 0.0369074 0.0377931 -0.238828 0.35644 0.371938 1 0 0 0 0 0 0 0
339 1 0.1 5.35706 3.19322 0.465031 0.076772 0.011588 0.0202097 0.282124 -0.0580935 -0.699594 1 0 0 0 0 0 0 0
340 1 0.1 5.62512 3.24221 0.434723 0.0551288 -0.0230389 0.0096261 0.00835161 0.237816 -0.0503572 1 0 0 0 0 0 0 0
341 1 0.1 5.41243 3.52606 0.563106 0.0130899 0.043909 -0.0217227 -0.136369 -0.412364 -0.828398 1 0 0 0 0 0 0 0
342 1 0.1 5.58752 3.49314 0.473043 0.029307 -0.0270984 0.037692 0.103422 -0.250664 0.0331577 1 0 0 0 0 0 0 0
343 1 0.1 5.6312 3.69081 0.484675 0.0567274 -0.0634487 -0.0107963 0.489628 -0.217288 0.0421155 1 0 0 0 0 0 0 0
344 1 0.1 5.70557 3.58562 0.631582 0.0948031 -0.0378477 -0.0315909 -0.307779 0.16073 0.908772 1 0 0 0 0 0 0 0
345 1 0.1 5.80362 3.27656 0.762557 0.0100932 -0.00882964 0.00169746 -0.0879061 -0.110335 0.0149448 1 0 0 0 0 0 0 0
346 1 0.1 5.94426 3.66251 0.592548 0.0162286 0.00144863 -0.00125108 -0.153119 0.3421 -0.682718 1 0 0 0 0 0 0 0
347 1 0.1 6.0548 3.77359 0.468396 0.0426988 0.00415947 0.0265582 0.616183 -0.371463 0.23381 1 0 0 0 0 0 0 0
348 1 0.1 5.91197 4.88295 0.568194 -0.000136803 -0.000294944 0.000669257 -0.00703285 -0.000891077 -0.00279639 1 0 0 0 0 0 0 0
349 1 0.1 6.04027 4.72212 0.549567 -0.0211091 0.0521171 0.0451362 -0.297794 -0.489299 -0.203867 1 0 0 0 0 0 0 0
350 1 0.1 6.07136 1.43268 0.42224 -0.024872 -0.015445 -0.0070015 0.0466183 -0.0561052 -0.414291 1 0 0 0 0 0 0 0
351 1 0.1 6.06234 1.6469 0.503691 -0.00371517 -0.0277779 -0.0131599 0.303412 0.344785 -0.00524614 1 0 0 0 0 0 0 0
352 1 0.1 6.06673 1.83477 0.57722 0.0507273 -0.0736273 0.0153714 -0.029878 0.00259898 -0.0784753 1 0 0 0 0 0 0 0
353 1 0.1 5.84421 1.99437 0.762504 0.0248781 -0.00410249 -0.00240817 0.16906 0.02192 -0.0338892 1 0 0 0 0 0 0 0
354 1 0.1 5.88629 2.72413 0.147003 0.0437028 -0.0519836 0.0848891 0.574718 -0.449747 -0.701489 1 0 0 0 0 0 0 0
355 1 0.1 5.81167 2.96217 0.200475 -0.0190151 0.0361336 0.15157 -0.267714 -1.83367 0.369287 1 0 0 0 0 0 0 0
356 1 0.1 5.70096 2.70027 0.762674 0.0803516 0.0603362 0.00224411 0.620427 -0.795242 -0.384721 1 0 0 0 0 0 0 0
357 1 0.1 5.62605 2.72741 0.579694 0.220797 0.197467 -0.0333074 -1.77181 1.37578 1.89895 1 0 0 0 0 0 0 0
358 1 0.1 5.17941 2.88323 0.762712 -0.00571039 -0.00239659 -0.00381333 -0.00374617 0.0394091 -0.166196 1 0 0 0 0 0 0 0
359 1 0.1 5.56519 2.77998 0.396992 0.000627418 -0.0213409 -0.0148345 0.143989 0.357889 0.171372 1 0 0 0 0 0 0 0
360 1 0.1 5.87263 3.0071 0.616759 -0.00646435 -0.0270024 0.0178168 -0.412635 -0.318582 -0.210284 1 0 0 0 0 0 0 0
361 1 0.1 5.71299 2.89663 0.664456 -0.0101937 -0.0330273 -0.00443119 0.106458 -0.178857 0.376062 1 0 0 0 0 0 0 0
362 1 0.1 5.52214 2.89763 0.57672 -0.0430774 0.0377621 0.0284309 1.70545 -0.215852 1.32347 1 0 0 0 0 0 0 0
363 1 0.1 5.26882 2.97692 0.50321 0.00609028 -0.063469 -0.0309913 0.735556 0.293695 -1.11152 1 0 0 0 0 0 0 0
364 1 0.1 5.47132 3.01523 0.7626 0.00764027 -0.0315838 -0.000340085 0.656402 0.112981 -0.299422 1 0 0 0 0 0 0 0
365 1 0.1 5.40381 3.16982 0.657028 0.0367022 -0.00514179 0.0260014 -0.273708 -0.2675 0.0358651 1 0 0 0 0 0 0 0
366 1 0.1 5.74597 3.19673 0.588628 0.0577654 -0.0478127 0.00795622 -0.232973 0.0858871 -0.312177 1 0 0 0 0 0 0 0
367 1 0.1 5.57444 3.18739 0.762587 0.00663126 0.00422869 0.000148783 0.0531453 -0.0329975 -0.176528 1 0 0 0 0 0 0 0
368 1 0.1 5.69625 3.38645 0.624591 0.10629 -0.0351175 -0.0105303 -0.093583 0.397793 -0.091918 1 0 0 0 0 0 0 0
369 1 0.1 5.86407 3.48066 0.57036 0.105597 -0.0340435 -0.0148037 -0.0306276 -0.177029 -0.436837 1 0 0 0 0 0 0 0
370 1 0.1 5.9879 3.36373 0.76261 0.0193241 -0.025446 0.00168533 -0.25756 -0.184115 0.259835 1 0 0 0 0 0 0 0
371 1 0.1 6.04372 3.12701 0.589315 0.0407656 -0.055826 0.019435 -0.145517 -0.198809 -0.249814 1 0 0 0 0 0 0 0
372 1 0.1 5.97807 4.22376 0.426897 -0.00176675 0.0209427 -0.0106214 -0.0898786 0.0300768 0.00286543 1 0 0 0 0 0 0 0
373 1 0.1 5.85569 4.35243 0.518666 0.00258133 0.0187178 -0.00499061 0.0466128 0.119933 0.0549317 1 0 0 0 0 0 0 0
374 1 0.1 6.10491 4.53159 0.530391 0.00303772 0.0168242 0.00291263 -0.020412 -0.117936 -0.1539 1 0 0 0 0 0 0 0
375 1 0.1 5.85234 1.16858 0.750221 -0.0753437 0.115406 0.0474203 0.224394 -0.44147 1.38448 1 0 0 0 0 0 0 0
376 1 0.1 5.80534 1.40435 0.569627 -0.0183434 0.0153545 -0.00754504 -0.28265 -0.155247 -0.144292 1 0 0 0 0 0 0 0
377 1 0.1 5.52654 1.49354 0.749606 -0.00138412 -0.000492436 -0.00226628 -0.0213038 0.00295437 -0.012737 1 0 0 0 0 0 0 0
378 1 0.1 5.38521 1.63474 0.750013 -0.00306602 0.000624801 -0.00265764 -0.0205608 0.0187028 0.0307952 1 0 0 0 0 0 0 0
379 1 0.1 5.24334 1.77636 0.750705 -0.00799587 0.00450761 0.00874469 -0.152988 -0.176064 -0.0368395 1 0 0 0 0 0 0 0
380 1 0.1 5.10436 1.91722 0.746852 -0.00670327 0.00278321 -0.00544825 0.159817 -0.0629109 0.061947 1 0 0 0 0 0 0 0
381 1 0.1 5.15747 1.86699 0.520499 -0.0494364 0.0197556 0.0292749 0.297206 -0.190925 0.423711 1 0 0 0 0 0 0 0
382 1 0.1 4.71001 2.3173 0.761676 -0.19176 0.20025 -0.0292355 0.361473 0.731254 2.6767 1 0 0 0 0 0 0 0
383 1 0.1 4.70459 2.54999 0.76434 0.00896799 -0.0014747 -0.0136249 0.148644 -0.717359 0.0770562 1 0 0 0 0 0 0 0
384 1 0.1 4.79576 2.58662 0.593869 0.0288808 -0.0127167 -0.0351595 -0.0192569 0.55782 -0.147693 1 0 0 0 0 0 0 0
385 1 0.1 4.31249 2.70635 0.576318 -0.0515555 0.0632174 0.0336513 0.160797 -0.36165 1.17834 1 0 0 0 0 0 0 0
386 1 0.1 4.20843 2.81456 0.750703 0.0607882 -0.0481204 0.0141645 0.178752 -0.0523062 0.450224 1 0 0 0 0 0 0 0
387 1 0.1 4.1879 3.09781 0.457695 -0.0121065 0.0305163 -0.0365959 -0.503689 -0.470316 0.501042 1 0 0 0 0 0 0 0
388 1 0.1 4.19139 3.01133 0.762656 0.016306 -0.0184468 0.000426703 -0.0311156 -0.258215 1.04343 1 0 0 0 0 0 0 0
389 1 0.1 4.64616 3.38519 0.499057 -0.00790607 -0.0600317 -0.0127864 0.266503 -0.200518 -0.685911 1 0 0 0 0 0 0 0
390 1 0.1 4.5115 3.4922 0.748992 0.00690294 0.0112218 0.0102701 -0.0606162 -0.0741729 0.0855525 1 0 0 0 0 0 0 0
391 1 0.1 4.65501 3.63607 0.762953 0.0152803 0.0471974 -0.00697316 -0.484962 0.254448 -0.146209 1 0 0 0 0 0 0 0
392 1 0.1 4.85746 3.82995 0.527911 0.0158096 -0.00925138 -0.0704081 -0.00965098 -0.20339 -1.27414 1 0 0 0 0 0 0 0
393 1 0.1 4.92781 3.90143 0.731845 -0.00351979 -0.00841477 -0.0199971 0.290914 -0.0873615 -0.180549 1 0 0 0 0 0 0 0
394 1 0.1 5.07532 4.03204 0.729089 0.0153134 -0.0308153 -0.00748057 0.17983 0.257898 -0.067297 1 0 0 0 0 0 0 0
395 1 0.1 5.19873 4.1804 0.767274 -0.0363074 -0.0161453 0.00945973 -1.01911 -1.18125 -0.0322395 1 0 0 0 0 0 0 0
396 1 0.1 5.51387 4.28172 0.584012 -0.00248259 -0.0109503 -0.00613804 -0.023485 -0.139773 0.173855 1 0 0 0 0 0 0 0
397 1 0.1 5.36199 4.33987 0.762954 -0.000984866 -0.00209966 -0.00014563 -0.0181094 -0.247919 0.117804 1 0 0 0 0 0 0 0
398 1 0.1 5.70184 4.67036 0.683688 9.48159e-05 0.000545055 0.000895489 0.0108169 0.0248804 -0.00195403 1 0 0 0 0 0 0 0
399 1 0.1 5.8344 4.80818 0.741663 0.000319331 0.00115365 0.000790528 -0.0338689 -0.0314341 -0.0297611 1 0 0 0 0 0 0 0
400 1 0.1 6.06856 0.95533 0.761656 -0.0860564 0.109951 -0.029918 0.11178 0.455404 1.35259 1 0 0 0 0 0 0 0
401 1 0.1 5.66789 1.35215 0.750021 -0.000863449 0.000491175 -0.00062425 -0.0020394 0.00342345 -0.00576526 1 0 0 0 0 0 0 0
402 1 0.1 5.5824 1.69254 0.761106 -0.00253391 0.00394451 0.0100668 -0.417535 0.318379 -0.063187 1 0 0 0 0 0 0 0
403 1 0.1 5.72306 1.75061 0.485062 -0.0864461 0.0530274 0.0588641 -0.298073 -0.891372 0.749871 1 0 0 0 0 0 0 0
404 1 0.1 5.43557 1.82751 0.761976 -0.00805021 1.89293e-05 0.0131262 0.195763 0.127914 -0.00432554 1 0 0 0 0 0 0 0
405 1 0.1 5.29667 1.96957 0.736338 -0.00565482 -0.000679927 0.0623246 0.0778604 -0.563699 -0.101944 1 0 0 0 0 0 0 0
406 1 0.1 5.15911 2.11909 0.755878 0.0199261 -0.00837355 0.00160341 -0.0506679 0.0779217 0.0687666 1 0 0 0 0 0 0 0
407 1 0.1 5.36636 2.17787 0.571958 0.0301248 -0.147167 0.0432135 -1.7767 0.317388 0.30378 1 0 0 0 0 0 0 0
408 1 0.1 4.87701 2.45064 0.747773 0.00717999 -0.0118513 -0.0180584 -0.0205109 -0.122742 0.037817 1 0 0 0 0 0 0 0
409 1 0.1 4.88989 2.64913 0.759872 0.00801977 -0.014167 -0.00202199 0.184419 -0.055464 -0.0705941 1 0 0 0 0 0 0 0
410 1 0.1 4.3547 2.67752 0.764882 -0.0366147 0.0357804 0.00796798 0.377521 0.310785 0.0675526 1 0 0 0 0 0 0 0
411 1 0.1 4.35673 3.1154 0.768149 0.00895885 0.0700231 0.0101745 -0.363485 0.852195 -0.0727215 1 0 0 0 0 0 0 0
412 1 0.1 4.58214 3.30732 0.733892 0.00972088 0.0196904 0.0196651 0.171702 -0.34609 -0.10436 1 0 0 0 0 0 0 0
413 1 0.1 4.78207 3.28765 0.68655 0.0112565 0.0248335 -0.000981089 0.309512 -0.227297 0.0186016 1 0 0 0 0 0 0 0
414 1 0.1 4.79731 3.30294 0.397417 0.0108982 -0.00268024 -0.0458858 0.580355 0.114316 0.903109 1 0 0 0 0 0 0 0
415 1 0.1 4.74379 3.52131 0.367677 0.0159926 -0.062827 0.0490403 -0.0812845 0.0039227 -0.844669 1 0 0 0 0 0 0 0
416 1 0.1 5.01585 3.62922 0.762821 -0.0653521 -0.0143254 0.00411973 -0.165736 0.66529 0.172974 1 0 0 0 0 0 0 0
417 1 0.1 4.80378 3.7511 0.705991 -0.000616744 0.0288443 -0.0560614 0.0675998 0.0609566 0.0472758 1 0 0 0 0 0 0 0
418 1 0.1 4.91988 3.63219 0.587994 0.045082 -0.166069 -0.0515726 -1.65669 -1.88404 -0.351976 1 0 0 0 0 0 0 0
419 1 0.1 5.10419 3.82045 0.764444 0.000362218 -0.00123074 -0.000530218 -0.515215 -0.10498 0.13718 1 0 0 0 0 0 0 0
420 1 0.1 5.4989 4.19358 0.7628 0.00992415 -0.00115754 0.000255349 -0.0123798 -0.0749997 0.0905964 1 0 0 0 0 0 0 0
421 1 0.1 5.54979 4.42552 0.76309 -0.00418824 -0.00786152 0.00061582 -0.0804364 0.0374248 -0.00142732 1 0 0 0 0 0 0 0
422 1 0.1 5.79943 4.51561 0.763714 0.0032086 0.0030196 0.000891417 -0.141938 -0.064433 -0.0585001 1 0 0 0 0 0 0 0
423 1 0.1 5.93533 4.56804 0.629742 -0.00131303 0.00277232 -0.00117511 0.432624 0.235634 -0.00167005 1 0 0 0 0 0 0 0
424 1 0.1 6.1144 5.09065 0.749737 0.000178142 -0.000166566 -0.00110688 0.0238948 0.00295998 -0.00023356 1 0 0 0 0 0 0 0
425 1 0.1 6.20789 0.812326 0.750001 -0.0807729 0.112487 0.000173599 0.00128562 -0.00126244 1.43017 1 0 0 0 0 0 0 0
426 1 0.1 5.86132 1.40674 0.76215 -0.0206659 -0.017845 0.0126296 0.330316 -0.535985 -0.198774 1 0 0 0 0 0 0 0
427 1 0.1 5.71877 1.54665 0.762585 -0.0034485 -0.00478897 -0.00482511 -0.0383186 0.0124268 -0.0129443 1 0 0 0 0 0 0 0
428 1 0.1 5.99606 1.8582 0.762672 0.0146161 -0.0189553 -0.00258745 -0.0574742 -0.120523 -0.0171506 1 0 0 0 0 0 0 0
429 1 0.1 5.80567 1.79814 0.759778 0.013052 -0.00302093 -0.00340835 -0.358067 0.0860817 -0.202033 1 0 0 0 0 0 0 0
430 1 0.1 5.6269 1.88651 0.762797 0.0129064 -0.00506379 -0.00085079 0.109187 0.0437894 0.266017 1 0 0 0 0 0 0 0
431 1 0.1 5.46536 2.07339 0.762632 0.0131966 -0.0181074 -0.00264971 -0.00788977 0.00983756 -0.0155033 1 0 0 0 0 0 0 0
432 1 0.1 4.94326 2.26343 0.762951 0.0152597 -0.00725153 0.00209381 -0.103185 -0.123519 0.0448565 1 0 0 0 0 0 0 0
433 1 0.1 5.4405 2.57289 0.42409 -0.0685851 0.232697 0.1414 -3.30729 0.61362 1.97814 1 0 0 0 0 0 0 0
434 1 0.1 5.14864 2.57627 0.662024 0.00505361 -0.00451421 -0.0519477 -0.242923 -0.415989 0.0351534 1 0 0 0 0 0 0 0
435 1 0.1 4.74257 2.78354 0.759498 0.0221581 0.00436436 0.0120162 -0.0882349 0.132218 -0.166981 1 0 0 0 0 0 0 0
436 1 0.1 4.51607 2.50083 0.762987 -0.00400081 0.0134819 -0.00669928 1.72451 1.32519 -0.245054 1 0 0 0 0 0 0 0
437 1 0.1 4.77182 3.15961 0.537943 0.0494514 0.0871509 -0.0668975 0.582739 -0.335471 -0.0923814 1 0 0 0 0 0 0 0
438 1 0.1 4.91362 3.16254 0.762227 0.0135571 0.0156349 -0.0126032 0.177769 0.0402196 0.151831 1 0 0 0 0 0 0 0
439 1 0.1 4.71502 3.45207 0.763588 0.00897991 0.0181853 0.0144655 -0.15857 0.441811 0.113329 1 0 0 0 0 0 0 0
440 1 0.1 5.06283 3.29533 0.762713 0.0215258 -0.00953454 0.00148888 -0.106419 -0.127416 -0.273514 1 0 0 0 0 0 0 0
441 1 0.1 5.11516 3.69993 0.604445 -0.127008 -0.0237344 -0.0374241 -0.507964 -0.404857 0.728836 1 0 0 0 0 0 0 0
442 1 0.1 5.31164 3.7078 0.568453 -0.132265 0.00352071 -0.0639015 -0.706588 0.638421 -0.226557 1 0 0 0 0 0 0 0
443 1 0.1 5.40381 3.8154 0.762651 0.00803432 -0.0127878 -0.000367722 -0.137141 -0.0869371 -0.0176448 1 0 0 0 0 0 0 0
444 1 0.1 5.53882 3.9811 0.762589 0.100507 0.00506421 0.000278447 0.104093 0.0960822 -0.0181532 1 0 0 0 0 0 0 0
445 1 0.1 5.76099 3.97106 0.590593 0.0141658 -0.00543351 0.00774268 0.19615 0.186394 0.128485 1 0 0 0 0 0 0 0
446 1 0.1 5.73183 4.32647 0.762563 0.00162391 0.00577649 -0.000136375 0.0501666 -0.0119406 0.0261358 1 0 0 0 0 0 0 0
447 1 0.1 5.93111 4.36537 0.762603 -0.00162516 -0.00201867 -0.000239937 -0.0430945 0.00646713 0.0145676 1 0 0 0 0 0 0 0
448 1 0.1 6.0039 4.70424 0.758987 -0.0013896 0.000884521 0.000503276 0.0228147 0.00975262 -0.0193513 1 0 0 0 0 0 0 0
449 1 0.1 6.25577 5.23198 0.750036 0.000226251 0.000196329 8.16949e-08 -0.00179311 0.00136403 0.00565542 1 0 0 0 0 0 0 0
450 1 0.1 6.05172 1.15439 0.752198 -0.0769837 0.121095 0.187679 1.54879 -1.07817 -1.30969 1 0 0 0 0 0 0 0
451 1 0.1 5.96016 1.29014 0.633458 -0.00717274 0.00187429 0.00989099 0.0780804 0.122286 0.0138233 1 0 0 0 0 0 0 0
452 1 0.1 5.95798 1.59103 0.762776 -0.00218131 -0.0259999 0.00725654 -0.191304 0.0476872 0.0905717 1 0 0 0 0 0 0 0
453 1 0.1 5.90641 1.71035 0.611476 0.00849088 -0.0419375 0.00979214 0.0679533 -0.175898 -0.0881813 1 0 0 0 0 0 0 0
454 1 0.1 5.66482 2.08247 0.758425 0.0132984 -0.0101127 0.00403412 0.0641808 -0.0578807 0.163296 1 0 0 0 0 0 0 0
455 1 0.1 5.45551 2.37583 0.761524 0.00579963 -0.00433773 -0.00465554 -0.119285 0.130063 0.131256 1 0 0 0 0 0 0 0
456 1 0.1 5.33054 2.22056 0.762978 0.0216491 -0.000612888 0.00426448 -0.0111767 -0.16567 -0.022602 1 0 0 0 0 0 0 0
457 1 0.1 5.72996 2.30615 0.591951 0.0150338 -0.0865914 -0.00560661 -0.532544 -0.0549321 -0.090633 1 0 0 0 0 0 0 0
458 1 0.1 5.30731 2.50883 0.762964 -0.0191177 -0.0312422 -0.00463369 -0.360684 0.245449 0.209311 1 0 0 0 0 0 0 0
459 1 0.1 5.44853 2.6518 0.743557 -0.00773558 0.0421134 0.115051 0.396154 -1.35904 0.242714 1 0 0 0 0 0 0 0
460 1 0.1 5.30039 2.65143 0.552981 -0.00758127 0.083275 0.177355 -0.882144 -0.728129 0.557979 1 0 0 0 0 0 0 0
461 1 0.1 4.9896 2.82187 0.762994 -0.000845745 -0.0112692 0.00965168 -0.0407991 0.018603 0.175778 1 0 0 0 0 0 0 0
462 1 0.1 4.74916 3.05184 0.758202 0.0172739 0.0291005 0.0114586 0.0461491 0.37206 -0.247088 1 0 0 0 0 0 0 0
463 1 0.1 5.17522 3.14057 0.569923 0.0172309 -0.107644 0.0985584 1.47717 -1.09591 -0.823901 1 0 0 0 0 0 0 0
464 1 0.1 4.99341 3.22129 0.589699 0.0754431 0.0469256 0.0343526 0.569191 -0.525557 -0.777708 1 0 0 0 0 0 0 0
465 1 0.1 5.21447 3.50806 0.576149 0.0188106 -0.010919 -0.0161198 -1.01217 0.359424 1.45034 1 0 0 0 0 0 0 0
466 1 0.1 5.25139 3.68623 0.759103 -0.00221833 -0.00246581 0.0134304 0.064932 0.204785 -0.124263 1 0 0 0 0 0 0 0
467 1 0.1 5.49982 3.65939 0.682687 0.0406878 0.0137096 -0.00869955 -0.0652402 -0.20509 -0.128456 1 0 0 0 0 0 0 0
468 1 0.1 5.61868 3.79812 0.762673 0.0637129 -0.00918015 0.000127691 -0.0942284 -0.120208 -0.371196 1 0 0 0 0 0 0 0
469 1 0.1 5.80187 3.87763 0.762543 0.0610971 0.000154101 -0.00048765 -0.122709 0.0396627 0.456604 1 0 0 0 0 0 0 0
470 1 0.1 5.98274 3.79244 0.761914 0.0421653 -0.0389282 -0.00352339 -0.197224 0.146624 -0.890422 1 0 0 0 0 0 0 0
471 1 0.1 5.85205 4.07112 0.762839 0.0174591 0.0134743 -0.00341809 0.171521 -0.228352 -0.226706 1 0 0 0 0 0 0 0
472 1 0.1 6.0341 4.15365 0.762515 0.0146515 0.0189887 0.000275952 -0.0884146 0.130785 0.26442 1 0 0 0 0 0 0 0
473 1 0.1 5.97698 4.94636 0.762656 0.00130823 -0.000602186 0.000140406 -0.00392499 -0.00962166 -0.0432236 1 0 0 0 0 0 0 0
474 1 0.1 6.1285 4.84787 0.677399 0.0360225 0.0154853 0.0423336 0.0204072 -0.423985 0.0986231 1 0 0 0 0 0 0 0
475 1 0.1 6.06151 1.40395 0.762608 -0.00283454 0.00102859 0.00193608 -0.00347862 0.0463038 0.0738598 1 0 0 0 0 0 0 0
476 1 0.1 5.98585 1.4862 0.594891 -0.0076058 -0.0159687 0.000605656 0.25474 0.0527784 -0.195913 1 0 0 0 0 0 0 0
477 1 0.1 6.00806 2.15102 0.762573 0.00433132 -0.0239206 0.00531209 -0.244993 0.0206007 -0.379984 1 0 0 0 0 0 0 0
478 1 0.1 5.81763 2.21137 0.762163 0.0106546 -0.00883597 0.00243619 -0.0752604 0.0362679 0.231697 1 0 0 0 0 0 0 0
479 1 0.1 5.77867 2.41241 0.762645 0.0296472 -0.0618438 0.00130515 0.00951095 0.0507639 0.00614631 1 0 0 0 0 0 0 0
480 1 0.1 5.94428 3.12368 0.762609 0.0124685 -0.015183 0.00100714 -0.14947 -0.129334 -0.106221 1 0 0 0 0 0 0 0
481 1 0.1 5.86594 2.81316 0.762525 0.0570166 0.0944016 -0.000173 -0.866455 0.611275 0.771751 1 0 0 0 0 0 0 0
482 1 0.1 5.60619 2.51282 0.765793 0.0610256 -0.0315729 -0.0018418 -0.629366 -1.26516 -0.221562 1 0 0 0 0 0 0 0
483 1 0.1 5.72659 2.50593 0.593783 0.0451275 -0.0861606 -0.0232396 0.363805 -1.64034 -0.311832 1 0 0 0 0 0 0 0
484 1 0.1 5.55153 2.83299 0.763033 -0.00837021 -0.0411248 -0.00155735 -0.707793 -0.0277843 0.0894164 1 0 0 0 0 0 0 0
485 1 0.1 5.2761 3.05766 0.762874 0.00853068 -0.00450146 0.00651676 0.178545 0.00828547 -0.0833914 1 0 0 0 0 0 0 0
486 1 0.1 5.25587 2.70036 0.765408 -0.0347746 -0.0219962 0.00191159 0.184347 0.426257 0.0293475 1 0 0 0 0 0 0 0
487 1 0.1 5.07719 3.05352 0.763045 0.0108263 0.0165404 0.0040902 0.0089242 -0.329904 -0.146926 1 0 0 0 0 0 0 0
488 1 0.1 5.25851 3.25558 0.763622 0.0181768 0.000787983 -0.00187062 0.0223742 -0.143547 0.208781 1 0 0 0 0 0 0 0
489 1 0.1 5.31641 3.34036 0.595417 0.0842077 0.0265063 0.0366115 0.399877 -0.394457 -0.741646 1 0 0 0 0 0 0 0
490 1 0.1 5.44139 3.33619 0.760521 0.0138309 0.00916602 0.00274851 -0.0379451 0.0553016 0.0894274 1 0 0 0 0 0 0 0
491 1 0.1 5.15794 3.47701 0.763481 0.0398681 0.0211877 -0.00151295 0.197166 -0.403198 0.068705 1 0 0 0 0 0 0 0
492 1 0.1 5.35428 3.51552 0.762547 -0.00384755 -0.00247759 -0.000232459 -0.0401075 0.0424602 0.108489 1 0 0 0 0 0 0 0
493 1 0.1 5.73556 3.06929 0.762508 -0.0240798 -0.0361035 0.000460131 -0.041765 0.0241138 -0.333704 1 0 0 0 0 0 0 0
494 1 0.1 5.56928 3.4898 0.762548 0.0112241 0.00805984 0.00123135 0.0377512 -0.0562347 -0.0740059 1 0 0 0 0 0 0 0
495 1 0.1 5.8204 3.6757 0.763596 0.016301 -0.00586865 0.000958785 0.105408 -0.227579 0.585535 1 0 0 0 0 0 0 0
496 1 0.1 5.80646 3.47649 0.763551 0.0722057 -0.010156 0.00244128 -0.1531 -0.821033 0.214462 1 0 0 0 0 0 0 0
497 1 0.1 5.87924 4.13184 0.574375 -0.03269 0.0308414 -0.014102 0.0671858 -0.307155 -0.248518 1 0 0 0 0 0 0 0
498 1 0.1 6.0686 4.51542 0.764394 -0.0142917 -0.00103824 0.00385399 -0.222179 0.217993 -0.0560551 1 0 0 0 0 0 0 0
499 1 0.1 6.18158 4.65237 0.672516 0.0131139 -0.0690288 -0.0637742 0.524468 1.90738 -1.32014 1 0 0 0 0 0 0 0
