500
0 1 0.1 6.00077 1.01768 0.151231 -0.00899051 0.013479 -0.00194107 0.0393376 0.0279817 -0.158048 1 0 0 0 0 0 0 0
1 1 0.1 5.85977 1.15933 0.14635 -0.00816481 0.0135538 -0.000688992 -0.0241021 -0.0178529 0.148521 1 0 0 0 0 0 0 0
2 1 0.1 5.69263 1.33512 0.137024 -0.000149699 0.00152927 -0.00200053 -0.0579979 -0.0433335 -0.0176234 1 0 0 0 0 0 0 0
3 1 0.1 5.31755 1.70315 0.149933 0.00170115 -0.00165315 -0.000658861 -0.018283 0.00322895 -0.0339765 1 0 0 0 0 0 0 0
4 1 0.1 5.46057 1.82831 0.298702 -0.0242847 0.026817 -0.0203073 -0.490099 -0.502469 0.222339 1 0 0 0 0 0 0 0
5 1 0.1 5.08723 1.93104 0.141292 0.00391355 -0.00723728 0.00232575 0.0126694 -0.00976842 -0.0372777 1 0 0 0 0 0 0 0
6 1 0.1 4.94454 2.07081 0.150354 0.00443652 -0.00862809 0.00158037 0.0055819 0.00314116 -0.0094443 1 0 0 0 0 0 0 0
7 1 0.1 4.80314 2.21211 0.149551 0.0168457 -0.00216483 -0.00203961 -0.0803078 0.0127321 -0.148021 1 0 0 0 0 0 0 0
8 1 0.1 4.61814 2.68483 0.137493 -0.0209637 0.0361115 0.00689797 0.0306155 0.0209825 -0.0158832 1 0 0 0 0 0 0 0
9 1 0.1 4.66206 2.5345 0.265159 0.0707776 -0.00584325 0.036628 -0.0839616 0.98208 -3.16476 1 0 0 0 0 0 0 0
10 1 0.1 4.2255 2.79896 0.139344 -0.0120616 0.00872668 -0.00856692 -0.00407235 0.0675632 -0.0185054 1 0 0 0 0 0 0 0
11 1 0.1 4.19319 2.85067 0.352419 0.00825661 0.0148168 0.0443134 -0.323906 -0.423895 0.17477 1 0 0 0 0 0 0 0
12 1 0.1 4.18888 2.99469 0.146446 0.000899083 0.00209004 -0.00938795 -0.125437 0.0296289 -0.0992378 1 0 0 0 0 0 0 0
13 1 0.1 4.21984 3.19564 0.138019 0.0110103 0.0206664 -0.0011676 -0.266875 0.310416 0.312828 1 0 0 0 0 0 0 0
14 1 0.1 4.37223 3.32068 0.137123 0.0589967 -0.0414766 -0.000186231 -0.204634 -0.730607 -0.92615 1 0 0 0 0 0 0 0
15 1 0.1 4.50374 3.44846 0.213495 0.0857484 -0.0956624 0.0222245 -0.458898 -0.56059 0.417746 1 0 0 0 0 0 0 0
16 1 0.1 4.76172 3.39548 0.133686 0.122385 -0.01597 0.00220815 0.122169 1.21388 0.193997 1 0 0 0 0 0 0 0
17 1 0.1 4.61796 3.59614 0.147847 -0.0214467 -0.0142696 0.0182323 -0.244594 -0.0268965 -0.0163095 1 0 0 0 0 0 0 0
18 1 0.1 4.76462 3.73775 0.138072 -0.131801 -0.105633 0.0318221 -0.027266 -0.274632 -0.975739 1 0 0 0 0 0 0 0
19 1 0.1 5.12504 4.09925 0.144075 -0.374779 -0.407689 -0.151719 1.06631 1.17278 -5.0259 1 0 0 0 0 0 0 0
20 1 0.1 5.27031 4.24445 0.14403 -0.360577 -0.340432 0.0800705 0.291685 -1.42916 -4.77209 1 0 0 0 0 0 0 0
21 1 0.1 5.41408 4.39038 0.150007 -0.297004 -0.317038 -0.00135192 -0.0331303 0.0484065 -4.44178 1 0 0 0 0 0 0 0
22 1 0.1 5.58193 4.56658 0.147077 0.00156557 0.000833668 -0.00327025 0.0476747 0.0514607 0.0132499 1 0 0 0 0 0 0 0
23 1 0.1 5.7228 4.70799 0.14971 0.000125774 -0.000378452 0.000608478 -0.0121578 -0.0237223 -0.0250597 1 0 0 0 0 0 0 0
24 1 0.1 6.00555 4.99066 0.150012 0.00033732 0.000571514 4.72014e-05 -0.000687835 0.000110155 0.00532148 1 0 0 0 0 0 0 0
25 1 0.1 6.14195 0.876076 0.149972 -0.00922282 0.0138263 -2.39193e-05 -0.0607142 -0.0380152 0.165038 1 0 0 0 0 0 0 0
26 1 0.1 5.8912 1.35661 0.137697 -0.00152371 0.0131704 -0.0148433 0.0119518 0.0206368 0.153382 1 0 0 0 0 0 0 0
27 1 0.1 5.85305 1.55967 0.137472 -0.0199239 0.00394486 -0.00271251 -0.182569 0.541505 -0.422637 1 0 0 0 0 0 0 0
28 1 0.1 5.55362 1.47852 0.136413 0.00679286 0.00984773 -0.000282667 -0.179794 0.0792118 0.0153899 1 0 0 0 0 0 0 0
29 1 0.1 5.5752 1.85425 0.137343 0.00572057 -6.51866e-05 -0.000387788 0.00258825 0.0422113 0.0160502 1 0 0 0 0 0 0 0
30 1 0.1 5.32796 1.90179 0.137452 -0.0266511 0.00138856 0.000206307 0.00359501 -0.000362544 0.277653 1 0 0 0 0 0 0 0
31 1 0.1 5.28318 2.09612 0.137065 -0.042196 0.00919037 0.00306602 0.0408161 -0.169305 -0.108565 1 0 0 0 0 0 0 0
32 1 0.1 4.94476 2.35271 0.137258 -0.00233751 0.0335381 0.00369768 -0.31748 -0.01272 -0.0218754 1 0 0 0 0 0 0 0
33 1 0.1 4.50785 2.51808 0.136076 -0.00511793 0.0168242 -0.000899577 -0.189685 -0.240366 0.106382 1 0 0 0 0 0 0 0
34 1 0.1 4.90703 2.74274 0.134785 0.0429246 0.027211 -0.00756633 -0.227781 0.497134 -0.00430932 1 0 0 0 0 0 0 0
35 1 0.1 4.36649 2.65798 0.136081 -0.00793137 0.0140401 -0.00737811 -0.191468 -0.041292 0.0497303 1 0 0 0 0 0 0 0
36 1 0.1 4.96263 2.81527 0.306895 0.0695749 0.00769736 -0.0193189 0.302053 0.0395178 0.364471 1 0 0 0 0 0 0 0
37 1 0.1 4.37706 2.92802 0.135708 -3.15567e-05 -0.0313044 -0.0118914 0.229975 -0.0214631 -0.218329 1 0 0 0 0 0 0 0
38 1 0.1 4.40711 3.12571 0.136987 -0.0157683 -0.0422976 0.00432248 0.292865 -0.165927 0.191324 1 0 0 0 0 0 0 0
39 1 0.1 4.56612 3.27817 0.136282 0.0438142 -0.0949609 -0.00194774 1.14488 0.65767 0.03301 1 0 0 0 0 0 0 0
40 1 0.1 4.93233 3.21905 0.191339 -0.027542 0.0148963 -0.140299 -0.29588 3.78416 0.581599 1 0 0 0 0 0 0 0
41 1 0.1 4.97737 3.63816 0.134987 -0.0202936 0.0248066 0.00487401 -0.194497 -0.208058 -0.540201 1 0 0 0 0 0 0 0
42 1 0.1 5.16934 3.73292 0.137318 0.00766754 0.0267556 -0.000241814 -0.357914 0.059648 -0.100456 1 0 0 0 0 0 0 0
43 1 0.1 5.13015 3.87625 0.271253 0.0467423 0.0204271 0.0356505 -0.728102 -0.146957 -0.381708 1 0 0 0 0 0 0 0
44 1 0.1 5.43878 4.01165 0.135873 -0.0207334 0.0150998 0.000614066 0.00246167 -0.0856703 -0.659231 1 0 0 0 0 0 0 0
45 1 0.1 5.54586 4.19433 0.13665 0.00332107 0.00524157 -0.000728345 -0.0763693 0.0213038 -0.0290797 1 0 0 0 0 0 0 0
46 1 0.1 5.63348 4.37357 0.147869 0.0024321 0.0018824 -0.00479778 -0.0511141 -0.00586237 -0.0122303 1 0 0 0 0 0 0 0
47 1 0.1 5.77472 4.5154 0.137341 0.000549299 -0.00149389 -0.00328402 0.0574892 0.0490617 -0.0494877 1 0 0 0 0 0 0 0
48 1 0.1 5.86447 4.84897 0.150446 0.00047925 -6.34582e-05 0.00153877 -0.0213744 0.000702236 0.00153468 1 0 0 0 0 0 0 0
49 1 0.1 6.14697 5.13202 0.150039 0.000461951 0.000770812 -0.000212923 -0.000128535 0.00447269 0.0200699 1 0 0 0 0 0 0 0
50 1 0.1 6.28336 0.734684 0.150007 -0.00926419 0.014291 6.27769e-05 -0.00136358 -0.00173969 0.183678 1 0 0 0 0 0 0 0
51 1 0.1 6.0472 1.22835 0.139256 -0.0145424 0.0331634 -0.00938992 0.0627504 0.119296 0.0601159 1 0 0 0 0 0 0 0
52 1 0.1 5.95328 1.76814 0.137548 -0.00102872 0.0545985 0.00650295 -0.213675 -0.152098 0.291036 1 0 0 0 0 0 0 0
53 1 0.1 5.75621 1.73458 0.137089 0.00313909 0.0159282 0.00020307 -0.156567 0.0187365 0.0921216 1 0 0 0 0 0 0 0
54 1 0.1 5.73867 1.96705 0.160223 0.0176969 -0.00408956 -0.0740707 0.191445 0.993873 -0.0298707 1 0 0 0 0 0 0 0
55 1 0.1 5.4761 2.01302 0.211842 -0.0315394 0.0346499 -0.0440137 0.0885866 0.66261 0.234763 1 0 0 0 0 0 0 0
56 1 0.1 5.45905 2.20152 0.137279 0.00252374 -0.0135103 0.00736153 0.137534 -0.0439553 0.0622938 1 0 0 0 0 0 0 0
57 1 0.1 5.3043 2.26018 0.248671 0.0127985 0.0107134 -0.00069715 0.716932 0.572923 0.170646 1 0 0 0 0 0 0 0
58 1 0.1 4.87224 2.43184 0.305515 0.0683256 0.127217 -0.0128316 -0.759673 0.807258 0.0197523 1 0 0 0 0 0 0 0
59 1 0.1 4.72051 2.39356 0.137076 -0.0768411 -0.0418639 0.00228224 0.443534 -0.743942 1.24808 1 0 0 0 0 0 0 0
60 1 0.1 5.14047 2.74289 0.261704 0.0668999 0.0233727 -0.0077304 -0.0616938 -0.215924 -0.304843 1 0 0 0 0 0 0 0
61 1 0.1 4.75758 2.8751 0.139603 0.0177446 0.00584114 0.032084 -0.0066531 0.403764 0.297234 1 0 0 0 0 0 0 0
62 1 0.1 4.88234 3.03379 0.133638 0.0148518 -0.0790249 -0.010479 0.615494 0.111979 -0.00302745 1 0 0 0 0 0 0 0
63 1 0.1 4.59205 2.9865 0.132671 -0.00383363 -0.0243844 0.00650443 0.210759 -0.185675 0.208666 1 0 0 0 0 0 0 0
64 1 0.1 4.72801 3.16081 0.137527 -0.210415 -0.396162 0.0055485 0.17804 -1.74458 -3.36238 1 0 0 0 0 0 0 0
65 1 0.1 4.92243 3.55179 0.30242 0.0121656 0.00853315 0.0154376 0.0504472 -0.0686707 1.72758 1 0 0 0 0 0 0 0
66 1 0.1 5.30563 3.5864 0.137306 0.0524581 0.0199042 0.00249886 0.0747818 -0.0252876 0.097895 1 0 0 0 0 0 0 0
67 1 0.1 5.36515 3.77602 0.135871 0.00918915 0.00811041 -0.010106 -0.294441 -0.0686541 0.24111 1 0 0 0 0 0 0 0
68 1 0.1 5.25442 3.93976 0.136128 -0.000399643 -0.0092985 0.00112326 -0.13487 0.305048 0.538302 1 0 0 0 0 0 0 0
69 1 0.1 5.60822 4.02272 0.379348 -0.00803044 -0.0280578 0.0922395 0.195035 -0.370801 -0.101469 1 0 0 0 0 0 0 0
70 1 0.1 5.66727 4.20515 0.295162 0.00526633 0.00284232 -0.00328737 -0.0206434 -0.00516799 -0.0048049 1 0 0 0 0 0 0 0
71 1 0.1 5.78252 4.24074 0.136985 0.00271791 0.000216377 -0.00233135 -0.00134227 0.0153028 -0.00107868 1 0 0 0 0 0 0 0
72 1 0.1 5.92374 4.38205 0.139317 0.00067153 -0.000867739 -0.00677755 0.14171 0.157076 0.0185647 1 0 0 0 0 0 0 0
73 1 0.1 6.15215 4.85301 0.137248 -0.00218846 -0.00400068 0.000993127 0.0279483 -0.0129972 -0.0322009 1 0 0 0 0 0 0 0
74 1 0.1 6.39328 5.36976 0.149994 -0.00148171 -0.00135531 9.85023e-05 0.000281406 -0.000702536 -0.0205414 1 0 0 0 0 0 0 0
75 1 0.1 6.29591 0.960117 0.261865 -0.00322517 0.00458795 0.00620621 0.0175328 -0.000456526 0.0356228 1 0 0 0 0 0 0 0
76 1 0.1 6.19181 1.07676 0.137243 0.00118122 0.00342049 0.00164717 -0.026766 0.0116572 -0.0135812 1 0 0 0 0 0 0 0
77 1 0.1 6.07458 1.60899 0.137372 -0.00388912 0.0241692 -0.000344989 -0.219784 -0.0476678 -0.0450124 1 0 0 0 0 0 0 0
78 1 0.1 5.96807 1.96844 0.195684 -0.311872 0.266161 -0.153953 0.264462 2.22389 2.31224 1 0 0 0 0 0 0 0
79 1 0.1 5.76579 2.25033 0.272922 -0.0249165 0.0357269 0.0618617 1.24388 -1.62974 1.23286 1 0 0 0 0 0 0 0
80 1 0.1 5.65071 2.14513 0.137504 0.00458563 -0.000486787 0.00175692 0.162833 0.0132979 0.055245 1 0 0 0 0 0 0 0
81 1 0.1 5.65745 2.34884 0.137337 0.0466558 0.0238968 0.000284787 -0.295099 -0.392347 0.144577 1 0 0 0 0 0 0 0
82 1 0.1 5.73356 2.77834 0.137441 0.0785232 -0.122917 -0.000149765 0.159995 -0.112964 -0.599631 1 0 0 0 0 0 0 0
83 1 0.1 5.46535 2.40201 0.136358 0.0393864 -0.00764651 0.00305262 0.134744 0.444227 0.184798 1 0 0 0 0 0 0 0
84 1 0.1 4.84182 2.55235 0.142248 -0.415397 0.219061 0.0747205 -0.252167 -0.194994 2.9006 1 0 0 0 0 0 0 0
85 1 0.1 5.17327 2.59356 0.136472 0.0164306 0.0124949 -0.00419188 -0.000238288 0.253685 -0.307404 1 0 0 0 0 0 0 0
86 1 0.1 5.51121 2.88776 0.307467 0.0394385 -0.0379697 0.00365337 0.261987 -0.992644 0.283335 1 0 0 0 0 0 0 0
87 1 0.1 5.03172 2.8988 0.137454 0.0754855 0.0220869 0.00678542 0.342341 -0.0558551 -0.303785 1 0 0 0 0 0 0 0
88 1 0.1 5.16405 3.27772 0.136894 0.00920251 0.00853729 -0.000391961 -0.0682102 0.0903364 0.0191947 1 0 0 0 0 0 0 0
89 1 0.1 4.95545 3.43452 0.137346 0.10247 0.00117661 -0.00120859 0.0370016 -0.0110967 0.0774287 1 0 0 0 0 0 0 0
90 1 0.1 5.1467 3.47385 0.169421 0.08162 0.0139241 -0.00372811 0.00792841 0.0213695 0.120695 1 0 0 0 0 0 0 0
91 1 0.1 5.50092 3.56291 0.163001 0.0476028 -0.00978407 0.00767352 0.15165 -0.0197983 -0.375725 1 0 0 0 0 0 0 0
92 1 0.1 5.61181 3.72572 0.137159 0.0670785 -0.0237115 0.00218641 0.245252 0.667996 0.0274873 1 0 0 0 0 0 0 0
93 1 0.1 5.74264 3.84912 0.221382 0.0414213 -0.0255231 0.0491945 0.849927 -0.317166 0.637943 1 0 0 0 0 0 0 0
94 1 0.1 5.63825 3.99885 0.13754 -0.0275943 -0.100086 0.00716946 0.151054 -0.216394 -0.843279 1 0 0 0 0 0 0 0
95 1 0.1 5.87667 4.02276 0.1425 -0.0223926 0.0142808 0.078486 0.283156 0.279876 -0.790283 1 0 0 0 0 0 0 0
96 1 0.1 5.99981 4.17838 0.136829 0.0282404 -0.0263833 -0.000269728 0.100232 0.413105 0.321949 1 0 0 0 0 0 0 0
97 1 0.1 6.05013 4.51878 0.211948 0.00231859 -0.0108507 0.00348055 0.22438 0.0710934 0.0480527 1 0 0 0 0 0 0 0
98 1 0.1 6.29245 4.99527 0.139213 -0.00270588 -0.00293 0.00179888 -0.0147622 0.00859657 0.0435895 1 0 0 0 0 0 0 0
99 1 0.1 6.38891 5.17031 0.137498 -0.00505942 -0.00136378 2.7262e-05 0.00113402 0.00168062 -0.0148381 1 0 0 0 0 0 0 0
100 1 0.1 6.35773 0.65813 0.349975 -0.00050907 0.00100218 0.000365118 0.00283864 -0.00198995 0.00753303 1 0 0 0 0 0 0 0
101 1 0.1 6.22941 1.31061 0.137489 -0.0101619 0.0253928 -0.000242576 0.14428 -0.120683 -0.153417 1 0 0 0 0 0 0 0
102 1 0.1 6.07179 1.41825 0.197067 -0.00989364 0.0241678 0.000409362 0.207375 -0.108942 0.0350426 1 0 0 0 0 0 0 0
103 1 0.1 5.96326 2.28045 0.280581 -0.0205381 -0.0283363 0.184359 3.92914 1.18047 -1.67801 1 0 0 0 0 0 0 0
104 1 0.1 5.96518 3.05369 0.370014 0.0178944 -0.101201 0.154226 1.57667 -2.38543 -1.44925 1 0 0 0 0 0 0 0
105 1 0.1 5.84994 2.40263 0.140839 0.0715487 -0.0672969 0.0425899 -0.822405 -0.356349 -1.10964 1 0 0 0 0 0 0 0
106 1 0.1 5.72768 2.57392 0.1374 0.0152605 -0.0549962 -0.0048106 0.574146 -0.137331 -0.569335 1 0 0 0 0 0 0 0
107 1 0.1 5.77448 3.07935 0.424279 -0.0119346 -0.00673727 0.00562237 0.654311 0.530212 -0.17628 1 0 0 0 0 0 0 0
108 1 0.1 5.53407 2.79005 0.136888 0.0715745 -0.00540967 0.00182365 0.00875808 0.625789 -0.467285 1 0 0 0 0 0 0 0
109 1 0.1 5.52863 2.59086 0.137129 0.0200184 -0.000685401 -0.00473616 -0.0246964 0.134884 0.0409486 1 0 0 0 0 0 0 0
110 1 0.1 5.3519 2.68421 0.137412 0.00711061 -0.0173462 -0.00144679 -0.0135907 0.0402148 -0.0862302 1 0 0 0 0 0 0 0
111 1 0.1 5.24767 2.85467 0.137007 0.0542743 0.0128768 -0.00330288 0.050643 0.309072 0.237553 1 0 0 0 0 0 0 0
112 1 0.1 5.27572 3.05239 0.136792 0.0241257 0.0155846 -0.00990855 -0.0833701 0.0967075 0.0300917 1 0 0 0 0 0 0 0
113 1 0.1 5.08004 3.09256 0.145257 0.0140516 0.0578732 -0.163967 -2.43459 -1.16943 0.949198 1 0 0 0 0 0 0 0
114 1 0.1 5.40971 3.19224 0.240767 -0.0105344 0.00418568 -0.0791879 0.593684 0.401339 -0.703985 1 0 0 0 0 0 0 0
115 1 0.1 5.54328 3.37022 0.137441 0.0209186 -0.0132565 0.0017887 -0.164048 0.308104 0.162413 1 0 0 0 0 0 0 0
116 1 0.1 5.57973 3.17446 0.137231 0.0370593 -0.00875347 -0.00260368 0.11496 0.291245 0.0104653 1 0 0 0 0 0 0 0
117 1 0.1 5.71813 3.37979 0.233519 0.0336318 0.0810978 -0.0313444 0.830543 -0.187928 0.814579 1 0 0 0 0 0 0 0
118 1 0.1 5.86885 3.70972 0.150047 -0.823714 0.396706 0.068335 0.641435 1.11025 2.00372 1 0 0 0 0 0 0 0
119 1 0.1 5.99547 3.86782 0.185637 -0.127708 -0.0717454 0.062882 0.0468389 -0.344621 2.01996 1 0 0 0 0 0 0 0
120 1 0.1 5.83159 3.51355 0.137493 -0.158212 0.264633 -0.000355313 -0.225996 0.0109145 0.892562 1 0 0 0 0 0 0 0
121 1 0.1 5.89288 3.30737 0.137449 -0.0118398 0.0324132 -0.000296758 -0.0951465 0.0489337 2.39617 1 0 0 0 0 0 0 0
122 1 0.1 6.09594 4.32524 0.232614 0.0143188 -0.0102742 -0.010205 0.00067675 0.0924733 0.261698 1 0 0 0 0 0 0 0
123 1 0.1 6.17657 4.65456 0.137492 -0.00813747 -0.003752 0.000312809 -0.0454856 0.170055 -0.0279298 1 0 0 0 0 0 0 0
124 1 0.1 6.29612 4.82278 0.272626 -0.00730175 -0.0252091 0.00220471 0.107568 -0.0308572 -0.134892 1 0 0 0 0 0 0 0
125 1 0.1 5.93409 1.08248 0.349318 0.000760612 0.00344358 0.00193842 -0.0116665 -0.00249719 -0.0486903 1 0 0 0 0 0 0 0
126 1 0.1 5.79483 1.22452 0.335183 -0.00242193 -0.000283212 -0.00390043 -0.105598 -0.0191641 0.0110383 1 0 0 0 0 0 0 0
127 1 0.1 5.65841 1.36954 0.330306 0.00814113 0.00821217 -0.000223566 -0.0349897 0.082883 0.0128662 1 0 0 0 0 0 0 0
128 1 0.1 5.51355 1.50679 0.328829 -0.000415982 -0.00358135 -0.00174951 0.126496 -0.118253 0.0569743 1 0 0 0 0 0 0 0
129 1 0.1 5.35579 1.6658 0.349369 -0.0102721 0.0185304 -0.00413005 -0.127057 -0.0448664 0.1769 1 0 0 0 0 0 0 0
130 1 0.1 5.11378 1.91224 0.338622 -0.0754126 0.0579658 0.0226605 0.0132011 -0.0654318 0.172327 1 0 0 0 0 0 0 0
131 1 0.1 4.97082 2.05164 0.349769 -0.0661988 0.0471748 -0.00998717 -0.375899 -0.282486 0.378315 1 0 0 0 0 0 0 0
132 1 0.1 4.87238 2.22495 0.365186 -0.031165 0.0389955 -0.0172115 0.319386 0.415618 -0.598127 1 0 0 0 0 0 0 0
133 1 0.1 4.70468 2.32539 0.323876 0.00567188 0.0566723 0.0472526 0.373171 -0.224335 0.407317 1 0 0 0 0 0 0 0
134 1 0.1 4.58037 2.44524 0.424245 -0.0177137 0.0395989 0.0330578 0.510722 -0.318057 -0.227156 1 0 0 0 0 0 0 0
135 1 0.1 4.46092 2.56253 0.322416 -0.0215215 0.0106954 0.00187351 -0.051532 0.000694183 0.227085 1 0 0 0 0 0 0 0
136 1 0.1 4.33141 2.70893 0.348522 -0.00221863 0.00999762 0.049229 -0.290999 1.00467 -0.224844 1 0 0 0 0 0 0 0
137 1 0.1 4.309 3.00708 0.30886 0.0217004 0.00562464 0.0384394 -0.375622 -0.440568 -0.107072 1 0 0 0 0 0 0 0
138 1 0.1 4.19322 3.16724 0.332283 -0.000712032 -0.00583808 -0.00735321 0.0651624 0.146739 0.698922 1 0 0 0 0 0 0 0
139 1 0.1 4.32265 3.2961 0.414199 -0.0365314 -0.027402 -0.033965 0.0858736 0.484456 -0.485498 1 0 0 0 0 0 0 0
140 1 0.1 4.58466 3.56575 0.349446 -0.0145759 -0.0301552 0.0155858 -0.390019 -0.570099 -0.206485 1 0 0 0 0 0 0 0
141 1 0.1 4.73177 3.70776 0.333675 -0.331548 0.00330718 0.0370111 -0.133716 0.040447 -0.0861934 1 0 0 0 0 0 0 0
142 1 0.1 4.86923 3.84335 0.272441 -0.0562517 -0.0766662 -0.0146475 -0.0256425 0.197915 -0.940664 1 0 0 0 0 0 0 0
143 1 0.1 5.07144 4.0512 0.338445 -0.00948016 0.0010893 0.016627 0.411108 0.547205 0.0972071 1 0 0 0 0 0 0 0
144 1 0.1 5.42212 4.1417 0.282335 0.00677612 0.011306 0.0017462 0.0192406 -0.0408874 0.010984 1 0 0 0 0 0 0 0
145 1 0.1 5.3091 4.29019 0.352837 0.00458046 0.0053461 -0.000932752 -0.01558 -0.00920683 -0.0216206 1 0 0 0 0 0 0 0
146 1 0.1 5.44999 4.43179 0.349959 0.00354112 0.00198839 -0.000641978 0.00269405 -0.00468419 0.0308447 1 0 0 0 0 0 0 0
147 1 0.1 5.59133 4.57316 0.350004 0.00061507 0.00128783 5.28536e-06 -0.00140034 0.000273728 0.00564427 1 0 0 0 0 0 0 0
148 1 0.1 5.7864 4.76423 0.359162 -0.00157915 -0.00278913 -0.00518328 0.0325344 0.0165504 -0.0317989 1 0 0 0 0 0 0 0
149 1 0.1 5.93174 4.91236 0.356686 -0.00208195 -0.00338828 0.00103167 -0.00271013 -0.0024827 -0.0493552 1 0 0 0 0 0 0 0
150 1 0.1 6.07504 0.940818 0.349609 -0.00131536 0.000484011 0.00291591 0.0190451 -0.0200397 0.00600328 1 0 0 0 0 0 0 0
151 1 0.1 5.76066 1.66338 0.323744 -0.0056265 0.023104 0.00838187 0.154444 -0.101845 0.36789 1 0 0 0 0 0 0 0
152 1 0.1 5.59179 1.65543 0.218064 0.00762755 0.00234419 0.00856858 0.127478 0.0236807 0.0740584 1 0 0 0 0 0 0 0
153 1 0.1 6.01925 2.04988 0.471434 -0.00198512 -0.0134958 0.00222417 -0.190001 0.0455453 -0.505505 1 0 0 0 0 0 0 0
154 1 0.1 5.64424 1.85782 0.371946 -0.00656833 -0.0335066 -0.00104432 -0.867605 -0.0454568 -1.39808 1 0 0 0 0 0 0 0
155 1 0.1 5.2919 1.84818 0.403503 -0.0351553 0.0263282 -0.0340479 -0.0514141 0.417465 0.126717 1 0 0 0 0 0 0 0
156 1 0.1 5.20816 2.20696 0.409569 -0.0496758 -0.0337755 -0.054433 -0.782379 -1.63008 0.688577 1 0 0 0 0 0 0 0
157 1 0.1 5.0541 2.18461 0.530209 -0.0271365 0.00948541 -0.0142907 1.02576 1.99082 0.209689 1 0 0 0 0 0 0 0
158 1 0.1 4.77118 2.48451 0.469691 0.0394819 -0.00702733 0.0113825 0.582711 0.133344 0.0603085 1 0 0 0 0 0 0 0
159 1 0.1 4.71057 2.89803 0.479969 0.0210521 -0.108893 -0.00756804 1.61549 -0.482346 1.36688 1 0 0 0 0 0 0 0
160 1 0.1 4.67293 2.72396 0.325809 0.113099 0.0119285 -0.00681386 -0.293994 0.00250349 3.06122 1 0 0 0 0 0 0 0
161 1 0.1 4.5416 2.85166 0.403055 0.0246596 -0.0647687 0.00247646 -0.417032 0.65921 -1.32248 1 0 0 0 0 0 0 0
162 1 0.1 4.50207 3.05355 0.294986 0.014698 0.00163331 0.00141634 -0.604959 0.451527 0.177924 1 0 0 0 0 0 0 0
163 1 0.1 4.62894 3.2059 0.310545 0.208045 -0.154712 -0.0818413 -1.00599 1.51811 -0.92717 1 0 0 0 0 0 0 0
164 1 0.1 4.47769 3.31151 0.539561 -0.588328 0.0388139 0.641579 1.35092 -1.50299 1.64578 1 0 0 0 0 0 0 0
165 1 0.1 4.87352 3.59746 0.49001 -0.0356575 -0.0999726 0.0336867 0.766704 0.0240645 0.505609 1 0 0 0 0 0 0 0
166 1 0.1 5.08161 3.55419 0.44619 0.023062 0.0194146 -0.00717488 0.152814 -0.0929477 0.324907 1 0 0 0 0 0 0 0
167 1 0.1 5.0644 3.69252 0.302213 -0.00524006 0.0361637 -0.0094337 0.858983 -0.0193059 -0.400746 1 0 0 0 0 0 0 0
168 1 0.1 5.2573 4.0966 0.380718 -0.00131199 0.00546106 -0.00783367 0.000699258 -0.121957 0.0575736 1 0 0 0 0 0 0 0
169 1 0.1 5.41543 3.97702 0.396274 -0.0178006 -0.00252001 0.0126713 0.235149 -0.334091 -0.189859 1 0 0 0 0 0 0 0
170 1 0.1 5.52505 4.20716 0.434345 0.0130373 -0.0027864 0.00209794 0.138963 0.108461 -0.0256345 1 0 0 0 0 0 0 0
171 1 0.1 5.63263 4.37342 0.406517 -0.00537842 0.0152492 0.0438752 0.105285 -0.516232 0.147816 1 0 0 0 0 0 0 0
172 1 0.1 5.82409 4.42963 0.310541 0.0203352 -0.0293453 -0.0284775 0.296244 0.018138 0.343431 1 0 0 0 0 0 0 0
173 1 0.1 5.88528 4.61549 0.270266 -0.00107706 -0.0111379 0.00358827 -0.0524565 -0.186765 -0.100944 1 0 0 0 0 0 0 0
174 1 0.1 6.13869 5.11587 0.358158 -0.0068759 -0.00884587 0.000287599 -0.0359342 0.0195802 -0.0983153 1 0 0 0 0 0 0 0
175 1 0.1 6.2165 0.79964 0.350853 -0.00031778 0.00118267 0.00198984 0.0262342 -0.0118762 0.00571393 1 0 0 0 0 0 0 0
176 1 0.1 5.82765 1.47506 0.316805 0.00792894 0.0177594 0.000934684 0.0855333 -0.0217915 0.0501038 1 0 0 0 0 0 0 0
177 1 0.1 5.83839 1.84369 0.282831 -0.0142885 0.0512184 -0.0142923 0.139129 0.309638 0.708167 1 0 0 0 0 0 0 0
178 1 0.1 5.88371 2.10104 0.333623 -0.0140614 0.0359306 0.0333054 0.146035 0.336874 -0.546294 1 0 0 0 0 0 0 0
179 1 0.1 5.64305 2.05197 0.314306 -0.0218716 -0.0575371 -0.029208 1.02621 -0.596591 -0.646156 1 0 0 0 0 0 0 0
180 1 0.1 5.48603 2.11597 0.43332 -0.0209965 -0.065457 0.00608528 0.222609 -0.371128 0.98315 1 0 0 0 0 0 0 0
181 1 0.1 5.32311 2.06434 0.329892 -0.0254286 -0.0446709 -0.00269442 0.334324 0.479416 -0.874173 1 0 0 0 0 0 0 0
182 1 0.1 5.05875 2.40144 0.369794 0.12953 -0.2075 -0.13268 0.948175 0.496612 -3.55688 1 0 0 0 0 0 0 0
183 1 0.1 4.84838 2.62879 0.328325 0.201804 0.157379 0.0243109 1.15029 -0.843014 -1.33608 1 0 0 0 0 0 0 0
184 1 0.1 5.16204 2.61892 0.415125 0.0144023 0.0235514 -0.0120692 0.0591559 -0.00954888 -0.193696 1 0 0 0 0 0 0 0
185 1 0.1 5.07936 2.86753 0.568571 0.110584 0.000217047 -0.0273422 -0.511598 -0.611419 1.30465 1 0 0 0 0 0 0 0
186 1 0.1 4.85427 2.77683 0.463073 0.115053 -0.0054307 0.00389365 -0.223423 -0.770426 0.0332647 1 0 0 0 0 0 0 0
187 1 0.1 4.47346 2.78873 0.234801 -0.0325464 -0.000788205 0.0274683 0.606565 -0.387113 -0.0959152 1 0 0 0 0 0 0 0
188 1 0.1 4.81939 3.09468 0.304485 0.0658441 -0.0705846 -0.0128266 -0.232688 0.15586 -1.10015 1 0 0 0 0 0 0 0
189 1 0.1 5.24039 3.26269 0.319915 0.026371 0.0181294 -0.0111089 0.0632112 0.107595 0.227275 1 0 0 0 0 0 0 0
190 1 0.1 5.04924 3.39885 0.325892 0.0820404 0.0146948 -0.0077233 -0.14586 -0.173906 0.166344 1 0 0 0 0 0 0 0
191 1 0.1 5.2528 3.64165 0.34411 -0.0178927 0.0139031 0.00990621 -0.0378225 -0.505548 0.359638 1 0 0 0 0 0 0 0
192 1 0.1 5.29234 3.82196 0.419035 -0.039981 0.0131626 0.00754647 0.0585197 0.586789 -0.0927857 1 0 0 0 0 0 0 0
193 1 0.1 5.52595 3.88129 0.259887 -0.0295035 0.00970804 -0.00398835 -0.0910533 0.420825 0.130441 1 0 0 0 0 0 0 0
194 1 0.1 5.74117 3.88888 0.471431 -0.00741292 -0.0673101 0.0545128 0.994951 -0.314004 -0.319204 1 0 0 0 0 0 0 0
195 1 0.1 5.80203 4.17195 0.43846 -0.00230855 0.0327612 0.00797483 -0.415834 -0.0944979 -0.0134272 1 0 0 0 0 0 0 0
196 1 0.1 5.92229 4.25624 0.303707 0.0231998 -0.0278101 -0.00664781 -0.360564 -0.162198 -0.326994 1 0 0 0 0 0 0 0
197 1 0.1 5.79901 4.00924 0.324595 -0.0148477 -0.0245666 0.0817039 -0.393286 0.529774 0.192667 1 0 0 0 0 0 0 0
198 1 0.1 6.01928 4.76311 0.256509 -0.000738521 -0.00651254 0.00684084 -0.0831338 0.00865224 0.0774753 1 0 0 0 0 0 0 0
199 1 0.1 6.27866 5.25846 0.349991 -0.00674877 -0.00950183 -0.000190723 0.0156073 -0.00867491 -0.123952 1 0 0 0 0 0 0 0
200 1 0.1 6.12216 1.13908 0.313483 -0.000366346 0.00415558 0.00384355 0.00628759 -0.0186831 0.0514354 1 0 0 0 0 0 0 0
201 1 0.1 5.98409 1.28674 0.319765 -0.00828769 0.0093681 -0.000381344 0.133013 0.00206568 0.112574 1 0 0 0 0 0 0 0
202 1 0.1 5.95721 1.77897 0.430032 -0.00589253 0.0309206 -0.0287638 0.110414 -0.041794 0.0390357 1 0 0 0 0 0 0 0
203 1 0.1 5.92114 2.46576 0.58561 -0.212525 0.261439 -0.0900187 -0.0490692 -1.48537 0.14517 1 0 0 0 0 0 0 0
204 1 0.1 5.98853 2.55727 0.401208 -0.122374 -0.270461 0.125494 -1.64667 -0.580815 -1.28908 1 0 0 0 0 0 0 0
205 1 0.1 5.56413 2.24461 0.30171 0.00403574 -0.0490557 0.0363195 -0.107973 -0.214565 -0.766452 1 0 0 0 0 0 0 0
206 1 0.1 5.42941 2.38982 0.329759 0.0434147 -0.0245696 0.00347966 0.0877236 -0.379858 -0.234366 1 0 0 0 0 0 0 0
207 1 0.1 5.53416 2.52217 0.433879 0.0542405 -0.0337377 0.00689924 -0.29406 0.0943098 -0.143219 1 0 0 0 0 0 0 0
208 1 0.1 5.24072 2.40579 0.135183 -0.00265402 0.00235268 -0.000379921 -0.136357 0.217136 0.135902 1 0 0 0 0 0 0 0
209 1 0.1 5.53363 2.69126 0.329074 0.0467147 -0.0455786 -0.0183277 0.042495 0.107662 0.00030494 1 0 0 0 0 0 0 0
210 1 0.1 5.64168 2.93297 0.452032 0.00172632 -0.0154064 0.0245221 0.0585751 0.560488 0.156297 1 0 0 0 0 0 0 0
211 1 0.1 5.33013 2.75562 0.322793 0.0802629 0.0436605 -0.0191958 0.626948 0.288286 0.355935 1 0 0 0 0 0 0 0
212 1 0.1 4.67673 2.95867 0.302277 0.000855542 -0.00404148 0.0268007 -0.177338 0.0201684 0.183243 1 0 0 0 0 0 0 0
213 1 0.1 4.90439 2.96418 0.426668 0.0590132 -0.0257749 -0.00828322 -0.186312 0.103918 0.752507 1 0 0 0 0 0 0 0
214 1 0.1 5.33065 3.3873 0.151194 -0.102236 0.18819 -0.0394462 0.196759 0.467053 2.1267 1 0 0 0 0 0 0 0
215 1 0.1 5.44558 3.43635 0.307557 -0.00265412 -0.0205677 -0.0158822 0.358721 0.250631 -0.653807 1 0 0 0 0 0 0 0
216 1 0.1 5.6726 3.57397 0.264389 -0.0610906 0.0098497 0.199405 -0.330085 -2.19104 0.483998 1 0 0 0 0 0 0 0
217 1 0.1 5.44926 3.70074 0.298544 -0.00832322 0.00775807 0.0012889 0.291763 -0.229269 -0.0281428 1 0 0 0 0 0 0 0
218 1 0.1 5.90835 3.84716 0.364421 -0.0212782 -0.016301 0.118343 -1.3341 1.36052 -0.719381 1 0 0 0 0 0 0 0
219 1 0.1 6.00259 3.60339 0.30218 -0.189097 0.131015 -0.0866905 0.720921 2.38945 1.01014 1 0 0 0 0 0 0 0
220 1 0.1 5.90646 3.41469 0.531684 0.00408667 -0.0626544 0.00793277 -0.312948 0.0235181 0.265083 1 0 0 0 0 0 0 0
221 1 0.1 6.0264 3.78758 0.514312 0.00197251 -0.0757584 0.0690283 1.36663 -0.675459 -0.255139 1 0 0 0 0 0 0 0
222 1 0.1 6.03825 3.44457 0.141933 -0.0923085 0.116359 0.0264749 0.547636 0.00561969 -1.22699 1 0 0 0 0 0 0 0
223 1 0.1 6.12845 4.91908 0.324083 -0.00109722 -0.010816 0.00349495 0.0505656 -0.0136597 -0.0392999 1 0 0 0 0 0 0 0
224 1 0.1 6.29995 5.00102 0.386124 -0.00784707 -0.00515703 0.0144041 -0.0608596 -0.123212 0.112078 1 0 0 0 0 0 0 0
225 1 0.1 6.08674 1.44083 0.39513 -0.0128028 0.00750631 0.00244478 -0.0359716 0.0707481 -0.0397791 1 0 0 0 0 0 0 0
226 1 0.1 5.8889 2.14266 0.137503 -0.6841 0.154235 0.000226794 0.051521 0.0481277 0.212138 1 0 0 0 0 0 0 0
227 1 0.1 5.95546 1.62781 0.296665 -0.00378583 0.0452977 -0.00550603 0.0734032 0.0128612 -0.107869 1 0 0 0 0 0 0 0
228 1 0.1 5.91643 2.63955 0.142437 0.032343 -0.107859 0.0543376 0.485572 -0.118306 0.0408878 1 0 0 0 0 0 0 0
229 1 0.1 5.5079 2.98881 0.13691 0.0555963 -0.0102941 0.00774739 0.0636803 0.574743 0.14852 1 0 0 0 0 0 0 0
230 1 0.1 5.98756 3.25205 0.35617 0.00798655 -0.118143 0.160657 -2.94197 -1.35432 0.351423 1 0 0 0 0 0 0 0
231 1 0.1 5.84296 2.4032 0.41071 -0.463019 -0.332948 0.453213 -2.6454 -6.39549 -1.37684 1 0 0 0 0 0 0 0
232 1 0.1 5.68981 2.48736 0.313553 -0.0347868 -0.155368 -0.0699722 1.0767 0.759345 -1.9091 1 0 0 0 0 0 0 0
233 1 0.1 5.91522 2.75779 0.373051 -0.00420993 0.059784 0.0551412 0.115453 0.228159 -0.489512 1 0 0 0 0 0 0 0
234 1 0.1 5.71645 2.76681 0.355087 -0.00794937 0.0256411 0.0251331 0.141871 -0.529479 0.845487 1 0 0 0 0 0 0 0
235 1 0.1 5.82793 2.92406 0.302494 0.013325 0.00539073 0.0275084 -1.02307 -0.768449 -0.730185 1 0 0 0 0 0 0 0
236 1 0.1 5.63903 3.10787 0.572348 -0.0365464 0.0669456 -0.0454621 -0.756382 -1.49625 0.132761 1 0 0 0 0 0 0 0
237 1 0.1 5.37485 2.94559 0.437297 0.0371677 0.00633184 -0.0141589 -0.571193 0.0284833 -0.587669 1 0 0 0 0 0 0 0
238 1 0.1 5.19553 3.06879 0.317688 0.0346861 0.0194382 -0.0263584 0.10868 -0.0906426 -0.114845 1 0 0 0 0 0 0 0
239 1 0.1 5.49244 3.10124 0.398327 0.0398045 -0.0123601 -0.114056 -0.438691 0.325891 0.552464 1 0 0 0 0 0 0 0
240 1 0.1 5.64013 3.04401 0.276303 0.10607 -0.0173836 -0.035212 -0.107469 0.0643147 -0.313475 1 0 0 0 0 0 0 0
241 1 0.1 5.53686 3.28252 0.583521 -0.0351625 -0.0345921 0.0237468 -0.432113 0.496573 -0.407523 1 0 0 0 0 0 0 0
242 1 0.1 5.62364 3.23828 0.338234 0.0105687 0.0104612 -0.150903 0.185726 0.00359894 -0.210846 1 0 0 0 0 0 0 0
243 1 0.1 5.60772 3.41723 0.423778 0.00657349 -0.0126751 -0.0661528 0.724364 -0.386369 0.0140843 1 0 0 0 0 0 0 0
244 1 0.1 5.82185 3.66739 0.358812 -0.115084 0.0168689 0.288766 0.704549 1.25633 -0.176841 1 0 0 0 0 0 0 0
245 1 0.1 5.79228 3.17766 0.251441 0.0725418 -0.03622 -0.00497066 -0.982947 -1.50248 0.138608 1 0 0 0 0 0 0 0
246 1 0.1 5.85782 3.47163 0.343088 -0.0512461 0.0419132 0.110509 0.822654 0.308301 0.949795 1 0 0 0 0 0 0 0
247 1 0.1 5.99957 4.40714 0.409152 -0.00861339 -0.0377941 0.026752 0.356584 -0.745052 0.106922 1 0 0 0 0 0 0 0
248 1 0.1 6.15053 4.53802 0.41064 -0.0231229 -0.0202482 0.0379174 -0.57626 0.414295 0.113308 1 0 0 0 0 0 0 0
249 1 0.1 6.16561 4.73686 0.397341 -0.0232775 -0.0222036 -0.0104175 0.116184 -0.0296272 -0.133017 1 0 0 0 0 0 0 0
250 1 0.1 6.00728 1.01616 0.523017 -0.00164057 0.00123934 0.00198401 0.0152345 -0.0176562 0.00812328 1 0 0 0 0 0 0 0
251 1 0.1 5.84254 1.18143 0.552268 0.00899026 -0.00607554 0.0085317 0.165751 -0.000150808 -0.0655332 1 0 0 0 0 0 0 0
252 1 0.1 5.70332 1.32371 0.537404 0.00807064 -0.00580124 -0.00101159 -0.154198 -0.157123 -0.0881665 1 0 0 0 0 0 0 0
253 1 0.1 5.44736 1.57121 0.545029 0.0105721 -0.00594117 -0.0077013 0.00514895 0.141785 -0.116986 1 0 0 0 0 0 0 0
254 1 0.1 5.30736 1.71318 0.56005 0.0082989 -0.00580239 -0.00186663 -0.0176338 -0.0257686 0.11629 1 0 0 0 0 0 0 0
255 1 0.1 5.16391 1.8523 0.556473 0.00618534 -0.00546335 0.00101664 0.030861 0.0666939 -0.151535 1 0 0 0 0 0 0 0
256 1 0.1 5.02281 1.99301 0.550981 0.00894421 -0.00399866 -0.0411278 -0.401143 0.16978 -0.14968 1 0 0 0 0 0 0 0
257 1 0.1 4.7987 2.21957 0.550977 0.00292397 -0.00440442 -0.0089991 -0.0291935 0.0306825 0.010307 1 0 0 0 0 0 0 0
258 1 0.1 4.66367 2.36266 0.586155 0.00713066 0.00128829 -0.000581432 -0.0604174 0.2138 -0.0751504 1 0 0 0 0 0 0 0
259 1 0.1 4.79776 2.64229 0.589607 0.0755296 -0.000454631 -0.00235775 -0.641532 -0.405947 -1.09086 1 0 0 0 0 0 0 0
260 1 0.1 4.62697 2.61991 0.497882 0.0682161 0.0276088 0.0111846 -0.815577 0.275984 -0.378665 1 0 0 0 0 0 0 0
261 1 0.1 4.38507 2.80607 0.513901 0.0195305 0.0111018 0.0365201 0.652066 -0.245654 0.206924 1 0 0 0 0 0 0 0
262 1 0.1 4.19447 2.82482 0.558544 0.0150125 -0.0110836 0.0163002 0.145235 0.0159353 -0.277758 1 0 0 0 0 0 0 0
263 1 0.1 4.20115 3.0369 0.475963 0.0636588 0.00349517 -0.00598891 0.198572 -0.537366 -0.318958 1 0 0 0 0 0 0 0
264 1 0.1 4.23435 3.20946 0.571266 0.00594609 0.00606288 0.00866633 -0.0722936 -0.0625546 0.0917582 1 0 0 0 0 0 0 0
265 1 0.1 4.53232 3.51485 0.582026 -0.205667 -0.127587 0.029707 2.42867 0.994768 -2.91808 1 0 0 0 0 0 0 0
266 1 0.1 4.66454 3.64401 0.511379 -0.101108 -0.0840714 0.101097 0.314629 -1.24003 -1.02182 1 0 0 0 0 0 0 0
267 1 0.1 4.80707 3.76794 0.56362 -0.0352881 -0.152609 0.103044 -0.243232 0.748977 1.20149 1 0 0 0 0 0 0 0
268 1 0.1 4.96757 3.94648 0.458114 -0.00678748 0.0064406 -0.0139379 -0.322107 0.297864 -0.281598 1 0 0 0 0 0 0 0
269 1 0.1 5.10853 4.08242 0.569983 -0.00460265 0.00322367 -0.000715011 -0.0511938 0.0103694 -0.0714048 1 0 0 0 0 0 0 0
270 1 0.1 5.25731 4.21269 0.543046 -0.00440781 -0.000735963 -0.000210043 0.1003 -0.030279 -0.0230955 1 0 0 0 0 0 0 0
271 1 0.1 5.38689 4.36028 0.577853 -0.00154273 -0.00255001 0.00215437 -0.0668952 0.0467917 -0.0184848 1 0 0 0 0 0 0 0
272 1 0.1 5.52517 4.5031 0.558861 -0.00369338 -0.00260758 -0.00480272 -0.0170805 -0.0187256 0.192374 1 0 0 0 0 0 0 0
273 1 0.1 5.66769 4.64262 0.571292 -0.00789418 -0.00146062 -0.0024027 0.0275449 0.0242853 -0.074425 1 0 0 0 0 0 0 0
274 1 0.1 5.83229 4.80843 0.549633 -0.089129 -0.0906421 -0.0116597 0.00251593 0.000672095 -0.00307515 1 0 0 0 0 0 0 0
275 1 0.1 6.1482 0.874392 0.527832 -0.000674445 0.00244138 0.00207054 0.0203854 -0.016461 0.0191045 1 0 0 0 0 0 0 0
276 1 0.1 5.83581 1.45626 0.607038 -0.0166247 0.0249429 -0.0130776 -0.0608599 0.116921 0.427238 1 0 0 0 0 0 0 0
277 1 0.1 5.69786 1.50988 0.464837 0.0185787 -0.00208765 0.00348672 0.144505 0.0632625 -0.0475069 1 0 0 0 0 0 0 0
278 1 0.1 5.58357 1.67244 0.415717 -0.0140629 -0.0145368 0.0105694 0.137912 -0.0296277 -0.0505269 1 0 0 0 0 0 0 0
279 1 0.1 5.52449 1.77708 0.572718 -0.00855761 -0.0248984 0.0147235 0.0115922 0.0752734 0.125932 1 0 0 0 0 0 0 0
280 1 0.1 5.34422 1.92497 0.601099 0.00563197 -0.00106741 -0.0235281 0.287412 0.0705868 -0.102598 1 0 0 0 0 0 0 0
281 1 0.1 5.21561 2.0313 0.494705 -0.0184153 0.00271854 0.0104252 0.083995 0.116978 0.30919 1 0 0 0 0 0 0 0
282 1 0.1 5.14573 2.10138 0.687221 0.0136649 -0.0170265 -0.0508027 -0.208484 -1.00148 0.217136 1 0 0 0 0 0 0 0
283 1 0.1 5.0701 2.36874 0.588874 0.0495552 -0.000412801 0.00696756 -0.694695 -0.641414 -0.625532 1 0 0 0 0 0 0 0
284 1 0.1 4.98781 2.69336 0.5767 0.0753308 0.0146297 0.0379193 -0.678644 -0.11995 -1.61765 1 0 0 0 0 0 0 0
285 1 0.1 4.44763 2.57397 0.762606 -0.000610226 0.0011399 -0.00100916 -0.0240291 -0.0157219 0.0141986 1 0 0 0 0 0 0 0
286 1 0.1 4.55357 2.71621 0.670357 -0.0296073 0.0281546 0.0058687 0.464062 0.308851 0.326954 1 0 0 0 0 0 0 0
287 1 0.1 4.56448 3.12234 0.755598 0.0179285 0.0224979 0.0113032 0.0200671 0.205085 -0.0120284 1 0 0 0 0 0 0 0
288 1 0.1 4.4196 3.04121 0.472674 0.0264396 0.0185762 0.00508877 0.0978559 -0.41054 0.442942 1 0 0 0 0 0 0 0
289 1 0.1 4.72173 3.35434 0.437631 0.0760009 -0.16825 -0.0485733 -0.228684 -1.79045 1.39128 1 0 0 0 0 0 0 0
290 1 0.1 4.85479 3.3673 0.300666 0.105496 -0.0197296 0.00806256 0.483315 0.114945 -0.121403 1 0 0 0 0 0 0 0
291 1 0.1 4.98697 3.5332 0.640494 -0.0129068 -0.0865276 0.0151665 -0.445748 0.0449731 0.167222 1 0 0 0 0 0 0 0
292 1 0.1 5.15265 3.66287 0.597188 -0.0167692 -0.00499776 0.018364 0.377351 0.000848768 0.248686 1 0 0 0 0 0 0 0
293 1 0.1 5.09962 3.79929 0.463126 -0.039986 -0.0141038 0.0316846 -0.14686 -0.342275 0.388423 1 0 0 0 0 0 0 0
294 1 0.1 5.27546 3.97751 0.542501 -0.0070283 0.00827894 0.0132686 -0.0535401 -0.120659 0.119523 1 0 0 0 0 0 0 0
295 1 0.1 5.42228 4.11973 0.60665 -0.0251142 -0.0267601 0.0158458 -0.0344642 -0.175555 -0.232575 1 0 0 0 0 0 0 0
296 1 0.1 5.58136 4.29468 0.599042 0.0303993 -0.0131732 -0.000142762 0.0137445 0.148036 0.132874 1 0 0 0 0 0 0 0
297 1 0.1 5.71451 4.44195 0.575601 0.002081 0.0195451 0.0372235 0.0755051 -0.432677 0.0420542 1 0 0 0 0 0 0 0
298 1 0.1 5.81158 4.56801 0.454298 -0.062336 -0.00123846 -0.0647247 -0.506453 1.10675 0.450985 1 0 0 0 0 0 0 0
299 1 0.1 6.11783 5.0856 0.588554 -0.0153987 -0.0137784 -0.0124934 -0.0854716 0.197009 -0.0706114 1 0 0 0 0 0 0 0
300 1 0.1 6.28574 0.73094 0.550014 -0.00103652 0.00164766 0.000195558 0.000703563 -0.00052758 0.0126275 1 0 0 0 0 0 0 0
301 1 0.1 5.97557 1.32658 0.518954 -0.00983522 0.011277 -0.00645665 -0.16448 0.235535 0.524204 1 0 0 0 0 0 0 0
302 1 0.1 5.87374 1.6037 0.477414 0.00784996 0.0283255 -0.00327382 -0.0226565 0.0760651 0.387717 1 0 0 0 0 0 0 0
303 1 0.1 5.79934 1.71744 0.623815 0.00464704 -5.89741e-05 0.00734134 -0.0215788 0.0818737 0.12013 1 0 0 0 0 0 0 0
304 1 0.1 5.69677 1.87804 0.563841 -0.0110752 -0.0138779 0.00586564 -0.041517 0.0646142 0.055117 1 0 0 0 0 0 0 0
305 1 0.1 5.61016 2.05739 0.578518 -0.00114877 -0.0124 0.0139889 -0.249505 0.183007 -0.107914 1 0 0 0 0 0 0 0
306 1 0.1 5.37483 2.31761 0.505035 0.0263336 -0.0044328 0.00188989 0.0250173 -0.167722 -0.376041 1 0 0 0 0 0 0 0
307 1 0.1 5.25695 2.37851 0.652223 0.0437856 -0.0210829 0.00643435 0.112935 0.593572 0.168139 1 0 0 0 0 0 0 0
308 1 0.1 5.29688 2.54649 0.28644 -0.0510773 -0.118762 0.00301089 -0.10496 -0.282641 -1.47022 1 0 0 0 0 0 0 0
309 1 0.1 4.93351 2.50476 0.606409 0.0523437 0.00272095 0.0367515 1.01561 0.74134 0.658382 1 0 0 0 0 0 0 0
310 1 0.1 5.23574 2.7451 0.566047 0.112674 0.00884798 -0.0342058 0.581696 0.71651 -1.18749 1 0 0 0 0 0 0 0
311 1 0.1 4.63779 2.94854 0.649293 0.108086 -0.207914 0.0438202 -1.50268 -0.0429418 1.01477 1 0 0 0 0 0 0 0
312 1 0.1 4.61649 3.07199 0.457854 0.0492665 -0.0744859 -0.0186666 0.380776 0.494042 -3.59132 1 0 0 0 0 0 0 0
313 1 0.1 4.86862 3.22418 0.437237 0.162577 -0.0806729 -0.0741836 -0.190271 0.676102 0.46584 1 0 0 0 0 0 0 0
314 1 0.1 5.05508 3.20368 0.362956 0.029449 0.0159773 -0.00759558 -0.00788341 -0.0860297 -0.253718 1 0 0 0 0 0 0 0
315 1 0.1 5.0753 3.32736 0.568106 0.0736436 -0.0269535 -0.0188823 -0.171879 -0.33788 0.076147 1 0 0 0 0 0 0 0
316 1 0.1 5.26347 3.44798 0.389068 0.00666458 0.0161247 0.00495639 0.115245 -0.0557826 0.0291956 1 0 0 0 0 0 0 0
317 1 0.1 5.35007 3.63855 0.577429 -0.0208191 -0.032189 -0.0160417 0.16364 0.264671 -0.584826 1 0 0 0 0 0 0 0
318 1 0.1 5.4744 3.77252 0.482213 -0.0546263 -0.0258697 0.0177696 0.0208006 -0.317978 -0.308507 1 0 0 0 0 0 0 0
319 1 0.1 5.51779 3.94903 0.565425 -0.0296687 -0.0281557 0.0103404 0.0727223 0.216266 0.176727 1 0 0 0 0 0 0 0
320 1 0.1 5.64267 4.10504 0.559688 -0.0766151 0.0163403 0.102783 -0.0793795 -1.70383 0.50332 1 0 0 0 0 0 0 0
321 1 0.1 5.88233 4.09965 0.606735 -0.117984 -0.0938007 0.00778311 0.351662 1.35803 -1.54075 1 0 0 0 0 0 0 0
322 1 0.1 5.8706 4.31943 0.552923 -0.00987626 -0.00795945 0.0704703 0.761294 -0.670528 -0.485295 1 0 0 0 0 0 0 0
323 1 0.1 5.95934 4.70211 0.43745 -0.0165911 -0.0280198 0.00477344 -0.0972757 -0.119952 -0.290603 1 0 0 0 0 0 0 0
324 1 0.1 6.25219 5.22825 0.548898 -0.0118786 -0.0171694 -0.0177527 0.205489 0.00150349 -0.0264202 1 0 0 0 0 0 0 0
325 1 0.1 6.23459 1.03105 0.438511 -0.000296624 0.0062976 0.00666114 0.0110839 -0.0336537 0.0112792 1 0 0 0 0 0 0 0
326 1 0.1 6.11556 1.18465 0.507842 0.00117648 0.0204467 0.00195209 -0.157736 -0.0317897 -0.365619 1 0 0 0 0 0 0 0
327 1 0.1 5.84953 1.94559 0.454373 -0.0222415 0.0173399 0.00512834 0.29378 0.0478557 0.152311 1 0 0 0 0 0 0 0
328 1 0.1 5.77937 2.29601 0.599145 -0.0951243 0.00188286 -0.0496259 -0.0532641 0.752584 0.113609 1 0 0 0 0 0 0 0
329 1 0.1 5.85874 2.10196 0.578687 0.00913537 0.0199304 -2.01401e-05 -0.0357138 0.0669345 0.198146 1 0 0 0 0 0 0 0
330 1 0.1 5.52712 2.23675 0.601039 0.00694775 -0.0201642 0.00404019 -0.0302898 0.121571 0.12644 1 0 0 0 0 0 0 0
331 1 0.1 5.72162 2.17343 0.452096 -0.0455416 -0.0844074 0.00395027 -0.633431 0.312357 0.691986 1 0 0 0 0 0 0 0
332 1 0.1 5.80792 2.651 0.723247 0.0112074 0.0177504 0.189658 1.48378 -1.6507 -0.397418 1 0 0 0 0 0 0 0
333 1 0.1 5.80103 2.61023 0.445973 -0.0800686 -0.0251624 0.000449374 0.695873 -0.479825 -1.1109 1 0 0 0 0 0 0 0
334 1 0.1 5.56863 2.6163 0.60605 -0.0323845 0.0715794 -0.0128725 -0.78311 -0.83036 0.685971 1 0 0 0 0 0 0 0
335 1 0.1 5.38102 2.64151 0.478566 0.0488869 -0.038195 -0.0674324 -0.121043 -0.572746 0.205607 1 0 0 0 0 0 0 0
336 1 0.1 5.50929 2.79236 0.502183 0.0149798 -0.0284116 0.00725795 0.070138 -0.640677 0.0332161 1 0 0 0 0 0 0 0
337 1 0.1 4.80411 3.03578 0.582918 0.0895588 -0.1899 0.0709011 -0.472026 -1.07082 -2.91396 1 0 0 0 0 0 0 0
338 1 0.1 5.19205 2.88383 0.391096 0.0343345 0.0292865 -0.00780591 -0.372705 0.517903 -0.0660076 1 0 0 0 0 0 0 0
339 1 0.1 5.20893 3.19318 0.504554 0.085448 -0.0157428 -0.0148068 0.181661 0.280848 0.0988237 1 0 0 0 0 0 0 0
340 1 0.1 5.38361 3.28441 0.456407 -0.0173347 -0.00125011 0.0214955 0.188637 -0.618427 -0.234725 1 0 0 0 0 0 0 0
341 1 0.1 5.44151 3.45729 0.601524 0.00275265 -0.00751937 -0.0100678 -0.442095 0.509523 -0.231263 1 0 0 0 0 0 0 0
342 1 0.1 5.48768 3.57448 0.447235 -0.0237881 -0.0285751 -0.0256012 0.222136 -0.207314 0.229983 1 0 0 0 0 0 0 0
343 1 0.1 5.6333 3.74255 0.364821 -5.84818e-07 0.030048 0.103941 0.590874 -0.810489 0.516686 1 0 0 0 0 0 0 0
344 1 0.1 5.84731 3.70991 0.558165 -0.0411251 -0.0642001 -0.0461606 -0.429304 0.245109 0.509474 1 0 0 0 0 0 0 0
345 1 0.1 5.80187 3.38813 0.762711 -0.0355164 -0.0346834 -0.000448537 -0.341871 0.341078 0.215158 1 0 0 0 0 0 0 0
346 1 0.1 5.88844 3.8998 0.605526 -0.0130057 -0.093292 0.0644363 -0.844531 0.213675 0.123615 1 0 0 0 0 0 0 0
347 1 0.1 6.07997 3.97985 0.593652 -0.00171273 -0.0640558 0.0125268 0.237174 -0.110506 -1.19296 1 0 0 0 0 0 0 0
348 1 0.1 5.97388 4.9496 0.548677 -0.0981662 -0.0819424 0.03963 0.165708 -0.398544 -0.114672 1 0 0 0 0 0 0 0
349 1 0.1 6.1796 4.90943 0.516941 -0.00670912 -0.0193391 0.00499693 0.0395011 -0.0399842 -0.00500265 1 0 0 0 0 0 0 0
350 1 0.1 6.29584 1.21593 0.588385 0.00338862 0.0083906 0.00453589 -0.10012 -0.0432536 0.0988774 1 0 0 0 0 0 0 0
351 1 0.1 6.16473 1.36996 0.566913 -0.00939925 0.0109725 -0.0080483 0.264057 -0.196106 -0.509419 1 0 0 0 0 0 0 0
352 1 0.1 6.02507 1.51302 0.570987 -0.00978682 0.00977341 0.000374817 0.194253 -0.271205 -0.534611 1 0 0 0 0 0 0 0
353 1 0.1 5.97547 2.05302 0.759534 0.0120558 -0.00970891 0.00217958 0.0349964 0.0129958 -0.242727 1 0 0 0 0 0 0 0
354 1 0.1 5.92344 2.84081 0.140905 0.0613487 -0.0453391 0.00851594 -1.06351 -0.488429 1.50427 1 0 0 0 0 0 0 0
355 1 0.1 5.86053 3.03066 0.136798 0.081619 -0.0567102 0.00460871 0.902696 1.01616 -0.455311 1 0 0 0 0 0 0 0
356 1 0.1 5.62421 2.72674 0.762696 -0.0742028 0.0854495 -0.00233883 0.850277 0.731914 -0.0773552 1 0 0 0 0 0 0 0
357 1 0.1 5.83676 2.89143 0.499417 -0.0245557 0.0914872 0.0378082 0.0801623 0.684828 -1.0493 1 0 0 0 0 0 0 0
358 1 0.1 5.27301 2.74436 0.762499 -0.0187444 0.000411103 -0.00444251 0.0217605 -0.115931 -0.893963 1 0 0 0 0 0 0 0
359 1 0.1 5.71073 2.74895 0.560526 -0.0698509 0.130906 0.0362656 0.252581 -0.346772 0.289551 1 0 0 0 0 0 0 0
360 1 0.1 5.88759 3.01228 0.650164 0.0838974 0.0662219 0.0302019 -0.1069 -0.265737 -0.225615 1 0 0 0 0 0 0 0
361 1 0.1 5.70024 2.93048 0.643656 -0.209166 0.083918 0.133071 0.626867 -0.433743 0.42829 1 0 0 0 0 0 0 0
362 1 0.1 5.49542 2.97018 0.592243 0.0562433 -0.0211511 -0.00942817 -0.115297 0.000241938 -0.75122 1 0 0 0 0 0 0 0
363 1 0.1 5.24086 2.98137 0.57715 0.0595281 0.0714992 0.000326727 0.555208 0.248424 -0.351818 1 0 0 0 0 0 0 0
364 1 0.1 5.54464 3.05632 0.76335 0.0448369 -0.0133098 -0.00102892 -0.101769 -0.447652 0.225862 1 0 0 0 0 0 0 0
365 1 0.1 5.34216 3.14367 0.645124 0.0730741 -0.000957695 0.00460186 -0.349685 -0.491798 -0.0646508 1 0 0 0 0 0 0 0
366 1 0.1 5.82227 3.19018 0.583248 0.0470515 -0.0155849 -0.000720341 -0.351991 0.597587 0.761093 1 0 0 0 0 0 0 0
367 1 0.1 5.61404 3.24327 0.762942 0.00223711 0.00125751 0.00382067 -0.00815924 -0.0022483 0.200823 1 0 0 0 0 0 0 0
368 1 0.1 5.63767 3.54316 0.575652 -0.0617385 -0.0765943 0.00826876 0.21414 -0.33576 0.20699 1 0 0 0 0 0 0 0
369 1 0.1 5.99729 3.59021 0.501904 -0.030783 -0.0592893 -0.0593313 -0.118414 0.64996 -0.0123936 1 0 0 0 0 0 0 0
370 1 0.1 5.71991 3.36172 0.582571 -0.0309285 -0.0623558 -0.000397408 0.198534 -0.329798 0.149239 1 0 0 0 0 0 0 0
371 1 0.1 5.80052 3.29362 0.413285 -0.0245023 -0.0148449 -0.0160726 0.67759 -0.0392709 -0.760969 1 0 0 0 0 0 0 0
372 1 0.1 5.96266 4.02491 0.438184 0.0180529 0.0177675 0.0227745 -0.137909 0.229409 -0.0762886 1 0 0 0 0 0 0 0
373 1 0.1 6.01319 4.54201 0.555989 -0.019208 -0.0643258 0.0490325 -0.0377468 0.377498 -0.353314 1 0 0 0 0 0 0 0
374 1 0.1 6.09173 4.73664 0.583079 -0.0120363 -0.0187983 -0.00284586 -0.154147 0.158811 0.144423 1 0 0 0 0 0 0 0
375 1 0.1 6.11847 0.90891 0.752888 0.00879421 0.0131721 0.0123096 -0.0504525 -0.0524199 -0.0573034 1 0 0 0 0 0 0 0
376 1 0.1 5.84176 1.18553 0.762283 -0.00446569 0.00121548 -0.00410382 0.0103149 0.0600279 -0.00107939 1 0 0 0 0 0 0 0
377 1 0.1 5.70047 1.32572 0.749261 -0.00126492 0.00703101 0.00172949 -0.0321426 0.047857 -0.068454 1 0 0 0 0 0 0 0
378 1 0.1 5.55785 1.46507 0.748575 -0.00430123 0.00521537 -0.00449741 -0.0860418 0.0100671 0.116573 1 0 0 0 0 0 0 0
379 1 0.1 5.48887 1.65047 0.763245 -0.000150852 0.0085404 0.000862626 0.14276 0.0830301 0.0748082 1 0 0 0 0 0 0 0
380 1 0.1 5.28196 1.74272 0.756297 -0.261975 0.293085 -0.0711799 -0.0253349 0.923679 3.89795 1 0 0 0 0 0 0 0
381 1 0.1 5.10241 1.92063 0.760787 -0.00165445 -0.0046735 -0.0259413 -0.289759 0.0417308 0.00152624 1 0 0 0 0 0 0 0
382 1 0.1 4.90097 2.12155 0.749851 -0.0130515 0.011199 0.00633512 0.0343898 -0.0606415 0.178239 1 0 0 0 0 0 0 0
383 1 0.1 4.74477 2.27243 0.755997 -0.0115405 0.00529097 0.0182646 0.156802 -0.121606 0.145241 1 0 0 0 0 0 0 0
384 1 0.1 4.58814 2.43203 0.7576 0.00621637 0.00644322 0.0114119 -0.0265531 -0.120036 0.123493 1 0 0 0 0 0 0 0
385 1 0.1 4.41072 2.61752 0.571169 0.00428852 -0.00559596 -0.00732492 -0.150674 -0.0633269 -0.251881 1 0 0 0 0 0 0 0
386 1 0.1 4.19185 2.88842 0.758836 -0.00791707 0.0231604 -0.0154293 0.00263881 0.160842 0.240864 1 0 0 0 0 0 0 0
387 1 0.1 4.31208 2.9641 0.617555 0.0380552 -0.0139611 0.00177892 -0.131128 0.345713 0.145731 1 0 0 0 0 0 0 0
388 1 0.1 4.19304 3.13228 0.751039 0.0011391 -0.000450289 0.00443932 0.0269668 -0.0476613 -0.0137868 1 0 0 0 0 0 0 0
389 1 0.1 4.66261 3.38986 0.615728 -0.229472 -0.208363 -0.183013 -0.72314 0.602461 2.53182 1 0 0 0 0 0 0 0
390 1 0.1 4.59579 3.52637 0.765352 -0.0560817 -0.228726 -0.00513279 -2.27198 0.547335 0.12676 1 0 0 0 0 0 0 0
391 1 0.1 4.7634 3.73923 0.755625 -0.0297128 -0.0535482 0.110245 -0.489792 -1.04075 -0.811212 1 0 0 0 0 0 0 0
392 1 0.1 4.98349 3.83328 0.615842 -0.0664598 0.03587 -0.0060803 -0.947611 -0.317041 -0.477773 1 0 0 0 0 0 0 0
393 1 0.1 5.00113 3.97966 0.750178 0.00770332 0.0116769 0.0058605 0.0285552 -0.0453053 0.0909629 1 0 0 0 0 0 0 0
394 1 0.1 5.14586 4.12058 0.762548 -0.00207866 -0.00357895 0.000305851 -0.0172141 0.00331951 -0.0387666 1 0 0 0 0 0 0 0
395 1 0.1 5.28506 4.26359 0.749975 -0.00224876 -0.00290262 0.00045007 0.00274716 -0.00730097 -0.0341843 1 0 0 0 0 0 0 0
396 1 0.1 5.44029 4.42097 0.760706 0.000234195 -0.00066958 0.00184564 0.029029 -0.0459713 -0.0083897 1 0 0 0 0 0 0 0
397 1 0.1 5.58463 4.56658 0.755157 0.00617235 0.000733932 0.0125492 -0.171875 0.0437495 -0.0871852 1 0 0 0 0 0 0 0
398 1 0.1 5.72423 4.70776 0.756787 0.00051828 0.00251001 -0.00118069 0.160349 0.0243208 0.0662413 1 0 0 0 0 0 0 0
399 1 0.1 5.86447 4.84982 0.75006 0.00137575 0.00261588 -0.000619936 -0.000391079 0.00393679 -0.0170093 1 0 0 0 0 0 0 0
400 1 0.1 6.25899 0.76725 0.757488 0.00044599 0.00307957 0.0106548 0.164064 -0.0130651 -0.0348695 1 0 0 0 0 0 0 0
401 1 0.1 5.98142 1.04975 0.718394 -0.00113093 0.00118577 0.00212402 -0.0490768 -0.071998 -0.00412566 1 0 0 0 0 0 0 0
402 1 0.1 5.74277 1.53986 0.763022 -0.00633299 0.00595594 0.00318435 0.0739497 0.0915227 -0.0039893 1 0 0 0 0 0 0 0
403 1 0.1 5.62821 1.61424 0.618349 0.00929551 -0.00788814 -0.00846337 -0.148802 -0.197302 0.0788048 1 0 0 0 0 0 0 0
404 1 0.1 5.66008 1.7522 0.762915 0.00195152 0.00317352 0.00202986 -0.00840066 -0.0798712 -0.251249 1 0 0 0 0 0 0 0
405 1 0.1 5.4554 1.84508 0.743629 -0.00871467 0.0087398 -0.0099294 -0.491632 -0.105815 -0.0439464 1 0 0 0 0 0 0 0
406 1 0.1 5.41161 2.03595 0.763916 -0.00117756 0.0037154 0.00164652 0.178022 0.0450629 0.0186829 1 0 0 0 0 0 0 0
407 1 0.1 5.35948 2.12799 0.594176 0.00193847 -0.0096549 -0.00400634 0.277534 0.335286 -0.25233 1 0 0 0 0 0 0 0
408 1 0.1 5.0465 2.25797 0.762133 0.0301541 -0.0324223 0.0046926 0.53222 0.618869 -0.748058 1 0 0 0 0 0 0 0
409 1 0.1 4.83826 2.44289 0.764152 0.0460569 -0.0366274 0.00218526 -0.636951 -0.496718 -0.837327 1 0 0 0 0 0 0 0
410 1 0.1 4.29963 2.72021 0.749968 -0.0133274 0.0188337 -0.000374696 -0.0509712 -0.0408212 0.229306 1 0 0 0 0 0 0 0
411 1 0.1 4.44955 2.87527 0.732302 -0.109408 -0.0730133 0.13432 0.492283 -2.33087 -0.728086 1 0 0 0 0 0 0 0
412 1 0.1 4.37886 3.05899 0.767204 0.0258198 0.00455097 -2.68364e-05 0.106625 -0.19598 0.195776 1 0 0 0 0 0 0 0
413 1 0.1 4.6823 3.28002 0.766913 0.0190246 0.0190101 -0.0221073 -1.63119 0.327349 0.0113997 1 0 0 0 0 0 0 0
414 1 0.1 4.89864 3.40304 0.516943 0.0672452 -0.0843479 -0.0695777 0.362632 -0.300668 0.593665 1 0 0 0 0 0 0 0
415 1 0.1 4.77584 3.56466 0.661362 -0.0304828 -0.00922545 0.063902 0.806302 0.992915 0.844024 1 0 0 0 0 0 0 0
416 1 0.1 5.14252 3.55498 0.763513 -0.00496628 -0.0188188 0.00531776 -0.220248 0.00685287 -0.00135496 1 0 0 0 0 0 0 0
417 1 0.1 5.05336 3.74147 0.767339 -0.0775536 0.0816659 0.00981339 0.983062 0.822597 -0.136999 1 0 0 0 0 0 0 0
418 1 0.1 5.1825 3.89971 0.726101 -0.00375773 -0.0112226 0.0102318 -0.226196 0.0872235 -0.345488 1 0 0 0 0 0 0 0
419 1 0.1 5.32629 4.03445 0.760036 -0.00714744 -0.0132213 0.0435192 0.111074 -0.521734 -0.0865293 1 0 0 0 0 0 0 0
420 1 0.1 5.4871 4.2266 0.762577 -0.0233562 -0.00657748 0.00046044 -0.0589141 0.247254 -0.234838 1 0 0 0 0 0 0 0
421 1 0.1 5.64273 4.37702 0.764699 0.00597086 0.00316604 -0.000971774 0.00620761 -0.0473796 0.594705 1 0 0 0 0 0 0 0
422 1 0.1 5.78442 4.51744 0.753773 0.00601607 0.00365667 0.0158787 -0.384806 0.203335 -0.0143463 1 0 0 0 0 0 0 0
423 1 0.1 5.89616 4.65983 0.667112 0.0116818 -0.0146027 0.0283028 -0.512196 -0.17522 0.0178443 1 0 0 0 0 0 0 0
424 1 0.1 6.18732 5.15966 0.762135 -0.000953843 -0.00150462 -0.00135069 0.0112921 -0.00339945 0.0232408 1 0 0 0 0 0 0 0
425 1 0.1 6.399 0.624813 0.750033 -0.00103412 0.00096974 0.000504526 0.000911008 0.00564064 -0.0020901 1 0 0 0 0 0 0 0
426 1 0.1 6.07586 1.22008 0.762571 -0.00225409 0.00164818 0.000282915 0.0104532 0.0151679 -0.00688194 1 0 0 0 0 0 0 0
427 1 0.1 5.9343 1.36255 0.762099 -0.00939073 0.000228501 -0.00129134 0.0485005 0.0627698 0.00133401 1 0 0 0 0 0 0 0
428 1 0.1 5.96379 1.75339 0.762565 0.00558777 -0.000734409 -7.1849e-08 -0.0472863 -0.00914649 -0.182928 1 0 0 0 0 0 0 0
429 1 0.1 5.83741 1.90769 0.757469 0.0226889 0.00995696 -0.000739437 -0.0443137 0.103149 -0.0205889 1 0 0 0 0 0 0 0
430 1 0.1 5.64269 1.94913 0.74252 0.020345 -0.00126691 0.00885433 0.0474635 0.00652439 0.110287 1 0 0 0 0 0 0 0
431 1 0.1 5.58561 2.1391 0.76313 0.0125855 -0.00550279 0.00344518 -0.0548971 -0.109309 -0.0343703 1 0 0 0 0 0 0 0
432 1 0.1 5.32822 2.23009 0.763188 0.0447719 -0.012443 0.00409403 -0.114929 -0.439104 -0.353479 1 0 0 0 0 0 0 0
433 1 0.1 5.41589 2.4878 0.600383 0.0211096 0.00569246 -0.0174927 -0.419847 -0.321575 0.120748 1 0 0 0 0 0 0 0
434 1 0.1 5.04119 2.45772 0.764845 0.0643849 -0.0277247 0.0128853 -0.05472 -0.825035 0.28835 1 0 0 0 0 0 0 0
435 1 0.1 4.9565 2.63597 0.762709 0.0824916 -0.0393467 0.000602042 0.829519 -0.162783 0.121704 1 0 0 0 0 0 0 0
436 1 0.1 4.7802 2.73189 0.763831 0.0499597 0.0217512 -0.00636507 0.240035 -0.556464 0.277225 1 0 0 0 0 0 0 0
437 1 0.1 4.71238 3.20704 0.567854 0.199794 -0.158925 -0.0112975 0.00339971 0.0394477 1.83835 1 0 0 0 0 0 0 0
438 1 0.1 4.86669 3.21246 0.751893 0.0196782 -0.00379464 -0.0276195 -0.318588 0.883831 0.108311 1 0 0 0 0 0 0 0
439 1 0.1 4.83617 3.40543 0.763865 0.0421909 -0.0138117 -0.0034254 0.216605 -0.0690549 -0.0118158 1 0 0 0 0 0 0 0
440 1 0.1 5.03365 3.3789 0.757838 0.0439938 -0.0472034 0.0375094 -0.00509781 0.388626 0.380948 1 0 0 0 0 0 0 0
441 1 0.1 5.25786 3.71745 0.758126 -0.0134849 -0.0122876 0.0151243 0.0662001 0.199803 0.22027 1 0 0 0 0 0 0 0
442 1 0.1 5.37127 3.83338 0.642063 -0.0265097 -0.00776828 0.0135857 0.117964 0.0994035 -0.361578 1 0 0 0 0 0 0 0
443 1 0.1 5.50267 3.9227 0.762764 -0.00990326 -0.0299154 0.00675651 -0.0737004 -0.0384138 0.0896035 1 0 0 0 0 0 0 0
444 1 0.1 5.62405 4.08099 0.762534 -0.0346406 -0.0173767 -0.000894822 -0.0863392 -0.0178208 0.173369 1 0 0 0 0 0 0 0
445 1 0.1 5.74482 4.2206 0.686909 -0.00549205 -0.00701958 0.0722354 0.274753 -0.971094 -0.0758801 1 0 0 0 0 0 0 0
446 1 0.1 5.88685 4.34606 0.749439 -0.00767005 -0.00445257 0.0704668 -0.748423 0.589253 -0.087819 1 0 0 0 0 0 0 0
447 1 0.1 5.99777 4.51064 0.76299 0.00456376 -0.00673538 -0.000371124 -0.0142655 0.0327735 0.0577502 1 0 0 0 0 0 0 0
448 1 0.1 6.06148 4.81918 0.762574 0.000299764 -0.00419507 -0.00196159 -0.0167561 0.015187 -0.0369479 1 0 0 0 0 0 0 0
449 1 0.1 6.32648 5.30269 0.749952 -0.000916228 -0.000528012 0.000113941 0.00323993 -0.0044808 -0.00779225 1 0 0 0 0 0 0 0
450 1 0.1 6.33257 0.906278 0.634004 -0.0180484 0.00504595 0.00341375 -0.0560249 -0.144269 -0.310673 1 0 0 0 0 0 0 0
451 1 0.1 6.19362 1.05003 0.633243 -0.0050942 0.017042 0.00530667 0.0332742 0.193417 0.130921 1 0 0 0 0 0 0 0
452 1 0.1 6.12769 1.41305 0.758655 -0.0112099 0.00496131 -0.00695015 -0.0776179 -0.0107073 0.097804 1 0 0 0 0 0 0 0
453 1 0.1 5.9875 1.55524 0.762581 -0.0123482 -0.000566959 0.000919471 0.0227093 0.127431 0.0091202 1 0 0 0 0 0 0 0
454 1 0.1 5.78098 2.09914 0.762713 0.0166882 0.00876928 0.00114092 0.0287912 0.013206 0.0962294 1 0 0 0 0 0 0 0
455 1 0.1 5.66052 2.32442 0.757395 -0.0208418 0.0083494 0.00131977 -0.0647003 -0.0386188 -0.0429374 1 0 0 0 0 0 0 0
456 1 0.1 5.47025 2.38542 0.762754 -0.00818905 0.0241346 0.00177613 0.206154 0.0125982 -0.14973 1 0 0 0 0 0 0 0
457 1 0.1 5.625 2.34769 0.467179 -0.00912133 -0.0641646 -0.029016 -0.00935362 0.627917 -0.782681 1 0 0 0 0 0 0 0
458 1 0.1 5.24534 2.54564 0.763244 0.0614001 -0.00265219 -0.00419947 -0.0452048 -0.640585 0.0400256 1 0 0 0 0 0 0 0
459 1 0.1 5.43064 2.62148 0.761286 0.0471396 0.0835239 -0.00502616 -0.551883 0.528174 1.96051 1 0 0 0 0 0 0 0
460 1 0.1 5.13148 2.55731 0.601241 0.0675525 -0.00748613 -0.0195793 0.275854 0.478056 0.398453 1 0 0 0 0 0 0 0
461 1 0.1 4.92045 2.87053 0.757807 0.0320007 0.0290757 0.0161321 -0.0982634 0.437958 -0.150602 1 0 0 0 0 0 0 0
462 1 0.1 4.74783 3.04788 0.769919 -0.0222084 -0.067378 0.0193352 -0.0182611 -0.0362936 -1.22515 1 0 0 0 0 0 0 0
463 1 0.1 5.07981 3.04314 0.4771 0.0519036 0.00664426 -0.0307407 0.366632 0.278643 -0.285406 1 0 0 0 0 0 0 0
464 1 0.1 4.96634 3.15716 0.592465 0.0833569 0.00805991 0.00638647 -0.251607 -2.08545 0.432167 1 0 0 0 0 0 0 0
465 1 0.1 5.21193 3.4727 0.580602 0.0318972 0.00936489 0.0118014 -0.0890973 -0.0698874 0.299648 1 0 0 0 0 0 0 0
466 1 0.1 5.4423 3.64047 0.762105 -0.00578378 0.00326927 -0.00333603 -0.279282 0.0798806 -0.0568509 1 0 0 0 0 0 0 0
467 1 0.1 5.65032 3.74166 0.568794 -0.0520267 -0.0748962 0.00708403 -0.267609 0.405794 -0.324853 1 0 0 0 0 0 0 0
468 1 0.1 5.66035 3.7791 0.76334 -0.00421429 -0.024251 -0.0028759 -0.239461 0.0701633 0.00351887 1 0 0 0 0 0 0 0
469 1 0.1 5.77108 3.94554 0.760836 -0.0259799 -0.00800946 0.0325108 0.0943235 -0.435828 -0.0450756 1 0 0 0 0 0 0 0
470 1 0.1 5.97366 3.98821 0.762754 -0.00322628 -0.0119844 0.00522516 -0.124854 0.0203434 0.044676 1 0 0 0 0 0 0 0
471 1 0.1 6.00527 4.1856 0.762538 -0.0129863 -0.0121169 0.000725892 0.15969 0.460938 0.0502528 1 0 0 0 0 0 0 0
472 1 0.1 6.04887 4.36105 0.633277 -0.000883464 -0.0493059 0.075809 -0.49134 0.519336 0.102151 1 0 0 0 0 0 0 0
473 1 0.1 6.04592 5.01838 0.762552 -0.00133902 -0.00239183 -0.000245479 -0.0156084 0.0118217 -0.0221443 1 0 0 0 0 0 0 0
474 1 0.1 6.21954 4.93394 0.71117 -0.00377197 -0.00588871 0.00179007 -0.173748 0.0695597 0.0316348 1 0 0 0 0 0 0 0
475 1 0.1 6.33085 1.11632 0.762535 0.0019524 0.0167854 5.27068e-05 0.158084 -0.0208068 0.0155471 1 0 0 0 0 0 0 0
476 1 0.1 6.30133 1.31409 0.762513 -0.00718136 0.0167276 -0.000262262 -0.0035322 -0.0170063 0.0141353 1 0 0 0 0 0 0 0
477 1 0.1 5.96222 1.87659 0.60445 0.00234117 0.0137477 -0.0181215 0.0860322 0.172801 0.0361235 1 0 0 0 0 0 0 0
478 1 0.1 5.91313 2.24916 0.760245 -0.0176397 0.0379877 -0.0267468 -0.271381 0.0781302 0.259894 1 0 0 0 0 0 0 0
479 1 0.1 5.82988 2.43095 0.76012 -0.06828 0.0165145 -0.06164 -0.0643551 -0.176647 0.299096 1 0 0 0 0 0 0 0
480 1 0.1 5.90911 3.20182 0.762652 0.0501509 0.02886 -0.000995533 0.292638 -0.517615 0.11688 1 0 0 0 0 0 0 0
481 1 0.1 5.83919 2.84864 0.762395 -0.157038 -0.0887462 -0.00626037 0.0588807 0.0860689 -0.017039 1 0 0 0 0 0 0 0
482 1 0.1 5.65523 2.52811 0.762786 -0.0612012 0.038923 -0.00358601 0.38221 0.64571 -0.516347 1 0 0 0 0 0 0 0
483 1 0.1 5.7183 2.48528 0.578104 -0.127248 -0.00372233 -0.0116691 -0.799201 0.049876 0.773933 1 0 0 0 0 0 0 0
484 1 0.1 5.47889 2.86574 0.762272 -0.338374 -0.0106476 -0.00780771 -0.37134 -0.199322 0.448062 1 0 0 0 0 0 0 0
485 1 0.1 5.30465 2.98733 0.763942 0.0249007 0.00904978 0.00432997 0.19042 -0.442355 -0.114784 1 0 0 0 0 0 0 0
486 1 0.1 5.11946 2.87217 0.763211 0.0241938 0.0438974 -0.0034052 0.419614 -0.23224 0.293883 1 0 0 0 0 0 0 0
487 1 0.1 4.98286 3.05787 0.764564 0.0307867 0.0255669 0.00913831 -0.0583867 -0.655413 0.190308 1 0 0 0 0 0 0 0
488 1 0.1 5.16799 3.13044 0.750144 0.0443502 0.0166776 0.0115197 0.173208 0.114194 -0.11559 1 0 0 0 0 0 0 0
489 1 0.1 5.21685 3.3185 0.707844 0.0497956 0.0120156 0.01092 -0.245635 -0.0206308 0.0278811 1 0 0 0 0 0 0 0
490 1 0.1 5.40724 3.29189 0.762539 0.0578591 0.014159 -0.00182475 0.0120661 0.00978742 -0.0133434 1 0 0 0 0 0 0 0
491 1 0.1 5.32635 3.47518 0.763014 0.0315014 0.0327909 0.00240961 0.032349 -0.168509 0.139702 1 0 0 0 0 0 0 0
492 1 0.1 5.55789 3.43531 0.762538 -0.0049205 0.00648935 -0.000913665 0.0597877 -0.545998 -0.0449336 1 0 0 0 0 0 0 0
493 1 0.1 5.74167 3.08944 0.76264 0.041372 0.0414374 -0.00278064 0.383278 -0.371962 0.361866 1 0 0 0 0 0 0 0
494 1 0.1 5.69694 3.58046 0.762655 -0.0509217 -0.0443354 -0.000585114 -0.445269 0.511259 0.139094 1 0 0 0 0 0 0 0
495 1 0.1 5.85385 3.72911 0.762511 -0.0120639 -0.049843 0.00047969 0.130058 -0.0921644 -0.271855 1 0 0 0 0 0 0 0
496 1 0.1 5.8781 3.55085 0.675254 -0.0307737 -0.0451982 -0.0138996 0.0999812 -0.479959 -0.215882 1 0 0 0 0 0 0 0
497 1 0.1 6.02117 4.21207 0.477066 -0.00478318 0.0290351 0.0184371 0.328558 0.560731 0.470615 1 0 0 0 0 0 0 0
498 1 0.1 6.14926 4.64006 0.748336 0.00332433 -0.00269574 -0.000612673 0.00456289 -0.0411739 -0.0120893 1 0 0 0 0 0 0 0
499 1 0.1 6.30714 4.76181 0.762567 0.00358544 -0.00299108 0.000492386 -0.00893316 0.0130028 0.00815954 1 0 0 0 0 0 0 0
