500
0 1 0.1 5.93237 1.08434 0.149479 -0.000832866 0.00065742 0.000134065 -0.00455212 -0.00849845 0.0125594 1 0 0 0 0 0 0 0
1 1 0.1 5.7929 1.22714 0.161348 -0.00066987 0.000799157 -0.00109892 -0.00366233 0.0113351 0.0144806 1 0 0 0 0 0 0 0
2 1 0.1 5.64775 1.36986 0.149584 -0.0123741 0.00934236 0.0227935 0.142139 -0.194509 0.134117 1 0 0 0 0 0 0 0
3 1 0.1 5.29389 1.72887 0.137375 -0.000285735 -0.00093061 0.000207487 0.00884705 -0.0112392 -0.00259735 1 0 0 0 0 0 0 0
4 1 0.1 5.47756 1.77596 0.411586 0.0170424 -0.0349607 0.0348836 -0.0543317 -0.117316 -0.133593 1 0 0 0 0 0 0 0
5 1 0.1 5.17117 1.90017 0.138307 -0.689591 -0.0816121 0.0158717 -0.212819 -0.0846381 -0.602682 1 0 0 0 0 0 0 0
6 1 0.1 4.95519 2.06567 0.136058 0.00860608 -0.0012547 0.00444776 0.0918216 0.0781889 -0.111896 1 0 0 0 0 0 0 0
7 1 0.1 4.77895 2.24497 0.148778 -0.025233 0.0264682 0.000994474 -0.0700515 -0.0836972 0.349237 1 0 0 0 0 0 0 0
8 1 0.1 4.67786 2.67776 0.135085 -0.0338244 -0.00400094 -0.00180448 0.712763 0.364782 0.230754 1 0 0 0 0 0 0 0
9 1 0.1 4.68469 2.53659 0.272222 0.0241832 0.0112956 0.0116446 -0.327699 -0.470675 -0.231412 1 0 0 0 0 0 0 0
10 1 0.1 4.19549 2.85259 0.137095 -0.00932207 -0.0231958 -0.00935884 0.280528 0.153318 -0.122284 1 0 0 0 0 0 0 0
11 1 0.1 4.19059 2.82723 0.355631 0.015241 0.00109752 -0.00964628 -0.0571937 -0.149322 -0.0102056 1 0 0 0 0 0 0 0
12 1 0.1 4.19732 3.11997 0.136211 -0.346862 -0.0317938 -0.0251808 0.282387 -3.30077 0.459532 1 0 0 0 0 0 0 0
13 1 0.1 4.22568 3.19624 0.315987 -0.177395 -0.0979387 -0.0571668 1.64766 6.19836 -2.03486 1 0 0 0 0 0 0 0
14 1 0.1 4.30733 3.28995 0.146527 -0.179618 -0.219037 0.157847 -0.66943 -1.47121 -2.78916 1 0 0 0 0 0 0 0
15 1 0.1 4.52183 3.50658 0.143522 -0.0372145 -0.045874 0.016269 0.339545 -0.805554 -0.189028 1 0 0 0 0 0 0 0
16 1 0.1 4.57462 3.3189 0.134311 -0.0405096 -0.0858598 0.0525707 -0.611243 0.323176 0.888987 1 0 0 0 0 0 0 0
17 1 0.1 4.80426 3.56378 0.285335 0.0874258 0.0663844 0.107216 -0.177251 -0.279765 -0.720462 1 0 0 0 0 0 0 0
18 1 0.1 4.69253 3.66483 0.141359 -0.812038 -0.755155 0.116497 0.152102 -0.318626 -0.958127 1 0 0 0 0 0 0 0
19 1 0.1 5.0183 3.99526 0.130964 0.0523502 0.0463846 -0.00925463 -0.455783 0.563003 0.0602329 1 0 0 0 0 0 0 0
20 1 0.1 5.15743 4.13786 0.137269 0.0355597 0.0624728 -0.00136988 -0.34799 0.198797 0.682998 1 0 0 0 0 0 0 0
21 1 0.1 5.35313 4.17059 0.155678 0.0406353 -0.0309671 0.0322265 0.0782223 -1.01256 -1.05142 1 0 0 0 0 0 0 0
22 1 0.1 5.49814 4.47585 0.147183 -0.0616707 -0.0837263 -0.00759373 -0.0855045 0.158716 -1.10977 1 0 0 0 0 0 0 0
23 1 0.1 5.65042 4.63445 0.150026 -0.00363586 -0.00615681 0.000118413 -0.00679264 0.000386249 -0.0643384 1 0 0 0 0 0 0 0
24 1 0.1 5.93393 4.91844 0.14998 0.00136334 0.00223689 -0.000776649 0.00511384 0.00645236 0.0267407 1 0 0 0 0 0 0 0
25 1 0.1 6.07371 0.942889 0.150024 -0.000595595 0.000980861 -1.95058e-05 0.00841646 0.00686834 0.0195079 1 0 0 0 0 0 0 0
26 1 0.1 5.84429 1.41899 0.137356 -0.00168551 -0.0013678 -0.000196664 -0.002041 -0.00972954 -0.000149014 1 0 0 0 0 0 0 0
27 1 0.1 5.6955 1.56359 0.138976 -0.0961318 0.0309815 0.0185764 -0.25426 -0.083387 0.753931 1 0 0 0 0 0 0 0
28 1 0.1 5.48193 1.5442 0.14302 0.000926876 0.000519232 -0.00285145 -0.00775288 0.0032225 0.00322897 1 0 0 0 0 0 0 0
29 1 0.1 5.59623 1.86946 0.138178 -0.118219 0.0382091 -0.0201072 -0.154464 1.42322 0.559217 1 0 0 0 0 0 0 0
30 1 0.1 5.39894 1.90108 0.137301 -0.113389 0.0672011 -0.00078187 -0.65383 -1.11952 -0.859776 1 0 0 0 0 0 0 0
31 1 0.1 5.15218 2.09935 0.138672 0.0185561 0.00607827 -0.00622416 -0.00359121 0.209183 0.517901 1 0 0 0 0 0 0 0
32 1 0.1 4.9758 2.28497 0.137447 -0.025599 -0.0989048 0.00393348 1.01389 -0.236952 -0.671854 1 0 0 0 0 0 0 0
33 1 0.1 4.47364 2.54937 0.134357 0.00905067 -0.00443883 0.00972323 0.00720458 0.150053 -0.119449 1 0 0 0 0 0 0 0
34 1 0.1 4.89025 2.71932 0.155008 0.0973579 0.123846 0.207487 -2.2268 -0.94745 -2.6002 1 0 0 0 0 0 0 0
35 1 0.1 4.32418 2.70066 0.136295 0.00941082 -0.014727 0.00234007 0.142633 0.155407 -0.114847 1 0 0 0 0 0 0 0
36 1 0.1 5.2159 2.84392 0.309865 0.314104 0.00631904 0.000794195 0.196635 -0.853869 -1.21499 1 0 0 0 0 0 0 0
37 1 0.1 4.38777 2.90283 0.136605 -0.0459756 -0.0235308 0.00853442 0.100277 -0.556672 0.0999712 1 0 0 0 0 0 0 0
38 1 0.1 4.47169 3.07994 0.133795 0.201976 -0.176559 0.0304276 1.74277 1.99125 1.30614 1 0 0 0 0 0 0 0
39 1 0.1 4.47545 3.22811 0.273534 -0.353593 -0.0580155 0.0647546 -0.259631 -3.14679 -1.82766 1 0 0 0 0 0 0 0
40 1 0.1 5.02229 3.33357 0.137172 -0.160191 0.0793869 -0.0047972 -1.6845 0.266449 -0.438318 1 0 0 0 0 0 0 0
41 1 0.1 4.90535 3.52915 0.1312 -0.0991425 -0.00443001 -0.00443064 -0.327416 2.45588 -0.0757905 1 0 0 0 0 0 0 0
42 1 0.1 4.8734 3.75902 0.140708 -1.15914 0.592073 0.0646371 0.0864011 0.615918 12.7325 1 0 0 0 0 0 0 0
43 1 0.1 4.99013 3.93585 0.305181 0.0972576 0.0799663 -0.0077005 0.0720251 -0.101217 0.0638098 1 0 0 0 0 0 0 0
44 1 0.1 5.49785 3.87828 0.147341 0.16841 -0.0786637 -0.00240182 -0.498003 0.445203 0.0809415 1 0 0 0 0 0 0 0
45 1 0.1 5.52397 4.07531 0.136006 0.0133836 -0.0620109 0.00208861 0.609568 0.163321 1.44292 1 0 0 0 0 0 0 0
46 1 0.1 5.52714 4.27821 0.137475 -0.0495812 -0.0822629 0.000191901 0.259324 -0.141718 -0.858113 1 0 0 0 0 0 0 0
47 1 0.1 5.76627 4.47198 0.137067 0.000725384 -0.00303989 -0.000763732 0.0296954 0.0116657 -0.00616023 1 0 0 0 0 0 0 0
48 1 0.1 5.79184 4.77582 0.149997 -0.00370626 -0.0060861 -2.93708e-05 -0.0121072 0.00795183 -0.0769984 1 0 0 0 0 0 0 0
49 1 0.1 6.11166 5.085 0.140163 -0.000157988 -0.000723882 -0.00180211 0.0135949 0.0120345 -0.00647118 1 0 0 0 0 0 0 0
50 1 0.1 6.21512 0.801517 0.149987 -0.000598143 0.000992119 -8.3394e-05 -0.0069446 -0.0048719 -0.0216926 1 0 0 0 0 0 0 0
51 1 0.1 5.98494 1.27686 0.137394 -0.000562401 0.000246506 -0.00126553 -0.0171986 -0.0140836 -0.0122025 1 0 0 0 0 0 0 0
52 1 0.1 5.94653 1.82052 0.149411 -0.0938649 -0.0325118 -0.0155703 -0.158054 0.212246 0.361848 1 0 0 0 0 0 0 0
53 1 0.1 5.75869 1.75316 0.137414 -0.119082 0.0387965 -0.00364448 -0.395617 -1.17971 -0.51802 1 0 0 0 0 0 0 0
54 1 0.1 5.74423 1.99905 0.173301 -0.157944 0.110204 -0.108759 0.455884 0.0145002 0.456746 1 0 0 0 0 0 0 0
55 1 0.1 5.36276 2.10176 0.137302 -0.201941 0.100019 0.00160937 -0.291349 -0.750943 -0.371196 1 0 0 0 0 0 0 0
56 1 0.1 5.25566 2.27044 0.1374 -0.171891 0.126363 0.014591 -0.229 -0.307177 -0.0730308 1 0 0 0 0 0 0 0
57 1 0.1 5.33679 2.35467 0.421537 -0.229865 -0.099929 0.175602 0.995356 1.17151 -2.66229 1 0 0 0 0 0 0 0
58 1 0.1 4.86305 2.37333 0.276815 0.0218581 0.0130767 -0.0183707 -0.641286 -0.569471 -1.73481 1 0 0 0 0 0 0 0
59 1 0.1 4.62884 2.39839 0.138888 -0.0819211 0.0822852 -0.0204383 -0.0982087 0.205201 1.20245 1 0 0 0 0 0 0 0
60 1 0.1 5.39111 2.73862 0.276159 0.158152 -0.0237063 0.0445672 -0.131282 0.725708 0.396142 1 0 0 0 0 0 0 0
61 1 0.1 4.67687 2.93586 0.137261 -0.110102 -0.0830382 -0.00437193 0.031046 0.377441 0.882801 1 0 0 0 0 0 0 0
62 1 0.1 4.87429 2.91611 0.137261 -0.0802535 0.114344 0.0088766 -0.288639 -0.568855 1.13454 1 0 0 0 0 0 0 0
63 1 0.1 4.65982 3.13458 0.137046 0.150882 -0.0497726 -0.00617332 0.623541 -0.853281 0.192172 1 0 0 0 0 0 0 0
64 1 0.1 4.82276 3.24418 0.136396 0.0728202 0.0532723 -0.00212993 -0.595069 0.772628 1.02533 1 0 0 0 0 0 0 0
65 1 0.1 4.77754 3.43275 0.430053 0.0275151 -0.0853672 0.00984061 1.29324 -0.0142534 -0.451307 1 0 0 0 0 0 0 0
66 1 0.1 5.30429 3.55057 0.136322 0.0162449 0.0211097 -0.0199702 0.0486872 0.196062 -0.00418178 1 0 0 0 0 0 0 0
67 1 0.1 5.45089 3.68515 0.137229 0.0890863 -0.0553485 0.00495714 0.587231 0.285715 -0.879769 1 0 0 0 0 0 0 0
68 1 0.1 5.12286 3.82494 0.138152 -0.730227 -0.432593 0.0247584 0.291429 0.407481 -5.87761 1 0 0 0 0 0 0 0
69 1 0.1 5.54664 3.99756 0.422976 0.0548372 -0.00620706 0.00293146 -0.114651 0.084633 -0.153793 1 0 0 0 0 0 0 0
70 1 0.1 5.59307 4.15549 0.304978 0.00430988 -0.0378064 -0.000835277 -0.266243 0.285673 0.336516 1 0 0 0 0 0 0 0
71 1 0.1 5.69993 4.17083 0.137241 -0.0130775 -0.0207483 -0.00339949 0.20111 -0.134821 0.0845571 1 0 0 0 0 0 0 0
72 1 0.1 5.9021 4.32525 0.136793 0.0156583 0.0115515 -0.00102757 -0.0375989 0.284059 -0.0262058 1 0 0 0 0 0 0 0
73 1 0.1 6.09108 4.79565 0.137409 -0.000525335 -0.000293162 0.000827497 -0.0109174 -0.0245881 -0.0630621 1 0 0 0 0 0 0 0
74 1 0.1 6.32065 5.29732 0.14993 -0.000647965 -0.000518929 -0.000256177 0.00317548 0.00219297 -0.00659004 1 0 0 0 0 0 0 0
75 1 0.1 6.23254 1.02183 0.266218 -0.000740456 0.000647411 0.000459909 -0.0268041 0.00684087 -0.00312779 1 0 0 0 0 0 0 0
76 1 0.1 6.1302 1.13538 0.137408 -0.000741907 -0.000752934 -0.00048277 0.000338973 -0.00496512 -0.00274716 1 0 0 0 0 0 0 0
77 1 0.1 6.06722 1.66178 0.137425 -0.0296547 0.00995868 0.0013069 -0.0231463 -0.276982 0.42528 1 0 0 0 0 0 0 0
78 1 0.1 5.94367 2.01957 0.137406 -0.0761107 -0.0224646 0.003344 0.382266 -0.655036 -0.537738 1 0 0 0 0 0 0 0
79 1 0.1 5.86146 2.29444 0.315384 0.00068283 0.0268343 -0.00559955 -0.256882 1.38956 0.678669 1 0 0 0 0 0 0 0
80 1 0.1 5.55931 2.06626 0.138232 -0.196958 0.0760957 -0.00218451 0.63268 0.754088 0.150847 1 0 0 0 0 0 0 0
81 1 0.1 5.62215 2.30649 0.137435 -0.0877355 0.0101699 -0.0114867 0.151585 -0.329335 -0.197646 1 0 0 0 0 0 0 0
82 1 0.1 5.79738 2.78316 0.137472 0.0621251 -0.00462705 -0.00184432 -0.391588 -0.332389 -0.266848 1 0 0 0 0 0 0 0
83 1 0.1 5.37053 2.412 0.225402 -0.275948 0.00347877 0.193858 -1.20016 -3.8594 -1.34852 1 0 0 0 0 0 0 0
84 1 0.1 4.82217 2.54463 0.131389 0.037901 0.18496 -0.0108361 -2.10453 0.0851773 6.01014 1 0 0 0 0 0 0 0
85 1 0.1 5.06329 2.6091 0.133978 -0.121641 0.196836 0.0303286 -2.24176 -1.23754 -0.660642 1 0 0 0 0 0 0 0
86 1 0.1 5.6388 2.89643 0.336322 0.180399 0.0825967 -0.000767478 -0.526518 0.583014 -1.63512 1 0 0 0 0 0 0 0
87 1 0.1 5.07107 2.93968 0.134136 -0.058291 -0.0189433 -0.000269975 -0.109165 0.977 -0.641526 1 0 0 0 0 0 0 0
88 1 0.1 5.2126 3.32371 0.210471 0.040732 0.0860943 -0.0433934 -0.165491 0.363284 -0.0663322 1 0 0 0 0 0 0 0
89 1 0.1 4.74025 3.42448 0.145553 -0.0799403 -0.0128658 0.105276 1.38234 -0.404612 0.0800354 1 0 0 0 0 0 0 0
90 1 0.1 5.10899 3.51009 0.135187 0.0216136 -0.00050215 -0.00460869 -0.97069 0.513306 -0.339988 1 0 0 0 0 0 0 0
91 1 0.1 5.54866 3.51002 0.137433 0.0410463 0.0339608 0.00306781 0.282721 -0.162813 -0.243618 1 0 0 0 0 0 0 0
92 1 0.1 5.67321 3.68463 0.137191 0.0431206 0.0410268 0.00423521 -0.350288 0.435044 -0.429792 1 0 0 0 0 0 0 0
93 1 0.1 5.81422 3.85094 0.303348 0.1434 0.00285328 0.0346039 0.607747 -0.0369876 -0.367607 1 0 0 0 0 0 0 0
94 1 0.1 5.66841 3.98131 0.23637 0.0978995 0.08106 0.0156069 -0.226767 -0.302018 0.672613 1 0 0 0 0 0 0 0
95 1 0.1 5.84494 3.99727 0.144349 0.0870001 0.0438638 -0.0130832 -0.380399 0.560203 -0.781753 1 0 0 0 0 0 0 0
96 1 0.1 5.98239 4.14219 0.137459 0.088 0.0438039 -0.000230503 0.437232 -0.68461 0.776121 1 0 0 0 0 0 0 0
97 1 0.1 6.01006 4.43763 0.261987 0.0141427 0.00121036 0.0127192 0.171112 0.0193383 0.156294 1 0 0 0 0 0 0 0
98 1 0.1 6.22348 4.93101 0.201383 -0.00135904 0.000258445 0.00350981 -0.0544364 -0.0544973 0.0210071 1 0 0 0 0 0 0 0
99 1 0.1 6.31278 5.09799 0.137492 -0.00175761 -0.000636419 7.14363e-05 -0.00485795 0.0125502 0.00033883 1 0 0 0 0 0 0 0
100 1 0.1 6.34814 0.672519 0.349977 -0.000204991 0.000212709 -3.62494e-05 -0.000461062 -0.00017871 0.00514216 1 0 0 0 0 0 0 0
101 1 0.1 6.1778 1.32957 0.13749 0.000466151 -0.00111566 -4.27436e-05 -0.000197149 -0.00802679 -0.00987912 1 0 0 0 0 0 0 0
102 1 0.1 6.0404 1.46848 0.179703 0.00108807 0.00165916 -0.00460057 0.0419889 -0.0978177 -0.0273958 1 0 0 0 0 0 0 0
103 1 0.1 6.00511 2.42995 0.284637 0.0214979 -0.0305561 -0.142435 0.941479 1.16678 -1.57308 1 0 0 0 0 0 0 0
104 1 0.1 5.8961 2.8344 0.565276 0.0317244 0.000135791 0.11619 0.234022 -0.643104 -0.714086 1 0 0 0 0 0 0 0
105 1 0.1 5.83359 2.40098 0.139457 -0.101646 -0.00786748 0.0301612 0.420746 -0.205929 0.426163 1 0 0 0 0 0 0 0
106 1 0.1 5.76116 2.58694 0.144345 -0.0582234 0.0137792 0.0422568 -0.146888 -0.152749 -0.935427 1 0 0 0 0 0 0 0
107 1 0.1 5.78793 3.11313 0.498715 0.107586 0.150591 0.0524562 0.886897 -0.800707 -0.102428 1 0 0 0 0 0 0 0
108 1 0.1 5.5323 2.72673 0.136882 0.0928603 -0.00585974 -0.00572186 -0.0418963 -0.0160569 -0.0272466 1 0 0 0 0 0 0 0
109 1 0.1 5.5806 2.50157 0.136978 -0.0674143 0.0226875 0.0107227 -0.00477808 -0.38 0.0014409 1 0 0 0 0 0 0 0
110 1 0.1 5.35125 2.59041 0.137426 0.0446733 -0.0665793 -0.000525358 -0.562951 -0.207981 -0.202056 1 0 0 0 0 0 0 0
111 1 0.1 5.25006 2.76262 0.135441 0.143163 -0.0157664 -0.00171836 0.0138657 1.50386 -0.917359 1 0 0 0 0 0 0 0
112 1 0.1 5.48522 3.07639 0.146179 -0.0223251 0.0272563 -0.114939 -0.722252 1.33598 0.995661 1 0 0 0 0 0 0 0
113 1 0.1 4.95597 3.09849 0.138447 0.0734423 0.0635073 0.0223044 0.626315 -1.14652 -0.856055 1 0 0 0 0 0 0 0
114 1 0.1 5.55334 3.25505 0.203282 -0.0321402 0.00897113 -0.0684253 1.54007 -0.503903 -0.497525 1 0 0 0 0 0 0 0
115 1 0.1 5.69771 3.37646 0.13782 -0.0259628 0.0158604 0.0199996 -0.378704 0.376467 0.14143 1 0 0 0 0 0 0 0
116 1 0.1 5.69021 3.11482 0.13737 -0.0868924 0.0803704 -0.00331528 -0.514155 0.00255496 -0.00375815 1 0 0 0 0 0 0 0
117 1 0.1 5.89631 3.3533 0.137461 -0.0312986 0.0339365 0.00290316 -0.186967 -0.118382 0.00574973 1 0 0 0 0 0 0 0
118 1 0.1 5.86202 3.75022 0.137427 0.0545607 0.0181154 0.000542925 -0.186244 0.550969 -0.346855 1 0 0 0 0 0 0 0
119 1 0.1 6.0161 3.8942 0.137482 -0.00188167 -0.105049 0.000635858 -0.185682 -0.383236 -0.933184 1 0 0 0 0 0 0 0
120 1 0.1 5.81176 3.54052 0.137474 -0.0104854 -0.000861358 0.000139854 0.218028 -0.234274 -0.30332 1 0 0 0 0 0 0 0
121 1 0.1 6.06652 3.24012 0.13768 0.0314655 -0.209045 0.00761009 -0.221432 -0.0640957 -2.32662 1 0 0 0 0 0 0 0
122 1 0.1 6.02385 4.28814 0.576362 0.0821505 0.0743216 0.00782649 -0.673047 0.0464965 1.13665 1 0 0 0 0 0 0 0
123 1 0.1 6.05632 4.58693 0.137383 -0.0013377 -0.0027652 -7.52867e-05 0.00776332 0.00403463 -0.00558415 1 0 0 0 0 0 0 0
124 1 0.1 6.21929 4.66698 0.221032 -0.00264716 -0.003147 0.00080823 0.00877169 -0.0141149 0.0113935 1 0 0 0 0 0 0 0
125 1 0.1 5.92411 1.09646 0.349986 0.000118498 -0.000916885 -0.0030745 -0.0494006 -0.00813235 0.00436676 1 0 0 0 0 0 0 0
126 1 0.1 5.7859 1.23958 0.368978 0.00186586 -0.00105259 -4.70512e-05 0.0679378 0.0398201 -0.0329054 1 0 0 0 0 0 0 0
127 1 0.1 5.59695 1.42283 0.350256 -0.00142388 0.000398513 -0.000300873 0.0109289 -0.0163921 0.0362401 1 0 0 0 0 0 0 0
128 1 0.1 5.4426 1.57428 0.344556 0.0307695 -0.0170681 -0.000380285 -0.0118247 -0.0146202 -0.0450156 1 0 0 0 0 0 0 0
129 1 0.1 5.30235 1.71613 0.336519 0.0303031 -0.0199897 -0.00259707 0.105413 -0.0269741 0.00510893 1 0 0 0 0 0 0 0
130 1 0.1 5.06687 1.96453 0.309665 0.0119802 -0.00494583 0.0194533 0.223205 -0.00483594 -0.351948 1 0 0 0 0 0 0 0
131 1 0.1 4.92655 2.10416 0.326452 -0.0543888 -0.00186549 0.0183955 -0.0776024 -0.413142 0.902637 1 0 0 0 0 0 0 0
132 1 0.1 4.80915 2.23538 0.413367 -0.0562574 -0.000350429 -0.0200851 -0.116561 -0.216491 -0.495105 1 0 0 0 0 0 0 0
133 1 0.1 4.67073 2.3494 0.333938 -0.0525474 0.0363368 0.0358395 0.507753 0.460052 0.316319 1 0 0 0 0 0 0 0
134 1 0.1 4.57331 2.48139 0.445528 -0.0563543 0.0773604 0.135429 -0.837396 -0.203027 -0.756813 1 0 0 0 0 0 0 0
135 1 0.1 4.50823 2.60556 0.314358 0.0668705 0.0333757 0.0134229 -0.524094 0.383233 -0.176773 1 0 0 0 0 0 0 0
136 1 0.1 4.35333 2.72243 0.329881 0.0445663 0.0214198 -0.00423441 -0.538812 0.250276 0.342622 1 0 0 0 0 0 0 0
137 1 0.1 4.54976 2.98073 0.283323 0.0875432 -0.0450055 0.162531 -0.763855 -0.0707877 0.0742856 1 0 0 0 0 0 0 0
138 1 0.1 4.36777 3.06884 0.294751 -0.446576 -0.314523 -0.304665 -1.9452 -7.8886 3.66774 1 0 0 0 0 0 0 0
139 1 0.1 4.31006 3.29785 0.45436 -0.0346622 -0.0310772 -0.127891 1.02022 0.395314 -0.0961064 1 0 0 0 0 0 0 0
140 1 0.1 4.62457 3.34306 0.33968 -0.0154023 -0.24724 0.0283713 -2.27374 0.307796 1.10622 1 0 0 0 0 0 0 0
141 1 0.1 4.57439 3.54658 0.325187 0.0382312 0.00228777 -0.0380695 -0.672485 1.61599 1.05595 1 0 0 0 0 0 0 0
142 1 0.1 4.69878 3.67232 0.398203 0.00631874 0.0153291 0.0463001 0.991951 -1.75333 0.193031 1 0 0 0 0 0 0 0
143 1 0.1 5.09743 4.05421 0.422759 0.125461 0.0283064 0.0114395 0.535978 -0.0104722 -0.332579 1 0 0 0 0 0 0 0
144 1 0.1 5.39498 4.08814 0.330258 0.0611082 -0.0457897 0.00455875 0.325977 -0.400845 0.777526 1 0 0 0 0 0 0 0
145 1 0.1 5.22022 4.19789 0.35748 -0.00754023 0.0553376 -0.178001 -0.75448 2.76064 0.904626 1 0 0 0 0 0 0 0
146 1 0.1 5.36806 4.35055 0.23453 -0.0220404 -0.0168781 0.000290762 0.407018 0.460048 0.147661 1 0 0 0 0 0 0 0
147 1 0.1 5.48867 4.46409 0.34658 -0.0171196 -0.0209187 -0.00229062 -0.0753986 0.129397 -0.105706 1 0 0 0 0 0 0 0
148 1 0.1 5.70749 4.68411 0.353599 -0.00738293 -0.00278334 -0.0188009 -0.00518304 0.254912 -0.0229766 1 0 0 0 0 0 0 0
149 1 0.1 5.9007 4.87437 0.35902 -0.00216742 -0.0013797 -0.00134653 0.016299 0.00447928 -0.0171243 1 0 0 0 0 0 0 0
150 1 0.1 6.06636 0.956082 0.355709 0.000402462 -0.000450396 0.00101063 0.0107614 -0.00240315 0.0319587 1 0 0 0 0 0 0 0
151 1 0.1 5.8191 1.69185 0.317845 -0.129044 0.0126258 -0.00983997 0.523725 1.07775 1.017 1 0 0 0 0 0 0 0
152 1 0.1 5.47709 1.7298 0.217137 -0.0164043 -0.0146476 0.0337243 0.422037 -0.147094 0.136304 1 0 0 0 0 0 0 0
153 1 0.1 5.99544 2.24559 0.455389 0.0699223 0.0250885 -0.0727132 1.27533 -0.106549 -0.592678 1 0 0 0 0 0 0 0
154 1 0.1 5.68456 1.99352 0.368987 -0.203055 0.0526433 0.076791 0.164888 0.866454 -0.0302199 1 0 0 0 0 0 0 0
155 1 0.1 5.29499 1.98607 0.285027 -0.126138 0.0586458 -0.003664 0.552231 1.15122 1.16954 1 0 0 0 0 0 0 0
156 1 0.1 5.14115 2.21865 0.56534 0.00902879 -0.0298169 -0.0624717 -0.516243 -0.104147 -0.740005 1 0 0 0 0 0 0 0
157 1 0.1 4.88492 2.13726 0.566513 -0.0529942 0.0283406 0.00190533 0.257833 0.638856 0.349761 1 0 0 0 0 0 0 0
158 1 0.1 4.79681 2.48745 0.42678 0.0362923 0.00283649 -0.00182829 1.11307 0.327161 1.10636 1 0 0 0 0 0 0 0
159 1 0.1 5.03923 2.7928 0.598237 0.101246 0.0613613 -0.0578379 -0.447904 0.29052 -0.461677 1 0 0 0 0 0 0 0
160 1 0.1 4.79053 2.69633 0.323959 0.0462113 -0.066466 0.140562 0.82047 -0.102636 -0.39023 1 0 0 0 0 0 0 0
161 1 0.1 4.71185 2.87769 0.32983 0.0763833 -0.0438961 0.228009 0.618601 -0.766001 -0.0408295 1 0 0 0 0 0 0 0
162 1 0.1 4.68219 2.84804 0.523318 -0.00239503 0.0235646 0.186833 -0.550613 0.333123 -1.29275 1 0 0 0 0 0 0 0
163 1 0.1 4.86535 2.88198 0.57714 0.0452479 0.0078859 0.0268289 -0.0887307 0.958843 1.06853 1 0 0 0 0 0 0 0
164 1 0.1 4.34663 3.28123 0.700842 -0.00817672 -0.0771474 -0.0260373 -0.464343 -0.173679 1.46092 1 0 0 0 0 0 0 0
165 1 0.1 4.80533 3.34696 0.604527 0.110958 -0.0953054 0.0586466 0.315071 0.555062 -0.980772 1 0 0 0 0 0 0 0
166 1 0.1 4.95055 3.34467 0.467442 0.044796 -0.0456219 -0.0346293 0.0269866 -0.1959 1.09854 1 0 0 0 0 0 0 0
167 1 0.1 5.15835 3.60369 0.303762 0.171541 0.0635039 -0.0809763 -0.596973 0.538286 -1.03855 1 0 0 0 0 0 0 0
168 1 0.1 5.23889 3.96822 0.312609 -0.0566062 0.131737 -0.298476 5.17707 0.845919 -2.61818 1 0 0 0 0 0 0 0
169 1 0.1 5.42612 3.86514 0.333844 -0.208797 0.240102 -0.0521022 -0.851658 -4.63919 -2.18985 1 0 0 0 0 0 0 0
170 1 0.1 5.45342 4.26771 0.392557 0.0174585 -0.0106716 -0.0168587 -0.590121 0.256085 -0.266563 1 0 0 0 0 0 0 0
171 1 0.1 5.64413 4.29947 0.433335 0.00902152 -0.0106203 -0.0145385 -0.0726786 -0.252793 -0.302194 1 0 0 0 0 0 0 0
172 1 0.1 5.76923 4.33595 0.283824 0.033298 -0.0102999 0.0114472 0.295349 -0.0582652 0.0418155 1 0 0 0 0 0 0 0
173 1 0.1 5.84728 4.5508 0.301037 -3.8792e-05 -0.00491312 -0.00144746 -0.00026146 -0.0107456 0.0268315 1 0 0 0 0 0 0 0
174 1 0.1 6.07263 5.05527 0.349463 -0.000618983 -0.00155635 -9.00827e-06 0.00485506 -0.000100862 -0.0119445 1 0 0 0 0 0 0 0
175 1 0.1 6.20691 0.814048 0.350836 0.000327913 0.000145827 0.000867302 0.0100329 0.00285 -0.0116211 1 0 0 0 0 0 0 0
176 1 0.1 5.77772 1.49647 0.308948 -0.00388277 -0.000379519 -0.00313036 -0.0632427 0.0111451 0.0121778 1 0 0 0 0 0 0 0
177 1 0.1 5.84816 1.88962 0.320841 -0.270313 0.0211021 -0.105581 -0.122615 1.27719 -0.35223 1 0 0 0 0 0 0 0
178 1 0.1 5.8486 2.09494 0.314218 -0.132147 0.0445624 -0.078297 0.69702 0.534891 -0.161937 1 0 0 0 0 0 0 0
179 1 0.1 5.4929 1.98726 0.312514 -0.11779 -0.0643676 -0.135351 0.723475 0.13932 -2.10886 1 0 0 0 0 0 0 0
180 1 0.1 5.52022 2.14811 0.428042 0.0256401 -0.13481 -0.0716796 0.0756084 0.0896653 0.583522 1 0 0 0 0 0 0 0
181 1 0.1 5.26587 2.1733 0.36253 -0.471063 0.0551503 -0.221654 1.2364 0.25336 -1.38039 1 0 0 0 0 0 0 0
182 1 0.1 5.07449 2.22594 0.378273 -0.23233 0.11289 -0.0279333 0.288816 1.61461 0.544947 1 0 0 0 0 0 0 0
183 1 0.1 4.98334 2.64831 0.305663 0.132821 0.206993 0.173756 4.33454 2.92234 -4.38658 1 0 0 0 0 0 0 0
184 1 0.1 5.27724 2.7006 0.434287 0.227566 0.0368162 0.0890094 -0.454726 0.294056 -0.514076 1 0 0 0 0 0 0 0
185 1 0.1 5.178 2.88798 0.494647 0.141463 0.0151611 -0.0444789 -0.201696 -1.18944 0.761112 1 0 0 0 0 0 0 0
186 1 0.1 5.02418 2.83457 0.290291 0.340448 0.128427 0.222691 -1.77187 3.78891 0.860153 1 0 0 0 0 0 0 0
187 1 0.1 4.50915 2.76207 0.196908 -0.0093414 0.0278214 0.00613097 0.29339 0.0564254 0.788769 1 0 0 0 0 0 0 0
188 1 0.1 4.7892 3.05742 0.268539 -0.0597802 -0.062936 0.192682 -1.03559 0.0749769 -1.22023 1 0 0 0 0 0 0 0
189 1 0.1 5.32979 3.34021 0.387676 0.0927535 0.0262416 -0.0194151 0.328421 -0.0902427 -0.764344 1 0 0 0 0 0 0 0
190 1 0.1 5.07086 3.42475 0.308457 0.0594924 0.0888705 0.00945691 0.148144 0.149372 -0.110739 1 0 0 0 0 0 0 0
191 1 0.1 5.34093 3.52874 0.329415 0.162939 0.0242891 -0.0505903 -0.550269 -0.46007 0.257229 1 0 0 0 0 0 0 0
192 1 0.1 5.25691 3.77374 0.27903 -0.0242645 0.147284 -0.488532 -3.41303 0.640766 3.26482 1 0 0 0 0 0 0 0
193 1 0.1 5.62239 3.7961 0.294381 0.122996 0.072489 0.0146059 0.197883 0.0676957 -0.322623 1 0 0 0 0 0 0 0
194 1 0.1 5.61441 3.91553 0.591849 0.0719587 0.0422125 0.00665145 -0.3698 0.247163 0.051629 1 0 0 0 0 0 0 0
195 1 0.1 5.7053 4.11181 0.464343 0.0395314 0.00126272 -0.0104939 -0.0640158 -0.0614242 0.245643 1 0 0 0 0 0 0 0
196 1 0.1 5.86616 4.16253 0.305333 -0.00179437 -0.0412448 -0.0527489 -0.554969 1.8619 -0.682631 1 0 0 0 0 0 0 0
197 1 0.1 5.89387 3.99708 0.414001 0.0980849 0.0285127 0.0339295 -0.747446 -0.213875 0.799395 1 0 0 0 0 0 0 0
198 1 0.1 5.96194 4.70985 0.263451 -0.00204506 -0.00275214 -0.00104369 -0.0162814 -0.0186337 0.00106741 1 0 0 0 0 0 0 0
199 1 0.1 6.21559 5.19473 0.339476 -0.000830237 -0.000998949 0.0011542 -0.000704267 -0.0114875 -0.00969699 1 0 0 0 0 0 0 0
200 1 0.1 6.07373 1.22273 0.308102 0.00219286 0.000843726 -0.000837797 -0.0177581 0.0287011 -0.0237252 1 0 0 0 0 0 0 0
201 1 0.1 5.93052 1.36333 0.309142 -0.00024752 0.00017314 -0.00655845 -0.0537674 0.0550759 0.0500277 1 0 0 0 0 0 0 0
202 1 0.1 6.03074 1.8578 0.480664 -0.174891 0.0378607 -0.0183032 -0.00490088 0.385396 2.44708 1 0 0 0 0 0 0 0
203 1 0.1 5.91279 2.33813 0.612061 0.0642425 -0.0453668 -0.0322902 -0.0898804 -0.275373 0.0576374 1 0 0 0 0 0 0 0
204 1 0.1 5.88016 2.58381 0.310538 0.0784978 -0.00777609 -0.00823351 0.619573 -1.59804 -0.129534 1 0 0 0 0 0 0 0
205 1 0.1 5.66611 2.16758 0.273515 -0.188181 0.0302648 0.0367766 -0.664104 -0.532855 -0.354959 1 0 0 0 0 0 0 0
206 1 0.1 5.45045 2.23225 0.260702 -0.245975 0.012161 0.122219 2.8624 1.84528 2.08907 1 0 0 0 0 0 0 0
207 1 0.1 5.53002 2.40831 0.42169 -0.116481 -0.248848 -0.0491506 0.2626 1.44582 1.42096 1 0 0 0 0 0 0 0
208 1 0.1 5.19804 2.46183 0.137486 -0.140013 0.135703 -0.00630272 0.146357 3.30005 -0.032151 1 0 0 0 0 0 0 0
209 1 0.1 5.5109 2.57569 0.308485 -0.00411826 -0.0757589 0.0927052 0.635635 1.6858 1.1805 1 0 0 0 0 0 0 0
210 1 0.1 5.7246 2.924 0.514777 0.122436 0.120307 0.0229953 0.0917332 -1.11106 1.32972 1 0 0 0 0 0 0 0
211 1 0.1 5.39635 2.89803 0.137288 0.127986 -0.0435758 -0.00414148 0.460135 0.638595 0.642868 1 0 0 0 0 0 0 0
212 1 0.1 4.94075 2.96201 0.413696 0.246832 0.0883181 0.152501 0.988197 -3.80966 0.892134 1 0 0 0 0 0 0 0
213 1 0.1 5.09682 3.03459 0.314685 0.21773 0.210049 0.166465 -2.54461 2.70085 1.06475 1 0 0 0 0 0 0 0
214 1 0.1 5.40115 3.38225 0.179839 0.0140262 0.0465895 -0.0534108 0.224304 -0.208743 -0.128862 1 0 0 0 0 0 0 0
215 1 0.1 5.70117 3.35419 0.40096 0.0424631 0.0579083 0.0250595 -0.494464 -0.649937 -0.461528 1 0 0 0 0 0 0 0
216 1 0.1 5.67642 3.52262 0.296402 0.140398 -0.00238657 -0.0768599 -0.81665 1.2012 -0.993983 1 0 0 0 0 0 0 0
217 1 0.1 5.51124 3.63235 0.320113 0.179205 0.0219451 -0.00256221 0.0216563 0.195492 0.731744 1 0 0 0 0 0 0 0
218 1 0.1 6.00103 3.7798 0.300822 0.103145 -0.104835 0.0111476 0.409711 -0.0999203 -0.798412 1 0 0 0 0 0 0 0
219 1 0.1 5.99416 3.61098 0.193303 0.048239 -0.0417428 -0.127219 -0.224969 1.82016 -0.717512 1 0 0 0 0 0 0 0
220 1 0.1 5.98129 3.59305 0.631516 0.0022069 0.165127 0.0684052 0.503102 -0.981404 -1.07897 1 0 0 0 0 0 0 0
221 1 0.1 5.93139 3.70148 0.471143 -0.0592193 0.0835191 0.0316688 -1.37154 1.41563 1.5674 1 0 0 0 0 0 0 0
222 1 0.1 6.0116 3.38099 0.298472 -0.02953 0.0874154 -0.00700816 0.481216 0.373732 1.32958 1 0 0 0 0 0 0 0
223 1 0.1 6.09644 4.84661 0.330581 -0.00312718 -0.00280776 0.000249902 0.0258709 -0.0206164 -0.00300294 1 0 0 0 0 0 0 0
224 1 0.1 6.21893 4.96582 0.452206 -0.000743336 -0.00278944 0.000499719 0.0424157 -0.0288277 0.0393899 1 0 0 0 0 0 0 0
225 1 0.1 5.96151 1.55333 0.362682 0.00128798 -0.00253653 -0.00749219 0.0767252 0.0543634 -0.0452143 1 0 0 0 0 0 0 0
226 1 0.1 5.86878 2.20448 0.137339 -0.0434617 0.000386799 -1.91231e-05 -0.00214858 -0.432336 0.163009 1 0 0 0 0 0 0 0
227 1 0.1 6.01455 1.74082 0.319401 -0.0410183 0.00937825 -0.0128868 -0.0920151 0.0660446 0.475989 1 0 0 0 0 0 0 0
228 1 0.1 5.97768 2.57439 0.13713 0.115994 0.0174019 0.0035417 -0.1682 1.18348 -0.149975 1 0 0 0 0 0 0 0
229 1 0.1 5.63453 2.89849 0.137122 0.0723173 0.00544545 0.000953919 -0.0540474 0.729812 0.155198 1 0 0 0 0 0 0 0
230 1 0.1 5.96423 3.08016 0.306776 0.033166 0.079441 -0.0726781 -0.511188 0.648267 2.07664 1 0 0 0 0 0 0 0
231 1 0.1 5.85773 2.45092 0.457265 0.0199632 -0.0605107 -0.0480226 -0.0782048 0.54104 0.375242 1 0 0 0 0 0 0 0
232 1 0.1 5.68759 2.46128 0.300664 -0.0187755 -0.0628842 -0.0456886 0.606407 1.11686 -0.63466 1 0 0 0 0 0 0 0
233 1 0.1 5.8277 2.65103 0.524336 0.103538 -0.00537912 0.0356508 0.110093 -0.79844 1.14963 1 0 0 0 0 0 0 0
234 1 0.1 5.74662 2.72894 0.33901 0.0576008 -0.0092752 -0.0323557 0.439865 0.119127 0.0711564 1 0 0 0 0 0 0 0
235 1 0.1 5.93872 2.76483 0.38119 0.0422966 -0.12067 0.132663 0.184214 -1.7174 -1.09145 1 0 0 0 0 0 0 0
236 1 0.1 5.60633 3.07513 0.577433 0.165697 0.130254 -0.00996436 -0.596079 0.00641569 0.79837 1 0 0 0 0 0 0 0
237 1 0.1 5.49421 3.02529 0.380118 0.188093 0.106542 -0.0175515 0.331505 -0.625348 1.44353 1 0 0 0 0 0 0 0
238 1 0.1 5.36743 3.19932 0.250975 0.0011058 0.0408139 -0.0364266 -0.345794 1.0947 -0.178292 1 0 0 0 0 0 0 0
239 1 0.1 5.67284 3.10181 0.335919 0.153133 0.226573 0.0206669 -0.165837 0.263361 -0.204033 1 0 0 0 0 0 0 0
240 1 0.1 5.83532 2.93188 0.343805 0.204198 -0.0541896 -0.0128746 -0.243936 -0.588781 0.213154 1 0 0 0 0 0 0 0
241 1 0.1 5.43827 3.34549 0.555581 0.047862 0.133095 0.00412647 -1.02787 -0.571779 1.20963 1 0 0 0 0 0 0 0
242 1 0.1 5.82774 3.22611 0.31427 0.177829 0.206281 0.0221194 0.667597 0.0953997 -0.145514 1 0 0 0 0 0 0 0
243 1 0.1 5.89149 3.37513 0.458208 0.0350732 0.0265251 0.0361777 -0.598071 0.362271 -0.157256 1 0 0 0 0 0 0 0
244 1 0.1 5.74618 3.67933 0.399204 -0.0839225 -0.0423279 0.133362 -0.86297 -1.33401 -2.09646 1 0 0 0 0 0 0 0
245 1 0.1 5.88631 3.15359 0.137449 -0.0856788 0.0384898 0.00263695 -0.260735 -0.217635 -0.415571 1 0 0 0 0 0 0 0
246 1 0.1 5.87367 3.5265 0.328716 0.133692 -0.0274842 -0.0433798 -0.0453072 -1.55596 0.599548 1 0 0 0 0 0 0 0
247 1 0.1 5.92235 4.33856 0.411852 0.0369383 -0.0307214 0.00467022 0.134302 0.142065 0.0516994 1 0 0 0 0 0 0 0
248 1 0.1 6.0528 4.48388 0.454133 0.0163406 -0.0115097 0.00275781 -0.0730209 -0.0515218 0.259027 1 0 0 0 0 0 0 0
249 1 0.1 6.12672 4.66102 0.398149 -0.00483743 -0.00421903 -0.00117809 0.000616026 -0.0114298 -0.00200552 1 0 0 0 0 0 0 0
250 1 0.1 5.98993 1.03668 0.536431 0.00181223 -0.00143123 -0.000682699 0.00511497 -0.0153487 0.0418294 1 0 0 0 0 0 0 0
251 1 0.1 5.79791 1.22287 0.567804 0.00499869 0.00113748 -0.000981708 0.0122986 -0.0382206 0.0234804 1 0 0 0 0 0 0 0
252 1 0.1 5.65718 1.36174 0.539399 0.00314159 0.00120076 0.000562037 0.00582081 0.0222537 -0.019812 1 0 0 0 0 0 0 0
253 1 0.1 5.51523 1.50149 0.552456 0.00770334 0.000908382 0.00545856 0.0736655 -0.010331 -0.0389533 1 0 0 0 0 0 0 0
254 1 0.1 5.41765 1.67181 0.588262 0.0102775 -0.00357492 0.015198 0.0502319 -0.0110796 0.0164354 1 0 0 0 0 0 0 0
255 1 0.1 5.20331 1.86798 0.416502 0.0128319 -0.0360913 -0.0034337 0.0466682 -0.217243 0.120356 1 0 0 0 0 0 0 0
256 1 0.1 5.02344 1.99406 0.54966 -0.0503155 0.0314206 0.00295647 -0.19394 -0.249694 0.0515404 1 0 0 0 0 0 0 0
257 1 0.1 4.79705 2.39636 0.601506 0.0202427 -0.105678 -0.0636213 -0.011352 -1.86367 1.28021 1 0 0 0 0 0 0 0
258 1 0.1 4.70936 2.57594 0.605965 0.00985864 -0.183342 -0.315869 1.58874 -2.87242 0.50906 1 0 0 0 0 0 0 0
259 1 0.1 4.84206 2.69391 0.515813 0.188368 -0.0391824 0.115942 -1.028 1.59959 0.982773 1 0 0 0 0 0 0 0
260 1 0.1 4.53101 2.74941 0.444403 0.0296032 -0.016493 0.163265 -1.12892 -1.37411 0.238911 1 0 0 0 0 0 0 0
261 1 0.1 4.40944 2.90052 0.397144 0.0469042 -0.0506092 0.0833562 1.76236 -0.321625 -0.509187 1 0 0 0 0 0 0 0
262 1 0.1 4.38709 2.88977 0.593657 0.0381814 0.150451 0.0708484 -4.52531 0.501058 -0.784355 1 0 0 0 0 0 0 0
263 1 0.1 4.21165 3.00944 0.382992 -0.837467 0.184883 0.0943671 -3.93298 9.1178 -12.3564 1 0 0 0 0 0 0 0
264 1 0.1 4.1945 3.1741 0.670629 -0.0182817 -0.0221435 -0.0786206 -0.564962 -0.123638 -0.0472715 1 0 0 0 0 0 0 0
265 1 0.1 4.47473 3.3434 0.558312 -0.21221 0.130667 0.0508624 0.339168 -0.704921 1.63506 1 0 0 0 0 0 0 0
266 1 0.1 4.43653 3.40739 0.35022 -0.0154988 0.019361 -0.0465082 0.159005 -0.663882 -3.37434 1 0 0 0 0 0 0 0
267 1 0.1 4.7103 3.67803 0.589315 0.143145 0.145505 0.0435094 -0.774536 2.05483 -0.710948 1 0 0 0 0 0 0 0
268 1 0.1 4.93744 3.90763 0.482109 0.096556 0.0953631 -0.0359004 -0.0698992 0.0541241 -0.27015 1 0 0 0 0 0 0 0
269 1 0.1 5.03917 4.01033 0.614276 0.0948046 0.0593796 -0.0291929 0.240188 -0.100341 -0.0336578 1 0 0 0 0 0 0 0
270 1 0.1 5.17722 4.15007 0.577499 0.0788999 0.0452305 0.022658 -0.427151 -0.210057 0.887124 1 0 0 0 0 0 0 0
271 1 0.1 5.31325 4.29366 0.55027 0.0446673 0.0385074 -0.0151018 -0.00741919 -0.00412289 0.0270845 1 0 0 0 0 0 0 0
272 1 0.1 5.46481 4.44388 0.544118 0.0157332 0.0212124 0.00760042 -0.410162 0.660271 0.263663 1 0 0 0 0 0 0 0
273 1 0.1 5.60716 4.58128 0.564778 0.0164838 0.0177545 -0.00983873 0.459806 -0.424234 0.143594 1 0 0 0 0 0 0 0
274 1 0.1 5.78913 4.76982 0.55484 -0.00170303 -0.00217284 -0.000844322 -0.00817895 -0.00403362 -0.0230032 1 0 0 0 0 0 0 0
275 1 0.1 6.12966 0.895126 0.555681 0.00182809 -0.00164404 -0.000228279 0.0213106 -0.0136336 -0.0126696 1 0 0 0 0 0 0 0
276 1 0.1 5.73469 1.53582 0.598348 0.0296121 -0.00405711 -0.00323369 -0.0866109 -0.0337191 -0.304738 1 0 0 0 0 0 0 0
277 1 0.1 5.62375 1.60708 0.422324 0.0197067 0.00151853 0.00377636 0.00415098 0.0431435 -0.100373 1 0 0 0 0 0 0 0
278 1 0.1 5.67778 1.79871 0.410948 -0.0767573 0.0388139 0.0265325 0.393868 0.468217 1.0895 1 0 0 0 0 0 0 0
279 1 0.1 5.52731 1.86074 0.585559 0.0121409 -0.0271456 0.0244501 -0.0971579 0.0788883 0.0706586 1 0 0 0 0 0 0 0
280 1 0.1 5.38008 1.93852 0.475329 0.00758878 -0.0305931 0.0179492 -0.155911 -0.0466986 -0.111896 1 0 0 0 0 0 0 0
281 1 0.1 5.21295 2.04316 0.508395 -0.0233495 -0.0570263 0.00172908 0.0167679 -0.343889 0.0117184 1 0 0 0 0 0 0 0
282 1 0.1 5.03863 1.98679 0.762624 0.0122073 -0.0102849 0.00321007 0.068316 0.0738317 0.194297 1 0 0 0 0 0 0 0
283 1 0.1 4.96105 2.31546 0.521315 -0.0208771 -0.0390194 -0.161216 -1.03184 1.66598 -1.16659 1 0 0 0 0 0 0 0
284 1 0.1 5.08617 2.66088 0.460452 0.243598 -0.110259 0.146541 -2.67322 -0.324006 2.44502 1 0 0 0 0 0 0 0
285 1 0.1 4.47042 2.60485 0.557893 0.0364923 0.123462 0.252391 -0.9403 0.136696 0.707788 1 0 0 0 0 0 0 0
286 1 0.1 4.53962 2.77229 0.640429 -0.0223284 0.13871 0.192954 -0.0948195 0.483441 -0.0694089 1 0 0 0 0 0 0 0
287 1 0.1 4.68165 3.14051 0.764217 -0.0355869 -0.0477281 0.00573982 -0.230532 -0.124222 0.0871133 1 0 0 0 0 0 0 0
288 1 0.1 4.44908 3.16167 0.478881 0.113686 0.120488 -0.0645637 -0.828651 0.348472 2.08963 1 0 0 0 0 0 0 0
289 1 0.1 4.63379 3.14283 0.362179 -0.0928188 0.103818 0.0336979 -0.882527 -0.0872522 1.97042 1 0 0 0 0 0 0 0
290 1 0.1 4.88391 3.36473 0.279616 0.0390918 0.0827985 -0.0242726 0.617268 -0.292727 0.191429 1 0 0 0 0 0 0 0
291 1 0.1 4.90781 3.51508 0.58902 0.0928443 -0.0752691 0.0282806 0.613506 -1.339 2.06139 1 0 0 0 0 0 0 0
292 1 0.1 4.95572 3.55302 0.40598 0.0913072 0.0838914 0.0889014 -0.112613 1.11475 0.339732 1 0 0 0 0 0 0 0
293 1 0.1 4.95896 3.74675 0.35944 -0.00614485 0.0565921 -0.0878845 0.598055 -1.21642 -0.778588 1 0 0 0 0 0 0 0
294 1 0.1 5.12031 3.84259 0.434202 0.0592694 0.0959374 -0.188104 0.949402 1.27831 0.126253 1 0 0 0 0 0 0 0
295 1 0.1 5.26826 3.9921 0.659519 0.0545016 0.0484041 0.0854337 -0.774652 0.13867 0.804958 1 0 0 0 0 0 0 0
296 1 0.1 5.50188 4.23589 0.582118 0.0155672 -0.00985106 -0.018807 0.38432 0.142399 -0.624158 1 0 0 0 0 0 0 0
297 1 0.1 5.70491 4.39515 0.595622 0.00454704 -0.00683648 -0.00743757 -0.038129 0.0181282 0.0308253 1 0 0 0 0 0 0 0
298 1 0.1 5.68855 4.4921 0.406091 -0.00612598 -0.00156733 -0.0075409 -0.0531408 -0.0683904 -0.0560691 1 0 0 0 0 0 0 0
299 1 0.1 6.07234 5.05161 0.557792 -0.000884731 -0.00196589 -0.00040225 -0.000939245 0.00384647 -0.011082 1 0 0 0 0 0 0 0
300 1 0.1 6.2699 0.752816 0.550002 0.00127741 -0.00163956 -0.000120204 -0.00363452 2.06604e-06 0.00219988 1 0 0 0 0 0 0 0
301 1 0.1 5.84073 1.41448 0.480207 0.00636314 -0.0150435 -0.00447531 0.207737 -0.00929878 -0.0769893 1 0 0 0 0 0 0 0
302 1 0.1 5.85124 1.67477 0.514416 0.0398961 -0.0304313 -0.0399934 0.0313324 0.571817 -0.130511 1 0 0 0 0 0 0 0
303 1 0.1 5.81035 1.86751 0.547997 0.0561804 -0.0284553 -0.0192051 -0.0183181 0.383486 0.109 1 0 0 0 0 0 0 0
304 1 0.1 5.67397 1.99976 0.609936 0.0373926 -0.0468396 -0.00434284 -0.0172414 -0.175564 0.240589 1 0 0 0 0 0 0 0
305 1 0.1 5.48293 2.05464 0.600721 0.0468107 -0.0259644 -0.00844067 -0.237588 0.17197 -0.428209 1 0 0 0 0 0 0 0
306 1 0.1 5.28717 2.43761 0.596616 -0.163651 -0.00887689 0.15106 0.432139 2.73617 -0.668131 1 0 0 0 0 0 0 0
307 1 0.1 5.09767 2.39377 0.642975 -0.162369 -0.150606 0.0413217 2.76679 -3.80421 1.25772 1 0 0 0 0 0 0 0
308 1 0.1 5.16745 2.39383 0.322756 -0.103798 0.143784 0.0431683 -0.395817 -2.87884 0.140227 1 0 0 0 0 0 0 0
309 1 0.1 4.99118 2.54982 0.581412 -0.0265554 -0.133539 -0.0607764 2.73696 -5.87158 -1.02149 1 0 0 0 0 0 0 0
310 1 0.1 5.3744 2.87371 0.424091 0.286638 0.0141037 -0.0208355 -0.577642 0.232815 0.0202855 1 0 0 0 0 0 0 0
311 1 0.1 4.60698 2.92706 0.753521 -0.0500854 0.171611 -0.0713814 0.569835 0.0295616 -1.66469 1 0 0 0 0 0 0 0
312 1 0.1 4.56471 3.00453 0.502129 0.181619 0.175457 0.0795385 -1.12807 -0.0280006 -1.30375 1 0 0 0 0 0 0 0
313 1 0.1 5.01064 3.2121 0.291346 0.0123294 0.0961203 0.0388034 -0.466495 1.24565 1.34068 1 0 0 0 0 0 0 0
314 1 0.1 5.15032 3.14217 0.154862 0.0564934 0.0727976 0.0186151 -0.14048 0.692798 0.444811 1 0 0 0 0 0 0 0
315 1 0.1 5.14442 3.31173 0.452523 0.0681713 0.0735634 -0.0266909 0.183293 0.0237616 0.0489525 1 0 0 0 0 0 0 0
316 1 0.1 5.51497 3.40383 0.34757 0.0671225 0.0860548 -0.021125 -0.205294 0.141292 1.38242 1 0 0 0 0 0 0 0
317 1 0.1 5.16474 3.6205 0.501627 0.0381973 0.134211 -0.0786886 -0.297314 -1.58173 3.27239 1 0 0 0 0 0 0 0
318 1 0.1 5.36543 3.68914 0.44398 0.0733735 0.133464 -0.194526 -1.55975 -2.10511 -0.975365 1 0 0 0 0 0 0 0
319 1 0.1 5.41886 3.90773 0.552804 0.0602245 0.02496 0.0643226 0.15016 0.300816 0.129814 1 0 0 0 0 0 0 0
320 1 0.1 5.37028 4.09884 0.526801 -0.000971817 -0.0022378 0.00135409 -0.83377 -0.179235 0.398001 1 0 0 0 0 0 0 0
321 1 0.1 5.80054 3.98998 0.59058 0.0809197 0.0682175 0.0277494 -0.425477 -0.0311029 0.523221 1 0 0 0 0 0 0 0
322 1 0.1 5.8223 4.23556 0.569006 0.0150252 0.00508904 0.00283992 0.0624897 -0.203115 0.0890495 1 0 0 0 0 0 0 0
323 1 0.1 5.91115 4.63715 0.469053 -0.00312195 -0.00348408 0.000211454 0.0121401 -0.0169485 0.014876 1 0 0 0 0 0 0 0
324 1 0.1 6.21236 5.19416 0.549984 -0.00134059 -0.00201698 -0.000122616 -0.00806581 0.00699722 -0.0291167 1 0 0 0 0 0 0 0
325 1 0.1 6.15517 1.11407 0.454818 0.0020977 -0.00141257 -0.00126401 -0.00535514 0.0278212 -0.0555762 1 0 0 0 0 0 0 0
326 1 0.1 5.97526 1.24963 0.479936 0.00701643 0.00161947 0.00181375 0.0528868 0.0119804 -0.0465766 1 0 0 0 0 0 0 0
327 1 0.1 6.0095 2.04858 0.425201 -0.224417 0.00782381 -0.103216 -1.01777 0.831686 -2.28218 1 0 0 0 0 0 0 0
328 1 0.1 5.70543 2.26294 0.631578 0.0152778 -0.0129152 0.00216435 0.386685 0.602932 -0.435886 1 0 0 0 0 0 0 0
329 1 0.1 5.91885 2.083 0.600215 -0.0157491 -0.152786 -0.0107175 -0.51749 -0.631505 -1.05942 1 0 0 0 0 0 0 0
330 1 0.1 5.50992 2.28267 0.575486 0.121397 -0.206798 0.0073034 -0.131002 0.651129 -1.5574 1 0 0 0 0 0 0 0
331 1 0.1 5.76045 2.13353 0.48946 0.00708809 -0.0152737 0.0135899 0.624018 0.948716 -0.604647 1 0 0 0 0 0 0 0
332 1 0.1 5.86966 2.59903 0.712807 0.0845115 -0.0408623 0.0289864 0.382084 0.468291 -0.699136 1 0 0 0 0 0 0 0
333 1 0.1 5.65283 2.59079 0.44866 0.150605 -0.0564115 -0.0240538 -0.481966 -0.0155219 -0.708541 1 0 0 0 0 0 0 0
334 1 0.1 5.4818 2.47001 0.63897 0.0410305 -0.234175 0.0950125 -1.59157 1.94032 3.13828 1 0 0 0 0 0 0 0
335 1 0.1 4.99397 2.47104 0.397649 0.00683672 0.0430456 -0.147265 -0.0577917 1.35728 -0.168225 1 0 0 0 0 0 0 0
336 1 0.1 5.28606 2.81658 0.656789 0.120435 0.112498 0.136034 -1.63001 -1.86867 2.50142 1 0 0 0 0 0 0 0
337 1 0.1 5.03544 2.99219 0.592436 0.0380713 0.0675742 -0.0148719 0.911517 0.68522 1.05413 1 0 0 0 0 0 0 0
338 1 0.1 5.29656 3.02568 0.317659 0.212074 0.0294041 0.103868 -0.487956 0.581961 1.83967 1 0 0 0 0 0 0 0
339 1 0.1 5.3659 3.15742 0.452275 0.0528221 -0.00300114 -0.0314276 -0.173113 0.173138 0.272561 1 0 0 0 0 0 0 0
340 1 0.1 5.55307 3.22551 0.438505 0.0259145 0.0653918 -0.0233116 0.108222 -0.314997 0.465398 1 0 0 0 0 0 0 0
341 1 0.1 5.29405 3.48596 0.573803 -0.0216448 0.139856 0.140816 1.69345 -1.82808 0.878148 1 0 0 0 0 0 0 0
342 1 0.1 5.50057 3.53652 0.497066 -0.518005 0.0184692 0.0355358 0.992477 -2.81495 -0.774211 1 0 0 0 0 0 0 0
343 1 0.1 5.54503 3.76903 0.475842 0.0751096 0.0500366 -0.00490114 0.310514 -0.5296 -0.198951 1 0 0 0 0 0 0 0
344 1 0.1 5.66409 3.64987 0.583123 0.0192302 0.0172131 0.00241605 -0.152423 0.180775 -0.359182 1 0 0 0 0 0 0 0
345 1 0.1 5.7619 3.32279 0.75905 0.0223032 0.0872509 -0.00748864 0.260799 0.268938 0.605492 1 0 0 0 0 0 0 0
346 1 0.1 5.80602 3.78937 0.601883 -0.088615 0.13798 -0.0224283 -0.505206 -0.471468 1.92255 1 0 0 0 0 0 0 0
347 1 0.1 5.97407 3.89293 0.570047 0.0306597 -0.0255128 0.0504733 0.451607 -0.271709 -1.63803 1 0 0 0 0 0 0 0
348 1 0.1 5.93188 4.90946 0.561974 0.000258118 -0.00381016 -0.00112329 -0.00886359 -0.0101147 -0.00411926 1 0 0 0 0 0 0 0
349 1 0.1 6.1069 4.81875 0.528294 0.000285436 -0.00498094 -0.00091621 -0.000987894 0.0498677 -0.0369066 1 0 0 0 0 0 0 0
350 1 0.1 6.08344 1.41052 0.431254 0.00465388 0.0025255 -0.0014542 -0.14021 -0.0815324 0.0994754 1 0 0 0 0 0 0 0
351 1 0.1 6.02568 1.5595 0.551655 0.00834195 -0.00756595 -0.00976662 -0.0615922 0.0233421 -0.02408 1 0 0 0 0 0 0 0
352 1 0.1 5.99649 1.73763 0.636672 0.0102234 -0.00804909 -0.010433 0.0481262 0.0743496 0.0390243 1 0 0 0 0 0 0 0
353 1 0.1 5.7983 2.0307 0.762543 0.0153295 -0.0207251 0.00250822 0.0252489 -0.0637845 0.107807 1 0 0 0 0 0 0 0
354 1 0.1 5.99021 2.76744 0.187804 0.0284008 -0.00783051 0.120917 0.242544 -0.933375 0.187973 1 0 0 0 0 0 0 0
355 1 0.1 5.90089 2.95419 0.137635 -0.0137802 0.0432181 0.00922895 0.228712 -0.15226 1.15069 1 0 0 0 0 0 0 0
356 1 0.1 5.71343 2.71302 0.763131 0.117494 0.0128562 0.00139916 0.111487 -1.18467 -0.162814 1 0 0 0 0 0 0 0
357 1 0.1 5.63856 2.75765 0.584762 0.261362 0.0132137 -0.0535108 -0.111103 -0.364109 0.17155 1 0 0 0 0 0 0 0
358 1 0.1 5.13873 2.94618 0.761798 0.0340765 0.0208605 0.00299097 -0.138626 -0.219041 0.595891 1 0 0 0 0 0 0 0
359 1 0.1 5.5129 2.73154 0.433371 0.245064 0.00727768 -0.0283489 -0.172429 0.569583 -0.454008 1 0 0 0 0 0 0 0
360 1 0.1 5.86793 3.0125 0.651734 0.0499401 0.0506982 0.0119698 0.265217 0.150063 -0.144344 1 0 0 0 0 0 0 0
361 1 0.1 5.6802 2.91023 0.709273 0.068524 0.0738861 0.00815047 -0.146591 0.732932 0.558602 1 0 0 0 0 0 0 0
362 1 0.1 5.49649 2.90835 0.577373 0.236262 0.0770126 0.00229258 -0.0997528 -0.869648 0.0755726 1 0 0 0 0 0 0 0
363 1 0.1 5.31321 2.99713 0.575714 0.0295819 0.0721168 0.00868352 -0.23964 -0.293474 -0.453023 1 0 0 0 0 0 0 0
364 1 0.1 5.54332 3.04485 0.765432 0.040446 0.039022 0.00627112 -0.0464959 -0.292725 -0.115255 1 0 0 0 0 0 0 0
365 1 0.1 5.42589 3.14524 0.641459 0.0694882 0.0417694 -0.0193351 -0.176853 0.16998 -0.182884 1 0 0 0 0 0 0 0
366 1 0.1 5.68301 3.25939 0.586645 0.0149292 0.201832 -0.0483729 0.247796 0.205568 0.873793 1 0 0 0 0 0 0 0
367 1 0.1 5.57944 3.24143 0.762538 0.0410275 0.0402825 -0.00200209 0.236809 0.0107769 -0.115175 1 0 0 0 0 0 0 0
368 1 0.1 5.59955 3.43354 0.638387 -0.12992 0.149961 -0.0898945 -0.589633 -0.538698 0.286108 1 0 0 0 0 0 0 0
369 1 0.1 5.78297 3.48919 0.581435 -0.0420649 -0.0196974 0.0056201 0.127396 -0.186993 -0.320073 1 0 0 0 0 0 0 0
370 1 0.1 5.94115 3.3415 0.648944 -0.0488505 0.120051 0.0718151 0.124252 -1.31851 1.50292 1 0 0 0 0 0 0 0
371 1 0.1 5.96822 3.1984 0.511907 0.124634 0.0967811 0.13339 -0.642881 0.00834747 -0.456442 1 0 0 0 0 0 0 0
372 1 0.1 6.05033 4.04977 0.301234 0.0751853 0.0818113 0.0261215 -0.330452 -0.0544459 0.664603 1 0 0 0 0 0 0 0
373 1 0.1 5.89372 4.45621 0.57203 -0.00172676 0.000352879 -0.0214651 -0.481355 -0.0455799 0.118339 1 0 0 0 0 0 0 0
374 1 0.1 6.07133 4.6313 0.587852 -0.00224032 -0.00495601 -0.000875166 0.0124299 0.0372931 -0.0174042 1 0 0 0 0 0 0 0
375 1 0.1 6.07172 0.965268 0.762535 0.00140658 -3.6632e-05 0.000481228 0.00180375 -0.0065297 -0.0180484 1 0 0 0 0 0 0 0
376 1 0.1 5.74225 1.27884 0.751287 0.00365251 -0.00327584 -0.000627905 0.00569173 -0.00961098 0.0262395 1 0 0 0 0 0 0 0
377 1 0.1 5.59947 1.42147 0.748815 0.0115711 -0.00874488 -0.00249932 -0.0191472 -0.0128471 0.0301168 1 0 0 0 0 0 0 0
378 1 0.1 5.46008 1.5641 0.761487 0.01129 -0.00925202 -0.00641566 -0.084049 -0.0002159 -0.0541079 1 0 0 0 0 0 0 0
379 1 0.1 5.3191 1.70521 0.760899 0.0109982 -0.00999813 -0.00297652 0.0607167 0.062902 0.0683472 1 0 0 0 0 0 0 0
380 1 0.1 5.17831 1.84622 0.762479 0.0139425 -0.00579853 0.00117396 0.0340364 -0.0876746 -0.132428 1 0 0 0 0 0 0 0
381 1 0.1 5.24942 1.77894 0.588127 0.00912708 -0.011868 0.00197929 -0.169482 -0.0799144 0.0446529 1 0 0 0 0 0 0 0
382 1 0.1 4.89843 2.12661 0.763586 0.0159045 -0.00935483 -0.00202349 -0.0883363 -0.115602 -0.225358 1 0 0 0 0 0 0 0
383 1 0.1 4.67608 2.34314 0.750647 0.0258626 -0.017776 -0.0144564 -0.0591399 -0.00102215 -0.0117777 1 0 0 0 0 0 0 0
384 1 0.1 4.54977 2.47025 0.662402 0.0517144 -0.140834 -0.190018 4.33104 8.62554 -4.77849 1 0 0 0 0 0 0 0
385 1 0.1 4.30569 2.71189 0.559028 0.00795656 0.0917908 0.272367 2.98578 -1.26784 -0.126287 1 0 0 0 0 0 0 0
386 1 0.1 4.22251 2.80735 0.723072 0.00927545 -0.00986197 0.0101844 0.232323 0.0692665 -0.121773 1 0 0 0 0 0 0 0
387 1 0.1 4.29471 3.05946 0.551864 0.0488167 0.0801594 -0.231556 1.69276 -1.46192 0.99906 1 0 0 0 0 0 0 0
388 1 0.1 4.21894 3.0029 0.763884 -0.00730074 -0.000707888 -0.00829144 -0.595855 -0.111297 0.629324 1 0 0 0 0 0 0 0
389 1 0.1 4.6177 3.19228 0.581865 0.0600549 0.161577 0.0300504 1.10198 -1.63756 -1.62518 1 0 0 0 0 0 0 0
390 1 0.1 4.45803 3.43964 0.762565 0.0220777 0.0174985 -0.00066526 0.055032 -0.00164873 0.310356 1 0 0 0 0 0 0 0
391 1 0.1 4.64663 3.55059 0.752711 -0.0162219 0.0691488 0.0325861 -2.95143 -3.96284 -7.11334 1 0 0 0 0 0 0 0
392 1 0.1 4.84361 3.81421 0.614758 0.163464 0.144356 -0.012644 -0.0253181 0.684433 0.0232879 1 0 0 0 0 0 0 0
393 1 0.1 4.93602 3.91143 0.762636 0.110686 0.153091 0.00514057 0.363441 0.0493261 0.0127057 1 0 0 0 0 0 0 0
394 1 0.1 5.12913 4.09931 0.764212 0.0448192 0.029591 0.00861598 0.285406 -0.437707 0.182006 1 0 0 0 0 0 0 0
395 1 0.1 5.26636 4.24223 0.748298 0.0337785 0.0424414 0.0295777 -0.204899 0.249269 -0.0379845 1 0 0 0 0 0 0 0
396 1 0.1 5.42257 4.36156 0.714337 0.0585344 0.0031578 -0.00914296 0.173572 -0.363707 -0.192826 1 0 0 0 0 0 0 0
397 1 0.1 5.54159 4.51732 0.753366 0.0292204 0.0188029 0.0211373 -0.146434 -0.093381 0.232054 1 0 0 0 0 0 0 0
398 1 0.1 5.70622 4.67961 0.762442 -0.00277066 -0.00151238 -0.00160923 -0.0224585 0.032624 -0.0377886 1 0 0 0 0 0 0 0
399 1 0.1 5.84496 4.82172 0.746597 0.000133056 -0.00774826 -0.0199793 0.0421515 0.302251 -0.129739 1 0 0 0 0 0 0 0
400 1 0.1 6.20577 0.817204 0.755091 0.000183826 -0.000508651 0.000119027 0.00269771 0.00453214 0.00220341 1 0 0 0 0 0 0 0
401 1 0.1 5.92964 1.09808 0.716903 0.00122447 -0.00253303 -0.00136842 -0.0229159 -0.0187446 0.0486124 1 0 0 0 0 0 0 0
402 1 0.1 5.65312 1.61553 0.762594 0.0140044 -0.0171075 -0.00163435 -0.0941927 -0.087005 -0.0366468 1 0 0 0 0 0 0 0
403 1 0.1 5.67323 1.72544 0.596879 0.0357284 -0.00595619 0.00501289 0.0926145 0.201318 0.249926 1 0 0 0 0 0 0 0
404 1 0.1 5.51209 1.75713 0.762519 0.0144491 -0.0128185 -0.00204518 0.152304 0.00760019 -0.0779442 1 0 0 0 0 0 0 0
405 1 0.1 5.36055 1.89974 0.701541 0.0164673 -0.00785885 -0.00396661 0.0368568 0.119382 -0.0988804 1 0 0 0 0 0 0 0
406 1 0.1 5.21208 2.0706 0.709469 -0.00675672 -0.0689796 -0.148655 1.40993 2.45115 -1.29359 1 0 0 0 0 0 0 0
407 1 0.1 5.33546 2.18667 0.587852 0.0270284 -0.0389394 0.00180075 0.294781 -0.181355 0.681956 1 0 0 0 0 0 0 0
408 1 0.1 4.88648 2.32479 0.762989 -0.0383607 0.0019769 0.00130209 -0.146995 0.370001 0.534522 1 0 0 0 0 0 0 0
409 1 0.1 4.81188 2.51006 0.76389 -0.368495 -0.103291 -0.0120777 -0.0386677 -4.04162 -3.13337 1 0 0 0 0 0 0 0
410 1 0.1 4.3595 2.66539 0.755316 0.00900379 -0.0130932 -0.00704154 -0.0284705 0.00659579 -0.00618682 1 0 0 0 0 0 0 0
411 1 0.1 4.41581 2.98465 0.763588 -0.00273365 0.290521 -0.00129498 2.94276 0.0804232 2.36936 1 0 0 0 0 0 0 0
412 1 0.1 4.52244 3.25471 0.76303 -0.0146266 0.00814694 -0.0100303 0.0494542 0.0976173 -0.586794 1 0 0 0 0 0 0 0
413 1 0.1 4.69546 3.33575 0.763971 -0.00598216 -0.065509 -0.00689972 -0.745601 -0.80489 -0.341638 1 0 0 0 0 0 0 0
414 1 0.1 4.79411 3.22257 0.448875 -0.0395596 0.0583047 -0.0402166 1.17431 1.09022 -2.30838 1 0 0 0 0 0 0 0
415 1 0.1 4.63424 3.46303 0.573343 -0.109318 -0.00502736 0.0736728 0.746482 1.23177 -3.25881 1 0 0 0 0 0 0 0
416 1 0.1 5.03307 3.54482 0.7625 -0.0687075 0.114511 -0.00294248 -0.853581 1.16118 1.7747 1 0 0 0 0 0 0 0
417 1 0.1 4.80077 3.73019 0.771371 0.159635 0.187622 0.0022589 1.74516 -1.57933 -0.177966 1 0 0 0 0 0 0 0
418 1 0.1 4.98504 3.69058 0.54915 -0.0510849 -0.0574472 -0.107954 -2.66974 2.31981 -0.352623 1 0 0 0 0 0 0 0
419 1 0.1 5.13615 3.88843 0.765244 0.115108 -0.116201 0.00388964 0.976261 -1.35482 1.5474 1 0 0 0 0 0 0 0
420 1 0.1 5.45379 4.17693 0.765906 0.0216247 0.0185086 0.00235121 -0.0190986 -0.478336 0.513348 1 0 0 0 0 0 0 0
421 1 0.1 5.60875 4.30842 0.762602 0.0433918 -0.0322796 0.000720114 -0.0154389 0.0375601 0.11881 1 0 0 0 0 0 0 0
422 1 0.1 5.75619 4.487 0.763362 -0.00228822 0.000224372 -0.00259603 0.0265446 -0.0125913 0.20077 1 0 0 0 0 0 0 0
423 1 0.1 5.87581 4.63026 0.668789 -0.00891615 -0.00934197 -0.00662279 0.138769 0.0643399 -0.0810448 1 0 0 0 0 0 0 0
424 1 0.1 6.127 5.10406 0.75016 -0.00492079 -0.00575259 0.000449689 -0.0306339 0.0183862 -0.0833956 1 0 0 0 0 0 0 0
425 1 0.1 6.34627 0.675039 0.749974 0.000314153 -0.000479203 -7.43596e-05 -0.00214837 -0.000838059 -0.00720068 1 0 0 0 0 0 0 0
426 1 0.1 5.94131 1.29244 0.76255 0.00301393 -0.0021256 7.12266e-05 -0.0211965 -0.0142589 -0.0151475 1 0 0 0 0 0 0 0
427 1 0.1 5.82106 1.46213 0.762601 0.00756663 -0.00550498 0.00145203 -0.0429079 -0.0698431 -0.0303591 1 0 0 0 0 0 0 0
428 1 0.1 5.91112 1.86651 0.762797 0.0142966 -0.0130952 -0.000225005 0.0186014 -0.0142478 -0.0227254 1 0 0 0 0 0 0 0
429 1 0.1 5.70125 1.83352 0.762606 0.0233573 -0.00713475 0.002577 -0.0427012 -0.144668 0.0529482 1 0 0 0 0 0 0 0
430 1 0.1 5.54221 1.95453 0.76275 0.0220953 -0.0134423 0.00341208 -0.098831 -0.199604 -0.0190193 1 0 0 0 0 0 0 0
431 1 0.1 5.43087 2.17071 0.762608 0.0453737 -0.108924 -0.00174118 -0.0185358 -0.0043265 0.0525958 1 0 0 0 0 0 0 0
432 1 0.1 5.18767 2.26176 0.762659 -0.0641395 -0.117516 0.000512227 -0.289765 0.933297 2.86942 1 0 0 0 0 0 0 0
433 1 0.1 5.40328 2.55255 0.475084 -0.0205597 -0.219482 0.0866329 1.75708 -1.61611 -2.7702 1 0 0 0 0 0 0 0
434 1 0.1 5.0101 2.51833 0.767689 -0.35248 -0.261648 -0.00612408 -2.6592 3.34411 0.960668 1 0 0 0 0 0 0 0
435 1 0.1 4.73356 2.77292 0.73906 -0.146123 0.0987414 -0.102431 -0.0623434 -0.154439 0.426552 1 0 0 0 0 0 0 0
436 1 0.1 4.60083 2.62535 0.766053 0.385984 -0.359409 -0.00889596 -3.90768 -3.97677 4.2461 1 0 0 0 0 0 0 0
437 1 0.1 4.76018 3.02657 0.469017 0.163526 0.0159262 -0.0759242 -1.21721 1.37555 0.034221 1 0 0 0 0 0 0 0
438 1 0.1 4.87198 3.24263 0.76266 0.00571997 -0.0421498 -0.0160931 0.761767 -2.03366 0.634297 1 0 0 0 0 0 0 0
439 1 0.1 4.86215 3.44179 0.765713 0.0497409 -0.0673557 0.00356391 -0.880947 -0.806186 1.07987 1 0 0 0 0 0 0 0
440 1 0.1 5.0255 3.25596 0.636271 0.0886047 0.125281 0.0879858 -0.488849 1.27519 0.0269689 1 0 0 0 0 0 0 0
441 1 0.1 5.11859 3.70996 0.689728 0.022872 -0.0229582 -0.174126 -1.20837 -1.88423 -3.69921 1 0 0 0 0 0 0 0
442 1 0.1 5.25977 3.79089 0.577191 0.125709 -0.0620422 -0.0311325 4.86561 2.20193 0.31457 1 0 0 0 0 0 0 0
443 1 0.1 5.32596 3.82529 0.762577 0.116777 -0.176376 -0.00264755 -1.76433 -1.18354 0.235618 1 0 0 0 0 0 0 0
444 1 0.1 5.45825 3.97658 0.762152 -0.826659 -0.036036 0.00364775 -0.123901 -0.000935067 -0.166371 1 0 0 0 0 0 0 0
445 1 0.1 5.61491 4.09947 0.67631 -0.192732 -0.233918 -0.173393 -0.308136 2.09986 -2.62294 1 0 0 0 0 0 0 0
446 1 0.1 5.80759 4.28919 0.761133 0.051632 0.0485687 -0.0160721 0.261182 0.107878 0.703477 1 0 0 0 0 0 0 0
447 1 0.1 5.9488 4.43071 0.762526 -0.0280681 0.127508 0.00113728 -0.0312356 -0.120818 0.416788 1 0 0 0 0 0 0 0
448 1 0.1 6.02151 4.73012 0.76266 -0.00631707 -0.0165563 -0.000305812 -0.267829 -0.121422 -0.0160613 1 0 0 0 0 0 0 0
449 1 0.1 6.26843 5.24541 0.749991 -0.00503349 -0.00588818 -0.000176062 0.0173072 -0.0150361 0.0893003 1 0 0 0 0 0 0 0
450 1 0.1 6.22626 1.03716 0.658022 0.00297004 -0.00376701 0.00106126 -0.0155904 -0.00501567 -0.0121983 1 0 0 0 0 0 0 0
451 1 0.1 6.09008 1.18111 0.631625 0.00312962 -0.00412478 0.00113058 -0.022273 0.0251616 -0.0396659 1 0 0 0 0 0 0 0
452 1 0.1 5.99879 1.55357 0.757321 0.0114381 -0.013695 -0.0127135 -0.0500678 0.183585 -0.0594238 1 0 0 0 0 0 0 0
453 1 0.1 5.84279 1.67857 0.762505 0.012565 -0.0129493 -0.000833291 -0.051177 0.0468265 0.0709524 1 0 0 0 0 0 0 0
454 1 0.1 5.62756 2.1347 0.762711 0.0248633 -0.0165446 0.000905855 -0.12413 -0.170733 0.0894479 1 0 0 0 0 0 0 0
455 1 0.1 5.56576 2.32485 0.762595 0.0199922 -0.0115138 -0.00203541 -0.12304 -0.196329 0.0739993 1 0 0 0 0 0 0 0
456 1 0.1 5.36816 2.36048 0.762545 0.0561179 -0.116676 -0.000715636 0.00167887 -0.0065388 -0.0210132 1 0 0 0 0 0 0 0
457 1 0.1 5.70775 2.31967 0.440007 -0.0170322 -0.0311694 -0.0194902 -0.919028 -1.41748 0.96329 1 0 0 0 0 0 0 0
458 1 0.1 5.2972 2.54728 0.763732 0.158986 -0.0794939 0.0247503 -0.64706 -1.46926 -0.336518 1 0 0 0 0 0 0 0
459 1 0.1 5.47427 2.63881 0.762523 0.0991515 0.0457787 -0.00313183 -0.340992 0.931157 0.597384 1 0 0 0 0 0 0 0
460 1 0.1 5.21033 2.63719 0.611538 0.280354 0.0525721 0.0922378 1.73161 0.919014 -1.03481 1 0 0 0 0 0 0 0
461 1 0.1 4.91922 2.84829 0.764784 0.0763528 0.0343478 0.0109567 0.317996 -0.873212 -0.621953 1 0 0 0 0 0 0 0
462 1 0.1 4.82018 3.01077 0.717673 0.0330117 -0.00390762 0.0168029 -0.175918 0.427308 0.784492 1 0 0 0 0 0 0 0
463 1 0.1 5.17737 3.13048 0.52419 0.0723291 0.0932143 -0.0103446 -0.571964 0.753206 -0.247862 1 0 0 0 0 0 0 0
464 1 0.1 4.98437 3.14596 0.476383 0.0542719 0.145199 0.074627 0.547168 -1.38637 -0.859899 1 0 0 0 0 0 0 0
465 1 0.1 5.09753 3.45264 0.586124 0.075357 0.0875202 -0.024963 -0.517044 0.433901 -0.122125 1 0 0 0 0 0 0 0
466 1 0.1 5.28484 3.62315 0.758131 -0.16099 -0.0643517 0.254206 -1.29006 -1.95341 2.14538 1 0 0 0 0 0 0 0
467 1 0.1 5.43271 3.66829 0.631323 -0.439714 0.106614 -0.0111662 -0.257991 0.557314 -2.19459 1 0 0 0 0 0 0 0
468 1 0.1 5.5295 3.78448 0.76225 -0.341751 0.00145849 -0.0112114 -0.0250716 0.744025 0.125482 1 0 0 0 0 0 0 0
469 1 0.1 5.71167 3.9432 0.763126 0.0526264 0.0446365 0.00828376 0.425784 -0.445614 -0.0216733 1 0 0 0 0 0 0 0
470 1 0.1 5.89664 3.86747 0.762148 0.0157836 -0.0487131 0.00955324 1.15799 -0.20045 -0.996341 1 0 0 0 0 0 0 0
471 1 0.1 5.84435 4.09269 0.762505 0.0648046 0.0485874 -0.00410591 -0.482658 0.643002 -0.0518131 1 0 0 0 0 0 0 0
472 1 0.1 5.99816 4.22043 0.762599 0.0645145 0.0611677 -0.000258637 0.634768 -0.678228 0.11373 1 0 0 0 0 0 0 0
473 1 0.1 5.99276 4.95605 0.747753 0.00580071 -0.0150403 -0.0174379 0.0266922 -0.232693 0.105533 1 0 0 0 0 0 0 0
474 1 0.1 6.17757 4.89976 0.696844 0.0120317 -0.00607509 -0.00505351 0.00416071 0.0877392 -0.0206986 1 0 0 0 0 0 0 0
475 1 0.1 6.21618 1.26427 0.762537 -0.0601539 0.0944529 -0.000136759 0.593447 0.378686 2.19577 1 0 0 0 0 0 0 0
476 1 0.1 6.06147 1.37863 0.627986 0.00633678 -0.00494154 -0.00176951 -0.0171572 -0.00979715 -0.00235331 1 0 0 0 0 0 0 0
477 1 0.1 6.03373 2.10268 0.76256 -0.031753 -0.0837247 -0.00236691 -0.837643 0.315377 0.350636 1 0 0 0 0 0 0 0
478 1 0.1 5.85233 2.22271 0.762852 0.0214459 -0.0241352 -0.0101102 -0.265724 -0.188821 -0.171418 1 0 0 0 0 0 0 0
479 1 0.1 5.8047 2.41664 0.762513 0.0396396 -0.0284881 -0.0028404 0.282964 0.380497 0.0131815 1 0 0 0 0 0 0 0
480 1 0.1 5.9198 3.17835 0.762545 0.0334407 0.0639032 0.00348954 0.200215 0.167451 0.016665 1 0 0 0 0 0 0 0
481 1 0.1 5.86231 2.84624 0.762572 0.0845668 0.045975 0.00197662 -0.165744 0.112631 0.376366 1 0 0 0 0 0 0 0
482 1 0.1 5.63164 2.51634 0.762703 0.0903531 0.0331849 -0.0113817 0.284348 -0.749161 -0.799212 1 0 0 0 0 0 0 0
483 1 0.1 5.70591 2.45729 0.586918 0.0858254 -0.0215692 0.0139365 -0.335299 0.340503 -0.530244 1 0 0 0 0 0 0 0
484 1 0.1 5.50233 2.83654 0.762961 0.0752861 0.0456583 -0.00182206 0.409321 -0.74532 -0.327016 1 0 0 0 0 0 0 0
485 1 0.1 5.35868 2.97659 0.763096 0.0300035 0.069239 0.000471616 0.550868 0.104593 -0.371838 1 0 0 0 0 0 0 0
486 1 0.1 5.13297 2.7464 0.764319 0.0590227 0.0260221 -0.0129099 0.301814 -0.688407 -0.384174 1 0 0 0 0 0 0 0
487 1 0.1 4.99752 3.08754 0.763387 0.0217968 0.00733739 0.0109207 0.502672 -0.0991675 -0.368137 1 0 0 0 0 0 0 0
488 1 0.1 5.17845 3.17255 0.760665 -0.0227446 0.102883 0.0464806 -0.147509 -0.196413 1.13522 1 0 0 0 0 0 0 0
489 1 0.1 5.2548 3.29452 0.616354 0.0680684 0.0436724 -0.0307014 0.18798 0.00602358 0.0911452 1 0 0 0 0 0 0 0
490 1 0.1 5.3877 3.29736 0.763605 0.0391804 0.0335136 -0.00243506 0.333394 -0.42485 0.38981 1 0 0 0 0 0 0 0
491 1 0.1 5.13113 3.36684 0.763113 0.166498 0.156966 -0.00264671 0.0417684 -0.0152971 0.0134156 1 0 0 0 0 0 0 0
492 1 0.1 5.43007 3.4893 0.728542 -0.0316563 0.0828972 0.149259 1.80539 2.9265 -0.1241 1 0 0 0 0 0 0 0
493 1 0.1 5.73147 3.11156 0.759055 0.0408131 0.0444803 0.00272545 -0.243079 -0.273992 0.208623 1 0 0 0 0 0 0 0
494 1 0.1 5.59842 3.59131 0.762564 0.0237591 0.0413218 0.00408371 0.0690429 -0.0590441 0.0241533 1 0 0 0 0 0 0 0
495 1 0.1 5.78098 3.67287 0.762503 -0.0233716 0.15334 -0.000447631 -0.0938774 0.0695961 1.01878 1 0 0 0 0 0 0 0
496 1 0.1 5.87058 3.49044 0.762557 -0.0677651 0.149208 -0.00132647 0.213393 0.374215 0.50612 1 0 0 0 0 0 0 0
497 1 0.1 5.96791 4.09836 0.60539 0.0800105 0.0745769 0.00821507 0.475769 -0.0574005 -0.621792 1 0 0 0 0 0 0 0
498 1 0.1 6.13888 4.56329 0.762757 8.05488e-05 -0.00378745 -0.000354725 -0.0339525 -0.00938783 -0.00823238 1 0 0 0 0 0 0 0
499 1 0.1 6.25371 4.72695 0.762505 0.00482506 -0.00736794 -3.57803e-05 -0.048818 -0.118715 -0.0520064 1 0 0 0 0 0 0 0
