500
0 1 0.1 6.05336 0.970075 0.150034 -0.113634 0.126578 -0.00641426 0.00704201 0.0140539 -0.0193086 1 0 0 0 0 0 0 0
1 1 0.1 5.91201 1.11136 0.149981 -0.114324 0.13186 -0.00317513 0.00756022 0.015966 -0.0123578 1 0 0 0 0 0 0 0
2 1 0.1 5.77073 1.25277 0.149144 -0.110561 0.137431 0.00170015 0.000640664 0.00679255 0.00556278 1 0 0 0 0 0 0 0
3 1 0.1 5.48886 1.53824 0.137444 -0.00472528 0.0168043 -0.00085081 -0.023368 -0.0220471 0.129799 1 0 0 0 0 0 0 0
4 1 0.1 5.4995 1.7874 0.296067 0.0270515 -0.013149 -0.00929569 0.0195258 0.0300185 0.0797152 1 0 0 0 0 0 0 0
5 1 0.1 5.21448 1.81123 0.137372 0.00429693 -0.00371431 -0.000835397 -0.00588904 0.0180063 0.0431678 1 0 0 0 0 0 0 0
6 1 0.1 5.07273 1.95222 0.139236 0.00482838 -0.00241427 -0.00119098 -0.0257838 -0.0121607 0.0507207 1 0 0 0 0 0 0 0
7 1 0.1 4.87421 2.14191 0.144264 0.0116702 -0.0323834 0.0134816 0.119344 -0.0852389 -0.236846 1 0 0 0 0 0 0 0
8 1 0.1 4.6809 2.55488 0.132609 -0.0767286 -0.101793 -0.197835 0.357991 0.336558 0.389969 1 0 0 0 0 0 0 0
9 1 0.1 4.8231 2.47504 0.340159 -0.0200538 -0.401574 -0.431818 -6.40628 1.03294 0.51254 1 0 0 0 0 0 0 0
10 1 0.1 4.32578 2.69749 0.138037 0.0205481 -0.0196407 0.0305788 0.133594 -0.166287 -0.189794 1 0 0 0 0 0 0 0
11 1 0.1 4.19415 2.83141 0.266853 0.028044 -0.000921113 0.00429248 -0.17306 -0.254343 0.372713 1 0 0 0 0 0 0 0
12 1 0.1 4.18882 2.99949 0.158692 0.00982648 0.00158609 0.00859506 -0.100468 -0.105173 0.0316042 1 0 0 0 0 0 0 0
13 1 0.1 4.2837 3.17357 0.137475 0.0041915 0.000429005 0.00179366 -0.00308657 0.0259201 0.0271801 1 0 0 0 0 0 0 0
14 1 0.1 4.37422 3.3513 0.137403 0.00057642 -0.000969213 -0.00226968 -0.0257809 0.0499134 -0.00945077 1 0 0 0 0 0 0 0
15 1 0.1 4.51447 3.48802 0.175059 -0.00224763 0.0137794 -0.0588714 -0.315266 0.387624 0.16404 1 0 0 0 0 0 0 0
16 1 0.1 4.70221 3.44261 0.225074 0.00247557 0.0660426 -0.0301582 -0.530283 -0.4932 0.152554 1 0 0 0 0 0 0 0
17 1 0.1 4.65195 3.63052 0.147215 0.020675 -0.0177803 -0.100934 0.0887504 0.146046 -0.136265 1 0 0 0 0 0 0 0
18 1 0.1 4.79433 3.77023 0.160924 0.0211925 -0.0275552 -0.0137715 0.0778068 -0.0213379 -0.0319535 1 0 0 0 0 0 0 0
19 1 0.1 5.16874 4.1434 0.194756 0.00903379 0.00685272 0.00307876 0.0572786 -0.153392 0.106364 1 0 0 0 0 0 0 0
20 1 0.1 5.30086 4.28234 0.13807 0.00544049 0.0103038 0.00244968 -0.084445 0.0205857 0.102144 1 0 0 0 0 0 0 0
21 1 0.1 5.44156 4.42698 0.150709 0.0061383 0.00447781 0.00704952 -0.110869 -0.0510759 -0.0561944 1 0 0 0 0 0 0 0
22 1 0.1 5.58354 4.56692 0.145086 0.00372729 0.00256984 0.000810287 -0.00882001 0.00360171 0.0407639 1 0 0 0 0 0 0 0
23 1 0.1 5.72674 4.70588 0.142773 0.00379452 0.000631664 -0.000121112 0.002156 0.0033388 -0.0524487 1 0 0 0 0 0 0 0
24 1 0.1 6.00663 4.99035 0.149555 0.00315344 -0.00137823 0.000263544 -0.0245295 -0.0116857 -0.00858711 1 0 0 0 0 0 0 0
25 1 0.1 6.19471 0.828732 0.149979 -0.109079 0.122317 -0.00458979 -0.0303702 -0.0232824 0.0342662 1 0 0 0 0 0 0 0
26 1 0.1 5.95785 1.31817 0.173958 -0.0501262 0.0364763 -0.0421944 0.53705 0.413429 -0.327505 1 0 0 0 0 0 0 0
27 1 0.1 5.90506 1.50724 0.137296 -0.0112585 0.0516902 0.000377458 -0.214446 -0.0103638 -0.0944105 1 0 0 0 0 0 0 0
28 1 0.1 5.62818 1.39535 0.150011 -0.0127331 0.0149626 0.00161596 0.0100471 -0.00907292 0.0868494 1 0 0 0 0 0 0 0
29 1 0.1 5.66286 1.83128 0.1901 -0.0346425 0.0463387 -0.105449 -1.16081 0.372733 -0.0371021 1 0 0 0 0 0 0 0
30 1 0.1 5.40675 1.86465 0.137386 0.0074107 -0.00825451 -0.00376093 0.0115064 0.0981088 -0.026843 1 0 0 0 0 0 0 0
31 1 0.1 5.2654 2.00575 0.136291 0.0104764 -0.00484791 0.000507062 -0.110905 -0.0840405 -0.0355729 1 0 0 0 0 0 0 0
32 1 0.1 5.06873 2.18319 0.139466 0.0165264 -0.0262037 0.0241075 0.0725807 0.0614946 0.315893 1 0 0 0 0 0 0 0
33 1 0.1 4.65894 2.35798 0.147603 0.0220307 -0.061028 -0.0464726 -0.431333 0.118597 -0.637588 1 0 0 0 0 0 0 0
34 1 0.1 4.87942 2.53806 0.137255 0.089481 0.00607874 0.0131904 -0.231861 -0.411892 -0.639075 1 0 0 0 0 0 0 0
35 1 0.1 4.52558 2.69535 0.140387 0.0179136 -0.0238813 -0.0504414 -0.468846 1.07225 0.195398 1 0 0 0 0 0 0 0
36 1 0.1 4.78771 2.67437 0.250191 -0.372041 0.363777 -0.842002 -0.398066 0.423249 0.108366 1 0 0 0 0 0 0 0
37 1 0.1 4.35652 2.89467 0.136701 0.0446488 0.00993096 0.0107907 -0.404635 0.427382 0.194439 1 0 0 0 0 0 0 0
38 1 0.1 4.48625 3.11166 0.136508 0.0218404 0.0108352 0.00118559 -0.144298 0.227671 0.0539252 1 0 0 0 0 0 0 0
39 1 0.1 4.56804 3.29261 0.136779 0.00714945 0.015241 -0.00103533 -0.19746 -0.0932232 0.259138 1 0 0 0 0 0 0 0
40 1 0.1 4.75365 3.27821 0.326269 0.0939638 0.113279 -0.0142043 -0.248752 1.71922 0.00318912 1 0 0 0 0 0 0 0
41 1 0.1 4.96613 3.64118 0.13745 -0.019718 0.133006 -0.00146154 -0.00999702 0.152977 0.451655 1 0 0 0 0 0 0 0
42 1 0.1 5.10762 3.82235 0.137254 0.013064 -0.00113776 0.00324071 0.0567055 0.0566738 -0.128565 1 0 0 0 0 0 0 0
43 1 0.1 5.01454 3.99888 0.150051 -0.00688573 -0.0115301 -0.00343713 -0.00339059 0.0441422 -0.136508 1 0 0 0 0 0 0 0
44 1 0.1 5.42308 4.05021 0.161183 0.00731272 0.0174789 -0.0024112 0.185855 0.00707392 0.0230961 1 0 0 0 0 0 0 0
45 1 0.1 5.56744 4.18481 0.137292 0.0129369 0.00834127 -0.00226397 -0.0614691 0.143536 -0.183106 1 0 0 0 0 0 0 0
46 1 0.1 5.6325 4.37196 0.148264 0.00446461 0.00575721 -0.00592765 0.24606 0.236088 0.106769 1 0 0 0 0 0 0 0
47 1 0.1 5.77661 4.50912 0.137025 0.000261815 0.00427632 -0.00321694 0.00563737 -0.0458005 -0.10341 1 0 0 0 0 0 0 0
48 1 0.1 5.86459 4.85009 0.150029 0.00113357 0.0013427 0.000176406 0.000778221 -0.00461036 0.0810057 1 0 0 0 0 0 0 0
49 1 0.1 6.14711 5.13233 0.150109 0.000392178 0.000798934 0.000360334 0.0212214 -0.00828394 0.0320159 1 0 0 0 0 0 0 0
50 1 0.1 6.33682 0.686447 0.150014 -0.000239794 0.0120499 0.000523431 0.00650059 -0.000629236 0.0951427 1 0 0 0 0 0 0 0
51 1 0.1 6.09883 1.18131 0.137453 -0.0643206 0.0148162 -0.00111099 -0.458276 -0.489374 -0.330361 1 0 0 0 0 0 0 0
52 1 0.1 6.08825 1.74697 0.149259 -0.0465548 0.0110942 -0.0825912 -0.726213 2.19989 -0.905208 1 0 0 0 0 0 0 0
53 1 0.1 5.7936 1.68995 0.137175 -0.000259782 0.0416344 0.00411734 -0.400281 -0.072078 -0.0631764 1 0 0 0 0 0 0 0
54 1 0.1 5.79058 1.97642 0.141179 -0.0118437 0.0253928 -0.179648 0.903928 0.351817 -0.274492 1 0 0 0 0 0 0 0
55 1 0.1 5.55168 1.99765 0.172706 -0.00668765 0.00212189 -0.00631832 -0.0791371 -0.0463012 0.258121 1 0 0 0 0 0 0 0
56 1 0.1 5.49114 2.18492 0.137804 -0.03024 -0.00680847 0.0128433 0.26015 0.469834 -0.351417 1 0 0 0 0 0 0 0
57 1 0.1 5.26655 2.20497 0.137107 0.0208751 0.00227588 0.00738606 -0.12813 0.0824914 -0.121177 1 0 0 0 0 0 0 0
58 1 0.1 5.13827 2.28845 0.294282 0.0740445 -0.0459309 0.0156047 0.0405291 0.138566 -0.201172 1 0 0 0 0 0 0 0
59 1 0.1 4.8577 2.34012 0.137633 0.0292901 -0.0264016 0.020475 0.0257622 -0.348824 0.0203212 1 0 0 0 0 0 0 0
60 1 0.1 4.97519 2.73254 0.220944 -0.171352 -0.298368 0.117549 -0.832828 -3.12064 -1.33177 1 0 0 0 0 0 0 0
61 1 0.1 4.6973 2.8115 0.137382 -0.121661 0.0517357 -0.210866 1.59776 0.993545 -0.868385 1 0 0 0 0 0 0 0
62 1 0.1 4.90646 3.08537 0.135487 0.0279482 -0.0654381 -0.00273455 -1.24167 -0.135423 0.228996 1 0 0 0 0 0 0 0
63 1 0.1 4.66867 3.01218 0.132428 0.00769228 -0.0277761 -0.00827139 0.279809 0.143538 -0.757594 1 0 0 0 0 0 0 0
64 1 0.1 4.74839 3.2073 0.137429 0.0233449 -0.000531777 0.00304147 -0.0158372 0.189014 -0.349148 1 0 0 0 0 0 0 0
65 1 0.1 4.86028 3.57923 0.295279 0.0204589 0.0359166 -0.0170689 0.0904406 -0.301965 -0.0501882 1 0 0 0 0 0 0 0
66 1 0.1 5.22551 3.66172 0.137218 0.00827166 -0.00209417 0.00060041 0.0022894 -0.0699971 0.103408 1 0 0 0 0 0 0 0
67 1 0.1 5.36907 3.7985 0.137348 0.00234788 0.00415949 -0.00226039 -0.0885354 0.110456 -0.108621 1 0 0 0 0 0 0 0
68 1 0.1 5.24375 3.9682 0.13689 0.00962766 0.00788949 -0.000915097 -0.0126721 -0.0848558 0.0231111 1 0 0 0 0 0 0 0
69 1 0.1 5.59399 4.03524 0.336915 0.0225802 -0.0105548 0.00499239 0.0834393 0.0923369 -0.110518 1 0 0 0 0 0 0 0
70 1 0.1 5.72562 4.18522 0.26937 0.0280151 0.0082919 0.0108879 0.0254319 0.0340168 0.21518 1 0 0 0 0 0 0 0
71 1 0.1 5.81762 4.29823 0.136368 0.0085229 0.00114851 0.00118893 -0.0229532 -0.0891811 -0.274859 1 0 0 0 0 0 0 0
72 1 0.1 5.97647 4.41907 0.137448 0.0124678 -0.00619401 -0.000295994 0.040274 0.145254 0.197927 1 0 0 0 0 0 0 0
73 1 0.1 6.15309 4.85519 0.137246 0.00119638 -0.00293493 -0.000309729 0.0247401 0.0129379 -0.0164296 1 0 0 0 0 0 0 0
74 1 0.1 6.39301 5.36953 0.15001 -0.00028405 -0.000230405 2.01035e-06 -0.00126083 -0.00085882 -0.00396074 1 0 0 0 0 0 0 0
75 1 0.1 6.38816 0.87909 0.137513 -0.0258023 0.0432402 -0.000689501 0.00124759 0.0439508 0.206311 1 0 0 0 0 0 0 0
76 1 0.1 6.25141 1.02474 0.137286 -0.046873 0.0355938 -0.000891243 -0.0169731 -0.0243753 0.0147116 1 0 0 0 0 0 0 0
77 1 0.1 6.10763 1.54832 0.13735 0.00445918 0.00555785 -0.000226375 -0.0278783 0.00838246 -0.00461302 1 0 0 0 0 0 0 0
78 1 0.1 5.96108 1.89189 0.201958 -0.00930621 0.0613584 -0.104685 -0.256949 -1.61019 0.821951 1 0 0 0 0 0 0 0
79 1 0.1 5.72076 2.19946 0.327692 0.0316804 0.0155896 0.0249659 -0.180973 -0.400319 0.0706897 1 0 0 0 0 0 0 0
80 1 0.1 5.68857 2.14762 0.137369 0.0305861 0.0783258 0.00432532 0.833926 0.388608 -0.293757 1 0 0 0 0 0 0 0
81 1 0.1 5.66495 2.34424 0.160947 0.0666941 0.0899298 0.0391275 -0.78074 -0.114394 1.40483 1 0 0 0 0 0 0 0
82 1 0.1 5.62489 2.76562 0.137395 0.0295707 0.0204309 -0.0056107 -0.0881164 0.135935 -0.0902119 1 0 0 0 0 0 0 0
83 1 0.1 5.47102 2.3837 0.137707 0.0335664 -0.016482 0.0139473 -0.348598 0.0885821 -0.369574 1 0 0 0 0 0 0 0
84 1 0.1 5.06415 2.38333 0.136765 0.0841166 -0.0883869 -0.0222825 -0.0165848 0.0931618 -0.168144 1 0 0 0 0 0 0 0
85 1 0.1 5.07375 2.58228 0.137169 0.255108 -0.16919 0.104589 1.45697 -0.471696 -0.828907 1 0 0 0 0 0 0 0
86 1 0.1 5.29522 2.8761 0.285113 0.103212 0.0164429 -0.0163978 -0.010498 0.341466 0.12671 1 0 0 0 0 0 0 0
87 1 0.1 4.99182 2.90954 0.137495 0.0579786 -0.177728 0.0746696 0.922909 -0.661338 -0.101385 1 0 0 0 0 0 0 0
88 1 0.1 4.96258 3.277 0.137393 -0.00438989 -0.0111945 0.00654742 0.0948272 0.0233032 -0.0530391 1 0 0 0 0 0 0 0
89 1 0.1 4.88064 3.45907 0.137207 0.0182412 0.0203316 -0.00191944 -0.235811 0.13183 -0.236619 1 0 0 0 0 0 0 0
90 1 0.1 5.12722 3.48854 0.136818 0.00407419 -0.00292621 0.00317635 -0.0352069 0.0426345 -0.129102 1 0 0 0 0 0 0 0
91 1 0.1 5.38178 3.53754 0.13881 0.0482101 0.0497298 -0.0352339 0.317804 0.326278 0.622187 1 0 0 0 0 0 0 0
92 1 0.1 5.54661 3.70688 0.137433 0.00149178 0.000494516 -0.000160772 -0.0585672 -0.0465489 0.0760676 1 0 0 0 0 0 0 0
93 1 0.1 5.77391 3.84813 0.137392 0.0456042 0.0254182 0.00087201 -0.165001 0.495755 0.215922 1 0 0 0 0 0 0 0
94 1 0.1 5.69146 4.02942 0.137277 0.0106871 0.0103525 -0.00103853 -0.117517 0.108444 0.158581 1 0 0 0 0 0 0 0
95 1 0.1 5.89279 4.00842 0.137294 0.0256247 0.0404646 -0.000542759 0.443985 -0.287941 0.0807086 1 0 0 0 0 0 0 0
96 1 0.1 6.03224 4.15149 0.137358 0.0413763 0.0261965 0.000147107 -0.2674 0.419158 -0.312841 1 0 0 0 0 0 0 0
97 1 0.1 6.06893 4.57232 0.225935 0.00207505 -0.000502441 0.000134137 0.0454915 -0.0151965 0.0105278 1 0 0 0 0 0 0 0
98 1 0.1 6.29388 4.99689 0.139704 -0.000933556 -0.00106889 0.000665641 -0.00487906 0.00200608 0.0415044 1 0 0 0 0 0 0 0
99 1 0.1 6.39357 5.17007 0.137498 -0.00270557 -0.000140081 -2.44665e-05 0.000299737 0.00271517 -0.02008 1 0 0 0 0 0 0 0
100 1 0.1 6.36002 0.654671 0.349993 -0.00122825 0.000903633 7.38495e-05 0.00285497 -0.00209677 0.0137102 1 0 0 0 0 0 0 0
101 1 0.1 6.28995 1.23997 0.137892 -0.046919 -0.0319825 -0.00234176 -0.162612 0.312988 -0.174287 1 0 0 0 0 0 0 0
102 1 0.1 6.14952 1.36516 0.205555 -0.0380429 -0.0141833 -0.0117889 0.265026 -0.541324 -0.10583 1 0 0 0 0 0 0 0
103 1 0.1 5.87474 2.28846 0.236755 -0.12267 0.0872002 -0.118697 1.08292 -1.01654 -0.515093 1 0 0 0 0 0 0 0
104 1 0.1 5.80327 2.92158 0.347913 0.00373401 0.000701294 0.0214075 0.223638 -0.0209847 -0.138492 1 0 0 0 0 0 0 0
105 1 0.1 5.82929 2.4552 0.137217 0.0152862 0.139633 -0.0213067 -0.117653 0.214754 -0.620389 1 0 0 0 0 0 0 0
106 1 0.1 5.66195 2.56916 0.13732 0.0149391 0.0136436 -0.00015357 -0.130134 0.132657 -0.0373877 1 0 0 0 0 0 0 0
107 1 0.1 5.65668 3.05366 0.380243 0.0113034 0.0179868 0.0212302 -0.138551 -0.265054 0.0438102 1 0 0 0 0 0 0 0
108 1 0.1 5.42561 2.77931 0.137365 0.0628824 0.0171451 -0.00432146 0.140586 -0.109999 0.152573 1 0 0 0 0 0 0 0
109 1 0.1 5.45587 2.58213 0.148214 0.113056 -0.011637 -0.0667534 -0.397667 -0.64846 -0.231635 1 0 0 0 0 0 0 0
110 1 0.1 5.27044 2.65382 0.136026 0.150839 0.00954247 -0.0128387 -0.29982 1.4303 -0.28257 1 0 0 0 0 0 0 0
111 1 0.1 5.17244 2.82636 0.136915 0.0738764 -0.0570659 0.0242054 0.267687 1.16644 0.624131 1 0 0 0 0 0 0 0
112 1 0.1 5.37854 2.97334 0.13605 0.0304283 0.0127877 -0.0175231 -0.100984 0.232569 0.135419 1 0 0 0 0 0 0 0
113 1 0.1 5.16394 3.12218 0.137249 -0.0837849 -0.0155743 -0.00232009 0.159234 -0.819137 0.0812454 1 0 0 0 0 0 0 0
114 1 0.1 5.30432 3.19974 0.270039 -0.0178391 0.058665 -0.0135315 0.659397 -0.794639 -1.66372 1 0 0 0 0 0 0 0
115 1 0.1 5.34724 3.34092 0.136926 0.0965065 0.0415188 -0.00141399 -0.427437 0.950614 -0.106432 1 0 0 0 0 0 0 0
116 1 0.1 5.47171 3.14898 0.136932 0.00971573 0.0237281 0.00563802 -0.15291 0.0483701 0.0259547 1 0 0 0 0 0 0 0
117 1 0.1 5.53593 3.30508 0.242437 -0.016137 0.0384821 -0.000471626 0.0810678 -0.0174463 0.339542 1 0 0 0 0 0 0 0
118 1 0.1 5.77584 3.64783 0.137183 0.00533815 0.0155642 -0.00137803 -0.143771 0.047754 0.0329302 1 0 0 0 0 0 0 0
119 1 0.1 5.93459 3.7982 0.245351 0.0333641 0.00432634 0.00927371 0.0848249 -0.577982 -0.469838 1 0 0 0 0 0 0 0
120 1 0.1 5.59725 3.46909 0.136879 0.00300748 0.00985376 0.000130962 -0.0977805 0.0356454 -0.0963405 1 0 0 0 0 0 0 0
121 1 0.1 5.72381 3.31443 0.137452 0.0121611 0.0144749 -0.000308472 -0.142326 0.119738 -0.0016938 1 0 0 0 0 0 0 0
122 1 0.1 6.05084 4.28758 0.282147 0.0711083 0.0377607 -0.0143981 0.116628 0.0489565 0.374514 1 0 0 0 0 0 0 0
123 1 0.1 6.22099 4.66719 0.137481 0.00271131 -0.00204529 -3.84153e-05 -0.0296432 0.0296192 -0.0370639 1 0 0 0 0 0 0 0
124 1 0.1 6.30366 4.82976 0.266311 -0.00177534 0.00946183 0.00578036 -0.0643821 0.0414898 0.109963 1 0 0 0 0 0 0 0
125 1 0.1 5.93763 1.07964 0.35658 -0.00147474 0.00301254 0.00624031 0.0317537 -0.0118835 -0.0171507 1 0 0 0 0 0 0 0
126 1 0.1 5.79549 1.21955 0.349331 -0.000426223 0.00300835 0.00178438 -0.00409868 -0.0542825 0.0133363 1 0 0 0 0 0 0 0
127 1 0.1 5.65735 1.36293 0.35555 0.00415519 0.00575451 -0.00794621 -0.0318741 -0.0646794 -0.0509676 1 0 0 0 0 0 0 0
128 1 0.1 5.51805 1.50327 0.332044 0.00603702 0.0024147 -0.013678 -0.0110942 0.0361456 0.0333855 1 0 0 0 0 0 0 0
129 1 0.1 5.37518 1.6409 0.350324 0.00981513 -0.00461423 -0.00497355 0.0406373 0.0721605 -0.0305303 1 0 0 0 0 0 0 0
130 1 0.1 5.15782 1.86454 0.329744 0.00275724 -0.00825899 0.00564798 0.0191431 -0.0530433 -0.0739462 1 0 0 0 0 0 0 0
131 1 0.1 5.01702 2.0063 0.322859 0.00383215 -0.000813156 0.000480703 0.0182855 -0.0590571 -0.0274189 1 0 0 0 0 0 0 0
132 1 0.1 4.87728 2.14229 0.366241 0.0060901 -0.00227923 -0.00540069 0.032408 0.100097 -0.112425 1 0 0 0 0 0 0 0
133 1 0.1 4.7319 2.29317 0.322481 -0.18965 0.249742 0.193757 0.614935 -1.92821 3.08606 1 0 0 0 0 0 0 0
134 1 0.1 4.59923 2.42159 0.463215 -0.10071 0.101419 0.0681898 0.431899 -0.66352 1.39384 1 0 0 0 0 0 0 0
135 1 0.1 4.44858 2.56746 0.338936 0.0775585 -0.014824 -0.0124488 -0.128537 0.492677 -0.360644 1 0 0 0 0 0 0 0
136 1 0.1 4.36628 2.75175 0.325415 0.049186 -0.0480079 0.0778427 -0.320125 0.308509 -0.669846 1 0 0 0 0 0 0 0
137 1 0.1 4.20431 2.99315 0.377278 0.0345631 -0.020983 0.0279768 0.465662 -0.216498 0.283039 1 0 0 0 0 0 0 0
138 1 0.1 4.2153 3.19056 0.356736 -0.0056336 -0.0168397 0.0500328 -0.563018 -0.170015 -0.0201796 1 0 0 0 0 0 0 0
139 1 0.1 4.35862 3.32871 0.373896 -0.00288522 -0.0162048 0.019743 -0.289774 -0.132015 -0.283878 1 0 0 0 0 0 0 0
140 1 0.1 4.59762 3.57827 0.332359 0.0383807 0.00909435 -0.0846019 0.659855 0.512257 0.38973 1 0 0 0 0 0 0 0
141 1 0.1 4.73673 3.7161 0.371367 0.00662403 0.0139888 -0.0199226 0.380979 -0.258012 0.0526605 1 0 0 0 0 0 0 0
142 1 0.1 4.88267 3.86568 0.34922 0.000652363 -2.31593e-05 -0.00487216 0.047064 0.0188315 0.0125366 1 0 0 0 0 0 0 0
143 1 0.1 5.02553 4.00506 0.358311 -0.000296989 0.000233885 -0.00465925 -0.0225565 0.0440822 0.247068 1 0 0 0 0 0 0 0
144 1 0.1 5.3323 4.14925 0.308408 0.00382563 -0.00499998 0.00571226 0.0309319 -0.00803606 0.0941629 1 0 0 0 0 0 0 0
145 1 0.1 5.3677 4.34513 0.332981 0.000134065 0.000374957 0.00293213 -0.0450398 -0.00558117 0.000460331 1 0 0 0 0 0 0 0
146 1 0.1 5.50673 4.48674 0.356784 -0.000161044 -0.000226167 -0.000243655 -0.00211563 -0.000421072 -0.0145525 1 0 0 0 0 0 0 0
147 1 0.1 5.64704 4.62904 0.349983 -0.000152162 -0.000251737 -0.000107749 -0.00462706 0.00336896 -0.00754046 1 0 0 0 0 0 0 0
148 1 0.1 5.79334 4.77083 0.369206 -0.000317907 -0.000785231 0.00011493 0.000474155 0.0240859 -0.0117358 1 0 0 0 0 0 0 0
149 1 0.1 5.93272 4.91465 0.353996 0.000591931 0.000482645 0.000345089 -0.00165728 -0.00502857 0.00802368 1 0 0 0 0 0 0 0
150 1 0.1 6.07766 0.937458 0.350608 -0.00292561 0.00210201 0.00396434 0.0262948 -0.0121111 0.00101102 1 0 0 0 0 0 0 0
151 1 0.1 5.81859 1.58012 0.301813 0.00536445 0.0455935 0.0113512 0.358639 0.140476 -0.0247331 1 0 0 0 0 0 0 0
152 1 0.1 5.62817 1.64036 0.237382 -0.0136538 0.0549555 0.0121358 -0.0265456 -0.0795959 0.216893 1 0 0 0 0 0 0 0
153 1 0.1 6.08241 2.21103 0.507761 -0.842784 0.240018 0.474759 -2.17319 -5.28333 -1.04136 1 0 0 0 0 0 0 0
154 1 0.1 5.66681 1.82989 0.395814 0.0182655 0.0173279 -0.00909221 0.536314 0.139037 0.604356 1 0 0 0 0 0 0 0
155 1 0.1 5.34854 1.82328 0.421548 0.0176709 -0.0181719 -0.00756697 -0.0236737 -0.0557032 0.0471536 1 0 0 0 0 0 0 0
156 1 0.1 5.192 2.10129 0.325376 0.0259615 -0.0346776 -0.00141337 -0.109111 0.217221 -0.245223 1 0 0 0 0 0 0 0
157 1 0.1 5.05072 2.19123 0.452829 0.0643345 -0.143825 -0.0412861 0.592247 0.279056 -1.04811 1 0 0 0 0 0 0 0
158 1 0.1 4.90145 2.32424 0.444947 0.0966292 -0.0282864 0.0456475 0.4823 -0.070294 -0.789415 1 0 0 0 0 0 0 0
159 1 0.1 4.90017 2.78215 0.435903 0.489712 0.189675 -0.715869 9.92104 -2.85541 1.12265 1 0 0 0 0 0 0 0
160 1 0.1 4.64208 2.55351 0.319282 0.174475 -0.133745 -0.109141 0.456932 3.19335 -2.44635 1 0 0 0 0 0 0 0
161 1 0.1 4.5637 2.73553 0.332571 0.193202 -0.0497429 0.0131402 -0.424168 1.33251 1.12396 1 0 0 0 0 0 0 0
162 1 0.1 4.38674 2.99442 0.307441 0.0155573 -0.0306675 0.0414719 -0.19395 0.425104 -0.311343 1 0 0 0 0 0 0 0
163 1 0.1 4.48938 3.15883 0.328006 0.078413 -0.043615 0.0145212 0.222735 0.507389 -0.0340151 1 0 0 0 0 0 0 0
164 1 0.1 4.55165 3.34865 0.327577 0.000262785 -0.00642806 0.000857237 0.356831 0.29413 0.398703 1 0 0 0 0 0 0 0
165 1 0.1 4.82952 3.56325 0.492149 0.00583973 0.0656465 -0.0229891 0.649208 -0.668455 1.11587 1 0 0 0 0 0 0 0
166 1 0.1 5.02094 3.58894 0.413657 -0.01183 0.00484572 0.0139666 0.105893 -0.10337 -0.203511 1 0 0 0 0 0 0 0
167 1 0.1 5.04655 3.75938 0.316537 0.0100138 0.00655611 0.0107891 -0.166983 -0.138524 0.0927063 1 0 0 0 0 0 0 0
168 1 0.1 5.21342 4.03369 0.420087 -0.00145115 -0.00377551 -0.00148262 0.0731135 -0.0751198 -0.266981 1 0 0 0 0 0 0 0
169 1 0.1 5.42121 4.02541 0.437109 0.0157783 -0.00217097 -0.00128634 0.0353853 0.0747233 0.0196111 1 0 0 0 0 0 0 0
170 1 0.1 5.49299 4.2101 0.410573 0.00780717 0.000805014 -0.00696932 0.0422705 0.152487 0.0491193 1 0 0 0 0 0 0 0
171 1 0.1 5.6513 4.34911 0.355856 -0.000723863 -0.00118931 0.00563824 0.00370224 -0.0868973 0.00196827 1 0 0 0 0 0 0 0
172 1 0.1 5.82854 4.43115 0.31361 -0.00447463 0.000760263 -0.00291488 -0.094698 0.162293 0.0706482 1 0 0 0 0 0 0 0
173 1 0.1 5.87911 4.62545 0.262417 0.000730588 -0.000898736 0.000995516 0.0114187 -0.0565808 0.00252438 1 0 0 0 0 0 0 0
174 1 0.1 6.146 5.12705 0.358229 -0.00198555 -0.00174138 -0.00309834 0.0186473 0.0266028 -0.0222301 1 0 0 0 0 0 0 0
175 1 0.1 6.21869 0.796034 0.349958 -0.00247343 0.00111151 0.00114358 0.0150041 0.00347233 -0.0142824 1 0 0 0 0 0 0 0
176 1 0.1 5.89935 1.39017 0.350838 0.00372968 0.00541779 -0.00088565 -0.0153699 0.0139397 -0.0410145 1 0 0 0 0 0 0 0
177 1 0.1 5.84205 1.77806 0.315229 -0.0181123 0.0621574 -0.116445 -0.322741 0.983975 -0.179624 1 0 0 0 0 0 0 0
178 1 0.1 5.90137 2.23058 0.425817 -0.597361 0.143631 -0.0704671 -1.1411 -0.408594 0.646539 1 0 0 0 0 0 0 0
179 1 0.1 5.7331 2.0178 0.409596 -0.0180737 0.0238056 0.0505483 -0.0416774 -0.481897 -0.242912 1 0 0 0 0 0 0 0
180 1 0.1 5.5156 2.08367 0.429203 -0.00734472 -0.00526903 0.00303984 0.171269 0.0334759 0.273223 1 0 0 0 0 0 0 0
181 1 0.1 5.39437 2.07189 0.271345 -0.00623878 -0.0145265 0.00622299 0.205975 -0.00721188 0.284983 1 0 0 0 0 0 0 0
182 1 0.1 5.23877 2.37288 0.453458 -0.0323336 0.0162284 -0.0176543 0.767729 0.455255 -0.379318 1 0 0 0 0 0 0 0
183 1 0.1 5.01793 2.44317 0.321724 -0.0595881 -0.116791 -0.142768 -1.49864 -2.27246 2.40377 1 0 0 0 0 0 0 0
184 1 0.1 5.0688 2.5954 0.438755 -0.678126 0.267579 -0.235638 -2.11703 -3.38146 1.9034 1 0 0 0 0 0 0 0
185 1 0.1 4.93604 2.85121 0.620848 0.0226718 0.0913419 -0.353636 -2.38985 1.33891 -0.170421 1 0 0 0 0 0 0 0
186 1 0.1 4.77119 2.63659 0.443271 0.489541 0.267231 -1.21172 0.222846 5.10105 -2.04073 1 0 0 0 0 0 0 0
187 1 0.1 4.53657 2.89533 0.221622 0.0156283 -0.0263432 0.0109459 0.266266 -0.146554 0.108283 1 0 0 0 0 0 0 0
188 1 0.1 4.68826 3.04936 0.319077 0.0216803 0.0487191 -0.036626 -1.3129 -0.466331 -1.66837 1 0 0 0 0 0 0 0
189 1 0.1 4.97072 3.2645 0.375032 0.0144454 -0.0222337 0.0169495 0.10153 -0.0268388 0.117833 1 0 0 0 0 0 0 0
190 1 0.1 5.00967 3.43684 0.288251 -0.00135711 -0.00401731 0.0105863 -0.126819 -0.127871 0.218061 1 0 0 0 0 0 0 0
191 1 0.1 5.19935 3.59645 0.324332 -0.0257336 0.0177838 -0.0020092 0.348896 0.322909 0.098406 1 0 0 0 0 0 0 0
192 1 0.1 5.21307 3.86801 0.306074 0.00836914 0.00563708 -0.00543098 0.0633206 0.0952856 -0.0645904 1 0 0 0 0 0 0 0
193 1 0.1 5.46485 3.89623 0.280722 0.0145354 0.00821584 -0.0159653 0.00121442 -0.0914739 -0.0404539 1 0 0 0 0 0 0 0
194 1 0.1 5.66575 3.89971 0.464065 0.0263351 -0.0113146 0.00119594 -0.130939 0.088498 0.00404957 1 0 0 0 0 0 0 0
195 1 0.1 5.73666 4.11085 0.451735 0.0191596 0.00111972 0.00132211 0.0103516 -0.09111 0.168455 1 0 0 0 0 0 0 0
196 1 0.1 5.87942 4.24009 0.383732 0.0425885 0.00017777 -0.00342627 0.027868 0.165651 -0.294672 1 0 0 0 0 0 0 0
197 1 0.1 5.78149 3.973 0.306558 0.0282387 0.00905869 -0.00915526 0.236794 -0.0680086 0.150596 1 0 0 0 0 0 0 0
198 1 0.1 6.02294 4.76408 0.258449 0.000819528 -0.000809203 0.00187157 -0.0292273 0.0183683 0.000741729 1 0 0 0 0 0 0 0
199 1 0.1 6.28671 5.26854 0.345455 -0.00159441 -0.00173789 0.00190679 0.0020321 -0.0242616 -0.0201808 1 0 0 0 0 0 0 0
200 1 0.1 6.25368 1.03137 0.336748 -0.016774 0.022417 -0.00372215 0.164148 0.314091 -0.0957058 1 0 0 0 0 0 0 0
201 1 0.1 6.04737 1.24679 0.337888 -0.10943 0.0459992 -0.00853247 0.497582 -0.629992 2.50865 1 0 0 0 0 0 0 0
202 1 0.1 6.01348 1.77892 0.41791 -0.0495941 0.0823774 -0.0748187 1.24044 -1.51008 0.943901 1 0 0 0 0 0 0 0
203 1 0.1 5.89873 2.43058 0.475076 -0.000499175 -0.051515 0.0730506 0.109183 -1.13814 -1.04579 1 0 0 0 0 0 0 0
204 1 0.1 5.85807 2.55898 0.311116 0.0386375 0.0303775 -0.0110779 -0.192136 -0.112272 -0.0709968 1 0 0 0 0 0 0 0
205 1 0.1 5.53271 2.26649 0.328379 0.0384639 0.00716009 -0.000281958 0.28334 0.108556 0.00334725 1 0 0 0 0 0 0 0
206 1 0.1 5.33789 2.29732 0.297803 0.0410201 0.0117484 0.0253643 0.169895 0.0382542 0.0976112 1 0 0 0 0 0 0 0
207 1 0.1 5.39453 2.47209 0.375217 0.0162826 0.0407735 0.0698861 0.198538 0.369385 0.229405 1 0 0 0 0 0 0 0
208 1 0.1 5.27268 2.40469 0.137045 -0.0104559 0.0182749 0.0172435 -0.115011 -0.0636229 -0.0522341 1 0 0 0 0 0 0 0
209 1 0.1 5.35301 2.67773 0.316925 0.102606 -0.108355 0.0758988 0.231241 0.787526 0.0525948 1 0 0 0 0 0 0 0
210 1 0.1 5.43002 2.8631 0.431916 0.0498315 0.0156244 0.00938013 0.16569 0.0268185 -0.268038 1 0 0 0 0 0 0 0
211 1 0.1 5.15517 2.68938 0.291354 0.10665 0.0907452 -0.119823 -0.858161 -3.98441 -2.66654 1 0 0 0 0 0 0 0
212 1 0.1 4.72478 2.85355 0.335208 0.0456386 0.0760193 0.0158159 0.992218 -0.728072 0.979232 1 0 0 0 0 0 0 0
213 1 0.1 4.87795 3.09879 0.329431 0.0515131 -0.0659919 0.00582247 -0.260315 -0.304818 0.376263 1 0 0 0 0 0 0 0
214 1 0.1 5.14346 3.30608 0.21711 -0.003871 -0.002798 -0.00992382 -1.93673e-06 0.135826 0.154734 1 0 0 0 0 0 0 0
215 1 0.1 5.29963 3.42416 0.312133 -0.00433139 0.0389355 -0.0305817 -0.0413457 -0.309872 0.182118 1 0 0 0 0 0 0 0
216 1 0.1 5.48732 3.48922 0.301828 -1.04422e-05 0.0367023 -0.00109407 -0.0154273 -0.0630694 -0.240967 1 0 0 0 0 0 0 0
217 1 0.1 5.37535 3.68882 0.304194 -0.0117237 -0.0144328 -0.0152467 0.0433769 0.0301393 -0.499026 1 0 0 0 0 0 0 0
218 1 0.1 5.74484 3.77714 0.321191 0.0317951 0.00798279 -0.00769356 -0.0856103 -0.413255 -0.27542 1 0 0 0 0 0 0 0
219 1 0.1 5.91716 3.64549 0.373281 0.0210036 -0.00265156 0.000183984 0.0132792 -0.235876 -0.0156631 1 0 0 0 0 0 0 0
220 1 0.1 5.82326 3.44013 0.45206 0.0125517 0.0202789 -0.00646943 -0.00827687 0.04089 -0.121765 1 0 0 0 0 0 0 0
221 1 0.1 5.89656 3.83335 0.438511 0.024703 -0.00588894 0.0090811 0.108369 0.018302 -0.0980563 1 0 0 0 0 0 0 0
222 1 0.1 5.85955 3.50253 0.24596 0.00467187 0.0124752 -0.00980019 0.101731 0.191717 -0.24888 1 0 0 0 0 0 0 0
223 1 0.1 6.13048 4.93162 0.320305 0.0147828 -0.00352756 0.00189762 -0.0413901 0.18709 0.138192 1 0 0 0 0 0 0 0
224 1 0.1 6.3109 5.01542 0.340312 0.00798046 0.0134188 -0.0056551 0.100665 -0.0789811 0.0549528 1 0 0 0 0 0 0 0
225 1 0.1 6.24124 1.31581 0.376147 -0.0623439 -0.0573527 -0.00958019 -0.636599 0.717245 -1.51146 1 0 0 0 0 0 0 0
226 1 0.1 5.9264 2.12297 0.137382 -0.0294005 0.0456245 -0.00141955 -0.434205 -0.328589 0.348696 1 0 0 0 0 0 0 0
227 1 0.1 6.05072 1.51824 0.326414 0.00939552 0.0083725 -0.00104198 -0.00328068 0.0349315 -0.00475944 1 0 0 0 0 0 0 0
228 1 0.1 5.94288 2.61947 0.137472 0.0660087 0.0947322 -0.00679064 0.345706 -0.098626 0.00226627 1 0 0 0 0 0 0 0
229 1 0.1 5.57793 2.96267 0.137469 0.0259481 0.0209343 -0.000940736 -0.0564641 -0.171095 0.024107 1 0 0 0 0 0 0 0
230 1 0.1 5.82636 3.13324 0.310522 -0.0390407 0.1868 0.0916923 0.0718898 -0.60571 1.96079 1 0 0 0 0 0 0 0
231 1 0.1 5.7481 2.39627 0.348182 0.0267954 0.0339897 0.00796193 -0.0695859 0.0395286 -0.0241003 1 0 0 0 0 0 0 0
232 1 0.1 5.57313 2.47039 0.286224 0.0120622 0.0343399 0.0174771 -0.0056677 0.0794038 -0.292648 1 0 0 0 0 0 0 0
233 1 0.1 5.75888 2.72987 0.281356 0.0300726 0.0252331 -0.0207399 0.19495 -0.079665 0.229254 1 0 0 0 0 0 0 0
234 1 0.1 5.55203 2.67164 0.298602 0.043429 0.00292724 -0.0179695 0.0949704 -0.444604 0.179441 1 0 0 0 0 0 0 0
235 1 0.1 5.61509 2.86551 0.31028 0.0118705 0.00787498 0.00179051 0.16564 0.0334678 -0.0443772 1 0 0 0 0 0 0 0
236 1 0.1 5.48958 3.04459 0.567112 0.000807056 -0.00397125 -0.0142392 -0.0622226 -0.0915834 0.0927804 1 0 0 0 0 0 0 0
237 1 0.1 5.10237 2.87647 0.330363 0.159379 0.0491777 0.178784 -0.217528 0.75406 -0.190635 1 0 0 0 0 0 0 0
238 1 0.1 5.17287 3.0618 0.327184 -0.00880529 0.0827175 0.0212228 -1.09594 0.961138 1.82528 1 0 0 0 0 0 0 0
239 1 0.1 5.33792 3.0597 0.43813 0.0339293 0.135678 -0.0393186 0.317747 -0.239107 -1.70812 1 0 0 0 0 0 0 0
240 1 0.1 5.47738 3.00985 0.304346 0.0230823 0.0279156 -0.0155561 -0.109097 -0.27988 -0.143086 1 0 0 0 0 0 0 0
241 1 0.1 5.53247 3.23875 0.586267 -0.00139356 0.000455405 0.00200461 0.211753 0.0573513 -0.060911 1 0 0 0 0 0 0 0
242 1 0.1 5.50287 3.18376 0.397683 0.0117558 0.024446 -0.00536556 0.0346334 -0.16775 0.114724 1 0 0 0 0 0 0 0
243 1 0.1 5.5552 3.40418 0.46919 0.0106297 0.018568 -0.0152345 0.16073 0.408369 0.216059 1 0 0 0 0 0 0 0
244 1 0.1 5.64445 3.60991 0.282312 0.0114755 0.0171088 0.00457723 0.0700185 0.0275572 -0.00665294 1 0 0 0 0 0 0 0
245 1 0.1 5.66157 3.13425 0.1973 0.00271283 0.0286259 0.024099 -0.148304 -0.198171 -0.0851425 1 0 0 0 0 0 0 0
246 1 0.1 5.68929 3.4167 0.305668 0.00948226 0.0108174 -0.00360444 -0.0438353 -0.00135734 0.294397 1 0 0 0 0 0 0 0
247 1 0.1 6.00878 4.37245 0.457797 0.0411653 0.00128423 -0.00392548 0.113584 -0.0180291 0.393712 1 0 0 0 0 0 0 0
248 1 0.1 6.10951 4.56212 0.421341 0.00185977 -0.00278199 -0.000532746 -0.0264326 0.0131781 -0.0268951 1 0 0 0 0 0 0 0
249 1 0.1 6.17111 4.7502 0.393113 0.00664729 -0.00360295 0.00570367 0.0832454 -0.188543 -0.0589357 1 0 0 0 0 0 0 0
250 1 0.1 6.00769 1.01252 0.533274 -0.0012065 0.00436887 -0.00497893 0.0958342 0.111036 0.0646688 1 0 0 0 0 0 0 0
251 1 0.1 5.85883 1.15953 0.550972 -0.00220167 0.00703281 -0.00868087 -0.0165023 0.0702326 0.076852 1 0 0 0 0 0 0 0
252 1 0.1 5.71976 1.30225 0.535559 -0.000350991 0.00652373 -0.00261736 0.0247625 -0.0188096 0.027208 1 0 0 0 0 0 0 0
253 1 0.1 5.50887 1.50724 0.549932 -0.0135344 0.0191823 0.00643281 -0.137849 -0.159522 0.19033 1 0 0 0 0 0 0 0
254 1 0.1 5.36944 1.65014 0.561213 -0.0144041 0.0200364 -0.0199239 -0.0413081 0.227077 0.233054 1 0 0 0 0 0 0 0
255 1 0.1 5.17551 1.84649 0.554157 -0.00578905 0.00448222 0.000607412 0.0331044 0.0368241 0.0524241 1 0 0 0 0 0 0 0
256 1 0.1 5.03926 1.9889 0.520493 -0.00300565 0.00678387 0.00537173 -0.0300691 -0.0775995 -0.0268176 1 0 0 0 0 0 0 0
257 1 0.1 4.90724 2.12697 0.576372 0.0200098 0.0664398 0.00957145 -0.438047 0.0842433 0.0492183 1 0 0 0 0 0 0 0
258 1 0.1 4.7532 2.27266 0.568558 -0.00676583 -0.00186956 -0.0585397 -0.294868 -0.784547 0.234739 1 0 0 0 0 0 0 0
259 1 0.1 4.72714 2.55138 0.607145 0.544175 0.812093 -0.482052 -8.90953 1.07007 1.5858 1 0 0 0 0 0 0 0
260 1 0.1 4.58192 2.61933 0.489917 0.301054 0.00855716 0.143823 -0.622594 -0.703968 0.790781 1 0 0 0 0 0 0 0
261 1 0.1 4.40943 2.81743 0.509191 0.0187451 -0.0149918 0.0382816 0.00797291 -0.758441 0.0739074 1 0 0 0 0 0 0 0
262 1 0.1 4.18689 2.901 0.552126 0.00760156 -0.0288527 0.0150379 -0.00113043 -0.0533756 -0.255742 1 0 0 0 0 0 0 0
263 1 0.1 4.19008 3.11335 0.549929 -0.000418249 -0.00376614 -0.00197355 0.00374278 0.00659014 -0.0288669 1 0 0 0 0 0 0 0
264 1 0.1 4.30196 3.27863 0.561464 0.000260755 -0.00205856 -0.000939388 0.0059438 0.00785572 0.00645215 1 0 0 0 0 0 0 0
265 1 0.1 4.52232 3.50055 0.599434 -0.0364746 -0.0315558 0.0364919 0.586225 0.511713 -0.228225 1 0 0 0 0 0 0 0
266 1 0.1 4.66299 3.64067 0.570966 -0.0303762 -0.030727 -0.0288023 0.162376 0.251592 -0.406633 1 0 0 0 0 0 0 0
267 1 0.1 4.80371 3.78706 0.54583 -0.0110853 -0.0184357 0.00280669 -0.0448809 -0.00783339 -0.202171 1 0 0 0 0 0 0 0
268 1 0.1 4.94665 3.92639 0.534534 -0.0124531 -0.0149074 0.0287257 -0.036862 -0.3272 -0.183581 1 0 0 0 0 0 0 0
269 1 0.1 5.08739 4.06527 0.572023 0.000104219 0.00600012 -0.00436223 0.00893559 0.0427775 0.0902935 1 0 0 0 0 0 0 0
270 1 0.1 5.22576 4.20662 0.543511 0.00523361 0.000603045 -0.00016343 0.0123912 -0.00286476 0.018036 1 0 0 0 0 0 0 0
271 1 0.1 5.36665 4.34844 0.546498 0.00142839 0.00318149 0.00212024 -0.0038102 -0.0247064 0.0288879 1 0 0 0 0 0 0 0
272 1 0.1 5.50861 4.48994 0.556643 0.00115516 0.00249673 -0.000657841 -0.0131139 0.0120547 0.0288535 1 0 0 0 0 0 0 0
273 1 0.1 5.70405 4.68151 0.549595 -0.00211433 -0.00249027 -0.00167821 -0.0481559 -0.0398888 -0.0488567 1 0 0 0 0 0 0 0
274 1 0.1 5.85309 4.83247 0.549693 -0.000226466 8.49507e-05 -0.000505945 -0.0109042 -0.00645746 -0.0188119 1 0 0 0 0 0 0 0
275 1 0.1 6.14618 0.869283 0.550076 -0.00275178 0.00423369 -0.00296631 -0.0186114 0.0249859 0.0522145 1 0 0 0 0 0 0 0
276 1 0.1 5.90868 1.35413 0.573541 0.00145114 0.0134938 -0.00437548 0.155821 0.102242 0.0604676 1 0 0 0 0 0 0 0
277 1 0.1 5.7684 1.48392 0.468955 0.00388864 0.00950702 -0.00275501 0.00574395 -0.0610475 -0.0121308 1 0 0 0 0 0 0 0
278 1 0.1 5.61025 1.64251 0.441398 -0.00660161 0.0202992 -0.0294249 -0.171294 -0.0476337 0.16833 1 0 0 0 0 0 0 0
279 1 0.1 5.53656 1.75662 0.587683 -0.000868395 0.00810478 -0.0183489 0.414445 -0.00535154 -0.347455 1 0 0 0 0 0 0 0
280 1 0.1 5.41863 1.92084 0.591436 -0.013152 -0.00509671 0.00179066 -0.204556 0.104749 0.151597 1 0 0 0 0 0 0 0
281 1 0.1 5.32151 2.01709 0.448092 0.00358657 -0.0288019 -0.00337748 0.128716 -0.385796 0.0326202 1 0 0 0 0 0 0 0
282 1 0.1 5.17214 2.05333 0.655259 -0.045218 0.0243789 0.0356421 -0.0530217 -0.336158 0.175072 1 0 0 0 0 0 0 0
283 1 0.1 4.95491 2.30263 0.657044 -0.0588648 0.106759 0.0487554 0.628476 0.00960993 0.41729 1 0 0 0 0 0 0 0
284 1 0.1 4.92049 2.60744 0.571572 -0.453793 0.267081 0.178218 1.51739 -2.70319 -1.20941 1 0 0 0 0 0 0 0
285 1 0.1 4.43371 2.59284 0.763056 0.0201717 -0.0246713 0.0231059 -0.135362 -0.0559967 -0.0499685 1 0 0 0 0 0 0 0
286 1 0.1 4.5174 2.74994 0.663996 0.267301 0.0453809 0.0208779 0.184049 1.58831 0.480854 1 0 0 0 0 0 0 0
287 1 0.1 4.50317 2.94823 0.652755 0.0812621 0.0484899 0.030653 -0.299682 0.652759 0.869869 1 0 0 0 0 0 0 0
288 1 0.1 4.35681 3.01031 0.510887 0.00212832 -0.0118245 0.00317242 -0.208873 0.0544521 0.0466961 1 0 0 0 0 0 0 0
289 1 0.1 4.56355 3.31901 0.560019 0.0413218 0.0410054 -0.0759553 0.838247 -0.630992 1.20394 1 0 0 0 0 0 0 0
290 1 0.1 4.67435 3.4436 0.452646 0.0366125 0.0408545 -0.0610541 -1.33528 -0.0759148 -0.729357 1 0 0 0 0 0 0 0
291 1 0.1 4.9754 3.50044 0.613544 -0.0520697 0.0811205 0.0455645 1.48175 -1.21827 0.813603 1 0 0 0 0 0 0 0
292 1 0.1 5.09304 3.66745 0.581015 -0.0145055 0.0398277 -0.000481579 -0.472293 0.109543 0.297752 1 0 0 0 0 0 0 0
293 1 0.1 5.12012 3.84116 0.483312 0.00135081 0.0128407 0.0116882 0.478065 0.276982 0.443458 1 0 0 0 0 0 0 0
294 1 0.1 5.26795 3.98894 0.608979 0.0180318 0.0351129 -0.0273502 0.448155 -0.0212004 0.16275 1 0 0 0 0 0 0 0
295 1 0.1 5.41531 4.15729 0.587027 0.0115648 0.00366419 -0.00486586 -0.105612 -0.147761 -0.0277762 1 0 0 0 0 0 0 0
296 1 0.1 5.55684 4.29816 0.584799 0.00899575 0.0056525 0.00420668 -0.020181 -0.102676 0.0639498 1 0 0 0 0 0 0 0
297 1 0.1 5.70511 4.45938 0.540863 0.000463291 -0.00224588 0.000760529 -0.119491 -0.0138277 -0.0679621 1 0 0 0 0 0 0 0
298 1 0.1 5.84152 4.57479 0.451973 -0.000411938 -0.00154276 3.87336e-05 0.100751 -0.0194566 0.0257843 1 0 0 0 0 0 0 0
299 1 0.1 6.1374 5.10752 0.586267 -0.000782901 -0.000775188 -0.00291743 0.0147488 0.043554 -0.0112758 1 0 0 0 0 0 0 0
300 1 0.1 6.28767 0.727736 0.549876 0.000200883 -0.00033273 -0.000386525 -0.00176259 0.00624017 -0.00179625 1 0 0 0 0 0 0 0
301 1 0.1 6.04936 1.21728 0.535688 0.000655514 0.0141879 -0.0165033 -0.0825783 -0.017739 -0.032481 1 0 0 0 0 0 0 0
302 1 0.1 5.94874 1.58916 0.48276 0.0157149 0.0124115 0.00256702 0.0196739 0.00155704 -0.0363622 1 0 0 0 0 0 0 0
303 1 0.1 5.84538 1.7202 0.592163 0.0225175 0.0102768 0.00796558 0.0502076 0.0226706 -0.0252494 1 0 0 0 0 0 0 0
304 1 0.1 5.70571 1.86282 0.588787 0.0121188 -0.00368233 0.00221934 -0.116207 -0.0612905 0.182704 1 0 0 0 0 0 0 0
305 1 0.1 5.63851 2.05069 0.582893 -0.00966448 -0.0101862 0.00185581 0.153119 -0.130624 0.0535215 1 0 0 0 0 0 0 0
306 1 0.1 5.42415 2.30907 0.490554 -0.0266447 -0.0268688 -0.0399033 -0.215528 -0.276444 0.0778618 1 0 0 0 0 0 0 0
307 1 0.1 5.20234 2.30659 0.637297 -0.0525683 0.0860053 -0.00354983 -1.2885 -0.300489 -0.67219 1 0 0 0 0 0 0 0
308 1 0.1 5.20865 2.49769 0.301156 -0.056322 0.0675113 0.0261541 -0.177176 -0.0427398 -0.0101867 1 0 0 0 0 0 0 0
309 1 0.1 5.0469 2.45326 0.572239 -0.392196 0.291942 -0.0479097 0.38627 3.74497 1.97965 1 0 0 0 0 0 0 0
310 1 0.1 5.14229 2.69091 0.593516 -0.334475 0.14137 -0.118159 2.9858 4.61516 -5.2819 1 0 0 0 0 0 0 0
311 1 0.1 4.64999 2.80259 0.521055 0.152267 0.137802 -2.97086e-05 -1.15643 0.650435 1.44781 1 0 0 0 0 0 0 0
312 1 0.1 4.59369 2.98796 0.480578 -0.0276063 0.115085 -0.0344 0.304591 0.444316 0.280348 1 0 0 0 0 0 0 0
313 1 0.1 4.63696 3.17917 0.454651 0.108577 0.0710744 -0.0415921 -0.85949 -0.314846 -1.00223 1 0 0 0 0 0 0 0
314 1 0.1 4.82801 3.18211 0.50249 0.117908 0.0842339 -0.0386297 -1.07974 0.301121 0.627406 1 0 0 0 0 0 0 0
315 1 0.1 5.00328 3.30826 0.566134 0.00091361 0.109021 0.00549019 -1.06708 0.11031 -0.21496 1 0 0 0 0 0 0 0
316 1 0.1 5.15022 3.34127 0.413742 0.00646635 0.0306199 -0.0156876 -0.517387 0.216807 0.316337 1 0 0 0 0 0 0 0
317 1 0.1 5.2438 3.53717 0.568051 0.0125183 0.0734837 -0.00265482 0.0391042 0.300754 0.167153 1 0 0 0 0 0 0 0
318 1 0.1 5.35871 3.83554 0.438772 0.0208967 -0.00715834 -0.0208819 0.200156 0.0714601 0.0271646 1 0 0 0 0 0 0 0
319 1 0.1 5.47558 3.90983 0.590616 0.0190468 0.00909015 0.00358331 -0.128415 -0.079679 0.0622649 1 0 0 0 0 0 0 0
320 1 0.1 5.60205 4.06467 0.590029 0.02392 0.000521303 -0.000744465 -0.0963877 -0.144848 -0.018938 1 0 0 0 0 0 0 0
321 1 0.1 5.83664 4.12904 0.622733 0.0227993 -0.00269759 -0.00499873 0.0476525 0.116872 0.0286764 1 0 0 0 0 0 0 0
322 1 0.1 5.84609 4.3215 0.57099 0.00147396 -0.00103027 -0.000567003 0.0185278 0.154022 0.116874 1 0 0 0 0 0 0 0
323 1 0.1 5.98226 4.71606 0.44823 0.00623089 -0.00808898 0.00166935 -0.0418387 0.050069 -0.0789123 1 0 0 0 0 0 0 0
324 1 0.1 6.27261 5.25006 0.548969 -0.000249823 -0.000757713 -0.001117 0.0413802 -0.0186437 0.00215313 1 0 0 0 0 0 0 0
325 1 0.1 6.32829 0.921634 0.486365 -0.0104087 0.0151417 -0.0124146 -0.0306746 0.0623455 0.085366 1 0 0 0 0 0 0 0
326 1 0.1 6.19486 1.0812 0.520832 -0.000639068 0.00944717 0.00260432 -0.00126619 -0.162539 -0.021341 1 0 0 0 0 0 0 0
327 1 0.1 5.87706 1.94612 0.528335 0.00137052 0.0737044 0.0628369 0.493923 -0.483843 0.585344 1 0 0 0 0 0 0 0
328 1 0.1 5.91661 2.30959 0.635342 -0.0230719 0.011451 -0.00323276 -0.0803399 -0.0540451 -0.0509989 1 0 0 0 0 0 0 0
329 1 0.1 5.82106 2.13123 0.579117 -0.0316004 0.0495277 0.122453 0.425587 -0.39519 0.767329 1 0 0 0 0 0 0 0
330 1 0.1 5.57511 2.23966 0.601328 -0.0296442 -0.00234727 0.000919497 -0.0143795 -0.140254 0.150047 1 0 0 0 0 0 0 0
331 1 0.1 5.74753 2.31014 0.528779 -0.0317422 0.0127918 0.00358236 0.0630592 0.155163 0.00139861 1 0 0 0 0 0 0 0
332 1 0.1 5.75142 2.50144 0.590116 -0.0483772 0.0078339 -0.0146802 -0.10907 0.0156883 0.253156 1 0 0 0 0 0 0 0
333 1 0.1 5.68552 2.58629 0.420463 -0.0226427 0.00398116 0.034462 -0.0431912 -0.338277 -0.143106 1 0 0 0 0 0 0 0
334 1 0.1 5.36659 2.71192 0.598329 -0.113091 -0.0696751 -0.0281621 -0.0380299 0.276464 -0.658116 1 0 0 0 0 0 0 0
335 1 0.1 5.26738 2.58434 0.480115 -0.251711 -0.0135607 -0.0610643 -0.515655 -2.706 1.64982 1 0 0 0 0 0 0 0
336 1 0.1 5.24795 2.78125 0.452404 -0.151991 0.0046744 -0.1069 0.69096 -2.44111 -1.95469 1 0 0 0 0 0 0 0
337 1 0.1 4.75727 2.97385 0.594494 -0.0225272 0.0846779 -0.0432514 0.429003 -0.452694 -0.532291 1 0 0 0 0 0 0 0
338 1 0.1 4.96705 2.96524 0.442565 0.189773 0.128295 0.118495 -2.00551 0.658825 1.07428 1 0 0 0 0 0 0 0
339 1 0.1 5.1082 3.1556 0.490943 0.0478093 0.160098 -0.000778221 -1.02445 1.4533 0.745121 1 0 0 0 0 0 0 0
340 1 0.1 5.33167 3.26909 0.455165 0.0270889 0.0706484 -0.0265421 -1.06596 0.595885 -0.257619 1 0 0 0 0 0 0 0
341 1 0.1 5.40278 3.39047 0.597237 0.0296775 0.0260985 0.00910279 0.0227398 -0.0806707 -0.466666 1 0 0 0 0 0 0 0
342 1 0.1 5.42137 3.55405 0.478588 0.0064267 0.0465141 -0.00942147 0.172025 -0.184152 -0.551045 1 0 0 0 0 0 0 0
343 1 0.1 5.53537 3.74672 0.409212 0.00151855 -0.0557778 -0.0158677 -0.422909 -0.0951796 -0.501935 1 0 0 0 0 0 0 0
344 1 0.1 5.66586 3.75126 0.596868 0.0223028 -0.003212 0.00845784 0.0345379 -0.119672 -0.0400335 1 0 0 0 0 0 0 0
345 1 0.1 5.79113 3.37733 0.762849 0.000191499 0.0166267 0.00150093 0.174768 -0.000667431 -0.0964697 1 0 0 0 0 0 0 0
346 1 0.1 5.81572 3.93292 0.591698 0.0200373 -0.0032309 0.00396623 -0.0366839 -0.226952 -0.117077 1 0 0 0 0 0 0 0
347 1 0.1 6.0053 3.99621 0.597977 0.0198785 -0.00335066 0.00653262 -0.103498 -0.00510966 -0.113325 1 0 0 0 0 0 0 0
348 1 0.1 5.99639 4.97129 0.536324 6.34103e-05 0.000204572 0.00098949 -0.00872564 -0.0118305 0.0104794 1 0 0 0 0 0 0 0
349 1 0.1 6.20944 4.94022 0.503736 0.0152618 0.00373166 0.00151264 0.10501 -0.138106 0.132043 1 0 0 0 0 0 0 0
350 1 0.1 6.35757 1.18032 0.581374 -0.000739863 0.00942793 0.000122047 -0.00940369 0.169254 0.0368477 1 0 0 0 0 0 0 0
351 1 0.1 6.21568 1.32105 0.574335 0.00300072 0.00971425 -0.00230644 0.150322 -0.0966713 -0.0140843 1 0 0 0 0 0 0 0
352 1 0.1 6.07577 1.46389 0.572868 0.00805232 0.00860832 0.00169559 0.0199562 -0.0268992 -0.0262478 1 0 0 0 0 0 0 0
353 1 0.1 5.94446 1.94193 0.762277 0.00252675 0.0118515 0.00393504 0.0818261 0.0349361 0.0939458 1 0 0 0 0 0 0 0
354 1 0.1 5.87431 2.80709 0.13747 0.0542197 0.0830603 0.00685656 -0.151183 -0.0222708 0.128014 1 0 0 0 0 0 0 0
355 1 0.1 5.77683 2.98141 0.140028 0.0208679 0.0532415 0.021874 0.3545 -0.0282193 0.297864 1 0 0 0 0 0 0 0
356 1 0.1 5.72456 2.70549 0.643058 -0.0488574 -0.0201104 0.00976864 -0.180981 0.110716 0.0580611 1 0 0 0 0 0 0 0
357 1 0.1 5.80895 2.76469 0.471764 -0.0416655 -0.0177884 0.00691398 0.153981 -0.157264 -0.01482 1 0 0 0 0 0 0 0
358 1 0.1 5.23145 2.71837 0.76495 0.0562304 -0.132336 -0.113044 -1.38095 -1.23235 0.607804 1 0 0 0 0 0 0 0
359 1 0.1 5.59252 2.75538 0.47543 0.00792271 -0.0125835 -0.00107491 0.0212863 -0.0474141 -0.112262 1 0 0 0 0 0 0 0
360 1 0.1 5.68036 2.92578 0.532129 -0.000637203 -0.00723494 0.000958236 0.00182321 0.0133365 0.16634 1 0 0 0 0 0 0 0
361 1 0.1 5.52034 2.85793 0.630904 -0.0063553 -0.00773915 -0.00206752 -0.0279077 -0.0974517 -0.117889 1 0 0 0 0 0 0 0
362 1 0.1 5.32814 2.90812 0.597802 0.112733 -0.0251781 0.046364 0.649867 -0.435212 -1.09225 1 0 0 0 0 0 0 0
363 1 0.1 5.1524 2.9548 0.515449 0.18995 0.193851 0.0540573 0.0452411 0.240865 -1.10924 1 0 0 0 0 0 0 0
364 1 0.1 5.46788 2.99849 0.762685 0.00197882 0.00427298 0.000594877 0.0151899 0.0207788 -0.022065 1 0 0 0 0 0 0 0
365 1 0.1 5.27057 3.14268 0.606295 0.0641475 0.184348 -0.0537548 0.149485 -0.8297 -0.895514 1 0 0 0 0 0 0 0
366 1 0.1 5.69327 3.12049 0.575651 -0.00652802 -0.00528816 -0.00369392 -0.0441797 0.0922151 -0.0738232 1 0 0 0 0 0 0 0
367 1 0.1 5.62066 3.25459 0.763519 -0.00469631 0.000502325 0.00122679 -0.169627 -0.0667831 -0.0348898 1 0 0 0 0 0 0 0
368 1 0.1 5.60183 3.5628 0.589262 0.0153279 -7.56769e-05 -0.00825804 -0.0260187 -0.37276 -0.0473737 1 0 0 0 0 0 0 0
369 1 0.1 5.73697 3.6264 0.457827 0.0208248 0.00199126 0.00132748 0.0684421 0.207013 0.0544767 1 0 0 0 0 0 0 0
370 1 0.1 5.70507 3.3429 0.586383 0.0079191 0.0364407 -0.00239618 -0.0753581 -0.117645 -0.125356 1 0 0 0 0 0 0 0
371 1 0.1 5.69148 3.24779 0.411727 0.0118194 0.020915 0.00875661 -0.119701 -0.0979107 -0.189027 1 0 0 0 0 0 0 0
372 1 0.1 5.92487 4.0494 0.42284 0.0243449 -0.00268472 0.00432823 0.00604698 0.0180761 -0.112647 1 0 0 0 0 0 0 0
373 1 0.1 6.02648 4.51399 0.59659 0.00308556 0.00156823 0.000428379 -0.0560975 -0.020827 0.103778 1 0 0 0 0 0 0 0
374 1 0.1 6.12035 4.69042 0.590111 0.00592129 0.000844572 0.00443821 -0.255416 -0.02815 -0.0984509 1 0 0 0 0 0 0 0
375 1 0.1 6.11766 0.90623 0.750745 0.000591529 -0.00136852 -0.00075611 -0.0347669 -0.0259348 -0.0538821 1 0 0 0 0 0 0 0
376 1 0.1 5.84276 1.18457 0.762566 0.000169912 0.00155409 -0.000517223 -0.0148279 -0.0242098 -0.103897 1 0 0 0 0 0 0 0
377 1 0.1 5.70176 1.32478 0.759757 -0.00323304 0.000917299 -0.00942043 -0.0601054 -0.0187405 0.147423 1 0 0 0 0 0 0 0
378 1 0.1 5.56 1.46391 0.751607 2.95299e-05 0.00456791 -0.0158573 0.00283315 -0.0114913 -0.195627 1 0 0 0 0 0 0 0
379 1 0.1 5.44218 1.62396 0.750581 0.0103174 0.0123753 -0.00633331 0.0814823 0.0485581 0.0919526 1 0 0 0 0 0 0 0
380 1 0.1 5.28221 1.74027 0.753977 0.00369914 -0.00511274 0.00329493 0.128485 -0.101985 0.14763 1 0 0 0 0 0 0 0
381 1 0.1 5.14115 1.88072 0.751389 0.00504099 -0.00203665 0.00471512 -0.0384377 -0.0670686 -0.237582 1 0 0 0 0 0 0 0
382 1 0.1 5.00203 2.02306 0.763217 0.0106601 0.00695665 -0.00182662 -0.246909 0.0743722 -0.39502 1 0 0 0 0 0 0 0
383 1 0.1 4.83486 2.1853 0.760443 -0.0711764 0.12894 0.0282717 -0.624082 -0.444184 -0.276452 1 0 0 0 0 0 0 0
384 1 0.1 4.72322 2.34159 0.75351 -0.262359 0.109133 -0.159266 -2.62952 0.983925 4.49418 1 0 0 0 0 0 0 0
385 1 0.1 4.406 2.61838 0.567844 0.171068 -0.0333168 0.0593 0.798445 -1.41318 -0.989444 1 0 0 0 0 0 0 0
386 1 0.1 4.18717 2.90214 0.751031 0.0121638 -0.0167203 0.0147652 -0.0343043 0.160489 0.0250013 1 0 0 0 0 0 0 0
387 1 0.1 4.18774 3.10326 0.749639 0.000962363 -0.00810744 -0.00567944 0.0312095 0.0486067 -0.0415956 1 0 0 0 0 0 0 0
388 1 0.1 4.29616 3.27085 0.761215 -0.000535811 -0.00341301 -0.000529094 0.00538885 -0.00074292 0.000158165 1 0 0 0 0 0 0 0
389 1 0.1 4.43953 3.41593 0.759452 -0.00609621 -0.0144283 0.0377412 -0.0523643 -0.167913 -0.0117641 1 0 0 0 0 0 0 0
390 1 0.1 4.59627 3.57916 0.76257 -0.00578274 0.00589815 -0.00393662 0.218434 -0.187174 0.0599217 1 0 0 0 0 0 0 0
391 1 0.1 4.73625 3.72089 0.750115 -0.00291033 -0.00021013 -0.0181293 0.171008 0.117572 -0.0118895 1 0 0 0 0 0 0 0
392 1 0.1 4.88783 3.84652 0.717127 -0.000984534 0.00151806 -0.00914312 0.0523339 -0.0503312 -0.00867179 1 0 0 0 0 0 0 0
393 1 0.1 5.01423 3.99451 0.761751 0.00020581 -0.00050936 -0.0018928 0.0204886 0.0181598 -0.0234662 1 0 0 0 0 0 0 0
394 1 0.1 5.15361 4.13672 0.751227 0.00139913 -0.000326363 0.00101331 0.0179674 -0.0212902 -0.00877357 1 0 0 0 0 0 0 0
395 1 0.1 5.29875 4.28349 0.747556 0.000996198 0.00125341 -0.00181555 -0.0600785 0.0452224 -0.015922 1 0 0 0 0 0 0 0
396 1 0.1 5.43988 4.42506 0.749997 0.00126679 0.00139633 -2.3146e-05 0.00877277 -0.00338492 0.010644 1 0 0 0 0 0 0 0
397 1 0.1 5.58123 4.56639 0.749832 0.000605044 0.00222106 -0.00018402 -0.00537591 -0.000707558 0.0180855 1 0 0 0 0 0 0 0
398 1 0.1 5.77459 4.74781 0.762562 -0.000615633 -0.000659758 -8.95026e-06 -0.00707658 -0.000499551 -0.0126989 1 0 0 0 0 0 0 0
399 1 0.1 5.9205 4.89854 0.749392 0.000573637 0.00091337 0.00383882 -0.00961036 -0.0321269 0.00878151 1 0 0 0 0 0 0 0
400 1 0.1 6.2592 0.765301 0.752058 0.000689217 -0.000297724 0.00223811 0.032668 7.31195e-06 0.00334647 1 0 0 0 0 0 0 0
401 1 0.1 5.99548 1.06195 0.726474 -0.000969136 -0.00215942 -0.00240632 0.00427181 0.0389848 0.0687396 1 0 0 0 0 0 0 0
402 1 0.1 5.80264 1.49739 0.762623 0.00633727 -0.00189971 -0.000704514 -0.0122682 -0.0585112 -0.072 1 0 0 0 0 0 0 0
403 1 0.1 5.69653 1.59004 0.621097 0.0166733 0.01364 -0.000209432 0.0207033 0.0869334 -0.178088 1 0 0 0 0 0 0 0
404 1 0.1 5.62243 1.70774 0.763295 0.00859932 0.00418572 0.00184465 0.0545671 -0.17411 0.237139 1 0 0 0 0 0 0 0
405 1 0.1 5.46175 1.82484 0.759714 0.00442096 -0.00562189 -0.0108762 -0.118506 -0.0259079 -0.00972634 1 0 0 0 0 0 0 0
406 1 0.1 5.42234 2.02113 0.762939 -0.00679273 -0.00371957 0.00163867 -0.0727466 0.00257819 -0.0266282 1 0 0 0 0 0 0 0
407 1 0.1 5.4018 2.13476 0.585375 -0.0244563 -0.018252 -0.00234815 -0.207977 0.0172542 0.0217987 1 0 0 0 0 0 0 0
408 1 0.1 5.08947 2.20054 0.762546 -0.0440634 0.0667609 0.00182966 0.448437 0.0264754 1.15672 1 0 0 0 0 0 0 0
409 1 0.1 4.8146 2.50929 0.768447 -0.240597 0.226977 -0.075631 4.32641 0.698274 -7.13013 1 0 0 0 0 0 0 0
410 1 0.1 4.27543 2.74612 0.639227 0.0478468 -0.0546188 -0.00245151 -0.591396 0.443214 -0.0501503 1 0 0 0 0 0 0 0
411 1 0.1 4.37852 2.84969 0.765177 0.0624547 -0.030914 -0.0347402 -0.1638 -0.304067 0.0351008 1 0 0 0 0 0 0 0
412 1 0.1 4.3815 3.05817 0.76347 0.015179 0.00837732 0.00710509 0.121871 -0.287263 0.340341 1 0 0 0 0 0 0 0
413 1 0.1 4.49252 3.22378 0.762674 0.0221852 -0.000653631 0.000317999 0.0623333 -0.0514217 0.0274783 1 0 0 0 0 0 0 0
414 1 0.1 4.81521 3.36988 0.568423 -0.0104294 0.0560028 -0.0165947 1.29633 -0.517552 0.733897 1 0 0 0 0 0 0 0
415 1 0.1 4.79457 3.54113 0.688461 -0.0975742 -0.0258892 -0.0198008 -0.290031 0.393558 -0.791141 1 0 0 0 0 0 0 0
416 1 0.1 5.12938 3.54648 0.748866 0.0322744 -0.006694 0.12211 -0.911812 1.12942 0.90214 1 0 0 0 0 0 0 0
417 1 0.1 5.0479 3.73142 0.763245 -0.0091274 0.0378551 0.000267439 0.387622 0.0695658 0.0667108 1 0 0 0 0 0 0 0
418 1 0.1 5.17854 3.88243 0.762626 0.0128788 0.0150077 -0.000391221 0.125658 -0.129726 0.202277 1 0 0 0 0 0 0 0
419 1 0.1 5.34677 4.09041 0.762055 0.00580191 0.00611949 -0.0054342 0.0642006 0.0701817 0.0813764 1 0 0 0 0 0 0 0
420 1 0.1 5.49118 4.23226 0.76273 0.0037272 0.00459494 0.000828585 0.0449544 -0.0342006 0.0380571 1 0 0 0 0 0 0 0
421 1 0.1 5.6326 4.37352 0.762137 0.00277173 0.00399064 0.00102331 -0.0374756 0.00350041 0.00145938 1 0 0 0 0 0 0 0
422 1 0.1 5.77397 4.52606 0.716372 0.00134465 0.00466597 -0.00207351 0.00429356 0.0145653 0.011869 1 0 0 0 0 0 0 0
423 1 0.1 5.92452 4.67634 0.652025 -0.00297974 -0.00190117 -0.00218971 0.0242961 0.0155866 -0.019481 1 0 0 0 0 0 0 0
424 1 0.1 6.20818 5.18395 0.760697 0.000785483 0.000859341 -0.000213335 0.00276652 -0.00371533 -0.0105871 1 0 0 0 0 0 0 0
425 1 0.1 6.4002 0.623626 0.749998 0.000431909 -0.000458896 -0.000144803 -0.00093006 0.000600663 -0.00641273 1 0 0 0 0 0 0 0
426 1 0.1 6.16015 1.1694 0.762503 -0.00496206 0.00227905 2.09401e-05 9.21311e-05 -0.0675351 -0.00678598 1 0 0 0 0 0 0 0
427 1 0.1 5.97114 1.33793 0.762601 0.00613906 0.0021089 -0.00262106 0.00810882 -0.0738725 0.0411498 1 0 0 0 0 0 0 0
428 1 0.1 5.96495 1.70795 0.762542 0.0107036 0.0124268 0.00117803 0.0206585 -0.0235922 -0.0247163 1 0 0 0 0 0 0 0
429 1 0.1 5.79379 1.81054 0.762663 0.00548585 0.00657991 0.00179287 0.0441572 -0.037051 0.0760176 1 0 0 0 0 0 0 0
430 1 0.1 5.63254 1.92803 0.762667 -0.00425341 -0.00335132 0.00429505 0.0596278 -0.0231473 0.0329732 1 0 0 0 0 0 0 0
431 1 0.1 5.59369 2.12373 0.76297 -0.0105661 0.00281389 0.00304621 -0.0701198 -0.190362 -0.0811076 1 0 0 0 0 0 0 0
432 1 0.1 5.41978 2.22004 0.763065 -0.0247234 0.0118922 -0.0189275 -0.166608 0.0650519 0.147357 1 0 0 0 0 0 0 0
433 1 0.1 5.40383 2.48293 0.586349 -0.120707 0.00346678 -0.0660952 -0.108182 -0.789802 0.284126 1 0 0 0 0 0 0 0
434 1 0.1 5.08665 2.40901 0.763009 -0.0500045 0.149997 -0.0299095 0.781433 0.177624 0.386797 1 0 0 0 0 0 0 0
435 1 0.1 4.99115 2.6219 0.761977 -0.443298 0.118285 -0.0125247 1.12081 -0.223542 -0.141971 1 0 0 0 0 0 0 0
436 1 0.1 4.65974 2.65544 0.763357 0.388402 -0.073695 -0.015937 1.05528 -0.99194 -0.863763 1 0 0 0 0 0 0 0
437 1 0.1 4.61476 3.10823 0.63504 0.0043376 0.100544 -0.0412875 0.51073 -0.351361 0.0469308 1 0 0 0 0 0 0 0
438 1 0.1 4.74872 3.17033 0.763945 -0.00230585 0.00303086 0.00661242 0.149643 -0.225709 -0.891943 1 0 0 0 0 0 0 0
439 1 0.1 4.844 3.36396 0.764109 -0.0143848 0.00456612 -0.00440706 -0.423519 0.398844 1.46221 1 0 0 0 0 0 0 0
440 1 0.1 5.0423 3.36854 0.75158 0.00768443 0.0102202 0.036895 2.07912 -0.724978 -1.23065 1 0 0 0 0 0 0 0
441 1 0.1 5.28785 3.66463 0.762729 0.000656527 0.0393793 0.000651065 0.364975 -0.0284218 -0.32108 1 0 0 0 0 0 0 0
442 1 0.1 5.26635 3.78948 0.609311 0.0245211 0.0338317 -0.0073208 -0.628198 0.0073669 -0.10263 1 0 0 0 0 0 0 0
443 1 0.1 5.37692 3.86345 0.758132 0.0124711 0.0141547 0.00278266 0.0898514 0.0722924 -0.208584 1 0 0 0 0 0 0 0
444 1 0.1 5.5233 3.99889 0.763037 0.00597464 0.00936817 0.00286323 -0.0728084 -0.143485 -0.048013 1 0 0 0 0 0 0 0
445 1 0.1 5.66666 4.13704 0.763076 0.00355256 0.00432279 0.00139659 -0.0126931 0.0261281 0.0443945 1 0 0 0 0 0 0 0
446 1 0.1 5.80831 4.27816 0.762528 0.00286004 0.00218076 0.000449516 -0.0213853 0.0241331 0.0109162 1 0 0 0 0 0 0 0
447 1 0.1 5.94175 4.42784 0.762512 0.00347102 0.00917565 -6.07716e-05 0.039654 -0.0648538 0.0534927 1 0 0 0 0 0 0 0
448 1 0.1 6.08438 4.78465 0.762515 0.0128302 0.015512 -0.00221483 0.163799 -0.272024 -0.406883 1 0 0 0 0 0 0 0
449 1 0.1 6.34755 5.32672 0.750012 0.000504166 0.000699948 0.00013949 -0.00368145 0.00200714 0.0191226 1 0 0 0 0 0 0 0
450 1 0.1 6.41651 0.839933 0.653694 -0.00235661 0.00251115 -0.000301262 -0.140243 -0.129514 -0.06703 1 0 0 0 0 0 0 0
451 1 0.1 6.28306 0.987452 0.673605 -0.00249756 0.00247439 -0.00209661 0.134616 0.105201 0.0659169 1 0 0 0 0 0 0 0
452 1 0.1 6.16897 1.36916 0.762588 0.00126672 0.00205177 -0.000143611 0.0162349 0.0164913 0.0029962 1 0 0 0 0 0 0 0
453 1 0.1 6.04325 1.52434 0.760675 0.00529486 0.0059349 0.00160919 0.00872563 -0.0228087 -0.0329294 1 0 0 0 0 0 0 0
454 1 0.1 5.78293 2.05975 0.761776 -0.0152605 -0.0132048 0.0596295 0.211761 0.0567988 0.103743 1 0 0 0 0 0 0 0
455 1 0.1 5.72701 2.26856 0.72811 -0.0325009 0.0211717 2.40831e-05 0.0728316 0.126328 0.139014 1 0 0 0 0 0 0 0
456 1 0.1 5.55035 2.37115 0.757657 -0.0329766 0.0137351 -0.0104774 0.285094 0.0707597 -0.0404955 1 0 0 0 0 0 0 0
457 1 0.1 5.58909 2.42127 0.479219 -0.0434838 0.00235037 0.0107789 0.296192 -0.361814 0.241248 1 0 0 0 0 0 0 0
458 1 0.1 5.35228 2.4055 0.763121 -0.0689286 0.0551729 -0.012349 0.358617 0.450495 -0.0238184 1 0 0 0 0 0 0 0
459 1 0.1 5.39253 2.60086 0.762579 0.00991322 -0.00816524 0.00281578 0.014774 0.0623225 0.00251593 1 0 0 0 0 0 0 0
460 1 0.1 5.22776 2.52827 0.668731 -0.298431 -0.134817 -0.22895 -3.25137 -0.136013 2.49435 1 0 0 0 0 0 0 0
461 1 0.1 4.81359 2.78209 0.762547 0.292813 0.130332 -0.0380566 -1.12128 1.41283 3.34496 1 0 0 0 0 0 0 0
462 1 0.1 4.66574 2.91721 0.762988 0.0924086 0.0389906 0.00551134 0.496292 -0.885117 -0.412768 1 0 0 0 0 0 0 0
463 1 0.1 4.96269 3.0793 0.603809 0.0856092 0.11875 0.0144765 1.30832 -1.1806 -0.26196 1 0 0 0 0 0 0 0
464 1 0.1 4.94662 3.19498 0.763507 0.00313235 0.0351422 0.0157666 -0.540724 -0.210377 0.0280573 1 0 0 0 0 0 0 0
465 1 0.1 5.19306 3.34844 0.608434 0.0123893 0.0747055 -0.0199234 0.214896 0.0556389 -0.286003 1 0 0 0 0 0 0 0
466 1 0.1 5.47789 3.60471 0.762899 -0.00952412 0.000170612 0.00125739 -0.0514155 -0.0536254 -0.0734704 1 0 0 0 0 0 0 0
467 1 0.1 5.46684 3.7105 0.593768 0.0222635 0.016118 0.0131546 0.0207995 -0.305411 -0.033547 1 0 0 0 0 0 0 0
468 1 0.1 5.56079 3.78673 0.762777 0.00646869 -0.00270199 -0.000461147 -0.0330472 -0.0635073 0.0480809 1 0 0 0 0 0 0 0
469 1 0.1 5.70775 3.92208 0.759641 0.00272008 0.00313155 -0.00557444 -0.0228891 0.0354324 -0.0314055 1 0 0 0 0 0 0 0
470 1 0.1 5.89291 4.00046 0.763258 0.0133901 0.00647818 0.00221777 -0.210395 -0.187938 -0.097715 1 0 0 0 0 0 0 0
471 1 0.1 5.98166 4.17913 0.750953 0.00788664 0.00952453 0.00697158 0.00161603 -0.10437 0.0572624 1 0 0 0 0 0 0 0
472 1 0.1 6.11385 4.32871 0.739865 0.000520832 0.0126506 -0.037916 -0.178728 0.584219 0.00537099 1 0 0 0 0 0 0 0
473 1 0.1 6.06711 5.04287 0.761924 0.00110505 0.00102187 -0.00107933 0.0322754 -0.00203742 0.0165997 1 0 0 0 0 0 0 0
474 1 0.1 6.21531 4.92294 0.702832 0.0161913 0.0158334 0.00299987 -0.209314 0.106512 0.334025 1 0 0 0 0 0 0 0
475 1 0.1 6.43141 1.08743 0.762568 -0.00134997 0.000942055 -9.78302e-05 0.035607 -0.013283 0.0127276 1 0 0 0 0 0 0 0
476 1 0.1 6.33954 1.26502 0.761617 0.00035197 0.00122253 0.00392393 0.0847841 -0.13298 -0.0220682 1 0 0 0 0 0 0 0
477 1 0.1 6.01581 1.82867 0.611542 -0.00933165 -0.0318759 -0.0475463 -0.0635018 1.73589 -1.77196 1 0 0 0 0 0 0 0
478 1 0.1 5.95571 2.16033 0.762514 -0.0205952 0.0173181 0.00252555 0.005866 0.0415562 0.126532 1 0 0 0 0 0 0 0
479 1 0.1 5.82939 2.43682 0.762535 -0.0273286 0.0181588 -0.00874506 -0.021507 -0.00892079 0.0731269 1 0 0 0 0 0 0 0
480 1 0.1 5.8174 3.17928 0.755588 -0.00178439 0.0147929 -0.0136336 -0.038525 0.126061 0.0935597 1 0 0 0 0 0 0 0
481 1 0.1 5.7091 2.8649 0.762556 -0.0171986 -0.00367252 -0.00173967 -0.0307912 0.172581 -0.247225 1 0 0 0 0 0 0 0
482 1 0.1 5.65789 2.53952 0.762587 -0.0250499 0.00536502 -0.00180153 0.0267725 0.24474 -0.0792375 1 0 0 0 0 0 0 0
483 1 0.1 5.57223 2.58989 0.585218 -0.0719386 -0.00432 0.0113251 -0.231573 -0.439304 -0.510746 1 0 0 0 0 0 0 0
484 1 0.1 5.55818 2.71262 0.762538 -0.0184375 0.0012395 0.00285752 -0.0410005 -0.0823834 0.0929428 1 0 0 0 0 0 0 0
485 1 0.1 5.26867 3.00591 0.761541 -0.00617375 -0.0150214 -0.0143284 -0.295684 -0.221593 0.23782 1 0 0 0 0 0 0 0
486 1 0.1 5.12209 2.8651 0.692344 -0.0418737 -0.0479541 -0.0616625 0.47661 0.204648 0.303638 1 0 0 0 0 0 0 0
487 1 0.1 4.86431 2.99031 0.76253 -0.0788914 0.0138295 0.000255184 0.0664246 -0.193324 -0.0138899 1 0 0 0 0 0 0 0
488 1 0.1 5.07271 3.04201 0.763112 -0.0163545 -0.0127196 0.00326204 -0.267737 0.454763 -0.26777 1 0 0 0 0 0 0 0
489 1 0.1 5.16986 3.21531 0.76304 0.00485034 -0.00737822 0.00400343 0.00276044 0.0361557 -0.0468639 1 0 0 0 0 0 0 0
490 1 0.1 5.36978 3.21475 0.762988 0.0157069 0.0651402 0.00820209 0.600607 -0.147902 -0.227225 1 0 0 0 0 0 0 0
491 1 0.1 5.29598 3.42021 0.763026 0.0152652 0.0260687 0.000769928 0.251789 -0.154704 0.0309787 1 0 0 0 0 0 0 0
492 1 0.1 5.60517 3.45194 0.753797 -0.0091657 -5.88779e-05 -0.0100846 -0.0330366 0.181 0.056461 1 0 0 0 0 0 0 0
493 1 0.1 5.65846 3.05826 0.762499 0.00405618 0.00364112 -0.00019535 -0.000873307 0.0114576 0.0178447 1 0 0 0 0 0 0 0
494 1 0.1 5.68875 3.63348 0.760012 0.00166019 -0.00558282 0.00251946 0.126636 -0.0872736 -0.0991784 1 0 0 0 0 0 0 0
495 1 0.1 5.836 3.7687 0.762505 -0.00260468 -0.000979766 -1.7567e-05 -0.145225 0.112149 0.164896 1 0 0 0 0 0 0 0
496 1 0.1 5.79676 3.52673 0.630213 0.0120437 0.0120683 -0.00247036 0.096386 -0.0355294 0.148144 1 0 0 0 0 0 0 0
497 1 0.1 6.00767 4.18965 0.538847 0.0224809 0.0028625 -0.000720933 -0.131592 -0.101757 0.0736555 1 0 0 0 0 0 0 0
498 1 0.1 6.10852 4.58658 0.762991 -0.00589638 0.00995266 -0.000456504 0.063035 0.0366 0.14782 1 0 0 0 0 0 0 0
499 1 0.1 6.26485 4.70608 0.727458 0.00716272 -0.00542766 0.00421116 0.193218 0.0120711 0.0280242 1 0 0 0 0 0 0 0
