500
0 1 0.1 5.96461 1.05839 0.150152 -0.00727008 0.00695173 -0.00271447 -0.000857112 0.0115873 0.0367946 1 0 0 0 0 0 0 0
1 1 0.1 5.79258 1.22292 0.150015 -0.0153155 0.0255317 0.00252959 0.0234163 -0.0140913 0.305031 1 0 0 0 0 0 0 0
2 1 0.1 5.64968 1.36929 0.144449 0.0213548 -0.03646 0.0060168 -0.000688553 -0.00255509 -0.00108364 1 0 0 0 0 0 0 0
3 1 0.1 5.33984 1.68397 0.150076 -0.044313 0.0467387 0.000620211 0.138887 0.122106 0.615896 1 0 0 0 0 0 0 0
4 1 0.1 5.49541 1.84156 0.334032 -0.121589 -0.0241096 -0.0943991 0.335935 -0.267403 0.359804 1 0 0 0 0 0 0 0
5 1 0.1 5.14539 1.88998 0.129211 -0.0692264 0.121574 0.0214021 -1.00871 -0.750006 -0.0995316 1 0 0 0 0 0 0 0
6 1 0.1 4.98926 2.05684 0.134698 -0.093259 0.132155 -0.0208933 -1.24292 -0.924617 -0.00634113 1 0 0 0 0 0 0 0
7 1 0.1 4.80193 2.21396 0.145883 0.0124727 0.0136806 -0.00573525 -0.178024 0.367076 0.184396 1 0 0 0 0 0 0 0
8 1 0.1 4.68717 2.70081 0.13741 -0.00589296 -0.00674742 0.00232845 0.0476371 0.00874569 0.0070199 1 0 0 0 0 0 0 0
9 1 0.1 4.66258 2.52068 0.247289 0.0201316 -0.0160608 0.0113909 -0.0894381 -0.183617 0.0220965 1 0 0 0 0 0 0 0
10 1 0.1 4.19435 2.85233 0.135415 0.00990806 0.105674 -0.0100594 -0.991741 0.390611 1.74538 1 0 0 0 0 0 0 0
11 1 0.1 4.19264 2.83072 0.349912 -0.000543259 0.00121514 -0.00238425 0.00394464 0.00445286 0.00514169 1 0 0 0 0 0 0 0
12 1 0.1 4.19613 3.05135 0.137361 0.00850546 0.0977062 -0.00325504 0.160938 0.0748449 -0.162557 1 0 0 0 0 0 0 0
13 1 0.1 4.23107 3.21235 0.249815 0.036812 0.0562205 0.0249529 0.278516 0.0438272 -0.104805 1 0 0 0 0 0 0 0
14 1 0.1 4.37055 3.34608 0.137675 -0.0213802 -0.0262682 0.0104452 -0.0138999 -0.112821 -0.336232 1 0 0 0 0 0 0 0
15 1 0.1 4.52337 3.50658 0.14258 0.00323406 0.0110378 0.00371824 -0.0206094 0.00377997 0.0783842 1 0 0 0 0 0 0 0
16 1 0.1 4.57883 3.31574 0.138433 0.00614742 0.0249211 0.00827217 -0.0235118 0.0364772 -0.00399396 1 0 0 0 0 0 0 0
17 1 0.1 4.6914 3.60895 0.235959 -0.297742 0.0439611 -0.180389 -0.0396703 2.12301 0.911258 1 0 0 0 0 0 0 0
18 1 0.1 4.75445 3.75244 0.111648 0.0218832 0.0233136 -0.0129672 -4.86409 -0.443796 0.194361 1 0 0 0 0 0 0 0
19 1 0.1 4.94608 3.91616 0.134659 0.0282957 0.00371226 0.001593 0.21951 0.191386 -0.253794 1 0 0 0 0 0 0 0
20 1 0.1 5.08021 4.06126 0.147286 0.0107411 0.0150157 0.00378373 -0.0446361 -0.00671086 0.164094 1 0 0 0 0 0 0 0
21 1 0.1 5.22209 4.20154 0.144561 0.00708253 0.0184612 0.00495696 -0.0746347 -0.00170073 0.0986195 1 0 0 0 0 0 0 0
22 1 0.1 5.54129 4.51541 0.140908 -0.0195936 -0.0254416 -0.032285 0.330399 0.121187 -0.295502 1 0 0 0 0 0 0 0
23 1 0.1 5.69172 4.66792 0.150049 -0.0243911 -0.0255384 3.44336e-05 -0.0506977 0.0603729 -0.285636 1 0 0 0 0 0 0 0
24 1 0.1 5.97443 4.95058 0.15 -0.113409 -0.141433 0.00121524 -0.017552 0.0142717 -1.73753 1 0 0 0 0 0 0 0
25 1 0.1 6.10597 0.917063 0.149952 -0.00442699 0.00427104 -0.00155611 -0.0201594 -0.0115284 -0.0232627 1 0 0 0 0 0 0 0
26 1 0.1 5.88247 1.40109 0.137333 -0.00521167 0.0196729 0.000890674 -0.214887 -0.0564091 -0.0362464 1 0 0 0 0 0 0 0
27 1 0.1 5.69542 1.58163 0.137489 0.023028 -0.0495288 -0.000557976 0.525984 0.15874 0.140656 1 0 0 0 0 0 0 0
28 1 0.1 5.50851 1.51079 0.142178 0.022432 -0.0361247 -0.00948455 -0.0675001 0.0681849 -0.417637 1 0 0 0 0 0 0 0
29 1 0.1 5.59425 1.87434 0.136452 0.178673 -0.0588707 -0.00400485 0.0810664 -0.856774 -0.414013 1 0 0 0 0 0 0 0
30 1 0.1 5.39605 1.87529 0.135791 0.158336 -0.00653529 0.0074737 -0.148872 0.917159 -0.323245 1 0 0 0 0 0 0 0
31 1 0.1 5.18741 2.08486 0.137307 -0.0909593 0.137396 0.0013885 -0.00116409 -0.00493186 -0.0395871 1 0 0 0 0 0 0 0
32 1 0.1 5.01687 2.25266 0.136806 0.075722 0.0984115 -0.00350823 0.211924 -0.0451433 0.167005 1 0 0 0 0 0 0 0
33 1 0.1 4.45397 2.55973 0.14818 -0.0524185 0.0291625 0.00565537 -0.307591 0.282621 0.112079 1 0 0 0 0 0 0 0
34 1 0.1 4.91156 2.74135 0.136104 0.0213447 0.043571 -0.00323872 -0.491712 0.284034 -0.0487542 1 0 0 0 0 0 0 0
35 1 0.1 4.32741 2.70456 0.137331 -0.0916773 0.00283776 0.0078413 0.524586 0.583151 1.3257 1 0 0 0 0 0 0 0
36 1 0.1 5.19686 2.89824 0.303325 0.0159742 0.0124 -0.00257258 0.0655838 0.0258668 0.166078 1 0 0 0 0 0 0 0
37 1 0.1 4.38574 2.88851 0.134501 0.0272736 -0.0373298 0.00084192 -1.22528 0.747113 -2.31049 1 0 0 0 0 0 0 0
38 1 0.1 4.37812 3.13351 0.137433 0.0292041 0.0793505 -0.000526929 0.0200449 -0.0325308 -0.0504537 1 0 0 0 0 0 0 0
39 1 0.1 4.45906 3.24263 0.284169 0.03137 0.0227776 0.0166909 -0.0440105 0.264275 -0.0793974 1 0 0 0 0 0 0 0
40 1 0.1 4.94074 3.34062 0.135946 -0.0112201 0.0139808 -0.0060195 0.412177 0.102558 0.416013 1 0 0 0 0 0 0 0
41 1 0.1 4.88708 3.67527 0.235658 -0.0839796 0.0148732 0.0384393 -2.14448 0.814942 -1.68889 1 0 0 0 0 0 0 0
42 1 0.1 5.21524 3.70035 0.136399 0.00950757 -0.00113391 0.000981569 -0.182745 0.256433 -0.136216 1 0 0 0 0 0 0 0
43 1 0.1 5.05925 3.89739 0.291485 0.014376 0.0563229 0.0230809 -0.370932 0.370914 0.426482 1 0 0 0 0 0 0 0
44 1 0.1 5.39343 3.95238 0.137674 0.016585 -0.0257072 -0.00186169 0.06102 0.0338652 -0.156873 1 0 0 0 0 0 0 0
45 1 0.1 5.41534 4.1511 0.137496 -0.00570007 -0.0235132 0.000523243 -0.0556261 0.0687994 -0.538789 1 0 0 0 0 0 0 0
46 1 0.1 5.52829 4.31594 0.140233 -0.00118635 -0.0264431 -0.0384237 -0.248336 0.181991 0.482982 1 0 0 0 0 0 0 0
47 1 0.1 5.76966 4.48431 0.136239 0.0181333 -0.0027618 -0.0013588 0.0189922 0.190775 0.227509 1 0 0 0 0 0 0 0
48 1 0.1 5.8331 4.80927 0.149988 -0.0661039 -0.0420618 -0.00104045 0.0467523 -0.0477655 0.592727 1 0 0 0 0 0 0 0
49 1 0.1 6.12931 5.10635 0.14862 -0.00408423 -0.00468136 0.000457488 0.00680013 -0.0213155 -0.0955778 1 0 0 0 0 0 0 0
50 1 0.1 6.24736 0.775685 0.150007 -0.0033805 0.00276284 0.000295658 0.000477045 0.000516024 -0.0079162 1 0 0 0 0 0 0 0
51 1 0.1 6.01481 1.25147 0.138231 -0.0089338 0.0120405 0.00444879 0.116752 0.144318 -0.0282292 1 0 0 0 0 0 0 0
52 1 0.1 6.02184 1.85163 0.1389 0.0737951 0.0808641 0.0180173 0.0286332 0.137793 -1.29051 1 0 0 0 0 0 0 0
53 1 0.1 5.81823 1.78418 0.137496 -0.299407 -0.0237598 1.12355e-05 0.461939 -0.542322 0.184869 1 0 0 0 0 0 0 0
54 1 0.1 5.75912 1.97048 0.192086 0.158884 -0.0133534 0.0415951 -0.431124 0.117331 0.80299 1 0 0 0 0 0 0 0
55 1 0.1 5.39315 2.076 0.145034 -0.189379 0.0507398 -0.124512 0.606722 1.46802 -0.403274 1 0 0 0 0 0 0 0
56 1 0.1 5.28799 2.26436 0.136752 -0.00908273 0.0201046 -0.00187164 -0.18839 -0.0939568 -0.0399367 1 0 0 0 0 0 0 0
57 1 0.1 5.19471 2.325 0.309687 -0.00554091 0.0397511 0.00555599 -0.130317 0.189327 -0.054673 1 0 0 0 0 0 0 0
58 1 0.1 4.88853 2.36639 0.23555 0.030821 -0.00437654 0.0310733 0.547864 0.0654264 0.690831 1 0 0 0 0 0 0 0
59 1 0.1 4.66286 2.35477 0.136123 -0.00225459 -0.00747804 -0.00983209 -0.0770242 -0.0640976 0.194381 1 0 0 0 0 0 0 0
60 1 0.1 5.29994 2.73221 0.340023 0.0213041 0.011001 -0.0210912 -0.0864251 0.285264 -0.183692 1 0 0 0 0 0 0 0
61 1 0.1 4.60214 2.92733 0.136578 0.0479453 0.0295372 0.00310754 -0.316829 0.410523 -0.271811 1 0 0 0 0 0 0 0
62 1 0.1 4.80141 2.91359 0.137389 0.044861 -0.0108508 0.000165618 -0.0046591 -0.00939761 -0.0043889 1 0 0 0 0 0 0 0
63 1 0.1 4.5739 3.12039 0.175405 0.0432328 0.0270384 -0.00127526 0.147867 -0.051595 0.414556 1 0 0 0 0 0 0 0
64 1 0.1 4.76128 3.23429 0.137668 -0.0756506 -0.150967 0.0112988 0.413084 -0.251856 -1.96113 1 0 0 0 0 0 0 0
65 1 0.1 4.78509 3.50946 0.409063 -0.0197335 -0.00741027 -0.047078 0.218105 -0.055423 -0.0183344 1 0 0 0 0 0 0 0
66 1 0.1 5.31812 3.53178 0.137137 0.0190863 0.000774211 0.000413581 0.0458908 -0.0103995 -0.174497 1 0 0 0 0 0 0 0
67 1 0.1 5.47865 3.6473 0.136558 0.0179242 0.00230048 -0.00129917 -0.165358 0.203947 0.387051 1 0 0 0 0 0 0 0
68 1 0.1 5.20076 3.89937 0.137147 0.0108257 -0.00144556 0.00382043 0.0531504 0.0670897 -0.0148481 1 0 0 0 0 0 0 0
69 1 0.1 5.61235 4.00816 0.423959 0.0396782 -0.069938 0.0281418 -0.580356 -0.0959113 -0.553193 1 0 0 0 0 0 0 0
70 1 0.1 5.60115 4.15234 0.280234 0.068695 -0.069008 -0.00845712 -0.308788 -0.0682709 -0.445966 1 0 0 0 0 0 0 0
71 1 0.1 5.73309 4.19522 0.137338 0.0570983 -0.0559142 -0.0033957 0.585148 0.172852 0.361812 1 0 0 0 0 0 0 0
72 1 0.1 5.88692 4.32239 0.137376 0.0132591 -0.00609696 -0.000449321 0.0368205 0.181026 0.349429 1 0 0 0 0 0 0 0
73 1 0.1 6.12295 4.81696 0.13731 0.00196746 -6.69951e-05 1.05066e-06 -0.0469115 0.0743161 -0.000831825 1 0 0 0 0 0 0 0
74 1 0.1 6.3519 5.33279 0.150005 -0.0115621 -0.0169189 -4.28397e-05 0.000492037 0.000229834 -0.211634 1 0 0 0 0 0 0 0
75 1 0.1 6.2508 0.989987 0.267047 0.00066224 -0.00316038 0.000565125 -0.0135784 0.0345057 -0.000902821 1 0 0 0 0 0 0 0
76 1 0.1 6.15746 1.11016 0.137334 -0.000744619 -0.00253837 0.00127879 0.0153432 -0.0124733 -0.00429784 1 0 0 0 0 0 0 0
77 1 0.1 6.09473 1.66551 0.137384 -0.0155489 0.0410689 0.00328046 0.125592 -0.102108 0.312434 1 0 0 0 0 0 0 0
78 1 0.1 5.94045 2.03419 0.137467 0.123201 0.108215 0.00370749 -0.271855 0.0527499 0.628993 1 0 0 0 0 0 0 0
79 1 0.1 5.72911 2.25675 0.302936 0.0231957 0.000419046 -0.0167022 -0.358955 -0.178049 -0.233937 1 0 0 0 0 0 0 0
80 1 0.1 5.59129 2.11598 0.137066 0.0068237 0.00362201 0.0072398 -0.0212776 -0.0115059 -0.235738 1 0 0 0 0 0 0 0
81 1 0.1 5.60428 2.32648 0.135661 -0.0160747 0.00727622 -0.00523356 -0.0208116 -0.19366 0.176397 1 0 0 0 0 0 0 0
82 1 0.1 5.7746 2.76118 0.141415 0.0208638 -0.000362368 0.00533841 0.0394994 -0.144791 0.0785704 1 0 0 0 0 0 0 0
83 1 0.1 5.39324 2.43408 0.139141 0.00936935 0.00849737 -0.00593708 0.0723465 -0.0136345 -0.173233 1 0 0 0 0 0 0 0
84 1 0.1 4.82871 2.53812 0.137484 0.0149248 -0.00117092 0.000877824 0.0144656 0.202915 0.157983 1 0 0 0 0 0 0 0
85 1 0.1 5.07959 2.63564 0.137028 0.00269274 0.0332784 0.0035339 -0.417027 0.0135681 0.126852 1 0 0 0 0 0 0 0
86 1 0.1 5.60562 2.87534 0.337527 0.0234616 -0.0280656 -0.00408586 -0.133148 -0.282093 -0.457961 1 0 0 0 0 0 0 0
87 1 0.1 5.21624 3.00376 0.136103 0.0130539 0.0121063 -0.000981788 -0.0960184 0.110732 -0.164473 1 0 0 0 0 0 0 0
88 1 0.1 5.13934 3.32624 0.137115 -0.0116744 0.00868319 0.00175885 -0.0662227 -0.289384 -0.0518295 1 0 0 0 0 0 0 0
89 1 0.1 4.83712 3.50869 0.142058 -0.0905987 -0.042097 0.15063 1.27721 0.0787952 1.50713 1 0 0 0 0 0 0 0
90 1 0.1 5.11873 3.52668 0.13438 0.0245978 -0.00105321 -0.0110376 -0.200421 0.334889 0.0486531 1 0 0 0 0 0 0 0
91 1 0.1 5.50183 3.44954 0.137424 -0.00768468 -0.00237275 0.000947613 0.0168154 -0.159292 -0.705426 1 0 0 0 0 0 0 0
92 1 0.1 5.68112 3.61742 0.137164 -0.00499988 0.00288622 0.000255085 0.00253626 -0.110491 -0.398719 1 0 0 0 0 0 0 0
93 1 0.1 5.75828 3.87032 0.267967 0.0214904 -0.0414027 0.0678277 -0.413527 -0.00472965 -0.0127765 1 0 0 0 0 0 0 0
94 1 0.1 5.58431 3.95043 0.211674 0.0324291 -0.0510832 0.0384563 -0.427 0.0820729 -0.180242 1 0 0 0 0 0 0 0
95 1 0.1 5.84331 3.99554 0.137459 -0.106497 -0.0282987 -0.000933437 -0.0520605 1.01257 1.00152 1 0 0 0 0 0 0 0
96 1 0.1 5.97403 4.14442 0.164062 -0.052203 -0.0563432 -0.11805 0.551185 1.33028 -1.3132 1 0 0 0 0 0 0 0
97 1 0.1 6.01001 4.45652 0.219975 0.00179374 -0.00373772 0.011248 0.197407 -0.112378 -0.120807 1 0 0 0 0 0 0 0
98 1 0.1 6.24695 4.95646 0.209038 0.0025329 -0.000164674 -0.00135372 -0.03711 0.0470486 0.0399283 1 0 0 0 0 0 0 0
99 1 0.1 6.32722 5.13434 0.150188 -0.0023176 -0.0180293 0.00346669 -0.00122963 -0.00896868 -0.0406165 1 0 0 0 0 0 0 0
100 1 0.1 6.35819 0.65739 0.349983 -0.00065971 0.00102006 -1.31474e-05 -0.111875 -0.0682334 -0.00917671 1 0 0 0 0 0 0 0
101 1 0.1 6.18161 1.36177 0.137449 0.0159947 -0.0243277 0.000994989 -0.0033262 -0.0199151 -0.420552 1 0 0 0 0 0 0 0
102 1 0.1 6.04861 1.48817 0.216678 0.0301455 0.00664262 -0.0197788 0.155059 -0.0550325 0.30462 1 0 0 0 0 0 0 0
103 1 0.1 5.92796 2.27544 0.289164 0.0276561 0.0563049 0.0448894 -0.559208 0.00867151 0.315016 1 0 0 0 0 0 0 0
104 1 0.1 5.93776 2.94595 0.484869 0.00717839 -0.0083019 0.00609009 0.0974143 -0.163423 -0.0497072 1 0 0 0 0 0 0 0
105 1 0.1 5.80035 2.36323 0.149748 -0.00572958 -0.0248555 -0.0698308 0.0722525 0.876554 -0.118886 1 0 0 0 0 0 0 0
106 1 0.1 5.79244 2.56242 0.137322 0.00704033 -0.00719671 0.00247773 -0.216555 0.0301828 -0.333828 1 0 0 0 0 0 0 0
107 1 0.1 5.83739 3.12353 0.478188 0.0232373 -0.006993 -0.0124032 0.13108 0.0516832 0.0914589 1 0 0 0 0 0 0 0
108 1 0.1 5.585 2.73488 0.196938 0.0141428 -0.0123126 -0.0179965 0.292721 -0.0666973 -0.0255083 1 0 0 0 0 0 0 0
109 1 0.1 5.58301 2.5448 0.136892 0.00113326 -0.0164287 -0.00327846 0.143834 0.00912371 -0.0077707 1 0 0 0 0 0 0 0
110 1 0.1 5.29361 2.60716 0.137453 0.0137591 0.00955006 0.00177872 -0.0810709 0.183201 0.124742 1 0 0 0 0 0 0 0
111 1 0.1 5.21939 2.79239 0.136858 0.00952535 0.00993022 -0.00197111 -0.108537 0.109578 -0.0752655 1 0 0 0 0 0 0 0
112 1 0.1 5.40967 3.05348 0.138147 0.0127567 0.00950165 0.00879734 0.0937482 0.0174389 0.0576719 1 0 0 0 0 0 0 0
113 1 0.1 4.91695 3.10887 0.137991 -0.303915 -0.431498 0.00864614 0.445417 -0.40418 -1.64605 1 0 0 0 0 0 0 0
114 1 0.1 5.4606 3.23478 0.260161 0.00689286 0.0242634 0.00312558 0.159871 -0.290356 0.0624905 1 0 0 0 0 0 0 0
115 1 0.1 5.6394 3.3109 0.174086 -0.0134293 -0.0082551 0.00668275 0.000613147 0.0797918 0.637878 1 0 0 0 0 0 0 0
116 1 0.1 5.59825 3.11943 0.13737 0.0183239 -0.0115412 -0.00110189 0.144808 0.172099 -0.263003 1 0 0 0 0 0 0 0
117 1 0.1 5.83276 3.346 0.137493 -0.0174394 0.00407606 -0.000127912 -0.0813361 -0.0211224 -0.48904 1 0 0 0 0 0 0 0
118 1 0.1 5.83763 3.74142 0.13754 -0.00860126 0.00841257 0.00250116 0.934085 0.824139 0.461136 1 0 0 0 0 0 0 0
119 1 0.1 5.99477 3.86503 0.137485 -0.0411271 0.0499313 -0.000368718 -0.503325 -0.417915 0.0440011 1 0 0 0 0 0 0 0
120 1 0.1 5.86666 3.54307 0.137947 -0.0065836 0.00168018 0.00486625 0.129484 0.00368555 0.377704 1 0 0 0 0 0 0 0
121 1 0.1 6.01489 3.24665 0.13732 0.00495381 -0.00106624 -0.000642363 0.0176069 0.034598 -0.0172659 1 0 0 0 0 0 0 0
122 1 0.1 6.02658 4.24245 0.400334 0.0341184 -0.0543429 0.0663955 0.656516 -0.909113 -0.0423399 1 0 0 0 0 0 0 0
123 1 0.1 6.09838 4.61578 0.137458 -0.00820218 -0.00487539 -0.000176554 -0.00245091 0.0263664 -0.020974 1 0 0 0 0 0 0 0
124 1 0.1 6.24784 4.69967 0.240421 -0.00360437 -0.00952714 -0.00407945 0.0288241 0.0336029 -0.0187131 1 0 0 0 0 0 0 0
125 1 0.1 5.93384 1.08139 0.349346 0.000812668 0.000521173 0.00539339 0.13318 0.0166094 0.0173252 1 0 0 0 0 0 0 0
126 1 0.1 5.79993 1.22964 0.350507 0.0199296 0.0202298 0.0237888 0.16859 -0.0535301 0.109275 1 0 0 0 0 0 0 0
127 1 0.1 5.6525 1.36424 0.344538 -0.000743288 -0.0026081 0.0118488 -0.083846 -0.244578 0.00415764 1 0 0 0 0 0 0 0
128 1 0.1 5.4831 1.54333 0.342134 -0.0971934 0.108346 -0.0305675 -1.59925 -1.11909 0.904137 1 0 0 0 0 0 0 0
129 1 0.1 5.34576 1.68482 0.375498 -0.160323 0.12146 -0.261567 0.805057 2.1616 0.997015 1 0 0 0 0 0 0 0
130 1 0.1 5.07046 1.958 0.282736 -0.153642 0.165592 0.00753144 -0.101189 -0.785385 0.0432201 1 0 0 0 0 0 0 0
131 1 0.1 4.9129 2.11947 0.300509 -0.0866299 0.0802183 -0.0327297 1.38193 1.32675 1.04972 1 0 0 0 0 0 0 0
132 1 0.1 4.80327 2.23283 0.411284 -0.0256027 0.0113293 0.0446035 -1.07385 0.0904892 -0.394901 1 0 0 0 0 0 0 0
133 1 0.1 4.66066 2.36284 0.376966 -0.00570315 0.00869599 0.0236706 0.450279 0.289715 0.17082 1 0 0 0 0 0 0 0
134 1 0.1 4.62462 2.52671 0.480256 -0.0154642 -0.00283839 0.0244143 0.0468822 0.155047 0.245414 1 0 0 0 0 0 0 0
135 1 0.1 4.48726 2.53795 0.341564 0.0128385 -0.0116622 6.32593e-05 -0.0722857 -0.49009 -0.0341718 1 0 0 0 0 0 0 0
136 1 0.1 4.33432 2.68974 0.344643 -0.00303667 0.00192302 -0.00517384 -0.0104276 0.00551713 0.0036694 1 0 0 0 0 0 0 0
137 1 0.1 4.48484 2.90518 0.294147 0.0226047 0.0244983 -0.0158032 -0.185833 -0.8027 1.07931 1 0 0 0 0 0 0 0
138 1 0.1 4.34447 3.05486 0.318132 -0.0270917 0.0293129 -0.0334441 0.563904 0.436066 -0.542215 1 0 0 0 0 0 0 0
139 1 0.1 4.31451 3.29102 0.413321 0.03729 0.0220978 0.0408479 0.114906 -0.0401409 0.0801517 1 0 0 0 0 0 0 0
140 1 0.1 4.63679 3.38475 0.360384 -0.03953 -0.0422178 0.0283304 -1.4792 -0.312984 0.866149 1 0 0 0 0 0 0 0
141 1 0.1 4.59678 3.57381 0.408576 -0.00129635 -0.00277911 -0.0264099 0.171494 0.0817237 0.0019945 1 0 0 0 0 0 0 0
142 1 0.1 4.73862 3.71463 0.405324 0.00459462 -0.000918605 -0.02031 0.125127 0.175904 0.041467 1 0 0 0 0 0 0 0
143 1 0.1 5.09331 4.07566 0.357451 0.0812455 0.0829821 -0.0285036 0.28996 -0.184949 -0.0115515 1 0 0 0 0 0 0 0
144 1 0.1 5.43808 4.04262 0.311321 0.0390563 -0.0155347 0.000966343 -0.212483 -0.148914 -0.0810565 1 0 0 0 0 0 0 0
145 1 0.1 5.23042 4.21513 0.355827 0.115696 0.127321 0.0109798 -0.285949 0.099293 -1.13028 1 0 0 0 0 0 0 0
146 1 0.1 5.35032 4.32343 0.238303 0.0948734 0.0909153 -0.0805468 -0.234925 0.803568 0.488921 1 0 0 0 0 0 0 0
147 1 0.1 5.54096 4.51511 0.340838 -0.00273007 -0.0100576 -0.0326501 -0.486485 0.0451263 -0.170756 1 0 0 0 0 0 0 0
148 1 0.1 5.7279 4.71148 0.350002 -0.387561 -0.238882 -0.000478894 -0.0306171 0.0459517 -2.71498 1 0 0 0 0 0 0 0
149 1 0.1 5.91176 4.88489 0.360532 0.00457853 0.00243175 0.00688982 -0.0333362 -0.0661567 0.0494239 1 0 0 0 0 0 0 0
150 1 0.1 6.07549 0.94027 0.349255 0.000317513 0.000649027 0.00114002 -0.0482518 -0.0444033 -0.0121215 1 0 0 0 0 0 0 0
151 1 0.1 5.8306 1.70058 0.318753 -0.191191 -0.117344 -0.0489535 -0.245543 1.25254 -1.8945 1 0 0 0 0 0 0 0
152 1 0.1 5.54688 1.69454 0.209359 0.0137382 -0.0282742 -0.0374264 -0.533141 -1.52845 -0.0093167 1 0 0 0 0 0 0 0
153 1 0.1 5.9723 2.20214 0.469804 0.0103764 0.0625257 0.050016 0.734791 -0.578939 0.64028 1 0 0 0 0 0 0 0
154 1 0.1 5.716 1.95661 0.386795 -0.0587789 0.0515097 0.000805383 0.104333 -0.145284 -0.27057 1 0 0 0 0 0 0 0
155 1 0.1 5.29933 1.86557 0.303662 -0.0922035 0.194822 -0.125269 -0.71924 -3.57811 -2.14975 1 0 0 0 0 0 0 0
156 1 0.1 5.18543 2.23763 0.489218 0.00452682 0.0371049 0.00078241 0.612891 0.10201 0.4094 1 0 0 0 0 0 0 0
157 1 0.1 4.88872 2.13135 0.5586 -0.0208435 0.0233773 0.0427536 0.625819 0.175748 0.135132 1 0 0 0 0 0 0 0
158 1 0.1 4.8136 2.46859 0.450522 -0.00912327 0.0299753 -0.000193801 -0.155354 0.265285 0.509916 1 0 0 0 0 0 0 0
159 1 0.1 4.74425 2.79855 0.542848 0.0255632 0.0216959 -0.00615863 0.0191845 -1.20567 -0.296702 1 0 0 0 0 0 0 0
160 1 0.1 4.72595 2.68959 0.33313 0.0172262 -0.00694327 0.000395917 -0.0342935 0.20618 0.0238765 1 0 0 0 0 0 0 0
161 1 0.1 4.66183 2.87356 0.377688 0.00134887 -0.0066433 -0.0120826 0.781718 0.0701631 -0.164935 1 0 0 0 0 0 0 0
162 1 0.1 4.57562 3.0518 0.380416 -0.00544619 -0.0138782 0.0849801 0.244996 -0.056456 -0.0343769 1 0 0 0 0 0 0 0
163 1 0.1 4.75604 3.03736 0.44929 -0.000898864 0.0230717 0.0657552 0.37234 0.701617 -0.217907 1 0 0 0 0 0 0 0
164 1 0.1 4.30901 3.29311 0.756081 0.0242072 0.0377343 -0.0139601 -0.0483242 0.0861714 0.319199 1 0 0 0 0 0 0 0
165 1 0.1 4.72943 3.45562 0.593279 0.0285038 0.00728929 -0.0297098 -0.154832 0.0521038 -0.471185 1 0 0 0 0 0 0 0
166 1 0.1 4.96184 3.37779 0.450532 0.00362795 0.0316161 -0.0257228 -0.271397 0.0143047 0.591981 1 0 0 0 0 0 0 0
167 1 0.1 5.11875 3.6404 0.296811 0.00892498 -0.00316387 -0.00973302 0.140287 -0.169588 0.240583 1 0 0 0 0 0 0 0
168 1 0.1 5.25447 3.96798 0.316305 0.0289361 0.0256269 0.00133613 -0.402917 -0.0656641 -0.410011 1 0 0 0 0 0 0 0
169 1 0.1 5.48427 3.86144 0.380462 -0.0126941 -0.0178908 0.00935141 0.271077 -0.565439 -0.366489 1 0 0 0 0 0 0 0
170 1 0.1 5.41751 4.20901 0.420066 0.0947239 0.00143815 -0.0122845 -0.115827 0.113073 -0.570071 1 0 0 0 0 0 0 0
171 1 0.1 5.58292 4.31483 0.394377 0.11427 -0.0699338 -0.000324374 0.422782 0.0535578 -0.105845 1 0 0 0 0 0 0 0
172 1 0.1 5.73535 4.3446 0.272028 0.0770786 -0.0287236 -0.0176403 0.30908 0.360226 0.0434033 1 0 0 0 0 0 0 0
173 1 0.1 5.8648 4.57854 0.283201 0.00557296 0.00611779 -0.000148301 -0.0224346 -0.214416 -0.0311831 1 0 0 0 0 0 0 0
174 1 0.1 6.09147 5.07156 0.350688 0.00503324 0.000803827 0.00738343 -0.0544603 -0.0520778 -0.0188513 1 0 0 0 0 0 0 0
175 1 0.1 6.21678 0.798774 0.350123 -0.0009667 0.000348154 -0.00270542 0.0690438 0.0781535 0.000132173 1 0 0 0 0 0 0 0
176 1 0.1 5.80321 1.48736 0.298993 -0.0817476 0.0666134 -0.0666596 -1.06716 -0.176743 1.44297 1 0 0 0 0 0 0 0
177 1 0.1 5.89977 1.88791 0.307716 -0.00928332 -0.170109 0.14033 0.107822 -1.17929 -3.21079 1 0 0 0 0 0 0 0
178 1 0.1 5.84657 2.09588 0.319666 0.0802999 0.0408896 0.0495645 0.379495 -0.270006 0.29947 1 0 0 0 0 0 0 0
179 1 0.1 5.54683 2.0328 0.31204 -0.0631165 -0.016474 -0.00741397 0.494 -0.216442 -0.910374 1 0 0 0 0 0 0 0
180 1 0.1 5.42755 2.12972 0.438649 -0.0119463 0.029978 0.00795166 -0.0133896 0.089363 -0.341375 1 0 0 0 0 0 0 0
181 1 0.1 5.28692 2.14888 0.297938 -0.0142412 0.0340046 0.00486417 0.0201041 -0.121017 0.262097 1 0 0 0 0 0 0 0
182 1 0.1 5.00695 2.28288 0.370561 0.0354335 -0.00575846 0.0229154 -0.0350598 -0.311564 -0.116009 1 0 0 0 0 0 0 0
183 1 0.1 4.96157 2.63388 0.297428 0.0153376 0.0518798 0.0166047 -0.10173 0.0321572 0.650211 1 0 0 0 0 0 0 0
184 1 0.1 5.12285 2.66891 0.409107 0.0382611 0.0663407 -0.0171647 -0.58349 0.324538 -1.28226 1 0 0 0 0 0 0 0
185 1 0.1 5.0355 2.87909 0.615599 0.0191981 -0.0350242 -0.000877875 0.109856 0.30221 -0.585958 1 0 0 0 0 0 0 0
186 1 0.1 5.01754 2.82205 0.28212 -0.00112849 0.0565308 0.00760898 0.0249745 0.184789 -0.591114 1 0 0 0 0 0 0 0
187 1 0.1 4.52518 2.71364 0.25394 0.00110047 0.00537827 0.0171199 0.010675 -0.156182 -0.418443 1 0 0 0 0 0 0 0
188 1 0.1 4.75125 3.06946 0.252063 0.0238206 -0.0377673 0.0430067 -0.209446 -0.363389 -1.14633 1 0 0 0 0 0 0 0
189 1 0.1 5.23957 3.34255 0.321231 -0.00281851 -0.00157828 0.0205085 0.141666 -0.266818 0.337401 1 0 0 0 0 0 0 0
190 1 0.1 5.06594 3.43709 0.298124 0.0112846 0.012967 -0.0156566 0.027609 -0.23599 -0.49376 1 0 0 0 0 0 0 0
191 1 0.1 5.29239 3.55844 0.35206 -0.0125965 -0.00352723 -0.00997393 -0.153934 -0.187915 0.213758 1 0 0 0 0 0 0 0
192 1 0.1 5.27481 3.76379 0.316529 -0.013234 0.0305079 -0.00590915 0.200962 0.458256 -0.344282 1 0 0 0 0 0 0 0
193 1 0.1 5.597 3.7531 0.256809 0.00457232 -0.0165694 0.0281855 0.51891 -0.407914 -0.279573 1 0 0 0 0 0 0 0
194 1 0.1 5.61986 3.85275 0.572464 0.00314749 0.00253736 0.0111582 -0.437019 -0.643585 0.33008 1 0 0 0 0 0 0 0
195 1 0.1 5.71188 4.17738 0.46023 0.0756808 -0.0886583 0.0164186 -0.157922 -0.924817 -0.0806592 1 0 0 0 0 0 0 0
196 1 0.1 5.85291 4.18957 0.316589 0.073482 -0.0306269 -0.0287332 -0.354492 -0.100917 -0.107453 1 0 0 0 0 0 0 0
197 1 0.1 5.81062 4.01226 0.398176 0.0357476 -0.000829677 0.0226716 -0.265476 -0.069201 -0.233184 1 0 0 0 0 0 0 0
198 1 0.1 5.98931 4.73167 0.258438 0.00927524 0.00249209 0.00916287 0.0111642 0.0472216 -0.00491407 1 0 0 0 0 0 0 0
199 1 0.1 6.23416 5.21046 0.336327 0.00166464 0.00252799 0.00424917 -0.0588343 -0.00632013 -0.00790475 1 0 0 0 0 0 0 0
200 1 0.1 6.0991 1.19248 0.309638 0.00452962 0.0109755 -0.00143722 -0.149385 0.0422 -0.0667809 1 0 0 0 0 0 0 0
201 1 0.1 5.9611 1.34411 0.323585 0.033573 0.00787151 0.00289044 -0.310435 0.208009 -0.297832 1 0 0 0 0 0 0 0
202 1 0.1 6.03244 1.82573 0.489374 -0.00396359 -0.0473918 -0.00735627 0.388676 -0.757886 -0.892433 1 0 0 0 0 0 0 0
203 1 0.1 5.94666 2.48372 0.599608 0.00284642 -0.0495967 -0.00972093 -0.00866614 -0.00453786 -0.552843 1 0 0 0 0 0 0 0
204 1 0.1 5.90814 2.47362 0.277431 -0.0280432 0.0387548 -0.0228238 -0.110655 -0.367494 0.251753 1 0 0 0 0 0 0 0
205 1 0.1 5.53133 2.23134 0.29392 0.0203299 0.00287154 0.00100057 0.0899353 0.176695 0.205119 1 0 0 0 0 0 0 0
206 1 0.1 5.38845 2.36488 0.331943 0.00811262 -0.000704715 0.0104449 -0.109 -0.237025 -0.177033 1 0 0 0 0 0 0 0
207 1 0.1 5.46717 2.49374 0.461489 -0.00087387 0.0232425 -0.00399435 -0.213423 -0.0362378 -0.201551 1 0 0 0 0 0 0 0
208 1 0.1 5.18788 2.43752 0.136775 -0.0127191 0.0217704 0.00140257 -0.208157 -0.0905775 -0.175095 1 0 0 0 0 0 0 0
209 1 0.1 5.46746 2.62696 0.314462 0.0100644 -0.0107063 -0.0292478 -0.205897 0.00044395 0.00216578 1 0 0 0 0 0 0 0
210 1 0.1 5.73222 2.94334 0.510452 0.0123868 0.0079906 0.00204693 -0.0093498 -0.0126058 -0.0656641 1 0 0 0 0 0 0 0
211 1 0.1 5.37898 2.87552 0.224051 0.0137556 0.00356281 -0.00587973 0.0358212 -0.067001 -0.0623455 1 0 0 0 0 0 0 0
212 1 0.1 4.85077 2.91223 0.331089 -0.0061127 0.0595961 0.0118458 0.0564485 -0.189431 0.574367 1 0 0 0 0 0 0 0
213 1 0.1 5.01476 3.01157 0.387079 0.0139559 0.0135149 0.0322586 -0.333845 -0.267634 -0.350472 1 0 0 0 0 0 0 0
214 1 0.1 5.33866 3.33407 0.136679 -0.00900641 0.00025894 -0.00145033 0.0696744 -0.206017 -0.109214 1 0 0 0 0 0 0 0
215 1 0.1 5.60281 3.35535 0.367896 -0.0106469 -0.0174231 0.0107719 -0.0709374 -0.0844898 0.161023 1 0 0 0 0 0 0 0
216 1 0.1 5.72874 3.47225 0.266002 -0.0263446 -0.0214018 -0.0172285 0.106694 0.54681 -0.279492 1 0 0 0 0 0 0 0
217 1 0.1 5.51181 3.5678 0.316058 0.0476686 -0.00233106 -0.00864537 0.24701 0.0657914 -0.268557 1 0 0 0 0 0 0 0
218 1 0.1 5.94597 3.84835 0.333046 0.0346244 -0.0227477 0.0304976 0.359734 0.399752 0.187977 1 0 0 0 0 0 0 0
219 1 0.1 5.99323 3.67545 0.244371 -0.00248669 -0.00847346 -0.0176759 -0.14532 -0.766969 -0.0882344 1 0 0 0 0 0 0 0
220 1 0.1 6.02761 3.40274 0.453522 0.0475181 -0.0055897 -0.0245809 0.512478 0.0808354 0.395712 1 0 0 0 0 0 0 0
221 1 0.1 6.029 3.77515 0.499564 0.0365235 -0.0954132 -0.00281433 0.0344393 0.0553329 -1.1534 1 0 0 0 0 0 0 0
222 1 0.1 6.00641 3.42742 0.222163 0.00297085 0.00301448 -0.0109612 -0.179687 1.00337 0.528737 1 0 0 0 0 0 0 0
223 1 0.1 6.10965 4.87418 0.328812 0.00889616 0.00170402 0.00733287 0.0562772 0.0616041 0.0551532 1 0 0 0 0 0 0 0
224 1 0.1 6.23921 4.9945 0.461204 0.00487525 -0.00688055 0.00215529 -0.0546308 0.146652 -0.0244316 1 0 0 0 0 0 0 0
225 1 0.1 5.97279 1.535 0.395493 0.00280538 -0.0196138 -0.0219225 -0.0422311 -0.128946 0.162363 1 0 0 0 0 0 0 0
226 1 0.1 5.78576 2.16085 0.137261 0.0189761 -0.0132869 -0.00481575 -0.0385239 0.205154 -0.192143 1 0 0 0 0 0 0 0
227 1 0.1 6.03013 1.7125 0.323183 -0.199214 0.023382 -0.0663341 -0.84309 -1.13789 3.28513 1 0 0 0 0 0 0 0
228 1 0.1 5.99054 2.58941 0.137436 0.00390325 0.0179884 -0.00286455 -0.0610519 -0.0829585 -0.241718 1 0 0 0 0 0 0 0
229 1 0.1 5.56432 2.92306 0.137136 0.00507854 -0.00936522 -0.00114906 -0.10035 0.000809742 0.129968 1 0 0 0 0 0 0 0
230 1 0.1 5.99366 3.02538 0.251378 0.0159455 0.00968326 -0.00988569 0.0221977 0.124589 0.0699178 1 0 0 0 0 0 0 0
231 1 0.1 5.8193 2.38095 0.430462 -0.00718149 0.0281229 -0.0239103 0.0156523 0.111254 0.446381 1 0 0 0 0 0 0 0
232 1 0.1 5.5741 2.4322 0.300994 0.0120225 -0.00465725 0.00927709 -0.107538 0.0930889 0.115832 1 0 0 0 0 0 0 0
233 1 0.1 5.85969 2.6095 0.470758 0.0274621 -0.0116881 0.0115796 -0.170654 0.215247 0.634333 1 0 0 0 0 0 0 0
234 1 0.1 5.7392 2.72631 0.334062 0.0431256 -0.0300031 0.001376 0.0935664 0.232537 0.576346 1 0 0 0 0 0 0 0
235 1 0.1 5.92095 2.80934 0.328675 0.0253463 0.00852808 -0.0180707 0.0789415 0.0655225 -0.165837 1 0 0 0 0 0 0 0
236 1 0.1 5.64015 3.11877 0.58902 0.00188739 -0.0199808 -0.00664488 0.0411158 0.0685144 -0.223901 1 0 0 0 0 0 0 0
237 1 0.1 5.47908 3.00865 0.415793 0.0281809 -0.00286749 -0.0381426 0.0114912 -0.0976579 0.160364 1 0 0 0 0 0 0 0
238 1 0.1 5.27421 3.17062 0.227031 0.0117841 0.00471354 0.0148167 -0.105675 0.0398299 0.0130168 1 0 0 0 0 0 0 0
239 1 0.1 5.66044 3.08752 0.39273 0.0192133 0.00829295 -0.00957462 -0.0439851 -0.135738 0.0533001 1 0 0 0 0 0 0 0
240 1 0.1 5.81573 2.97933 0.330041 0.0210544 0.00703262 -0.000919057 0.0618002 0.0307136 -0.0503024 1 0 0 0 0 0 0 0
241 1 0.1 5.58655 3.33299 0.580826 0.00790326 -0.0187942 -0.00273416 -0.0127625 0.0794167 -0.162652 1 0 0 0 0 0 0 0
242 1 0.1 5.76005 3.24296 0.317237 0.00980452 0.0141488 -0.000859373 0.107476 -0.0189666 -0.111003 1 0 0 0 0 0 0 0
243 1 0.1 5.80292 3.38925 0.444691 0.0300798 -0.00390537 0.0102142 0.112371 0.199873 0.00783717 1 0 0 0 0 0 0 0
244 1 0.1 5.75627 3.65909 0.331658 0.00257831 -0.0335148 0.00740862 -0.0811279 0.398097 0.267112 1 0 0 0 0 0 0 0
245 1 0.1 5.84984 3.13997 0.172817 0.00421269 0.00421635 0.00364504 -0.148675 -0.0181275 -0.038797 1 0 0 0 0 0 0 0
246 1 0.1 5.91033 3.53522 0.360332 0.0251971 -0.00273915 0.00799141 -0.160936 -0.215128 0.0713676 1 0 0 0 0 0 0 0
247 1 0.1 5.89727 4.39332 0.378138 0.0510276 -0.0453581 0.0228504 0.159052 -0.726994 0.0679969 1 0 0 0 0 0 0 0
248 1 0.1 6.05754 4.50648 0.416019 0.00920035 -0.00274087 0.0672598 -0.90637 -0.361366 0.28765 1 0 0 0 0 0 0 0
249 1 0.1 6.13391 4.69086 0.404488 0.00126488 -0.00358588 -0.000804594 0.0331422 0.0372359 -0.17895 1 0 0 0 0 0 0 0
250 1 0.1 5.99784 1.03426 0.532354 0.00244249 0.0106196 0.00897345 -0.187433 -0.0692118 -0.245076 1 0 0 0 0 0 0 0
251 1 0.1 5.72427 1.2909 0.550935 0.031707 -0.040861 -0.0321559 -0.230067 0.0416784 -0.0401086 1 0 0 0 0 0 0 0
252 1 0.1 5.58337 1.43243 0.545288 0.0584948 -0.0349368 -0.0633664 -0.405955 0.103456 -0.277329 1 0 0 0 0 0 0 0
253 1 0.1 5.44252 1.573 0.55056 0.158757 -0.106995 -0.131431 -0.456839 -0.0693744 0.0194421 1 0 0 0 0 0 0 0
254 1 0.1 5.30519 1.71587 0.568833 0.275249 -0.173234 -0.0749468 0.699617 0.793924 -0.359155 1 0 0 0 0 0 0 0
255 1 0.1 5.14887 1.87191 0.425997 -0.0549919 0.103405 -0.0742968 5.23258 4.29893 0.796522 1 0 0 0 0 0 0 0
256 1 0.1 5.07819 2.07747 0.539036 -0.0204128 0.0603774 -0.00779074 0.477326 0.0337492 0.135736 1 0 0 0 0 0 0 0
257 1 0.1 4.81731 2.31493 0.589339 0.00698552 0.0434274 0.0187057 0.635088 -0.0142696 -0.173927 1 0 0 0 0 0 0 0
258 1 0.1 4.69081 2.45141 0.649571 -0.0114657 0.0189555 0.0285365 -0.139027 -0.3551 0.24511 1 0 0 0 0 0 0 0
259 1 0.1 4.79177 2.61171 0.59171 -0.0319002 0.0162311 0.0146102 -0.0558619 0.313505 -0.0551603 1 0 0 0 0 0 0 0
260 1 0.1 4.58091 2.71666 0.467865 0.0335922 0.00122626 0.0169005 -0.890178 0.409758 0.137831 1 0 0 0 0 0 0 0
261 1 0.1 4.45493 2.87282 0.482881 -0.0920211 -0.038812 -0.0359149 0.6452 -0.494181 0.362437 1 0 0 0 0 0 0 0
262 1 0.1 4.34884 2.85807 0.644791 -0.0149956 0.0172392 0.0275498 -1.81835 1.47462 0.39953 1 0 0 0 0 0 0 0
263 1 0.1 4.19145 3.01981 0.441815 0.00128409 0.0161589 -0.00154913 -0.0121602 -0.0257953 0.12159 1 0 0 0 0 0 0 0
264 1 0.1 4.23766 3.2126 0.580161 0.0263742 0.0221313 0.042525 -0.310348 -0.294732 0.373184 1 0 0 0 0 0 0 0
265 1 0.1 4.39419 3.36727 0.591975 0.0108938 0.00484357 -0.0375635 -0.48382 0.0464914 0.264189 1 0 0 0 0 0 0 0
266 1 0.1 4.45531 3.434 0.414045 -0.00933229 -0.00407857 -0.0491344 0.406423 0.39523 -0.22237 1 0 0 0 0 0 0 0
267 1 0.1 4.67898 3.65159 0.5855 0.030859 0.0206049 -0.00505165 0.00204368 -0.000811648 0.000634787 1 0 0 0 0 0 0 0
268 1 0.1 4.95537 3.93564 0.456102 0.00200233 -0.00200807 0.0328363 0.0857403 -0.167686 0.184333 1 0 0 0 0 0 0 0
269 1 0.1 5.07338 4.04466 0.574357 0.00410212 0.00265851 0.0106175 -0.0550141 0.0291784 -0.0129067 1 0 0 0 0 0 0 0
270 1 0.1 5.21377 4.19077 0.553581 0.00871066 0.00596481 0.00118917 0.0386695 -0.1147 0.0746561 1 0 0 0 0 0 0 0
271 1 0.1 5.35966 4.33532 0.567089 -0.0102875 -0.0125863 -0.00239244 0.0338041 0.174402 -0.310371 1 0 0 0 0 0 0 0
272 1 0.1 5.51352 4.49593 0.53783 0.035648 0.0273531 -0.0255317 0.022265 0.354887 0.551649 1 0 0 0 0 0 0 0
273 1 0.1 5.65421 4.63157 0.576796 0.0198264 0.0352035 -0.0155832 0.301539 0.0225134 -0.119564 1 0 0 0 0 0 0 0
274 1 0.1 5.7909 4.77428 0.550132 0.0213838 0.0331962 0.00209123 0.0800857 0.119346 0.0302563 1 0 0 0 0 0 0 0
275 1 0.1 6.13409 0.888682 0.546216 -0.00893366 0.00273287 0.0213953 0.196077 -0.122895 0.107828 1 0 0 0 0 0 0 0
276 1 0.1 5.76091 1.49217 0.612072 0.0220441 0.0313553 -0.0507571 -0.505314 -0.376134 0.144451 1 0 0 0 0 0 0 0
277 1 0.1 5.69153 1.5702 0.442137 -0.084532 0.00042689 -0.0491706 0.796647 0.889452 -0.0434254 1 0 0 0 0 0 0 0
278 1 0.1 5.66377 1.76477 0.4081 -0.0992957 0.0525138 0.00074804 -0.238709 -0.508594 0.0900223 1 0 0 0 0 0 0 0
279 1 0.1 5.53799 1.78982 0.565012 -0.050867 -0.104399 -0.181274 -1.26457 1.4812 -1.40081 1 0 0 0 0 0 0 0
280 1 0.1 5.37846 1.88373 0.489639 -0.0610592 -0.00776788 -0.0398976 -0.452702 1.15044 -0.441999 1 0 0 0 0 0 0 0
281 1 0.1 5.25269 2.03465 0.455661 -0.0219464 0.0489469 0.00661963 -0.0792836 0.152214 -0.485334 1 0 0 0 0 0 0 0
282 1 0.1 5.0142 2.00798 0.748093 -0.631678 -0.634058 -0.0612948 1.07136 -0.0903512 -8.15952 1 0 0 0 0 0 0 0
283 1 0.1 5.01163 2.28726 0.568601 0.000242759 0.00713213 0.0196905 -0.134492 -0.0206431 -0.255162 1 0 0 0 0 0 0 0
284 1 0.1 4.91275 2.74192 0.455983 0.0316851 0.0106056 0.037424 0.327378 0.630977 -0.0511474 1 0 0 0 0 0 0 0
285 1 0.1 4.4038 2.63018 0.72254 0.0109044 0.0312845 9.29681e-07 -0.238307 0.0484294 -0.442636 1 0 0 0 0 0 0 0
286 1 0.1 4.53028 2.78311 0.646276 0.0100268 0.0852431 -0.0158982 0.389712 -0.0608883 0.104558 1 0 0 0 0 0 0 0
287 1 0.1 4.60696 3.15102 0.764336 0.00595981 0.10873 -0.00794868 0.563309 1.28965 2.0052 1 0 0 0 0 0 0 0
288 1 0.1 4.46767 3.183 0.482883 0.0115943 0.00286794 0.0636213 -0.213184 -0.120204 -0.0317434 1 0 0 0 0 0 0 0
289 1 0.1 4.73442 3.22505 0.413873 0.0426672 0.0257524 0.0459558 -0.206781 0.545297 -0.305529 1 0 0 0 0 0 0 0
290 1 0.1 4.82221 3.35189 0.292228 -0.0107019 -0.0225487 -0.0164794 -0.267725 -0.129639 0.107766 1 0 0 0 0 0 0 0
291 1 0.1 4.90938 3.566 0.644603 -0.0666565 -0.0583793 -0.044283 -0.905873 -0.390664 -0.103338 1 0 0 0 0 0 0 0
292 1 0.1 4.96459 3.57562 0.463153 -0.0503789 0.0301723 -0.0205128 0.23585 0.401112 0.161463 1 0 0 0 0 0 0 0
293 1 0.1 4.9866 3.75011 0.389105 0.0181838 0.0185144 -0.0237581 0.504331 -0.64007 -0.713224 1 0 0 0 0 0 0 0
294 1 0.1 5.16464 3.8562 0.455448 0.0128595 0.0299577 0.0146911 0.360053 -0.630225 -0.384477 1 0 0 0 0 0 0 0
295 1 0.1 5.26624 3.99787 0.552426 0.0121169 0.00277958 0.0416405 -0.420292 -0.0312002 -0.158173 1 0 0 0 0 0 0 0
296 1 0.1 5.54746 4.27302 0.584773 -0.0100193 -0.0149684 -0.0097294 -0.34007 -0.44782 -0.576625 1 0 0 0 0 0 0 0
297 1 0.1 5.68556 4.41495 0.590182 -0.0014416 -0.0314756 -0.00209661 -0.115622 -0.694126 -0.998149 1 0 0 0 0 0 0 0
298 1 0.1 5.74274 4.51315 0.426519 0.0411178 -0.0353131 0.0109125 0.279024 0.533569 0.410197 1 0 0 0 0 0 0 0
299 1 0.1 6.07449 5.05524 0.556919 0.0201258 0.0297704 0.00514281 0.0178514 -0.0287598 0.0019481 1 0 0 0 0 0 0 0
300 1 0.1 6.27483 0.746704 0.550034 -0.0049565 0.00643169 0.00133797 0.0991964 0.0597407 0.0545722 1 0 0 0 0 0 0 0
301 1 0.1 5.89471 1.38849 0.506862 0.00667858 -0.00308603 -0.000810263 -0.207418 0.223853 -0.216801 1 0 0 0 0 0 0 0
302 1 0.1 5.89573 1.68102 0.507991 -0.0281912 -0.0224993 -0.0288602 -0.322869 0.546943 0.496248 1 0 0 0 0 0 0 0
303 1 0.1 5.83989 1.85912 0.579548 -0.0265647 -0.0475141 0.00885626 0.572152 0.06142 -0.275309 1 0 0 0 0 0 0 0
304 1 0.1 5.66357 1.95315 0.579666 0.0100695 0.018045 0.021646 -0.0415499 -0.193799 -0.471317 1 0 0 0 0 0 0 0
305 1 0.1 5.4798 2.02758 0.603156 0.018306 0.0502205 -0.000902914 0.20616 -0.1371 0.0936251 1 0 0 0 0 0 0 0
306 1 0.1 5.29941 2.3987 0.506973 0.00559365 0.0286938 0.00551874 -0.20509 0.0927826 0.211388 1 0 0 0 0 0 0 0
307 1 0.1 5.15157 2.39558 0.661528 -0.00149297 0.0140936 0.0122832 -0.327611 -0.0817889 0.27177 1 0 0 0 0 0 0 0
308 1 0.1 5.05404 2.46264 0.281208 0.0060266 0.0551299 0.0176874 -0.136119 0.222518 -0.232999 1 0 0 0 0 0 0 0
309 1 0.1 4.97998 2.56536 0.542754 -0.0594217 -0.0336584 -0.0409122 -0.317187 0.302581 -0.408059 1 0 0 0 0 0 0 0
310 1 0.1 5.18831 2.83773 0.493681 0.0470656 0.0506127 0.00870931 0.779609 -0.588792 1.05106 1 0 0 0 0 0 0 0
311 1 0.1 4.69435 2.81748 0.753824 0.0105323 0.0480962 -0.002338 0.0137817 -0.000346649 -0.290875 1 0 0 0 0 0 0 0
312 1 0.1 4.54452 3.04505 0.608639 -0.0113797 0.085477 0.0118899 0.348175 0.450316 1.02905 1 0 0 0 0 0 0 0
313 1 0.1 4.92703 3.19041 0.402748 0.0304101 0.0199366 0.00976876 0.189113 -0.0486946 0.0800957 1 0 0 0 0 0 0 0
314 1 0.1 5.1201 3.17825 0.353731 0.0247761 0.00564681 0.0237414 -0.0148683 -0.106091 -0.0642577 1 0 0 0 0 0 0 0
315 1 0.1 5.13517 3.30413 0.50842 -0.0230969 0.015513 0.0170629 0.100689 0.119093 -0.756872 1 0 0 0 0 0 0 0
316 1 0.1 5.41168 3.40466 0.397844 -0.00647717 0.00287473 0.0212065 -0.158681 0.251238 -0.317143 1 0 0 0 0 0 0 0
317 1 0.1 5.16858 3.65946 0.489061 -0.019794 0.0199931 -0.00183975 -0.196525 -0.195662 0.14369 1 0 0 0 0 0 0 0
318 1 0.1 5.36769 3.66148 0.505878 -0.00590562 0.00479676 -0.0490232 0.162077 0.655363 -0.268988 1 0 0 0 0 0 0 0
319 1 0.1 5.42099 3.87269 0.569504 0.000779935 -0.0198236 0.013739 -0.0575897 0.720498 -0.110474 1 0 0 0 0 0 0 0
320 1 0.1 5.43021 4.10531 0.590587 0.00907949 0.016531 -0.00314313 0.115901 0.370413 0.285461 1 0 0 0 0 0 0 0
321 1 0.1 5.77102 4.01561 0.593826 -0.014666 -0.0689146 0.0144316 0.892096 -0.449756 0.52989 1 0 0 0 0 0 0 0
322 1 0.1 5.84313 4.2994 0.548339 0.00697957 -0.0497635 0.052169 -0.0499928 0.139803 0.533812 1 0 0 0 0 0 0 0
323 1 0.1 5.92627 4.66451 0.452632 0.00132781 0.0124134 -0.00147659 -0.165501 0.00387347 -0.279545 1 0 0 0 0 0 0 0
324 1 0.1 6.21489 5.19727 0.548133 0.0173382 0.0319505 0.00990218 -0.00469944 -0.0253973 0.0334045 1 0 0 0 0 0 0 0
325 1 0.1 6.18039 1.07678 0.450974 -0.00657253 0.00666985 0.00333803 0.00377993 0.102055 -0.280817 1 0 0 0 0 0 0 0
326 1 0.1 6.01116 1.22788 0.485348 0.00375023 0.00485506 -0.00195931 0.117793 -0.0279331 0.255118 1 0 0 0 0 0 0 0
327 1 0.1 5.93522 1.99936 0.470052 0.085335 0.00809529 0.0275024 0.471564 0.00631247 0.228905 1 0 0 0 0 0 0 0
328 1 0.1 5.69086 2.2623 0.614843 0.0109517 -0.00429003 -0.00438636 -0.0179267 0.2608 -0.00828466 1 0 0 0 0 0 0 0
329 1 0.1 5.8315 2.12319 0.587701 -0.00350186 -0.0145991 -0.018458 -0.0362227 0.005086 -0.13525 1 0 0 0 0 0 0 0
330 1 0.1 5.43958 2.29954 0.606334 -0.0153161 0.0229972 0.0156572 -0.240424 -0.0864748 0.0616257 1 0 0 0 0 0 0 0
331 1 0.1 5.62121 2.12532 0.487186 -0.010467 0.00109686 0.00104685 0.0710981 0.0141269 0.0113789 1 0 0 0 0 0 0 0
332 1 0.1 5.83012 2.63003 0.685618 0.00902771 -0.00719713 0.00235972 -0.0136276 0.11917 0.117649 1 0 0 0 0 0 0 0
333 1 0.1 5.67329 2.55909 0.419133 0.0276927 -0.0156178 0.0137724 -0.224603 -0.31297 -0.701559 1 0 0 0 0 0 0 0
334 1 0.1 5.58134 2.58632 0.593464 0.00221289 0.0191903 -0.000644144 0.110028 -0.0268244 -0.0387848 1 0 0 0 0 0 0 0
335 1 0.1 5.10665 2.42932 0.468918 0.00504149 0.0026448 0.00909491 0.423574 -0.133418 0.119026 1 0 0 0 0 0 0 0
336 1 0.1 5.31341 2.78703 0.644483 -0.0013091 -0.000969315 -0.0178003 -0.326025 1.23178 0.488755 1 0 0 0 0 0 0 0
337 1 0.1 4.85266 2.95329 0.597776 0.032727 0.0037789 0.0179202 -0.27395 0.2202 -0.0631042 1 0 0 0 0 0 0 0
338 1 0.1 5.28789 3.05182 0.383239 0.0282179 -0.00425358 0.00605664 0.232048 0.350624 -0.131275 1 0 0 0 0 0 0 0
339 1 0.1 5.31037 3.21041 0.501011 -0.0373037 -0.00840171 0.0190689 0.0904565 -0.349074 0.487701 1 0 0 0 0 0 0 0
340 1 0.1 5.50456 3.20334 0.452666 -0.040639 -0.00177194 0.00891255 0.13741 -0.195161 0.0850638 1 0 0 0 0 0 0 0
341 1 0.1 5.31301 3.39968 0.571677 -0.0271921 0.0380974 0.0132175 0.395333 0.0535272 0.403403 1 0 0 0 0 0 0 0
342 1 0.1 5.53992 3.51169 0.505161 0.0419294 -0.0165746 -0.0134332 -0.170699 0.0342255 -0.269671 1 0 0 0 0 0 0 0
343 1 0.1 5.57861 3.69984 0.450343 0.00129595 -0.00268297 0.017426 0.406151 -0.467651 0.805112 1 0 0 0 0 0 0 0
344 1 0.1 5.78942 3.67464 0.527966 0.0553807 -0.0267609 -0.00207064 -0.0117698 0.12644 -0.396211 1 0 0 0 0 0 0 0
345 1 0.1 5.72274 3.39106 0.758168 -0.00196292 -0.00345318 0.01469 -0.0193281 -0.322935 0.150839 1 0 0 0 0 0 0 0
346 1 0.1 5.86975 3.84235 0.599985 0.0580543 -0.0272334 -0.0117484 -0.108136 -0.147963 0.344885 1 0 0 0 0 0 0 0
347 1 0.1 6.03033 3.95975 0.580887 0.0509335 -0.0130778 0.0035095 -0.156331 -0.24924 -0.0892434 1 0 0 0 0 0 0 0
348 1 0.1 5.93325 4.91392 0.557922 0.0196838 0.0318325 0.000548491 0.0130531 -0.00501999 -0.0220298 1 0 0 0 0 0 0 0
349 1 0.1 6.11946 4.84842 0.526817 0.00616829 -0.00688477 0.00496736 0.0104957 -0.0458969 -0.398591 1 0 0 0 0 0 0 0
350 1 0.1 6.20023 1.29278 0.482093 -0.0234941 0.0841689 -0.0906478 0.64773 1.23814 0.558131 1 0 0 0 0 0 0 0
351 1 0.1 6.08102 1.42923 0.566688 -0.0125297 0.0308517 0.00314857 -0.363206 -0.38277 0.382743 1 0 0 0 0 0 0 0
352 1 0.1 6.03963 1.61444 0.629732 0.00387138 0.0450488 -0.0241291 -0.0976469 -0.414792 0.0982778 1 0 0 0 0 0 0 0
353 1 0.1 5.8905 2.04704 0.76266 -0.00357777 -0.00801146 -0.00679967 -0.0845283 0.0468853 0.0246428 1 0 0 0 0 0 0 0
354 1 0.1 5.97561 2.78845 0.137286 0.01673 0.0130594 -0.00260477 -0.0533908 0.144833 0.06199 1 0 0 0 0 0 0 0
355 1 0.1 5.85121 2.94442 0.136747 0.010261 0.00452906 -0.000992076 -0.00640104 0.190314 0.0652504 1 0 0 0 0 0 0 0
356 1 0.1 5.67011 2.74307 0.762533 -0.00921011 0.000329208 0.0111764 -0.0296555 0.143513 -0.34232 1 0 0 0 0 0 0 0
357 1 0.1 5.84494 2.78666 0.562314 -0.00159635 -0.00695621 -0.000681162 0.00482158 0.0855824 -0.153296 1 0 0 0 0 0 0 0
358 1 0.1 5.18521 2.904 0.74378 0.00940303 -0.0338172 0.0254428 -0.278619 -0.601825 0.409301 1 0 0 0 0 0 0 0
359 1 0.1 5.64783 2.76338 0.529537 0.00608223 0.0151273 0.00568984 -0.0209573 0.0506351 -0.0304414 1 0 0 0 0 0 0 0
360 1 0.1 5.87754 3.03555 0.653189 0.0123844 0.00686196 -0.000578397 -0.218594 -0.0907296 -0.193134 1 0 0 0 0 0 0 0
361 1 0.1 5.71754 2.92967 0.70926 0.00936101 0.00693079 0.00411619 -0.00125414 -0.0154263 0.219903 1 0 0 0 0 0 0 0
362 1 0.1 5.53817 2.94109 0.5942 0.00189993 0.0191323 -0.0558907 -0.000531945 -0.253028 0.128513 1 0 0 0 0 0 0 0
363 1 0.1 5.32695 3.00902 0.570198 0.0189451 -0.00504781 0.0258165 -0.374106 -0.325618 -0.250054 1 0 0 0 0 0 0 0
364 1 0.1 5.56822 3.0511 0.762728 0.00190923 -0.00499428 0.00173589 -0.0380964 -0.00117199 -0.0620915 1 0 0 0 0 0 0 0
365 1 0.1 5.449 3.151 0.637577 0.012964 0.00174439 0.00811317 -0.0149153 0.0362204 0.0821642 1 0 0 0 0 0 0 0
366 1 0.1 5.77384 3.26654 0.602429 0.00606512 -0.0227941 -0.000559189 0.0379705 -0.0790224 0.169552 1 0 0 0 0 0 0 0
367 1 0.1 5.58051 3.25064 0.762605 0.00144007 -0.00704526 -6.71797e-05 -0.0770109 -0.0114131 -0.121493 1 0 0 0 0 0 0 0
368 1 0.1 5.72002 3.49808 0.589239 0.0300307 -0.00989625 0.0103275 -0.132203 -0.139103 0.102869 1 0 0 0 0 0 0 0
369 1 0.1 5.96826 3.60243 0.580556 0.039185 -0.067928 -0.00665056 -0.0847531 -0.0360435 -0.0967813 1 0 0 0 0 0 0 0
370 1 0.1 5.90751 3.41466 0.612778 0.0707029 -0.0786655 -0.00285385 0.487959 0.196378 -0.506316 1 0 0 0 0 0 0 0
371 1 0.1 5.95857 3.26306 0.328361 0.0110019 -0.0118017 0.00261915 0.125594 0.016669 -0.0825085 1 0 0 0 0 0 0 0
372 1 0.1 5.99765 4.05186 0.339763 -0.00271358 0.0232833 -0.0822594 -0.39303 1.0518 0.697142 1 0 0 0 0 0 0 0
373 1 0.1 5.91214 4.48693 0.554078 -0.023276 -0.0375805 0.0259681 -0.250332 -0.188339 -0.206115 1 0 0 0 0 0 0 0
374 1 0.1 6.0695 4.66494 0.591846 9.88838e-05 -0.00113521 -0.000256116 0.0142592 -0.0190073 -0.0606418 1 0 0 0 0 0 0 0
375 1 0.1 6.07707 0.942601 0.762062 -0.0124765 0.0228035 0.00537655 0.032142 -0.0332071 -0.0611748 1 0 0 0 0 0 0 0
376 1 0.1 5.76201 1.26181 0.749999 0.0540803 -0.0549785 -0.00490239 0.00482221 -0.0013306 -0.0245403 1 0 0 0 0 0 0 0
377 1 0.1 5.62078 1.40308 0.749874 0.0546705 -0.0516051 0.00952623 0.166747 0.0344617 -0.0413612 1 0 0 0 0 0 0 0
378 1 0.1 5.48171 1.54572 0.761437 0.0573447 -0.0427113 0.0401322 0.1789 0.032434 -0.04566 1 0 0 0 0 0 0 0
379 1 0.1 5.34118 1.68715 0.762797 0.0652094 -0.0281463 0.000185388 -0.216191 -0.550386 -0.120928 1 0 0 0 0 0 0 0
380 1 0.1 5.22092 1.84613 0.773234 0.111589 -0.0188815 -0.0249383 -0.601394 -1.22097 0.145652 1 0 0 0 0 0 0 0
381 1 0.1 5.18621 1.87103 0.599991 0.311781 -0.240705 -0.13635 -1.56992 -0.78948 0.620067 1 0 0 0 0 0 0 0
382 1 0.1 4.87238 2.1482 0.762738 0.00184262 0.000500274 0.00169261 -0.0884938 -0.0800568 0.00239128 1 0 0 0 0 0 0 0
383 1 0.1 4.73147 2.28952 0.764091 0.00194221 -0.00186266 0.0020329 -0.0487965 -0.00795334 -0.0443649 1 0 0 0 0 0 0 0
384 1 0.1 4.53558 2.48754 0.764213 -0.0186363 0.0060957 0.0025043 0.00154436 0.166028 0.0128725 1 0 0 0 0 0 0 0
385 1 0.1 4.33588 2.68742 0.544576 -0.000821862 0.0178901 -0.00835005 -0.124899 0.113174 0.000938066 1 0 0 0 0 0 0 0
386 1 0.1 4.19573 2.93649 0.739685 -0.0498326 0.00990116 0.126576 -0.358065 0.367595 -2.85614 1 0 0 0 0 0 0 0
387 1 0.1 4.35566 3.03244 0.549529 -0.00843383 0.000398726 0.00935436 0.536374 -0.107834 0.0245998 1 0 0 0 0 0 0 0
388 1 0.1 4.19283 3.13119 0.756983 0.0422062 0.0513923 0.069126 -0.385779 -0.721809 1.85032 1 0 0 0 0 0 0 0
389 1 0.1 4.58605 3.31908 0.565773 0.020614 0.0176163 0.0199864 -0.541103 0.145565 -0.424333 1 0 0 0 0 0 0 0
390 1 0.1 4.47915 3.4271 0.762519 -0.149059 0.121742 0.00284214 -0.291503 -1.8535 1.14093 1 0 0 0 0 0 0 0
391 1 0.1 4.6052 3.58241 0.762516 0.00405359 0.00252876 0.000756797 0.0667839 -0.111521 0.0277579 1 0 0 0 0 0 0 0
392 1 0.1 4.8706 3.84462 0.610628 -0.0488096 -0.0976921 -0.0130138 1.16027 -0.172456 -0.437433 1 0 0 0 0 0 0 0
393 1 0.1 4.96111 3.93771 0.76258 -0.0966195 -0.0574752 -0.00232511 -0.0399768 -0.0101174 -0.00665559 1 0 0 0 0 0 0 0
394 1 0.1 5.11928 4.09221 0.76264 0.00302907 0.00238782 0.0040804 0.0316169 -0.00761758 -0.00585409 1 0 0 0 0 0 0 0
395 1 0.1 5.2584 4.23523 0.749984 0.00100168 0.000993824 0.000894894 -0.00615413 -0.00212206 0.00533925 1 0 0 0 0 0 0 0
396 1 0.1 5.42589 4.3996 0.743166 0.0025413 -0.00290782 -0.0120911 -0.203546 0.0534398 -0.127986 1 0 0 0 0 0 0 0
397 1 0.1 5.56519 4.54286 0.749679 -0.00033963 -0.0020952 -0.00427899 0.164119 -0.0735008 0.0288336 1 0 0 0 0 0 0 0
398 1 0.1 5.70826 4.68199 0.762564 -0.00166516 -0.00282822 0.000157906 -0.0486913 0.0525883 -0.013025 1 0 0 0 0 0 0 0
399 1 0.1 5.8473 4.82483 0.748683 -0.00172147 -0.00472036 -0.00643086 0.0473565 -0.036183 0.00475378 1 0 0 0 0 0 0 0
400 1 0.1 6.21849 0.801232 0.762305 -0.0126281 0.0210246 -0.00135108 0.0679999 0.0570486 0.237476 1 0 0 0 0 0 0 0
401 1 0.1 5.94094 1.08209 0.717583 -0.0219435 0.0139684 0.000960029 0.0449118 -0.0766411 0.337719 1 0 0 0 0 0 0 0
402 1 0.1 5.69328 1.60262 0.763058 0.00681789 0.0226844 -0.0107506 0.549177 0.0480827 0.450472 1 0 0 0 0 0 0 0
403 1 0.1 5.71518 1.70162 0.59078 -0.0594706 -0.063453 -0.0589942 -1.51719 -0.718334 0.989397 1 0 0 0 0 0 0 0
404 1 0.1 5.53476 1.73853 0.762503 0.0706917 -0.0419304 -0.00187476 -0.603314 -1.30143 -0.808433 1 0 0 0 0 0 0 0
405 1 0.1 5.39957 1.86526 0.687461 0.105676 -0.030036 -0.0595647 0.735792 0.524456 0.804563 1 0 0 0 0 0 0 0
406 1 0.1 5.25705 2.04146 0.763003 0.000314949 -0.00156048 -0.000193866 -0.0708009 -0.015166 0.152044 1 0 0 0 0 0 0 0
407 1 0.1 5.31799 2.14438 0.604304 -0.00449159 0.020924 0.00910494 0.205492 -0.0349334 0.115089 1 0 0 0 0 0 0 0
408 1 0.1 5.02596 2.27472 0.764119 -0.00147017 0.00728408 0.00776988 0.0447235 0.0528155 0.0515175 1 0 0 0 0 0 0 0
409 1 0.1 4.85624 2.44576 0.761698 -0.0776298 0.068305 0.128793 0.423898 -0.852568 0.537143 1 0 0 0 0 0 0 0
410 1 0.1 4.25442 2.75067 0.776375 -0.0148466 -0.0215131 0.0126529 3.61966 -3.22422 2.09161 1 0 0 0 0 0 0 0
411 1 0.1 4.48024 2.93755 0.764646 -0.0288208 0.0304057 -0.00124275 0.504601 -0.167308 -1.26349 1 0 0 0 0 0 0 0
412 1 0.1 4.40941 3.12243 0.762792 0.0558208 0.0522744 0.0119725 0.000620791 -0.472295 0.154434 1 0 0 0 0 0 0 0
413 1 0.1 4.65936 3.34177 0.749659 -0.120229 0.132576 0.07167 0.89875 0.878586 -1.0768 1 0 0 0 0 0 0 0
414 1 0.1 4.86064 3.29845 0.601369 -0.0116835 0.139161 0.0168324 -0.736007 0.0082534 -0.628042 1 0 0 0 0 0 0 0
415 1 0.1 4.53749 3.51048 0.588725 0.0296752 0.0201384 -0.0146532 0.146946 0.0591066 0.361306 1 0 0 0 0 0 0 0
416 1 0.1 5.05002 3.49058 0.763714 -0.052868 0.0272829 -0.00101309 0.250743 0.569422 0.516134 1 0 0 0 0 0 0 0
417 1 0.1 4.91982 3.72684 0.763033 -0.0497239 -0.0974325 -0.0010742 -1.34519 0.429075 0.0896374 1 0 0 0 0 0 0 0
418 1 0.1 5.06215 3.79146 0.6139 -0.0220429 -0.0291494 -0.0206741 -0.115318 -0.0670694 1.16127 1 0 0 0 0 0 0 0
419 1 0.1 5.15491 3.88965 0.762529 -0.0804245 0.0485359 -0.00237673 0.14569 0.0288176 1.04096 1 0 0 0 0 0 0 0
420 1 0.1 5.4567 4.20329 0.762669 0.00830999 0.00181372 0.00176 0.0596675 -0.0868625 0.186625 1 0 0 0 0 0 0 0
421 1 0.1 5.612 4.33197 0.763532 -0.0133295 -0.0414113 0.00024759 -0.54359 0.124594 -0.375777 1 0 0 0 0 0 0 0
422 1 0.1 5.75944 4.48006 0.762767 -0.00417611 -0.0310405 -0.000558729 -0.290871 0.121477 0.324315 1 0 0 0 0 0 0 0
423 1 0.1 5.88409 4.64299 0.67564 -0.00585491 -0.00933899 -0.00333974 -0.15513 0.247748 0.0346013 1 0 0 0 0 0 0 0
424 1 0.1 6.1299 5.10745 0.750176 -0.00149815 -0.0013373 -4.1461e-06 -0.0117682 0.011361 -0.0129227 1 0 0 0 0 0 0 0
425 1 0.1 6.35769 0.658217 0.749962 -0.0121743 0.0196795 0.000215785 0.00956811 0.00416946 0.241368 1 0 0 0 0 0 0 0
426 1 0.1 5.9942 1.26942 0.762512 -0.0515112 0.0242333 0.000115413 -0.0711209 0.010476 -0.0371045 1 0 0 0 0 0 0 0
427 1 0.1 5.87753 1.4317 0.762571 -0.0414269 0.0331236 0.00024414 0.0989251 -0.0466797 -0.091646 1 0 0 0 0 0 0 0
428 1 0.1 5.95925 1.81883 0.762631 0.0559162 0.0180262 0.00304222 0.223791 -0.577228 -0.00476088 1 0 0 0 0 0 0 0
429 1 0.1 5.72957 1.818 0.758844 -0.316172 -0.460733 -0.0178579 0.229135 0.635605 -6.38398 1 0 0 0 0 0 0 0
430 1 0.1 5.56982 1.93815 0.762526 0.055623 0.0358358 -0.00146276 0.145761 -0.720105 0.171627 1 0 0 0 0 0 0 0
431 1 0.1 5.42975 2.17203 0.764042 -0.00580398 0.00471797 0.00475067 0.0313255 0.08993 0.0299907 1 0 0 0 0 0 0 0
432 1 0.1 5.22193 2.23769 0.762526 3.68102e-05 -0.00246439 -0.000444976 0.0510114 -0.0285922 -0.17852 1 0 0 0 0 0 0 0
433 1 0.1 5.29477 2.5964 0.485332 0.0116972 0.0237068 -0.0145487 -0.0316639 0.0116047 -0.271608 1 0 0 0 0 0 0 0
434 1 0.1 5.03925 2.5265 0.76254 -0.0282623 -0.000909049 0.000347381 -0.00811219 0.271915 0.283398 1 0 0 0 0 0 0 0
435 1 0.1 4.88476 2.6533 0.762547 -0.0236128 0.00377307 0.00234446 0.107554 -0.325458 -0.336863 1 0 0 0 0 0 0 0
436 1 0.1 4.6871 2.61789 0.762413 -0.0573527 0.0457712 -0.00357304 0.0516548 0.203678 0.313994 1 0 0 0 0 0 0 0
437 1 0.1 4.72714 3.14812 0.608113 -0.0268433 0.140914 -0.0175986 -1.78385 -1.06106 0.138507 1 0 0 0 0 0 0 0
438 1 0.1 4.84064 3.18814 0.764756 -0.0588225 0.121694 -0.000858753 1.12452 0.646988 -1.206 1 0 0 0 0 0 0 0
439 1 0.1 4.82726 3.44554 0.767126 -0.055079 0.015611 0.00796358 0.154251 0.484545 0.0771589 1 0 0 0 0 0 0 0
440 1 0.1 5.00934 3.29497 0.758093 -0.00273583 0.0195117 0.0221987 -0.0308003 0.83796 -0.119952 1 0 0 0 0 0 0 0
441 1 0.1 5.12707 3.67488 0.762548 -0.00723545 0.00861227 0.000610264 -0.203681 -0.0486785 -0.731099 1 0 0 0 0 0 0 0
442 1 0.1 5.25947 3.7759 0.636014 -0.0173562 0.044424 0.063253 -0.725416 -0.644809 -0.489084 1 0 0 0 0 0 0 0
443 1 0.1 5.44669 3.91729 0.762585 0.033053 -0.00685536 0.00223716 -0.0653942 -0.326956 0.167841 1 0 0 0 0 0 0 0
444 1 0.1 5.61231 4.05319 0.756807 -0.0136695 -0.160517 -0.0250865 2.08788 -0.336045 -0.712889 1 0 0 0 0 0 0 0
445 1 0.1 5.71242 4.1941 0.659438 -0.0715425 -0.0940407 0.0178826 -1.10121 0.964029 0.255101 1 0 0 0 0 0 0 0
446 1 0.1 5.85933 4.30685 0.762094 0.0161333 -0.0183152 -0.0159813 0.124114 -0.00812655 0.21552 1 0 0 0 0 0 0 0
447 1 0.1 5.95881 4.47974 0.762825 -0.00300437 -0.00584986 -0.00037539 -0.00201631 -0.0839565 0.00891345 1 0 0 0 0 0 0 0
448 1 0.1 6.03722 4.76404 0.76251 -0.0020289 -0.00375445 -0.000252999 0.0137213 -0.0395708 0.011962 1 0 0 0 0 0 0 0
449 1 0.1 6.27129 5.24883 0.749979 -0.000936851 -0.00125245 -6.68865e-05 0.0142522 -0.0119121 0.0253154 1 0 0 0 0 0 0 0
450 1 0.1 6.26532 0.973032 0.671336 -0.0376917 0.0422339 0.0247434 0.16979 0.0945249 -0.622934 1 0 0 0 0 0 0 0
451 1 0.1 6.13894 1.12487 0.640539 -0.0127768 0.0577078 -0.00824935 -0.552297 -0.154562 0.333452 1 0 0 0 0 0 0 0
452 1 0.1 6.07392 1.46898 0.762549 -0.0456662 0.0538307 -0.00153016 0.204915 0.127437 0.299739 1 0 0 0 0 0 0 0
453 1 0.1 5.8909 1.63116 0.762303 0.0113812 0.028921 -0.0146378 -0.231644 0.0685311 -0.43186 1 0 0 0 0 0 0 0
454 1 0.1 5.62522 2.13029 0.761307 0.00487023 0.0518779 -0.000555578 -0.354371 -0.100642 0.475974 1 0 0 0 0 0 0 0
455 1 0.1 5.55373 2.32919 0.764071 -0.0124116 0.0209083 0.00348304 0.175583 0.17456 -0.0819703 1 0 0 0 0 0 0 0
456 1 0.1 5.33118 2.40472 0.762537 0.0189466 -0.0203086 -0.000383247 -0.132164 -0.0839016 -0.0577114 1 0 0 0 0 0 0 0
457 1 0.1 5.57464 2.32268 0.465344 -0.012169 0.000549553 0.0134592 -0.0141604 0.114461 -0.129644 1 0 0 0 0 0 0 0
458 1 0.1 5.31607 2.59024 0.690481 -0.00722303 -0.0346207 -0.0125401 0.00408394 0.0325758 0.343838 1 0 0 0 0 0 0 0
459 1 0.1 5.49305 2.65071 0.759996 -0.025229 0.00440932 0.0170674 0.661005 -0.0585077 0.418272 1 0 0 0 0 0 0 0
460 1 0.1 5.15481 2.67152 0.60594 0.00242106 -0.00438447 -0.00896157 1.05263 -0.495612 -0.20444 1 0 0 0 0 0 0 0
461 1 0.1 4.89029 2.8525 0.763572 0.0170317 -0.00135014 0.00567943 0.0644299 -0.0863555 -0.2982 1 0 0 0 0 0 0 0
462 1 0.1 4.74989 3.01151 0.757536 -0.0157061 0.106938 -0.0641009 -1.29502 -0.767958 1.38681 1 0 0 0 0 0 0 0
463 1 0.1 5.14374 3.07582 0.525669 -0.00642841 0.0437372 0.0413313 -0.386401 -0.204864 0.0421804 1 0 0 0 0 0 0 0
464 1 0.1 4.95929 3.12204 0.58736 -0.0177499 0.034433 0.0197222 0.214349 0.0115048 0.127458 1 0 0 0 0 0 0 0
465 1 0.1 5.13391 3.48771 0.584094 -0.0300788 0.0260809 0.00646181 -0.387131 -0.882308 0.330239 1 0 0 0 0 0 0 0
466 1 0.1 5.34354 3.64687 0.762522 -0.0110374 -0.0220651 -0.00070722 0.988562 1.87722 -0.875116 1 0 0 0 0 0 0 0
467 1 0.1 5.50689 3.64589 0.648407 -0.0426723 0.00640975 -0.0466974 -0.282621 -1.0059 0.629881 1 0 0 0 0 0 0 0
468 1 0.1 5.60937 3.77566 0.757088 0.029671 -0.0856586 -0.0135913 -0.0546118 -0.1474 -2.76656 1 0 0 0 0 0 0 0
469 1 0.1 5.75215 3.91263 0.76346 0.0420712 -0.100168 -0.00097584 -0.942334 -0.549424 2.53135 1 0 0 0 0 0 0 0
470 1 0.1 5.95131 3.92969 0.762348 0.0339005 0.00631939 0.00381475 -0.157382 0.239191 -1.18944 1 0 0 0 0 0 0 0
471 1 0.1 5.85965 4.10743 0.762695 -0.0154649 -0.0201317 -0.000798725 -0.27272 0.140205 -0.513018 1 0 0 0 0 0 0 0
472 1 0.1 6.01691 4.3318 0.641562 0.0225126 0.00963333 -0.00352103 0.059536 0.479017 0.183673 1 0 0 0 0 0 0 0
473 1 0.1 5.9887 4.96594 0.748663 -0.0019415 -0.00231931 -0.000297887 -0.0168592 -0.0170287 0.00157171 1 0 0 0 0 0 0 0
474 1 0.1 6.17695 4.91329 0.706971 -0.000662725 5.22221e-05 0.00415436 0.0354822 -0.0329335 0.0160533 1 0 0 0 0 0 0 0
475 1 0.1 6.2933 1.15889 0.762613 -0.0172125 0.06262 -0.000778407 0.66671 0.111158 -0.180756 1 0 0 0 0 0 0 0
476 1 0.1 6.17922 1.31252 0.696354 -0.0283589 0.0552539 0.0185913 0.469664 -1.52845 -0.669818 1 0 0 0 0 0 0 0
477 1 0.1 6.02763 1.96372 0.643424 0.0661339 0.0358458 0.0377493 -0.285952 -0.393379 0.660589 1 0 0 0 0 0 0 0
478 1 0.1 5.82054 2.23437 0.762992 0.0112185 -0.00036143 -0.000478 -0.0630311 -0.266806 -0.00468662 1 0 0 0 0 0 0 0
479 1 0.1 5.84126 2.43589 0.762675 -0.000626216 -0.000960638 0.00176257 0.00250613 0.025561 -0.0141407 1 0 0 0 0 0 0 0
480 1 0.1 5.89215 3.28343 0.762635 0.00482103 -0.0601569 0.00196694 -0.578234 -0.0374538 -0.676145 1 0 0 0 0 0 0 0
481 1 0.1 5.8689 2.8105 0.762541 0.00246571 -0.00635013 -0.000796303 0.0558504 0.057898 -0.404421 1 0 0 0 0 0 0 0
482 1 0.1 5.67029 2.53892 0.763644 -0.000533631 0.00266696 -0.0026509 0.022567 0.0347221 -0.0232891 1 0 0 0 0 0 0 0
483 1 0.1 5.7471 2.47475 0.590824 -0.00210518 0.000198659 0.000657916 0.176218 0.227437 -0.00214581 1 0 0 0 0 0 0 0
484 1 0.1 5.48455 2.84956 0.763322 -0.0045888 0.00358383 -0.0880173 -0.0015287 -0.0580475 -0.0446313 1 0 0 0 0 0 0 0
485 1 0.1 5.35699 3.00194 0.764136 -0.00900515 0.0143674 0.0523836 -0.0517111 -0.0544045 0.0702343 1 0 0 0 0 0 0 0
486 1 0.1 5.06022 2.74805 0.763427 -0.00492241 -0.0344817 0.00145768 -0.422835 0.200373 -0.175101 1 0 0 0 0 0 0 0
487 1 0.1 4.98208 3.02972 0.76276 -0.00539367 0.00937114 0.000979025 0.114632 0.0514111 0.03691 1 0 0 0 0 0 0 0
488 1 0.1 5.16706 3.10513 0.762545 0.00443588 -0.0169709 -0.000706561 -0.0810463 -0.0137031 -0.321269 1 0 0 0 0 0 0 0
489 1 0.1 5.19962 3.29015 0.694586 0.00602165 -0.0169387 0.000852214 -0.063595 0.0924436 0.0625124 1 0 0 0 0 0 0 0
490 1 0.1 5.38493 3.29115 0.763813 0.00325151 0.00117942 0.000963892 -0.185155 0.128097 0.1313 1 0 0 0 0 0 0 0
491 1 0.1 5.24881 3.47131 0.762665 -0.0489378 -0.0041425 0.00143969 0.143858 0.165423 0.619205 1 0 0 0 0 0 0 0
492 1 0.1 5.44773 3.47766 0.736207 -0.0346451 0.00773489 -0.0397522 -0.391635 -0.693656 0.34265 1 0 0 0 0 0 0 0
493 1 0.1 5.74778 3.14128 0.762523 -0.00700331 -0.0182643 0.000348875 -0.000963273 0.0527276 -0.020816 1 0 0 0 0 0 0 0
494 1 0.1 5.68503 3.58736 0.763196 0.00706196 -0.000822762 0.000142006 -0.0143004 -0.0702811 0.0286255 1 0 0 0 0 0 0 0
495 1 0.1 5.83517 3.73151 0.762594 0.157536 -0.0423916 0.00295326 0.553317 0.57362 -1.27473 1 0 0 0 0 0 0 0
496 1 0.1 5.90805 3.54601 0.762735 0.0635579 -0.0779314 -0.00179329 -0.509975 -0.500372 0.277705 1 0 0 0 0 0 0 0
497 1 0.1 5.9259 4.1195 0.521654 -0.0224628 -0.0574086 0.015341 0.0300748 0.776819 -0.713316 1 0 0 0 0 0 0 0
498 1 0.1 6.13078 4.5816 0.762648 -0.00297198 -0.00201319 0.000799957 -0.0165145 0.0170784 0.00373415 1 0 0 0 0 0 0 0
499 1 0.1 6.25536 4.73799 0.762526 -0.00237887 -0.00195816 -0.000315661 0.021606 0.0181828 -0.0290854 1 0 0 0 0 0 0 0
