500
0 1 0.1 5.91541 1.11481 0.151112 0.00334434 0.00227665 0.00390822 0.0335232 0.0309151 -0.0284552 1 0 0 0 0 0 0 0
1 1 0.1 5.77276 1.25382 0.136963 0.00198368 -0.00167259 -0.000784395 -0.0695831 -0.155027 0.14362 1 0 0 0 0 0 0 0
2 1 0.1 5.57519 1.44577 0.144331 -0.00037704 0.000295592 0.000109748 -0.00109915 -0.0139389 0.00955945 1 0 0 0 0 0 0 0
3 1 0.1 5.29137 1.72716 0.149397 -0.000324894 -0.000317987 -0.00374454 -0.017876 0.020246 0.0104795 1 0 0 0 0 0 0 0
4 1 0.1 5.4133 1.82665 0.417708 -0.00332923 -0.00305038 0.00238101 0.0171618 0.0235757 0.0890134 1 0 0 0 0 0 0 0
5 1 0.1 5.15033 1.87029 0.144513 0.00139127 -0.00256451 0.000219068 0.0153382 0.0017421 -0.0297022 1 0 0 0 0 0 0 0
6 1 0.1 4.93138 2.09012 0.149986 0.000795632 -0.00108616 -0.00010993 -0.00280938 -0.000938062 -0.0138737 1 0 0 0 0 0 0 0
7 1 0.1 4.78998 2.23146 0.149891 0.000320728 0.000755416 -0.00121324 -0.0177918 0.00614927 -0.000785044 1 0 0 0 0 0 0 0
8 1 0.1 4.75408 2.69391 0.139532 0.0229022 -0.0366702 -0.0268652 -0.247733 -0.630008 0.418092 1 0 0 0 0 0 0 0
9 1 0.1 4.63518 2.73558 0.330558 -0.054041 0.0723915 0.148389 1.86068 -1.72863 1.33766 1 0 0 0 0 0 0 0
10 1 0.1 4.19247 2.83106 0.150204 0.000383949 0.00171517 -0.00240986 -0.00849257 0.0228208 0.0330749 1 0 0 0 0 0 0 0
11 1 0.1 4.19197 2.83839 0.454399 -0.000186467 0.0283377 0.0280852 0.0646564 -0.221231 0.252399 1 0 0 0 0 0 0 0
12 1 0.1 4.18968 3.09982 0.138721 0.000816291 -0.00074862 0.000457339 -0.00730539 -0.00400628 -0.00610636 1 0 0 0 0 0 0 0
13 1 0.1 4.29851 3.24152 0.374368 0.025178 -0.00535796 0.00635525 0.0369998 0.176284 0.158315 1 0 0 0 0 0 0 0
14 1 0.1 4.2928 3.2707 0.150072 0.00038507 2.67316e-05 -0.000334056 0.00304657 0.00385693 0.00276399 1 0 0 0 0 0 0 0
15 1 0.1 4.47695 3.45316 0.134191 0.00339614 0.00678942 -0.0053114 -0.0778824 0.771455 0.287719 1 0 0 0 0 0 0 0
16 1 0.1 4.52127 3.25842 0.140235 -0.0056721 -0.00016571 0.00770821 -0.101147 -0.0734866 0.155916 1 0 0 0 0 0 0 0
17 1 0.1 4.72614 3.70221 0.263633 0.000488307 -0.000943882 0.00358947 -0.2407 0.169722 0.0566485 1 0 0 0 0 0 0 0
18 1 0.1 4.6173 3.59277 0.136571 0.00233524 0.00334311 -0.00480537 0.178953 -0.0312386 0.336052 1 0 0 0 0 0 0 0
19 1 0.1 5.00566 3.98603 0.148679 0.000980446 -0.00249546 0.00438578 -0.108069 0.0467353 -0.0548904 1 0 0 0 0 0 0 0
20 1 0.1 5.14859 4.12536 0.139487 -0.00253458 1.2426e-05 0.00406641 0.000222032 -0.0462548 -0.0296735 1 0 0 0 0 0 0 0
21 1 0.1 5.32695 4.03656 0.136959 -0.0131994 -0.0236205 0.000656411 0.245874 -0.0326371 -0.234819 1 0 0 0 0 0 0 0
22 1 0.1 5.48291 4.45103 0.185357 0.00037947 0.00032023 0.00093419 -0.00692418 -0.00127111 -0.0185446 1 0 0 0 0 0 0 0
23 1 0.1 5.62254 4.59498 0.137314 -0.00171637 -0.000898984 0.000461822 0.00260534 -0.0244252 -0.0143509 1 0 0 0 0 0 0 0
24 1 0.1 5.91415 4.89105 0.150009 -0.000151948 -0.000154335 -7.4242e-05 -0.000449092 0.000191191 -0.00183152 1 0 0 0 0 0 0 0
25 1 0.1 6.05347 0.970371 0.151306 -0.000307719 0.000171164 -0.000470419 -0.00575551 0.00179098 -0.0136582 1 0 0 0 0 0 0 0
26 1 0.1 5.77415 1.4638 0.137549 -0.00279816 0.0240166 -0.00240052 0.0165612 0.0429305 0.237288 1 0 0 0 0 0 0 0
27 1 0.1 5.61538 1.66663 0.138123 -0.000212489 -0.00124647 -0.00130086 0.00515037 0.0105535 -0.0187516 1 0 0 0 0 0 0 0
28 1 0.1 5.43288 1.58605 0.149988 -0.000297126 0.000329208 -0.000326143 -0.00666812 -0.0014939 0.00315509 1 0 0 0 0 0 0 0
29 1 0.1 5.58108 1.92727 0.138815 0.000812941 -0.00259794 0.00447515 0.0185424 0.0339016 0.000900672 1 0 0 0 0 0 0 0
30 1 0.1 5.32901 1.95867 0.13747 8.66047e-05 -0.00130682 -0.000321847 0.0614799 0.0366434 0.0371044 1 0 0 0 0 0 0 0
31 1 0.1 5.13159 2.06925 0.140585 -0.00389362 -0.00312228 -0.00174186 -0.0311794 -0.00722349 0.0758867 1 0 0 0 0 0 0 0
32 1 0.1 5.00807 2.25115 0.323546 0.00246878 -0.0174564 -0.0124283 0.0622836 -0.013249 0.202132 1 0 0 0 0 0 0 0
33 1 0.1 4.55627 2.66793 0.134864 0.0178628 -0.0269722 -0.000378062 -0.542346 0.282125 -0.308198 1 0 0 0 0 0 0 0
34 1 0.1 4.88974 2.84035 0.137011 -0.00804528 -0.00147141 0.000681801 0.0172411 -0.0509898 0.0466125 1 0 0 0 0 0 0 0
35 1 0.1 4.33458 2.6908 0.14008 0.000433956 0.00607471 -0.0289059 -0.109457 0.327456 0.0841175 1 0 0 0 0 0 0 0
36 1 0.1 5.22092 2.8856 0.316417 0.00596431 0.00714657 0.00114754 -0.432791 -0.123158 -0.137358 1 0 0 0 0 0 0 0
37 1 0.1 4.36451 2.93063 0.136911 -0.000799085 0.000407018 -0.000363799 -0.0472813 -0.0896308 0.00177191 1 0 0 0 0 0 0 0
38 1 0.1 4.51785 3.05863 0.140393 0.00412471 -0.0028021 0.022775 -0.0511977 -0.14122 -0.0646406 1 0 0 0 0 0 0 0
39 1 0.1 4.39713 3.09343 0.462858 0.00490696 -0.025652 -0.00310166 0.0305544 -0.366295 -0.26254 1 0 0 0 0 0 0 0
40 1 0.1 5.09105 3.26739 0.135766 -0.00485542 0.0079003 -0.00439215 0.0113259 -0.115554 -1.12879 1 0 0 0 0 0 0 0
41 1 0.1 4.81414 3.55782 0.137473 0.00581904 0.0128859 0.00135235 -0.0107217 0.0517686 0.0563519 1 0 0 0 0 0 0 0
42 1 0.1 4.83558 3.8105 0.136396 0.000238444 0.000718244 0.000627393 0.0108202 0.0615564 -0.0211758 1 0 0 0 0 0 0 0
43 1 0.1 5.04843 3.90907 0.327241 -0.0139922 0.00695549 0.0159603 -0.0833462 -0.0651541 -0.305043 1 0 0 0 0 0 0 0
44 1 0.1 5.59592 3.8539 0.137329 0.000271277 0.00315731 -0.00376743 -0.0243194 0.0282916 -0.0668494 1 0 0 0 0 0 0 0
45 1 0.1 5.52771 4.0558 0.136926 -0.00346681 -0.00989652 -0.00102004 0.0905287 -0.0389389 0.0146427 1 0 0 0 0 0 0 0
46 1 0.1 5.5079 4.25866 0.137165 0.00281398 2.29489e-05 -0.000243066 0.0202588 -0.00439303 -0.0014154 1 0 0 0 0 0 0 0
47 1 0.1 5.66664 4.38855 0.137467 -0.00192181 -0.00305012 -0.000383598 0.031816 0.00342951 -0.033168 1 0 0 0 0 0 0 0
48 1 0.1 5.77477 4.74833 0.136478 -9.65343e-05 0.00129331 -0.00148987 -0.160512 -0.264008 -0.113674 1 0 0 0 0 0 0 0
49 1 0.1 6.05668 5.03374 0.14948 -0.000736824 -0.0012099 -0.0010066 0.016949 -0.00132511 -0.0135525 1 0 0 0 0 0 0 0
50 1 0.1 6.19465 0.828793 0.149969 -0.00061969 0.000512476 5.08349e-06 -0.000979648 -0.000824005 0.0127374 1 0 0 0 0 0 0 0
51 1 0.1 5.95313 1.33899 0.140146 0.00114827 0.00529605 0.00232286 -0.0411835 0.0677253 -0.0386585 1 0 0 0 0 0 0 0
52 1 0.1 5.91527 1.92793 0.137356 0.0020388 0.00457256 -0.000582808 -0.0237594 0.00959182 0.0690119 1 0 0 0 0 0 0 0
53 1 0.1 5.74758 1.81663 0.137496 0.000830287 -0.00255605 -0.000274812 0.0188615 0.00246948 0.00190065 1 0 0 0 0 0 0 0
54 1 0.1 5.74784 2.03689 0.137337 -0.000810009 -0.00251613 0.000315404 0.00455557 0.0221132 0.00673028 1 0 0 0 0 0 0 0
55 1 0.1 5.32166 2.15819 0.137083 0.00151523 -0.00154329 -0.000618953 0.0268704 -0.00243469 -0.072617 1 0 0 0 0 0 0 0
56 1 0.1 5.07458 2.26077 0.136758 0.00168449 -0.00136882 -0.00367243 0.0115492 -0.0104224 0.00360008 1 0 0 0 0 0 0 0
57 1 0.1 5.26118 2.2933 0.423067 0.00896997 0.000417912 -0.00360793 -0.0729635 0.165476 0.194106 1 0 0 0 0 0 0 0
58 1 0.1 5.14749 2.38751 0.285086 -0.0178798 0.00945978 -0.0124069 -0.199481 -0.122629 0.166633 1 0 0 0 0 0 0 0
59 1 0.1 4.62996 2.4847 0.136704 0.0189499 -0.0326435 -0.00204873 0.343274 0.355853 0.348946 1 0 0 0 0 0 0 0
60 1 0.1 5.40554 2.72391 0.292393 -0.0144487 0.00654332 -0.0106746 0.0380028 0.304621 -0.154079 1 0 0 0 0 0 0 0
61 1 0.1 4.6166 2.85626 0.13429 -0.00573068 -0.0265453 -0.00501172 0.175964 0.0169477 0.558516 1 0 0 0 0 0 0 0
62 1 0.1 4.69784 3.00707 0.226151 -0.0167288 -0.0406446 -0.00806822 -0.212182 -0.135816 -0.526443 1 0 0 0 0 0 0 0
63 1 0.1 4.71057 3.18846 0.136068 0.00362826 -0.0065576 -0.00327184 0.0757062 0.0768012 -0.0396692 1 0 0 0 0 0 0 0
64 1 0.1 4.9427 3.14045 0.154866 0.0325321 -0.0150812 0.0491757 0.572852 0.28996 1.3754 1 0 0 0 0 0 0 0
65 1 0.1 4.92801 3.47836 0.281344 -0.0159174 -0.0239716 0.00199372 0.133171 -0.869387 -0.218617 1 0 0 0 0 0 0 0
66 1 0.1 5.35475 3.54841 0.137345 0.0166863 0.000516779 -0.0028415 0.0403999 -0.0623019 0.117328 1 0 0 0 0 0 0 0
67 1 0.1 5.44185 3.72771 0.136961 -0.00263504 0.00201855 -0.00134965 -0.0124077 -0.0274742 0.0621733 1 0 0 0 0 0 0 0
68 1 0.1 5.00623 3.74498 0.210096 0.00476648 -0.0274208 -0.021157 0.238833 0.195217 -0.180408 1 0 0 0 0 0 0 0
69 1 0.1 5.61245 3.87111 0.44557 -0.0349722 0.0377208 -0.035433 -0.495992 1.01509 0.410142 1 0 0 0 0 0 0 0
70 1 0.1 5.43547 4.03941 0.312331 -0.00851633 -0.000766141 -0.00502201 -0.140667 -0.00512991 -0.128921 1 0 0 0 0 0 0 0
71 1 0.1 5.74728 4.15355 0.137055 0.00452225 -0.00124792 -0.00591706 0.0220948 0.0385516 0.0180778 1 0 0 0 0 0 0 0
72 1 0.1 5.85607 4.32121 0.137512 -0.0250949 0.018504 -0.00362259 0.0208641 0.0146944 0.198042 1 0 0 0 0 0 0 0
73 1 0.1 6.04966 4.74459 0.137479 -0.00562209 -0.00448639 0.000226485 0.0434041 -0.0547391 -0.075614 1 0 0 0 0 0 0 0
74 1 0.1 6.28205 5.26335 0.15005 -0.000616631 -0.000912644 0.000260706 -0.0116121 0.00468225 -0.0180112 1 0 0 0 0 0 0 0
75 1 0.1 6.14861 1.1106 0.308899 -8.7322e-05 -9.73345e-05 -0.00166336 0.0145104 -0.0126125 -0.0358949 1 0 0 0 0 0 0 0
76 1 0.1 6.09612 1.19921 0.137487 0.00135912 0.00433557 3.04446e-05 -0.0115636 0.0210742 0.0494079 1 0 0 0 0 0 0 0
77 1 0.1 5.94206 1.73012 0.137351 0.00666324 0.0068435 0.00378953 -0.0586899 0.0969324 -0.0104158 1 0 0 0 0 0 0 0
78 1 0.1 5.87894 2.18787 0.137832 0.00381299 -0.00678103 -0.00330881 -0.0785335 -0.0382536 -0.0907669 1 0 0 0 0 0 0 0
79 1 0.1 5.7882 2.30329 0.400211 0.00492933 -0.00156821 -0.000627822 -0.0108468 -0.142537 -0.135298 1 0 0 0 0 0 0 0
80 1 0.1 5.51564 2.11515 0.157512 -0.00101463 -0.00459012 0.00663977 0.0043705 -0.0425551 -0.00212022 1 0 0 0 0 0 0 0
81 1 0.1 5.47143 2.30924 0.138288 -0.0119161 -0.00882385 -0.00827937 -0.0724979 0.158497 -0.163532 1 0 0 0 0 0 0 0
82 1 0.1 5.70761 2.81026 0.136586 -0.0010088 0.00642677 0.000516184 0.0137461 0.11685 0.106513 1 0 0 0 0 0 0 0
83 1 0.1 5.27619 2.35213 0.137456 -0.0110767 -0.00544685 -0.000738708 -0.0515368 -0.0514205 0.131285 1 0 0 0 0 0 0 0
84 1 0.1 4.869 2.4146 0.137485 -2.40878e-05 0.00439192 -4.89078e-07 0.0883049 0.13686 -0.00155033 1 0 0 0 0 0 0 0
85 1 0.1 5.04877 2.68495 0.13699 -0.000302495 0.0185261 0.000294081 -0.18324 -0.00606211 0.0278217 1 0 0 0 0 0 0 0
86 1 0.1 5.62937 2.92717 0.278065 -0.00966122 7.52849e-05 0.00366493 0.014446 -0.125779 -0.0143961 1 0 0 0 0 0 0 0
87 1 0.1 5.133 2.89772 0.135885 -0.0427632 0.0863781 -0.00906866 0.308526 -0.500315 -1.26974 1 0 0 0 0 0 0 0
88 1 0.1 5.15164 3.2757 0.325975 -0.271181 -0.172004 0.0983858 1.60985 -1.83403 1.91872 1 0 0 0 0 0 0 0
89 1 0.1 4.68416 3.40588 0.13673 0.00741989 0.0101848 -0.00165895 -0.0378879 0.108732 -0.226368 1 0 0 0 0 0 0 0
90 1 0.1 5.19215 3.43496 0.143403 0.0525442 -0.0351141 -0.012852 -0.188194 -0.142132 0.376667 1 0 0 0 0 0 0 0
91 1 0.1 5.55351 3.56183 0.138803 0.0130056 0.00916485 2.17799e-05 0.0589032 0.0317906 -0.0472161 1 0 0 0 0 0 0 0
92 1 0.1 5.70877 3.68668 0.137014 0.0137512 0.00477028 -0.00647834 -0.0325806 0.0911176 0.01102 1 0 0 0 0 0 0 0
93 1 0.1 5.8434 3.90341 0.423986 -0.0498764 0.0208391 -0.00945426 0.070815 0.258639 -0.485936 1 0 0 0 0 0 0 0
94 1 0.1 5.75243 3.96293 0.195277 0.00670513 0.00184668 -0.0102937 -0.0663544 -0.0570416 -0.00967854 1 0 0 0 0 0 0 0
95 1 0.1 5.93794 4.00962 0.137857 0.00829561 0.00325508 -0.00144424 0.0185302 -0.0400814 0.0498996 1 0 0 0 0 0 0 0
96 1 0.1 6.01959 4.19201 0.137331 -0.000246301 0.00566081 0.0014786 -0.0427264 -0.00656194 0.0252129 1 0 0 0 0 0 0 0
97 1 0.1 6.01531 4.34238 0.26865 -0.000754616 0.0120158 -0.000464479 -0.0361777 -0.0605067 -0.0798567 1 0 0 0 0 0 0 0
98 1 0.1 6.15731 4.88345 0.234435 0.00247011 -0.00357117 -0.00936435 0.0412985 0.0761554 0.00954869 1 0 0 0 0 0 0 0
99 1 0.1 6.25358 5.06582 0.137477 -0.000878965 -0.000812688 -9.12809e-05 0.0098063 -0.00448278 0.0156325 1 0 0 0 0 0 0 0
100 1 0.1 6.38186 0.639916 0.350004 -0.000162616 0.000121815 -4.10931e-05 -0.00113197 9.61408e-05 0.000539009 1 0 0 0 0 0 0 0
101 1 0.1 6.14085 1.40778 0.138942 0.0024217 0.00219237 -0.00570011 0.0208008 0.0112892 0.00705658 1 0 0 0 0 0 0 0
102 1 0.1 5.98712 1.53565 0.137459 0.00627287 0.00697094 0.00175719 0.0582953 0.0274108 -0.00705734 1 0 0 0 0 0 0 0
103 1 0.1 5.94024 2.37705 0.293716 0.00237023 0.00373945 0.000895773 0.019706 0.0478558 0.119764 1 0 0 0 0 0 0 0
104 1 0.1 5.83476 2.81584 0.542703 -0.00381176 0.00705972 0.00141563 -0.048153 -0.112103 0.0207545 1 0 0 0 0 0 0 0
105 1 0.1 5.82931 2.4326 0.137126 0.0026966 -0.000992273 -0.00122919 0.0200728 -0.000922767 0.0616891 1 0 0 0 0 0 0 0
106 1 0.1 5.66796 2.57267 0.137313 -0.00483136 0.00257109 -1.60762e-05 -0.0242249 -0.0379955 0.0105644 1 0 0 0 0 0 0 0
107 1 0.1 5.86678 3.1338 0.443108 -0.00719714 0.0025508 0.00829819 -0.00555425 -0.158965 0.180162 1 0 0 0 0 0 0 0
108 1 0.1 5.53069 2.71999 0.138345 0.00183433 0.00868892 0.00714923 -0.0241679 -0.0124199 -0.0884739 1 0 0 0 0 0 0 0
109 1 0.1 5.45555 2.51479 0.137291 -0.00333616 -0.00915082 -0.000790337 0.0899264 -0.037179 0.0281366 1 0 0 0 0 0 0 0
110 1 0.1 5.22724 2.59521 0.141147 -0.0375915 -0.0560829 -0.0399466 -1.53456 1.3147 -0.907977 1 0 0 0 0 0 0 0
111 1 0.1 5.31337 2.80326 0.136428 -0.00537194 0.00033363 -0.00539006 -0.19642 -0.359698 -0.0708818 1 0 0 0 0 0 0 0
112 1 0.1 5.46242 3.12042 0.137304 0.0042484 -0.000783654 0.000377022 -0.000740468 0.0468646 -0.0725109 1 0 0 0 0 0 0 0
113 1 0.1 5.12809 3.08347 0.201654 0.0365519 0.0432845 0.0589839 -0.634959 -0.409179 -0.296121 1 0 0 0 0 0 0 0
114 1 0.1 5.62854 3.26379 0.147844 -0.00816001 -0.000686987 -0.0034299 0.0348661 0.188324 -0.0412077 1 0 0 0 0 0 0 0
115 1 0.1 5.71757 3.44719 0.136063 0.0133899 -0.00742007 -0.0121246 0.0823047 0.0700869 0.0509318 1 0 0 0 0 0 0 0
116 1 0.1 5.65426 3.06582 0.136994 0.00217861 -0.000192617 0.000639402 -0.0132717 -0.00417437 -0.0303457 1 0 0 0 0 0 0 0
117 1 0.1 5.91885 3.37733 0.137426 -0.00894296 0.0044429 -0.000308074 -0.0372991 -0.065288 -0.0302346 1 0 0 0 0 0 0 0
118 1 0.1 5.86621 3.80938 0.137374 0.0121753 0.00559 -0.00268947 0.0393622 -0.0305823 0.0221962 1 0 0 0 0 0 0 0
119 1 0.1 6.06145 3.85237 0.137498 0.0109639 0.00403723 8.35547e-05 -0.00287623 0.00285792 -0.0263656 1 0 0 0 0 0 0 0
120 1 0.1 5.87307 3.57273 0.138023 0.00856451 -0.00176592 0.00866001 -0.120827 -0.0356638 0.053089 1 0 0 0 0 0 0 0
121 1 0.1 6.06285 3.22758 0.148788 -0.0465129 0.179369 0.0255064 -0.022755 -0.250138 1.88617 1 0 0 0 0 0 0 0
122 1 0.1 6.03048 4.28976 0.610674 -0.0341618 -0.0168485 -0.0163161 -0.109852 0.187743 0.284197 1 0 0 0 0 0 0 0
123 1 0.1 5.9692 4.48604 0.137119 -0.0152601 0.0114935 -0.000929248 -0.143414 -0.18867 0.00294326 1 0 0 0 0 0 0 0
124 1 0.1 6.171 4.50181 0.137453 -0.00146012 0.00812001 -0.00150306 -0.0778318 -0.00944272 -0.0245885 1 0 0 0 0 0 0 0
125 1 0.1 5.95935 1.06413 0.353948 -0.00531208 -0.00104628 0.00393443 0.0555339 -0.0289333 -0.094022 1 0 0 0 0 0 0 0
126 1 0.1 5.82243 1.20671 0.324644 -0.00398915 0.00276769 0.0025331 -0.0130893 -0.0355894 0.0681105 1 0 0 0 0 0 0 0
127 1 0.1 5.53978 1.48641 0.336926 -0.00229953 0.0029897 -0.00490815 -0.0301432 -0.0212027 0.204169 1 0 0 0 0 0 0 0
128 1 0.1 5.37046 1.64831 0.338547 0.00114276 -0.00258151 0.000352334 0.00635403 0.00334372 -0.0218721 1 0 0 0 0 0 0 0
129 1 0.1 5.22875 1.79379 0.326918 -0.000603026 0.00251577 -0.00788708 -0.0795593 0.0485851 0.0168788 1 0 0 0 0 0 0 0
130 1 0.1 5.08234 1.93555 0.34777 0.00535053 -0.00768946 -0.00542884 -0.0418927 0.0355885 -0.0936268 1 0 0 0 0 0 0 0
131 1 0.1 4.9464 2.07921 0.40318 0.00798675 -0.013985 -0.00737338 -0.159415 -0.0134258 -0.159409 1 0 0 0 0 0 0 0
132 1 0.1 4.89823 2.28754 0.484352 0.00617692 -0.0169449 -0.0125482 -0.332176 0.140316 -0.00535381 1 0 0 0 0 0 0 0
133 1 0.1 4.72611 2.3001 0.391618 -0.00418459 -0.00206641 0.0309748 0.732055 0.107898 -0.0806832 1 0 0 0 0 0 0 0
134 1 0.1 4.67832 2.5707 0.434953 -0.0103127 -0.0019571 0.0171791 0.159403 -0.00424027 0.277549 1 0 0 0 0 0 0 0
135 1 0.1 4.59254 2.42998 0.322803 0.00884979 -0.00833478 -0.00426661 -0.109333 -0.270611 -0.175713 1 0 0 0 0 0 0 0
136 1 0.1 4.37701 2.79059 0.415043 -0.0186649 0.0220595 -0.0184579 0.614213 0.607734 -0.448471 1 0 0 0 0 0 0 0
137 1 0.1 4.56499 3.05039 0.364975 0.0210162 -0.0161095 0.0149274 0.0949693 -0.25037 0.00674488 1 0 0 0 0 0 0 0
138 1 0.1 4.351 3.08969 0.256339 0.00951065 0.00154057 -0.00537923 0.0230614 0.168976 -0.0804642 1 0 0 0 0 0 0 0
139 1 0.1 4.32272 3.3011 0.560573 -0.0118936 -0.0159162 0.00773193 0.194156 -0.494739 -0.426472 1 0 0 0 0 0 0 0
140 1 0.1 4.61442 3.34537 0.310715 0.0166287 0.008122 -0.013016 0.121096 -0.138978 0.408852 1 0 0 0 0 0 0 0
141 1 0.1 4.54823 3.52526 0.356987 -0.0101876 -0.00572791 -0.00320459 0.0181193 0.0268886 -0.0852499 1 0 0 0 0 0 0 0
142 1 0.1 4.72424 3.7004 0.463233 0.00153122 -0.00601163 0.00595207 0.0387017 -0.149158 -0.0468711 1 0 0 0 0 0 0 0
143 1 0.1 5.1091 4.07976 0.410097 0.00300896 0.00291024 0.00742024 -0.0880221 -0.0474366 0.0448969 1 0 0 0 0 0 0 0
144 1 0.1 5.33186 3.9584 0.471468 -0.00204162 -0.00317602 0.00856268 0.0957642 0.282126 0.104366 1 0 0 0 0 0 0 0
145 1 0.1 5.23268 4.21112 0.324884 -0.00118045 -0.00116667 0.00208472 -0.0588598 0.0393347 -0.0326707 1 0 0 0 0 0 0 0
146 1 0.1 5.43044 4.23901 0.319771 -0.00301106 0.0015768 -0.00425173 0.00638127 -0.0684406 -0.0695884 1 0 0 0 0 0 0 0
147 1 0.1 5.44559 4.4223 0.396521 -0.000314395 -0.000656645 0.00244849 0.0321066 -0.146814 0.0345209 1 0 0 0 0 0 0 0
148 1 0.1 5.72556 4.70353 0.325218 -0.00283436 -0.00397066 0.00177973 -0.018823 -0.0029804 -0.0390622 1 0 0 0 0 0 0 0
149 1 0.1 5.86373 4.84316 0.362313 -0.00231035 -0.00339059 0.000709476 -0.0354094 -0.0137613 0.0209787 1 0 0 0 0 0 0 0
150 1 0.1 6.10192 0.924366 0.364412 -0.00150999 0.00076964 -0.0016873 -0.0157513 0.0099618 0.0170914 1 0 0 0 0 0 0 0
151 1 0.1 5.8248 1.72593 0.298718 0.00470273 0.00470789 0.00895741 0.036378 -0.103592 0.0752957 1 0 0 0 0 0 0 0
152 1 0.1 5.47092 1.78037 0.216804 -0.000883569 -0.00275358 -0.000917793 0.0547255 -0.0271707 -0.0290695 1 0 0 0 0 0 0 0
153 1 0.1 6.029 2.33437 0.475779 -0.00683204 0.00590846 -0.000525321 0.0699536 -0.00137081 -0.0113264 1 0 0 0 0 0 0 0
154 1 0.1 5.62314 1.98869 0.399875 -0.00476425 -0.00402943 0.00412394 -0.0342587 0.0261236 -0.00978395 1 0 0 0 0 0 0 0
155 1 0.1 5.35911 2.14428 0.332828 0.0058822 -0.00242447 -0.00306294 0.0174573 0.0468415 0.0566325 1 0 0 0 0 0 0 0
156 1 0.1 5.14445 2.27273 0.638557 -0.0233723 -0.0112244 -0.00291982 0.0677214 -0.134234 0.095995 1 0 0 0 0 0 0 0
157 1 0.1 4.87656 2.14498 0.617468 0.00875386 -0.006727 -0.00023103 0.10086 0.143312 -0.115149 1 0 0 0 0 0 0 0
158 1 0.1 4.77539 2.5385 0.263273 0.000190341 -0.00907895 0.0197093 -0.216711 -0.112973 -0.141297 1 0 0 0 0 0 0 0
159 1 0.1 5.01459 2.71722 0.593793 0.00667513 -0.0299579 0.0199892 0.266279 0.18908 -0.0838964 1 0 0 0 0 0 0 0
160 1 0.1 4.92334 2.67019 0.423701 0.00801768 0.0237941 -2.80317e-05 0.102904 -0.302626 -0.267936 1 0 0 0 0 0 0 0
161 1 0.1 4.77402 3.00085 0.434206 -0.0479473 0.0531179 -0.0686378 -0.178847 -1.39683 -0.858682 1 0 0 0 0 0 0 0
162 1 0.1 4.6863 2.9025 0.599451 0.00576111 -0.00539308 -0.0039013 -0.0341966 0.111835 0.236788 1 0 0 0 0 0 0 0
163 1 0.1 4.88633 2.92538 0.641604 -0.027548 -0.0296965 0.030057 0.987435 0.0383059 -0.153847 1 0 0 0 0 0 0 0
164 1 0.1 4.31194 3.29298 0.762389 -0.0293358 -0.0185338 0.00207529 0.00230322 -0.0216617 -0.00969824 1 0 0 0 0 0 0 0
165 1 0.1 4.80554 3.47491 0.586533 -0.019885 0.00916623 -0.00968231 0.0504761 0.153512 0.162173 1 0 0 0 0 0 0 0
166 1 0.1 4.96286 3.4193 0.478257 -0.0422539 0.0317345 -0.0644982 0.646873 0.216449 -0.7556 1 0 0 0 0 0 0 0
167 1 0.1 5.27076 3.72981 0.238262 -0.00649307 -0.0157292 0.00224608 -0.0824319 0.0210224 0.162053 1 0 0 0 0 0 0 0
168 1 0.1 5.24169 3.95074 0.295022 -0.0124722 -0.0119533 0.0096454 -0.132481 -0.183295 -0.0141846 1 0 0 0 0 0 0 0
169 1 0.1 5.40947 3.84222 0.327447 -0.0145434 -0.000503745 -0.000846991 0.0945315 0.030677 0.0760691 1 0 0 0 0 0 0 0
170 1 0.1 5.42614 4.13226 0.48778 -0.0104509 -0.00182781 -0.00888803 0.235346 -0.0851886 0.23998 1 0 0 0 0 0 0 0
171 1 0.1 5.6311 4.36314 0.438919 -0.00181893 -0.00633572 0.00268512 -0.0348931 0.197562 -0.157383 1 0 0 0 0 0 0 0
172 1 0.1 5.73448 4.27955 0.290727 -0.00931971 -0.0079889 -0.000940699 0.0525348 -0.116753 0.0970259 1 0 0 0 0 0 0 0
173 1 0.1 5.85587 4.44079 0.337955 -0.00323649 0.00588761 -0.00287257 0.140147 -0.0284165 0.102047 1 0 0 0 0 0 0 0
174 1 0.1 6.0029 4.98623 0.350038 -0.00155024 -0.00515192 -0.000863505 -0.0129385 0.00142443 -0.0730841 1 0 0 0 0 0 0 0
175 1 0.1 6.24087 0.781653 0.347918 -8.92661e-05 0.0005016 -0.000731023 -0.0099085 -0.000470976 -0.00614727 1 0 0 0 0 0 0 0
176 1 0.1 5.72556 1.55326 0.309696 -0.00300384 0.00682113 -0.00196771 0.0478497 -0.0154571 -0.154013 1 0 0 0 0 0 0 0
177 1 0.1 5.80869 1.92639 0.306595 0.000748938 -0.00522039 -0.00106916 0.00528297 0.0718128 -0.0945798 1 0 0 0 0 0 0 0
178 1 0.1 5.77439 2.12304 0.315451 0.00167812 -0.00310759 -0.00101163 -0.0169804 0.109061 0.025562 1 0 0 0 0 0 0 0
179 1 0.1 5.45715 1.9738 0.289777 -0.00300867 -0.00360564 0.00148811 -0.0422489 -0.0686866 -0.0458382 1 0 0 0 0 0 0 0
180 1 0.1 5.5226 2.15037 0.461476 -0.00230602 0.00805069 0.000600878 0.0700858 0.000816935 -0.0855142 1 0 0 0 0 0 0 0
181 1 0.1 5.15754 2.11992 0.337744 0.00437112 -0.00955408 -0.0175968 -0.0247968 0.125815 0.0907666 1 0 0 0 0 0 0 0
182 1 0.1 5.08123 2.36332 0.471969 0.00180597 -0.0156993 -0.0152225 -0.119956 -0.204116 0.0378584 1 0 0 0 0 0 0 0
183 1 0.1 5.05344 2.57942 0.305617 -0.00538416 0.00881475 -0.00546362 0.307704 0.0968591 -0.302776 1 0 0 0 0 0 0 0
184 1 0.1 5.3752 2.81933 0.465077 -0.0114509 -0.0257111 0.0105376 0.118893 0.298753 0.343154 1 0 0 0 0 0 0 0
185 1 0.1 5.16729 2.79945 0.495191 -0.0153666 -0.0162753 0.0254166 -0.00430283 -0.0636522 0.189848 1 0 0 0 0 0 0 0
186 1 0.1 5.02418 2.79374 0.303001 -0.0645648 0.0622448 -0.0377609 -0.150145 0.0464908 0.262262 1 0 0 0 0 0 0 0
187 1 0.1 4.46553 2.79922 0.246367 -0.0187163 -0.0496875 -0.0210179 -1.20551 -0.640764 -0.105029 1 0 0 0 0 0 0 0
188 1 0.1 4.88782 2.99264 0.27133 -0.0175674 -0.062178 -0.0440188 0.0656044 0.212193 -1.04403 1 0 0 0 0 0 0 0
189 1 0.1 5.29209 3.39796 0.398637 -0.323449 -0.00188131 -0.0638866 0.563272 0.889223 -1.278 1 0 0 0 0 0 0 0
190 1 0.1 5.12808 3.59312 0.24153 0.00353356 -0.0394178 -0.0410928 -0.0344814 -0.0741338 0.0872422 1 0 0 0 0 0 0 0
191 1 0.1 5.44024 3.50022 0.311556 -0.164076 -0.129514 0.0510916 0.85367 -1.4872 -1.29028 1 0 0 0 0 0 0 0
192 1 0.1 5.16029 3.86109 0.136799 -0.00417556 -0.012714 0.0015739 0.0986241 -0.0212573 -0.0700268 1 0 0 0 0 0 0 0
193 1 0.1 5.72986 3.78681 0.308085 -0.0417902 0.0267133 -0.0210463 -0.24623 -0.626744 0.207768 1 0 0 0 0 0 0 0
194 1 0.1 5.7781 3.7695 0.598237 -0.00766751 0.0147555 0.000314598 0.0598315 0.0273132 -0.0174763 1 0 0 0 0 0 0 0
195 1 0.1 5.6891 4.03798 0.368936 -0.0412366 0.0392596 -0.0574008 0.59012 -0.286223 -0.603745 1 0 0 0 0 0 0 0
196 1 0.1 5.85892 4.1213 0.304444 0.0805554 -0.069768 0.070775 -0.110029 -1.23371 -1.13489 1 0 0 0 0 0 0 0
197 1 0.1 5.99016 4.03062 0.471308 -0.0231515 -0.0103222 -0.01879 0.0673072 -0.0199535 0.126212 1 0 0 0 0 0 0 0
198 1 0.1 5.90945 4.64578 0.240169 -0.00740868 0.00698001 0.00948145 0.0199869 0.200511 -0.00191354 1 0 0 0 0 0 0 0
199 1 0.1 6.14432 5.12762 0.349996 -0.00324873 -0.00270045 0.000208642 0.00749398 -0.00448052 -0.0367897 1 0 0 0 0 0 0 0
200 1 0.1 6.02322 1.26618 0.312383 0.00457276 0.00348895 0.00105591 0.0300706 0.00111654 -0.0229898 1 0 0 0 0 0 0 0
201 1 0.1 5.67911 1.3438 0.349232 -0.00285871 0.00362914 -0.000656924 0.0243444 -0.0563812 -0.0976086 1 0 0 0 0 0 0 0
202 1 0.1 6.02152 2.0249 0.607522 -0.0038959 0.0111686 0.00871895 -0.405887 -0.100811 -0.471835 1 0 0 0 0 0 0 0
203 1 0.1 5.94825 2.3733 0.654503 -0.0058274 0.00159295 0.000833553 -0.00352733 0.00119315 -0.0299102 1 0 0 0 0 0 0 0
204 1 0.1 5.90871 2.57305 0.318095 -0.00565904 0.00405674 -0.00212894 0.0650412 -0.0847025 -0.121288 1 0 0 0 0 0 0 0
205 1 0.1 5.61698 2.24604 0.314345 0.00465448 -0.00209808 -0.000763149 -0.114507 -0.0148625 -0.0662225 1 0 0 0 0 0 0 0
206 1 0.1 5.4363 2.32828 0.334255 0.00571847 -0.00277077 -0.00559452 -0.0880797 -0.146586 -0.0544057 1 0 0 0 0 0 0 0
207 1 0.1 5.56686 2.44567 0.429208 -0.00430702 0.002055 -0.000342743 -0.0283083 -0.0477234 0.0561733 1 0 0 0 0 0 0 0
208 1 0.1 5.05755 2.48285 0.135373 -0.0210384 0.0182486 -0.00312659 -0.154246 -0.188829 -0.207826 1 0 0 0 0 0 0 0
209 1 0.1 5.56617 2.60314 0.306474 -0.00995507 -0.000383431 -0.00141701 0.0150079 -0.00437404 0.0564565 1 0 0 0 0 0 0 0
210 1 0.1 5.67452 2.95985 0.469975 -0.0115161 0.00958054 0.00270262 -0.0532262 -0.127327 0.120618 1 0 0 0 0 0 0 0
211 1 0.1 5.30183 3.00281 0.138741 0.00772841 0.00028245 -0.00237226 0.118142 -0.0198867 0.0975272 1 0 0 0 0 0 0 0
212 1 0.1 4.94714 3.06045 0.511718 -0.0344315 -0.0601109 -0.00707072 -0.937217 0.736838 -1.07863 1 0 0 0 0 0 0 0
213 1 0.1 5.06268 2.9965 0.366149 -0.0288348 -0.0253671 -0.0127704 1.61997 -0.757253 0.453453 1 0 0 0 0 0 0 0
214 1 0.1 5.46735 3.38148 0.13635 0.000943089 0.0143109 -0.000754808 -0.48521 0.110982 -0.0105301 1 0 0 0 0 0 0 0
215 1 0.1 5.81273 3.32656 0.44525 -0.000510952 0.0202357 0.00365715 0.00802331 -0.115739 -0.134854 1 0 0 0 0 0 0 0
216 1 0.1 5.86832 3.46329 0.310665 0.00982911 0.0140635 -0.000852825 -0.0241694 0.195177 -0.107552 1 0 0 0 0 0 0 0
217 1 0.1 5.70348 3.57558 0.302467 0.0164724 0.0253832 -0.00368111 -0.16203 -0.0783709 -0.0208981 1 0 0 0 0 0 0 0
218 1 0.1 5.97832 3.75162 0.292413 0.00872435 0.00594107 0.00132163 -0.0226061 -0.033378 0.00223392 1 0 0 0 0 0 0 0
219 1 0.1 6.0564 3.65245 0.137428 0.00641373 0.00258672 0.00078578 -0.0161317 0.064237 -0.00720562 1 0 0 0 0 0 0 0
220 1 0.1 5.98357 3.55043 0.75897 -0.0847969 -0.0389224 0.00202225 -0.0250048 -0.603827 -0.57366 1 0 0 0 0 0 0 0
221 1 0.1 6.05979 3.3743 0.540555 9.07715e-06 -0.0477367 -0.075725 0.651996 1.54768 -0.848222 1 0 0 0 0 0 0 0
222 1 0.1 6.05501 3.48192 0.241801 -0.0180065 -0.0576931 -0.0964657 1.0339 0.92641 -1.03788 1 0 0 0 0 0 0 0
223 1 0.1 6.04761 4.75232 0.337855 0.00722236 -0.000813341 -0.00117301 -0.0746507 0.0359796 -0.0240852 1 0 0 0 0 0 0 0
224 1 0.1 6.14195 4.86933 0.46965 0.000931138 -0.00275247 0.00548342 0.0810335 -0.163638 -0.00686532 1 0 0 0 0 0 0 0
225 1 0.1 5.97058 1.59243 0.328479 -0.0136725 -0.0156353 0.0104576 0.0487932 0.0547001 -0.362541 1 0 0 0 0 0 0 0
226 1 0.1 5.70125 2.27947 0.137297 0.00575012 -0.00299076 0.000645068 0.116873 -0.0234979 0.054613 1 0 0 0 0 0 0 0
227 1 0.1 5.99611 1.99911 0.3057 0.00430549 0.00872395 -0.00267568 -0.0252143 0.0240282 -0.0606906 1 0 0 0 0 0 0 0
228 1 0.1 5.99119 2.54983 0.137475 -0.000238445 0.00312182 0.00029285 -0.0233277 -0.00171933 0.00692062 1 0 0 0 0 0 0 0
229 1 0.1 5.4807 2.91359 0.138268 0.0136649 0.0121879 0.00623426 -0.0791023 -0.112529 0.0367272 1 0 0 0 0 0 0 0
230 1 0.1 5.96487 3.0743 0.277354 -0.00200446 0.0106419 0.00137714 0.0303881 0.10721 0.0491144 1 0 0 0 0 0 0 0
231 1 0.1 5.876 2.46281 0.482806 -0.00672489 0.00536832 -0.00134609 -0.0634056 -0.00905466 0.0141954 1 0 0 0 0 0 0 0
232 1 0.1 5.71759 2.46748 0.299851 -0.00625989 -0.00052143 -0.00217332 0.0371968 0.0768479 -0.0979915 1 0 0 0 0 0 0 0
233 1 0.1 5.94129 2.65241 0.586713 -0.00494371 0.00762825 0.00257108 0.0227662 -0.064852 0.124711 1 0 0 0 0 0 0 0
234 1 0.1 5.76109 2.78472 0.326677 0.00406391 0.00921916 -0.00110802 -0.0336734 -0.0982528 0.0114758 1 0 0 0 0 0 0 0
235 1 0.1 5.94854 2.75546 0.389752 0.000327844 -0.00164149 0.00808778 0.0272124 0.00737587 -0.126639 1 0 0 0 0 0 0 0
236 1 0.1 5.54448 3.09483 0.539573 -0.0595343 -0.000167761 -0.0648317 -0.3538 0.754629 0.12237 1 0 0 0 0 0 0 0
237 1 0.1 5.55022 3.10617 0.315876 0.0052251 0.0084236 -0.00250641 -0.198825 0.00736648 -0.116067 1 0 0 0 0 0 0 0
238 1 0.1 5.42282 3.25603 0.282102 0.0223202 0.0077229 -0.00767955 0.549965 0.0252338 0.216855 1 0 0 0 0 0 0 0
239 1 0.1 5.74156 3.16056 0.289771 0.0011326 -0.0017047 0.00376763 -0.0265036 0.0792136 -0.166195 1 0 0 0 0 0 0 0
240 1 0.1 5.8678 2.94103 0.390406 0.00597223 0.0050449 0.00243982 0.0603841 0.0499252 -0.0669375 1 0 0 0 0 0 0 0
241 1 0.1 5.51755 3.3363 0.566104 -0.0833274 0.082639 -0.128207 -0.730819 -1.10189 0.0829794 1 0 0 0 0 0 0 0
242 1 0.1 5.94386 3.27115 0.304915 -0.00479869 0.0102552 0.00316941 -0.0353486 0.130266 0.0120534 1 0 0 0 0 0 0 0
243 1 0.1 5.91484 3.24954 0.598731 -0.0130731 0.00642653 0.00624314 -0.0368714 0.114021 -0.140781 1 0 0 0 0 0 0 0
244 1 0.1 5.84983 3.65878 0.414113 0.00241507 0.0134574 -5.60892e-05 0.0797789 0.0527458 -0.1705 1 0 0 0 0 0 0 0
245 1 0.1 5.86826 3.18325 0.137301 -0.0020959 -0.00693775 -0.000137582 0.0652648 -0.00218072 0.0307112 1 0 0 0 0 0 0 0
246 1 0.1 6.00606 3.53604 0.436038 -0.00340179 0.0100864 0.0158216 0.0951402 -0.392215 0.143091 1 0 0 0 0 0 0 0
247 1 0.1 5.70288 4.18775 0.499354 -0.023632 -0.0166615 -0.0025647 0.120593 -0.165878 -0.0992728 1 0 0 0 0 0 0 0
248 1 0.1 6.13545 4.35457 0.436489 -0.0330041 -0.0149808 -0.0321546 0.328422 0.725023 0.0627556 1 0 0 0 0 0 0 0
249 1 0.1 6.09904 4.5154 0.323444 0.0026859 0.0122942 -0.00184119 0.0268714 0.0609657 0.0442988 1 0 0 0 0 0 0 0
250 1 0.1 5.94685 1.07636 0.567339 -0.00198242 0.00234629 0.000598303 -0.00602557 0.0186067 -0.0495946 1 0 0 0 0 0 0 0
251 1 0.1 5.81035 1.21577 0.523926 -0.00334557 0.0028788 0.00337442 0.0357424 0.0102158 0.0576979 1 0 0 0 0 0 0 0
252 1 0.1 5.60404 1.42473 0.515876 -0.00989626 0.00661586 -0.00350216 -0.092613 -0.0109607 -0.10714 1 0 0 0 0 0 0 0
253 1 0.1 5.43931 1.57575 0.549961 -0.000980106 -0.000143591 0.00120853 -0.0047955 -0.00583501 0.00921334 1 0 0 0 0 0 0 0
254 1 0.1 5.29307 1.72514 0.550024 0.00109733 -0.00177251 1.61975e-05 -0.00896979 -0.00429215 -0.0153567 1 0 0 0 0 0 0 0
255 1 0.1 5.27912 1.97328 0.397564 0.0027111 -0.0013078 -0.00662574 0.0492647 -0.24724 -0.123501 1 0 0 0 0 0 0 0
256 1 0.1 5.01806 2.00252 0.572984 0.00206777 -0.00266044 -0.00127618 -0.0193644 -0.00584636 -0.0380554 1 0 0 0 0 0 0 0
257 1 0.1 4.59153 2.42326 0.550011 0.00564955 -0.00996421 -0.000829899 -1.8279e-05 0.0028028 -0.00157573 1 0 0 0 0 0 0 0
258 1 0.1 4.75403 2.74501 0.496209 0.0060866 -0.00566181 0.0140588 -0.049081 0.217678 -0.0170909 1 0 0 0 0 0 0 0
259 1 0.1 4.82615 2.81179 0.323553 -0.066969 -0.039433 -0.02553 -0.743867 0.206432 1.13758 1 0 0 0 0 0 0 0
260 1 0.1 4.57066 2.72261 0.566415 0.00317642 -0.0073182 0.00581866 -0.131618 -0.317116 0.1493 1 0 0 0 0 0 0 0
261 1 0.1 4.53192 2.89236 0.472862 0.00869035 -0.0223775 -0.00719739 0.0790815 -0.295841 0.130152 1 0 0 0 0 0 0 0
262 1 0.1 4.47242 3.00412 0.624302 0.0273846 -0.00945923 -0.00574197 -0.0676904 0.249758 -0.537382 1 0 0 0 0 0 0 0
263 1 0.1 4.19934 2.96554 0.299869 1.60907e-05 -0.00275939 -0.00342712 0.00541207 0.0303049 -0.0217009 1 0 0 0 0 0 0 0
264 1 0.1 4.20126 3.17526 0.644569 0.00115764 -0.0181645 -0.018111 0.234447 0.221856 0.243568 1 0 0 0 0 0 0 0
265 1 0.1 4.46061 3.44222 0.545792 -0.0213774 -0.00863374 -0.00300514 -0.236469 0.22772 0.114761 1 0 0 0 0 0 0 0
266 1 0.1 4.41506 3.38181 0.304946 0.0169459 -0.0185201 -0.0166863 -0.0210956 -0.254814 -0.203384 1 0 0 0 0 0 0 0
267 1 0.1 4.60353 3.57879 0.57576 -0.0187733 -0.0115675 -0.00532474 0.0253988 -0.00941913 -0.0435368 1 0 0 0 0 0 0 0
268 1 0.1 5.00832 3.74402 0.429817 -0.0295823 -0.0220892 -0.0429344 0.772415 0.0262756 0.118154 1 0 0 0 0 0 0 0
269 1 0.1 5.00014 3.97031 0.536814 0.011075 -0.0116796 0.00507218 0.675842 0.0782725 -0.238215 1 0 0 0 0 0 0 0
270 1 0.1 5.28337 4.07159 0.62587 0.0641281 -0.00516897 0.038499 0.0916087 0.396614 -0.25332 1 0 0 0 0 0 0 0
271 1 0.1 5.27931 4.2557 0.547986 -0.0146039 -0.0463362 -0.0727365 -0.416304 1.34934 -0.753285 1 0 0 0 0 0 0 0
272 1 0.1 5.50724 4.48176 0.577159 -0.00119577 -0.00370762 0.00224317 -0.0741288 -0.220004 -0.19914 1 0 0 0 0 0 0 0
273 1 0.1 5.63577 4.60501 0.488653 -0.00405532 -0.00313674 0.0017213 0.0721355 0.00862625 -0.0186777 1 0 0 0 0 0 0 0
274 1 0.1 5.7767 4.74487 0.513957 -0.00298059 -0.00369775 0.00154681 0.0217216 0.00106489 0.0461353 1 0 0 0 0 0 0 0
275 1 0.1 6.08768 0.934545 0.56359 -0.00279963 0.000418883 -0.00139931 -0.00449411 0.020688 0.0217048 1 0 0 0 0 0 0 0
276 1 0.1 5.63239 1.60802 0.589762 -0.00153744 0.00477521 -0.00308775 0.0568158 0.029398 -0.108337 1 0 0 0 0 0 0 0
277 1 0.1 5.55345 1.66995 0.415817 0.000266305 -0.00420063 0.00167068 -0.0512749 -0.0203865 -0.0123893 1 0 0 0 0 0 0 0
278 1 0.1 5.64489 1.81202 0.309195 -0.00194067 -0.00426331 0.00268495 0.033722 0.0017489 0.0522005 1 0 0 0 0 0 0 0
279 1 0.1 5.50008 1.7627 0.585927 0.00261843 -0.00125933 -0.000635958 -0.0131498 0.0352761 -0.04667 1 0 0 0 0 0 0 0
280 1 0.1 5.39251 1.97493 0.561809 -0.0132414 0.000466985 0.00228575 -0.0957941 0.0671638 0.108577 1 0 0 0 0 0 0 0
281 1 0.1 5.20826 2.05874 0.563563 -0.00115774 0.00505938 -0.012918 0.00588909 0.118834 0.106949 1 0 0 0 0 0 0 0
282 1 0.1 4.9713 2.05465 0.763712 0.006078 -0.00963212 -0.000555414 -0.172645 -0.0788958 0.0311983 1 0 0 0 0 0 0 0
283 1 0.1 4.92009 2.45294 0.378824 0.0115778 -0.00144791 0.0164656 -0.0599605 -0.04308 0.209555 1 0 0 0 0 0 0 0
284 1 0.1 5.21651 2.68739 0.339395 -0.00312573 0.00501318 0.0280759 0.149904 -0.00934703 0.0199303 1 0 0 0 0 0 0 0
285 1 0.1 4.45058 2.56496 0.554121 0.00726619 -0.00798904 -0.00142016 -0.0178583 -7.83422e-05 -0.102059 1 0 0 0 0 0 0 0
286 1 0.1 4.55516 2.7031 0.763373 -0.012876 0.00294683 0.000379395 0.0938054 0.144181 -0.156732 1 0 0 0 0 0 0 0
287 1 0.1 4.57128 3.10429 0.763339 0.0137601 0.00243513 -0.00134073 0.198511 -0.232808 0.316443 1 0 0 0 0 0 0 0
288 1 0.1 4.49539 3.26714 0.455286 -0.000239757 -0.0267019 -0.00644081 0.0483453 0.284352 -0.00135887 1 0 0 0 0 0 0 0
289 1 0.1 4.70985 3.17599 0.332903 -0.019767 -0.000371497 -0.00501674 -0.0591607 -0.238193 -0.675907 1 0 0 0 0 0 0 0
290 1 0.1 4.85439 3.31608 0.190655 0.0126043 -0.00754921 -0.04765 0.0972245 0.202031 0.002504 1 0 0 0 0 0 0 0
291 1 0.1 4.94277 3.46643 0.731171 -0.0165802 -0.00992672 -0.0100107 0.131555 -0.162511 -0.283797 1 0 0 0 0 0 0 0
292 1 0.1 5.09131 3.56481 0.435071 -0.00747026 0.0151943 -0.0278461 -0.531699 -0.710374 0.42957 1 0 0 0 0 0 0 0
293 1 0.1 4.86083 3.83384 0.331512 -0.0110602 -0.00156885 -0.00245318 0.102786 -0.0813597 -0.0198976 1 0 0 0 0 0 0 0
294 1 0.1 5.23872 3.78991 0.423925 0.0225972 -0.0229345 0.00319473 0.13466 -0.036199 0.106218 1 0 0 0 0 0 0 0
295 1 0.1 5.2292 3.86329 0.612073 0.0126186 -0.0156478 0.00113614 0.202391 -0.0690045 -0.199127 1 0 0 0 0 0 0 0
296 1 0.1 5.58276 4.03467 0.563624 -0.0161868 -0.0010866 -0.00252419 0.163838 -0.253122 -0.02336 1 0 0 0 0 0 0 0
297 1 0.1 5.70176 4.4486 0.604043 -0.00228979 -0.00320691 -0.0013446 0.0748388 -0.0367853 0.0441351 1 0 0 0 0 0 0 0
298 1 0.1 5.67105 4.51175 0.311976 -0.00501121 -0.00514328 -0.000510423 0.0513988 -0.022571 0.034848 1 0 0 0 0 0 0 0
299 1 0.1 6.05033 5.02468 0.555868 -0.00276589 -0.00337648 0.00210713 -0.0238542 -0.00461912 -0.0422321 1 0 0 0 0 0 0 0
300 1 0.1 6.22648 0.791302 0.549849 -0.000829664 0.00115357 -0.00056943 -0.0174069 -0.012991 0.0027711 1 0 0 0 0 0 0 0
301 1 0.1 5.83497 1.57932 0.474868 -0.0199189 0.00755426 0.00831693 -0.0634579 -0.17792 0.180798 1 0 0 0 0 0 0 0
302 1 0.1 5.90733 1.82688 0.449936 -0.0168374 0.00564192 0.0215252 -0.20074 -0.344482 -0.343716 1 0 0 0 0 0 0 0
303 1 0.1 5.87992 2.02401 0.466444 0.00407899 0.00953423 -0.00142025 0.00918317 -0.0223132 0.0973153 1 0 0 0 0 0 0 0
304 1 0.1 5.77096 1.92022 0.598404 -0.0130764 0.0289708 -0.0182691 0.267028 0.194445 -0.0137572 1 0 0 0 0 0 0 0
305 1 0.1 5.58762 1.99954 0.596362 -0.0175453 0.0219564 0.00124536 -0.0299748 -0.0679009 0.0932527 1 0 0 0 0 0 0 0
306 1 0.1 5.27628 2.4144 0.588443 -0.0209808 -0.00775838 0.0114774 -0.0694683 -0.081433 -0.0450815 1 0 0 0 0 0 0 0
307 1 0.1 5.07438 2.41303 0.762576 0.000348961 -0.0025825 0.000252633 -0.0279927 -0.00735482 0.0205926 1 0 0 0 0 0 0 0
308 1 0.1 5.31991 2.48638 0.280877 -0.0132527 0.00530013 -0.00904638 -0.0956401 -0.0666159 -0.23894 1 0 0 0 0 0 0 0
309 1 0.1 4.98753 2.52514 0.549857 -0.00419658 -0.0138394 0.00820455 0.052911 -0.0618113 -0.0687944 1 0 0 0 0 0 0 0
310 1 0.1 5.39797 2.97732 0.312118 0.00621964 0.00596248 0.00234792 -0.0954432 -0.176887 0.145593 1 0 0 0 0 0 0 0
311 1 0.1 4.57107 2.90136 0.762825 0.011161 -0.0038415 0.000867034 -0.0828198 -0.0670272 -0.0641667 1 0 0 0 0 0 0 0
312 1 0.1 4.60978 3.12322 0.544374 0.0334911 -0.0162982 0.00627096 0.59722 0.119416 -0.012512 1 0 0 0 0 0 0 0
313 1 0.1 4.91731 3.17427 0.350178 -0.0965582 -0.0366383 0.0285692 0.228052 0.285813 -0.915998 1 0 0 0 0 0 0 0
314 1 0.1 5.27935 3.20128 0.143707 -0.00794684 -0.00105423 0.00969682 0.0417988 -0.0675363 0.00958373 1 0 0 0 0 0 0 0
315 1 0.1 5.13704 3.33325 0.516874 -0.170433 -0.164214 0.105066 -5.13457 0.102666 -2.42292 1 0 0 0 0 0 0 0
316 1 0.1 5.62841 3.39055 0.30248 0.0325142 0.0212955 -0.0220518 -0.386084 0.104845 -0.109569 1 0 0 0 0 0 0 0
317 1 0.1 5.28269 3.5974 0.38758 0.01153 0.0249157 0.0424826 -0.342107 0.190792 -0.183709 1 0 0 0 0 0 0 0
318 1 0.1 5.54466 3.69696 0.304825 0.012959 0.0284077 -0.0149898 -0.0585415 0.150432 0.329877 1 0 0 0 0 0 0 0
319 1 0.1 5.47 3.87048 0.584316 0.00535323 0.0112075 0.00761957 0.143279 -0.440211 0.277868 1 0 0 0 0 0 0 0
320 1 0.1 5.43635 4.00406 0.735001 0.0799882 -0.0456372 0.0139173 0.0161677 0.076811 -0.231448 1 0 0 0 0 0 0 0
321 1 0.1 5.95032 3.88732 0.609212 -0.00790199 0.0330199 -0.00251741 0.184407 -0.00279475 0.0192792 1 0 0 0 0 0 0 0
322 1 0.1 5.68966 4.14256 0.693657 -0.0148383 -0.0164184 0.0056138 -0.100674 0.0350193 -0.0671217 1 0 0 0 0 0 0 0
323 1 0.1 5.95249 4.60173 0.428253 0.00491831 0.00268314 0.0017657 0.0252043 -0.053237 0.00250853 1 0 0 0 0 0 0 0
324 1 0.1 6.19071 5.16694 0.549996 -0.0030631 -0.00318488 0.000104126 -0.00320479 0.00393548 0.0667824 1 0 0 0 0 0 0 0
325 1 0.1 6.07822 1.20893 0.495733 0.00300109 -0.00251324 0.000252012 0.0141345 0.000185806 -0.0383334 1 0 0 0 0 0 0 0
326 1 0.1 5.86435 1.41783 0.360647 -0.0172982 0.0518069 -0.0519331 0.435308 0.788443 0.640487 1 0 0 0 0 0 0 0
327 1 0.1 5.95823 2.18785 0.359666 0.00109847 0.00766938 -0.00684726 -0.00920469 -0.0577863 0.0784569 1 0 0 0 0 0 0 0
328 1 0.1 5.63123 2.2818 0.762929 -0.000690884 0.00097352 -0.000235936 0.0346891 0.0544253 -0.0324641 1 0 0 0 0 0 0 0
329 1 0.1 5.88971 2.19919 0.575439 -0.00547466 0.00350774 -0.00172464 0.0293336 -0.0306973 0.0183965 1 0 0 0 0 0 0 0
330 1 0.1 5.50372 2.32502 0.575266 0.00146713 -0.000153064 -0.000342711 0.0307242 0.0755655 0.00715664 1 0 0 0 0 0 0 0
331 1 0.1 5.71489 2.12737 0.510276 -0.00276009 0.00123354 -0.00243166 -0.0356195 0.0171999 0.0157341 1 0 0 0 0 0 0 0
332 1 0.1 5.8674 2.59222 0.762498 -0.00224924 0.00271964 0.00141363 -0.0197734 -0.0423462 -0.015758 1 0 0 0 0 0 0 0
333 1 0.1 5.78622 2.64003 0.461112 -0.00333786 0.0069166 -0.00101116 0.0517891 0.0332661 -0.0546601 1 0 0 0 0 0 0 0
334 1 0.1 5.52001 2.55056 0.592605 -0.0132247 0.00243239 -0.00213081 0.00475398 0.00389043 0.0471243 1 0 0 0 0 0 0 0
335 1 0.1 5.17971 2.53617 0.462679 -0.00579404 -0.0107955 -0.00184761 0.0763775 -0.164988 0.0704719 1 0 0 0 0 0 0 0
336 1 0.1 5.34549 2.84272 0.661164 0.00206116 -0.00920738 0.0101151 -0.388369 -0.0106899 0.22606 1 0 0 0 0 0 0 0
337 1 0.1 5.07997 2.94292 0.600365 -0.0295723 -0.0268188 0.0166433 -0.237812 0.33581 0.219361 1 0 0 0 0 0 0 0
338 1 0.1 5.23293 3.09853 0.370555 0.00179369 -0.0594963 0.0543048 -0.652895 0.701165 -0.851809 1 0 0 0 0 0 0 0
339 1 0.1 5.37343 3.20077 0.464972 0.00894365 -0.0411005 -0.031552 -0.312639 -0.504739 0.668977 1 0 0 0 0 0 0 0
340 1 0.1 5.63225 3.24204 0.43531 0.000354433 0.0291624 -0.0142976 -0.0447783 -0.110891 0.0534917 1 0 0 0 0 0 0 0
341 1 0.1 5.41941 3.51677 0.554526 -0.0625196 -0.0583407 -0.111788 1.46157 0.0435097 -0.400166 1 0 0 0 0 0 0 0
342 1 0.1 5.5996 3.48888 0.472212 -0.0127987 0.0470454 -0.0649312 0.0897926 -0.596899 -0.0352055 1 0 0 0 0 0 0 0
343 1 0.1 5.65839 3.67866 0.467315 0.00161937 0.0376894 -0.0160326 0.108773 -0.242617 -0.138314 1 0 0 0 0 0 0 0
344 1 0.1 5.71211 3.56321 0.620981 -0.0688086 0.0188138 0.000523235 -0.0778978 -0.414714 -0.175449 1 0 0 0 0 0 0 0
345 1 0.1 5.79161 3.25798 0.762499 -0.0525104 0.0188829 -0.00201111 0.0641179 0.200588 0.194605 1 0 0 0 0 0 0 0
346 1 0.1 5.94057 3.65323 0.592911 -0.0208589 -0.00134903 0.00849804 -0.512615 0.196114 -0.186833 1 0 0 0 0 0 0 0
347 1 0.1 6.05196 3.77791 0.476362 -0.0930397 -0.126349 0.0628208 0.0684471 -1.57107 -3.48347 1 0 0 0 0 0 0 0
348 1 0.1 5.91121 4.88173 0.570029 -0.00296039 -0.00375938 0.00228639 -0.0210612 -0.0119818 -0.0486514 1 0 0 0 0 0 0 0
349 1 0.1 6.03728 4.72516 0.560497 0.00631418 -0.00552299 0.00588178 0.0468009 0.034484 -0.0695582 1 0 0 0 0 0 0 0
350 1 0.1 6.05536 1.43421 0.417339 -0.0267983 0.0439701 -0.0140642 0.714191 -1.0811 -0.385137 1 0 0 0 0 0 0 0
351 1 0.1 6.05655 1.64669 0.500643 -0.0199914 0.0109034 0.00915675 0.312936 -0.00636942 0.0234163 1 0 0 0 0 0 0 0
352 1 0.1 6.06474 1.83283 0.573014 -0.0343423 -0.00165032 0.0438106 0.0578776 0.0481286 0.145248 1 0 0 0 0 0 0 0
353 1 0.1 5.85338 2.01515 0.754456 -0.00722272 -0.0272155 -0.000523423 -0.0129051 0.0321314 -0.30827 1 0 0 0 0 0 0 0
354 1 0.1 5.87676 2.71002 0.172524 -0.054197 -0.0535347 0.0837361 0.895891 -1.30245 -0.574817 1 0 0 0 0 0 0 0
355 1 0.1 5.81603 2.96624 0.198959 0.00517588 0.00241961 0.000772455 -0.139077 -0.0553062 0.00107867 1 0 0 0 0 0 0 0
356 1 0.1 5.69514 2.69352 0.762942 -0.00254226 0.00213129 -0.000703538 0.0118989 0.0233922 0.0291372 1 0 0 0 0 0 0 0
357 1 0.1 5.62956 2.729 0.578329 -0.0103861 0.00171019 0.00191408 0.00109288 0.0551882 0.0471905 1 0 0 0 0 0 0 0
358 1 0.1 5.1783 2.88287 0.762786 -0.00182133 -0.00587353 0.00231908 0.0433857 -0.0126583 -0.0523824 1 0 0 0 0 0 0 0
359 1 0.1 5.56504 2.78096 0.397314 -0.0174932 -0.00382589 0.00298066 -0.0260445 -0.00202242 0.0595126 1 0 0 0 0 0 0 0
360 1 0.1 5.85356 3.00601 0.601943 -0.0208231 0.0224919 0.000422472 0.101862 -0.0703777 0.109008 1 0 0 0 0 0 0 0
361 1 0.1 5.69917 2.89615 0.665276 -0.00927487 0.00621118 -0.00389372 -0.0208351 0.0730751 0.0640561 1 0 0 0 0 0 0 0
362 1 0.1 5.51852 2.8993 0.579229 -0.0119718 0.00180714 -0.00306777 -0.108566 -0.00106594 0.0858912 1 0 0 0 0 0 0 0
363 1 0.1 5.26172 2.97311 0.522736 -0.00226003 -0.039855 0.064208 0.364215 -0.00232657 -0.367177 1 0 0 0 0 0 0 0
364 1 0.1 5.4727 3.01154 0.760295 -0.00524186 0.00912929 -0.00132568 -0.188167 0.00835417 0.160988 1 0 0 0 0 0 0 0
365 1 0.1 5.40248 3.17 0.658431 -0.0283092 -0.00154977 -0.0255994 -0.0148564 0.00979693 0.288082 1 0 0 0 0 0 0 0
366 1 0.1 5.73379 3.16559 0.589097 -0.021823 0.0244969 0.0014948 0.0791063 -0.166974 -0.0721669 1 0 0 0 0 0 0 0
367 1 0.1 5.5683 3.19805 0.765543 -0.0833775 0.0976005 0.0236707 -0.534406 -0.381596 0.256353 1 0 0 0 0 0 0 0
368 1 0.1 5.70976 3.36346 0.613614 -0.0925958 0.00421424 0.00285031 0.139752 -0.383153 -0.710648 1 0 0 0 0 0 0 0
369 1 0.1 5.87931 3.46384 0.574388 -0.0572015 0.00842969 0.043158 0.0940817 -0.941123 -0.0348963 1 0 0 0 0 0 0 0
370 1 0.1 5.98053 3.34257 0.762674 0.00138516 0.00262256 0.000598164 0.0217101 -0.00230209 0.00214846 1 0 0 0 0 0 0 0
371 1 0.1 6.03074 3.07695 0.542385 -0.0133744 0.0288412 0.0324288 -0.0333353 -0.126485 0.110622 1 0 0 0 0 0 0 0
372 1 0.1 5.98298 4.22557 0.427438 -0.035867 -0.0123592 -0.0190003 0.211355 -0.0856377 -0.0641074 1 0 0 0 0 0 0 0
373 1 0.1 5.83623 4.3365 0.507459 -0.0256199 -0.0169409 -0.0201188 -0.113554 0.305089 -0.0967267 1 0 0 0 0 0 0 0
374 1 0.1 6.10536 4.52699 0.533223 -0.00237251 -0.0245544 0.00356879 0.117844 -0.0368012 -0.185118 1 0 0 0 0 0 0 0
375 1 0.1 5.8126 1.20837 0.749774 0.000591884 -0.00104504 0.00100462 0.00593048 -0.0104354 -0.00899866 1 0 0 0 0 0 0 0
376 1 0.1 5.79509 1.40909 0.571855 -0.014972 0.00270585 0.00821886 0.0133145 -0.115591 0.03751 1 0 0 0 0 0 0 0
377 1 0.1 5.53014 1.49083 0.749813 0.00129884 -0.000719084 -0.00117186 -0.012971 0.014942 -0.00465055 1 0 0 0 0 0 0 0
378 1 0.1 5.38957 1.63217 0.749311 0.000281536 -0.00292516 -0.00147172 -0.0070358 -9.97064e-05 0.0256589 1 0 0 0 0 0 0 0
379 1 0.1 5.24963 1.77383 0.757046 0.00251555 -0.00219566 -0.00111089 0.00113822 0.0143363 -0.0388873 1 0 0 0 0 0 0 0
380 1 0.1 5.10872 1.91353 0.747124 0.00442977 -0.00464632 0.00880629 0.119133 0.0119387 0.031582 1 0 0 0 0 0 0 0
381 1 0.1 5.15674 1.8684 0.520801 0.00222405 -0.00203978 -0.00236052 -0.0256516 0.00253137 0.00203113 1 0 0 0 0 0 0 0
382 1 0.1 4.65998 2.35604 0.749844 0.00125487 0.00147728 -0.00789347 -0.308003 -0.025567 -0.0708629 1 0 0 0 0 0 0 0
383 1 0.1 4.70682 2.54928 0.763076 -0.0203352 0.0118814 -0.00169825 -0.0211521 -0.660535 0.358329 1 0 0 0 0 0 0 0
384 1 0.1 4.80121 2.57776 0.591952 0.00889031 0.0049369 0.0161013 -0.145912 0.19602 -0.141424 1 0 0 0 0 0 0 0
385 1 0.1 4.30683 2.71208 0.574639 0.00918314 -0.0101902 -0.0086495 -0.00974214 -0.00938183 -0.139931 1 0 0 0 0 0 0 0
386 1 0.1 4.19637 2.82664 0.749764 -0.0315968 0.0216745 0.0142796 -0.0329396 -0.260654 0.33618 1 0 0 0 0 0 0 0
387 1 0.1 4.18661 3.09823 0.448926 -4.14219e-05 0.00375707 -0.0106411 -0.267927 0.115963 0.0950109 1 0 0 0 0 0 0 0
388 1 0.1 4.19066 3.02574 0.767834 -0.00856133 0.0287827 0.00988894 -0.631436 0.549965 -0.799032 1 0 0 0 0 0 0 0
389 1 0.1 4.64757 3.38752 0.502877 -0.0132165 -0.0133445 -0.00472393 0.173127 -0.0145923 0.248836 1 0 0 0 0 0 0 0
390 1 0.1 4.50216 3.47953 0.74992 0.00680298 0.00819649 -0.00411886 0.0294479 0.0273629 0.107339 1 0 0 0 0 0 0 0
391 1 0.1 4.65504 3.63536 0.760919 0.00490568 0.00285319 -0.00789961 -0.0607032 0.0896545 0.0342082 1 0 0 0 0 0 0 0
392 1 0.1 4.85909 3.83155 0.529698 0.00203642 0.00394877 -0.00659631 -0.189646 0.212495 0.0800063 1 0 0 0 0 0 0 0
393 1 0.1 4.92911 3.90039 0.722718 0.00426866 0.0122945 0.0276345 -0.293985 -0.154624 0.411756 1 0 0 0 0 0 0 0
394 1 0.1 5.09094 4.01505 0.707528 0.0289875 -0.0149283 -7.24625e-05 -0.72547 -0.173259 -0.695295 1 0 0 0 0 0 0 0
395 1 0.1 5.19196 4.17277 0.768552 -0.00266595 0.0104398 0.00907032 -0.723996 -1.49875 0.22311 1 0 0 0 0 0 0 0
396 1 0.1 5.50739 4.28335 0.587794 -0.0231257 -0.00335157 0.00523426 -0.000699587 0.148325 -0.0253259 1 0 0 0 0 0 0 0
397 1 0.1 5.33518 4.31077 0.747997 0.000270227 -0.00300762 -0.0107507 0.241199 -0.10835 0.0420077 1 0 0 0 0 0 0 0
398 1 0.1 5.70089 4.66954 0.682863 -0.00422353 -0.00442895 0.000180792 0.0157433 0.00648834 -0.104933 1 0 0 0 0 0 0 0
399 1 0.1 5.83345 4.80696 0.741639 -0.00377467 -0.00483942 0.00022097 -0.00236438 -0.0738722 0.0923426 1 0 0 0 0 0 0 0
400 1 0.1 6.05813 0.967527 0.758547 0.000149349 -0.000181733 -7.58449e-05 0.00451775 0.00339269 0.00599282 1 0 0 0 0 0 0 0
401 1 0.1 5.6712 1.34967 0.750145 0.00129317 -0.00091541 -0.000497696 -0.0095611 -0.00592463 -0.00229255 1 0 0 0 0 0 0 0
402 1 0.1 5.58287 1.69468 0.762655 0.00366051 0.000329294 0.000132407 0.0551827 -0.0573058 -0.00847143 1 0 0 0 0 0 0 0
403 1 0.1 5.71454 1.7614 0.490868 -0.00958697 0.0231068 -0.0115109 -0.293145 -0.0116482 0.188793 1 0 0 0 0 0 0 0
404 1 0.1 5.44007 1.83396 0.762654 0.00382332 -0.000911429 -0.000277106 0.0155884 -0.0303021 0.014266 1 0 0 0 0 0 0 0
405 1 0.1 5.29867 1.97227 0.737903 0.00147624 -0.000710477 0.00700202 0.0450189 0.0726568 0.00406504 1 0 0 0 0 0 0 0
406 1 0.1 5.1612 2.11546 0.760726 0.00421035 4.81849e-05 0.00883799 -0.154717 -0.0039811 0.407613 1 0 0 0 0 0 0 0
407 1 0.1 5.35927 2.18735 0.569036 -0.00427301 0.00654818 -0.00204724 0.184493 -0.0868876 -0.0751456 1 0 0 0 0 0 0 0
408 1 0.1 4.87207 2.44053 0.74102 -0.0434212 -0.0396233 -0.0403484 -0.420534 0.322694 0.610469 1 0 0 0 0 0 0 0
409 1 0.1 4.8961 2.63691 0.758887 0.0101571 -0.0499822 -0.0140852 0.706985 -0.159358 -1.08514 1 0 0 0 0 0 0 0
410 1 0.1 4.34904 2.6783 0.76403 0.00406831 -0.00527408 0.00124694 -0.160388 0.00401604 -0.219438 1 0 0 0 0 0 0 0
411 1 0.1 4.37167 3.10208 0.761928 0.00890435 -0.012889 -0.0256146 0.0016964 -0.37056 0.214736 1 0 0 0 0 0 0 0
412 1 0.1 4.59075 3.30057 0.748955 0.00148784 0.00587444 0.00506358 -0.142994 -0.0254709 -0.167898 1 0 0 0 0 0 0 0
413 1 0.1 4.78303 3.28659 0.678168 0.0243167 0.0199533 -0.0363149 0.599178 -0.226848 -0.0909305 1 0 0 0 0 0 0 0
414 1 0.1 4.80879 3.33878 0.383823 -0.0313422 0.0278063 -0.0666037 -1.15839 -0.557607 0.550735 1 0 0 0 0 0 0 0
415 1 0.1 4.75457 3.52925 0.366802 -0.0462287 0.0298168 -0.0886558 0.981421 0.385543 -0.39912 1 0 0 0 0 0 0 0
416 1 0.1 4.97242 3.66156 0.762599 0.00567004 -0.0141639 0.000998763 -0.058867 -0.0151534 0.0394149 1 0 0 0 0 0 0 0
417 1 0.1 4.80367 3.75005 0.703035 0.0180101 0.00126561 0.00336014 0.257435 -0.147826 -0.218581 1 0 0 0 0 0 0 0
418 1 0.1 4.90967 3.64359 0.571797 -0.0123362 -0.00151567 -0.0185138 0.108457 0.104449 -0.285079 1 0 0 0 0 0 0 0
419 1 0.1 5.10724 3.8225 0.763055 0.00814966 0.00476497 -0.00157547 0.075719 0.123701 -0.456305 1 0 0 0 0 0 0 0
420 1 0.1 5.50806 4.18892 0.763021 -0.0084158 -0.00106929 0.00216712 -0.0113674 0.0455079 -0.0269504 1 0 0 0 0 0 0 0
421 1 0.1 5.54555 4.42625 0.763449 -0.0135589 -0.00186929 0.00071359 -0.000308646 0.137943 -0.0103175 1 0 0 0 0 0 0 0
422 1 0.1 5.80076 4.51635 0.763327 -0.00291024 -0.00430404 -0.000527764 -0.0325602 0.0506226 -0.0239034 1 0 0 0 0 0 0 0
423 1 0.1 5.93084 4.56738 0.621985 -0.00217307 -0.00729209 -0.00342104 0.0894084 0.0189869 -0.0652537 1 0 0 0 0 0 0 0
424 1 0.1 6.11364 5.08961 0.748854 -0.00439143 -0.00532289 -0.00357363 0.0712028 -0.0218483 -0.0546286 1 0 0 0 0 0 0 0
425 1 0.1 6.19803 0.824941 0.749961 0.00022782 -0.000302194 -4.2297e-05 -0.00395671 -0.00370918 -0.00644292 1 0 0 0 0 0 0 0
426 1 0.1 5.86165 1.40869 0.762592 0.00146361 0.000232464 -5.65936e-05 0.00606777 -0.0107099 0.0190581 1 0 0 0 0 0 0 0
427 1 0.1 5.72065 1.55012 0.762534 0.00153369 -0.000643407 -0.000159082 0.00412262 -0.0151096 -0.0106401 1 0 0 0 0 0 0 0
428 1 0.1 6.01189 1.87402 0.762352 -0.22269 0.0451752 -0.00442235 -0.00491094 0.0145864 0.932219 1 0 0 0 0 0 0 0
429 1 0.1 5.82015 1.81743 0.762582 -0.200874 -0.0444687 -0.00285039 0.000812221 -0.000533902 -8.1338e-05 1 0 0 0 0 0 0 0
430 1 0.1 5.6324 1.88823 0.761285 0.00419839 8.96526e-06 0.00406182 -0.0306614 -0.0173297 -0.0072082 1 0 0 0 0 0 0 0
431 1 0.1 5.46658 2.07733 0.762564 0.00305803 -0.000685306 0.000766948 -0.0107244 0.0130211 -0.0106778 1 0 0 0 0 0 0 0
432 1 0.1 4.94779 2.25851 0.763195 0.0140357 -0.0133425 0.00143234 -0.141458 -0.143469 -0.0411396 1 0 0 0 0 0 0 0
433 1 0.1 5.40983 2.58114 0.430618 -0.00861319 0.00255959 -0.0085723 -0.0112246 -0.0727373 -0.0511161 1 0 0 0 0 0 0 0
434 1 0.1 5.14936 2.56508 0.656861 0.00692084 -0.0129916 -0.00782635 -0.0777196 0.339557 0.101074 1 0 0 0 0 0 0 0
435 1 0.1 4.73598 2.78832 0.759971 -0.000685379 -0.021546 0.0248066 0.0917883 -0.22483 -0.180927 1 0 0 0 0 0 0 0
436 1 0.1 4.51252 2.50963 0.763003 -0.0101536 0.00592418 0.00510911 -0.164688 -0.300325 0.194703 1 0 0 0 0 0 0 0
437 1 0.1 4.79562 3.18465 0.51092 0.0192765 0.00864029 -0.0268481 -0.772669 0.394168 0.245857 1 0 0 0 0 0 0 0
438 1 0.1 4.90195 3.14915 0.760646 -0.0123051 -0.0082476 -0.0288616 -0.166609 -0.496198 -0.108312 1 0 0 0 0 0 0 0
439 1 0.1 4.71912 3.45063 0.764216 0.0139895 -0.00136161 0.00176803 -0.0821661 -0.123145 -0.0276006 1 0 0 0 0 0 0 0
440 1 0.1 5.05945 3.30766 0.762628 -0.0358256 -0.0239121 -0.000457354 -0.29869 0.330727 -0.0441645 1 0 0 0 0 0 0 0
441 1 0.1 5.09812 3.70221 0.603564 -0.0248849 0.0448618 -0.0302199 0.183737 0.113674 0.830538 1 0 0 0 0 0 0 0
442 1 0.1 5.32143 3.6899 0.574849 -0.000390898 -0.026359 0.00882438 -0.231173 -0.137817 -0.0853339 1 0 0 0 0 0 0 0
443 1 0.1 5.41746 3.80085 0.763066 -0.0181147 -0.001989 -0.00126979 -0.0244467 0.182514 -0.237091 1 0 0 0 0 0 0 0
444 1 0.1 5.63021 3.96448 0.762554 0.0931966 -0.0661626 -0.00484061 -0.0601261 0.197932 0.0626158 1 0 0 0 0 0 0 0
445 1 0.1 5.76834 3.96924 0.597103 -0.0167152 0.012991 0.0101869 0.148617 0.00917036 0.210313 1 0 0 0 0 0 0 0
446 1 0.1 5.71955 4.32788 0.762509 -0.0158669 -0.00889003 -0.000768864 -0.0129467 -0.0596092 -0.0179365 1 0 0 0 0 0 0 0
447 1 0.1 5.91776 4.35437 0.762545 -0.0145762 -0.0129636 -0.000900567 -0.124672 0.188593 -0.0274446 1 0 0 0 0 0 0 0
448 1 0.1 6.00101 4.69912 0.755658 -0.00436322 -0.00702285 0.00232681 0.0601194 0.00785543 -0.106076 1 0 0 0 0 0 0 0
449 1 0.1 6.25489 5.23112 0.750015 -0.00512818 -0.0048499 -3.24186e-05 -0.0132142 0.0162707 0.0543847 1 0 0 0 0 0 0 0
450 1 0.1 6.04312 1.16678 0.762556 0.000687188 -0.000508204 0.000201434 -0.00591984 -0.00876812 -0.0106662 1 0 0 0 0 0 0 0
451 1 0.1 5.95934 1.29315 0.632416 0.00384709 5.83407e-05 -0.000579903 0.000787611 -0.0184872 -0.0157413 1 0 0 0 0 0 0 0
452 1 0.1 5.95311 1.59165 0.762655 -0.0267161 0.00660889 0.000689447 0.0823409 0.265574 0.314314 1 0 0 0 0 0 0 0
453 1 0.1 5.89719 1.71062 0.612157 -0.0654672 0.0113057 0.0226645 0.162076 -0.128399 0.17189 1 0 0 0 0 0 0 0
454 1 0.1 5.66616 2.08508 0.759214 0.00306757 0.000279385 0.000945356 -0.00530222 -0.00922361 0.0204518 1 0 0 0 0 0 0 0
455 1 0.1 5.45602 2.37639 0.762239 0.00182346 -0.00165143 -0.00170169 -0.121263 0.0842035 0.317798 1 0 0 0 0 0 0 0
456 1 0.1 5.32967 2.22275 0.762828 0.00405663 0.00141947 -0.000592501 0.103065 -0.06829 -0.724804 1 0 0 0 0 0 0 0
457 1 0.1 5.72403 2.31036 0.588917 -0.00563606 0.003369 -0.00396164 0.0102223 0.0228492 0.0245075 1 0 0 0 0 0 0 0
458 1 0.1 5.30649 2.50687 0.763192 0.00792022 0.00166575 0.000313009 0.149009 0.00448009 0.110608 1 0 0 0 0 0 0 0
459 1 0.1 5.44662 2.64835 0.752482 0.00086368 0.00718921 -0.0108447 0.0952824 0.0922794 0.224733 1 0 0 0 0 0 0 0
460 1 0.1 5.29725 2.66804 0.570768 0.00479803 -0.00335655 0.00450786 0.102392 0.237596 0.0282465 1 0 0 0 0 0 0 0
461 1 0.1 4.98889 2.81251 0.764923 -0.0163001 -0.0388742 0.00631732 -0.42397 0.154138 1.32372 1 0 0 0 0 0 0 0
462 1 0.1 4.75002 3.01951 0.750653 -0.00231524 -0.0314812 0.0521323 0.123893 -0.465896 -0.743689 1 0 0 0 0 0 0 0
463 1 0.1 5.13902 3.13356 0.587901 -0.305666 0.0530097 -0.071867 1.21483 4.46644 -1.86911 1 0 0 0 0 0 0 0
464 1 0.1 4.97237 3.24401 0.585506 -0.338044 0.00662517 -0.0727585 -0.262173 -5.11112 2.44939 1 0 0 0 0 0 0 0
465 1 0.1 5.22064 3.51687 0.575962 -0.0513708 -0.0394244 -0.0339452 -0.0339092 0.938655 -2.11013 1 0 0 0 0 0 0 0
466 1 0.1 5.25269 3.68804 0.761683 -0.020034 -0.00198708 -0.00900247 0.0259234 -0.145753 0.179283 1 0 0 0 0 0 0 0
467 1 0.1 5.50956 3.64458 0.679159 -0.14238 -0.035173 -0.0753454 0.253636 1.07548 -0.778264 1 0 0 0 0 0 0 0
468 1 0.1 5.64629 3.76519 0.761218 -0.126434 -0.0915544 -0.0146965 0.453264 -1.35483 0.339549 1 0 0 0 0 0 0 0
469 1 0.1 5.82341 3.87237 0.762872 -0.00351677 0.00349678 0.000336496 0.0334342 0.0390042 -0.00108423 1 0 0 0 0 0 0 0
470 1 0.1 5.98834 3.75944 0.759254 -0.0252777 -0.0263105 -0.0112297 0.21581 -0.115007 -0.355551 1 0 0 0 0 0 0 0
471 1 0.1 5.86201 4.06828 0.762726 -0.00260362 0.00159377 -0.000187948 -0.00462556 0.0154194 -0.0148383 1 0 0 0 0 0 0 0
472 1 0.1 6.03964 4.15997 0.762507 -0.00536408 0.00410009 6.07601e-05 -0.142746 -0.0964644 0.0493067 1 0 0 0 0 0 0 0
473 1 0.1 5.97627 4.94517 0.76263 -0.0083495 -0.000161452 0.000254576 -0.00522325 0.0990104 -0.0865047 1 0 0 0 0 0 0 0
474 1 0.1 6.13135 4.83841 0.695657 -0.0060814 -0.00187205 0.0101994 -0.0586175 -0.148382 0.138829 1 0 0 0 0 0 0 0
475 1 0.1 6.06155 1.40916 0.762253 0.00164275 0.00402857 -0.00241134 0.016345 0.0311825 0.0171246 1 0 0 0 0 0 0 0
476 1 0.1 5.97718 1.48839 0.593251 -0.0149714 0.00345348 0.00225917 -0.134627 0.14893 -0.0482011 1 0 0 0 0 0 0 0
477 1 0.1 6.0086 2.15029 0.762564 0.00538165 0.0248704 -0.000594434 0.256784 -0.0536293 0.140936 1 0 0 0 0 0 0 0
478 1 0.1 5.8191 2.21368 0.761986 -0.000280714 0.00565242 0.000986731 -0.00813822 -0.0109837 0.0536635 1 0 0 0 0 0 0 0
479 1 0.1 5.78423 2.41045 0.762535 -0.0044193 0.004365 0.000726084 0.00887067 0.00600291 -0.00947144 1 0 0 0 0 0 0 0
480 1 0.1 5.92768 3.11085 0.761251 -0.0343283 0.086327 -0.0165007 0.0729774 -0.000829568 0.620519 1 0 0 0 0 0 0 0
481 1 0.1 5.85391 2.81506 0.762508 -0.00829284 0.0109039 0.000204552 0.0118371 -0.107693 0.0108029 1 0 0 0 0 0 0 0
482 1 0.1 5.61205 2.51181 0.763721 -0.0058802 0.00257025 -0.00206706 0.0186598 0.0814804 0.0136913 1 0 0 0 0 0 0 0
483 1 0.1 5.71683 2.50941 0.594439 -0.00764002 0.00439084 -0.00348458 -0.00384046 -0.0301703 0.00117922 1 0 0 0 0 0 0 0
484 1 0.1 5.54109 2.82375 0.762732 -0.00470194 0.00976442 0.000323977 0.107701 0.0285731 -0.15303 1 0 0 0 0 0 0 0
485 1 0.1 5.27792 3.05591 0.762869 -0.00737688 -0.00362329 -0.00405401 -0.259166 0.0768913 -0.0275857 1 0 0 0 0 0 0 0
486 1 0.1 5.25319 2.69808 0.763272 -0.00466271 -0.00891861 0.00164865 -0.121506 0.0173198 0.111092 1 0 0 0 0 0 0 0
487 1 0.1 5.07827 3.05554 0.763554 -0.00915229 -0.008223 0.00289243 0.0129954 0.0793194 0.0852983 1 0 0 0 0 0 0 0
488 1 0.1 5.25182 3.25405 0.759338 -0.0321779 -0.00877824 -0.0249913 -0.235144 0.0733417 0.208516 1 0 0 0 0 0 0 0
489 1 0.1 5.32072 3.34646 0.58965 -0.0921861 -0.0451034 -0.098672 -0.558024 1.72235 1.4221 1 0 0 0 0 0 0 0
490 1 0.1 5.44239 3.34467 0.745351 -0.0436532 0.0610846 -0.162331 1.40269 1.79768 -0.488662 1 0 0 0 0 0 0 0
491 1 0.1 5.16503 3.4794 0.763264 -0.00197017 0.00957623 -0.00264825 0.106386 -0.0417861 0.226312 1 0 0 0 0 0 0 0
492 1 0.1 5.36008 3.52203 0.763582 -0.0086684 0.0283522 0.0122818 -0.158325 -0.209266 0.06957 1 0 0 0 0 0 0 0
493 1 0.1 5.73263 3.06709 0.762724 -0.0170414 0.008641 -0.00261749 0.0778451 0.178122 0.172641 1 0 0 0 0 0 0 0
494 1 0.1 5.5879 3.48061 0.762498 -0.0485868 0.0469689 -0.00112912 0.27695 -1.5347 0.637799 1 0 0 0 0 0 0 0
495 1 0.1 5.81559 3.65877 0.762618 -0.0518244 0.0124643 -0.00165902 0.10122 0.51246 -0.0358094 1 0 0 0 0 0 0 0
496 1 0.1 5.80518 3.45734 0.762572 -0.0685776 0.0159951 -0.000792531 -0.00189766 0.533313 -0.0430764 1 0 0 0 0 0 0 0
497 1 0.1 5.88072 4.15461 0.58372 -0.0244448 -0.0158714 -0.0105276 -0.190126 0.22009 0.077369 1 0 0 0 0 0 0 0
498 1 0.1 6.05813 4.50771 0.762994 -0.0140763 -0.0097564 0.00218571 -0.106133 0.174558 0.00690261 1 0 0 0 0 0 0 0
499 1 0.1 6.17711 4.64435 0.678391 -0.00465435 -0.0195022 0.00558883 0.0465962 -0.0933562 -0.0760599 1 0 0 0 0 0 0 0
