500
0 1 0.1 6.47438 0.54867 0.150058 0.0071713 0.00799122 0.0033335 0.0141773 -0.0188361 0.0965054 1 0 0 0 0 0 0 0
1 1 0.1 6.26281 0.760241 0.15194 0.0731504 -0.151607 -0.0725735 -0.773074 0.191681 -1.32989 1 0 0 0 0 0 0 0
2 1 0.1 6.08492 0.932779 0.150002 0.176365 -0.113946 0.00218365 -0.050689 -0.104471 -2.56917 1 0 0 0 0 0 0 0
3 1 0.1 5.87156 1.1506 0.150775 -1.89509 -0.0783645 -0.0325981 0.208936 0.27064 9.39999 1 0 0 0 0 0 0 0
4 1 0.1 5.72896 1.31847 0.137537 -4.43082 -0.0235903 0.000583917 -0.321164 -4.93795 -2.53502 1 0 0 0 0 0 0 0
5 1 0.1 5.77092 1.51625 0.138772 -4.12608 -0.158537 -0.0173935 -0.346996 -3.93332 -1.76019 1 0 0 0 0 0 0 0
6 1 0.1 5.78763 1.71532 0.139399 -3.91432 -0.203097 0.0196179 -0.0347174 -5.06727 -0.415725 1 0 0 0 0 0 0 0
7 1 0.1 5.78708 1.91499 0.138601 -3.87776 -0.224026 0.0153548 0.0190862 -5.15783 0.0869238 1 0 0 0 0 0 0 0
8 1 0.1 5.78593 2.11461 0.138899 -3.89541 -0.22345 0.0129002 0.0149866 -5.16222 0.0580405 1 0 0 0 0 0 0 0
9 1 0.1 5.78554 2.31422 0.138625 -3.90181 -0.205908 0.013013 0.00767354 -5.16408 0.0288679 1 0 0 0 0 0 0 0
10 1 0.1 5.78439 2.51387 0.139606 -3.91148 -0.177889 0.00827497 0.00440622 -5.16435 0.0222697 1 0 0 0 0 0 0 0
11 1 0.1 5.78483 2.71359 0.138573 -3.90895 -0.14456 0.0106474 -0.00336582 -5.16433 0.00963402 1 0 0 0 0 0 0 0
12 1 0.1 5.785 2.91339 0.138842 -3.9116 -0.112119 0.0106725 -0.00575489 -5.16401 0.00384111 1 0 0 0 0 0 0 0
13 1 0.1 5.78491 3.11327 0.138304 -3.90858 -0.0868422 0.00885384 -0.0085286 -5.16155 -0.0074688 1 0 0 0 0 0 0 0
14 1 0.1 5.78459 3.31322 0.138784 -3.90766 -0.0651063 0.00613522 -0.00251302 -5.15306 -0.0256816 1 0 0 0 0 0 0 0
15 1 0.1 5.78518 3.51326 0.138679 -3.89918 -0.0375133 0.00945535 0.00707653 -5.14375 -0.0516804 1 0 0 0 0 0 0 0
16 1 0.1 5.78542 3.71342 0.138439 -3.88581 -0.00361735 0.0127059 0.0190139 -5.1364 -0.0687325 1 0 0 0 0 0 0 0
17 1 0.1 5.78617 3.91377 0.13934 -3.8743 0.0381395 0.022083 0.0419084 -5.12825 -0.0867263 1 0 0 0 0 0 0 0
18 1 0.1 5.78709 4.11443 0.139952 -3.89123 0.0932236 0.0239718 0.0597109 -4.77366 -0.0999645 1 0 0 0 0 0 0 0
19 1 0.1 5.78346 4.31557 0.140937 -3.99414 0.163248 0.0315181 0.264883 -4.38483 0.519421 1 0 0 0 0 0 0 0
20 1 0.1 5.75924 4.51619 0.13757 -4.32468 0.237417 0.00288948 -0.00605139 -5.03616 3.29757 1 0 0 0 0 0 0 0
21 1 0.1 5.79492 4.71773 0.147525 -3.23969 0.32014 0.227274 2.03399 -1.4334 -14.1011 1 0 0 0 0 0 0 0
22 1 0.1 5.92155 4.89972 0.14901 -0.170188 -0.223727 -0.00606265 0.61202 -0.383432 -2.68871 1 0 0 0 0 0 0 0
23 1 0.1 6.07108 5.05383 0.149464 0.0417661 -0.00911481 0.0114812 -0.0347998 0.00175571 0.224418 1 0 0 0 0 0 0 0
24 1 0.1 6.29256 5.27704 0.150445 -0.0236149 -0.00626707 -0.0171518 0.154073 0.00989711 -0.122528 1 0 0 0 0 0 0 0
25 1 0.1 6.66453 0.489498 0.166476 -0.111422 -0.400026 0.0203702 -0.0819343 -0.0816539 -4.25654 1 0 0 0 0 0 0 0
26 1 0.1 6.47764 0.746725 0.137334 -0.120833 0.0175322 -0.00376301 -0.092799 -0.0321511 0.0633207 1 0 0 0 0 0 0 0
27 1 0.1 6.33746 0.943307 0.136815 -0.0390408 -0.138218 -0.0270264 1.11952 -0.284024 2.33462 1 0 0 0 0 0 0 0
28 1 0.1 6.13723 1.13116 0.137093 -0.39193 -0.359271 0.0301 -0.962029 -0.597737 8.44092 1 0 0 0 0 0 0 0
29 1 0.1 5.98848 1.30954 0.137829 -2.94861 0.857652 -0.0134637 -0.363183 -1.09309 5.62814 1 0 0 0 0 0 0 0
30 1 0.1 5.9713 1.50828 0.140244 -4.05357 0.0474283 0.0390139 0.285192 -2.68405 0.248499 1 0 0 0 0 0 0 0
31 1 0.1 5.98879 1.70872 0.142982 -3.97325 -0.118501 0.0379112 -0.250939 -3.30975 -0.0328355 1 0 0 0 0 0 0 0
32 1 0.1 5.98871 1.90949 0.140505 -3.86092 -0.062579 0.0379493 -0.0391743 -4.42431 0.0926985 1 0 0 0 0 0 0 0
33 1 0.1 5.98779 2.10967 0.139701 -3.87669 -0.0466528 0.028155 -0.0176395 -4.46509 0.0863027 1 0 0 0 0 0 0 0
34 1 0.1 5.98694 2.30965 0.139303 -3.89198 -0.0420445 0.0209786 -0.0168643 -4.46591 0.0852425 1 0 0 0 0 0 0 0
35 1 0.1 5.98591 2.5096 0.138933 -3.90387 -0.0319338 0.0136733 -0.00999022 -4.47343 0.0516423 1 0 0 0 0 0 0 0
36 1 0.1 5.98582 2.70951 0.13886 -3.90998 -0.0148362 0.0116214 -0.006253 -4.47369 0.0141458 1 0 0 0 0 0 0 0
37 1 0.1 5.98567 2.90937 0.138751 -3.9113 0.00846082 0.0096621 -0.00639281 -4.47244 0.00394965 1 0 0 0 0 0 0 0
38 1 0.1 5.98552 3.10918 0.138357 -3.90982 0.0352179 0.00767035 -0.0063134 -4.47149 -0.00313216 1 0 0 0 0 0 0 0
39 1 0.1 5.98519 3.30894 0.139124 -3.91188 0.0615267 0.00488914 -0.00604269 -4.4702 -0.0134014 1 0 0 0 0 0 0 0
40 1 0.1 5.98563 3.50868 0.13819 -3.9041 0.0835536 0.00595181 -0.00380225 -4.46886 -0.0241647 1 0 0 0 0 0 0 0
41 1 0.1 5.98575 3.70843 0.139044 -3.90247 0.0977431 0.00604673 -0.00203734 -4.46805 -0.0301279 1 0 0 0 0 0 0 0
42 1 0.1 5.98626 3.90821 0.138051 -3.88204 0.0981529 0.011052 0.0295162 -4.45411 -0.132173 1 0 0 0 0 0 0 0
43 1 0.1 5.98696 4.10805 0.139077 -3.90192 0.0774939 0.0147163 -0.0329218 -4.30827 0.332873 1 0 0 0 0 0 0 0
44 1 0.1 5.98322 4.30789 0.14006 -4.00922 0.0459123 -0.00138745 0.0480614 -2.43039 0.480585 1 0 0 0 0 0 0 0
45 1 0.1 5.97399 4.50838 0.142517 -4.09805 0.0255369 -0.0307459 0.344458 -0.703155 -1.39487 1 0 0 0 0 0 0 0
46 1 0.1 5.99703 4.7099 0.143759 -3.16503 0.0880548 0.116257 -0.0846442 0.484853 3.69477 1 0 0 0 0 0 0 0
47 1 0.1 6.19635 4.90095 0.135898 0.155237 -0.0769628 0.00619376 -0.0762473 0.625298 0.0994882 1 0 0 0 0 0 0 0
48 1 0.1 6.33212 5.08271 0.137046 0.0274447 0.027247 -0.00239507 -0.347226 0.215128 0.682619 1 0 0 0 0 0 0 0
49 1 0.1 6.49088 5.28631 0.162794 -0.0689432 0.124973 0.0222081 0.0742533 -0.368476 1.50416 1 0 0 0 0 0 0 0
50 1 0.1 6.79268 0.336588 0.146554 -0.913352 -0.955366 -0.0321893 -0.191577 0.547426 -4.32948 1 0 0 0 0 0 0 0
51 1 0.1 6.67505 0.719208 0.13987 -0.168824 -0.158152 0.0159391 0.163439 -0.216798 -1.9532 1 0 0 0 0 0 0 0
52 1 0.1 6.5362 0.936556 0.137467 -0.0528495 -0.00279467 -0.00842594 -0.0477622 -0.0235568 -0.48667 1 0 0 0 0 0 0 0
53 1 0.1 6.3367 1.14174 0.142568 -1.32052 -0.117661 0.0449671 -0.562193 -1.34242 10.3286 1 0 0 0 0 0 0 0
54 1 0.1 6.18887 1.32326 0.145281 -3.13624 0.642277 0.0802469 0.294271 -2.65464 14.9145 1 0 0 0 0 0 0 0
55 1 0.1 6.17129 1.52306 0.143802 -4.19653 0.0235408 0.0542901 -0.515479 -3.97093 -2.64861 1 0 0 0 0 0 0 0
56 1 0.1 6.18818 1.72352 0.140231 -3.97894 -0.00831922 -0.00926979 -0.0195646 -2.16422 -0.0989141 1 0 0 0 0 0 0 0
57 1 0.1 6.19014 1.92345 0.13858 -3.91451 -0.00554686 0.00201474 0.0690214 -4.42889 -0.499197 1 0 0 0 0 0 0 0
58 1 0.1 6.19014 2.12335 0.138297 -3.86699 -0.00213491 0.0102146 0.0130856 -4.45464 0.0396414 1 0 0 0 0 0 0 0
59 1 0.1 6.18922 2.32322 0.138206 -3.87445 -0.00175795 0.00886071 0.014117 -4.45186 0.0389993 1 0 0 0 0 0 0 0
60 1 0.1 6.18806 2.52304 0.138042 -3.8809 -0.00750412 0.00670203 0.0154021 -4.44015 0.0319218 1 0 0 0 0 0 0 0
61 1 0.1 6.18748 2.72279 0.138533 -3.88811 -0.0213429 0.00705675 0.0131882 -4.4168 0.0182613 1 0 0 0 0 0 0 0
62 1 0.1 6.18709 2.92244 0.138585 -3.89123 -0.0429243 0.00757106 0.00958508 -4.40127 0.0119994 1 0 0 0 0 0 0 0
63 1 0.1 6.18698 3.12195 0.138925 -3.8943 -0.0687951 0.00825271 0.00416444 -4.38337 0.00344468 1 0 0 0 0 0 0 0
64 1 0.1 6.18675 3.3213 0.139331 -3.89586 -0.0924578 0.00771042 0.00339599 -4.36213 -0.00556614 1 0 0 0 0 0 0 0
65 1 0.1 6.18689 3.52046 0.138994 -3.89118 -0.105719 0.00997241 0.012555 -4.33915 -0.0255416 1 0 0 0 0 0 0 0
66 1 0.1 6.18729 3.71945 0.139536 -3.88806 -0.101306 0.0164294 0.0315745 -4.31818 -0.0373386 1 0 0 0 0 0 0 0
67 1 0.1 6.18746 3.91833 0.139893 -3.87965 -0.0761673 0.0295135 0.100194 -4.26356 -0.0945495 1 0 0 0 0 0 0 0
68 1 0.1 6.18787 4.11716 0.141543 -3.86175 -0.0343876 0.0584392 0.166381 -4.22937 -0.143247 1 0 0 0 0 0 0 0
69 1 0.1 6.18282 4.31597 0.14147 -4.0248 0.0129776 0.078023 0.17685 -2.37234 1.80086 1 0 0 0 0 0 0 0
70 1 0.1 6.1744 4.51472 0.142006 -4.00075 0.062071 0.0565624 -0.190867 -2.03135 -2.10091 1 0 0 0 0 0 0 0
71 1 0.1 6.23185 4.70531 0.139968 -1.81998 -0.534927 0.08889 -0.550757 -1.55279 -20.5081 1 0 0 0 0 0 0 0
72 1 0.1 6.39483 4.89391 0.137432 0.322697 0.0696288 0.00194464 0.467469 -0.510915 2.00367 1 0 0 0 0 0 0 0
73 1 0.1 6.53542 5.08365 0.138608 0.112584 0.0589092 0.061266 -0.582306 3.46897 0.464192 1 0 0 0 0 0 0 0
74 1 0.1 6.68116 5.34234 0.144941 -0.190812 0.432116 -0.016572 -0.115923 0.767491 1.75418 1 0 0 0 0 0 0 0
75 1 0.1 6.97409 0.424252 0.137521 -1.08397 -0.431902 0.00108728 1.23338 -0.4314 8.44253 1 0 0 0 0 0 0 0
76 1 0.1 6.86551 0.659689 0.137566 -0.234372 -0.321269 0.00835232 0.348688 0.146466 0.235804 1 0 0 0 0 0 0 0
77 1 0.1 6.74163 0.922919 0.154141 0.0918674 -0.0980414 -0.0330419 0.372567 -2.29275 -0.622107 1 0 0 0 0 0 0 0
78 1 0.1 6.54029 1.13469 0.146309 -1.46812 -0.00149832 0.0139728 0.35079 -1.51539 11.5508 1 0 0 0 0 0 0 0
79 1 0.1 6.41097 1.32586 0.140691 -2.73468 0.418928 0.141644 -0.178064 -3.11935 3.80567 1 0 0 0 0 0 0 0
80 1 0.1 6.38604 1.52276 0.142377 -3.55159 0.341985 0.0398461 -0.0371659 -3.25809 4.42664 1 0 0 0 0 0 0 0
81 1 0.1 6.38807 1.72114 0.142011 -3.96921 0.370156 0.0373074 -0.0585511 -3.68201 -0.267563 1 0 0 0 0 0 0 0
82 1 0.1 6.39055 1.9195 0.140252 -3.90265 0.385822 0.0369412 -0.0452214 -4.17557 -0.331297 1 0 0 0 0 0 0 0
83 1 0.1 6.39031 2.11792 0.139689 -3.86439 0.393317 0.0296083 -0.0217152 -4.58632 -0.00685725 1 0 0 0 0 0 0 0
84 1 0.1 6.38936 2.31645 0.13917 -3.86407 0.389916 0.0213377 -0.017223 -4.63629 0.0373754 1 0 0 0 0 0 0 0
85 1 0.1 6.38805 2.51515 0.138756 -3.87137 0.375197 0.0129292 -0.000180076 -4.6733 0.0532995 1 0 0 0 0 0 0 0
86 1 0.1 6.38773 2.71407 0.138989 -3.88286 0.350437 0.0121235 0.0110772 -4.70429 0.042327 1 0 0 0 0 0 0 0
87 1 0.1 6.38728 2.91322 0.139164 -3.89022 0.317589 0.0130411 0.0194423 -4.72191 0.0146607 1 0 0 0 0 0 0 0
88 1 0.1 6.38729 3.11256 0.139556 -3.89226 0.278207 0.0170071 0.0200971 -4.73002 -0.0134205 1 0 0 0 0 0 0 0
89 1 0.1 6.38699 3.31203 0.139421 -3.88564 0.232868 0.019634 0.0153079 -4.72571 -0.0337106 1 0 0 0 0 0 0 0
90 1 0.1 6.38668 3.51156 0.13949 -3.878 0.182426 0.0207255 0.00313268 -4.71378 -0.0321522 1 0 0 0 0 0 0 0
91 1 0.1 6.38726 3.71104 0.139714 -3.87511 0.131107 0.0228659 -0.00861561 -4.68744 -0.0119871 1 0 0 0 0 0 0 0
92 1 0.1 6.38729 3.91039 0.139815 -3.8811 0.0899202 0.0251655 0.0483646 -4.45704 0.0492346 1 0 0 0 0 0 0 0
93 1 0.1 6.38829 4.10958 0.140639 -3.89844 0.0764 0.0417374 0.0859316 -4.43067 0.0589773 1 0 0 0 0 0 0 0
94 1 0.1 6.38389 4.30861 0.140568 -4.01765 0.102894 0.0581193 0.247469 -4.295 1.15768 1 0 0 0 0 0 0 0
95 1 0.1 6.37518 4.50747 0.138302 -3.93518 0.180139 0.0295382 -0.186677 -3.20379 -1.87032 1 0 0 0 0 0 0 0
96 1 0.1 6.43231 4.69835 0.138543 -1.61176 -0.411853 0.0642766 -0.757378 -1.13386 -22.2004 1 0 0 0 0 0 0 0
97 1 0.1 6.59376 4.88879 0.145677 0.411451 0.387032 0.107916 -0.328228 -0.545244 1.20094 1 0 0 0 0 0 0 0
98 1 0.1 6.73322 5.11334 0.13786 0.0981393 0.174569 0.0311882 -0.512503 0.433678 0.265011 1 0 0 0 0 0 0 0
99 1 0.1 6.87944 5.32152 0.139969 -0.217096 0.287709 -0.0525112 -0.165074 -0.363545 -3.19106 1 0 0 0 0 0 0 0
100 1 0.1 7.16296 0.515529 0.162984 -0.844815 -0.25182 0.143068 -0.0865702 -1.116 -4.84499 1 0 0 0 0 0 0 0
101 1 0.1 7.06328 0.687544 0.14183 -0.293904 0.0540774 0.0418209 0.110921 -0.419947 3.54879 1 0 0 0 0 0 0 0
102 1 0.1 6.93816 0.890235 0.173569 0.0523565 -0.262648 0.243415 0.654265 -0.786847 -0.893158 1 0 0 0 0 0 0 0
103 1 0.1 6.74658 1.13551 0.165193 -1.61071 0.564953 0.204682 0.0469627 -1.60707 14.3586 1 0 0 0 0 0 0 0
104 1 0.1 6.62232 1.31546 0.152885 -2.84641 0.567869 0.207362 -0.389413 -3.19952 3.34654 1 0 0 0 0 0 0 0
105 1 0.1 6.58729 1.51107 0.147682 -3.60734 0.382858 0.0359185 -0.156889 -3.43936 4.56647 1 0 0 0 0 0 0 0
106 1 0.1 6.58747 1.70991 0.14985 -3.9643 0.349591 0.0472971 0.270293 -3.77136 -1.08227 1 0 0 0 0 0 0 0
107 1 0.1 6.59031 1.90882 0.150107 -3.85999 0.3222 0.0778074 -0.0967643 -4.88713 0.0483304 1 0 0 0 0 0 0 0
108 1 0.1 6.58986 2.1078 0.149407 -3.86949 0.295602 0.0572367 -0.0797309 -4.91537 0.0743843 1 0 0 0 0 0 0 0
109 1 0.1 6.58909 2.30685 0.148934 -3.88231 0.260539 0.0404155 -0.0457735 -4.94332 0.0770556 1 0 0 0 0 0 0 0
110 1 0.1 6.58817 2.50598 0.148592 -3.8938 0.212989 0.0301593 -0.0136626 -4.96337 0.057091 1 0 0 0 0 0 0 0
111 1 0.1 6.58826 2.70519 0.148688 -3.90339 0.153756 0.0301154 0.00630094 -4.98108 0.0337701 1 0 0 0 0 0 0 0
112 1 0.1 6.5879 2.90447 0.148638 -3.90749 0.0877706 0.0304247 0.0123588 -4.98811 0.00970576 1 0 0 0 0 0 0 0
113 1 0.1 6.58805 3.10377 0.148757 -3.9086 0.0232535 0.033906 0.0160609 -4.9907 -0.00337392 1 0 0 0 0 0 0 0
114 1 0.1 6.58755 3.30308 0.148705 -3.9074 -0.029732 0.0332868 0.00498442 -4.98054 -0.0100539 1 0 0 0 0 0 0 0
115 1 0.1 6.58657 3.50236 0.148568 -3.90508 -0.0611 0.0298095 0.013397 -4.96833 -0.0211366 1 0 0 0 0 0 0 0
116 1 0.1 6.58717 3.70163 0.148618 -3.90015 -0.0636833 0.0361516 0.0232702 -4.94676 -0.040956 1 0 0 0 0 0 0 0
117 1 0.1 6.5868 3.90091 0.148588 -3.88947 -0.0365987 0.0418296 0.0423588 -4.79607 -0.0485879 1 0 0 0 0 0 0 0
118 1 0.1 6.58783 4.10028 0.148745 -3.90843 0.0128799 0.0456814 -0.0630466 -4.65765 0.258702 1 0 0 0 0 0 0 0
119 1 0.1 6.58581 4.29977 0.148314 -3.96858 0.0704816 0.0174024 -0.110569 -4.93593 0.347061 1 0 0 0 0 0 0 0
120 1 0.1 6.59218 4.49932 0.149598 -3.74768 0.117137 0.0576665 0.20253 -4.67842 -2.59458 1 0 0 0 0 0 0 0
121 1 0.1 6.63641 4.69401 0.158108 -2.0779 -0.218675 0.237438 -0.00558544 -2.79945 -14.7213 1 0 0 0 0 0 0 0
122 1 0.1 6.80233 4.8897 0.17365 0.240993 -0.247362 0.372562 -0.480968 -2.48607 5.13574 1 0 0 0 0 0 0 0
123 1 0.1 6.9353 5.10739 0.141423 0.204557 0.115428 -0.0312696 -0.225703 0.101709 -1.73649 1 0 0 0 0 0 0 0
124 1 0.1 7.07702 5.29558 0.152979 -0.279489 -0.14628 0.0734232 0.0890362 -0.911144 -1.20329 1 0 0 0 0 0 0 0
125 1 0.1 6.43367 0.581967 0.350243 -0.225641 0.141144 0.0278819 0.0124759 0.00391025 0.027728 1 0 0 0 0 0 0 0
126 1 0.1 6.2132 0.803708 0.350635 -0.0174929 0.0305126 0.0478302 0.338788 -0.272414 0.456408 1 0 0 0 0 0 0 0
127 1 0.1 6.06238 0.958986 0.349672 -0.0224661 0.0397964 -0.0086342 -0.16941 0.0454583 0.371021 1 0 0 0 0 0 0 0
128 1 0.1 5.86377 1.15116 0.350707 -0.0630985 0.130649 0.0764942 0.394234 -0.669139 1.27888 1 0 0 0 0 0 0 0
129 1 0.1 5.6616 1.361 0.333214 -1.50583 -0.312473 0.0441258 1.02306 -0.526032 9.13845 1 0 0 0 0 0 0 0
130 1 0.1 5.56148 1.54973 0.33475 -3.71229 0.288283 0.13899 -1.41358 -1.82955 21.6588 1 0 0 0 0 0 0 0
131 1 0.1 5.50606 1.74509 0.330494 -5.47348 0.142933 -0.036077 -0.0127685 -0.881117 -4.30951 1 0 0 0 0 0 0 0
132 1 0.1 5.54084 1.94258 0.332224 -4.70485 0.105525 -0.00891076 0.0509148 -0.904779 -3.38437 1 0 0 0 0 0 0 0
133 1 0.1 5.55021 2.14246 0.333437 -4.47345 0.137625 -0.0118276 0.0849228 -0.625339 -0.606618 1 0 0 0 0 0 0 0
134 1 0.1 5.54749 2.34251 0.33392 -4.43584 0.241125 0.00515323 0.0118345 -0.979443 0.233364 1 0 0 0 0 0 0 0
135 1 0.1 5.54444 2.5423 0.33395 -4.48121 0.322925 0.00398902 0.00463309 -0.97333 0.215919 1 0 0 0 0 0 0 0
136 1 0.1 5.54202 2.74189 0.333561 -4.52084 0.414399 0.00178796 -0.00241008 -0.96812 0.180103 1 0 0 0 0 0 0 0
137 1 0.1 5.53981 2.94124 0.332779 -4.54429 0.529538 -0.00230836 -0.017038 -0.960409 0.0525275 1 0 0 0 0 0 0 0
138 1 0.1 5.53917 3.14034 0.332513 -4.55387 0.648113 -0.0068491 -0.0200229 -0.959641 0.0301471 1 0 0 0 0 0 0 0
139 1 0.1 5.53835 3.33918 0.331877 -4.5594 0.745832 -0.0124046 -0.0244827 -0.959018 0.00433512 1 0 0 0 0 0 0 0
140 1 0.1 5.53666 3.5378 0.330349 -4.55364 0.792771 -0.0182761 -0.0129765 -0.958133 -0.0645821 1 0 0 0 0 0 0 0
141 1 0.1 5.53924 3.73619 0.331313 -4.53578 0.761802 -0.0177603 -0.00648768 -0.957848 -0.0758944 1 0 0 0 0 0 0 0
142 1 0.1 5.54027 3.93435 0.331441 -4.53121 0.666254 -0.0186058 -0.0168924 -0.957568 0.132342 1 0 0 0 0 0 0 0
143 1 0.1 5.53795 4.13221 0.331822 -4.79948 0.590928 -0.021238 0.0550106 -0.940001 2.13222 1 0 0 0 0 0 0 0
144 1 0.1 5.51036 4.3282 0.330024 -4.5925 0.683898 0.00885745 0.532666 -1.22721 -4.22915 1 0 0 0 0 0 0 0
145 1 0.1 5.5499 4.52391 0.331001 -0.0871847 -0.325276 0.149451 -0.57544 -1.07456 -3.82448 1 0 0 0 0 0 0 0
146 1 0.1 5.71417 4.69407 0.347258 0.361359 0.03179 0.0920645 -1.38447 -0.0555181 1.95344 1 0 0 0 0 0 0 0
147 1 0.1 5.92399 4.90471 0.349115 0.0519565 -0.00127448 0.0208178 -0.102337 -0.13073 0.262624 1 0 0 0 0 0 0 0
148 1 0.1 6.07379 5.05844 0.349936 0.0610989 0.0421178 -0.0174038 0.261241 0.0724932 0.383072 1 0 0 0 0 0 0 0
149 1 0.1 6.28262 5.26486 0.34982 0.030522 0.0716382 -0.0190826 0.256156 0.0789109 0.575428 1 0 0 0 0 0 0 0
150 1 0.1 6.61629 0.502244 0.363902 -0.363935 -0.0621097 0.0343432 0.0108405 -0.0925262 -2.35015 1 0 0 0 0 0 0 0
151 1 0.1 6.40883 0.778048 0.32225 -0.0127058 0.128829 0.0153162 -0.289447 0.56373 0.329361 1 0 0 0 0 0 0 0
152 1 0.1 6.25481 0.993554 0.310476 -0.0100125 -0.0202918 -0.0887616 -1.89991 0.412355 -0.693476 1 0 0 0 0 0 0 0
153 1 0.1 6.05977 1.16599 0.317148 -0.0810844 0.129743 0.114622 -1.15448 0.507675 -1.15661 1 0 0 0 0 0 0 0
154 1 0.1 5.87255 1.35457 0.347764 -1.8074 -0.254233 -0.021808 1.71259 -0.589065 10.0778 1 0 0 0 0 0 0 0
155 1 0.1 5.76164 1.53016 0.358452 -3.04894 0.650383 0.264229 0.700839 -0.535697 10.0321 1 0 0 0 0 0 0 0
156 1 0.1 5.74717 1.72923 0.353371 -4.46396 0.0719326 0.191569 -1.48613 0.891068 3.39164 1 0 0 0 0 0 0 0
157 1 0.1 5.74186 1.92926 0.346617 -4.64282 -0.052858 0.0461011 -0.0754566 -0.283858 -0.580714 1 0 0 0 0 0 0 0
158 1 0.1 5.74917 2.12913 0.347308 -4.47535 -0.0579297 0.0561208 0.0174591 -0.142261 -0.604678 1 0 0 0 0 0 0 0
159 1 0.1 5.75102 2.32897 0.348133 -4.47676 -0.059921 0.0538205 0.00813742 -0.294086 0.270887 1 0 0 0 0 0 0 0
160 1 0.1 5.75005 2.52865 0.348846 -4.50665 -0.0697691 0.0583832 0.0405267 -0.288548 0.0387544 1 0 0 0 0 0 0 0
161 1 0.1 5.74869 2.72808 0.349253 -4.51304 -0.0871291 0.0659119 0.0368002 -0.280502 0.0356508 1 0 0 0 0 0 0 0
162 1 0.1 5.7468 2.92713 0.349171 -4.51942 -0.117582 0.0713146 0.0177338 -0.281508 0.0302148 1 0 0 0 0 0 0 0
163 1 0.1 5.74616 3.12571 0.34915 -4.52453 -0.166902 0.0717132 -0.0180771 -0.271606 0.0134341 1 0 0 0 0 0 0 0
164 1 0.1 5.74518 3.3237 0.348616 -4.52395 -0.2357 0.0626233 -0.0761577 -0.274967 -0.0180259 1 0 0 0 0 0 0 0
165 1 0.1 5.74325 3.52102 0.347124 -4.51224 -0.313787 0.0417226 -0.128042 -0.260043 -0.0708091 1 0 0 0 0 0 0 0
166 1 0.1 5.74586 3.71767 0.347442 -4.4962 -0.37519 0.0126627 -0.162689 -0.268008 -0.049168 1 0 0 0 0 0 0 0
167 1 0.1 5.74707 3.91377 0.346936 -4.52116 -0.3767 -0.0218049 -0.176122 -0.245193 0.323671 1 0 0 0 0 0 0 0
168 1 0.1 5.7358 4.10916 0.348525 -5.00133 -0.298366 0.0177327 0.573924 -0.380281 4.27365 1 0 0 0 0 0 0 0
169 1 0.1 5.71348 4.30367 0.35378 -4.33088 0.0093817 0.229356 1.58054 -0.250086 -11.1448 1 0 0 0 0 0 0 0
170 1 0.1 5.74203 4.49773 0.360986 0.204174 -0.242203 0.367365 -0.839527 -2.04491 -6.87014 1 0 0 0 0 0 0 0
171 1 0.1 5.91229 4.68986 0.329436 0.668178 0.505073 -0.465585 -3.34854 3.21343 4.77916 1 0 0 0 0 0 0 0
172 1 0.1 6.11408 4.86871 0.311196 0.199187 -0.0224479 0.0719906 -1.11284 -0.0120708 0.542659 1 0 0 0 0 0 0 0
173 1 0.1 6.27183 5.06798 0.326212 0.0759867 0.10648 0.00807528 -0.542564 0.340778 0.144726 1 0 0 0 0 0 0 0
174 1 0.1 6.47657 5.31018 0.362241 -0.0569378 0.406247 -0.0183624 0.343015 0.0563575 2.86637 1 0 0 0 0 0 0 0
175 1 0.1 6.69973 0.321187 0.34985 -0.0411143 0.1273 -0.0124071 -0.0368298 0.124293 1.4348 1 0 0 0 0 0 0 0
176 1 0.1 6.59282 0.69931 0.323522 -0.0161676 -0.107221 -0.0278814 -0.250315 0.551761 -3.37946 1 0 0 0 0 0 0 0
177 1 0.1 6.45956 0.972281 0.319136 0.235458 0.100783 0.233297 -0.0141697 -0.320207 -0.880614 1 0 0 0 0 0 0 0
178 1 0.1 6.27294 1.18713 0.351774 -1.04014 0.0987663 -0.050462 2.22481 -2.1136 10.9898 1 0 0 0 0 0 0 0
179 1 0.1 6.07321 1.35991 0.377728 -1.41892 0.296281 -0.148639 -1.84607 0.0084531 12.7914 1 0 0 0 0 0 0 0
180 1 0.1 5.96378 1.53021 0.363037 -3.30941 0.108032 0.144493 -0.0372703 -0.267684 5.07868 1 0 0 0 0 0 0 0
181 1 0.1 5.94823 1.72838 0.341889 -4.40292 -0.538317 -0.0493305 -0.565519 0.00503515 1.74622 1 0 0 0 0 0 0 0
182 1 0.1 5.9455 1.92886 0.341653 -4.51787 -0.490594 -0.0596379 0.34457 -0.303243 -0.287582 1 0 0 0 0 0 0 0
183 1 0.1 5.95413 2.1292 0.345976 -4.46185 -0.376463 0.011887 0.344093 -0.302973 -0.286613 1 0 0 0 0 0 0 0
184 1 0.1 5.95282 2.3297 0.348427 -4.43623 -0.248265 0.0592284 0.124751 -0.283991 0.0242599 1 0 0 0 0 0 0 0
185 1 0.1 5.95126 2.52994 0.349586 -4.46256 -0.142621 0.0715337 -0.00684513 -0.181974 0.281924 1 0 0 0 0 0 0 0
186 1 0.1 5.9494 2.72984 0.350183 -4.51873 -0.0954985 0.0736165 0.0279387 -0.134422 0.285874 1 0 0 0 0 0 0 0
187 1 0.1 5.94727 2.92961 0.350258 -4.53914 -0.0515864 0.0744614 -0.0154852 -0.184241 -0.118829 1 0 0 0 0 0 0 0
188 1 0.1 5.94659 3.12927 0.34997 -4.52291 0.00216742 0.0671055 -0.0459078 -0.203105 -0.0987361 1 0 0 0 0 0 0 0
189 1 0.1 5.94547 3.32876 0.348915 -4.5036 0.0590226 0.0567991 -0.055329 -0.20901 -0.0790596 1 0 0 0 0 0 0 0
190 1 0.1 5.94356 3.5281 0.346614 -4.48728 0.102092 0.0456242 -0.0579109 -0.209344 -0.0883761 1 0 0 0 0 0 0 0
191 1 0.1 5.94772 3.72732 0.345857 -4.30125 0.119157 0.032134 -0.0889583 -0.202608 -1.77051 1 0 0 0 0 0 0 0
192 1 0.1 5.94635 3.92649 0.343686 -4.54408 0.114127 -0.0390084 -0.620117 0.273308 4.19193 1 0 0 0 0 0 0 0
193 1 0.1 5.94012 4.12557 0.343166 -4.85014 0.0985303 -0.0738597 0.23632 0.492395 -1.12966 1 0 0 0 0 0 0 0
194 1 0.1 5.91139 4.32177 0.362956 -4.24212 0.180745 0.196887 1.17715 0.788596 1.89441 1 0 0 0 0 0 0 0
195 1 0.1 5.98085 4.50839 0.378513 -1.76395 -0.700846 -0.118254 -1.4007 -0.0675328 -28.2726 1 0 0 0 0 0 0 0
196 1 0.1 6.15852 4.68121 0.354492 -0.131255 -0.135483 0.479903 -2.66376 -1.88594 -4.06646 1 0 0 0 0 0 0 0
197 1 0.1 6.31258 4.87385 0.319604 0.26722 0.182326 0.124064 -0.634525 -0.544861 1.84556 1 0 0 0 0 0 0 0
198 1 0.1 6.47551 5.09034 0.331333 0.308903 0.138852 0.24061 -1.20143 -0.72865 2.18056 1 0 0 0 0 0 0 0
199 1 0.1 6.66442 5.37638 0.346479 -0.207752 0.790903 -0.0658174 0.095482 0.60222 1.22962 1 0 0 0 0 0 0 0
200 1 0.1 6.86911 0.425325 0.339854 -0.145305 0.582634 -0.0729826 -0.179333 0.427279 3.01667 1 0 0 0 0 0 0 0
201 1 0.1 6.77633 0.619642 0.339906 -0.425579 -0.0753983 -0.04599 -0.325186 0.531768 3.42868 1 0 0 0 0 0 0 0
202 1 0.1 6.65577 0.937298 0.349446 0.299103 -0.0923059 0.334014 0.585655 -0.643508 -0.936239 1 0 0 0 0 0 0 0
203 1 0.1 6.48656 1.17088 0.352103 -0.62841 0.414442 0.259115 -0.342523 -1.92479 9.49239 1 0 0 0 0 0 0 0
204 1 0.1 6.30684 1.38148 0.377731 -2.08655 0.291639 0.180757 -0.888857 -2.15326 -0.76361 1 0 0 0 0 0 0 0
205 1 0.1 6.17194 1.54367 0.361505 -3.44022 -0.186157 0.233892 -2.26852 -0.791813 7.59826 1 0 0 0 0 0 0 0
206 1 0.1 6.15036 1.74187 0.34602 -4.26652 -0.293218 -0.019018 -0.158855 -0.290276 0.746321 1 0 0 0 0 0 0 0
207 1 0.1 6.15927 1.94156 0.344243 -4.35566 -0.284506 -0.0174778 0.152563 -0.213993 0.1495 1 0 0 0 0 0 0 0
208 1 0.1 6.15713 2.14132 0.346481 -4.38964 -0.278932 0.0114737 0.141066 -0.205785 0.183975 1 0 0 0 0 0 0 0
209 1 0.1 6.15402 2.34089 0.348214 -4.42774 -0.272924 0.0380428 0.128202 -0.204225 0.194784 1 0 0 0 0 0 0 0
210 1 0.1 6.15125 2.54023 0.349287 -4.46634 -0.266557 0.0615152 0.109494 -0.203794 0.193884 1 0 0 0 0 0 0 0
211 1 0.1 6.14915 2.73928 0.349957 -4.50278 -0.257854 0.0781388 0.065895 -0.202363 0.158247 1 0 0 0 0 0 0 0
212 1 0.1 6.14703 2.93795 0.349899 -4.52867 -0.238534 0.0837866 -0.00202705 -0.201778 0.0779695 1 0 0 0 0 0 0 0
213 1 0.1 6.14645 3.13622 0.349646 -4.541 -0.207132 0.0797522 -0.037305 -0.204163 0.0339623 1 0 0 0 0 0 0 0
214 1 0.1 6.14563 3.33418 0.348741 -4.54923 -0.162913 0.0692378 -0.063235 -0.211181 -0.00595276 1 0 0 0 0 0 0 0
215 1 0.1 6.14434 3.53188 0.346944 -4.48894 -0.0935642 0.0465031 -0.165102 -0.25315 -0.568821 1 0 0 0 0 0 0 0
216 1 0.1 6.14949 3.72943 0.347002 -4.37073 0.00111494 0.0129222 -0.180579 -0.265457 -0.622101 1 0 0 0 0 0 0 0
217 1 0.1 6.15386 3.92704 0.346316 -4.25281 0.120609 -0.0251987 -0.204778 -0.252902 -0.625066 1 0 0 0 0 0 0 0
218 1 0.1 6.13952 4.12431 0.347368 -4.85872 0.224941 -0.0359271 0.154285 -0.726998 6.56728 1 0 0 0 0 0 0 0
219 1 0.1 6.12515 4.32158 0.354408 -4.22041 0.398403 0.215682 2.42937 -0.444073 -12.9558 1 0 0 0 0 0 0 0
220 1 0.1 6.22141 4.49424 0.370366 -1.84187 -0.834861 0.644764 1.96884 -0.273337 -14.0878 1 0 0 0 0 0 0 0
221 1 0.1 6.35869 4.68413 0.352164 -0.272193 0.0177781 0.294147 -0.465509 -1.93054 -7.55986 1 0 0 0 0 0 0 0
222 1 0.1 6.51244 4.85616 0.337621 -0.0277277 -0.451893 0.161776 -0.274056 0.593637 3.13255 1 0 0 0 0 0 0 0
223 1 0.1 6.65805 5.1747 0.34714 0.172907 0.744444 0.203836 -0.738994 0.517062 3.97601 1 0 0 0 0 0 0 0
224 1 0.1 6.85978 5.33147 0.345849 -0.39221 0.305299 0.00368071 -0.278386 -0.967929 -4.68203 1 0 0 0 0 0 0 0
225 1 0.1 7.04778 0.512896 0.352989 -0.0148737 0.539648 0.0854846 0.85991 -1.83315 -3.97616 1 0 0 0 0 0 0 0
226 1 0.1 6.96028 0.69884 0.34443 -0.294385 -0.105869 -0.00882825 0.752642 -0.382121 1.96055 1 0 0 0 0 0 0 0
227 1 0.1 6.8389 0.856208 0.352775 -0.184801 -0.111149 0.195319 1.1234 1.44572 -2.6515 1 0 0 0 0 0 0 0
228 1 0.1 6.68749 1.17581 0.353538 -0.580747 0.849942 0.201001 0.497947 2.53576 -5.43756 1 0 0 0 0 0 0 0
229 1 0.1 6.53524 1.36811 0.361502 -1.80735 0.963521 0.250804 -0.623405 0.137473 4.87349 1 0 0 0 0 0 0 0
230 1 0.1 6.42694 1.53845 0.351385 -2.38206 0.523728 0.0601382 -2.10245 0.155465 4.8863 1 0 0 0 0 0 0 0
231 1 0.1 6.35743 1.72528 0.344552 -3.72042 0.0737194 -0.0811959 0.309067 0.653821 9.29082 1 0 0 0 0 0 0 0
232 1 0.1 6.35918 1.92455 0.34738 -4.42843 0.15346 0.00365005 0.54501 -0.335786 -2.26176 1 0 0 0 0 0 0 0
233 1 0.1 6.36242 2.12366 0.349075 -4.24173 0.234975 0.0678583 0.0734499 -0.469007 0.391772 1 0 0 0 0 0 0 0
234 1 0.1 6.3551 2.32254 0.349563 -4.31994 0.308188 0.0789307 0.0681791 -0.468834 0.393275 1 0 0 0 0 0 0 0
235 1 0.1 6.35042 2.52145 0.350193 -4.38471 0.356951 0.0849163 0.014768 -0.461487 0.23535 1 0 0 0 0 0 0 0
236 1 0.1 6.34819 2.72041 0.349961 -4.43223 0.370485 0.0850595 -0.00353054 -0.458884 0.196007 1 0 0 0 0 0 0 0
237 1 0.1 6.34612 2.91944 0.349361 -4.46775 0.343837 0.0829858 -0.0163965 -0.457794 0.160581 1 0 0 0 0 0 0 0
238 1 0.1 6.34564 3.11851 0.34937 -4.49475 0.288416 0.0781241 -0.0354124 -0.458969 0.110672 1 0 0 0 0 0 0 0
239 1 0.1 6.34488 3.31754 0.349136 -4.51508 0.219218 0.0694971 -0.0442824 -0.460751 0.0842198 1 0 0 0 0 0 0 0
240 1 0.1 6.34426 3.51646 0.34756 -4.44661 0.152905 0.0632406 -0.00972235 -0.565885 -0.762024 1 0 0 0 0 0 0 0
241 1 0.1 6.3502 3.7151 0.348939 -4.29109 0.100508 0.0649121 -0.00870925 -0.569736 -0.786078 1 0 0 0 0 0 0 0
242 1 0.1 6.35329 3.91362 0.349175 -4.25923 0.0869375 0.064402 -0.00983471 -0.627372 0.422077 1 0 0 0 0 0 0 0
243 1 0.1 6.34497 4.11188 0.349126 -4.80128 0.0823833 0.033327 -0.250694 -0.529595 4.91553 1 0 0 0 0 0 0 0
244 1 0.1 6.3502 4.31018 0.348724 -3.96713 0.119499 0.0711059 0.61115 0.0168704 -13.1489 1 0 0 0 0 0 0 0
245 1 0.1 6.42048 4.49575 0.352501 -1.86301 -0.592567 0.272715 1.44684 -0.21201 -9.23294 1 0 0 0 0 0 0 0
246 1 0.1 6.55732 4.65556 0.345471 -0.965081 -0.855139 -0.0481278 -0.784234 0.689641 2.61601 1 0 0 0 0 0 0 0
247 1 0.1 6.70753 4.91121 0.349579 -0.040179 0.199105 0.140991 -0.44897 -0.461353 3.34589 1 0 0 0 0 0 0 0
248 1 0.1 6.84762 5.10778 0.349985 0.0300534 0.0725992 0.103865 0.365124 0.637236 -10.9395 1 0 0 0 0 0 0 0
249 1 0.1 7.05893 5.3012 0.352015 -0.342977 -0.149274 0.068163 0.0625189 0.45115 0.0711095 1 0 0 0 0 0 0 0
250 1 0.1 6.44613 0.573987 0.54996 -0.246906 0.175811 0.0276234 -0.0127543 -0.0890334 -0.171514 1 0 0 0 0 0 0 0
251 1 0.1 6.2187 0.797264 0.550604 -0.242133 0.138384 0.105038 0.77559 0.789015 0.49349 1 0 0 0 0 0 0 0
252 1 0.1 6.06835 0.950812 0.549658 -0.0163806 0.00380459 -0.0013723 -0.0185529 0.0574231 -0.00256602 1 0 0 0 0 0 0 0
253 1 0.1 5.86446 1.15035 0.550657 -0.040209 0.0869453 0.028147 0.503217 -0.0935563 0.891254 1 0 0 0 0 0 0 0
254 1 0.1 5.66312 1.35631 0.549138 -1.39421 -0.221257 -0.000250931 1.00902 -0.445414 9.69533 1 0 0 0 0 0 0 0
255 1 0.1 5.5636 1.54344 0.545537 -3.7997 0.199178 -0.0109406 0.0775135 -0.181981 22.1164 1 0 0 0 0 0 0 0
256 1 0.1 5.51969 1.74069 0.546303 -5.39105 0.118542 0.0267389 0.273452 0.607303 -6.4994 1 0 0 0 0 0 0 0
257 1 0.1 5.55578 1.93767 0.546438 -4.62282 0.0563222 0.0423659 0.0873792 0.773157 -1.19932 1 0 0 0 0 0 0 0
258 1 0.1 5.56053 2.13757 0.546847 -4.49316 0.10899 0.0463959 -0.0140006 0.812135 -0.0739355 1 0 0 0 0 0 0 0
259 1 0.1 5.56043 2.33736 0.546782 -4.48605 0.174804 0.0434351 -0.0166216 0.804994 0.00473226 1 0 0 0 0 0 0 0
260 1 0.1 5.5601 2.53693 0.546402 -4.48983 0.266236 0.0401134 -0.0188576 0.800318 0.0266406 1 0 0 0 0 0 0 0
261 1 0.1 5.55845 2.73623 0.546225 -4.49556 0.384847 0.037519 -0.0185966 0.798242 0.0329543 1 0 0 0 0 0 0 0
262 1 0.1 5.55714 2.93524 0.545742 -4.50249 0.512954 0.0340062 -0.0251073 0.793714 0.0350235 1 0 0 0 0 0 0 0
263 1 0.1 5.55648 3.13395 0.545352 -4.51027 0.625979 0.0294903 -0.0208762 0.790021 0.0286414 1 0 0 0 0 0 0 0
264 1 0.1 5.55609 3.3324 0.544949 -4.51622 0.687669 0.0258088 -0.0188819 0.785436 -0.00416481 1 0 0 0 0 0 0 0
265 1 0.1 5.55562 3.5306 0.544336 -4.50883 0.648002 0.0244904 -0.000574407 0.781116 -0.0988117 1 0 0 0 0 0 0 0
266 1 0.1 5.55677 3.72842 0.544804 -4.4778 0.461137 0.0264374 0.02739 0.779019 -0.164116 1 0 0 0 0 0 0 0
267 1 0.1 5.55777 3.92565 0.545171 -4.44101 0.139975 0.0337766 0.0651034 0.777781 -0.0910056 1 0 0 0 0 0 0 0
268 1 0.1 5.55161 4.12194 0.54668 -4.8924 -0.210879 0.0393366 -0.0465477 0.587732 4.62718 1 0 0 0 0 0 0 0
269 1 0.1 5.53107 4.31653 0.547536 -3.96123 -0.323143 -0.0157545 -0.420481 -0.392691 -14.0509 1 0 0 0 0 0 0 0
270 1 0.1 5.53151 4.51185 0.551174 -1.03335 -0.667409 -0.0381719 0.210776 0.192019 -13.3133 1 0 0 0 0 0 0 0
271 1 0.1 5.7073 4.68723 0.547129 0.347853 0.245384 -0.00132832 0.453152 -0.054054 2.46707 1 0 0 0 0 0 0 0
272 1 0.1 5.91495 4.89294 0.550731 0.0422152 -0.00529426 0.0308597 -0.0822686 -0.203892 0.156249 1 0 0 0 0 0 0 0
273 1 0.1 6.07481 5.05995 0.549885 0.198805 0.319722 -0.0178299 0.181154 0.088998 0.0352788 1 0 0 0 0 0 0 0
274 1 0.1 6.28727 5.27268 0.550052 0.0392988 0.174015 0.0061892 0.163124 -0.0955804 1.10447 1 0 0 0 0 0 0 0
275 1 0.1 6.62794 0.492139 0.563301 -0.326025 -0.00794228 0.0305148 0.254017 -0.0341293 -1.85418 1 0 0 0 0 0 0 0
276 1 0.1 6.42212 0.770417 0.521549 -0.069738 0.147473 0.0229598 -0.10083 0.217235 -1.2323 1 0 0 0 0 0 0 0
277 1 0.1 6.25976 0.990425 0.509762 -0.0723477 -0.0158796 -0.0855961 0.0705525 0.73939 0.0646171 1 0 0 0 0 0 0 0
278 1 0.1 6.06238 1.16424 0.516643 -0.199608 0.116211 0.168117 1.34802 -1.69916 4.65397 1 0 0 0 0 0 0 0
279 1 0.1 5.87498 1.35334 0.547964 -1.76844 0.354103 0.00886791 0.605001 -0.102974 12.0382 1 0 0 0 0 0 0 0
280 1 0.1 5.76501 1.52593 0.558314 -3.08479 0.663315 0.211558 0.973844 -0.440494 9.70378 1 0 0 0 0 0 0 0
281 1 0.1 5.75863 1.72597 0.553353 -4.51226 -0.0610616 0.150988 -1.01018 0.386879 1.01152 1 0 0 0 0 0 0 0
282 1 0.1 5.75662 1.9259 0.547373 -4.57333 -0.0402506 0.0489739 -0.0059916 0.321087 -0.415332 1 0 0 0 0 0 0 0
283 1 0.1 5.76022 2.12577 0.548001 -4.49477 -0.0242089 0.0475349 0.00248677 0.31301 -0.372033 1 0 0 0 0 0 0 0
284 1 0.1 5.76158 2.32554 0.548651 -4.46572 0.0047835 0.0531754 0.0597803 0.22184 0.0818957 1 0 0 0 0 0 0 0
285 1 0.1 5.76092 2.52511 0.549252 -4.48202 0.0410924 0.0648593 0.0573563 0.21656 0.0859881 1 0 0 0 0 0 0 0
286 1 0.1 5.75884 2.72439 0.549807 -4.49722 0.0723659 0.0763487 0.0517235 0.205396 0.0781492 1 0 0 0 0 0 0 0
287 1 0.1 5.75716 2.92334 0.549849 -4.51063 0.0815235 0.0857572 0.0309055 0.187896 0.0595481 1 0 0 0 0 0 0 0
288 1 0.1 5.75644 3.12187 0.550014 -4.51985 0.0523131 0.0893779 -0.00710254 0.165521 0.0234015 1 0 0 0 0 0 0 0
289 1 0.1 5.75627 3.3199 0.549791 -4.52215 -0.023116 0.0816224 -0.0739914 0.130921 9.68582e-05 1 0 0 0 0 0 0 0
290 1 0.1 5.75624 3.51734 0.548911 -4.51772 -0.138186 0.0610095 -0.119522 0.0971244 -0.046604 1 0 0 0 0 0 0 0
291 1 0.1 5.75807 3.71412 0.549178 -4.51305 -0.269387 0.0336066 -0.121331 0.0444633 -0.0548985 1 0 0 0 0 0 0 0
292 1 0.1 5.76023 3.91029 0.549126 -4.50549 -0.383114 0.0141919 -0.049422 0.00278534 -0.119371 1 0 0 0 0 0 0 0
293 1 0.1 5.75291 4.10584 0.551891 -4.37143 -0.453204 0.13685 1.2417 -0.463373 -1.13069 1 0 0 0 0 0 0 0
294 1 0.1 5.72868 4.29967 0.559058 -4.21752 -0.426096 0.39573 1.37072 -1.43635 0.52827 1 0 0 0 0 0 0 0
295 1 0.1 5.74606 4.49526 0.56026 -1.94172 -0.352513 0.283788 -2.87604 -11.5365 -24.1876 1 0 0 0 0 0 0 0
296 1 0.1 5.90446 4.68468 0.528933 0.64909 0.889377 -0.481018 2.89767 4.63872 2.25033 1 0 0 0 0 0 0 0
297 1 0.1 6.10652 4.86899 0.508372 0.209725 0.260661 0.125693 -1.77826 -0.178323 -0.0879198 1 0 0 0 0 0 0 0
298 1 0.1 6.27248 5.0767 0.525426 0.171503 0.303736 -0.00320704 -0.00292234 0.160878 0.306751 1 0 0 0 0 0 0 0
299 1 0.1 6.48125 5.31422 0.562452 -0.148451 0.483374 0.0389431 0.21937 -0.170015 2.10777 1 0 0 0 0 0 0 0
300 1 0.1 6.70916 0.309755 0.558269 0.0965093 0.124723 -0.0551968 -0.257228 0.502624 0.182712 1 0 0 0 0 0 0 0
301 1 0.1 6.60757 0.690269 0.525097 -0.302519 -0.391176 0.00849526 -0.602522 -0.594603 -2.97786 1 0 0 0 0 0 0 0
302 1 0.1 6.45665 0.967132 0.530537 -0.0645498 0.138824 -0.00370459 -0.155945 -1.58831 1.53942 1 0 0 0 0 0 0 0
303 1 0.1 6.27702 1.18093 0.566109 -1.06288 0.0350171 0.0445884 1.52789 1.35143 10.7989 1 0 0 0 0 0 0 0
304 1 0.1 6.07358 1.35476 0.578552 -1.63283 0.267138 -0.044188 2.38742 -2.71437 9.40457 1 0 0 0 0 0 0 0
305 1 0.1 5.97086 1.52771 0.563901 -3.46214 -0.328579 0.204653 0.271225 0.0723804 7.28754 1 0 0 0 0 0 0 0
306 1 0.1 5.9597 1.72695 0.547128 -4.41517 -0.476638 0.0827458 -1.08059 0.120286 0.705536 1 0 0 0 0 0 0 0
307 1 0.1 5.96005 1.92707 0.542994 -4.47879 -0.392806 -0.00850302 0.177019 0.139461 -0.0945947 1 0 0 0 0 0 0 0
308 1 0.1 5.96661 2.12703 0.546207 -4.46238 -0.287948 0.0261893 0.184375 0.139789 -0.0713395 1 0 0 0 0 0 0 0
309 1 0.1 5.96279 2.32694 0.548576 -4.46115 -0.179218 0.0573541 0.124353 0.138121 0.0703996 1 0 0 0 0 0 0 0
310 1 0.1 5.96124 2.5267 0.55013 -4.47569 -0.110628 0.0823098 0.105459 0.134708 0.08839 1 0 0 0 0 0 0 0
311 1 0.1 5.95884 2.72633 0.551243 -4.49244 -0.0532422 0.0965954 0.029612 0.128689 0.0776848 1 0 0 0 0 0 0 0
312 1 0.1 5.95714 2.9258 0.551557 -4.50723 -0.0122239 0.101779 0.0134886 0.127438 0.0667041 1 0 0 0 0 0 0 0
313 1 0.1 5.95654 3.12507 0.551741 -4.51844 0.00312274 0.103299 -0.00566336 0.125887 0.0444715 1 0 0 0 0 0 0 0
314 1 0.1 5.95649 3.32415 0.551267 -4.52422 -0.0035234 0.101116 -0.021079 0.124053 0.00804936 1 0 0 0 0 0 0 0
315 1 0.1 5.95685 3.52304 0.549744 -4.47923 -0.0173498 0.084324 -0.14347 0.103276 -0.456323 1 0 0 0 0 0 0 0
316 1 0.1 5.95952 3.72181 0.549389 -4.385 -0.0194427 0.053651 -0.154144 0.101741 -0.481444 1 0 0 0 0 0 0 0
317 1 0.1 5.95977 3.9206 0.548342 -4.523 0.00930825 0.01908 -0.198866 0.0230115 1.84342 1 0 0 0 0 0 0 0
318 1 0.1 5.95384 4.11944 0.548277 -4.85242 0.0760338 0.0104628 0.0901542 0.102511 1.47774 1 0 0 0 0 0 0 0
319 1 0.1 5.92919 4.31675 0.562021 -4.78341 0.159537 0.262048 2.41613 -0.108536 -2.22115 1 0 0 0 0 0 0 0
320 1 0.1 5.9819 4.50874 0.577573 -2.12705 -0.386587 -0.145103 -8.77145 -9.37209 -27.2847 1 0 0 0 0 0 0 0
321 1 0.1 6.14469 4.68401 0.560312 -0.429115 0.0663707 0.477313 -1.31527 -3.14299 -6.64826 1 0 0 0 0 0 0 0
322 1 0.1 6.30371 4.88131 0.526697 0.250315 0.392688 0.127966 -1.30892 -0.189516 0.528444 1 0 0 0 0 0 0 0
323 1 0.1 6.47327 5.09381 0.532041 0.116076 0.269071 0.279952 -0.0530155 -0.390905 1.78323 1 0 0 0 0 0 0 0
324 1 0.1 6.67248 5.36858 0.561696 -0.248179 0.713413 0.0692512 -0.114798 -0.143554 0.370967 1 0 0 0 0 0 0 0
325 1 0.1 6.87809 0.412426 0.543924 0.255385 0.271943 -0.149127 -0.0157931 0.34824 0.342113 1 0 0 0 0 0 0 0
326 1 0.1 6.78909 0.608267 0.541413 -0.242817 -0.0687385 -0.0363206 -0.372254 0.918583 2.16788 1 0 0 0 0 0 0 0
327 1 0.1 6.65232 0.936896 0.554871 -0.0463 0.346259 0.213455 0.724679 -0.710217 0.629407 1 0 0 0 0 0 0 0
328 1 0.1 6.49913 1.16335 0.563992 -0.420509 0.432298 0.0871298 0.425902 -0.356796 7.4375 1 0 0 0 0 0 0 0
329 1 0.1 6.30711 1.37767 0.577296 -2.26587 0.216932 0.248503 0.801187 0.512498 1.52235 1 0 0 0 0 0 0 0
330 1 0.1 6.18584 1.54513 0.561907 -3.45744 -0.144798 0.269583 -1.38046 -1.26453 7.39472 1 0 0 0 0 0 0 0
331 1 0.1 6.16044 1.74304 0.55033 -4.31792 -0.267256 0.0793576 -0.366869 -0.0847874 1.36817 1 0 0 0 0 0 0 0
332 1 0.1 6.1693 1.94253 0.548381 -4.41515 -0.265455 0.05235 0.0921975 -0.0102829 -0.396163 1 0 0 0 0 0 0 0
333 1 0.1 6.16837 2.142 0.549451 -4.39018 -0.269007 0.0678353 0.063224 -0.0125417 0.150034 1 0 0 0 0 0 0 0
334 1 0.1 6.16507 2.3412 0.550022 -4.42623 -0.275446 0.0793681 0.0562109 -0.0163357 0.212891 1 0 0 0 0 0 0 0
335 1 0.1 6.16255 2.54012 0.550355 -4.4708 -0.284677 0.0889693 0.0400584 -0.0140582 0.23111 1 0 0 0 0 0 0 0
336 1 0.1 6.15935 2.73868 0.550499 -4.51495 -0.296177 0.0963082 0.0313576 -0.0175213 0.206739 1 0 0 0 0 0 0 0
337 1 0.1 6.15736 2.93684 0.550181 -4.5437 -0.305858 0.101039 0.0126782 -0.0291421 0.0809624 1 0 0 0 0 0 0 0
338 1 0.1 6.15699 3.13459 0.55031 -4.54317 -0.307025 0.0996854 -0.0293342 -0.0507802 -0.0883581 1 0 0 0 0 0 0 0
339 1 0.1 6.15753 3.33193 0.549958 -4.51487 -0.29305 0.0883967 -0.0835442 -0.0638068 -0.194229 1 0 0 0 0 0 0 0
340 1 0.1 6.15826 3.52892 0.5482 -4.46845 -0.25914 0.0668872 -0.124958 -0.0920309 -0.265568 1 0 0 0 0 0 0 0
341 1 0.1 6.16135 3.72565 0.548535 -4.41597 -0.20417 0.0367875 -0.172685 -0.0945052 -0.256222 1 0 0 0 0 0 0 0
342 1 0.1 6.16421 3.92224 0.547449 -4.39057 -0.130755 -0.00460632 -0.251695 -0.158057 0.000965148 1 0 0 0 0 0 0 0
343 1 0.1 6.1535 4.11852 0.547831 -4.85071 -0.0687697 -0.0259285 0.0719726 -0.385906 4.52811 1 0 0 0 0 0 0 0
344 1 0.1 6.14458 4.31472 0.555161 -4.14819 0.0477287 0.216491 2.41394 -1.90043 -11.5624 1 0 0 0 0 0 0 0
345 1 0.1 6.21109 4.49938 0.569783 -2.06105 -0.636141 0.702228 1.32734 -2.18693 -10.7554 1 0 0 0 0 0 0 0
346 1 0.1 6.34421 4.69012 0.552647 -0.390948 0.276772 0.289715 -0.152695 -0.659257 -7.31156 1 0 0 0 0 0 0 0
347 1 0.1 6.50847 4.86549 0.541437 0.176226 -0.336238 -0.00742471 0.675726 -1.41736 1.41426 1 0 0 0 0 0 0 0
348 1 0.1 6.6597 5.16949 0.54722 0.0673793 0.639091 0.21208 -0.579125 0.417258 2.07365 1 0 0 0 0 0 0 0
349 1 0.1 6.86642 5.3236 0.56098 -0.31556 0.154173 0.102293 -0.178649 -0.128263 -6.01252 1 0 0 0 0 0 0 0
350 1 0.1 7.03737 0.531132 0.55242 0.405841 0.335031 0.0176769 1.45365 -1.34798 -0.764147 1 0 0 0 0 0 0 0
351 1 0.1 6.96358 0.716611 0.558015 -0.238129 0.123185 0.156929 0.684735 -0.601158 -1.93013 1 0 0 0 0 0 0 0
352 1 0.1 6.84213 0.875089 0.553088 -0.0366525 0.316989 0.235379 0.770323 -0.00339684 -0.849209 1 0 0 0 0 0 0 0
353 1 0.1 6.6991 1.16508 0.55405 -0.45235 0.683427 0.181787 0.940239 3.06075 -5.12998 1 0 0 0 0 0 0 0
354 1 0.1 6.52533 1.3645 0.562783 -1.90996 0.901093 0.300925 -0.538233 -1.50922 7.77515 1 0 0 0 0 0 0 0
355 1 0.1 6.41961 1.53996 0.552021 -2.71535 0.597444 0.109677 -1.61048 0.597197 4.07863 1 0 0 0 0 0 0 0
356 1 0.1 6.36532 1.73135 0.547427 -3.81595 0.352503 -0.0111673 0.0845186 0.453803 7.31712 1 0 0 0 0 0 0 0
357 1 0.1 6.37167 1.93007 0.547539 -4.39138 0.424185 0.0290496 0.354529 0.521718 -1.62479 1 0 0 0 0 0 0 0
358 1 0.1 6.3729 2.12885 0.548753 -4.2663 0.448843 0.0668906 0.0288777 0.557761 0.404853 1 0 0 0 0 0 0 0
359 1 0.1 6.36623 2.32757 0.549512 -4.34763 0.439533 0.0754412 0.014307 0.557781 0.410109 1 0 0 0 0 0 0 0
360 1 0.1 6.36227 2.52646 0.549984 -4.42049 0.402863 0.0785761 -0.00637514 0.55639 0.317484 1 0 0 0 0 0 0 0
361 1 0.1 6.35888 2.72544 0.549919 -4.47146 0.346928 0.0781008 -0.0140032 0.552633 0.19605 1 0 0 0 0 0 0 0
362 1 0.1 6.35697 2.92448 0.549554 -4.50551 0.280751 0.0764801 -0.00980469 0.551628 0.14332 1 0 0 0 0 0 0 0
363 1 0.1 6.35667 3.12347 0.549811 -4.51255 0.2106 0.0764628 0.00844892 0.542583 -0.0753489 1 0 0 0 0 0 0 0
364 1 0.1 6.35737 3.32228 0.549701 -4.47625 0.142286 0.0781113 0.010547 0.527373 -0.285442 1 0 0 0 0 0 0 0
365 1 0.1 6.35877 3.52081 0.54856 -4.4132 0.0830187 0.079957 0.00999379 0.518505 -0.348343 1 0 0 0 0 0 0 0
366 1 0.1 6.36268 3.71898 0.54932 -4.3437 0.0401728 0.0791144 0.000724024 0.508764 -0.346608 1 0 0 0 0 0 0 0
367 1 0.1 6.36403 3.91688 0.548836 -4.39031 0.02298 0.0711748 -0.0595911 0.310698 0.829109 1 0 0 0 0 0 0 0
368 1 0.1 6.36076 4.11454 0.549049 -4.56004 0.0280651 0.0602814 -0.0609287 0.321089 0.843556 1 0 0 0 0 0 0 0
369 1 0.1 6.37728 4.31138 0.550018 -3.5886 -0.0215072 0.129299 0.796898 0.303205 -10.5706 1 0 0 0 0 0 0 0
370 1 0.1 6.41362 4.50549 0.55212 -1.77659 -0.309874 0.269 0.662165 -0.159074 -7.74795 1 0 0 0 0 0 0 0
371 1 0.1 6.54754 4.66582 0.546462 -1.10222 -0.858651 0.00314776 -0.522382 -2.63189 2.99332 1 0 0 0 0 0 0 0
372 1 0.1 6.70734 4.90377 0.549508 0.238096 0.0883792 0.137919 -0.0844949 0.0835582 2.75407 1 0 0 0 0 0 0 0
373 1 0.1 6.84901 5.10199 0.549933 -0.07829 0.00707314 0.105605 0.335225 0.340344 -9.53263 1 0 0 0 0 0 0 0
374 1 0.1 7.089 5.30005 0.551391 -1.14188 -0.0104458 0.0665218 0.182421 0.268632 -0.465109 1 0 0 0 0 0 0 0
375 1 0.1 6.45652 0.565913 0.751282 0.0193378 0.036497 -0.0105128 -0.0176252 0.0433097 0.0240822 1 0 0 0 0 0 0 0
376 1 0.1 6.22602 0.791605 0.75037 -0.106301 0.0878362 0.0919136 0.234787 0.00597479 0.328959 1 0 0 0 0 0 0 0
377 1 0.1 6.07082 0.946746 0.749686 0.0425507 0.0080882 0.0429455 0.0573101 -0.663713 0.0444868 1 0 0 0 0 0 0 0
378 1 0.1 5.8649 1.1512 0.750564 -0.205772 -0.443808 -0.000362534 -0.931238 0.89382 -5.36005 1 0 0 0 0 0 0 0
379 1 0.1 5.67921 1.34272 0.750481 -0.644225 0.654467 -0.0249177 0.0645287 -0.254051 9.33376 1 0 0 0 0 0 0 0
380 1 0.1 5.65651 1.539 0.74239 -3.46542 0.603061 -0.0180917 0.0107308 0.785296 19.9765 1 0 0 0 0 0 0 0
381 1 0.1 5.65076 1.73656 0.742105 -5.05586 0.727276 0.00411505 0.183908 0.639903 -4.36925 1 0 0 0 0 0 0 0
382 1 0.1 5.66721 1.93328 0.743026 -4.35334 0.776841 0.0267472 0.148443 0.682888 -2.55096 1 0 0 0 0 0 0 0
383 1 0.1 5.67097 2.13057 0.744096 -4.12154 0.812679 0.0421492 0.0293457 0.771075 0.260752 1 0 0 0 0 0 0 0
384 1 0.1 5.67003 2.32804 0.744478 -4.174 0.789043 0.0438321 -0.0179916 0.763814 0.260245 1 0 0 0 0 0 0 0
385 1 0.1 5.6689 2.52581 0.744713 -4.21811 0.713354 0.0395985 -0.0329415 0.766827 0.179889 1 0 0 0 0 0 0 0
386 1 0.1 5.66851 2.72399 0.74409 -4.2449 0.604265 0.03417 -0.0263565 0.774195 0.083436 1 0 0 0 0 0 0 0
387 1 0.1 5.66823 2.92262 0.743299 -4.25507 0.481571 0.0295581 -0.0239403 0.778182 0.0155983 1 0 0 0 0 0 0 0
388 1 0.1 5.66825 3.12168 0.742846 -4.25423 0.360089 0.0264658 -0.0111591 0.783823 -0.0213754 1 0 0 0 0 0 0 0
389 1 0.1 5.66856 3.32111 0.742241 -4.24822 0.253382 0.024184 -0.0137744 0.78598 -0.0379372 1 0 0 0 0 0 0 0
390 1 0.1 5.669 3.5208 0.740922 -4.24123 0.191214 0.0217389 -0.0123438 0.787819 -0.040802 1 0 0 0 0 0 0 0
391 1 0.1 5.6695 3.72142 0.741724 -4.23359 0.0364711 0.0241306 0.0202268 0.834854 -0.0279172 1 0 0 0 0 0 0 0
392 1 0.1 5.66982 3.92307 0.74222 -4.22858 0.077354 0.0284617 0.0221701 0.837244 -0.0259707 1 0 0 0 0 0 0 0
393 1 0.1 5.66613 4.12582 0.743572 -4.28908 0.140556 0.038295 0.0673184 0.759453 0.619208 1 0 0 0 0 0 0 0
394 1 0.1 5.64939 4.32741 0.745258 -4.76866 -0.0309067 0.0805039 -0.321008 -0.355578 0.65103 1 0 0 0 0 0 0 0
395 1 0.1 5.62432 4.52566 0.744758 -4.71583 0.0295278 0.0727162 0.264808 0.167188 -1.2325 1 0 0 0 0 0 0 0
396 1 0.1 5.72089 4.70456 0.753245 -0.772112 -1.23225 0.165664 -2.7149 0.0554765 -10.9866 1 0 0 0 0 0 0 0
397 1 0.1 5.9212 4.89956 0.752485 -0.0475457 -0.385517 0.219141 -1.09804 -2.62855 -4.44218 1 0 0 0 0 0 0 0
398 1 0.1 6.07662 5.06097 0.753168 -0.0201968 -0.17965 -0.0216023 -0.0641883 -0.0311966 -0.356724 1 0 0 0 0 0 0 0
399 1 0.1 6.28635 5.27034 0.750909 -0.0415035 -0.032699 0.00583159 -0.132053 -0.00797778 -0.145704 1 0 0 0 0 0 0 0
400 1 0.1 6.64438 0.49871 0.762541 -0.128116 -0.438744 0.0144984 -1.61002 0.138118 -5.00151 1 0 0 0 0 0 0 0
401 1 0.1 6.42296 0.759974 0.721164 0.0960122 0.11925 0.031418 0.383096 0.960934 -0.883494 1 0 0 0 0 0 0 0
402 1 0.1 6.26122 0.985131 0.709176 0.160209 0.0850399 -0.062106 -1.13494 1.35869 0.542545 1 0 0 0 0 0 0 0
403 1 0.1 6.06048 1.16312 0.716383 -0.853121 0.538564 0.149262 -1.88934 -1.58716 16.2732 1 0 0 0 0 0 0 0
404 1 0.1 5.93691 1.34091 0.740746 -1.21213 0.6216 0.0186049 2.04425 -2.12406 25.8895 1 0 0 0 0 0 0 0
405 1 0.1 5.85519 1.52432 0.745271 -3.37227 -0.105693 0.116539 -0.441886 -0.361664 -2.97351 1 0 0 0 0 0 0 0
406 1 0.1 5.86303 1.72361 0.74247 -3.85979 0.00875156 0.0433125 -0.293985 0.0972718 6.65959 1 0 0 0 0 0 0 0
407 1 0.1 5.86983 1.92273 0.741955 -4.39066 0.140351 0.0169864 0.0485763 0.366615 -1.38399 1 0 0 0 0 0 0 0
408 1 0.1 5.87192 2.1217 0.743372 -4.23265 0.254389 0.0260766 0.0482035 0.448421 -0.18746 1 0 0 0 0 0 0 0
409 1 0.1 5.87091 2.32048 0.744271 -4.21468 0.354046 0.033649 0.0191481 0.461882 0.0244162 1 0 0 0 0 0 0 0
410 1 0.1 5.86957 2.51917 0.744936 -4.22063 0.41924 0.0374723 0.0103778 0.469279 0.0503211 1 0 0 0 0 0 0 0
411 1 0.1 5.86884 2.71788 0.744556 -4.23106 0.439012 0.0381883 -0.00842559 0.46277 0.0556904 1 0 0 0 0 0 0 0
412 1 0.1 5.86829 2.91671 0.743813 -4.24184 0.410693 0.036299 -0.0139736 0.467808 0.0431498 1 0 0 0 0 0 0 0
413 1 0.1 5.86819 3.11573 0.743423 -4.24881 0.340093 0.0338013 -0.0152287 0.471043 0.0144081 1 0 0 0 0 0 0 0
414 1 0.1 5.86851 3.31491 0.742765 -4.2496 0.244442 0.0315189 -0.0148982 0.47956 -0.0208857 1 0 0 0 0 0 0 0
415 1 0.1 5.86907 3.51425 0.741266 -4.24316 0.149308 0.0281237 -0.0234281 0.482149 -0.0574071 1 0 0 0 0 0 0 0
416 1 0.1 5.86991 3.71375 0.741838 -4.21799 0.0709468 0.0173551 -0.071515 0.500408 -0.184399 1 0 0 0 0 0 0 0
417 1 0.1 5.8711 3.91338 0.741522 -4.17922 0.0291816 0.00146697 -0.0692674 0.501697 -0.192813 1 0 0 0 0 0 0 0
418 1 0.1 5.86688 4.11303 0.743857 -4.39979 0.0143038 0.193497 1.92827 0.557239 2.40557 1 0 0 0 0 0 0 0
419 1 0.1 5.84896 4.31199 0.745045 -4.72203 -0.025294 0.32526 -0.561898 0.170831 0.827296 1 0 0 0 0 0 0 0
420 1 0.1 5.82547 4.51037 0.741664 -4.2242 -0.0461974 0.698948 -3.88059 -6.12313 -0.457909 1 0 0 0 0 0 0 0
421 1 0.1 5.92007 4.69009 0.738012 -1.12237 -1.0818 0.387715 -0.915974 0.035555 1.59939 1 0 0 0 0 0 0 0
422 1 0.1 6.11199 4.86919 0.707144 0.296086 -0.340902 0.246331 8.1238 1.06442 3.63608 1 0 0 0 0 0 0 0
423 1 0.1 6.27325 5.07295 0.72505 0.186413 -0.0604654 0.0214129 -0.0960939 -0.817384 2.15209 1 0 0 0 0 0 0 0
424 1 0.1 6.48209 5.30753 0.762464 -0.212099 0.193916 0.041102 0.423139 -0.328718 2.84651 1 0 0 0 0 0 0 0
425 1 0.1 6.73844 0.311346 0.762173 -1.16884 -1.11489 -0.0141048 -1.45112 0.988786 -5.38738 1 0 0 0 0 0 0 0
426 1 0.1 6.61464 0.703773 0.727913 -0.0339743 -0.370218 0.00947326 0.157463 -0.630619 -3.66324 1 0 0 0 0 0 0 0
427 1 0.1 6.45721 0.956159 0.730221 0.262226 0.150262 0.00507074 -0.76674 -1.42936 -0.746673 1 0 0 0 0 0 0 0
428 1 0.1 6.30907 1.17071 0.762851 -0.269877 0.243505 -0.0462838 2.2044 2.66057 5.51138 1 0 0 0 0 0 0 0
429 1 0.1 6.15879 1.34984 0.761441 -0.990294 0.246985 -0.106777 2.45837 8.4881 1.58675 1 0 0 0 0 0 0 0
430 1 0.1 6.05481 1.52897 0.747179 -3.28547 -0.530501 0.14084 -1.01893 0.0886891 -1.32235 1 0 0 0 0 0 0 0
431 1 0.1 6.06847 1.72819 0.737203 -4.18395 -0.412016 -0.048201 -0.216314 1.02157 4.66184 1 0 0 0 0 0 0 0
432 1 0.1 6.07023 1.92801 0.739058 -4.30779 -0.360325 -0.0323982 0.389899 0.283675 -3.46397 1 0 0 0 0 0 0 0
433 1 0.1 6.0754 2.12768 0.742104 -4.09507 -0.309544 0.0232706 0.152251 0.191752 1.25344 1 0 0 0 0 0 0 0
434 1 0.1 6.07153 2.32733 0.743803 -4.21979 -0.270253 0.0432188 0.0444526 0.225526 0.301083 1 0 0 0 0 0 0 0
435 1 0.1 6.06979 2.52695 0.744861 -4.25815 -0.228007 0.0475573 -0.00604046 0.205624 0.0480457 1 0 0 0 0 0 0 0
436 1 0.1 6.06898 2.72651 0.744622 -4.26459 -0.186437 0.0457549 -0.0114853 0.20405 0.0158505 1 0 0 0 0 0 0 0
437 1 0.1 6.06843 2.92603 0.743785 -4.26632 -0.142898 0.0430755 -0.0152052 0.20293 0.000993333 1 0 0 0 0 0 0 0
438 1 0.1 6.0685 3.12552 0.743162 -4.26421 -0.0936332 0.0392549 -0.0213153 0.201218 -0.0175282 1 0 0 0 0 0 0 0
439 1 0.1 6.06907 3.325 0.742118 -4.252 -0.0367272 0.0305629 -0.0608787 0.191142 -0.100715 1 0 0 0 0 0 0 0
440 1 0.1 6.07015 3.52449 0.740051 -4.22866 0.0255191 0.0156773 -0.0793959 0.186203 -0.136714 1 0 0 0 0 0 0 0
441 1 0.1 6.07154 3.72402 0.740309 -4.20103 0.0844664 -0.00146122 -0.0860631 0.184786 -0.149026 1 0 0 0 0 0 0 0
442 1 0.1 6.07299 3.92355 0.73972 -4.15468 0.122756 -0.0369065 -0.267556 0.166747 -0.316455 1 0 0 0 0 0 0 0
443 1 0.1 6.0732 4.12303 0.739187 -4.23897 0.120913 -0.0755962 -0.101627 0.0957436 1.18719 1 0 0 0 0 0 0 0
444 1 0.1 6.05148 4.32104 0.745404 -4.25503 0.0635043 0.136537 2.1288 0.619727 -1.05446 1 0 0 0 0 0 0 0
445 1 0.1 6.04567 4.519 0.764321 -2.35294 0.0913559 -0.104415 -3.69981 6.05309 -1.33844 1 0 0 0 0 0 0 0
446 1 0.1 6.15947 4.68302 0.763054 -1.27265 -0.659244 0.073765 -5.84437 -2.40245 -17.7205 1 0 0 0 0 0 0 0
447 1 0.1 6.30965 4.87688 0.727926 0.590602 -0.0876323 0.159222 -0.702092 -0.914332 -0.0590845 1 0 0 0 0 0 0 0
448 1 0.1 6.47159 5.08874 0.73312 0.304258 0.289379 0.227501 0.473 -1.17247 1.05367 1 0 0 0 0 0 0 0
449 1 0.1 6.67724 5.34892 0.761602 -0.460586 0.660122 0.127854 -0.895398 -0.456548 0.911315 1 0 0 0 0 0 0 0
450 1 0.1 6.92005 0.401881 0.745486 -1.32458 -0.595576 -0.018749 0.65292 0.180318 10.284 1 0 0 0 0 0 0 0
451 1 0.1 6.80306 0.638125 0.740774 0.0294279 -0.199765 0.0212292 1.13585 0.0567146 5.57147 1 0 0 0 0 0 0 0
452 1 0.1 6.65272 0.929066 0.76142 0.227587 0.0238443 0.357231 0.521334 -2.0191 -0.0296841 1 0 0 0 0 0 0 0
453 1 0.1 6.50959 1.14608 0.76266 -0.173854 0.293272 0.0474834 1.69984 1.72082 4.73893 1 0 0 0 0 0 0 0
454 1 0.1 6.37835 1.35773 0.762713 -1.2299 0.559709 -0.00486328 2.46453 6.65145 3.03901 1 0 0 0 0 0 0 0
455 1 0.1 6.28098 1.53635 0.740723 -3.38809 0.0309146 0.00211302 -2.88161 2.2264 7.94144 1 0 0 0 0 0 0 0
456 1 0.1 6.26824 1.73606 0.732107 -4.17571 0.0706723 -0.194447 0.893971 0.456927 0.110188 1 0 0 0 0 0 0 0
457 1 0.1 6.27692 1.93562 0.738663 -4.17348 0.0917664 -0.0477471 0.607474 0.261773 -0.108747 1 0 0 0 0 0 0 0
458 1 0.1 6.27518 2.13526 0.742105 -4.15413 0.126847 0.0239918 0.106776 0.283729 0.250576 1 0 0 0 0 0 0 0
459 1 0.1 6.27281 2.33468 0.743528 -4.19278 0.183941 0.0397031 0.0318139 0.323111 0.104619 1 0 0 0 0 0 0 0
460 1 0.1 6.27063 2.53378 0.744557 -4.20989 0.235721 0.0455131 0.0125052 0.325753 0.0872634 1 0 0 0 0 0 0 0
461 1 0.1 6.26956 2.73256 0.744124 -4.22523 0.277421 0.0469072 -0.00602661 0.319896 0.0687081 1 0 0 0 0 0 0 0
462 1 0.1 6.26896 2.931 0.743195 -4.23568 0.306197 0.0452719 -0.0171047 0.317799 0.0282503 1 0 0 0 0 0 0 0
463 1 0.1 6.26906 3.12914 0.742864 -4.2349 0.323777 0.0413161 -0.0281414 0.303114 -0.0374311 1 0 0 0 0 0 0 0
464 1 0.1 6.26973 3.32703 0.742161 -4.2192 0.336446 0.0325779 -0.0628008 0.295659 -0.1113 1 0 0 0 0 0 0 0
465 1 0.1 6.2709 3.52476 0.739808 -4.19171 0.353441 0.0157151 -0.0987574 0.273659 -0.152411 1 0 0 0 0 0 0 0
466 1 0.1 6.27234 3.72247 0.740793 -4.1614 0.385497 -0.0116929 -0.156901 0.261061 -0.145448 1 0 0 0 0 0 0 0
467 1 0.1 6.27379 3.92028 0.740438 -4.14251 0.44087 -0.0515205 -0.22973 0.230066 -0.105014 1 0 0 0 0 0 0 0
468 1 0.1 6.2732 4.11835 0.740223 -4.18382 0.527121 -0.101161 -0.25227 0.184475 0.519946 1 0 0 0 0 0 0 0
469 1 0.1 6.26058 4.31628 0.747084 -4.41222 0.605629 0.578442 6.92688 -0.379214 1.75858 1 0 0 0 0 0 0 0
470 1 0.1 6.26831 4.51463 0.76021 -3.52837 0.667545 1.15774 -1.02226 -4.4871 -10.9416 1 0 0 0 0 0 0 0
471 1 0.1 6.36597 4.68881 0.763372 -0.820971 -0.570925 0.190636 -4.87658 4.34116 -13.1427 1 0 0 0 0 0 0 0
472 1 0.1 6.50727 4.87314 0.754509 0.847151 -0.0993807 0.568638 -0.873309 -2.408 -0.229414 1 0 0 0 0 0 0 0
473 1 0.1 6.66021 5.15014 0.752334 0.311536 0.564793 0.387946 -0.658754 -0.488554 1.58783 1 0 0 0 0 0 0 0
474 1 0.1 6.87412 5.31765 0.761386 -0.529086 0.190574 0.124061 -0.245452 0.615906 -4.82456 1 0 0 0 0 0 0 0
475 1 0.1 7.07147 0.545796 0.756713 -1.77518 0.306249 0.0599976 0.137446 -0.65451 -0.192486 1 0 0 0 0 0 0 0
476 1 0.1 6.98644 0.735846 0.761874 0.148513 -0.178593 -0.0515489 0.256516 -0.0974474 -1.5475 1 0 0 0 0 0 0 0
477 1 0.1 6.84613 0.878438 0.757997 0.255375 -0.00553919 0.267629 2.09971 2.2957 -0.372687 1 0 0 0 0 0 0 0
478 1 0.1 6.70839 1.12613 0.753762 -0.132393 0.206186 0.0629905 0.431103 -1.85442 -3.03484 1 0 0 0 0 0 0 0
479 1 0.1 6.57644 1.33486 0.757714 -1.12706 0.912748 0.116177 1.88872 -3.70613 6.98253 1 0 0 0 0 0 0 0
480 1 0.1 6.4962 1.5182 0.745672 -3.39342 0.215457 0.10764 -1.96719 -0.255504 10.8553 1 0 0 0 0 0 0 0
481 1 0.1 6.46734 1.71579 0.736906 -4.38927 0.0488765 -0.0872156 0.130837 0.402637 -1.26324 1 0 0 0 0 0 0 0
482 1 0.1 6.47586 1.91533 0.738306 -4.17285 0.0838841 -0.0522756 0.249977 0.40473 -0.90573 1 0 0 0 0 0 0 0
483 1 0.1 6.47636 2.11487 0.740747 -4.1059 0.137152 -0.0164679 0.11301 0.776848 0.268522 1 0 0 0 0 0 0 0
484 1 0.1 6.47244 2.31416 0.742641 -4.15803 0.19293 0.00870296 0.105364 0.778592 0.270295 1 0 0 0 0 0 0 0
485 1 0.1 6.46963 2.51325 0.744178 -4.20922 0.245763 0.0305615 0.0861489 0.781282 0.248953 1 0 0 0 0 0 0 0
486 1 0.1 6.46864 2.71217 0.743867 -4.24174 0.290215 0.0390494 -0.0132551 0.791863 0.0675535 1 0 0 0 0 0 0 0
487 1 0.1 6.46833 2.9109 0.742846 -4.25201 0.32147 0.0356241 -0.0252662 0.794693 0.0202101 1 0 0 0 0 0 0 0
488 1 0.1 6.46855 3.1095 0.742731 -4.25106 0.337936 0.0293295 -0.0368179 0.793251 -0.0350401 1 0 0 0 0 0 0 0
489 1 0.1 6.4691 3.30802 0.742054 -4.23954 0.341472 0.0203261 -0.046265 0.791542 -0.0857185 1 0 0 0 0 0 0 0
490 1 0.1 6.47006 3.50651 0.739093 -4.22093 0.337192 0.0107728 -0.0393783 0.781596 -0.124648 1 0 0 0 0 0 0 0
491 1 0.1 6.47164 3.70508 0.740318 -4.19331 0.332231 0.00333073 -0.0218558 0.767878 -0.143659 1 0 0 0 0 0 0 0
492 1 0.1 6.47308 3.90381 0.740286 -4.16385 0.332427 -0.00305676 -0.0211172 0.745747 -0.124513 1 0 0 0 0 0 0 0
493 1 0.1 6.47258 4.1028 0.74139 -4.1898 0.338071 -0.00363753 -0.00851696 0.783967 0.34137 1 0 0 0 0 0 0 0
494 1 0.1 6.46813 4.30204 0.741678 -4.309 0.346908 -0.00359372 -0.0209745 0.787955 0.872746 1 0 0 0 0 0 0 0
495 1 0.1 6.47787 4.50143 0.743568 -3.95895 0.340557 0.103484 1.15121 0.38035 -4.37604 1 0 0 0 0 0 0 0
496 1 0.1 6.56553 4.68108 0.7627 -0.892258 -0.919507 0.609411 -0.082427 -0.693991 -7.18183 1 0 0 0 0 0 0 0
497 1 0.1 6.70556 4.89654 0.759734 0.982838 0.123373 0.566764 -0.749415 2.35748 2.28703 1 0 0 0 0 0 0 0
498 1 0.1 6.85298 5.09819 0.757669 0.187854 -0.0763618 0.381893 0.533452 0.607486 -8.18258 1 0 0 0 0 0 0 0
499 1 0.1 7.08977 5.29265 0.755462 -1.05056 -0.0373247 0.0944109 0.162751 0.688101 -0.564626 1 0 0 0 0 0 0 0
