500
0 1 0.1 5.95894 1.06343 0.148564 -0.000694213 0.000286998 4.51283e-05 -0.00629049 -0.00483124 0.0108645 1 0 0 0 0 0 0 0
1 1 0.1 5.79849 1.21862 0.15305 0.00130361 0.000621029 0.00386641 0.0283453 0.0620423 -0.00118186 1 0 0 0 0 0 0 0
2 1 0.1 5.65762 1.36028 0.143912 0.000659508 -0.0016128 0.000819561 0.0319346 -0.00155753 0.0374741 1 0 0 0 0 0 0 0
3 1 0.1 5.29418 1.72793 0.138343 0.0016565 -0.00430251 0.000142574 0.00928494 -0.00227471 -0.020135 1 0 0 0 0 0 0 0
4 1 0.1 5.48611 1.78409 0.362767 0.00660795 -0.00294393 -0.00244658 0.108743 -0.0254039 -0.0183564 1 0 0 0 0 0 0 0
5 1 0.1 5.1534 1.871 0.13675 0.00706256 0.00414006 -0.00273101 -0.132602 0.11286 0.0116976 1 0 0 0 0 0 0 0
6 1 0.1 4.96891 2.05645 0.137325 0.00189549 -0.00227753 -0.00095608 0.0309811 0.0124676 0.00898911 1 0 0 0 0 0 0 0
7 1 0.1 4.80593 2.21277 0.137348 -0.00182845 0.00338415 1.63589e-07 -0.0315132 -0.0123996 0.0308875 1 0 0 0 0 0 0 0
8 1 0.1 4.66387 2.70706 0.137473 -0.0113684 0.00753904 -0.000317893 -0.000323314 -0.0337751 0.33265 1 0 0 0 0 0 0 0
9 1 0.1 4.64006 2.5268 0.220653 0.0130273 0.0127359 0.0146034 0.318746 0.00961466 -0.262319 1 0 0 0 0 0 0 0
10 1 0.1 4.19312 2.86083 0.148575 0.000194735 -0.000437604 0.000617098 -0.00589913 -0.0160101 -0.0108727 1 0 0 0 0 0 0 0
11 1 0.1 4.19363 2.84778 0.348293 -0.00357351 0.00198622 0.00273237 0.0186268 0.0265527 0.00951828 1 0 0 0 0 0 0 0
12 1 0.1 4.19373 3.06277 0.135604 -0.00715377 0.013612 -0.00287817 0.308316 -0.558544 0.346149 1 0 0 0 0 0 0 0
13 1 0.1 4.22287 3.19392 0.273949 -0.00585184 -0.0122625 0.0038694 -0.106811 0.162265 0.149409 1 0 0 0 0 0 0 0
14 1 0.1 4.33768 3.31188 0.13942 -0.000378083 -0.000620228 -0.00206513 0.0163892 0.00620401 -0.0125109 1 0 0 0 0 0 0 0
15 1 0.1 4.51454 3.49621 0.149425 0.000455297 -8.97367e-05 0.00175877 -0.0080165 -0.0161644 0.0152713 1 0 0 0 0 0 0 0
16 1 0.1 4.56008 3.30238 0.137455 0.000801606 -0.00148118 -0.000675803 0.0313436 0.00886939 -0.0130123 1 0 0 0 0 0 0 0
17 1 0.1 4.65209 3.62294 0.219778 0.000408886 0.00102229 0.000745534 -0.0209705 0.0103815 -0.00223773 1 0 0 0 0 0 0 0
18 1 0.1 4.82273 3.79722 0.232425 -0.0305483 -0.0174206 0.0215043 -0.0228474 -0.332628 -0.314396 1 0 0 0 0 0 0 0
19 1 0.1 4.96807 3.94401 0.135928 0.0258413 0.0236169 0.00605062 0.645593 0.0168132 -0.0580364 1 0 0 0 0 0 0 0
20 1 0.1 5.10714 4.08516 0.146374 0.007664 0.0304212 0.0791322 -0.932295 -0.0993199 0.186164 1 0 0 0 0 0 0 0
21 1 0.1 5.24813 4.22483 0.150795 0.0285022 0.00176682 0.007279 -0.388967 -0.217748 -0.543478 1 0 0 0 0 0 0 0
22 1 0.1 5.51204 4.49439 0.141802 -0.00980076 -0.0132676 0.00385851 -0.00582153 -0.0143549 -0.0425415 1 0 0 0 0 0 0 0
23 1 0.1 5.65195 4.63699 0.150016 -0.00895826 -0.0159333 0.00297951 -0.007683 0.00165282 0.00831714 1 0 0 0 0 0 0 0
24 1 0.1 5.93477 4.91978 0.150008 -0.00996116 -0.0171408 -0.000604257 0.0112215 -0.00060167 -0.206985 1 0 0 0 0 0 0 0
25 1 0.1 6.1001 0.921932 0.150091 -0.000354177 0.000407447 0.000270018 0.00422012 0.00237986 -0.00854682 1 0 0 0 0 0 0 0
26 1 0.1 5.87071 1.40367 0.137078 0.000348669 -0.00156131 -0.00205576 -0.0827365 -0.0813271 0.0219395 1 0 0 0 0 0 0 0
27 1 0.1 5.71176 1.55253 0.137511 0.00599299 -0.00405212 0.000653378 -0.00114443 -0.00397988 -0.0461766 1 0 0 0 0 0 0 0
28 1 0.1 5.5181 1.50264 0.137132 0.00386056 -0.000937778 -0.000593179 -0.0474133 0.000192743 0.0339351 1 0 0 0 0 0 0 0
29 1 0.1 5.59966 1.86588 0.137106 0.00500183 -0.0105728 -0.00218785 -0.0408505 -0.0348943 0.0275406 1 0 0 0 0 0 0 0
30 1 0.1 5.40244 1.89574 0.137406 0.00609846 -0.0100631 0.00165428 0.0849978 0.0966459 -0.0381544 1 0 0 0 0 0 0 0
31 1 0.1 5.16618 2.08752 0.146067 -0.00612602 0.0460123 0.00294087 0.227412 -0.0101706 0.473187 1 0 0 0 0 0 0 0
32 1 0.1 4.98184 2.30785 0.137477 -0.00518364 0.0106421 -0.000584801 -0.108919 -0.0519745 0.00873321 1 0 0 0 0 0 0 0
33 1 0.1 4.46543 2.55735 0.135677 0.0168125 -0.0109512 -0.00140769 -0.0135371 -0.288918 -0.151507 1 0 0 0 0 0 0 0
34 1 0.1 4.92162 2.71985 0.136767 -0.00189588 -0.0133109 0.00111728 0.134601 -0.0287548 0.0640823 1 0 0 0 0 0 0 0
35 1 0.1 4.31628 2.70414 0.137088 -0.00124279 -0.000609785 0.00179545 -0.00268177 -0.0293651 0.0122626 1 0 0 0 0 0 0 0
36 1 0.1 5.15109 2.86685 0.316666 -0.0043498 -0.0343159 0.00661356 0.0296876 0.133581 -0.117095 1 0 0 0 0 0 0 0
37 1 0.1 4.38953 2.89149 0.136552 0.00309021 -0.0131381 0.000634857 0.123417 0.00413065 -0.114589 1 0 0 0 0 0 0 0
38 1 0.1 4.38495 3.11805 0.137414 -0.00216026 -0.000469695 -0.0030037 -0.0208248 -0.0104793 -0.00801016 1 0 0 0 0 0 0 0
39 1 0.1 4.45503 3.22611 0.289966 0.00305164 0.0307199 -0.0371352 -0.377615 0.157613 0.203714 1 0 0 0 0 0 0 0
40 1 0.1 4.99101 3.32227 0.134369 0.0310546 0.018154 0.00194381 0.0404695 0.487703 -0.188541 1 0 0 0 0 0 0 0
41 1 0.1 4.83418 3.62164 0.137451 6.51161e-05 -0.00361867 0.000195932 0.0345572 -0.00236783 -0.0538946 1 0 0 0 0 0 0 0
42 1 0.1 5.1734 3.68829 0.137466 -0.0232829 0.0224369 0.00192403 -0.0844021 -0.126368 -0.51183 1 0 0 0 0 0 0 0
43 1 0.1 5.03498 3.92996 0.317865 0.00977697 -0.00137679 0.0101091 -0.22346 -0.219551 0.195852 1 0 0 0 0 0 0 0
44 1 0.1 5.35384 3.9343 0.139209 0.0426368 -0.0341366 -0.0148088 -0.0952182 0.165816 -0.604756 1 0 0 0 0 0 0 0
45 1 0.1 5.41818 4.12358 0.136895 0.00584932 -0.0217645 -0.00130134 0.234121 0.0494387 0.868811 1 0 0 0 0 0 0 0
46 1 0.1 5.5217 4.29471 0.137463 -0.00212298 -0.0138267 0.00139655 0.0213083 0.00102174 -0.0744872 1 0 0 0 0 0 0 0
47 1 0.1 5.77008 4.47613 0.136804 -0.00139123 -0.000367754 -0.000944305 -0.00418793 -0.0074323 0.0190952 1 0 0 0 0 0 0 0
48 1 0.1 5.79336 4.77837 0.149985 -0.00969755 -0.0167321 0.00143246 -0.00184346 -0.000270398 0.0128944 1 0 0 0 0 0 0 0
49 1 0.1 6.12443 5.10075 0.148701 0.00106307 0.00123688 -0.000318036 -0.00728017 0.00891311 0.00981436 1 0 0 0 0 0 0 0
50 1 0.1 6.24145 0.780537 0.149978 -0.000499741 0.00036765 -9.14948e-06 -0.00109539 -0.000949257 0.00672562 1 0 0 0 0 0 0 0
51 1 0.1 6.0064 1.25723 0.138772 -0.000288369 -0.000202711 0.00226039 0.0400985 0.0613539 -0.0190196 1 0 0 0 0 0 0 0
52 1 0.1 5.9502 1.80421 0.150902 0.00415244 0.000150746 0.0062008 0.149668 -0.0826188 0.00902722 1 0 0 0 0 0 0 0
53 1 0.1 5.75937 1.74654 0.137403 0.00600173 -0.00434826 -0.0008179 0.0402171 0.0347828 0.0279366 1 0 0 0 0 0 0 0
54 1 0.1 5.75082 1.97364 0.211457 -0.00096017 -0.0172357 0.016512 0.0208399 -0.13246 -0.107781 1 0 0 0 0 0 0 0
55 1 0.1 5.38291 2.09444 0.138955 0.00494811 -0.0107901 -0.00407534 -0.135984 -0.0351179 0.0500013 1 0 0 0 0 0 0 0
56 1 0.1 5.28005 2.26553 0.13723 -0.00281831 -0.0167544 -0.000843703 0.174824 0.00707299 0.0506568 1 0 0 0 0 0 0 0
57 1 0.1 5.19312 2.31735 0.309047 0.02463 -0.0357472 0.0206733 0.172786 0.252087 -0.275644 1 0 0 0 0 0 0 0
58 1 0.1 4.83138 2.37586 0.250218 -0.00115578 0.000675648 0.00796679 0.110933 0.187461 0.123111 1 0 0 0 0 0 0 0
59 1 0.1 4.66144 2.35016 0.120368 -0.0123718 -0.0267437 -0.0496692 1.89336 -2.99548 1.19382 1 0 0 0 0 0 0 0
60 1 0.1 5.26962 2.70944 0.303703 -0.0175285 -0.025566 -0.00677533 -0.0499069 0.142523 0.0366853 1 0 0 0 0 0 0 0
61 1 0.1 4.60895 2.91082 0.135198 0.00251133 -0.00123087 -0.000373304 -0.0529354 -0.01606 0.0486692 1 0 0 0 0 0 0 0
62 1 0.1 4.80648 2.88244 0.137502 -0.0011362 -0.0124147 0.00299091 -0.168968 0.0999088 -0.0798383 1 0 0 0 0 0 0 0
63 1 0.1 4.58198 3.10581 0.163143 -0.00112206 -0.00160238 0.00268135 -0.0902765 -0.0177433 -0.00258947 1 0 0 0 0 0 0 0
64 1 0.1 4.75729 3.19671 0.136597 0.0023072 -0.00960892 -0.00130261 0.0648569 0.0412505 -0.0685097 1 0 0 0 0 0 0 0
65 1 0.1 4.75836 3.46374 0.38993 -0.0223694 -0.0259183 0.00194159 -0.72287 0.271676 -0.394539 1 0 0 0 0 0 0 0
66 1 0.1 5.34297 3.55102 0.14201 0.00607398 -0.00319225 0.00632163 0.182584 -0.0425374 0.0330909 1 0 0 0 0 0 0 0
67 1 0.1 5.48949 3.68456 0.137207 0.00372672 0.00160346 1.32266e-05 -0.182014 0.149187 0.00688415 1 0 0 0 0 0 0 0
68 1 0.1 5.15955 3.88755 0.137352 0.027253 0.0244828 -0.00290207 0.0286529 -0.0624008 0.00476257 1 0 0 0 0 0 0 0
69 1 0.1 5.52788 4.02618 0.451638 0.022095 0.00457717 0.0102147 0.242182 0.0315329 0.0772822 1 0 0 0 0 0 0 0
70 1 0.1 5.57854 4.17293 0.285576 0.01894 0.0132425 0.0166113 0.224455 0.000535412 0.386745 1 0 0 0 0 0 0 0
71 1 0.1 5.70764 4.20945 0.137441 -0.00180914 0.00498446 -5.04268e-05 -0.0434272 -0.0201791 -0.0681076 1 0 0 0 0 0 0 0
72 1 0.1 5.89662 4.32036 0.137201 -0.000662106 -0.000638854 0.000596525 0.0092139 0.00128163 0.000903892 1 0 0 0 0 0 0 0
73 1 0.1 6.11667 4.81171 0.13736 0.000615271 -0.00117299 -0.000211968 0.0314573 -0.00452304 -0.0132058 1 0 0 0 0 0 0 0
74 1 0.1 6.3457 5.32422 0.149996 0.00102031 0.00129646 -3.83826e-05 0.00288752 -0.00136019 0.0173657 1 0 0 0 0 0 0 0
75 1 0.1 6.24571 0.996067 0.266989 -0.000316663 2.08107e-06 0.0023757 -0.0618137 0.0642955 -0.0293814 1 0 0 0 0 0 0 0
76 1 0.1 6.15244 1.11632 0.137411 0.00273903 -0.000752479 -0.000379299 0.00922777 0.00736122 0.00543424 1 0 0 0 0 0 0 0
77 1 0.1 6.06561 1.64181 0.137417 0.00150912 0.000345997 1.3119e-05 -0.0144726 0.00305367 -0.0367208 1 0 0 0 0 0 0 0
78 1 0.1 5.96135 2.00316 0.137234 0.0281786 -0.00193214 -0.000879489 -0.258802 -0.108806 -0.251719 1 0 0 0 0 0 0 0
79 1 0.1 5.75044 2.20742 0.310198 0.0539094 -0.00828292 0.00458722 0.224729 -0.246092 0.295184 1 0 0 0 0 0 0 0
80 1 0.1 5.58909 2.06476 0.137317 0.0045616 -0.0129901 0.00279067 -0.00282521 0.0641571 0.0634839 1 0 0 0 0 0 0 0
81 1 0.1 5.58436 2.27269 0.135515 0.0276347 -0.00915547 -0.00116764 0.0397331 0.266561 -0.0569309 1 0 0 0 0 0 0 0
82 1 0.1 5.76666 2.76078 0.137274 0.0276424 -0.00890996 -0.000988772 0.0713325 0.288955 -0.114201 1 0 0 0 0 0 0 0
83 1 0.1 5.39303 2.43029 0.143967 -0.0118044 -0.0137554 0.0172775 -0.136417 -0.29214 0.0279521 1 0 0 0 0 0 0 0
84 1 0.1 4.81851 2.53971 0.136298 -0.00141346 -0.0054664 -0.00371276 0.0145212 -0.170317 0.0749855 1 0 0 0 0 0 0 0
85 1 0.1 5.09267 2.61725 0.167739 -0.131229 0.00642921 -0.0340201 0.177755 0.616699 -0.463835 1 0 0 0 0 0 0 0
86 1 0.1 5.6356 2.8812 0.327631 0.0207334 -0.0196675 -0.0048029 -0.0348482 -0.179633 0.0257157 1 0 0 0 0 0 0 0
87 1 0.1 5.02377 2.90615 0.169132 -0.00668251 -0.00481058 0.0203887 -0.112897 -0.048414 -0.116688 1 0 0 0 0 0 0 0
88 1 0.1 5.18621 3.28477 0.137303 0.0252523 -0.0167112 0.00161123 -0.237629 -0.227211 -0.0361063 1 0 0 0 0 0 0 0
89 1 0.1 4.70582 3.4393 0.137499 1.2584e-06 -0.00052034 1.72271e-05 0.0149943 0.0124625 0.0143398 1 0 0 0 0 0 0 0
90 1 0.1 5.15727 3.48202 0.13618 0.0112845 -0.0212246 -0.000325852 0.251081 0.0991859 0.173131 1 0 0 0 0 0 0 0
91 1 0.1 5.52923 3.47876 0.137471 0.00920425 0.00500761 -0.00089185 0.160207 0.0394741 0.0565362 1 0 0 0 0 0 0 0
92 1 0.1 5.68476 3.64388 0.13981 0.00487768 0.0015124 -0.00556011 0.0405644 -0.0559638 -0.0156379 1 0 0 0 0 0 0 0
93 1 0.1 5.76837 3.87342 0.292717 0.0256637 -0.0104284 -0.00725993 -0.0930187 -0.0926114 -0.0661148 1 0 0 0 0 0 0 0
94 1 0.1 5.54425 3.98973 0.21391 0.050588 0.0158028 -0.0112248 0.0328414 -0.160773 -0.121106 1 0 0 0 0 0 0 0
95 1 0.1 5.72798 4.00783 0.137457 0.0594378 0.0064278 0.00138636 0.00166814 0.00356145 0.00447255 1 0 0 0 0 0 0 0
96 1 0.1 5.93738 4.1248 0.13741 -0.00039283 -0.000807347 0.000912729 -0.0028736 -0.00673489 0.00225245 1 0 0 0 0 0 0 0
97 1 0.1 6.01026 4.44893 0.239759 1.09693e-05 0.000452924 -0.00150072 -0.00653385 0.00592053 0.0728355 1 0 0 0 0 0 0 0
98 1 0.1 6.24007 4.95036 0.211458 -0.00194723 8.36061e-05 0.00177299 -0.0189001 -0.00525888 0.0187337 1 0 0 0 0 0 0 0
99 1 0.1 6.32274 5.1256 0.148753 0.000941477 0.00139617 -0.000764695 0.00482236 -0.00643073 -0.0118179 1 0 0 0 0 0 0 0
100 1 0.1 6.35484 0.662782 0.349983 0.000128155 -0.000305243 7.51844e-05 -0.000301476 -0.00112906 -0.00157539 1 0 0 0 0 0 0 0
101 1 0.1 6.19906 1.31069 0.137498 -0.00132681 0.000594569 -7.49437e-06 -0.0167523 -0.0210523 0.0207638 1 0 0 0 0 0 0 0
102 1 0.1 6.06561 1.44947 0.19114 -0.00341751 -0.000408596 -0.00110733 0.0299276 -0.014227 -0.0113678 1 0 0 0 0 0 0 0
103 1 0.1 5.93192 2.27724 0.263494 0.0430592 0.0143195 -0.0151822 0.282913 -0.249033 0.0903946 1 0 0 0 0 0 0 0
104 1 0.1 5.89979 2.93348 0.481554 0.0155598 -0.0121675 0.00777925 0.0407771 -0.111556 0.095121 1 0 0 0 0 0 0 0
105 1 0.1 5.76321 2.36165 0.137489 0.0241705 -0.00525976 -0.000385844 0.0349421 -0.0148032 0.305149 1 0 0 0 0 0 0 0
106 1 0.1 5.76208 2.56149 0.137258 0.00690801 -0.00562747 -0.00144252 -0.0139512 0.0176215 -0.151785 1 0 0 0 0 0 0 0
107 1 0.1 5.80679 3.1248 0.478392 0.00310155 -0.0150527 0.00251524 -0.0540794 -0.0273316 0.106827 1 0 0 0 0 0 0 0
108 1 0.1 5.57146 2.73064 0.193329 -0.00552556 -0.0186004 -0.0104428 -0.0468033 -0.0247081 -0.165118 1 0 0 0 0 0 0 0
109 1 0.1 5.56299 2.53817 0.137169 -0.00495439 -0.00531123 -0.00116233 0.0605189 0.0745792 0.00379686 1 0 0 0 0 0 0 0
110 1 0.1 5.29203 2.60268 0.137103 -0.0142818 -0.0160653 -0.00403821 0.138097 -0.130302 0.0186724 1 0 0 0 0 0 0 0
111 1 0.1 5.19048 2.78901 0.137255 -0.00762791 -0.0332629 0.00261663 0.268507 -0.0682917 -0.0271686 1 0 0 0 0 0 0 0
112 1 0.1 5.42978 3.03718 0.137325 0.00976057 -0.00969257 0.000554301 0.0218661 -0.0487668 -0.0976753 1 0 0 0 0 0 0 0
113 1 0.1 4.90044 3.05849 0.136443 -0.00523741 -0.0125684 -0.0114054 0.0593926 -0.0788502 -0.000584152 1 0 0 0 0 0 0 0
114 1 0.1 5.48003 3.22404 0.246041 0.0170903 -0.0139956 -0.0114228 0.154887 -0.14527 -0.184088 1 0 0 0 0 0 0 0
115 1 0.1 5.64015 3.31532 0.168522 -0.000707824 -0.0100457 -0.0419163 -0.0725503 0.582135 0.17356 1 0 0 0 0 0 0 0
116 1 0.1 5.61174 3.11971 0.138091 0.0145614 -0.0177098 -0.00326954 -0.0839626 -0.00218416 0.0368039 1 0 0 0 0 0 0 0
117 1 0.1 5.83659 3.33975 0.137405 -0.00409268 -0.00480314 0.00023043 0.031026 -0.0215614 0.00778874 1 0 0 0 0 0 0 0
118 1 0.1 5.85205 3.75306 0.137462 0.00917389 -0.00320727 0.000789342 0.0335323 0.0249982 -0.0468239 1 0 0 0 0 0 0 0
119 1 0.1 5.95292 3.92561 0.137338 0.00753899 -0.00123355 0.000503702 0.0106769 0.0796652 0.0732263 1 0 0 0 0 0 0 0
120 1 0.1 5.85455 3.53872 0.140788 0.00100226 -0.00525466 -0.00117999 -0.0396015 0.00698635 -0.0619503 1 0 0 0 0 0 0 0
121 1 0.1 5.99515 3.21799 0.137472 -0.000863525 -0.00112792 8.8653e-05 0.0148333 -0.0106105 0.043131 1 0 0 0 0 0 0 0
122 1 0.1 6.01046 4.18547 0.425657 -0.00582233 -0.00300267 -0.00366269 0.011059 0.0396961 -0.0262561 1 0 0 0 0 0 0 0
123 1 0.1 6.08525 4.60542 0.137392 0.00108255 0.000492342 -8.27791e-05 0.0356304 0.00292932 -0.00811243 1 0 0 0 0 0 0 0
124 1 0.1 6.23837 4.68773 0.236169 0.00137316 0.000530145 0.00020158 -0.0114961 -0.00502484 0.0335273 1 0 0 0 0 0 0 0
125 1 0.1 5.93068 1.08688 0.35007 0.000470519 -0.000660937 1.85139e-06 0.0170352 0.0130327 -0.0132026 1 0 0 0 0 0 0 0
126 1 0.1 5.78926 1.22819 0.351789 0.000106539 -0.00151658 0.00152676 -0.00165628 -0.116321 -0.0272532 1 0 0 0 0 0 0 0
127 1 0.1 5.61874 1.40489 0.350265 0.00140108 -0.000973473 0.00116946 -0.00246838 -0.0125467 -0.0151552 1 0 0 0 0 0 0 0
128 1 0.1 5.4433 1.57671 0.332228 0.00347007 -0.00247945 -0.000394183 -0.0141771 0.000264553 -0.0116273 1 0 0 0 0 0 0 0
129 1 0.1 5.29987 1.7148 0.349078 0.00483376 -0.00201947 -0.00109382 -0.046906 0.0434301 -0.0298094 1 0 0 0 0 0 0 0
130 1 0.1 5.02482 1.9951 0.342715 -8.91327e-05 0.000456962 -0.00356144 -0.02536 0.00424379 0.00416394 1 0 0 0 0 0 0 0
131 1 0.1 4.89006 2.13694 0.301826 0.00166007 0.000400067 -0.00415817 -0.0525964 -0.000126286 -0.0328116 1 0 0 0 0 0 0 0
132 1 0.1 4.8062 2.27103 0.423287 0.00578942 0.00149459 0.000449459 0.102569 0.0109502 -0.0430942 1 0 0 0 0 0 0 0
133 1 0.1 4.65325 2.36892 0.340515 -0.000399771 0.00906187 0.0109403 0.226999 0.106391 0.145734 1 0 0 0 0 0 0 0
134 1 0.1 4.57155 2.47947 0.48362 -0.00607164 4.93148e-05 0.00863035 -0.0791508 -0.140832 -0.141785 1 0 0 0 0 0 0 0
135 1 0.1 4.4664 2.55659 0.33458 0.00212248 -0.000523936 -0.00025094 -0.0086281 0.0569415 0.0192973 1 0 0 0 0 0 0 0
136 1 0.1 4.32729 2.70043 0.335661 -0.0197295 -0.00857183 0.00603516 0.0526369 -0.152283 -0.234685 1 0 0 0 0 0 0 0
137 1 0.1 4.49741 2.93958 0.295097 0.00678627 -0.00437869 -0.00160799 -0.197885 -0.0356208 0.218598 1 0 0 0 0 0 0 0
138 1 0.1 4.3316 3.03819 0.319175 0.00552717 -0.00929852 9.36696e-05 -0.0569161 0.136425 -0.137004 1 0 0 0 0 0 0 0
139 1 0.1 4.31295 3.2915 0.414235 -0.000768784 -0.00610623 -0.0276804 -0.151165 0.555453 -0.399191 1 0 0 0 0 0 0 0
140 1 0.1 4.62292 3.32559 0.340191 -0.0196562 -0.00886823 -0.0609005 -0.199649 -0.618455 -0.46252 1 0 0 0 0 0 0 0
141 1 0.1 4.58962 3.56433 0.400323 -0.0205717 -0.0291515 -0.0162855 0.30155 0.0324312 -0.413827 1 0 0 0 0 0 0 0
142 1 0.1 4.73123 3.70464 0.384251 -0.0159618 -0.027555 0.0241027 -0.00543483 -0.289846 -0.325015 1 0 0 0 0 0 0 0
143 1 0.1 5.11244 4.08244 0.410312 0.00953626 0.00322908 0.00752578 -0.174109 -0.581276 -0.696811 1 0 0 0 0 0 0 0
144 1 0.1 5.38061 4.08188 0.328612 0.0221512 0.00387544 0.00952453 0.0418865 -0.15523 0.150101 1 0 0 0 0 0 0 0
145 1 0.1 5.24817 4.22106 0.38672 0.00819833 0.00375504 0.0175189 -0.219312 0.0907774 0.697352 1 0 0 0 0 0 0 0
146 1 0.1 5.36587 4.34994 0.249784 0.00775133 0.0128902 0.00550029 0.123199 0.231101 0.162463 1 0 0 0 0 0 0 0
147 1 0.1 5.48964 4.46367 0.357944 0.0100764 0.0091323 0.0069698 0.0303694 -0.0532013 0.0463168 1 0 0 0 0 0 0 0
148 1 0.1 5.71142 4.69055 0.348728 0.000784588 0.00107845 2.44092e-05 -0.0179922 0.00821048 0.000283979 1 0 0 0 0 0 0 0
149 1 0.1 5.90667 4.87992 0.359876 -0.00323272 -0.00252481 -0.00246819 0.00829091 0.0295381 -0.0381015 1 0 0 0 0 0 0 0
150 1 0.1 6.07258 0.94597 0.353291 0.00141349 0.000212747 0.00644445 0.0450775 -0.0727069 0.022345 1 0 0 0 0 0 0 0
151 1 0.1 5.81863 1.68154 0.316678 0.0110502 -0.00742054 -0.00519196 0.00170042 0.0213891 -0.0188865 1 0 0 0 0 0 0 0
152 1 0.1 5.56218 1.68258 0.209575 0.00136501 -0.00448031 0.000561361 -0.0163405 0.038441 -0.00398458 1 0 0 0 0 0 0 0
153 1 0.1 5.92798 2.22251 0.45571 -0.011098 -0.0326519 -0.0308233 0.191859 -0.489452 0.53565 1 0 0 0 0 0 0 0
154 1 0.1 5.71491 1.97185 0.40843 0.0201282 -0.00462738 0.00896863 0.0622172 -0.278281 0.141112 1 0 0 0 0 0 0 0
155 1 0.1 5.27137 1.9379 0.281941 0.00605482 -0.0355331 0.00980495 0.453915 -0.174032 -0.202624 1 0 0 0 0 0 0 0
156 1 0.1 5.1546 2.20213 0.467593 0.0209325 -0.0237763 0.0244141 0.0616921 -0.161608 0.199601 1 0 0 0 0 0 0 0
157 1 0.1 4.88015 2.13605 0.549878 -0.00550494 0.00240449 0.000490279 -0.112263 -0.119711 0.124962 1 0 0 0 0 0 0 0
158 1 0.1 4.77936 2.47901 0.449587 0.025227 0.0114309 0.00408251 0.104241 -0.109331 -0.261507 1 0 0 0 0 0 0 0
159 1 0.1 4.83408 2.80474 0.593126 0.0469102 -0.0102009 0.00749554 -0.367548 0.276925 0.289401 1 0 0 0 0 0 0 0
160 1 0.1 4.71957 2.64437 0.355764 0.0299909 0.00466865 0.0117913 -0.133712 0.154023 0.203768 1 0 0 0 0 0 0 0
161 1 0.1 4.65693 2.82399 0.306601 0.0136769 0.000331776 0.000635547 -0.104731 0.125169 -0.160715 1 0 0 0 0 0 0 0
162 1 0.1 4.57419 2.90274 0.470737 -0.00215464 -0.0027132 0.000367354 0.0436288 -0.0816626 -0.475963 1 0 0 0 0 0 0 0
163 1 0.1 4.72258 2.96368 0.582061 0.0150833 -0.0300388 0.000229018 0.0198493 0.140762 0.0900124 1 0 0 0 0 0 0 0
164 1 0.1 4.30794 3.29269 0.748293 0.00347664 -0.00732975 -0.0187668 -0.065552 0.0628492 0.16685 1 0 0 0 0 0 0 0
165 1 0.1 4.72606 3.46923 0.58689 -0.0213882 -0.0200912 0.00129774 0.231945 0.199483 -0.235943 1 0 0 0 0 0 0 0
166 1 0.1 4.95017 3.39055 0.436529 -0.037077 0.00988134 -0.00993742 0.476565 -1.4573 -0.185685 1 0 0 0 0 0 0 0
167 1 0.1 5.10379 3.59089 0.29726 -0.00134395 0.0153002 0.00831938 0.597635 0.652939 0.30252 1 0 0 0 0 0 0 0
168 1 0.1 5.23331 3.94773 0.320899 0.0159389 0.00448285 0.0106497 -0.0210543 0.182879 -0.174367 1 0 0 0 0 0 0 0
169 1 0.1 5.4215 3.88625 0.346824 0.0178085 0.0031366 -0.00816243 0.0528309 0.00950981 0.148506 1 0 0 0 0 0 0 0
170 1 0.1 5.4424 4.25504 0.40638 0.00524873 0.0111313 0.00182692 -0.138964 -0.156022 -0.255682 1 0 0 0 0 0 0 0
171 1 0.1 5.62628 4.32401 0.426993 0.00596767 -0.0012792 0.00687817 0.0560066 0.0521456 0.114882 1 0 0 0 0 0 0 0
172 1 0.1 5.75952 4.33894 0.280647 -0.000206436 0.00390571 0.00177093 -0.0648561 0.00925729 -0.00106523 1 0 0 0 0 0 0 0
173 1 0.1 5.85839 4.56923 0.288985 -0.00176498 -0.00235192 -0.000598475 0.00438946 -0.000372478 -0.0394586 1 0 0 0 0 0 0 0
174 1 0.1 6.08162 5.06469 0.35166 -0.000507244 -0.000628802 0.00102821 -0.018386 0.0138864 -0.0144494 1 0 0 0 0 0 0 0
175 1 0.1 6.21365 0.804342 0.351039 0.00153247 0.00069477 0.00468309 0.0774141 -0.0101348 -0.0177002 1 0 0 0 0 0 0 0
176 1 0.1 5.79661 1.48336 0.304762 0.00474359 -0.00598573 0.000339011 -0.0466631 0.0124825 -0.0391669 1 0 0 0 0 0 0 0
177 1 0.1 5.87232 1.87334 0.334608 0.0166101 -0.00849205 0.00885186 -0.307404 0.437438 -0.0793982 1 0 0 0 0 0 0 0
178 1 0.1 5.89607 2.07075 0.31368 0.0508767 -0.0118261 0.00999112 0.316413 -0.339528 -0.318119 1 0 0 0 0 0 0 0
179 1 0.1 5.52738 1.97736 0.34003 0.0201891 -0.00448376 0.00421765 0.00833385 0.248456 -0.12228 1 0 0 0 0 0 0 0
180 1 0.1 5.42355 2.11552 0.439126 0.0343638 0.00792653 -0.0054617 -0.0566309 -0.372719 -0.00569217 1 0 0 0 0 0 0 0
181 1 0.1 5.27576 2.13596 0.306418 0.0142636 -0.0384405 0.00882147 -0.443945 0.596181 0.182805 1 0 0 0 0 0 0 0
182 1 0.1 5.00207 2.28707 0.367895 0.0299312 -0.0214805 -0.00721736 0.0276241 -0.0427969 -0.342797 1 0 0 0 0 0 0 0
183 1 0.1 4.9019 2.57498 0.325151 0.0364046 -0.000101695 -0.00851503 0.117735 0.0947288 -0.159122 1 0 0 0 0 0 0 0
184 1 0.1 5.10296 2.62507 0.381506 0.0177186 0.00604889 0.00595421 -1.453 0.14246 2.2395 1 0 0 0 0 0 0 0
185 1 0.1 5.07874 2.82579 0.54171 -0.0178486 0.0277907 -0.0133078 -0.0464314 0.180059 0.0235422 1 0 0 0 0 0 0 0
186 1 0.1 4.97786 2.76927 0.320794 -0.00295771 -0.0388455 0.010044 0.188006 0.0491128 0.0972637 1 0 0 0 0 0 0 0
187 1 0.1 4.48994 2.74505 0.228399 -0.0152921 -0.0230959 0.00581658 -0.0152672 0.106552 0.0251937 1 0 0 0 0 0 0 0
188 1 0.1 4.72229 3.0087 0.267126 0.00467936 0.00116779 -0.00101936 -0.0371511 0.114265 0.107764 1 0 0 0 0 0 0 0
189 1 0.1 5.24601 3.30458 0.347188 -0.0160861 -0.0322612 0.0182971 0.229519 0.366823 -0.476611 1 0 0 0 0 0 0 0
190 1 0.1 5.07716 3.39394 0.292954 0.0109938 0.0132338 0.0221053 -0.586615 -0.0965027 -0.181158 1 0 0 0 0 0 0 0
191 1 0.1 5.2791 3.50115 0.331329 -0.0222658 -0.0311148 0.00153 -0.420366 -0.424663 -0.188678 1 0 0 0 0 0 0 0
192 1 0.1 5.22282 3.74828 0.328834 0.000656771 0.00655658 0.0436749 -0.32127 -0.327664 0.0210019 1 0 0 0 0 0 0 0
193 1 0.1 5.58408 3.80191 0.267164 0.0208336 0.00749353 -0.0132396 0.0219254 -0.00427383 -0.127546 1 0 0 0 0 0 0 0
194 1 0.1 5.56758 3.89583 0.597855 0.0118299 -0.010253 -0.0024193 -0.04693 -0.0956723 -0.142322 1 0 0 0 0 0 0 0
195 1 0.1 5.71553 4.15166 0.471083 0.00233432 -0.00125575 0.000278587 -0.0378299 0.021219 -0.168294 1 0 0 0 0 0 0 0
196 1 0.1 5.83817 4.15725 0.307961 -0.0905742 -0.0427117 -0.0438932 -0.42721 2.29453 -1.34733 1 0 0 0 0 0 0 0
197 1 0.1 5.85374 3.99598 0.425008 0.0111629 -0.00520064 -0.00512722 -0.0327431 -0.169851 0.000485269 1 0 0 0 0 0 0 0
198 1 0.1 5.98093 4.7241 0.25963 -0.00276698 -0.00242134 -0.00102956 -0.0268847 -0.0225507 0.0556842 1 0 0 0 0 0 0 0
199 1 0.1 6.22444 5.20361 0.335094 -0.000730512 -0.000442537 -0.000105172 0.00486002 -0.00270143 0.0258577 1 0 0 0 0 0 0 0
200 1 0.1 6.09331 1.1997 0.309264 0.00230135 -0.00248027 -0.000449137 -0.0148703 -0.0282072 0.00653251 1 0 0 0 0 0 0 0
201 1 0.1 5.94943 1.34037 0.311587 -0.000818698 0.000602732 0.00336513 -0.114971 0.00332227 0.0763241 1 0 0 0 0 0 0 0
202 1 0.1 6.03978 1.84235 0.489752 -0.016087 0.0625729 -0.0486084 -0.495891 0.0808182 0.473488 1 0 0 0 0 0 0 0
203 1 0.1 5.90961 2.36761 0.591999 -0.0235168 -0.0617581 0.00318829 0.529141 -1.6972 -2.43389 1 0 0 0 0 0 0 0
204 1 0.1 5.86149 2.46358 0.280322 0.00481059 -0.00219603 0.00251373 0.0601874 -0.139766 0.291226 1 0 0 0 0 0 0 0
205 1 0.1 5.55499 2.17109 0.301421 0.0521099 -0.00320527 0.0070642 -0.0911043 0.291405 -0.414767 1 0 0 0 0 0 0 0
206 1 0.1 5.39207 2.30009 0.299166 0.0255691 -0.0362368 -0.0140181 0.253691 0.381289 0.227048 1 0 0 0 0 0 0 0
207 1 0.1 5.45696 2.45756 0.404396 -0.0369308 -0.0348969 -0.0338926 0.57319 -0.0684101 -0.293754 1 0 0 0 0 0 0 0
208 1 0.1 5.16726 2.43187 0.132452 -0.0240627 0.0280108 -0.0135395 0.164273 0.138067 0.0153405 1 0 0 0 0 0 0 0
209 1 0.1 5.43807 2.60766 0.275968 -0.0112848 -0.00881636 -0.00318707 -0.16242 -0.0702067 0.14211 1 0 0 0 0 0 0 0
210 1 0.1 5.6995 2.9576 0.500291 0.00269673 -0.0182605 0.000923177 -0.0118186 -0.0809307 -0.113051 1 0 0 0 0 0 0 0
211 1 0.1 5.34921 2.87481 0.223339 -0.259516 0.213309 0.217928 0.0552199 -2.38369 3.21786 1 0 0 0 0 0 0 0
212 1 0.1 4.81129 2.88917 0.414048 0.0167653 -0.0201964 0.00777453 0.312808 -0.118066 0.0610758 1 0 0 0 0 0 0 0
213 1 0.1 4.99228 2.96652 0.382752 0.010767 -0.0160636 0.000232207 -0.503513 0.131204 0.0315816 1 0 0 0 0 0 0 0
214 1 0.1 5.37357 3.35346 0.137466 0.0186449 -0.00381249 0.00118273 0.0138374 0.173719 0.148226 1 0 0 0 0 0 0 0
215 1 0.1 5.61778 3.31436 0.402292 -0.00387264 0.00341466 0.00264307 -0.0606261 0.0101917 -0.185749 1 0 0 0 0 0 0 0
216 1 0.1 5.64781 3.48248 0.298341 0.00904379 -0.00289229 -0.00146768 0.00214239 -0.0360787 0.0350375 1 0 0 0 0 0 0 0
217 1 0.1 5.4539 3.59651 0.31319 -0.0391857 0.00191063 -0.00979313 -0.404675 0.0283341 0.489987 1 0 0 0 0 0 0 0
218 1 0.1 5.9632 3.83539 0.315124 0.0257461 -0.00878269 -0.00109765 0.0782308 0.0340087 0.0860817 1 0 0 0 0 0 0 0
219 1 0.1 5.98413 3.64903 0.245732 0.00784341 -0.00995749 -0.00507496 0.0058121 0.0236735 -0.0309015 1 0 0 0 0 0 0 0
220 1 0.1 5.99707 3.41811 0.444188 0.00598855 -0.00975118 0.00555222 -0.131074 -0.0398013 -0.01949 1 0 0 0 0 0 0 0
221 1 0.1 5.98818 3.74551 0.491661 0.00911759 -0.0101841 0.00405242 -0.077602 -0.249539 -0.0292474 1 0 0 0 0 0 0 0
222 1 0.1 5.98194 3.42509 0.244924 -0.00745457 -0.00627763 0.00691604 0.00860751 -0.0474985 0.00143052 1 0 0 0 0 0 0 0
223 1 0.1 6.10407 4.867 0.331817 -0.00234282 -0.000627062 0.000768503 0.0225637 -0.0240273 0.00117664 1 0 0 0 0 0 0 0
224 1 0.1 6.23141 4.98332 0.456151 -0.00140218 -0.00313919 0.000728733 0.0240516 -0.0117934 -0.0143799 1 0 0 0 0 0 0 0
225 1 0.1 5.97878 1.53781 0.366487 0.00545211 -0.0104809 0.00591906 -0.121611 -0.1221 -0.065796 1 0 0 0 0 0 0 0
226 1 0.1 5.83429 2.15703 0.137157 0.0420689 0.00853434 -0.00259045 -0.199576 0.443131 0.056336 1 0 0 0 0 0 0 0
227 1 0.1 6.01216 1.73074 0.326155 0.0115342 -0.013056 -0.00197943 0.0182478 0.010756 0.0279941 1 0 0 0 0 0 0 0
228 1 0.1 5.96056 2.58521 0.137971 0.00679542 -0.005719 -0.00219723 -0.0248294 -0.0115751 0.151801 1 0 0 0 0 0 0 0
229 1 0.1 5.59181 2.92084 0.137023 0.00726792 -0.0165011 -0.00181142 0.139246 0.0711835 0.0254232 1 0 0 0 0 0 0 0
230 1 0.1 5.97547 3.05997 0.258347 0.0100297 -0.00493011 -0.00315106 0.0355104 0.0673559 0.0460729 1 0 0 0 0 0 0 0
231 1 0.1 5.7847 2.3603 0.433256 0.017755 -0.00403183 0.00714456 -0.210263 0.068117 0.053276 1 0 0 0 0 0 0 0
232 1 0.1 5.60804 2.39484 0.290398 -0.00279526 -0.0142883 0.00402393 -0.0186234 -0.630122 0.10724 1 0 0 0 0 0 0 0
233 1 0.1 5.82097 2.64579 0.490264 0.014953 -0.0215284 -0.00409989 -0.261737 -0.0676765 0.0959677 1 0 0 0 0 0 0 0
234 1 0.1 5.72663 2.70462 0.324221 0.0257267 -0.0145832 -0.00694605 0.287424 -0.166297 0.0436854 1 0 0 0 0 0 0 0
235 1 0.1 5.88831 2.82167 0.316328 0.0246172 -0.011954 0.00691912 -0.0252414 0.114386 0.0787474 1 0 0 0 0 0 0 0
236 1 0.1 5.59441 3.1224 0.583947 -0.00997667 -0.0158852 -0.00493056 -0.0420439 -0.109663 0.0357499 1 0 0 0 0 0 0 0
237 1 0.1 5.48574 2.99327 0.394255 0.0125459 -0.0262472 -0.023407 0.0678168 -0.0877179 0.0177505 1 0 0 0 0 0 0 0
238 1 0.1 5.2943 3.14739 0.232691 0.00786266 -0.0236641 0.0100589 0.39361 -0.0997687 0.0189593 1 0 0 0 0 0 0 0
239 1 0.1 5.64078 3.11654 0.367378 0.00893019 -0.0196958 -0.00511527 -0.00160158 -0.075701 -0.0889966 1 0 0 0 0 0 0 0
240 1 0.1 5.79655 2.99916 0.323411 0.0166883 -0.0155002 0.00542895 0.0341155 0.0497697 0.0471247 1 0 0 0 0 0 0 0
241 1 0.1 5.50211 3.32752 0.579151 -0.0147849 -0.0283873 -0.0166524 -0.0181534 0.0143871 -0.064798 1 0 0 0 0 0 0 0
242 1 0.1 5.77861 3.2466 0.304392 0.0068557 -0.0139573 -5.64792e-05 0.03613 0.0386518 0.146177 1 0 0 0 0 0 0 0
243 1 0.1 5.79927 3.38445 0.447602 0.00552738 -0.0124477 -0.0015367 -0.0424922 0.0126917 -0.00513215 1 0 0 0 0 0 0 0
244 1 0.1 5.70447 3.66677 0.351178 0.0104148 -0.00325887 -0.00782688 -0.0825326 0.000832818 -0.0720275 1 0 0 0 0 0 0 0
245 1 0.1 5.81035 3.1415 0.1374 0.0136771 -0.00791479 -0.00104795 -0.00593344 -0.016543 0.0411069 1 0 0 0 0 0 0 0
246 1 0.1 5.87004 3.56011 0.383778 0.00788657 -0.0111363 -0.00433534 0.0298818 0.00429252 -0.00765934 1 0 0 0 0 0 0 0
247 1 0.1 5.92095 4.36176 0.396011 0.00161883 0.00137948 -0.00040503 -0.00220751 0.00829111 -0.0688437 1 0 0 0 0 0 0 0
248 1 0.1 6.05882 4.49884 0.442747 0.00289896 -0.000167525 -0.000467561 0.0276838 0.0407599 -0.0485222 1 0 0 0 0 0 0 0
249 1 0.1 6.12887 4.68187 0.403206 0.00138293 -0.000512343 -0.000329276 -0.018095 -0.0336716 0.0442542 1 0 0 0 0 0 0 0
250 1 0.1 5.99096 1.03599 0.534841 -0.00143731 0.000689257 0.00230995 -0.000901053 -0.0470801 0.0643049 1 0 0 0 0 0 0 0
251 1 0.1 5.81964 1.20279 0.549869 -0.00160413 0.0011753 -0.000483003 -0.0214629 0.0430561 -0.0838724 1 0 0 0 0 0 0 0
252 1 0.1 5.67826 1.34389 0.549364 -0.00081541 0.00011061 -0.000809157 0.0467384 -0.053833 0.0228425 1 0 0 0 0 0 0 0
253 1 0.1 5.52714 1.49302 0.550074 -0.000651467 -0.000147611 0.00111568 0.0113041 -0.00254268 0.0159829 1 0 0 0 0 0 0 0
254 1 0.1 5.43276 1.66211 0.599302 -0.00835922 -0.00937968 0.00721059 -0.00485112 -0.0470516 -0.167896 1 0 0 0 0 0 0 0
255 1 0.1 5.16419 1.85499 0.427237 -0.0105989 -0.00271214 0.0163991 -0.0621819 -0.324719 0.0506023 1 0 0 0 0 0 0 0
256 1 0.1 5.02299 1.99631 0.542615 -0.000119772 0.00209949 -0.00308184 0.00294479 0.0109533 -0.000949744 1 0 0 0 0 0 0 0
257 1 0.1 4.8231 2.35869 0.601328 0.00306809 0.000421426 0.00257418 0.0661391 0.0389725 -0.0280433 1 0 0 0 0 0 0 0
258 1 0.1 4.67859 2.4864 0.648789 -0.0190366 -0.0133316 0.0139531 -0.433048 -0.079658 -0.925897 1 0 0 0 0 0 0 0
259 1 0.1 4.72351 2.64932 0.551119 0.0590397 -0.028285 0.0167973 0.488607 0.114752 -0.076716 1 0 0 0 0 0 0 0
260 1 0.1 4.49657 2.72353 0.437567 -0.0163401 0.00170741 -0.000186221 0.0227467 0.240745 0.374052 1 0 0 0 0 0 0 0
261 1 0.1 4.3684 2.88239 0.438943 -0.00816855 -0.00228337 0.0128119 -0.0993638 -0.123581 -0.0947712 1 0 0 0 0 0 0 0
262 1 0.1 4.35042 2.86659 0.637423 -0.039716 0.0133417 0.00942892 -0.0989251 -0.438699 -0.301903 1 0 0 0 0 0 0 0
263 1 0.1 4.19395 3.02466 0.461731 0.00394418 0.00209208 0.00633207 -0.0028336 -0.09814 -0.00508281 1 0 0 0 0 0 0 0
264 1 0.1 4.23808 3.21786 0.580671 0.0119164 0.0185766 -0.0170737 -0.211193 -0.431351 0.451793 1 0 0 0 0 0 0 0
265 1 0.1 4.39443 3.36184 0.582468 0.00922448 -0.0286408 -0.0268206 -0.274329 -0.237027 0.0795036 1 0 0 0 0 0 0 0
266 1 0.1 4.45298 3.42434 0.374695 -0.0212336 -0.00804791 -0.0626215 0.677185 0.317269 0.363518 1 0 0 0 0 0 0 0
267 1 0.1 4.66865 3.65143 0.569012 -0.00132874 -0.00751948 0.0143237 -0.14774 0.0108498 -0.0783072 1 0 0 0 0 0 0 0
268 1 0.1 4.92306 3.89243 0.476794 -0.0060493 0.00472572 0.00557429 -0.0566308 -0.0186642 0.061864 1 0 0 0 0 0 0 0
269 1 0.1 5.03783 4.00926 0.588448 -0.00251087 0.0033132 -0.00164859 0.0692057 -0.026044 0.0621149 1 0 0 0 0 0 0 0
270 1 0.1 5.17945 4.15028 0.584287 0.00398601 -0.00864051 0.0138053 0.0453496 0.218518 0.0802534 1 0 0 0 0 0 0 0
271 1 0.1 5.31694 4.29341 0.559918 0.00255057 -0.00480004 0.023934 -0.0536519 -0.353287 -0.0590978 1 0 0 0 0 0 0 0
272 1 0.1 5.4618 4.43891 0.554414 -0.000766504 -0.000432812 0.00433473 -0.0357129 -0.0131217 -0.0145847 1 0 0 0 0 0 0 0
273 1 0.1 5.63473 4.60461 0.576548 -3.8575e-05 -0.000111022 -0.001035 0.00702696 0.00715976 -3.01516e-05 1 0 0 0 0 0 0 0
274 1 0.1 5.79206 4.7752 0.552983 -0.000782841 -0.00158386 -0.000952666 0.0030312 0.0069145 -0.0197558 1 0 0 0 0 0 0 0
275 1 0.1 6.12969 0.892843 0.549776 -0.0010013 0.000919683 0.00196471 0.0136154 -0.00642849 0.00591236 1 0 0 0 0 0 0 0
276 1 0.1 5.77579 1.50993 0.600494 -0.0040492 0.000261936 -0.00201794 -0.134727 -0.0979926 -0.0309186 1 0 0 0 0 0 0 0
277 1 0.1 5.67001 1.57697 0.43822 0.00274905 -0.0029091 0.00317785 0.0144038 -0.00655638 -0.0809511 1 0 0 0 0 0 0 0
278 1 0.1 5.67682 1.77606 0.421249 0.0106823 -0.00390197 -0.00961885 -0.165659 0.111019 0.100995 1 0 0 0 0 0 0 0
279 1 0.1 5.55537 1.81895 0.581692 0.00807589 -0.0247231 -0.00190085 0.0858998 -0.0104317 0.19174 1 0 0 0 0 0 0 0
280 1 0.1 5.39507 1.90117 0.495643 0.0054377 -0.0187806 0.010006 0.200982 0.0170627 -0.12754 1 0 0 0 0 0 0 0
281 1 0.1 5.2403 2.02483 0.483177 0.00413596 -0.0242743 0.0157327 0.0177105 0.233664 -0.384162 1 0 0 0 0 0 0 0
282 1 0.1 5.03084 1.99133 0.742266 0.00269542 0.000245304 -0.00208849 0.00863904 0.00993394 -0.0241016 1 0 0 0 0 0 0 0
283 1 0.1 5.0065 2.28871 0.566788 0.00798386 -0.00597777 -0.0082104 -0.23275 -0.166359 -0.335045 1 0 0 0 0 0 0 0
284 1 0.1 4.94552 2.67656 0.492901 0.000535053 -0.0415088 0.0103121 -0.105828 0.212199 -0.580517 1 0 0 0 0 0 0 0
285 1 0.1 4.4621 2.59568 0.603998 -0.0324109 -0.0168616 0.000134012 0.0879778 -0.116848 0.291007 1 0 0 0 0 0 0 0
286 1 0.1 4.53283 2.7876 0.624709 -0.036359 0.0120513 0.00208069 -0.042704 0.179528 -0.194445 1 0 0 0 0 0 0 0
287 1 0.1 4.61262 3.17953 0.763345 0.0184754 -0.0197257 -0.00385171 0.0492192 -0.608505 0.0722476 1 0 0 0 0 0 0 0
288 1 0.1 4.4665 3.18444 0.485008 -0.0492536 0.0413681 -0.0366807 0.152057 -0.548178 0.892986 1 0 0 0 0 0 0 0
289 1 0.1 4.68329 3.14682 0.405418 -0.0457174 0.000799559 -0.00809807 -0.102316 -0.240211 0.482405 1 0 0 0 0 0 0 0
290 1 0.1 4.82476 3.31221 0.28211 -0.0232294 -0.0359956 0.0227654 0.397228 -0.0426621 0.48583 1 0 0 0 0 0 0 0
291 1 0.1 4.92464 3.53346 0.606081 -0.0154845 0.00760452 -0.0157366 1.48051 0.711014 -0.444792 1 0 0 0 0 0 0 0
292 1 0.1 4.91486 3.57949 0.413248 -0.0436577 0.0017611 -0.024426 -0.39185 -0.683034 0.569138 1 0 0 0 0 0 0 0
293 1 0.1 5.00048 3.74624 0.366579 -0.0297804 0.00166534 0.0052187 0.168438 -0.370915 -0.428875 1 0 0 0 0 0 0 0
294 1 0.1 5.11838 3.85219 0.488557 -0.026013 -0.000688407 0.0502835 -0.167645 -0.243699 -0.117387 1 0 0 0 0 0 0 0
295 1 0.1 5.2314 3.96008 0.613285 0.0129819 -0.0107884 0.00438377 -0.000338019 0.154271 -0.0801526 1 0 0 0 0 0 0 0
296 1 0.1 5.51198 4.24929 0.593044 -0.000302823 0.00122672 0.00277282 0.1111 0.0947881 -0.0322273 1 0 0 0 0 0 0 0
297 1 0.1 5.69224 4.41367 0.590768 0.0037406 0.000646092 0.00238587 -0.0498345 0.0243618 -0.00216581 1 0 0 0 0 0 0 0
298 1 0.1 5.71704 4.50157 0.413031 -0.000967361 0.00264498 0.00201542 -0.00662947 0.0715495 -0.0520024 1 0 0 0 0 0 0 0
299 1 0.1 6.07575 5.05695 0.557813 -0.000858602 -0.00157249 0.000382899 -0.00515562 -0.000480808 -0.0177664 1 0 0 0 0 0 0 0
300 1 0.1 6.27107 0.751439 0.550031 -0.000944305 0.000860476 -1.95221e-05 0.00769522 0.0056534 0.00674647 1 0 0 0 0 0 0 0
301 1 0.1 5.90943 1.40338 0.497098 -0.00496042 -0.00487544 0.00418845 0.0980903 0.0483244 -0.0253829 1 0 0 0 0 0 0 0
302 1 0.1 5.88258 1.64801 0.502975 0.00994402 -0.0128141 -0.00640437 0.00872125 -0.0180505 -0.099526 1 0 0 0 0 0 0 0
303 1 0.1 5.85796 1.83895 0.572749 0.00103575 0.0200126 -0.0114436 0.119003 0.317383 0.166734 1 0 0 0 0 0 0 0
304 1 0.1 5.69919 1.95542 0.607058 -0.013541 -0.00329535 0.00675089 -0.0782486 -0.112896 0.132071 1 0 0 0 0 0 0 0
305 1 0.1 5.47619 2.0369 0.615203 0.0220584 -0.0245006 -0.0156176 -0.695229 -0.261256 -0.428908 1 0 0 0 0 0 0 0
306 1 0.1 5.26186 2.3682 0.48919 -0.0102666 -0.000175173 0.0192372 0.0265908 -0.116767 0.11403 1 0 0 0 0 0 0 0
307 1 0.1 5.16295 2.39589 0.665932 -0.0151082 -0.0217904 0.0454528 0.116241 0.235955 0.140598 1 0 0 0 0 0 0 0
308 1 0.1 5.0562 2.45877 0.28405 0.0527922 -0.0082983 0.0233988 0.474748 0.610823 -0.259886 1 0 0 0 0 0 0 0
309 1 0.1 4.94734 2.51378 0.605251 0.0189049 -0.0247868 0.0210049 -0.330232 -0.29979 0.437246 1 0 0 0 0 0 0 0
310 1 0.1 5.26634 2.81445 0.473662 -0.027709 0.0293142 -0.0416718 -0.133751 0.0898569 0.0743989 1 0 0 0 0 0 0 0
311 1 0.1 4.66521 2.86141 0.762598 0.00140841 0.003965 0.00845848 0.126014 -0.0911573 -0.384333 1 0 0 0 0 0 0 0
312 1 0.1 4.54959 3.05587 0.620009 0.0206341 -0.0304848 0.0177788 0.0982246 -0.87614 -0.0930629 1 0 0 0 0 0 0 0
313 1 0.1 4.90985 3.13592 0.319049 0.0112047 -0.029675 -0.0248562 0.0564951 0.181016 -0.133619 1 0 0 0 0 0 0 0
314 1 0.1 5.09731 3.09298 0.264482 -0.0892199 -0.131407 -0.286338 0.378425 2.41926 -1.06407 1 0 0 0 0 0 0 0
315 1 0.1 5.09814 3.28557 0.505593 -0.0640876 0.0126341 0.0512488 0.314458 0.981274 -0.706559 1 0 0 0 0 0 0 0
316 1 0.1 5.43119 3.37575 0.366601 -0.0170678 -0.0348746 -0.00310321 0.0325644 -0.0418784 0.498893 1 0 0 0 0 0 0 0
317 1 0.1 5.13887 3.64455 0.4858 0.00752476 0.00467518 0.00515149 -0.779175 -0.569154 0.832567 1 0 0 0 0 0 0 0
318 1 0.1 5.33726 3.64711 0.467521 0.0023694 0.0324732 0.010416 0.0639911 0.497227 -0.484736 1 0 0 0 0 0 0 0
319 1 0.1 5.38167 3.85111 0.539428 0.0106761 -0.0171201 -0.0102971 0.140646 -0.0993484 -0.00449335 1 0 0 0 0 0 0 0
320 1 0.1 5.36805 4.09254 0.55184 0.00307504 -0.0113582 -0.0102298 0.00808029 0.0180119 -0.101468 1 0 0 0 0 0 0 0
321 1 0.1 5.74738 3.9984 0.594155 -0.00746174 -0.0160684 -0.0179357 0.221512 0.0155164 -0.0322772 1 0 0 0 0 0 0 0
322 1 0.1 5.83991 4.28185 0.564177 0.00235074 0.000587999 0.00190196 0.00537062 0.0200084 -0.0600919 1 0 0 0 0 0 0 0
323 1 0.1 5.9209 4.65706 0.456601 -0.00104826 -0.00317527 -0.000225411 -0.00731371 -0.0113991 0.00397656 1 0 0 0 0 0 0 0
324 1 0.1 6.21575 5.19951 0.549991 -0.000937633 -0.00154266 1.17361e-05 -0.00304454 0.00211609 -0.0204584 1 0 0 0 0 0 0 0
325 1 0.1 6.16769 1.09562 0.462925 -0.00100781 0.00157453 0.00430955 -0.0539962 0.00306572 -0.0311097 1 0 0 0 0 0 0 0
326 1 0.1 6.00735 1.22948 0.487228 -0.00198452 -0.00153238 -0.00384623 -0.0297969 -0.011616 0.0648793 1 0 0 0 0 0 0 0
327 1 0.1 5.97504 2.03151 0.493086 -0.163053 0.00918311 0.108651 -0.656859 -1.96884 0.0473281 1 0 0 0 0 0 0 0
328 1 0.1 5.65536 2.28948 0.627225 -0.00211025 0.00810188 0.00355198 0.453391 0.119736 -0.57094 1 0 0 0 0 0 0 0
329 1 0.1 5.81423 2.12012 0.584265 0.0105315 -0.0354623 -0.0141904 -0.347897 -0.118222 -0.0499348 1 0 0 0 0 0 0 0
330 1 0.1 5.42109 2.33159 0.603588 0.00366686 -0.00375483 0.00313189 -0.113796 0.3669 -0.0643586 1 0 0 0 0 0 0 0
331 1 0.1 5.62718 2.11721 0.51432 0.00777272 0.000217404 -0.00686121 1.02014 0.134328 -0.271517 1 0 0 0 0 0 0 0
332 1 0.1 5.82176 2.62683 0.689215 0.00666713 0.0048584 -0.00158232 -0.00414064 -0.0280984 0.0179865 1 0 0 0 0 0 0 0
333 1 0.1 5.67134 2.53632 0.41535 0.000354743 -0.00436577 -0.00435307 -0.269441 0.306799 -0.413607 1 0 0 0 0 0 0 0
334 1 0.1 5.49097 2.51859 0.591673 -0.0432426 0.0125407 -0.0523347 -0.483523 0.885779 0.0580418 1 0 0 0 0 0 0 0
335 1 0.1 5.07623 2.45131 0.476211 -0.00901967 0.00650177 0.0102386 0.399718 0.0581068 0.142922 1 0 0 0 0 0 0 0
336 1 0.1 5.30209 2.79617 0.669592 -0.0118579 0.0217756 -0.0467954 -0.459286 1.06182 0.173835 1 0 0 0 0 0 0 0
337 1 0.1 4.95074 2.96558 0.592582 -0.0131829 0.0306334 0.00227511 0.0555662 0.0940478 0.00788007 1 0 0 0 0 0 0 0
338 1 0.1 5.28856 3.00036 0.367242 0.0082402 -0.0375908 -0.00907951 0.0995252 0.241805 0.100859 1 0 0 0 0 0 0 0
339 1 0.1 5.27583 3.16113 0.482138 0.00492207 -0.0461727 -0.00522544 -0.0377818 0.168534 0.251144 1 0 0 0 0 0 0 0
340 1 0.1 5.46915 3.18618 0.441846 -0.00351524 -0.030015 -0.0176654 0.0136888 -0.0681155 0.16078 1 0 0 0 0 0 0 0
341 1 0.1 5.28879 3.39477 0.520462 -0.00988937 0.0203143 -0.00884912 0.797511 0.553876 -0.189449 1 0 0 0 0 0 0 0
342 1 0.1 5.48557 3.51647 0.497534 -0.0646049 -0.0404204 0.0153202 0.0139565 -0.626495 -0.48744 1 0 0 0 0 0 0 0
343 1 0.1 5.51391 3.73692 0.442466 0.0176084 -0.00209035 -0.019229 0.140629 -0.0325059 0.0386494 1 0 0 0 0 0 0 0
344 1 0.1 5.65872 3.68083 0.56834 -0.330996 0.0121507 0.38327 -0.505123 -5.34418 -0.2705 1 0 0 0 0 0 0 0
345 1 0.1 5.72197 3.38263 0.760074 0.00620908 -0.0217894 -5.93775e-05 0.111128 -0.00217762 -0.0235233 1 0 0 0 0 0 0 0
346 1 0.1 5.8336 3.81888 0.599107 -0.0871386 -0.0523129 -0.0184472 -0.218736 0.18271 -0.796639 1 0 0 0 0 0 0 0
347 1 0.1 6.01018 3.92119 0.584404 -0.00518674 -0.00410962 -0.00152113 -0.0498656 -0.00915176 0.0699333 1 0 0 0 0 0 0 0
348 1 0.1 5.93456 4.91534 0.559307 -0.000949562 -0.00138116 0.0012969 -0.00750708 -0.0103191 -0.0174187 1 0 0 0 0 0 0 0
349 1 0.1 6.11604 4.83716 0.529038 -0.00215843 -0.00287598 0.000479825 0.000602398 0.0232707 -0.000515979 1 0 0 0 0 0 0 0
350 1 0.1 6.10587 1.39195 0.42485 -0.0627365 0.0607895 0.0606915 -0.129487 -0.816432 0.516474 1 0 0 0 0 0 0 0
351 1 0.1 6.05038 1.5324 0.555908 -0.101536 0.103725 -0.00187901 -0.405271 -0.0825072 -0.802868 1 0 0 0 0 0 0 0
352 1 0.1 6.01537 1.71103 0.638549 -0.0501435 0.116129 -0.00723663 0.343984 0.0861835 0.228893 1 0 0 0 0 0 0 0
353 1 0.1 5.79941 2.03114 0.762621 -0.000902497 -0.00143734 -2.87087e-05 -0.0151723 0.0372481 -0.0229156 1 0 0 0 0 0 0 0
354 1 0.1 5.96944 2.785 0.137428 0.0082361 -0.00593087 -0.000505624 0.0615767 0.0748572 -0.00706551 1 0 0 0 0 0 0 0
355 1 0.1 5.84546 2.94462 0.137443 0.00576028 -0.00774592 -0.000188792 0.0585817 0.0645973 -0.070362 1 0 0 0 0 0 0 0
356 1 0.1 5.68027 2.7474 0.762561 -0.00122607 -0.00420296 -0.000347802 0.173425 -0.100374 0.0256429 1 0 0 0 0 0 0 0
357 1 0.1 5.56126 2.7623 0.59356 -0.0295455 -0.00371669 -0.00776295 0.0755204 0.180263 -0.145184 1 0 0 0 0 0 0 0
358 1 0.1 5.15682 2.90237 0.75658 0.0105904 0.0110883 0.00268165 -0.181145 0.0886506 0.35253 1 0 0 0 0 0 0 0
359 1 0.1 5.43562 2.71151 0.446721 -0.0316005 0.016249 -0.0152413 -0.0932293 -0.279502 -0.205395 1 0 0 0 0 0 0 0
360 1 0.1 5.86192 3.02059 0.657353 0.00301865 -0.00532939 0.00209803 -0.114589 -0.0332716 -0.104482 1 0 0 0 0 0 0 0
361 1 0.1 5.68261 2.93634 0.697861 0.00057792 -0.00319228 0.00155791 -0.143844 0.0759538 0.049004 1 0 0 0 0 0 0 0
362 1 0.1 5.46835 2.95368 0.593603 -0.0940819 -0.0677385 -0.00803157 -0.575904 0.909787 0.375347 1 0 0 0 0 0 0 0
363 1 0.1 5.27176 2.98537 0.576922 -0.0903207 -0.0189682 0.0356807 -0.153023 -0.362592 -0.906407 1 0 0 0 0 0 0 0
364 1 0.1 5.53535 3.05473 0.762532 -0.00795857 -0.0100975 -0.00178483 -0.0430557 0.109377 0.0265204 1 0 0 0 0 0 0 0
365 1 0.1 5.38926 3.13556 0.644665 -0.00365552 -0.00474049 0.00854041 -0.0706772 -0.328532 0.220118 1 0 0 0 0 0 0 0
366 1 0.1 5.73468 3.26833 0.596959 -0.00106329 -0.0149686 -0.00340139 -0.00253693 0.0506965 -0.0240463 1 0 0 0 0 0 0 0
367 1 0.1 5.5718 3.25186 0.762972 -0.00779416 -0.00571273 -7.37146e-05 -0.0245735 0.0863396 -0.108257 1 0 0 0 0 0 0 0
368 1 0.1 5.65232 3.48408 0.602723 -0.0664284 -0.0640078 0.00489835 -0.374899 0.784368 -0.00254313 1 0 0 0 0 0 0 0
369 1 0.1 5.90964 3.58361 0.578282 -0.0172983 -0.00373127 0.000309496 -0.11177 -0.272714 -0.00473261 1 0 0 0 0 0 0 0
370 1 0.1 5.90331 3.3878 0.618151 -0.00246725 -0.00719553 0.00132107 0.113944 -0.0920697 0.233667 1 0 0 0 0 0 0 0
371 1 0.1 5.95591 3.22871 0.395099 0.00257907 -0.00974189 0.00960453 0.0692851 -0.0541769 -0.03627 1 0 0 0 0 0 0 0
372 1 0.1 6.00571 4.0302 0.299746 0.0114336 -0.00420501 -0.00462492 0.047056 0.15725 0.000717181 1 0 0 0 0 0 0 0
373 1 0.1 5.89978 4.47254 0.56094 0.00597717 -0.00120988 0.0021865 0.0435915 0.00788274 0.0181568 1 0 0 0 0 0 0 0
374 1 0.1 6.0678 4.65346 0.59129 0.000256476 -0.00386111 -0.00121661 0.0340959 0.0286784 0.00908542 1 0 0 0 0 0 0 0
375 1 0.1 6.07355 0.948235 0.762523 -0.00283499 0.00342033 -5.73138e-05 0.0082245 0.0281086 0.0512539 1 0 0 0 0 0 0 0
376 1 0.1 5.77325 1.24973 0.750085 -0.00466168 0.00556939 -0.0016077 0.0193217 0.0409997 0.0870118 1 0 0 0 0 0 0 0
377 1 0.1 5.63043 1.39285 0.75009 -0.0262903 0.0309014 9.39614e-05 -0.00453796 -0.00798743 -0.00367103 1 0 0 0 0 0 0 0
378 1 0.1 5.49081 1.53558 0.760616 -0.0275898 0.0294422 -0.00327458 0.0321493 0.0780401 0.417316 1 0 0 0 0 0 0 0
379 1 0.1 5.31309 1.70985 0.762135 0.000490647 -0.000163832 -0.000819744 -0.000574706 0.00133793 -0.00793595 1 0 0 0 0 0 0 0
380 1 0.1 5.17151 1.85093 0.760753 0.00127295 0.000495848 -0.00182135 0.0040559 -0.00541304 0.00503894 1 0 0 0 0 0 0 0
381 1 0.1 5.26389 1.76633 0.575957 -0.00118559 0.00173715 0.0132609 0.181261 0.0128039 0.0536172 1 0 0 0 0 0 0 0
382 1 0.1 4.89114 2.13231 0.762293 0.0026526 -0.000971069 0.000482757 0.00708043 -0.0075795 0.0266221 1 0 0 0 0 0 0 0
383 1 0.1 4.74989 2.27281 0.763091 0.00290227 -0.000564101 0.000324389 -0.0605621 -0.0127039 -0.0373418 1 0 0 0 0 0 0 0
384 1 0.1 4.52377 2.49222 0.763528 -0.00423256 -0.0034709 -0.000556476 0.479487 -0.0691046 0.750509 1 0 0 0 0 0 0 0
385 1 0.1 4.31112 2.70635 0.534155 -0.0154427 0.0107401 0.00825154 0.00595435 -0.172338 0.221529 1 0 0 0 0 0 0 0
386 1 0.1 4.19202 2.92392 0.75073 -0.0326284 -0.0558123 -0.097668 -0.00759226 1.01785 -0.579217 1 0 0 0 0 0 0 0
387 1 0.1 4.35295 3.05814 0.589885 0.0208566 0.0131949 -0.00895245 -0.108257 0.662142 -0.348167 1 0 0 0 0 0 0 0
388 1 0.1 4.19328 3.12705 0.754228 -0.0114597 -0.019833 -0.0384639 -0.00127797 0.397958 -0.204934 1 0 0 0 0 0 0 0
389 1 0.1 4.5998 3.32017 0.545479 -0.111613 0.0640217 0.0196498 0.237987 0.0669165 -0.276747 1 0 0 0 0 0 0 0
390 1 0.1 4.45056 3.43099 0.762745 -0.00402904 -0.00256837 -0.00110432 -0.0288091 0.0616653 -0.0443918 1 0 0 0 0 0 0 0
391 1 0.1 4.59217 3.57168 0.762432 -0.00181964 -0.00642166 0.00303793 0.256392 0.236323 0.12062 1 0 0 0 0 0 0 0
392 1 0.1 4.81083 3.78699 0.6004 -0.00269673 -0.000844624 0.00154803 -0.109645 -0.184383 0.170705 1 0 0 0 0 0 0 0
393 1 0.1 4.89334 3.86898 0.76265 0.00250555 0.00180649 9.93107e-05 0.0259257 -0.0213143 0.013979 1 0 0 0 0 0 0 0
394 1 0.1 5.10414 4.08021 0.762727 -0.00110364 0.00103869 0.000354612 0.00770627 -0.0206779 -0.00139046 1 0 0 0 0 0 0 0
395 1 0.1 5.24412 4.22244 0.757527 0.00321847 0.00113029 0.00273779 -0.11398 -0.100354 0.0694639 1 0 0 0 0 0 0 0
396 1 0.1 5.39562 4.36887 0.733808 0.00194556 0.0006713 0.000608754 -0.00169837 0.000798999 0.0133013 1 0 0 0 0 0 0 0
397 1 0.1 5.54045 4.51693 0.75169 0.00120016 0.000823307 0.00143253 -0.0102279 0.000333159 0.0137041 1 0 0 0 0 0 0 0
398 1 0.1 5.70636 4.68008 0.762647 0.000561977 0.000537891 -2.79277e-06 0.0121685 0.000493197 0.00654434 1 0 0 0 0 0 0 0
399 1 0.1 5.84566 4.82216 0.747535 7.19575e-05 0.00115247 0.00239083 -0.00521758 -0.0273942 0.0111847 1 0 0 0 0 0 0 0
400 1 0.1 6.2146 0.806571 0.759917 -0.00261915 0.00347879 -0.00128712 -0.010255 0.000170416 -0.0449319 1 0 0 0 0 0 0 0
401 1 0.1 5.93523 1.08967 0.719243 -0.00345406 0.00651549 0.000484426 0.0110769 -0.00634326 0.0768278 1 0 0 0 0 0 0 0
402 1 0.1 5.68385 1.58657 0.762537 -0.0279082 0.0248775 -0.000551273 -0.0663148 -0.117668 -0.465388 1 0 0 0 0 0 0 0
403 1 0.1 5.71685 1.70029 0.601544 0.0163367 0.00447341 -0.00729504 0.104075 -0.0143876 -0.178508 1 0 0 0 0 0 0 0
404 1 0.1 5.51168 1.74638 0.762616 0.00846772 -0.0181002 0.000357658 -0.179725 -0.0838363 -0.0987541 1 0 0 0 0 0 0 0
405 1 0.1 5.35358 1.90009 0.694354 0.0206975 -0.0239129 0.0245598 0.101376 -0.0319242 -0.0996795 1 0 0 0 0 0 0 0
406 1 0.1 5.22371 2.04352 0.744439 0.00987285 -0.0302361 0.0234491 0.157636 -0.233524 -0.26697 1 0 0 0 0 0 0 0
407 1 0.1 5.31977 2.16064 0.601621 0.0254171 -0.0191639 -0.00476075 0.049968 0.404624 0.505358 1 0 0 0 0 0 0 0
408 1 0.1 5.03053 2.27732 0.763332 -0.00575616 0.007101 -0.00239203 0.0614153 0.0600025 -0.0202897 1 0 0 0 0 0 0 0
409 1 0.1 4.83569 2.48445 0.764303 -0.0247151 -0.00104137 -0.00535567 -0.0370348 0.235294 0.73857 1 0 0 0 0 0 0 0
410 1 0.1 4.30757 2.70841 0.751521 -0.00271855 0.00355528 0.00513373 0.0390769 -0.0150904 0.0509215 1 0 0 0 0 0 0 0
411 1 0.1 4.47994 2.94033 0.764704 -0.0334232 -0.0129617 0.00197997 -0.157296 0.347968 -0.180917 1 0 0 0 0 0 0 0
412 1 0.1 4.42128 3.13281 0.764989 0.0152835 0.0164474 0.00909858 0.228334 -0.00842017 -0.307198 1 0 0 0 0 0 0 0
413 1 0.1 4.64263 3.37718 0.762688 -0.0101333 -0.013466 0.00152127 0.0543133 -0.122695 -0.0607093 1 0 0 0 0 0 0 0
414 1 0.1 4.80772 3.30663 0.530273 -0.0660423 -0.0166571 -0.0803567 0.0916824 0.900144 0.204086 1 0 0 0 0 0 0 0
415 1 0.1 4.53127 3.50706 0.583624 -0.0163221 -0.0081128 0.00401195 0.0692595 -0.460612 0.23848 1 0 0 0 0 0 0 0
416 1 0.1 5.03787 3.48309 0.762957 -0.0427958 -0.00299337 0.00243715 -0.030645 0.406633 -0.0269259 1 0 0 0 0 0 0 0
417 1 0.1 4.75344 3.68933 0.763321 -0.00592866 0.00260307 0.000833717 0.00340256 0.0423965 -0.00466591 1 0 0 0 0 0 0 0
418 1 0.1 4.99707 3.71703 0.606292 0.00205325 0.000460287 0.00119447 -0.845638 0.427226 0.205078 1 0 0 0 0 0 0 0
419 1 0.1 5.13849 3.86752 0.763372 0.0371227 -0.0237958 0.00651988 -0.319697 -0.270283 0.804716 1 0 0 0 0 0 0 0
420 1 0.1 5.43774 4.17577 0.762896 0.00133707 -0.000566737 0.00135388 -0.0488093 -0.0262519 -0.0845995 1 0 0 0 0 0 0 0
421 1 0.1 5.58797 4.32312 0.76255 0.00225299 0.00131353 -0.000512611 0.0374873 0.00628049 -0.00487209 1 0 0 0 0 0 0 0
422 1 0.1 5.75654 4.48713 0.763245 0.00279881 0.00184886 0.000721113 0.0355805 -0.0119673 0.0128705 1 0 0 0 0 0 0 0
423 1 0.1 5.87857 4.63837 0.670404 0.000359724 0.000185127 -0.000416471 -0.0782142 -0.0171166 0.00814946 1 0 0 0 0 0 0 0
424 1 0.1 6.12772 5.10491 0.750167 0.000978657 0.00116111 0.000140672 -0.00803952 0.00261624 -0.00397473 1 0 0 0 0 0 0 0
425 1 0.1 6.35421 0.663754 0.749962 -0.00240624 0.0038135 -0.000210701 -0.00580693 -0.00293506 0.051012 1 0 0 0 0 0 0 0
426 1 0.1 5.97014 1.28174 0.762494 -0.00477932 0.0077701 -0.00065097 -0.0650546 -0.0590297 -0.0759947 1 0 0 0 0 0 0 0
427 1 0.1 5.88186 1.46108 0.762594 -0.0058774 0.007732 0.000527094 0.0784026 0.0591672 0.0883996 1 0 0 0 0 0 0 0
428 1 0.1 5.91558 1.86851 0.762284 -0.0147098 -0.00825354 0.00428336 -0.172315 0.150576 -0.138796 1 0 0 0 0 0 0 0
429 1 0.1 5.72203 1.81786 0.762231 -0.0200593 -0.00662772 -0.00245291 0.0653073 -0.625227 -0.145914 1 0 0 0 0 0 0 0
430 1 0.1 5.5753 1.95256 0.763916 -0.00972127 0.00464188 0.00720159 0.0841661 0.152688 0.0688636 1 0 0 0 0 0 0 0
431 1 0.1 5.43674 2.17237 0.76273 0.00601564 -0.00434572 3.6986e-05 -0.0256517 0.0136745 0.0534703 1 0 0 0 0 0 0 0
432 1 0.1 5.24065 2.24164 0.7634 0.0208587 -0.0283828 -0.000715359 -0.218613 -0.165292 0.11106 1 0 0 0 0 0 0 0
433 1 0.1 5.28666 2.55633 0.429641 -0.0119057 -0.00331249 0.00252063 -0.197752 0.162922 -0.142141 1 0 0 0 0 0 0 0
434 1 0.1 5.05555 2.53004 0.764851 -0.00894753 0.00940627 0.0064424 0.00762232 0.167486 -0.132895 1 0 0 0 0 0 0 0
435 1 0.1 4.80904 2.68247 0.749516 -0.00669719 -0.00389354 0.0080472 0.231414 -0.121612 -0.221326 1 0 0 0 0 0 0 0
436 1 0.1 4.61001 2.67 0.763351 -0.0109426 0.00757749 -0.00935863 0.101634 0.104492 0.297798 1 0 0 0 0 0 0 0
437 1 0.1 4.71941 3.15539 0.601397 0.0137629 -0.0268144 -0.0123876 -0.146406 0.630784 -0.0101286 1 0 0 0 0 0 0 0
438 1 0.1 4.80813 3.2335 0.762554 -0.0560692 0.0327254 -0.000841508 0.327831 0.56341 1.10324 1 0 0 0 0 0 0 0
439 1 0.1 4.81926 3.46972 0.762873 0.0126162 -0.0483888 -0.00871271 -0.50199 -0.126729 -0.299186 1 0 0 0 0 0 0 0
440 1 0.1 4.97715 3.30847 0.686501 -0.289229 0.216934 -0.341257 0.635244 3.88677 0.63561 1 0 0 0 0 0 0 0
441 1 0.1 5.11007 3.67141 0.762682 -0.00042992 -0.0186417 -0.0010987 0.501541 -0.387235 -1.18261 1 0 0 0 0 0 0 0
442 1 0.1 5.22943 3.75482 0.625752 0.0383264 -0.0354858 0.0193549 0.204503 0.719098 0.0140833 1 0 0 0 0 0 0 0
443 1 0.1 5.33819 3.86301 0.762542 0.0395155 0.00761806 0.000193567 0.11255 0.237031 -0.435198 1 0 0 0 0 0 0 0
444 1 0.1 5.49673 3.98474 0.762365 0.0414898 0.00904536 0.00099511 0.0196621 -0.149502 0.438261 1 0 0 0 0 0 0 0
445 1 0.1 5.68207 4.1752 0.666711 0.00302547 0.00105009 -0.00138445 -0.013261 -0.0586378 -0.0494667 1 0 0 0 0 0 0 0
446 1 0.1 5.81052 4.29456 0.762599 0.00194753 0.000701214 0.000294514 -0.00437091 -0.0204055 0.0301021 1 0 0 0 0 0 0 0
447 1 0.1 5.95619 4.47832 0.762505 0.00249917 -0.00111988 4.99339e-05 -0.00454739 0.00393516 -0.0378118 1 0 0 0 0 0 0 0
448 1 0.1 6.03487 4.75103 0.762577 0.00238729 -0.00510229 -5.12979e-05 -0.0557906 -0.013805 0.0658951 1 0 0 0 0 0 0 0
449 1 0.1 6.26915 5.24626 0.749991 0.00108802 0.00119858 0.00029044 0.0111724 -0.0132172 0.0285171 1 0 0 0 0 0 0 0
450 1 0.1 6.23995 1.00879 0.669734 -0.00497696 0.00728981 -0.000469261 0.0881627 0.0351003 -0.023309 1 0 0 0 0 0 0 0
451 1 0.1 6.10784 1.15657 0.64374 -0.00319484 0.00954891 0.00115071 -0.070793 -0.0274829 -0.00490975 1 0 0 0 0 0 0 0
452 1 0.1 6.05591 1.55942 0.762505 -0.067747 0.117115 -9.06619e-05 0.132169 0.0679815 1.16736 1 0 0 0 0 0 0 0
453 1 0.1 5.86267 1.67576 0.762568 -0.0155611 -0.0054588 0.000796411 0.307982 0.220055 0.135555 1 0 0 0 0 0 0 0
454 1 0.1 5.63426 2.14363 0.762416 0.00413365 0.000951898 -0.00117681 -0.0487468 -0.0121684 -0.0070776 1 0 0 0 0 0 0 0
455 1 0.1 5.52889 2.36079 0.76462 -0.00405604 0.0094623 0.00176033 0.380524 -0.179555 0.14034 1 0 0 0 0 0 0 0
456 1 0.1 5.33987 2.42086 0.76312 0.00504754 0.023238 -0.000472847 0.1463 0.0470774 0.0940117 1 0 0 0 0 0 0 0
457 1 0.1 5.54876 2.29074 0.458124 0.00106746 -0.000553179 -0.00131146 -0.71434 -0.43113 0.929888 1 0 0 0 0 0 0 0
458 1 0.1 5.32816 2.59807 0.676201 -0.00791562 0.0245822 0.00239222 0.17693 -0.152317 -0.392327 1 0 0 0 0 0 0 0
459 1 0.1 5.50272 2.65655 0.752894 0.00137864 -0.00735138 0.00151006 -0.0837304 0.1658 0.0283844 1 0 0 0 0 0 0 0
460 1 0.1 5.17891 2.65809 0.562018 0.00200663 0.0360614 -0.000413307 -0.262577 0.131953 0.141893 1 0 0 0 0 0 0 0
461 1 0.1 4.91356 2.8555 0.764283 0.0319008 0.0199271 0.000156979 0.192876 -0.306446 0.17667 1 0 0 0 0 0 0 0
462 1 0.1 4.76106 3.03604 0.763156 0.0114469 -0.0109764 -0.00452211 -0.532806 -0.173492 0.222399 1 0 0 0 0 0 0 0
463 1 0.1 5.10273 3.08923 0.553266 -0.0344305 0.0604141 0.0105787 0.206089 0.0782071 0.0965342 1 0 0 0 0 0 0 0
464 1 0.1 4.91373 3.14298 0.517141 -0.0295952 0.0121091 -0.0456554 -0.525345 -0.606334 0.321283 1 0 0 0 0 0 0 0
465 1 0.1 5.11322 3.4703 0.579097 0.00053226 0.0177604 0.0242533 0.331515 -0.896898 -0.134639 1 0 0 0 0 0 0 0
466 1 0.1 5.30244 3.61851 0.762553 -0.00520756 -0.0370322 -0.00115205 -0.170304 0.305351 0.995968 1 0 0 0 0 0 0 0
467 1 0.1 5.45288 3.66319 0.629341 0.0227871 -0.00245871 -0.00767799 0.0491431 -0.230898 0.0624428 1 0 0 0 0 0 0 0
468 1 0.1 5.5334 3.78813 0.762688 -3.90278e-05 -0.0016183 0.000667603 -0.027439 0.00536915 0.0141028 1 0 0 0 0 0 0 0
469 1 0.1 5.69678 3.90323 0.762516 -0.013695 0.0181526 -0.000430963 -0.330859 -0.230392 0.228685 1 0 0 0 0 0 0 0
470 1 0.1 5.92044 3.90939 0.762601 -0.00184368 2.66953e-05 0.000199032 -0.0288746 0.0327039 -0.0253487 1 0 0 0 0 0 0 0
471 1 0.1 5.83502 4.08997 0.762607 -9.51393e-05 -8.92891e-05 0.000255828 -0.0133692 0.0354276 0.0116434 1 0 0 0 0 0 0 0
472 1 0.1 5.99556 4.27543 0.68946 -0.00241694 -0.0596949 0.0036991 0.025163 -0.0509967 -0.690822 1 0 0 0 0 0 0 0
473 1 0.1 5.98875 4.96139 0.749356 0.00268875 -0.00104003 0.00162376 -0.0363262 -0.00215886 -0.0408842 1 0 0 0 0 0 0 0
474 1 0.1 6.17646 4.90859 0.705722 0.00190963 -0.00171361 -0.00124187 -0.0172028 0.0485935 0.0170138 1 0 0 0 0 0 0 0
475 1 0.1 6.26464 1.1916 0.762559 -0.00290711 0.00846905 0.000243493 0.0820843 0.0339656 0.0010363 1 0 0 0 0 0 0 0
476 1 0.1 6.10457 1.35694 0.635043 -0.138402 0.0366239 -0.125161 0.900392 2.37492 -0.287993 1 0 0 0 0 0 0 0
477 1 0.1 5.97937 2.07588 0.688004 -0.00206275 0.125867 0.0777115 -0.0305549 -0.908626 1.45079 1 0 0 0 0 0 0 0
478 1 0.1 5.8069 2.24403 0.754558 0.0049828 0.00114086 -0.0045216 -0.0321255 0.000649048 0.00347968 1 0 0 0 0 0 0 0
479 1 0.1 5.83655 2.44158 0.762733 0.00581711 0.00274928 -0.00352216 0.0346457 -0.00433649 -0.0130453 1 0 0 0 0 0 0 0
480 1 0.1 5.87403 3.253 0.762618 0.010037 -0.0139736 0.000566402 -0.122023 -0.0208719 0.0855121 1 0 0 0 0 0 0 0
481 1 0.1 5.85136 2.85083 0.762532 -0.00102619 -0.00592162 0.000389493 -0.0580951 0.0192526 -0.0037666 1 0 0 0 0 0 0 0
482 1 0.1 5.65781 2.53132 0.763167 0.00117014 -0.00384023 -0.00138445 -0.0119423 0.0404488 0.0872422 1 0 0 0 0 0 0 0
483 1 0.1 5.73857 2.47206 0.591482 0.010747 0.00532435 -0.00369312 0.0408404 -0.0651182 0.0846418 1 0 0 0 0 0 0 0
484 1 0.1 5.51062 2.85579 0.762754 -0.0032123 -0.00620707 0.00169836 -0.0370421 0.0377236 0.00194748 1 0 0 0 0 0 0 0
485 1 0.1 5.35176 2.97656 0.759842 -0.00754244 -0.0106374 -0.000350242 0.0882385 -0.0844564 0.0293118 1 0 0 0 0 0 0 0
486 1 0.1 5.06449 2.72676 0.763393 0.0212707 0.00202737 0.00605933 0.0433426 -0.385748 -0.19793 1 0 0 0 0 0 0 0
487 1 0.1 4.958 3.06835 0.762924 0.000376695 0.0148399 0.00328799 0.102339 0.040952 -0.00264527 1 0 0 0 0 0 0 0
488 1 0.1 5.19346 3.09738 0.763546 0.00934097 0.0136445 0.000761474 0.160353 -0.101023 -0.323262 1 0 0 0 0 0 0 0
489 1 0.1 5.22581 3.25469 0.648491 0.016911 -0.0100743 -0.0273156 -0.541866 0.205897 0.169159 1 0 0 0 0 0 0 0
490 1 0.1 5.37756 3.29548 0.764133 -0.00581593 0.0040164 -0.00119279 0.329011 -0.522185 -0.129878 1 0 0 0 0 0 0 0
491 1 0.1 5.23091 3.4314 0.757679 -0.0553252 -0.0462267 -0.0487664 -0.0463449 0.145139 -0.417959 1 0 0 0 0 0 0 0
492 1 0.1 5.41552 3.47432 0.683358 0.0239238 -0.00720404 -0.0138597 -0.0911328 0.242429 -0.285728 1 0 0 0 0 0 0 0
493 1 0.1 5.72459 3.12028 0.762768 0.000936979 -0.00614828 0.000736615 0.0378544 0.0824253 0.185135 1 0 0 0 0 0 0 0
494 1 0.1 5.57075 3.57221 0.762605 0.00757128 -0.000206984 0.00320009 0.0012122 -0.0416997 0.018223 1 0 0 0 0 0 0 0
495 1 0.1 5.78068 3.7167 0.761785 -0.0763924 -0.0294175 -0.00232735 -0.0269159 0.0925261 0.480805 1 0 0 0 0 0 0 0
496 1 0.1 5.85434 3.53153 0.762937 -0.0175388 -0.00406428 -0.000463271 0.0251112 0.181326 0.322575 1 0 0 0 0 0 0 0
497 1 0.1 5.92024 4.09976 0.582153 -0.00274117 -0.00185498 -0.00168322 -0.0170582 -0.00221547 0.00908133 1 0 0 0 0 0 0 0
498 1 0.1 6.13165 4.57421 0.762776 0.00143894 0.000380747 5.3365e-05 -0.0848877 -0.0155349 0.0134667 1 0 0 0 0 0 0 0
499 1 0.1 6.2532 4.73293 0.762509 0.00302428 -0.000901089 2.95966e-05 -0.0049875 -0.0289663 -0.0105723 1 0 0 0 0 0 0 0
