500
0 1 0.1 6.1308 0.891418 0.149909 -0.00024666 0.000137997 -0.000471665 -0.0183964 -0.0109689 0.00758213 1 0 0 0 0 0 0 0
1 1 0.1 5.99012 1.03345 0.150272 0.00229408 0.00185533 -0.00146234 -0.021535 0.0468709 -0.023182 1 0 0 0 0 0 0 0
2 1 0.1 5.84869 1.1741 0.147193 0.00108841 -0.00158436 -0.00265615 -0.0354202 -0.0150657 0.054441 1 0 0 0 0 0 0 0
3 1 0.1 5.56622 1.45643 0.151763 0.00383387 -0.00388113 0.00134683 -0.00427571 -0.00440292 0.00135356 1 0 0 0 0 0 0 0
4 1 0.1 5.42666 1.59872 0.138385 0.00409418 -0.00707737 -0.0054849 -0.0827662 -0.00967147 0.019779 1 0 0 0 0 0 0 0
5 1 0.1 5.28501 1.73926 0.139766 0.0113184 -0.00595121 -0.0197779 -0.227317 0.0896241 -0.143361 1 0 0 0 0 0 0 0
6 1 0.1 5.12703 1.9056 0.199813 -0.0149798 0.0134765 -0.00873004 0.0020851 0.00588132 0.00953115 1 0 0 0 0 0 0 0
7 1 0.1 4.87622 2.14309 0.137446 -0.00337603 -0.0115514 0.00341853 0.105476 0.00950824 -0.0340609 1 0 0 0 0 0 0 0
8 1 0.1 4.52235 2.49266 0.149979 0.00654843 -0.00398083 0.000149757 -0.00322695 -0.0019881 -0.0116403 1 0 0 0 0 0 0 0
9 1 0.1 4.72056 2.56876 0.31658 0.0384778 -0.0719293 0.0488479 0.250896 -0.143157 -0.362868 1 0 0 0 0 0 0 0
10 1 0.1 4.38345 2.63579 0.137446 0.00764999 -0.00509013 -0.00145759 0.0235533 0.047535 0.015957 1 0 0 0 0 0 0 0
11 1 0.1 4.24169 2.77623 0.135412 0.00692247 -0.00899531 0.00120121 -0.0114515 0.0981515 -0.0781817 1 0 0 0 0 0 0 0
12 1 0.1 4.23324 2.9749 0.135396 0.0285403 -0.0132165 -0.0113374 0.123287 0.265934 0.146056 1 0 0 0 0 0 0 0
13 1 0.1 4.19335 3.17019 0.147623 0.004782 -0.00799058 -0.0116286 0.564729 -0.404609 0.228877 1 0 0 0 0 0 0 0
14 1 0.1 4.33396 3.31151 0.149333 -0.00504878 0.00464824 0.0303204 -0.406717 -0.0188017 -0.0780794 1 0 0 0 0 0 0 0
15 1 0.1 4.47656 3.45057 0.136968 0.00185138 -0.00214953 0.00159825 -0.0141651 0.0264261 0.0162984 1 0 0 0 0 0 0 0
16 1 0.1 4.61583 3.59064 0.159038 0.00900536 0.0269632 -0.233587 2.19619 -0.724292 -0.66585 1 0 0 0 0 0 0 0
17 1 0.1 4.75268 3.72847 0.136522 0.016405 0.020651 -0.0624276 0.324311 0.124128 0.302314 1 0 0 0 0 0 0 0
18 1 0.1 4.89116 3.87091 0.149312 0.0242746 0.0244223 0.0059299 0.111275 -0.0796396 -0.108993 1 0 0 0 0 0 0 0
19 1 0.1 5.16966 4.1516 0.149796 0.0253274 0.0276231 -0.00804063 -0.844137 0.254791 -0.179034 1 0 0 0 0 0 0 0
20 1 0.1 5.31181 4.29209 0.14842 0.0335776 0.0174639 -0.0129557 0.353721 -0.271546 0.504466 1 0 0 0 0 0 0 0
21 1 0.1 5.45841 4.43767 0.149995 -0.35216 -0.260028 -0.00260511 0.000950644 -0.000573476 -0.004539 1 0 0 0 0 0 0 0
22 1 0.1 5.59984 4.57907 0.149983 -0.352223 -0.259825 0.00154421 0.0200001 -0.0220441 -0.617737 1 0 0 0 0 0 0 0
23 1 0.1 5.75586 4.73242 0.15002 -0.296878 -0.267553 -0.00113418 -0.0430639 0.0620306 -2.96733 1 0 0 0 0 0 0 0
24 1 0.1 6.04565 5.02148 0.148254 -0.0139704 -0.0254646 -0.0344982 0.3779 0.128241 -0.235796 1 0 0 0 0 0 0 0
25 1 0.1 6.27459 0.74694 0.149861 0.00111017 -0.00155549 -0.0001398 -0.00298198 -0.0150565 0.00562724 1 0 0 0 0 0 0 0
26 1 0.1 6.02735 1.26329 0.137408 -0.000929436 0.00471401 -0.00202933 -0.0454148 -0.00210722 -0.0332176 1 0 0 0 0 0 0 0
27 1 0.1 5.88772 1.40626 0.137009 -0.000795497 0.00655479 -0.00099441 -0.0687729 -0.0189032 0.00178856 1 0 0 0 0 0 0 0
28 1 0.1 5.70856 1.31658 0.14076 0.00204796 -0.00227991 0.0015813 0.00702851 -0.00368114 -0.00718375 1 0 0 0 0 0 0 0
29 1 0.1 5.61805 1.65638 0.137494 0.0148283 -0.0440737 9.55776e-05 0.0501738 -0.0608434 0.00987809 1 0 0 0 0 0 0 0
30 1 0.1 5.4748 1.79114 0.173456 0.0201534 -0.0289412 -0.0331755 -0.392871 -0.0699689 -0.193527 1 0 0 0 0 0 0 0
31 1 0.1 5.33736 1.93107 0.137205 0.0298923 -0.0125742 -0.00268974 0.512053 0.376176 -0.0369438 1 0 0 0 0 0 0 0
32 1 0.1 5.12506 2.09436 0.133837 0.0344045 0.010957 -0.00521158 0.196133 0.427954 -0.163988 1 0 0 0 0 0 0 0
33 1 0.1 4.66621 2.35311 0.136838 0.00606791 -0.000210421 -0.00320462 0.0123216 0.048725 -0.0115721 1 0 0 0 0 0 0 0
34 1 0.1 4.78383 2.54895 0.134451 0.0218452 -0.0325611 0.0119767 0.329875 0.110909 -0.011197 1 0 0 0 0 0 0 0
35 1 0.1 4.54123 2.7586 0.137486 0.0252746 -0.0297389 0.00112382 0.0690395 -0.0161234 -0.319444 1 0 0 0 0 0 0 0
36 1 0.1 4.72034 2.78084 0.314344 0.05263 -0.0577596 -0.0236886 0.921686 -0.743258 1.04295 1 0 0 0 0 0 0 0
37 1 0.1 4.41669 2.90916 0.17981 0.0384282 -0.00326521 -0.048311 -0.331053 -0.458854 -0.0133594 1 0 0 0 0 0 0 0
38 1 0.1 4.38292 3.10748 0.137501 0.0112888 0.00609476 0.000255865 0.0826706 0.00827847 -0.00713572 1 0 0 0 0 0 0 0
39 1 0.1 4.52562 3.26815 0.200072 0.0259473 -0.0698239 -0.196079 0.332418 -2.64637 -0.0804718 1 0 0 0 0 0 0 0
40 1 0.1 4.68904 3.4225 0.235607 -0.0467297 -0.0180771 -0.29038 -0.581839 -2.20843 1.61851 1 0 0 0 0 0 0 0
41 1 0.1 4.95331 3.6784 0.136057 0.177285 0.0505112 -0.0163099 -1.20973 2.48382 -1.00522 1 0 0 0 0 0 0 0
42 1 0.1 5.08958 3.81988 0.156363 0.203462 0.0191598 -0.15322 1.76481 0.114531 0.923449 1 0 0 0 0 0 0 0
43 1 0.1 5.03397 4.0094 0.1365 0.0522342 -0.000188876 0.00234241 -0.0962933 0.206316 -0.179017 1 0 0 0 0 0 0 0
44 1 0.1 5.35278 4.09587 0.217838 0.132454 0.132109 -0.0590612 0.624308 -0.079072 0.0987686 1 0 0 0 0 0 0 0
45 1 0.1 5.49456 4.21141 0.137431 0.106905 0.202904 -0.000159568 0.12385 -0.13462 0.490638 1 0 0 0 0 0 0 0
46 1 0.1 5.64816 4.3758 0.137935 -0.269342 -0.0109179 0.0189006 0.148125 -0.307832 1.07527 1 0 0 0 0 0 0 0
47 1 0.1 5.79653 4.53703 0.137505 -0.656264 -0.342783 -0.00194506 0.0721855 -0.162659 -0.718819 1 0 0 0 0 0 0 0
48 1 0.1 5.90139 4.86902 0.137507 -0.743034 0.208854 -0.000266196 -0.05261 -0.483523 5.2549 1 0 0 0 0 0 0 0
49 1 0.1 6.18687 5.16303 0.149973 -0.0204066 -0.0203126 0.00076148 0.0428743 -0.0372659 -0.0446047 1 0 0 0 0 0 0 0
50 1 0.1 6.416 0.605605 0.150029 0.000719044 -0.00114722 0.000213029 0.00432543 0.00170318 -0.0107035 1 0 0 0 0 0 0 0
51 1 0.1 6.17078 1.11744 0.137104 0.00248821 -0.00159589 -0.000699019 0.0116225 0.0228201 0.0714543 1 0 0 0 0 0 0 0
52 1 0.1 6.01009 1.57251 0.137442 0.00270446 -0.00283355 -0.000413485 -0.0181183 0.000495135 0.0043745 1 0 0 0 0 0 0 0
53 1 0.1 5.81315 1.60577 0.137242 0.00105632 -0.00705776 -0.000927566 0.0580953 0.000966306 0.15068 1 0 0 0 0 0 0 0
54 1 0.1 5.7599 1.79802 0.137477 0.00279692 -0.00877967 0.00154425 -0.040067 0.0781632 -0.184849 1 0 0 0 0 0 0 0
55 1 0.1 5.67341 1.95907 0.216668 0.0245665 0.00507574 -0.0124882 -0.0730168 -0.21321 -0.119664 1 0 0 0 0 0 0 0
56 1 0.1 5.5117 2.0434 0.136865 0.0215822 0.00505619 0.00456334 0.130205 0.374897 0.127891 1 0 0 0 0 0 0 0
57 1 0.1 5.31374 2.187 0.13728 0.0144278 -0.0234138 -0.00342381 0.203571 0.1074 0.214398 1 0 0 0 0 0 0 0
58 1 0.1 5.07126 2.24848 0.238935 0.0538896 -0.00968917 0.0183511 0.343604 -0.0218666 0.0785451 1 0 0 0 0 0 0 0
59 1 0.1 4.85967 2.34894 0.188594 0.0607445 -0.04601 0.00169224 -0.00492204 -0.398341 -0.731879 1 0 0 0 0 0 0 0
60 1 0.1 4.88797 2.71306 0.232543 0.0826534 0.032126 -0.0382975 0.377383 0.395689 -0.560218 1 0 0 0 0 0 0 0
61 1 0.1 4.76318 2.83415 0.13402 0.0446102 0.0293669 0.00219465 -0.293837 0.37102 0.125094 1 0 0 0 0 0 0 0
62 1 0.1 4.86302 3.03119 0.136305 0.128047 -0.0248364 -0.00862409 0.0832951 1.31778 0.0751902 1 0 0 0 0 0 0 0
63 1 0.1 4.66379 3.0722 0.135117 0.0819414 -0.0635593 -0.00403183 1.13312 0.904717 0.0342687 1 0 0 0 0 0 0 0
64 1 0.1 4.70556 3.26292 0.128662 0.0758993 -0.0713371 -0.0482276 -0.99207 0.698886 -0.753261 1 0 0 0 0 0 0 0
65 1 0.1 4.8153 3.5369 0.137105 0.093916 0.118673 0.0114011 1.25166 -2.08667 -0.108474 1 0 0 0 0 0 0 0
66 1 0.1 5.23458 3.68385 0.137389 0.375552 0.173837 -0.00183264 -3.33539 1.50926 0.80966 1 0 0 0 0 0 0 0
67 1 0.1 5.37522 3.82588 0.137477 0.280171 0.254005 -0.00308066 1.27508 -1.39661 1.61594 1 0 0 0 0 0 0 0
68 1 0.1 5.22857 3.96154 0.137353 0.138173 0.0884592 0.00151051 0.274938 0.0587667 0.254394 1 0 0 0 0 0 0 0
69 1 0.1 5.5411 4.09699 0.306395 -0.153249 -0.257257 0.07365 -0.108235 1.71776 2.76989 1 0 0 0 0 0 0 0
70 1 0.1 5.70313 4.21042 0.236143 -0.335485 0.0336029 0.0671386 0.0179525 0.0833195 0.123142 1 0 0 0 0 0 0 0
71 1 0.1 5.84615 4.30984 0.137832 -0.348454 0.00314772 0.0104387 -0.128663 -0.0565949 -0.275036 1 0 0 0 0 0 0 0
72 1 0.1 5.99529 4.44798 0.137235 0.00205628 -0.0198545 -0.000663442 0.175571 -0.00767794 -0.00866798 1 0 0 0 0 0 0 0
73 1 0.1 6.17709 4.87125 0.141617 -0.031306 -0.0367757 -0.0933213 -0.0483406 0.384467 0.0368548 1 0 0 0 0 0 0 0
74 1 0.1 6.40699 5.3836 0.149999 -0.0198398 -0.0218186 0.000393159 -0.0119923 0.00342098 -0.300229 1 0 0 0 0 0 0 0
75 1 0.1 6.45357 0.835034 0.13749 0.00105118 -0.00292047 -3.30919e-05 -0.257284 -0.127116 0.0260886 1 0 0 0 0 0 0 0
76 1 0.1 6.31287 0.97702 0.137521 0.00117119 -0.00329868 -0.00917415 0.261176 -0.0240685 -0.0408858 1 0 0 0 0 0 0 0
77 1 0.1 6.14486 1.42525 0.139704 0.00420197 -0.000711104 0.00115498 -0.0277619 0.029766 0.0129988 1 0 0 0 0 0 0 0
78 1 0.1 5.95692 1.76518 0.13748 -5.42282e-05 -0.00604272 -0.000519917 0.0238906 -0.0505804 0.192412 1 0 0 0 0 0 0 0
79 1 0.1 5.80052 2.12211 0.365232 -0.013564 -0.0129615 -0.0190838 -0.154046 0.00991817 0.149103 1 0 0 0 0 0 0 0
80 1 0.1 5.85032 2.00765 0.137449 0.0341109 -0.00462208 0.000334249 -0.000875173 0.0472884 0.0310804 1 0 0 0 0 0 0 0
81 1 0.1 5.63205 2.20208 0.137102 0.0164143 0.000940961 -0.00304872 0.135928 0.0576225 0.0628092 1 0 0 0 0 0 0 0
82 1 0.1 5.56246 2.7419 0.137315 -0.0238768 0.0464286 0.00432163 -0.454924 -0.234783 -0.165288 1 0 0 0 0 0 0 0
83 1 0.1 5.41409 2.35791 0.135677 0.00362121 -0.0159439 -0.000793526 0.106445 -0.0691121 -0.252936 1 0 0 0 0 0 0 0
84 1 0.1 5.06204 2.41153 0.134183 0.0307496 -0.0432604 -0.00397674 0.560149 0.62488 0.252862 1 0 0 0 0 0 0 0
85 1 0.1 5.03228 2.6081 0.145428 0.0317949 -0.0476804 -0.0256661 -0.911727 -0.142881 -0.231954 1 0 0 0 0 0 0 0
86 1 0.1 5.23256 2.90108 0.318679 0.121998 0.017634 0.0323587 -0.391236 -0.545865 0.686605 1 0 0 0 0 0 0 0
87 1 0.1 4.98316 2.8746 0.164062 0.129001 -0.00304462 -0.0461071 -0.411582 -0.239434 -0.0709186 1 0 0 0 0 0 0 0
88 1 0.1 4.95193 3.20864 0.134977 0.0964792 -0.0415469 -0.00728289 1.05131 0.0952971 0.383846 1 0 0 0 0 0 0 0
89 1 0.1 4.96819 3.40807 0.14053 0.0196191 0.0225338 0.0143391 0.0941604 0.641367 -0.651493 1 0 0 0 0 0 0 0
90 1 0.1 5.16224 3.46017 0.136947 0.125983 0.195052 -0.00561196 0.00470478 0.0493502 0.0306351 1 0 0 0 0 0 0 0
91 1 0.1 5.45805 3.63527 0.136861 0.0825308 0.0706669 -0.00128681 -0.864042 0.903596 0.600793 1 0 0 0 0 0 0 0
92 1 0.1 5.66094 3.67588 0.141465 -0.272807 0.172163 0.0377837 1.49616 3.75052 1.5658 1 0 0 0 0 0 0 0
93 1 0.1 5.74059 3.85947 0.1376 -0.276823 0.208296 0.0136658 -0.98505 -1.36048 -1.36293 1 0 0 0 0 0 0 0
94 1 0.1 5.63554 4.04914 0.137298 -0.221056 -0.124852 -0.00211446 0.213805 -0.196886 -0.190072 1 0 0 0 0 0 0 0
95 1 0.1 5.8348 4.06129 0.13858 -0.259864 -0.118815 0.013621 0.296231 0.0758018 0.514834 1 0 0 0 0 0 0 0
96 1 0.1 5.99842 4.17587 0.137475 -0.457603 -0.0937073 0.00445412 -0.0113257 0.198377 0.565882 1 0 0 0 0 0 0 0
97 1 0.1 6.10734 4.59422 0.214327 -0.00635363 -0.0122289 0.0058072 -0.167982 -0.0729536 0.141323 1 0 0 0 0 0 0 0
98 1 0.1 6.31853 5.01244 0.137423 -0.0319856 -0.0312412 -0.001609 0.304699 -0.296919 0.0688623 1 0 0 0 0 0 0 0
99 1 0.1 6.4204 5.18447 0.137922 -0.0442401 -0.0244072 0.0181475 -0.175719 0.127089 0.0656917 1 0 0 0 0 0 0 0
100 1 0.1 6.45962 0.769816 0.417094 -0.000134911 -0.00611141 -0.00813291 0.175985 0.113154 -0.144136 1 0 0 0 0 0 0 0
101 1 0.1 6.40056 1.15671 0.137491 0.00011867 -0.00361414 0.000158102 -0.113073 0.0848468 0.0656507 1 0 0 0 0 0 0 0
102 1 0.1 6.2611 1.27948 0.211252 0.00233582 -0.00144658 0.000202725 0.00952255 0.00515035 -0.0490013 1 0 0 0 0 0 0 0
103 1 0.1 5.82651 2.20082 0.183263 0.0174544 -0.00316929 -0.0101104 0.183397 0.0155496 -0.033958 1 0 0 0 0 0 0 0
104 1 0.1 5.753 2.90743 0.341341 -0.000441469 0.0306711 -0.0162258 0.213198 -0.803464 0.281639 1 0 0 0 0 0 0 0
105 1 0.1 5.72704 2.37787 0.137312 0.0269953 -0.00637818 4.2383e-05 0.0761413 0.26798 -0.151048 1 0 0 0 0 0 0 0
106 1 0.1 5.62736 2.55169 0.140397 0.0217552 -0.01281 0.00480219 0.0590152 -0.224734 -0.0147477 1 0 0 0 0 0 0 0
107 1 0.1 5.57605 3.04214 0.356072 -0.0547644 0.056956 0.0511543 0.38333 -1.07184 2.43651 1 0 0 0 0 0 0 0
108 1 0.1 5.34931 2.74691 0.140133 0.0695559 -0.0937304 0.0209869 0.191022 -0.107399 0.436652 1 0 0 0 0 0 0 0
109 1 0.1 5.42767 2.55971 0.137087 0.0192536 -0.0207309 -0.00483869 0.139178 0.120685 0.102834 1 0 0 0 0 0 0 0
110 1 0.1 5.23022 2.58627 0.137404 0.0296271 -0.0616372 0.00209124 0.0914955 -0.0645861 0.183446 1 0 0 0 0 0 0 0
111 1 0.1 5.15065 2.76939 0.137466 0.0793129 -0.0552319 0.00202064 -0.0250696 -0.0545596 -0.63955 1 0 0 0 0 0 0 0
112 1 0.1 5.28969 2.95603 0.136848 0.0755175 0.00146023 0.00382078 -0.0686256 0.794511 0.074223 1 0 0 0 0 0 0 0
113 1 0.1 5.13976 3.14271 0.13686 0.113862 -0.0435637 0.00143608 0.0763394 -0.0923943 -0.164909 1 0 0 0 0 0 0 0
114 1 0.1 5.27931 3.26011 0.218805 0.17909 -0.10274 -0.0100175 -0.233995 -2.11104 0.790276 1 0 0 0 0 0 0 0
115 1 0.1 5.44882 3.3393 0.149037 0.167729 -0.0261898 -0.00507052 -1.3916 1.42252 0.468715 1 0 0 0 0 0 0 0
116 1 0.1 5.41846 3.14333 0.137028 0.175458 -0.0506801 0.00814414 1.02862 1.44386 -0.781254 1 0 0 0 0 0 0 0
117 1 0.1 5.63757 3.29414 0.195982 0.173851 -0.0242966 -0.00543601 -0.493745 -0.939072 -0.855897 1 0 0 0 0 0 0 0
118 1 0.1 5.86025 3.69225 0.137504 -0.251821 0.00212377 0.000953891 0.581896 -2.01079 -2.28968 1 0 0 0 0 0 0 0
119 1 0.1 5.9134 3.85671 0.238418 -0.388467 -0.0792493 0.227309 0.443786 -1.51318 -0.677335 1 0 0 0 0 0 0 0
120 1 0.1 5.72997 3.46149 0.137325 0.113026 0.00476396 -0.00727452 -0.0598125 1.07991 -0.371348 1 0 0 0 0 0 0 0
121 1 0.1 5.92956 3.50175 0.137436 -0.0122816 -0.0332903 0.000741998 0.341901 -0.102758 -0.0549686 1 0 0 0 0 0 0 0
122 1 0.1 6.01705 4.3013 0.29205 -0.0662151 -0.082715 -0.0768259 -0.744348 2.18801 -0.608456 1 0 0 0 0 0 0 0
123 1 0.1 6.26412 4.69135 0.13745 -0.00819013 -0.0283126 -0.00234824 -0.533064 -0.213334 0.0114998 1 0 0 0 0 0 0 0
124 1 0.1 6.34547 4.83987 0.244662 -0.0836088 -0.0290339 -0.00778672 0.0758692 -1.42125 0.061757 1 0 0 0 0 0 0 0
125 1 0.1 5.98962 1.03244 0.350225 -0.00396445 0.00536902 -0.00142024 0.0145356 0.0313011 0.13829 1 0 0 0 0 0 0 0
126 1 0.1 5.84831 1.17392 0.348802 -0.00181269 0.00616204 -0.00515429 -0.0796233 -0.0433099 0.0264057 1 0 0 0 0 0 0 0
127 1 0.1 5.66871 1.35151 0.349869 -0.002016 0.00161905 -0.000243534 0.00131146 0.00533704 0.0292653 1 0 0 0 0 0 0 0
128 1 0.1 5.52456 1.49683 0.357262 -0.0135587 0.00736068 -0.00669706 -0.00782791 0.109844 0.14596 1 0 0 0 0 0 0 0
129 1 0.1 5.38439 1.6383 0.339128 -0.0127313 0.00798741 -0.00448542 -0.0493384 0.00591849 0.14741 1 0 0 0 0 0 0 0
130 1 0.1 5.22776 1.79387 0.331538 0.0118623 -0.00151091 -0.0447206 -0.231202 0.638019 -0.0999819 1 0 0 0 0 0 0 0
131 1 0.1 4.99217 2.03857 0.284489 0.00317754 -0.00612671 -0.0255079 0.298811 0.637449 -0.122236 1 0 0 0 0 0 0 0
132 1 0.1 4.85434 2.17308 0.333841 0.00645217 -0.00724153 0.0113151 -0.141728 -0.313734 -0.0970651 1 0 0 0 0 0 0 0
133 1 0.1 4.71753 2.31542 0.324984 0.0146276 -0.000543073 -0.0122702 0.0527624 0.0515526 0.0413761 1 0 0 0 0 0 0 0
134 1 0.1 4.57959 2.44629 0.377802 0.00361699 -0.0131887 0.0111418 -0.285694 0.390825 0.242406 1 0 0 0 0 0 0 0
135 1 0.1 4.29921 2.71227 0.413718 0.0202881 -0.0127419 -0.0263596 -0.389327 0.18828 0.0366447 1 0 0 0 0 0 0 0
136 1 0.1 4.26379 2.87251 0.303337 0.0655607 -0.00287407 -0.0111872 -0.247669 0.492461 -0.000942666 1 0 0 0 0 0 0 0
137 1 0.1 4.19731 3.05511 0.310868 -0.0106432 -0.045901 -0.0322484 -0.200567 -0.317416 1.04073 1 0 0 0 0 0 0 0
138 1 0.1 4.25562 3.23644 0.353278 -0.099056 -0.0544097 -0.00571051 0.346582 -0.546701 -0.290983 1 0 0 0 0 0 0 0
139 1 0.1 4.39575 3.37815 0.349167 -0.0813829 -0.0715245 -0.0863051 0.636399 0.852229 -0.935509 1 0 0 0 0 0 0 0
140 1 0.1 4.53761 3.51425 0.323107 -0.132259 -0.104968 -0.35872 0.232186 -0.208327 -0.838776 1 0 0 0 0 0 0 0
141 1 0.1 4.71614 3.68711 0.328359 0.118804 0.0897161 -0.18276 -1.03108 1.04415 0.346908 1 0 0 0 0 0 0 0
142 1 0.1 4.8867 3.868 0.349118 0.110696 0.0754809 0.00221122 0.195518 -0.252583 1.48381 1 0 0 0 0 0 0 0
143 1 0.1 5.02754 4.00855 0.347351 0.1024 0.062792 -0.022863 -0.178845 0.751774 0.401557 1 0 0 0 0 0 0 0
144 1 0.1 5.2295 4.20709 0.329054 0.0948418 0.0842173 -0.0500544 -0.257567 -0.975288 -0.785587 1 0 0 0 0 0 0 0
145 1 0.1 5.36549 4.34924 0.349787 0.0543419 0.0972672 -0.00193211 0.218139 -0.126596 -0.236306 1 0 0 0 0 0 0 0
146 1 0.1 5.51237 4.4826 0.355674 0.0263248 0.109865 0.0306814 0.145624 -0.061305 0.160985 1 0 0 0 0 0 0 0
147 1 0.1 5.64757 4.62876 0.352568 0.0577653 0.0716203 0.0591881 0.0413227 -0.150568 -0.582538 1 0 0 0 0 0 0 0
148 1 0.1 5.78834 4.76969 0.348069 0.0560195 0.0643748 -0.0428843 -0.66369 0.979129 0.525021 1 0 0 0 0 0 0 0
149 1 0.1 5.92982 4.9104 0.353339 0.0266337 0.100018 -0.132714 0.285373 -0.0810559 -0.0388122 1 0 0 0 0 0 0 0
150 1 0.1 6.13106 0.891103 0.34991 -0.00398183 0.00543726 0.000253097 -0.0179121 -0.0246537 0.0903232 1 0 0 0 0 0 0 0
151 1 0.1 5.86725 1.3719 0.332008 -0.00340145 0.00613727 -0.00430625 0.0846541 -0.0124852 -0.0094617 1 0 0 0 0 0 0 0
152 1 0.1 5.70543 1.55723 0.29824 -0.0131004 0.00509134 -0.00700604 -0.262616 -0.1988 -0.0847654 1 0 0 0 0 0 0 0
153 1 0.1 5.81842 1.79991 0.328518 0.00297076 0.0024736 0.000422855 -0.0508138 0.00387934 -0.029916 1 0 0 0 0 0 0 0
154 1 0.1 5.61964 1.79095 0.310729 0.00408317 0.00819796 -0.0138287 -0.433758 -0.1777 -0.0771789 1 0 0 0 0 0 0 0
155 1 0.1 5.43337 1.81778 0.411817 -0.0194252 0.0102391 -0.0124171 -0.00322772 0.106032 -0.0384491 1 0 0 0 0 0 0 0
156 1 0.1 5.18472 2.06592 0.320234 0.0112053 -0.0477306 -0.0196169 0.370196 -0.532352 -0.127813 1 0 0 0 0 0 0 0
157 1 0.1 5.02765 2.21822 0.421773 0.0174884 -0.0198658 0.00106478 -0.319415 -0.418584 0.0879413 1 0 0 0 0 0 0 0
158 1 0.1 4.84366 2.42768 0.432047 -0.299756 0.281233 0.0261649 0.605439 0.229507 4.17013 1 0 0 0 0 0 0 0
159 1 0.1 4.83874 2.67862 0.428483 0.0686004 -0.0328112 -0.0181958 0.0576219 -0.345254 0.0691518 1 0 0 0 0 0 0 0
160 1 0.1 4.48731 2.61885 0.307304 0.0126175 -0.0136591 -0.00821826 0.0967924 0.0181321 0.0106015 1 0 0 0 0 0 0 0
161 1 0.1 4.53689 2.82041 0.359509 0.0444103 -0.0824205 -0.0554466 0.692973 0.178194 -1.16595 1 0 0 0 0 0 0 0
162 1 0.1 4.44523 3.02131 0.395135 0.0272595 -0.0688777 -0.103338 -0.685193 1.33889 0.467054 1 0 0 0 0 0 0 0
163 1 0.1 4.47694 3.20602 0.375714 -0.0869689 -0.0953509 -0.242302 -0.184276 1.87802 0.302418 1 0 0 0 0 0 0 0
164 1 0.1 4.62731 3.3418 0.3978 -0.0916325 -0.0571765 -0.406861 -0.553052 1.28614 -0.722976 1 0 0 0 0 0 0 0
165 1 0.1 4.81492 3.53039 0.403749 0.333766 0.0413641 -0.459471 2.1295 -3.34938 0.298069 1 0 0 0 0 0 0 0
166 1 0.1 4.9271 3.67479 0.332254 0.359271 0.149724 -0.0287444 0.185412 -0.487287 0.920193 1 0 0 0 0 0 0 0
167 1 0.1 5.07039 3.80091 0.390789 0.196409 0.296431 -0.0146738 -0.0403637 -0.284673 0.979308 1 0 0 0 0 0 0 0
168 1 0.1 5.22704 4.00841 0.346096 0.100581 0.086766 -0.125224 0.665956 -0.023307 -0.333799 1 0 0 0 0 0 0 0
169 1 0.1 5.39226 4.15356 0.426528 -0.0570272 -0.0852883 0.109041 -3.3512 0.134797 -2.24358 1 0 0 0 0 0 0 0
170 1 0.1 5.54457 4.28593 0.41146 0.0187989 0.0477254 0.0224977 -0.146993 -0.0755983 0.188736 1 0 0 0 0 0 0 0
171 1 0.1 5.69234 4.3989 0.338746 -0.0113585 0.0704734 0.00790931 -0.120595 0.227 -0.571767 1 0 0 0 0 0 0 0
172 1 0.1 5.88162 4.44804 0.301197 -0.00520794 -0.0197914 -0.00619772 -0.0544966 -0.0828027 -0.188173 1 0 0 0 0 0 0 0
173 1 0.1 5.93366 4.6408 0.301508 -0.0209371 -0.0149857 -0.0499934 -0.51682 -0.238509 0.285425 1 0 0 0 0 0 0 0
174 1 0.1 6.19741 5.17294 0.354106 -0.0258771 -0.0315808 0.00888874 -0.134988 0.000176816 -0.390865 1 0 0 0 0 0 0 0
175 1 0.1 6.27245 0.749709 0.349823 -0.00417205 0.00517126 -0.000156069 -0.00696173 -0.00981496 0.0835419 1 0 0 0 0 0 0 0
176 1 0.1 6.03021 1.25619 0.336975 -0.00231696 0.0116816 -0.00557703 -0.0281078 -0.0103088 0.0569531 1 0 0 0 0 0 0 0
177 1 0.1 5.91789 1.628 0.306119 -0.00204996 -0.00193273 0.000696153 0.013979 0.0716369 -0.040074 1 0 0 0 0 0 0 0
178 1 0.1 5.91598 1.96156 0.39419 -0.00492357 0.00317074 0.00754498 -0.00523692 -0.242409 0.0322553 1 0 0 0 0 0 0 0
179 1 0.1 5.712 1.9469 0.41231 -0.00162386 0.00607451 -0.00568235 0.0441956 -0.0489435 0.0295087 1 0 0 0 0 0 0 0
180 1 0.1 5.45939 2.01179 0.451721 -0.00234229 0.000521309 0.00664813 0.107505 0.18239 -0.0275866 1 0 0 0 0 0 0 0
181 1 0.1 5.37686 2.06416 0.279018 0.0119935 -0.0133686 -0.00374642 -0.228878 -0.516265 0.278397 1 0 0 0 0 0 0 0
182 1 0.1 5.21974 2.31766 0.420703 0.0308883 -0.00165474 0.073116 -0.583546 -0.314265 -0.178234 1 0 0 0 0 0 0 0
183 1 0.1 5.06196 2.41308 0.346454 0.0647936 -0.0119775 0.0172383 -0.402651 0.125959 -0.211611 1 0 0 0 0 0 0 0
184 1 0.1 4.99371 2.56345 0.452926 0.0712146 -0.0117104 0.00300471 0.287098 -0.189377 0.209496 1 0 0 0 0 0 0 0
185 1 0.1 4.98785 2.79846 0.473299 0.059639 -0.00381028 -0.0188181 -0.716583 -0.271712 0.106332 1 0 0 0 0 0 0 0
186 1 0.1 4.62774 2.67532 0.454731 0.010735 -0.0434605 -0.0213123 -1.31348 -0.201574 0.789117 1 0 0 0 0 0 0 0
187 1 0.1 4.63239 2.96975 0.289442 0.148681 -0.134233 -0.0404674 -0.350785 -0.0398228 -0.116693 1 0 0 0 0 0 0 0
188 1 0.1 4.66614 3.15301 0.354505 -0.0222886 -0.0617478 -0.182002 -1.5797 -2.23682 1.13657 1 0 0 0 0 0 0 0
189 1 0.1 4.86279 3.33623 0.395993 0.558286 0.0410546 -0.491049 -1.80499 4.13595 -0.667605 1 0 0 0 0 0 0 0
190 1 0.1 4.99941 3.47551 0.35843 0.417879 0.136784 -0.290605 2.16597 0.110222 -1.53509 1 0 0 0 0 0 0 0
191 1 0.1 5.13502 3.60627 0.292213 0.491104 0.233929 0.0880443 2.42277 -1.05233 0.799658 1 0 0 0 0 0 0 0
192 1 0.1 5.23996 3.81836 0.286494 0.16612 0.0892657 -0.0770191 -1.11814 -0.944313 0.691845 1 0 0 0 0 0 0 0
193 1 0.1 5.47898 3.90764 0.290003 -0.0938537 -0.222877 -0.617341 -0.669308 4.43104 -2.59065 1 0 0 0 0 0 0 0
194 1 0.1 5.66253 3.94426 0.486505 -0.0534981 -0.00202048 -0.0101212 0.249699 0.274858 0.696463 1 0 0 0 0 0 0 0
195 1 0.1 5.70379 4.12728 0.418648 -0.157419 0.0358694 0.00899362 0.145459 -0.0531923 0.342687 1 0 0 0 0 0 0 0
196 1 0.1 5.8385 4.26881 0.378323 -0.104367 -0.00597012 0.0130523 -0.244385 0.00255038 -0.936492 1 0 0 0 0 0 0 0
197 1 0.1 5.85139 4.01991 0.33605 -0.583431 -0.0653805 0.0893578 -1.1148 0.428081 0.895716 1 0 0 0 0 0 0 0
198 1 0.1 6.0713 4.78475 0.287343 -0.0414088 0.00359827 -0.0747778 -0.602578 -0.582617 0.0921312 1 0 0 0 0 0 0 0
199 1 0.1 6.33813 5.31495 0.349994 -0.0270642 -0.0312137 -0.000140047 0.00100626 -0.000739409 -0.0409754 1 0 0 0 0 0 0 0
200 1 0.1 6.32331 0.943905 0.334395 0.00543528 -0.0286978 -0.0134216 -0.0428806 0.137805 -0.462915 1 0 0 0 0 0 0 0
201 1 0.1 6.17911 1.09374 0.33484 -0.00475005 0.00931345 -0.000872398 -0.118589 -0.0733021 -0.0896565 1 0 0 0 0 0 0 0
202 1 0.1 6.03981 1.46952 0.306087 0.00169085 -0.00104707 -0.000198719 0.00467459 -0.00026208 -0.0270301 1 0 0 0 0 0 0 0
203 1 0.1 5.85252 2.35268 0.310665 0.0310669 -0.0749383 0.0742797 0.744356 -1.04074 -1.01072 1 0 0 0 0 0 0 0
204 1 0.1 5.72271 2.50023 0.347224 0.107605 0.0151845 -0.0133837 -0.436636 -0.663893 -0.450449 1 0 0 0 0 0 0 0
205 1 0.1 5.60269 2.13643 0.389763 -0.0105688 0.00110857 -0.0119933 0.190085 0.0327215 -0.377267 1 0 0 0 0 0 0 0
206 1 0.1 5.42141 2.25659 0.305277 -0.00771649 -0.00955833 0.00230606 0.0869056 -0.0374421 -0.00171914 1 0 0 0 0 0 0 0
207 1 0.1 5.40169 2.39675 0.443537 0.035707 0.00569917 -0.00713304 -0.741835 0.120053 -0.395162 1 0 0 0 0 0 0 0
208 1 0.1 5.23372 2.3866 0.233521 -0.00603313 -0.00550731 0.0693041 0.263909 -0.820968 0.361596 1 0 0 0 0 0 0 0
209 1 0.1 5.28654 2.71536 0.36875 0.0743923 0.00415641 0.0389408 0.169158 -0.160256 -0.416544 1 0 0 0 0 0 0 0
210 1 0.1 5.40162 2.87117 0.419913 0.113486 0.0434012 0.0528182 1.48124 -0.131252 0.296687 1 0 0 0 0 0 0 0
211 1 0.1 5.06952 2.70619 0.315711 0.067009 -0.0610688 0.000749241 0.351658 -0.803993 -0.125015 1 0 0 0 0 0 0 0
212 1 0.1 4.83863 2.95165 0.315589 0.19719 -0.00164016 0.0282296 -0.450223 -0.710038 0.287721 1 0 0 0 0 0 0 0
213 1 0.1 4.85576 3.16538 0.298726 0.062765 -0.108198 -0.0730125 -1.48274 0.383426 -1.61394 1 0 0 0 0 0 0 0
214 1 0.1 5.101 3.32907 0.273419 0.161333 -0.0402085 -0.243044 -2.60094 0.690086 -0.854871 1 0 0 0 0 0 0 0
215 1 0.1 5.26331 3.43315 0.319674 0.161388 -0.0198611 -0.285059 -0.500132 -2.36964 0.102545 1 0 0 0 0 0 0 0
216 1 0.1 5.44735 3.49292 0.274949 0.209224 0.0316366 -0.0330843 1.32739 -0.0167348 0.311938 1 0 0 0 0 0 0 0
217 1 0.1 5.4207 3.65866 0.380434 -0.0609666 0.0360648 -0.0814516 -1.34564 -4.52119 -0.0108459 1 0 0 0 0 0 0 0
218 1 0.1 5.71133 3.82179 0.334685 -0.539774 -0.129846 0.0133798 1.84824 -0.317793 -3.4696 1 0 0 0 0 0 0 0
219 1 0.1 5.89611 3.73488 0.398099 0.0756077 0.0832094 -0.0296008 -0.544592 1.83392 1.07866 1 0 0 0 0 0 0 0
220 1 0.1 5.84449 3.45768 0.492587 -0.00808794 -0.0125666 0.134555 -0.498982 -1.04419 -0.719985 1 0 0 0 0 0 0 0
221 1 0.1 6.00018 3.90462 0.416017 -0.0891013 0.187642 -0.0863187 1.25671 0.34529 1.08731 1 0 0 0 0 0 0 0
222 1 0.1 5.84043 3.56668 0.304102 0.102316 -0.0363398 0.062396 -0.0603847 1.25854 -0.425214 1 0 0 0 0 0 0 0
223 1 0.1 6.15787 4.9818 0.308893 -0.00928709 -0.0373241 -0.0404672 -0.477046 0.03625 -0.121296 1 0 0 0 0 0 0 0
224 1 0.1 6.35713 5.05548 0.32878 -0.0552803 -0.0695019 0.00851737 0.0875012 0.0460285 -0.0851093 1 0 0 0 0 0 0 0
225 1 0.1 6.32107 1.2224 0.39313 0.00759566 0.00263766 -0.000453998 -0.0605807 0.064423 0.0220829 1 0 0 0 0 0 0 0
226 1 0.1 6.05137 1.8689 0.279941 -0.00953678 0.101728 -0.0744797 -0.194299 1.60673 1.57387 1 0 0 0 0 0 0 0
227 1 0.1 6.1838 1.36756 0.400036 0.00404986 0.000583252 -0.000855348 -0.0535017 0.045725 0.0225077 1 0 0 0 0 0 0 0
228 1 0.1 5.82804 2.54413 0.183134 0.0794348 -0.0262315 -0.0421117 0.284359 1.15153 -0.0928974 1 0 0 0 0 0 0 0
229 1 0.1 5.48921 2.95681 0.137244 0.0718859 -0.0750918 -0.00568905 -0.0178068 0.0764885 -0.0229865 1 0 0 0 0 0 0 0
230 1 0.1 5.79058 3.08664 0.421599 -0.0292351 0.040776 -0.0193062 -0.127823 1.36206 0.284709 1 0 0 0 0 0 0 0
231 1 0.1 5.65041 2.31334 0.309998 0.022893 -0.00489789 -0.0012884 -0.099343 -0.346326 0.17035 1 0 0 0 0 0 0 0
232 1 0.1 5.51001 2.45257 0.283188 0.0367999 -0.00952488 -0.0245098 -0.30751 0.381205 -0.280069 1 0 0 0 0 0 0 0
233 1 0.1 5.69022 2.69453 0.313084 -0.00372947 -0.00534981 -0.0327164 0.0733986 -0.449367 0.0738093 1 0 0 0 0 0 0 0
234 1 0.1 5.46906 2.64133 0.334901 0.0626892 -0.00672202 -0.00649335 0.329806 0.453811 0.213355 1 0 0 0 0 0 0 0
235 1 0.1 5.56367 2.8491 0.305745 0.0814851 0.0649666 -0.00109028 0.134945 0.708621 -1.1359 1 0 0 0 0 0 0 0
236 1 0.1 5.46195 3.01888 0.542127 -0.137971 0.0353524 0.235785 -1.73026 1.3176 0.307501 1 0 0 0 0 0 0 0
237 1 0.1 5.04491 2.94949 0.360548 0.100669 -0.0232734 -0.0401576 0.369465 -0.160027 -0.198184 1 0 0 0 0 0 0 0
238 1 0.1 5.09548 3.13922 0.33083 0.0819905 0.00869247 -0.00992426 -0.31827 -0.204744 -0.113347 1 0 0 0 0 0 0 0
239 1 0.1 5.24913 3.09566 0.450931 -0.0152515 -0.132671 0.0681823 -2.20392 -0.0601248 -3.6756 1 0 0 0 0 0 0 0
240 1 0.1 5.38231 3.03189 0.298961 0.0705669 0.0933471 0.0959925 -2.11742 -2.17079 0.459832 1 0 0 0 0 0 0 0
241 1 0.1 5.50201 3.2127 0.514866 -0.0375816 -0.0192975 0.037914 0.0679937 0.627988 -1.6115 1 0 0 0 0 0 0 0
242 1 0.1 5.41131 3.3069 0.364099 0.0825347 0.0232079 0.0146304 -0.324636 -1.08018 0.0526725 1 0 0 0 0 0 0 0
243 1 0.1 5.57915 3.42666 0.441079 0.136446 0.0225501 -0.0118116 -0.0450042 0.4065 -0.985864 1 0 0 0 0 0 0 0
244 1 0.1 5.63829 3.54685 0.292755 0.213318 0.0246146 0.0236861 0.147936 -0.202431 -0.319568 1 0 0 0 0 0 0 0
245 1 0.1 5.62879 3.09906 0.153035 0.013608 -0.0198448 -0.0218775 0.439453 0.531182 0.460679 1 0 0 0 0 0 0 0
246 1 0.1 5.75421 3.3879 0.328496 0.11223 -0.0391211 0.0672741 -0.355618 -0.938849 -0.404836 1 0 0 0 0 0 0 0
247 1 0.1 6.0386 4.45107 0.424667 -0.0304906 -0.0625949 0.00795299 0.0468323 -0.16554 -0.335395 1 0 0 0 0 0 0 0
248 1 0.1 6.15117 4.61549 0.408213 -0.0247911 -0.0761259 0.0242881 -0.236675 -0.58491 -0.23725 1 0 0 0 0 0 0 0
249 1 0.1 6.26952 4.77836 0.419099 -0.15845 -0.0446368 -0.0500244 0.0193908 1.5181 0.272085 1 0 0 0 0 0 0 0
250 1 0.1 6.07292 0.949666 0.536426 -0.0148392 0.0279032 -0.0169378 -0.0417105 0.178679 0.332311 1 0 0 0 0 0 0 0
251 1 0.1 5.8618 1.15275 0.546712 -0.000685379 -0.000409222 -0.00717058 -0.119329 0.10829 0.320544 1 0 0 0 0 0 0 0
252 1 0.1 5.72122 1.29705 0.555309 -0.000652987 0.000641213 -0.000811931 -0.000721734 0.00622616 0.00880878 1 0 0 0 0 0 0 0
253 1 0.1 5.48254 1.54167 0.547318 0.00115925 -0.001923 -0.000619774 0.0215844 0.0380035 0.0422597 1 0 0 0 0 0 0 0
254 1 0.1 5.3469 1.68369 0.584402 0.00203811 -0.00461483 0.000275887 -0.012125 -0.132024 -0.00177537 1 0 0 0 0 0 0 0
255 1 0.1 5.21143 1.81758 0.528483 0.0198223 -0.0127266 -0.0398144 0.548739 -0.801284 0.289216 1 0 0 0 0 0 0 0
256 1 0.1 5.01791 1.99646 0.550729 0.00614224 -0.00773431 0.00327536 0.0527502 -0.0993764 0.178692 1 0 0 0 0 0 0 0
257 1 0.1 4.88212 2.13779 0.528065 0.0163663 -0.0119553 0.000766625 0.124164 -0.144764 -0.215782 1 0 0 0 0 0 0 0
258 1 0.1 4.74141 2.28168 0.526132 0.0103174 -0.00466987 -0.00140132 -0.0184882 -0.0410105 -0.114661 1 0 0 0 0 0 0 0
259 1 0.1 4.60917 2.42469 0.570896 0.0473701 0.0292557 0.0131514 -0.149562 -0.0102514 0.223101 1 0 0 0 0 0 0 0
260 1 0.1 4.45744 2.56571 0.497624 0.0421478 -0.0210944 -0.00892452 0.113372 1.03355 -0.92929 1 0 0 0 0 0 0 0
261 1 0.1 4.38034 2.85576 0.457464 0.0804714 -0.0290148 -0.0304311 0.115019 -0.0893459 -0.27093 1 0 0 0 0 0 0 0
262 1 0.1 4.19354 2.94422 0.549994 -2.63467e-06 -8.82562e-05 0.000105486 6.95318e-05 -0.000573648 -0.00118635 1 0 0 0 0 0 0 0
263 1 0.1 4.19262 3.16412 0.548079 -0.00287075 -0.024199 0.0360277 0.0602036 -0.124434 0.0176128 1 0 0 0 0 0 0 0
264 1 0.1 4.33034 3.30393 0.520616 -0.0175767 -0.0426068 -0.100284 0.128248 1.79654 -0.117421 1 0 0 0 0 0 0 0
265 1 0.1 4.4863 3.46437 0.504196 0.0772324 0.0673609 -0.248013 -1.11322 4.37407 0.688368 1 0 0 0 0 0 0 0
266 1 0.1 4.73263 3.66607 0.525886 0.205972 -0.0296026 -0.315832 4.00702 -1.43045 0.00627327 1 0 0 0 0 0 0 0
267 1 0.1 4.84692 3.82395 0.548899 0.0541428 0.0443683 0.097632 -0.419226 -1.09434 1.55678 1 0 0 0 0 0 0 0
268 1 0.1 5.01484 3.99834 0.547281 -0.00958612 0.00208583 0.00640621 0.0430249 -0.0967893 0.0791246 1 0 0 0 0 0 0 0
269 1 0.1 5.15656 4.1385 0.557281 0.0170934 -0.0633617 0.207684 0.123437 -2.56395 -0.855336 1 0 0 0 0 0 0 0
270 1 0.1 5.2998 4.27985 0.566629 0.00114097 0.0253639 -0.00938545 0.0547758 0.0837963 0.204745 1 0 0 0 0 0 0 0
271 1 0.1 5.43892 4.4219 0.54688 0.0122485 0.014269 -0.0105838 -0.0014461 0.0480585 -0.102074 1 0 0 0 0 0 0 0
272 1 0.1 5.58016 4.56326 0.552532 0.00642429 0.0202564 -0.018956 0.102081 0.168888 0.198905 1 0 0 0 0 0 0 0
273 1 0.1 5.72422 4.70775 0.555854 -0.00320649 0.00585065 -0.00664464 0.0530905 0.040622 -0.0596786 1 0 0 0 0 0 0 0
274 1 0.1 5.86515 4.84913 0.545801 0.00329029 -0.0014533 -0.0096369 0.0608205 0.0820946 0.00435997 1 0 0 0 0 0 0 0
275 1 0.1 6.21204 0.80628 0.550105 -0.00648324 0.00942128 0.00268047 0.0150863 -0.0215137 0.118191 1 0 0 0 0 0 0 0
276 1 0.1 5.9156 1.34394 0.523844 -0.00198422 -0.000954105 -0.0058602 -0.0207705 0.0350565 -0.0441952 1 0 0 0 0 0 0 0
277 1 0.1 5.76904 1.47284 0.473046 0.00109263 0.000321158 -0.000328313 0.0163423 0.0222956 -0.044337 1 0 0 0 0 0 0 0
278 1 0.1 5.70192 1.68107 0.455936 -0.00508525 0.0180655 0.00280253 0.210072 0.13083 -0.0498418 1 0 0 0 0 0 0 0
279 1 0.1 5.53337 1.7556 0.587512 0.00339814 -0.0139686 -0.00463104 -0.0622683 0.00295181 -0.0818217 1 0 0 0 0 0 0 0
280 1 0.1 5.38583 1.89183 0.591381 0.00490176 -0.00449754 0.00204622 0.0666491 0.033755 -0.128832 1 0 0 0 0 0 0 0
281 1 0.1 5.21026 2.01471 0.506607 -0.0124136 -0.0129499 -0.0266216 -0.714604 0.377169 -0.0370808 1 0 0 0 0 0 0 0
282 1 0.1 5.04352 2.20335 0.614254 0.00284646 -0.00349179 0.000411213 0.505263 0.173204 -0.0317177 1 0 0 0 0 0 0 0
283 1 0.1 4.86448 2.39233 0.63816 0.020419 -0.0176681 -0.00204524 0.0763902 0.81713 -0.0258996 1 0 0 0 0 0 0 0
284 1 0.1 4.77673 2.5567 0.568943 -0.0405303 0.0463891 0.0645758 -0.415156 0.465919 -1.14718 1 0 0 0 0 0 0 0
285 1 0.1 4.59382 2.60902 0.63518 0.0292347 0.0211432 -0.0144357 0.651042 0.0529212 0.186872 1 0 0 0 0 0 0 0
286 1 0.1 4.60177 2.82233 0.595769 0.0597283 0.00749499 -0.017516 0.148791 -0.332036 -0.36817 1 0 0 0 0 0 0 0
287 1 0.1 4.44046 2.93442 0.606881 0.0473153 -0.0019202 -0.00779093 -0.468563 -0.459541 -0.196244 1 0 0 0 0 0 0 0
288 1 0.1 4.41453 3.12339 0.594937 0.146367 0.0230308 -0.0270585 -0.344878 2.49634 -0.181572 1 0 0 0 0 0 0 0
289 1 0.1 4.5176 3.2789 0.551417 0.0129455 0.0595882 -0.307225 -1.09422 0.20714 1.1142 1 0 0 0 0 0 0 0
290 1 0.1 4.6714 3.47992 0.526493 0.134879 0.0476336 -0.726548 -0.974042 0.24077 -0.85658 1 0 0 0 0 0 0 0
291 1 0.1 4.92519 3.63076 0.56621 0.160023 0.0356875 -0.0367021 -1.98169 -1.3096 0.60076 1 0 0 0 0 0 0 0
292 1 0.1 5.04036 3.80462 0.588272 0.102822 0.0220646 -0.0396752 0.158556 2.31429 -1.68484 1 0 0 0 0 0 0 0
293 1 0.1 5.19328 3.9095 0.515902 0.13591 -0.0898026 -0.203403 1.40362 1.04855 -0.166249 1 0 0 0 0 0 0 0
294 1 0.1 5.32979 4.04187 0.577072 0.00329888 -0.0967891 0.12164 3.80909 1.37208 0.98778 1 0 0 0 0 0 0 0
295 1 0.1 5.48692 4.2159 0.589423 -0.0125449 0.0472932 0.00820531 0.314332 -0.369589 -0.0789786 1 0 0 0 0 0 0 0
296 1 0.1 5.66789 4.2987 0.576335 -0.0173341 0.0642145 0.00586462 -0.216372 0.428431 0.192844 1 0 0 0 0 0 0 0
297 1 0.1 5.76185 4.47414 0.561162 -0.0310859 0.067662 -0.0343081 0.16506 0.362179 -0.0798641 1 0 0 0 0 0 0 0
298 1 0.1 5.88901 4.61294 0.494297 -0.0269718 0.0280557 -0.0456395 0.112106 0.173253 -0.339088 1 0 0 0 0 0 0 0
299 1 0.1 6.14009 5.11117 0.584871 -0.0099966 -0.0126519 0.00364842 -0.106955 0.0938085 -0.116406 1 0 0 0 0 0 0 0
300 1 0.1 6.35366 0.664566 0.550061 -0.00680817 0.0103419 -0.000330974 -0.000962075 0.0035095 0.127915 1 0 0 0 0 0 0 0
301 1 0.1 6.05649 1.14628 0.501598 0.00178723 0.0216952 -0.00579759 -0.0494972 0.00961743 0.0233528 1 0 0 0 0 0 0 0
302 1 0.1 5.95926 1.53366 0.477453 0.002941 -0.00251764 -0.000743595 0.048763 0.00120122 0.0196291 1 0 0 0 0 0 0 0
303 1 0.1 5.84731 1.65436 0.590546 0.00116213 -0.000826092 -0.00422892 -0.0241036 -0.0269636 0.0148976 1 0 0 0 0 0 0 0
304 1 0.1 5.76613 1.83534 0.569638 0.00244566 -0.00263997 -0.0106783 -0.00826023 -0.0473919 -0.00511612 1 0 0 0 0 0 0 0
305 1 0.1 5.59913 1.94414 0.57709 0.000407045 -0.0143624 -0.00308116 0.110108 0.074385 0.105734 1 0 0 0 0 0 0 0
306 1 0.1 5.33682 2.16679 0.477377 0.00954087 -0.00822488 0.0825674 0.486739 0.273465 -0.0308962 1 0 0 0 0 0 0 0
307 1 0.1 5.21794 2.30084 0.61967 -0.0116572 0.0104474 0.070791 0.451828 -0.0782651 0.00884753 1 0 0 0 0 0 0 0
308 1 0.1 5.20201 2.53955 0.412135 0.0297878 0.0213284 0.025656 -0.581649 -1.028 0.211359 1 0 0 0 0 0 0 0
309 1 0.1 5.11279 2.47288 0.580593 0.0392919 -0.0448996 0.00596682 -0.115571 -0.0378915 -0.603184 1 0 0 0 0 0 0 0
310 1 0.1 5.01804 2.69552 0.640561 0.0193261 0.0210363 0.0124443 0.381222 -0.291257 0.073327 1 0 0 0 0 0 0 0
311 1 0.1 4.80054 2.79207 0.583817 0.105634 -0.0370557 -0.00717766 0.111928 0.00365646 -1.04034 1 0 0 0 0 0 0 0
312 1 0.1 4.71017 2.91503 0.461273 0.136297 -0.04348 -0.0183525 -0.215371 -0.372007 0.914192 1 0 0 0 0 0 0 0
313 1 0.1 4.75925 3.09838 0.523986 -0.11084 0.0644615 -0.12477 -1.7081 -1.86974 -0.982697 1 0 0 0 0 0 0 0
314 1 0.1 4.74849 3.29647 0.548953 0.442323 0.174029 -0.689901 1.44114 -5.86584 -1.30989 1 0 0 0 0 0 0 0
315 1 0.1 4.85185 3.45245 0.61912 0.02184 0.118225 0.0457434 0.473945 -3.80085 0.295604 1 0 0 0 0 0 0 0
316 1 0.1 5.07217 3.49043 0.544017 -0.234903 -0.203834 -0.0137636 0.352144 -1.52847 1.17157 1 0 0 0 0 0 0 0
317 1 0.1 5.16341 3.6658 0.513791 -0.247984 -0.225724 -0.16145 -1.161 0.499869 -1.3225 1 0 0 0 0 0 0 0
318 1 0.1 5.36484 3.84059 0.439812 0.275517 0.163101 -0.156186 -0.926939 2.05595 -2.18548 1 0 0 0 0 0 0 0
319 1 0.1 5.47895 3.91242 0.586476 0.0663163 -0.0314025 0.112368 2.07193 -5.89435 0.294651 1 0 0 0 0 0 0 0
320 1 0.1 5.64836 4.101 0.608947 -0.0620342 0.0042184 0.0186667 -0.104904 0.0195415 -0.407251 1 0 0 0 0 0 0 0
321 1 0.1 5.83467 4.18843 0.573241 -0.195884 -0.20229 0.0290244 -0.0945727 -0.201344 -1.90509 1 0 0 0 0 0 0 0
322 1 0.1 5.93057 4.36769 0.57328 -0.111564 -0.0647151 -0.0266618 -0.217097 -0.476876 -1.55579 1 0 0 0 0 0 0 0
323 1 0.1 6.03069 4.75386 0.487486 -0.00643043 -0.0248865 -0.0234918 0.127259 0.0158783 -0.35961 1 0 0 0 0 0 0 0
324 1 0.1 6.27549 5.25404 0.549642 -0.0106158 -0.01192 0.00482152 0.0454997 -0.0982571 -0.139921 1 0 0 0 0 0 0 0
325 1 0.1 6.37699 0.916459 0.525006 0.000768937 -0.00541884 -0.00814075 -0.395824 -0.092384 -0.232312 1 0 0 0 0 0 0 0
326 1 0.1 6.24547 1.06688 0.520847 0.0197193 0.0119485 -0.0117479 0.0571316 0.361282 -0.0256119 1 0 0 0 0 0 0 0
327 1 0.1 5.95248 1.77926 0.475253 0.000106731 0.00490907 0.000394984 0.0443972 -0.0305836 0.0467821 1 0 0 0 0 0 0 0
328 1 0.1 5.95501 1.94338 0.589444 -0.00280475 0.00181063 0.00557259 0.0243151 0.00602957 -0.0296154 1 0 0 0 0 0 0 0
329 1 0.1 5.77741 2.0347 0.579562 -0.00691906 -0.00108699 0.00238783 0.063538 -0.0638653 0.124118 1 0 0 0 0 0 0 0
330 1 0.1 5.61007 2.14339 0.589515 -0.0223426 -0.0146826 -0.00551622 -0.00695904 0.315075 -0.490775 1 0 0 0 0 0 0 0
331 1 0.1 5.73053 2.26485 0.486456 -0.00559947 -0.0293681 0.00149451 0.415749 0.0680133 -0.16281 1 0 0 0 0 0 0 0
332 1 0.1 5.69637 2.43547 0.584891 0.0359613 -0.0278592 0.0152211 -0.0685733 -0.832107 -0.769867 1 0 0 0 0 0 0 0
333 1 0.1 5.56147 2.51924 0.463513 0.085354 -0.0227714 -0.0380429 0.601452 0.336647 0.802067 1 0 0 0 0 0 0 0
334 1 0.1 5.41278 2.64695 0.571403 -0.0090828 -0.00839532 -0.0528509 0.211973 0.428444 0.77657 1 0 0 0 0 0 0 0
335 1 0.1 5.21329 2.65153 0.583179 -0.00539853 -0.0357523 -0.00911247 0.136466 -7.57058e-05 -0.517584 1 0 0 0 0 0 0 0
336 1 0.1 5.1825 2.82819 0.49681 0.0654383 0.00296176 0.0289502 0.353958 -0.260348 -0.136863 1 0 0 0 0 0 0 0
337 1 0.1 4.88929 2.96991 0.605055 -0.218876 0.109108 0.124105 0.235875 -0.733048 1.83753 1 0 0 0 0 0 0 0
338 1 0.1 4.94946 3.09464 0.457369 0.103894 -0.0395251 -0.0320903 0.19959 0.227889 0.933825 1 0 0 0 0 0 0 0
339 1 0.1 5.09801 3.19236 0.546184 0.0656974 0.0138194 -0.00244886 2.05041 1.15689 1.4205 1 0 0 0 0 0 0 0
340 1 0.1 5.24508 3.31766 0.499873 0.0792043 -0.0444702 -0.204375 -0.926649 2.54952 -2.69784 1 0 0 0 0 0 0 0
341 1 0.1 5.421 3.39023 0.557484 0.0351452 0.0707453 -0.1416 -1.76845 -4.33695 3.0244 1 0 0 0 0 0 0 0
342 1 0.1 5.35596 3.57856 0.551088 -0.171566 0.00582716 -0.124591 2.19787 3.27397 -0.391233 1 0 0 0 0 0 0 0
343 1 0.1 5.55866 3.77599 0.462972 -0.122212 0.0212503 0.0598119 -0.259606 1.14188 -1.2485 1 0 0 0 0 0 0 0
344 1 0.1 5.72146 3.78337 0.589137 -0.0509335 0.0187687 0.0476212 -0.216377 -1.28354 0.168215 1 0 0 0 0 0 0 0
345 1 0.1 5.71381 3.4011 0.762011 -0.0608602 -0.0470004 0.0635812 -0.0633008 0.934967 -2.14322 1 0 0 0 0 0 0 0
346 1 0.1 5.84227 3.94188 0.573839 -0.0717416 0.0213681 0.0388983 -0.180448 -0.746365 -0.366986 1 0 0 0 0 0 0 0
347 1 0.1 6.01795 4.03668 0.565091 -0.0596327 -0.0163655 0.0777739 -0.978935 -0.268866 0.0461596 1 0 0 0 0 0 0 0
348 1 0.1 6.0726 4.95056 0.487025 -0.032273 0.0205102 -0.0414023 0.212166 -1.12126 -0.763218 1 0 0 0 0 0 0 0
349 1 0.1 6.2706 4.97769 0.49137 -0.0228901 -0.0560948 0.0297081 -0.195086 0.396126 -0.0148421 1 0 0 0 0 0 0 0
350 1 0.1 6.40087 1.18184 0.57183 0.00659782 0.022991 0.00448998 -0.00985675 -0.15512 0.332002 1 0 0 0 0 0 0 0
351 1 0.1 6.21018 1.25818 0.565914 0.0191748 0.00965317 -0.000185371 0.000103149 -0.00772363 0.11021 1 0 0 0 0 0 0 0
352 1 0.1 6.09537 1.42143 0.570974 0.00528442 0.000669943 0.000895523 0.0181451 -0.00353272 0.0528433 1 0 0 0 0 0 0 0
353 1 0.1 5.97738 1.80254 0.762533 -0.0016877 -0.000101501 0.000417461 0.00230812 0.0121823 0.00474239 1 0 0 0 0 0 0 0
354 1 0.1 5.77808 2.73217 0.137418 0.07759 -0.0170133 0.00239175 -0.190363 0.266872 -0.223645 1 0 0 0 0 0 0 0
355 1 0.1 5.68149 2.90616 0.154735 0.0792551 -0.0132287 -0.0414022 -0.478965 -0.00132547 0.251928 1 0 0 0 0 0 0 0
356 1 0.1 5.6668 2.64402 0.609257 0.00260147 0.0078693 -0.0228469 -0.295265 0.900866 0.455893 1 0 0 0 0 0 0 0
357 1 0.1 5.7612 2.77161 0.487776 -0.00479707 -0.0146683 -0.0570432 -0.0747788 -0.204766 0.173394 1 0 0 0 0 0 0 0
358 1 0.1 5.24687 2.77013 0.761192 -0.0541693 0.00253378 -0.0124047 0.0539234 -0.0700572 0.211155 1 0 0 0 0 0 0 0
359 1 0.1 5.56187 2.75705 0.482684 -0.00461455 0.00747889 -0.024095 0.595882 -1.23841 0.0028494 1 0 0 0 0 0 0 0
360 1 0.1 5.64829 2.9327 0.52317 0.0219796 0.00924821 -0.04771 0.196057 0.906215 -0.756851 1 0 0 0 0 0 0 0
361 1 0.1 5.52602 2.84886 0.65723 0.0869298 0.0184734 0.0181713 0.0322177 0.313176 0.371624 1 0 0 0 0 0 0 0
362 1 0.1 5.33447 2.88244 0.613058 0.0296717 -0.145822 0.173863 3.96871 0.0685158 1.39061 1 0 0 0 0 0 0 0
363 1 0.1 5.08552 2.99311 0.574581 -0.22851 0.0580492 0.0190111 -0.342844 1.79205 -2.33811 1 0 0 0 0 0 0 0
364 1 0.1 5.42365 3.00949 0.738258 -0.000782272 -0.196669 0.278528 -1.4755 1.34984 0.724081 1 0 0 0 0 0 0 0
365 1 0.1 5.25462 3.12249 0.648949 0.0408626 0.0517615 0.0435941 0.237806 0.0948173 -0.0657199 1 0 0 0 0 0 0 0
366 1 0.1 5.66995 3.12399 0.576605 -0.010951 0.00490164 0.00563397 -0.131806 -0.219834 1.85946 1 0 0 0 0 0 0 0
367 1 0.1 5.55969 3.29977 0.685129 -0.0867642 -0.0175804 0.0553557 0.0943513 -1.07582 2.03806 1 0 0 0 0 0 0 0
368 1 0.1 5.65918 3.53047 0.592016 0.0167394 0.0118306 0.0615696 0.179504 -1.34874 0.878185 1 0 0 0 0 0 0 0
369 1 0.1 5.7218 3.64799 0.442779 0.129226 0.000238354 0.0607466 -0.0827865 -1.05114 0.000572599 1 0 0 0 0 0 0 0
370 1 0.1 5.70682 3.31922 0.551279 -0.00982449 -0.0135339 0.116392 -1.19085 -0.604455 -0.71702 1 0 0 0 0 0 0 0
371 1 0.1 5.65172 3.22518 0.383059 -0.0429326 0.050264 0.0418645 -0.452989 -0.795931 -0.920088 1 0 0 0 0 0 0 0
372 1 0.1 6.00588 4.21289 0.471659 -0.0879262 -0.0686415 -0.00837084 0.0278982 0.46923 0.124705 1 0 0 0 0 0 0 0
373 1 0.1 6.06486 4.56595 0.586101 -0.0308941 -0.0430206 -0.00354782 -0.359177 0.00533377 0.148387 1 0 0 0 0 0 0 0
374 1 0.1 6.1947 4.7437 0.601217 -0.0272129 -0.0476494 -0.00211443 -0.106217 -0.174066 0.0843462 1 0 0 0 0 0 0 0
375 1 0.1 6.11193 0.92484 0.753837 0.0197619 0.00948667 -0.0263576 -0.0251797 -0.225817 0.123817 1 0 0 0 0 0 0 0
376 1 0.1 5.82784 1.19578 0.750571 0.00120566 -0.00152254 -0.00138504 -0.000731664 0.0156504 -0.0113742 1 0 0 0 0 0 0 0
377 1 0.1 5.68649 1.33697 0.750115 0.00163258 -0.00180227 -0.000633208 -0.00280464 -0.0124698 -0.0962605 1 0 0 0 0 0 0 0
378 1 0.1 5.54771 1.47985 0.75737 0.00123105 -0.00329243 -0.00199213 0.00668185 -0.00620946 0.12395 1 0 0 0 0 0 0 0
379 1 0.1 5.4069 1.62071 0.762567 0.00139914 -0.00488175 -0.000704811 0.000225106 -0.00343414 -0.104675 1 0 0 0 0 0 0 0
380 1 0.1 5.25549 1.76678 0.749846 0.00977771 -0.00912339 -0.00420729 -0.0186655 0.0737819 -0.144855 1 0 0 0 0 0 0 0
381 1 0.1 5.12156 1.91004 0.715116 0.0282956 8.50353e-05 -0.027208 -0.298837 -0.0677459 0.0266365 1 0 0 0 0 0 0 0
382 1 0.1 4.95091 2.06583 0.751421 0.0475941 -0.0256369 0.012869 0.143787 -0.0238942 -0.570083 1 0 0 0 0 0 0 0
383 1 0.1 4.75601 2.26554 0.747155 0.0234986 -0.018169 0.0174861 0.219139 -0.237491 -0.950173 1 0 0 0 0 0 0 0
384 1 0.1 4.61882 2.40335 0.764305 0.0264698 -0.0312297 2.95048e-05 -0.494184 -0.530308 -0.39442 1 0 0 0 0 0 0 0
385 1 0.1 4.38737 2.71992 0.598398 0.106899 0.0203472 -0.00526428 0.186754 -1.00145 0.0473488 1 0 0 0 0 0 0 0
386 1 0.1 4.19268 2.8296 0.74989 0.000396088 -0.000307758 -0.000174206 0.0017637 0.00408928 -0.00611475 1 0 0 0 0 0 0 0
387 1 0.1 4.19254 3.0293 0.750079 -0.00030571 -0.00025473 -0.00112761 -0.0111936 0.0189576 0.0102336 1 0 0 0 0 0 0 0
388 1 0.1 4.23897 3.22355 0.752582 -0.000666007 -0.000106479 -0.00160045 0.0136132 0.00987867 -0.00527855 1 0 0 0 0 0 0 0
389 1 0.1 4.42847 3.40714 0.745217 0.0756451 0.0718968 -0.0208412 0.275385 0.17101 0.992217 1 0 0 0 0 0 0 0
390 1 0.1 4.58026 3.5596 0.750163 -0.05523 -0.0723864 -0.00944073 -0.0476889 0.0847719 -0.613628 1 0 0 0 0 0 0 0
391 1 0.1 4.80035 3.78386 0.749506 -0.0032224 -0.00973272 0.00996795 -0.175918 0.0175601 -0.325971 1 0 0 0 0 0 0 0
392 1 0.1 4.94278 3.92323 0.758329 0.000978272 -0.00516989 -0.00146137 0.0575051 0.0289432 0.00906708 1 0 0 0 0 0 0 0
393 1 0.1 5.08626 4.05965 0.732417 0.00122986 -0.00255203 -0.000325995 0.0178478 0.0241326 0.0108523 1 0 0 0 0 0 0 0
394 1 0.1 5.22515 4.20315 0.736329 0.00174468 -0.00204031 0.000758681 0.012957 -0.00809532 -0.00941365 1 0 0 0 0 0 0 0
395 1 0.1 5.37596 4.33365 0.745873 -0.00099496 0.00290454 0.00373524 0.00703332 -0.00890167 0.0752771 1 0 0 0 0 0 0 0
396 1 0.1 5.50532 4.48562 0.754185 0.000744797 0.00206 0.00192381 -0.0117633 0.0277285 -0.0922561 1 0 0 0 0 0 0 0
397 1 0.1 5.65661 4.6154 0.762459 0.0069342 -0.00903493 -0.00142669 0.00317872 -0.00519094 0.031169 1 0 0 0 0 0 0 0
398 1 0.1 5.7882 4.7656 0.762434 -0.00244878 -0.00369348 -0.000187449 -0.0384719 0.038689 -0.0399699 1 0 0 0 0 0 0 0
399 1 0.1 5.9284 4.90693 0.747527 -0.000503384 -0.00848184 -0.000903933 0.0183005 0.0110031 0.0938146 1 0 0 0 0 0 0 0
400 1 0.1 6.24348 0.778041 0.750525 0.00148363 -0.000819004 0.000842779 0.0307671 0.0276555 -0.14065 1 0 0 0 0 0 0 0
401 1 0.1 5.98622 1.06873 0.671673 0.00795986 0.0298582 -0.00460487 -0.0394824 0.0514793 -0.0395387 1 0 0 0 0 0 0 0
402 1 0.1 5.82488 1.45285 0.664687 0.00245045 -0.00333601 -0.00070248 0.0431352 0.0469085 0.0696897 1 0 0 0 0 0 0 0
403 1 0.1 5.66771 1.56694 0.616344 0.000874424 0.0036772 -0.00416836 -0.0435592 -0.0475298 0.0136248 1 0 0 0 0 0 0 0
404 1 0.1 5.5969 1.68035 0.763581 0.000626025 -0.00632922 0.00137712 0.0184073 0.0813181 0.205132 1 0 0 0 0 0 0 0
405 1 0.1 5.44832 1.81578 0.763417 0.00365189 -0.00655734 0.000173858 -0.0679532 -0.00441397 -0.0189387 1 0 0 0 0 0 0 0
406 1 0.1 5.31724 1.97415 0.765164 -0.00358299 0.02294 0.00552714 0.0182675 -0.278699 0.0596467 1 0 0 0 0 0 0 0
407 1 0.1 5.1886 2.09482 0.683238 0.0191747 0.00238584 -0.0405424 0.528686 -0.0834507 -0.0546216 1 0 0 0 0 0 0 0
408 1 0.1 4.94944 2.26462 0.765008 0.0149379 -0.0255983 0.0054667 -0.619767 0.390058 0.749219 1 0 0 0 0 0 0 0
409 1 0.1 4.74467 2.5569 0.763365 0.0086568 0.00110948 0.0133959 0.0618472 -0.111225 -0.0779405 1 0 0 0 0 0 0 0
410 1 0.1 4.41527 2.61134 0.762536 0.00226503 3.62988e-05 -0.000113135 -0.0987462 0.0194062 -0.0223798 1 0 0 0 0 0 0 0
411 1 0.1 4.40937 2.82284 0.765366 0.00349126 0.0146229 0.00711503 0.123542 -0.0166135 0.239433 1 0 0 0 0 0 0 0
412 1 0.1 4.40683 3.02362 0.769109 -0.0198739 0.0357557 -0.000221796 0.200439 0.295317 1.16911 1 0 0 0 0 0 0 0
413 1 0.1 4.45629 3.21515 0.763978 0.0588102 0.0578288 -0.0204384 0.0133275 -2.42332 -1.05116 1 0 0 0 0 0 0 0
414 1 0.1 4.6206 3.37695 0.669896 0.436663 0.113566 -0.80704 0.562386 3.31908 -0.293549 1 0 0 0 0 0 0 0
415 1 0.1 4.77884 3.58242 0.752403 -0.0759908 0.0795535 0.0324672 0.212786 -0.482548 2.12141 1 0 0 0 0 0 0 0
416 1 0.1 4.96459 3.67236 0.757805 -0.00282429 -0.0255724 0.0149214 -0.189486 0.188839 0.203082 1 0 0 0 0 0 0 0
417 1 0.1 5.12767 3.84746 0.762597 0.0103627 0.0034868 0.00346296 -0.0135696 -0.112197 0.0700302 1 0 0 0 0 0 0 0
418 1 0.1 5.27029 3.98737 0.762552 0.00591234 0.00739611 0.000737725 -0.0640013 0.0591221 -0.000716803 1 0 0 0 0 0 0 0
419 1 0.1 5.4096 4.13075 0.7625 0.00774827 0.00505352 -0.000880036 0.0626317 -0.00339429 0.0216615 1 0 0 0 0 0 0 0
420 1 0.1 5.57407 4.25783 0.763123 -0.0318996 0.011441 0.00999333 0.0111645 0.189534 -0.0431115 1 0 0 0 0 0 0 0
421 1 0.1 5.69338 4.4182 0.762078 -0.0041982 -0.00985245 0.000692757 0.0124258 0.0151956 -0.298599 1 0 0 0 0 0 0 0
422 1 0.1 5.84251 4.55194 0.726664 0.00202954 -0.0227294 -0.00278568 0.664515 -0.214572 -0.305559 1 0 0 0 0 0 0 0
423 1 0.1 5.95614 4.71223 0.668279 -0.0154311 -0.0274694 -0.0166842 0.134092 0.0984624 -0.294532 1 0 0 0 0 0 0 0
424 1 0.1 6.21094 5.19029 0.754223 -0.00107914 -0.00284563 -0.00103421 0.0124009 -0.0198649 -0.0258167 1 0 0 0 0 0 0 0
425 1 0.1 6.38534 0.637141 0.750007 -0.000258297 -0.000533796 -8.29704e-05 0.03683 0.0425089 -0.244377 1 0 0 0 0 0 0 0
426 1 0.1 6.15123 1.1178 0.763924 0.00237504 0.00725494 0.00271411 0.29094 -0.150812 -0.046633 1 0 0 0 0 0 0 0
427 1 0.1 5.97996 1.31945 0.711609 -0.00308533 0.00302915 -0.00463385 0.162105 0.159131 0.0297863 1 0 0 0 0 0 0 0
428 1 0.1 5.92803 1.59309 0.762694 -0.00195591 -0.000351935 -0.000759662 -0.00662768 0.0211122 0.0358291 1 0 0 0 0 0 0 0
429 1 0.1 5.78666 1.74266 0.76027 -0.00416066 0.00382185 -0.00318505 0.0353788 -0.0374039 -0.0506479 1 0 0 0 0 0 0 0
430 1 0.1 5.63805 1.88092 0.762589 0.00505993 -0.0121875 -0.00103566 -0.127273 -0.0535409 -0.0428668 1 0 0 0 0 0 0 0
431 1 0.1 5.50526 2.03162 0.729846 0.00598793 -0.0151032 -0.00457561 -0.0391393 -0.0497402 -0.106776 1 0 0 0 0 0 0 0
432 1 0.1 5.36531 2.17365 0.724009 0.0148261 -0.009125 -0.0194193 -0.113809 -0.0412944 0.0735056 1 0 0 0 0 0 0 0
433 1 0.1 5.31004 2.47771 0.600245 0.0365745 -0.0147776 0.00669813 0.113951 0.569079 1.20401 1 0 0 0 0 0 0 0
434 1 0.1 5.07859 2.40967 0.765954 -0.00519656 -0.0148997 0.00280287 -0.251561 -0.00111737 -0.851963 1 0 0 0 0 0 0 0
435 1 0.1 4.94444 2.55741 0.763002 0.0108757 0.000627197 -0.00354545 -0.153246 0.0807098 -0.00894442 1 0 0 0 0 0 0 0
436 1 0.1 4.66078 2.73896 0.765301 0.0109674 -0.00506108 0.00155034 -0.103233 -0.0515742 -0.00197614 1 0 0 0 0 0 0 0
437 1 0.1 4.60256 3.03558 0.652484 0.0714115 -0.0649751 -0.0346208 -0.297125 0.198195 -0.527095 1 0 0 0 0 0 0 0
438 1 0.1 4.6709 3.18308 0.763087 -0.127404 -0.0395133 0.0031033 0.820934 -0.473734 2.85569 1 0 0 0 0 0 0 0
439 1 0.1 4.74915 3.36281 0.77859 -0.623604 0.125414 0.105496 0.949593 -5.44855 0.980496 1 0 0 0 0 0 0 0
440 1 0.1 5.05757 3.49678 0.762571 -0.00262643 -0.0359465 -0.00503286 -0.00489165 0.650375 -0.2799 1 0 0 0 0 0 0 0
441 1 0.1 5.17957 3.65464 0.75831 -0.0607274 -0.00820992 0.0134382 0.107683 -0.57685 -0.791703 1 0 0 0 0 0 0 0
442 1 0.1 5.28101 3.78653 0.645551 -0.0938682 -0.184241 -0.121846 -0.468267 -3.74135 -1.24491 1 0 0 0 0 0 0 0
443 1 0.1 5.43375 3.83646 0.763218 -0.195949 -0.133328 0.00916719 -1.42658 1.81507 1.06395 1 0 0 0 0 0 0 0
444 1 0.1 5.55566 3.99451 0.752768 -0.150539 -0.15763 -0.105165 1.23976 0.0775303 -2.07758 1 0 0 0 0 0 0 0
445 1 0.1 5.75408 4.17127 0.762741 -0.0494794 0.0107158 0.00196332 -0.183745 0.0586559 -0.00497357 1 0 0 0 0 0 0 0
446 1 0.1 5.89175 4.31616 0.762535 -0.25994 0.204691 0.00525654 0.00804484 -0.333593 2.23018 1 0 0 0 0 0 0 0
447 1 0.1 6.02561 4.48062 0.762574 -0.00935149 -0.049181 0.00149409 -0.0819587 -0.0588364 0.116825 1 0 0 0 0 0 0 0
448 1 0.1 6.11087 4.82704 0.762519 -0.0119235 -0.0334024 0.000115189 0.0458769 -0.0531822 -0.35457 1 0 0 0 0 0 0 0
449 1 0.1 6.3516 5.33235 0.750036 -0.00124326 -0.00172327 -0.000911896 -0.00123375 0.0101736 -0.0177999 1 0 0 0 0 0 0 0
450 1 0.1 6.42839 0.834935 0.700214 -0.0013399 -0.0036112 -0.00588968 0.261054 0.247087 -0.121937 1 0 0 0 0 0 0 0
451 1 0.1 6.29294 0.986047 0.696688 0.0257081 0.00387529 -0.0195393 -0.0600455 -0.10989 -0.363476 1 0 0 0 0 0 0 0
452 1 0.1 6.20159 1.31125 0.758736 0.00202557 0.00661855 0.00118239 0.015173 -0.0262076 0.0683273 1 0 0 0 0 0 0 0
453 1 0.1 6.09102 1.47774 0.762544 -0.0016533 0.00105421 0.000230424 -0.00100611 -0.0222686 -0.00265323 1 0 0 0 0 0 0 0
454 1 0.1 5.83065 1.93716 0.74581 -0.000543039 0.000955226 0.00288619 0.0141968 -0.00225817 -0.0115657 1 0 0 0 0 0 0 0
455 1 0.1 5.69551 2.08322 0.762553 0.00292364 5.22036e-05 0.00114764 0.00232752 -0.0274004 -0.0210001 1 0 0 0 0 0 0 0
456 1 0.1 5.55317 2.2234 0.763306 0.00490359 -0.00369954 0.00210309 0.0784915 -0.135588 -0.00880709 1 0 0 0 0 0 0 0
457 1 0.1 5.46708 2.2861 0.594571 0.0130047 0.0535388 0.0275187 0.702841 -0.172521 0.28593 1 0 0 0 0 0 0 0
458 1 0.1 5.33961 2.36783 0.763188 0.0731114 -0.00620891 0.00216213 -0.0596599 -0.706874 -0.412945 1 0 0 0 0 0 0 0
459 1 0.1 5.35292 2.58309 0.763136 0.0102302 0.00182797 0.000674516 0.0186923 -0.103515 0.0633285 1 0 0 0 0 0 0 0
460 1 0.1 5.14684 2.59704 0.762805 -0.0102621 -0.0185961 -0.00206005 -0.18834 0.0850611 0.0914275 1 0 0 0 0 0 0 0
461 1 0.1 4.86734 2.7848 0.765633 0.0598322 -0.0446613 0.00489219 -0.432354 -0.420397 -0.0599827 1 0 0 0 0 0 0 0
462 1 0.1 4.73027 2.92933 0.762235 0.0480755 -0.075291 -0.0365556 0.584753 -0.43218 0.405722 1 0 0 0 0 0 0 0
463 1 0.1 4.91215 3.20636 0.616779 0.037692 -0.0519525 -0.0509382 -1.03081 -1.89815 -1.35279 1 0 0 0 0 0 0 0
464 1 0.1 5.00438 3.3052 0.762784 -0.0264158 -0.028898 -0.00475248 0.0957859 -0.0648735 0.00102338 1 0 0 0 0 0 0 0
465 1 0.1 5.2315 3.47412 0.667474 -0.0265808 -0.088187 -0.0498146 0.167303 -0.187652 -0.392192 1 0 0 0 0 0 0 0
466 1 0.1 5.37246 3.60374 0.762639 -0.114944 -0.147344 -0.00278569 -1.52618 1.10753 -0.663266 1 0 0 0 0 0 0 0
467 1 0.1 5.49214 3.69759 0.634005 -0.131808 -0.102188 -0.00605959 1.68944 -1.09579 1.03287 1 0 0 0 0 0 0 0
468 1 0.1 5.62545 3.78832 0.763931 -0.143674 0.0211392 -0.00914154 0.0659647 0.219634 0.0312623 1 0 0 0 0 0 0 0
469 1 0.1 5.79022 3.90112 0.762539 -0.150872 0.0274711 0.00635378 0.0503509 -0.159307 -0.0900274 1 0 0 0 0 0 0 0
470 1 0.1 5.91431 4.05544 0.736352 -0.104001 -0.0309258 -0.0131018 -0.100947 0.409964 -0.520175 1 0 0 0 0 0 0 0
471 1 0.1 6.03293 4.20386 0.675011 -0.260668 0.0496659 -0.0409256 0.187249 0.152771 -0.0511705 1 0 0 0 0 0 0 0
472 1 0.1 6.15911 4.33183 0.762514 -0.101308 -0.131347 -0.00317501 -0.0784151 0.343612 -1.37547 1 0 0 0 0 0 0 0
473 1 0.1 6.07008 5.04724 0.760905 -0.00344612 -0.00802154 0.00754187 0.00869516 -0.0984801 -0.108004 1 0 0 0 0 0 0 0
474 1 0.1 6.23633 4.96364 0.687827 -0.00182072 -0.0280851 0.0332076 -0.0640498 -0.183538 -0.0822361 1 0 0 0 0 0 0 0
475 1 0.1 6.47864 1.01816 0.762625 0.0201792 -0.0115948 0.000577552 -0.10673 -0.19611 0.119007 1 0 0 0 0 0 0 0
476 1 0.1 6.34343 1.17032 0.762939 -0.000899073 0.00807114 0.00011468 0.0907654 0.090969 -0.0802281 1 0 0 0 0 0 0 0
477 1 0.1 6.09065 1.6673 0.566588 -0.0332547 -0.0267317 0.00959089 1.08973 -1.03101 0.238399 1 0 0 0 0 0 0 0
478 1 0.1 6.13025 1.67377 0.7625 -0.00152278 0.000245263 0.00126833 -0.000134339 -0.017909 -0.0015698 1 0 0 0 0 0 0 0
479 1 0.1 5.72342 2.32817 0.76246 0.00230972 0.00185297 -0.00454245 0.00544824 -0.0490249 0.0323193 1 0 0 0 0 0 0 0
480 1 0.1 5.79691 3.06437 0.719115 0.00736725 0.113671 0.0388589 0.267729 -0.576905 1.26367 1 0 0 0 0 0 0 0
481 1 0.1 5.68698 2.90302 0.762558 0.0880356 0.0514689 -0.000271025 0.0244293 -0.0415938 0.0834006 1 0 0 0 0 0 0 0
482 1 0.1 5.65981 2.51773 0.763432 0.0453688 0.0180786 -0.00228456 0.146789 -0.0668028 -0.771216 1 0 0 0 0 0 0 0
483 1 0.1 5.50385 2.47443 0.648517 0.0556559 0.0625742 -0.0326241 -1.42569 -0.691332 -0.936285 1 0 0 0 0 0 0 0
484 1 0.1 5.54396 2.68037 0.762664 0.0401038 0.0112436 0.00272173 0.130032 -0.396655 -0.332706 1 0 0 0 0 0 0 0
485 1 0.1 5.20503 2.96565 0.762538 0.0442441 0.0206614 0.00108852 0.200692 -0.374942 0.330959 1 0 0 0 0 0 0 0
486 1 0.1 5.00944 2.92482 0.761142 0.0555285 -0.032638 -0.0277043 -0.473575 0.0222431 0.188084 1 0 0 0 0 0 0 0
487 1 0.1 4.84796 3.09084 0.763627 -0.0876658 0.0347717 -0.0110783 0.113583 0.979385 0.480821 1 0 0 0 0 0 0 0
488 1 0.1 5.06768 3.11585 0.758051 0.00835915 -0.0171789 -0.0445298 0.320915 0.0602066 0.33212 1 0 0 0 0 0 0 0
489 1 0.1 5.20255 3.28059 0.759635 -0.00741966 0.0195197 0.0758012 0.268761 -0.821657 0.500618 1 0 0 0 0 0 0 0
490 1 0.1 5.40126 3.20619 0.762759 -0.0327648 -0.15641 0.00266619 -1.51363 0.308017 -0.233793 1 0 0 0 0 0 0 0
491 1 0.1 5.39286 3.40532 0.762554 -0.0737833 -0.150685 -0.00715 1.42648 -1.00456 0.615996 1 0 0 0 0 0 0 0
492 1 0.1 5.55499 3.52252 0.762498 -0.0919602 -0.0899732 0.000703568 -0.534043 -0.273083 1.30073 1 0 0 0 0 0 0 0
493 1 0.1 5.6038 3.09264 0.762591 -0.0237275 -0.0209348 -0.00404969 -0.184941 0.109399 0.117317 1 0 0 0 0 0 0 0
494 1 0.1 5.73655 3.6063 0.762522 -0.151272 0.0289806 0.00722101 0.0226093 -0.0272805 0.0198973 1 0 0 0 0 0 0 0
495 1 0.1 5.89389 3.73021 0.762446 -0.130212 0.0592914 0.0889816 -0.513955 -0.497846 0.406211 1 0 0 0 0 0 0 0
496 1 0.1 5.84696 3.62797 0.597241 -0.0177748 0.0173796 0.109661 0.00337686 -0.486539 0.0979365 1 0 0 0 0 0 0 0
497 1 0.1 6.12852 4.34035 0.564733 -0.0822202 -0.0677365 0.00340633 0.121339 -0.3924 -0.0896879 1 0 0 0 0 0 0 0
498 1 0.1 6.15591 4.63221 0.76254 -0.0308412 -0.0357935 0.000272252 -0.059055 -0.0438519 0.123468 1 0 0 0 0 0 0 0
499 1 0.1 6.30599 4.78357 0.762508 -0.0224524 -0.0818902 0.000591678 -0.0046975 0.039632 -0.137916 1 0 0 0 0 0 0 0
