500
0 1 0.1 5.9253 1.12379 0.156248 0.0211789 0.0221721 0.00817093 0.358622 -0.25026 -0.0149593 1 0 0 0 0 0 0 0
1 1 0.1 5.7736 1.25163 0.136495 0.000549972 -0.00433936 -0.00264943 -0.167083 -0.00100697 0.32726 1 0 0 0 0 0 0 0
2 1 0.1 5.59013 1.42771 0.149145 0.0216124 -0.0194888 0.0053361 0.0337369 0.0418977 -0.248716 1 0 0 0 0 0 0 0
3 1 0.1 5.30842 1.7099 0.135479 0.0331635 -0.0355774 0.00765006 -0.433398 0.538366 0.0656797 1 0 0 0 0 0 0 0
4 1 0.1 5.43413 1.81504 0.408552 -0.0117249 0.00329819 0.0105589 0.0959264 0.0306333 0.295449 1 0 0 0 0 0 0 0
5 1 0.1 5.14968 1.87046 0.147442 -0.0183998 0.0165651 0.0168378 0.046525 -0.178566 0.226604 1 0 0 0 0 0 0 0
6 1 0.1 4.93095 2.0905 0.150268 -0.00813945 0.00933806 -0.0116591 0.00338948 0.140079 0.0339218 1 0 0 0 0 0 0 0
7 1 0.1 4.78972 2.23171 0.149911 -0.00240298 0.00143029 0.000308239 0.0176172 -0.000251132 -0.0104686 1 0 0 0 0 0 0 0
8 1 0.1 4.78108 2.58246 0.143158 0.0119009 -2.82471e-05 -0.00251383 0.0266265 -0.201881 -0.104943 1 0 0 0 0 0 0 0
9 1 0.1 4.62843 2.74171 0.347155 -0.0736351 0.125707 -0.0156656 -0.475486 -0.473292 -1.026 1 0 0 0 0 0 0 0
10 1 0.1 4.19453 2.82799 0.142459 0.0368469 -0.0632428 0.034038 0.162794 -0.317854 -0.722527 1 0 0 0 0 0 0 0
11 1 0.1 4.19398 2.8292 0.456419 -0.011347 0.0125331 -0.0279613 0.0998656 -0.0285002 0.125357 1 0 0 0 0 0 0 0
12 1 0.1 4.22645 3.05464 0.1333 -0.353215 0.00387002 -0.00895915 -0.567907 -4.31149 -1.57941 1 0 0 0 0 0 0 0
13 1 0.1 4.35977 3.21211 0.392028 0.40865 0.0193975 0.122128 -0.0822542 -3.52936 0.547741 1 0 0 0 0 0 0 0
14 1 0.1 4.29476 3.25779 0.135658 0.118215 -0.0467996 0.0245545 1.3287 0.614429 -0.562209 1 0 0 0 0 0 0 0
15 1 0.1 4.47271 3.45927 0.135731 -0.0254161 0.0198441 0.00631034 2.1964 0.407008 0.322873 1 0 0 0 0 0 0 0
16 1 0.1 4.51092 3.23068 0.135597 0.0640849 -0.0557616 -0.00408085 -0.177296 0.276535 -0.414892 1 0 0 0 0 0 0 0
17 1 0.1 4.72677 3.7048 0.260778 0.0447172 0.0547801 0.00539953 -0.608822 0.585791 1.17004 1 0 0 0 0 0 0 0
18 1 0.1 4.61357 3.58924 0.13051 -0.0135128 -0.00946428 -0.0226967 -0.518252 -0.930834 1.10849 1 0 0 0 0 0 0 0
19 1 0.1 5.02941 4.00834 0.164174 0.101816 0.0211336 0.184617 -2.77892 0.718569 1.36181 1 0 0 0 0 0 0 0
20 1 0.1 5.17004 4.14775 0.138007 0.0526981 0.0227255 -0.0597121 0.155869 0.520096 -0.046752 1 0 0 0 0 0 0 0
21 1 0.1 5.3519 4.06493 0.144164 0.063015 0.0439885 -0.116875 -2.35841 0.94339 0.324048 1 0 0 0 0 0 0 0
22 1 0.1 5.47338 4.44197 0.187968 -0.0410907 -0.0360131 0.00576515 -0.0308756 -0.0575591 -0.53308 1 0 0 0 0 0 0 0
23 1 0.1 5.61711 4.59 0.137106 0.00645052 0.009254 -0.00738335 -0.0494617 0.0491176 0.0351631 1 0 0 0 0 0 0 0
24 1 0.1 5.91572 4.89201 0.14716 0.0064179 0.00179521 -0.0166621 0.250781 0.0141934 0.094401 1 0 0 0 0 0 0 0
25 1 0.1 6.05303 0.970654 0.151688 -0.000783755 0.00358165 0.00192947 -0.00783063 0.0112022 0.00291811 1 0 0 0 0 0 0 0
26 1 0.1 5.78601 1.46602 0.137362 0.0181455 -0.0231776 -0.000455405 0.22531 0.169663 0.029951 1 0 0 0 0 0 0 0
27 1 0.1 5.63126 1.65672 0.137632 0.0196307 0.00279417 0.00630016 0.0223848 -0.0234066 0.170521 1 0 0 0 0 0 0 0
28 1 0.1 5.45098 1.5705 0.139226 0.0350371 -0.0238115 0.00133706 -0.0851231 -0.0540585 0.158194 1 0 0 0 0 0 0 0
29 1 0.1 5.57359 1.92798 0.136838 -0.0016308 0.004253 -0.00118468 -0.0199273 0.107543 -0.108401 1 0 0 0 0 0 0 0
30 1 0.1 5.32688 1.96238 0.137662 -0.0169423 0.00704307 0.00124502 -0.0409135 0.346135 -0.330831 1 0 0 0 0 0 0 0
31 1 0.1 5.12856 2.06918 0.135021 -0.0151162 0.0350793 -0.00847 -0.321728 -0.14343 0.180585 1 0 0 0 0 0 0 0
32 1 0.1 5.0169 2.24397 0.312534 -0.0509366 0.0318422 -0.0536096 0.274547 -0.163605 -0.64771 1 0 0 0 0 0 0 0
33 1 0.1 4.5749 2.63987 0.137079 -0.0244486 0.0167324 0.00686776 -0.0364284 -0.10685 0.376466 1 0 0 0 0 0 0 0
34 1 0.1 4.89633 2.74289 0.136583 0.00713168 -0.00553823 -0.00130789 -0.218567 -0.0516082 0.136397 1 0 0 0 0 0 0 0
35 1 0.1 4.3407 2.68748 0.132186 -0.0146224 0.00271371 -0.00951932 0.099829 0.189867 -0.341237 1 0 0 0 0 0 0 0
36 1 0.1 5.21862 2.84817 0.274862 -0.0444553 -0.0668838 0.0132716 -0.0650335 -0.103395 -0.48977 1 0 0 0 0 0 0 0
37 1 0.1 4.36829 2.91973 0.135367 -0.137464 0.202187 0.00843015 0.402197 0.151 4.55399 1 0 0 0 0 0 0 0
38 1 0.1 4.53014 3.03565 0.135859 0.0195513 -0.0311869 -0.0112229 0.139316 -0.16977 -0.868855 1 0 0 0 0 0 0 0
39 1 0.1 4.41012 3.05635 0.494909 0.0889251 -0.0940018 0.102915 0.91387 -0.196931 -1.51039 1 0 0 0 0 0 0 0
40 1 0.1 5.10562 3.259 0.134111 0.0103201 -0.005931 -0.00164467 -0.604618 0.458549 -0.098102 1 0 0 0 0 0 0 0
41 1 0.1 4.81628 3.57702 0.136723 0.040175 0.0442539 0.00189233 -0.408845 0.433384 -0.353577 1 0 0 0 0 0 0 0
42 1 0.1 4.83811 3.81246 0.134754 0.0241261 0.0211251 -0.00807526 0.0160868 -0.373946 -0.201828 1 0 0 0 0 0 0 0
43 1 0.1 5.09632 3.91883 0.327086 0.28708 -0.0655392 0.0665808 4.5633 2.00471 -0.0167525 1 0 0 0 0 0 0 0
44 1 0.1 5.62735 3.86347 0.13738 0.133573 0.0528585 0.00109744 0.376385 -0.227969 0.139537 1 0 0 0 0 0 0 0
45 1 0.1 5.55288 4.0505 0.136978 0.208339 0.0294495 0.0018092 -0.380151 2.06295 0.285646 1 0 0 0 0 0 0 0
46 1 0.1 5.51911 4.2474 0.13706 -0.00515656 -0.00394174 0.00962394 0.105115 -0.0245751 0.100456 1 0 0 0 0 0 0 0
47 1 0.1 5.65963 4.38962 0.137506 -0.0243802 0.0228069 0.0019811 -0.0342773 0.178783 0.228601 1 0 0 0 0 0 0 0
48 1 0.1 5.77484 4.74907 0.135217 -0.00251022 -0.000398089 -0.000975928 -0.181581 -0.287504 0.0688274 1 0 0 0 0 0 0 0
49 1 0.1 6.05642 5.03363 0.149565 0.00190566 0.00328526 -0.000140323 -0.0289358 -0.00703933 -0.0471613 1 0 0 0 0 0 0 0
50 1 0.1 6.19432 0.829175 0.149999 -0.00223578 0.00246717 0.000197279 0.00283263 0.00257109 -0.0538001 1 0 0 0 0 0 0 0
51 1 0.1 5.95373 1.33793 0.139161 0.00106089 -0.00608563 -0.0366266 0.364121 0.381565 -0.0342234 1 0 0 0 0 0 0 0
52 1 0.1 5.92865 1.9328 0.136669 0.0103187 0.000814516 -0.00557874 -0.0275587 0.127374 0.0304836 1 0 0 0 0 0 0 0
53 1 0.1 5.74332 1.82229 0.137071 0.0057611 0.00969919 -0.000425302 -0.0384882 0.162835 -0.000436385 1 0 0 0 0 0 0 0
54 1 0.1 5.73796 2.04147 0.137456 -0.00333125 0.000257011 0.000227767 0.0861151 -0.0801682 0.0793042 1 0 0 0 0 0 0 0
55 1 0.1 5.30614 2.16121 0.134565 -0.00234806 0.0117085 -0.000575296 -0.0988149 -0.0245607 -0.011192 1 0 0 0 0 0 0 0
56 1 0.1 5.08605 2.26482 0.133839 -0.0110485 0.0127389 -0.0132727 -0.0963281 -0.126266 -0.112748 1 0 0 0 0 0 0 0
57 1 0.1 5.30665 2.30599 0.42117 -0.00778717 -0.0180647 -0.0134613 -0.207492 -0.341237 0.140726 1 0 0 0 0 0 0 0
58 1 0.1 5.17466 2.36982 0.287161 0.0171156 -0.0130974 -0.0404291 0.770279 -0.322836 0.457168 1 0 0 0 0 0 0 0
59 1 0.1 4.63453 2.44968 0.136673 -0.000565313 0.0234664 0.00330684 -0.189013 0.181688 -0.148975 1 0 0 0 0 0 0 0
60 1 0.1 5.46915 2.70843 0.273751 0.09287 0.0297171 -0.00990827 0.351764 0.686898 -0.131321 1 0 0 0 0 0 0 0
61 1 0.1 4.63589 2.83479 0.137375 -0.0304291 0.00131497 -0.00411691 0.267421 -0.90949 -0.995873 1 0 0 0 0 0 0 0
62 1 0.1 4.71526 3.00652 0.199621 0.0245986 -0.0183102 -0.0580883 -0.725745 0.686056 0.718967 1 0 0 0 0 0 0 0
63 1 0.1 4.70748 3.20054 0.137023 0.0665194 -0.0124507 -0.000400101 0.211564 0.312267 0.433104 1 0 0 0 0 0 0 0
64 1 0.1 4.98882 3.10232 0.137216 0.0282131 -0.00280014 0.0041458 0.762318 -0.0819937 0.165186 1 0 0 0 0 0 0 0
65 1 0.1 4.93717 3.50795 0.278498 0.0828368 0.00792146 -0.059339 0.530396 0.418962 -0.12485 1 0 0 0 0 0 0 0
66 1 0.1 5.34657 3.59322 0.137444 0.133232 0.0132926 -0.00011437 -0.022589 -0.0101971 -0.0135885 1 0 0 0 0 0 0 0
67 1 0.1 5.45624 3.7612 0.141884 0.121806 0.0679192 0.0312999 0.595472 1.06372 -0.308798 1 0 0 0 0 0 0 0
68 1 0.1 5.00305 3.72338 0.197028 0.025313 0.0240203 -0.00985052 -0.249297 1.00854 -0.314178 1 0 0 0 0 0 0 0
69 1 0.1 5.61727 3.87004 0.418738 0.160101 -0.0244336 -0.290471 1.59812 -5.69 2.70036 1 0 0 0 0 0 0 0
70 1 0.1 5.46604 4.04208 0.315646 0.224055 0.0545949 0.0143205 0.485202 -1.8546 -1.14543 1 0 0 0 0 0 0 0
71 1 0.1 5.76419 4.14713 0.137217 0.0543697 0.000936457 0.00312516 0.00771414 0.559943 0.549841 1 0 0 0 0 0 0 0
72 1 0.1 5.85007 4.32768 0.137364 0.0171898 0.0167502 -0.00303961 -0.00308123 0.0170768 0.0128341 1 0 0 0 0 0 0 0
73 1 0.1 6.0469 4.74222 0.136596 -0.0134643 -0.0126619 -0.00211941 0.074558 -0.260652 -0.15756 1 0 0 0 0 0 0 0
74 1 0.1 6.28167 5.2628 0.150018 -0.000257346 -0.000393823 9.59891e-07 -0.000316997 6.36171e-05 -0.00520255 1 0 0 0 0 0 0 0
75 1 0.1 6.15211 1.10849 0.307659 -0.00803959 -0.00394624 0.00695536 0.0890628 0.158277 0.137822 1 0 0 0 0 0 0 0
76 1 0.1 6.10673 1.20407 0.13728 0.0336358 0.000490657 0.000419024 -0.0499131 0.462008 -0.300362 1 0 0 0 0 0 0 0
77 1 0.1 5.96292 1.72949 0.137439 0.0415513 -0.00488795 -0.000522956 0.049862 0.413612 0.13492 1 0 0 0 0 0 0 0
78 1 0.1 5.86715 2.19398 0.143046 -0.0366706 0.0259291 0.0101835 -0.291621 -0.305287 0.33016 1 0 0 0 0 0 0 0
79 1 0.1 5.8383 2.28999 0.414931 0.0299387 0.0103947 0.0782944 -0.488609 -0.547766 0.839072 1 0 0 0 0 0 0 0
80 1 0.1 5.50202 2.11365 0.152936 0.00871483 0.0107232 0.00805545 0.0348364 0.15753 -0.0643472 1 0 0 0 0 0 0 0
81 1 0.1 5.48265 2.31162 0.136392 0.0177988 0.0128481 -0.00083984 -0.158807 0.247761 -0.0611886 1 0 0 0 0 0 0 0
82 1 0.1 5.80924 2.83286 0.137233 0.0805978 0.0372036 -0.00328413 0.0128604 0.0358995 -0.0138631 1 0 0 0 0 0 0 0
83 1 0.1 5.29006 2.3623 0.133931 0.0235222 0.0408029 -0.0166223 -0.416242 0.210807 -0.126038 1 0 0 0 0 0 0 0
84 1 0.1 4.88048 2.40929 0.139053 0.00151557 -0.00274609 0.00578835 0.0234776 -0.0562613 -0.022397 1 0 0 0 0 0 0 0
85 1 0.1 5.08365 2.6766 0.136845 0.0592954 0.151987 0.00815072 -1.23689 0.47033 1.48618 1 0 0 0 0 0 0 0
86 1 0.1 5.68943 2.92754 0.273536 0.103365 0.0175078 0.00211294 -0.154886 0.160907 0.177128 1 0 0 0 0 0 0 0
87 1 0.1 5.09193 2.91796 0.136777 0.0129446 -0.012386 -0.00532773 0.0949576 0.00448258 0.0271271 1 0 0 0 0 0 0 0
88 1 0.1 5.00831 3.3111 0.315314 0.0660271 -0.00669062 -0.137557 0.273284 1.56129 0.148678 1 0 0 0 0 0 0 0
89 1 0.1 4.66228 3.39552 0.138519 -0.0200644 -0.0149938 -0.158528 -1.57008 2.66858 -0.152597 1 0 0 0 0 0 0 0
90 1 0.1 5.19302 3.43014 0.136777 0.0144807 -0.00651563 -0.00106415 -0.530189 0.380537 -0.627449 1 0 0 0 0 0 0 0
91 1 0.1 5.55216 3.5631 0.136376 0.0154883 0.0111442 -0.00262068 0.0185123 0.147786 -0.0190649 1 0 0 0 0 0 0 0
92 1 0.1 5.71082 3.68191 0.135936 0.0167887 0.00379142 -0.00368252 0.254387 0.00770024 0.0567291 1 0 0 0 0 0 0 0
93 1 0.1 5.84424 3.91031 0.427904 0.422103 -0.15297 -0.0193321 -0.00967662 -2.83014 1.63193 1 0 0 0 0 0 0 0
94 1 0.1 5.78922 3.96024 0.202833 0.151037 0.0181071 0.0144304 -0.299836 0.110353 -0.522144 1 0 0 0 0 0 0 0
95 1 0.1 5.9703 4.01336 0.137438 0.139798 5.68751e-05 -0.00120141 0.178878 0.0612753 0.330502 1 0 0 0 0 0 0 0
96 1 0.1 6.01257 4.20877 0.137424 -0.0171046 0.031784 0.000159424 -0.3087 -0.170333 0.164393 1 0 0 0 0 0 0 0
97 1 0.1 6.00999 4.36262 0.26493 -0.00972825 0.0331388 -0.0013241 0.27 0.611221 0.110539 1 0 0 0 0 0 0 0
98 1 0.1 6.16733 4.88099 0.21549 -0.0136165 -0.010726 -0.00600257 0.199802 -0.168843 -0.1395 1 0 0 0 0 0 0 0
99 1 0.1 6.25341 5.06523 0.13749 0.00267046 -0.000788436 -0.00015052 0.00186154 -0.00415452 8.02836e-05 1 0 0 0 0 0 0 0
100 1 0.1 6.3832 0.638847 0.350039 0.00615536 -0.00491805 -0.000359745 0.00172704 0.00133284 -0.00400684 1 0 0 0 0 0 0 0
101 1 0.1 6.14744 1.39979 0.137461 0.0229577 0.00241256 0.000185 -0.0837641 -0.176168 0.257244 1 0 0 0 0 0 0 0
102 1 0.1 5.99817 1.53271 0.137403 0.0115696 -0.0101127 0.000464689 0.120988 0.113141 -0.0810368 1 0 0 0 0 0 0 0
103 1 0.1 5.97605 2.35444 0.285112 0.0216416 -0.00447162 0.0624104 -0.502869 -0.231869 -0.162303 1 0 0 0 0 0 0 0
104 1 0.1 5.84588 2.78097 0.561026 0.0696937 0.0463596 0.00972424 0.360602 -0.769925 0.515491 1 0 0 0 0 0 0 0
105 1 0.1 5.8607 2.42339 0.137052 0.118413 0.0151299 -0.00285005 -0.157701 1.17912 -0.391024 1 0 0 0 0 0 0 0
106 1 0.1 5.69414 2.54907 0.136662 0.0397602 0.0248532 -0.00449702 -0.22671 0.392929 -0.0432995 1 0 0 0 0 0 0 0
107 1 0.1 5.96984 3.11759 0.422079 0.00908826 0.0550063 -0.00273902 -0.0523751 -0.957656 0.232707 1 0 0 0 0 0 0 0
108 1 0.1 5.63709 2.73779 0.170431 0.0614912 0.0528385 -0.0566258 0.384352 -0.430779 -0.240476 1 0 0 0 0 0 0 0
109 1 0.1 5.46551 2.51251 0.136946 0.104328 -0.0292739 0.00565667 0.192342 -0.0735062 -0.0538812 1 0 0 0 0 0 0 0
110 1 0.1 5.28618 2.60053 0.136075 0.147766 0.0401089 -0.00962898 0.0964736 0.473565 -0.0169124 1 0 0 0 0 0 0 0
111 1 0.1 5.35284 2.78831 0.135973 0.0788305 0.0257193 -0.00180109 -0.12582 0.732099 0.57698 1 0 0 0 0 0 0 0
112 1 0.1 5.46813 3.1382 0.136822 0.0212781 0.00205891 -0.00152833 -0.196183 0.259648 0.0241556 1 0 0 0 0 0 0 0
113 1 0.1 5.17661 3.08591 0.201976 0.018032 -0.0134182 -0.00445349 0.123564 0.284615 0.115423 1 0 0 0 0 0 0 0
114 1 0.1 5.63001 3.25315 0.154943 0.020541 -0.00811569 -0.00357142 -0.0296742 -0.127946 -0.105984 1 0 0 0 0 0 0 0
115 1 0.1 5.70244 3.43649 0.136136 -0.00766373 -0.00530948 -0.00370576 -0.0931309 -0.100081 0.351759 1 0 0 0 0 0 0 0
116 1 0.1 5.69296 3.06607 0.135539 0.0358528 8.87976e-05 -0.00532548 0.0145156 0.339747 0.288425 1 0 0 0 0 0 0 0
117 1 0.1 5.88377 3.35333 0.137349 -0.0101494 -0.00639858 0.00417263 0.0784293 -0.0455635 -0.0602978 1 0 0 0 0 0 0 0
118 1 0.1 5.87684 3.79305 0.137445 0.048055 -0.0380288 -0.0018231 0.2556 0.349062 -0.586014 1 0 0 0 0 0 0 0
119 1 0.1 6.07103 3.84068 0.137517 0.0584067 -0.0349941 0.00406452 -0.0396313 -0.164304 -0.57527 1 0 0 0 0 0 0 0
120 1 0.1 5.8643 3.55376 0.137537 -0.00261429 -0.0213629 -0.00475435 -0.0184469 -0.0521331 0.0981835 1 0 0 0 0 0 0 0
121 1 0.1 6.12616 3.20983 0.137468 -0.021 0.025153 0.00171145 -0.259906 -0.164773 -0.305778 1 0 0 0 0 0 0 0
122 1 0.1 6.00872 4.31075 0.596223 -0.00303944 6.14337e-05 0.0243653 0.797906 -0.759589 -0.35656 1 0 0 0 0 0 0 0
123 1 0.1 5.94789 4.50288 0.136958 -0.0342298 0.02498 0.00157472 -0.280207 -0.397002 0.104252 1 0 0 0 0 0 0 0
124 1 0.1 6.1541 4.51071 0.1374 -0.00663079 0.0243964 -0.000644093 -0.242528 -0.0645543 0.00921489 1 0 0 0 0 0 0 0
125 1 0.1 5.96112 1.0631 0.354686 0.0066891 -0.00439094 -0.000822634 -0.0147831 -0.0171306 0.00907273 1 0 0 0 0 0 0 0
126 1 0.1 5.82418 1.20525 0.324553 0.00565768 -0.00496139 -0.00204132 0.00398691 0.0072362 -0.00140892 1 0 0 0 0 0 0 0
127 1 0.1 5.54209 1.48462 0.334597 0.0087561 -0.00334714 -0.00287252 -0.0880114 -0.0107278 -0.138124 1 0 0 0 0 0 0 0
128 1 0.1 5.38089 1.64005 0.3338 0.0157276 -0.0107102 -0.00322839 -0.0543719 0.028766 -0.232913 1 0 0 0 0 0 0 0
129 1 0.1 5.25644 1.79187 0.304679 0.0610771 0.00317903 -0.0247503 0.127318 -0.513161 0.0648098 1 0 0 0 0 0 0 0
130 1 0.1 5.08717 1.93155 0.340293 -0.0428634 0.0607566 0.026755 0.0121595 -0.312077 0.724585 1 0 0 0 0 0 0 0
131 1 0.1 4.9487 2.07429 0.390404 -0.0422571 0.0264355 -0.0679822 -0.141234 0.14062 0.186648 1 0 0 0 0 0 0 0
132 1 0.1 4.90633 2.34348 0.439546 0.00117209 0.105698 -0.0655041 -1.10003 0.855096 0.551354 1 0 0 0 0 0 0 0
133 1 0.1 4.72395 2.3029 0.396082 -0.00930046 0.0367377 0.0193163 0.340358 -0.189996 -0.16262 1 0 0 0 0 0 0 0
134 1 0.1 4.67146 2.57287 0.446178 -0.112991 0.0786344 0.00779206 0.780106 0.752976 0.948902 1 0 0 0 0 0 0 0
135 1 0.1 4.58997 2.42967 0.328276 -0.0117531 0.00265882 -0.00492928 -0.0110668 -0.336713 -0.14146 1 0 0 0 0 0 0 0
136 1 0.1 4.38706 2.79685 0.405202 0.0579506 0.0638293 -0.00865328 2.61762 0.328231 -2.83817 1 0 0 0 0 0 0 0
137 1 0.1 4.56193 3.05267 0.331815 -0.0231762 0.0995589 -0.0154881 -1.70012 -0.38929 -0.610564 1 0 0 0 0 0 0 0
138 1 0.1 4.36759 3.08857 0.252103 -0.366334 0.273646 -0.114036 1.44264 8.36625 2.18092 1 0 0 0 0 0 0 0
139 1 0.1 4.31255 3.29993 0.542825 -0.0767706 -0.0779697 0.00485117 0.506418 -0.163919 -1.36389 1 0 0 0 0 0 0 0
140 1 0.1 4.60921 3.33457 0.321344 0.213189 0.141413 -0.0426325 0.769105 -0.532739 -0.224037 1 0 0 0 0 0 0 0
141 1 0.1 4.53637 3.51685 0.351168 0.106025 0.0773393 0.0132236 0.285271 -0.602205 1.16881 1 0 0 0 0 0 0 0
142 1 0.1 4.71692 3.68799 0.471552 -0.0269755 -0.0255131 -0.0368281 -0.244942 0.846042 0.563797 1 0 0 0 0 0 0 0
143 1 0.1 5.11552 4.08726 0.432893 0.0311221 0.0372248 -0.0413257 -4.08952 -4.13673 2.29979 1 0 0 0 0 0 0 0
144 1 0.1 5.35297 3.95634 0.489174 0.156094 0.00185402 -0.0329683 0.936878 -1.39909 -2.65697 1 0 0 0 0 0 0 0
145 1 0.1 5.23396 4.21329 0.332718 0.0505957 0.0176238 -0.062979 0.504197 0.420259 0.575377 1 0 0 0 0 0 0 0
146 1 0.1 5.44018 4.24133 0.319778 -0.041121 0.00160801 0.0110612 0.179014 -0.292856 -0.96494 1 0 0 0 0 0 0 0
147 1 0.1 5.45084 4.42568 0.393499 -0.00829573 -0.00882149 0.0405638 0.192746 -1.03545 -0.108705 1 0 0 0 0 0 0 0
148 1 0.1 5.72086 4.69569 0.323655 0.00616447 0.0043769 -0.00332354 0.106325 -0.00892358 0.131033 1 0 0 0 0 0 0 0
149 1 0.1 5.85806 4.83775 0.354097 0.00474499 0.00899031 -0.00217904 -0.00891885 0.0499351 -0.0205549 1 0 0 0 0 0 0 0
150 1 0.1 6.10336 0.923223 0.364461 0.00630012 -0.00579894 0.00201658 -0.00142707 -0.00885422 -0.0234729 1 0 0 0 0 0 0 0
151 1 0.1 5.84974 1.70959 0.300887 0.0544474 -0.0476351 0.00225026 -0.252553 -0.711499 -0.528709 1 0 0 0 0 0 0 0
152 1 0.1 5.47949 1.77084 0.218984 -0.0344235 0.146127 0.0500215 0.402998 0.0442545 2.45171 1 0 0 0 0 0 0 0
153 1 0.1 6.04376 2.31753 0.474613 0.0504075 -0.0524767 0.0548815 0.518351 -0.250033 -0.745452 1 0 0 0 0 0 0 0
154 1 0.1 5.68773 1.97965 0.418567 0.0780392 -0.0341912 0.0240311 0.00499552 -0.228097 -0.848347 1 0 0 0 0 0 0 0
155 1 0.1 5.37078 2.1499 0.31726 -0.00145118 -0.0132667 -0.00323712 0.343758 0.0850778 -0.246487 1 0 0 0 0 0 0 0
156 1 0.1 5.14481 2.29651 0.648037 -0.0777364 0.0189582 -0.0227373 -0.0987706 0.289843 -0.212684 1 0 0 0 0 0 0 0
157 1 0.1 4.85395 2.2186 0.582056 -0.0151196 0.152256 -0.0386905 1.21669 -1.11409 -0.624364 1 0 0 0 0 0 0 0
158 1 0.1 4.78444 2.47294 0.310281 -0.0398964 0.0667047 0.0471267 -0.849789 -0.906996 0.865548 1 0 0 0 0 0 0 0
159 1 0.1 4.99207 2.75589 0.586289 -0.0287973 0.132549 -0.0284677 0.389735 -0.0424791 0.255173 1 0 0 0 0 0 0 0
160 1 0.1 4.92249 2.66242 0.39413 -0.139381 -0.0282696 -0.140466 -0.694193 1.33114 1.42557 1 0 0 0 0 0 0 0
161 1 0.1 4.76212 2.99163 0.392734 -0.023516 0.0400913 -0.0478454 0.153397 -1.21696 -0.18255 1 0 0 0 0 0 0 0
162 1 0.1 4.7019 2.91299 0.576612 0.0340581 0.147062 0.0880189 -0.302874 -0.185049 0.943341 1 0 0 0 0 0 0 0
163 1 0.1 4.89876 2.93172 0.599142 0.0249215 0.154286 0.0453499 0.307759 0.468578 -0.759362 1 0 0 0 0 0 0 0
164 1 0.1 4.34066 3.27451 0.767192 0.0332161 -0.0811189 0.0128478 -1.30326 -0.519882 0.669094 1 0 0 0 0 0 0 0
165 1 0.1 4.82326 3.47084 0.571375 0.141488 -0.00318749 0.0330019 1.59027 2.03597 -2.74334 1 0 0 0 0 0 0 0
166 1 0.1 4.98554 3.44602 0.461029 0.0520389 -0.0666747 -0.0816404 0.444078 -0.922752 0.670207 1 0 0 0 0 0 0 0
167 1 0.1 5.2817 3.76334 0.238084 0.0822756 0.0751006 -0.0297646 1.52638 -1.9026 -0.978349 1 0 0 0 0 0 0 0
168 1 0.1 5.26864 4.01741 0.319623 0.217055 0.0500637 -0.0408004 -1.04964 1.23338 1.21156 1 0 0 0 0 0 0 0
169 1 0.1 5.43513 3.82231 0.351628 0.00730994 -0.0867722 0.153318 1.04011 -1.3972 0.18144 1 0 0 0 0 0 0 0
170 1 0.1 5.43218 4.13599 0.488169 0.173806 -0.0114263 0.0343982 0.0514262 1.91078 2.42046 1 0 0 0 0 0 0 0
171 1 0.1 5.6326 4.35593 0.438453 0.0149426 0.029021 -0.00134331 0.0162568 1.45387 0.546981 1 0 0 0 0 0 0 0
172 1 0.1 5.73593 4.2708 0.291077 -0.00966535 0.0351566 -0.024898 -0.575993 -0.575689 0.431765 1 0 0 0 0 0 0 0
173 1 0.1 5.85375 4.45958 0.34351 -0.0210306 0.0766102 -0.0703215 0.265542 0.477223 1.01332 1 0 0 0 0 0 0 0
174 1 0.1 5.9994 4.97872 0.345206 0.00710078 0.00872878 -0.00349422 0.0239852 -0.00918507 -0.00163884 1 0 0 0 0 0 0 0
175 1 0.1 6.24223 0.780542 0.347981 0.00558955 -0.00550888 0.00136227 0.0150883 0.00873818 0.0113521 1 0 0 0 0 0 0 0
176 1 0.1 5.72804 1.55164 0.308224 0.0149345 -0.0167438 -0.00383355 -0.328746 -0.139675 0.0604189 1 0 0 0 0 0 0 0
177 1 0.1 5.83856 1.90829 0.311641 0.0582224 -0.0464879 0.00559144 0.311384 0.304665 0.4578 1 0 0 0 0 0 0 0
178 1 0.1 5.79822 2.11011 0.315253 0.0297356 -0.0196025 -0.00341854 0.215662 1.00449 0.938818 1 0 0 0 0 0 0 0
179 1 0.1 5.4557 1.97238 0.290283 -0.0140663 -0.00909534 -0.00426277 -0.260485 -0.259208 0.0899828 1 0 0 0 0 0 0 0
180 1 0.1 5.56862 2.13008 0.466254 0.063933 -0.0336261 -0.03997 -0.514607 -0.0857563 0.961354 1 0 0 0 0 0 0 0
181 1 0.1 5.1678 2.11543 0.320404 0.0381784 0.136085 -0.0644369 -0.0572433 1.49287 2.41822 1 0 0 0 0 0 0 0
182 1 0.1 5.10984 2.33064 0.463419 -0.0428963 -0.0157902 -0.0591401 -0.708757 -0.519069 -0.878212 1 0 0 0 0 0 0 0
183 1 0.1 5.16325 2.57446 0.287716 0.100102 0.0898047 -0.00856741 -0.59391 -0.729809 -0.443112 1 0 0 0 0 0 0 0
184 1 0.1 5.40997 2.82831 0.466565 0.0481093 0.0622642 0.0644325 -0.420677 -0.998373 0.407028 1 0 0 0 0 0 0 0
185 1 0.1 5.22271 2.79241 0.52675 0.0287807 0.0491972 0.00396561 0.362638 -0.706548 0.366916 1 0 0 0 0 0 0 0
186 1 0.1 5.01015 2.80752 0.287877 -0.0433538 -0.0484651 -0.122667 0.330749 0.616945 -0.25777 1 0 0 0 0 0 0 0
187 1 0.1 4.47137 2.7793 0.234395 -0.0602085 0.0721022 -0.0629627 -1.05975 0.342698 0.570124 1 0 0 0 0 0 0 0
188 1 0.1 4.89835 2.93443 0.178681 0.0144636 1.14797e-05 -0.0524423 -0.319738 -0.442163 -0.272823 1 0 0 0 0 0 0 0
189 1 0.1 5.23408 3.44619 0.325789 -0.0417165 0.143438 -0.0111257 -0.736575 -0.754925 1.46087 1 0 0 0 0 0 0 0
190 1 0.1 5.16274 3.60787 0.214435 0.0823495 0.0749317 -0.134025 -1.32946 1.58452 0.810335 1 0 0 0 0 0 0 0
191 1 0.1 5.43377 3.45135 0.324837 -0.0921856 0.0370372 0.0436225 -0.928528 0.29173 -1.31103 1 0 0 0 0 0 0 0
192 1 0.1 5.1982 3.91165 0.135778 0.144924 0.131617 -0.00146399 -1.23365 1.97454 0.082167 1 0 0 0 0 0 0 0
193 1 0.1 5.75372 3.78716 0.299505 0.357686 -0.0620969 -0.0536441 -0.430453 1.40298 -4.19182 1 0 0 0 0 0 0 0
194 1 0.1 5.73499 3.77099 0.574389 0.0544826 -0.0140306 0.0391479 -0.00613639 -1.16643 -2.5793 1 0 0 0 0 0 0 0
195 1 0.1 5.66465 4.04413 0.334156 0.226732 0.0993546 0.0216811 0.328338 0.0956334 -0.789712 1 0 0 0 0 0 0 0
196 1 0.1 5.85723 4.11327 0.3121 -0.0653572 0.0159577 0.153601 0.177012 -1.69836 -0.399961 1 0 0 0 0 0 0 0
197 1 0.1 5.98791 4.04163 0.472471 0.204007 0.0505819 0.0836261 -0.479744 0.915411 1.0509 1 0 0 0 0 0 0 0
198 1 0.1 5.90785 4.66055 0.251738 -0.0120851 0.0189198 0.0134675 -0.0400722 0.175065 -0.337546 1 0 0 0 0 0 0 0
199 1 0.1 6.1399 5.12085 0.349979 0.00676788 0.0100566 -0.000375012 0.00718114 -0.00393269 0.0146549 1 0 0 0 0 0 0 0
200 1 0.1 6.02613 1.26356 0.309969 -0.0838096 -0.0684079 -0.0296019 0.726462 -1.74928 0.817746 1 0 0 0 0 0 0 0
201 1 0.1 5.68165 1.34283 0.348325 0.00254688 -0.00897158 0.002088 0.0191837 0.0352464 0.0405723 1 0 0 0 0 0 0 0
202 1 0.1 6.02847 2.01085 0.617265 -0.0819368 -0.0210545 0.029907 0.2579 -0.5466 -0.51635 1 0 0 0 0 0 0 0
203 1 0.1 5.96764 2.37712 0.65609 0.0834496 -0.0191161 0.046581 0.274673 -0.0014627 -0.299425 1 0 0 0 0 0 0 0
204 1 0.1 5.96491 2.58169 0.315349 0.220749 0.0604218 0.032966 0.0541347 -0.174501 0.0534249 1 0 0 0 0 0 0 0
205 1 0.1 5.65895 2.25199 0.335375 0.0609903 0.0125805 0.00824318 -0.59449 -0.466566 -1.34063 1 0 0 0 0 0 0 0
206 1 0.1 5.49391 2.36397 0.327082 0.0952557 0.0618097 -0.0317972 -0.283187 0.891683 1.08685 1 0 0 0 0 0 0 0
207 1 0.1 5.64798 2.43727 0.444821 0.201837 0.047137 -0.0146917 0.0511892 -0.0640935 0.55651 1 0 0 0 0 0 0 0
208 1 0.1 5.12562 2.48214 0.129944 0.110043 0.183465 0.00658858 -2.67295 0.966499 -0.125705 1 0 0 0 0 0 0 0
209 1 0.1 5.64052 2.59265 0.322545 0.122214 0.0391315 0.00621667 0.0582977 0.483085 0.137413 1 0 0 0 0 0 0 0
210 1 0.1 5.72225 2.93429 0.468226 0.0552244 0.0168956 0.00830658 0.195877 -0.646531 0.0449352 1 0 0 0 0 0 0 0
211 1 0.1 5.34047 2.98649 0.148677 0.0268746 0.0119266 -0.00360305 0.092209 -0.368617 -0.0312163 1 0 0 0 0 0 0 0
212 1 0.1 4.99368 3.0756 0.499118 0.0903317 0.0821316 0.0152946 -0.496546 -0.0715085 -0.530314 1 0 0 0 0 0 0 0
213 1 0.1 5.12216 2.99491 0.370453 0.0371029 -0.00479242 0.00968328 -0.0412341 0.250713 -0.551749 1 0 0 0 0 0 0 0
214 1 0.1 5.45455 3.38466 0.137484 -0.213806 0.218025 -0.00953932 -0.0052262 -0.554804 3.10131 1 0 0 0 0 0 0 0
215 1 0.1 5.87031 3.29086 0.427758 0.0130395 0.0488075 0.0227523 0.252378 -0.0375904 0.254926 1 0 0 0 0 0 0 0
216 1 0.1 5.90094 3.45026 0.311301 -0.0135788 0.0255324 -0.00923981 -0.33566 0.161469 0.323308 1 0 0 0 0 0 0 0
217 1 0.1 5.73418 3.55828 0.29067 -0.0324402 0.00481624 -0.00346397 0.0880668 -0.534812 -0.311832 1 0 0 0 0 0 0 0
218 1 0.1 5.98288 3.74332 0.29939 0.0155754 -0.0386882 0.0210055 -0.881641 -0.4707 -0.356343 1 0 0 0 0 0 0 0
219 1 0.1 6.04336 3.64271 0.137481 -0.00491169 -0.0209566 0.00120631 0.0461576 0.00586722 -0.0718983 1 0 0 0 0 0 0 0
220 1 0.1 5.97161 3.51274 0.762482 -0.0264688 -0.0745142 -0.00137908 -0.125253 0.00756868 0.321131 1 0 0 0 0 0 0 0
221 1 0.1 6.05711 3.43893 0.59344 0.337774 -0.0904141 0.0856937 -0.412062 1.5404 6.60259 1 0 0 0 0 0 0 0
222 1 0.1 6.05444 3.44785 0.180809 -0.00648745 -0.0183548 -0.00673911 0.0283472 0.223947 -0.00650851 1 0 0 0 0 0 0 0
223 1 0.1 6.07511 4.74985 0.334857 -0.0157004 -0.00935401 -0.00559486 -0.280215 0.055896 0.213041 1 0 0 0 0 0 0 0
224 1 0.1 6.15135 4.87436 0.47145 -0.0285525 -0.0337006 0.0247422 0.272271 -0.855005 -0.880622 1 0 0 0 0 0 0 0
225 1 0.1 6.00067 1.58242 0.330901 0.0460927 -0.0562676 0.0140374 0.425877 0.39575 0.466236 1 0 0 0 0 0 0 0
226 1 0.1 5.68151 2.26807 0.137429 -0.0499345 -0.0119444 -0.00239316 0.119333 0.0799196 0.0523464 1 0 0 0 0 0 0 0
227 1 0.1 6.02576 1.9784 0.305323 0.036585 0.0485881 -0.0373373 -0.354088 0.30731 0.330227 1 0 0 0 0 0 0 0
228 1 0.1 6.03434 2.5224 0.137459 0.115722 0.0206876 0.00155273 -0.00922241 0.611425 0.0402964 1 0 0 0 0 0 0 0
229 1 0.1 5.52751 2.90694 0.137441 0.0336789 -0.037438 0.00438955 0.38115 0.360218 -0.0682178 1 0 0 0 0 0 0 0
230 1 0.1 6.09732 3.06846 0.276041 0.0638609 0.0428673 0.051562 -0.421436 0.464776 0.474305 1 0 0 0 0 0 0 0
231 1 0.1 5.91438 2.46945 0.486906 0.159644 0.0380511 0.0525527 0.0351541 -0.421219 -0.735951 1 0 0 0 0 0 0 0
232 1 0.1 5.80154 2.46687 0.322023 0.215332 0.0682187 0.0111745 -0.25695 -0.274309 -0.125045 1 0 0 0 0 0 0 0
233 1 0.1 5.96877 2.62731 0.596816 0.0844884 0.073837 0.0377759 -0.0520746 -0.54423 1.15134 1 0 0 0 0 0 0 0
234 1 0.1 5.82317 2.79101 0.332023 0.102322 0.0155533 -0.0137801 0.19776 0.204264 -0.191355 1 0 0 0 0 0 0 0
235 1 0.1 5.99498 2.73997 0.43371 0.117846 0.0740518 0.0376327 -0.215189 -0.937464 0.400118 1 0 0 0 0 0 0 0
236 1 0.1 5.60074 3.11844 0.61385 0.0936276 0.101318 -0.0624352 0.694866 1.02248 1.17818 1 0 0 0 0 0 0 0
237 1 0.1 5.58595 3.1164 0.296491 0.0430083 0.00716693 -0.0115379 0.221371 0.0187521 0.0423045 1 0 0 0 0 0 0 0
238 1 0.1 5.42042 3.24312 0.299686 0.0421139 0.0260248 -0.0193298 0.0895117 0.268721 0.250845 1 0 0 0 0 0 0 0
239 1 0.1 5.79778 3.09221 0.306849 0.0236456 0.0834375 -0.0683272 0.200222 1.17862 1.05075 1 0 0 0 0 0 0 0
240 1 0.1 5.92039 2.92514 0.444139 0.0554062 0.0483306 0.00236166 -0.069838 0.710064 0.263793 1 0 0 0 0 0 0 0
241 1 0.1 5.53158 3.30847 0.465625 0.0129592 -0.0299977 -0.0162365 -0.774236 0.240256 0.0586587 1 0 0 0 0 0 0 0
242 1 0.1 6.00972 3.2775 0.285201 -0.000785978 0.0742562 0.000947348 -0.185104 0.329091 0.0441778 1 0 0 0 0 0 0 0
243 1 0.1 5.98274 3.23606 0.583694 0.0334501 -0.0040305 -0.0135457 0.515643 0.264358 -0.107635 1 0 0 0 0 0 0 0
244 1 0.1 5.82619 3.65903 0.436432 -0.0402492 -0.18567 0.131547 0.753741 -1.59111 -2.47485 1 0 0 0 0 0 0 0
245 1 0.1 5.93245 3.15969 0.143304 0.0466652 0.00825268 0.0336771 -0.429027 0.238411 0.640146 1 0 0 0 0 0 0 0
246 1 0.1 6.01475 3.57463 0.418516 0.00552028 0.0367465 -0.0407793 0.575822 0.680173 0.114249 1 0 0 0 0 0 0 0
247 1 0.1 5.68297 4.17052 0.487332 0.249324 0.104054 0.0207606 -0.932279 0.843459 1.49284 1 0 0 0 0 0 0 0
248 1 0.1 6.13477 4.36109 0.435332 0.0540439 0.0393366 -0.0116502 0.0896473 0.0779707 -0.0817055 1 0 0 0 0 0 0 0
249 1 0.1 6.10244 4.52767 0.329648 -0.00309455 0.0326404 -0.0016488 -0.0210268 0.159267 0.634472 1 0 0 0 0 0 0 0
250 1 0.1 5.93941 1.0813 0.569475 0.00230817 -0.00212556 0.000231819 -0.0123707 0.00643284 0.0217338 1 0 0 0 0 0 0 0
251 1 0.1 5.80335 1.22038 0.523495 0.0034129 -0.00378757 0.00412555 0.0494286 0.0192021 -0.0322031 1 0 0 0 0 0 0 0
252 1 0.1 5.60187 1.42603 0.515666 0.00580532 -0.00941628 -0.00304421 -0.112381 -0.063342 -0.0762516 1 0 0 0 0 0 0 0
253 1 0.1 5.43694 1.57985 0.550086 -0.0229306 0.0347089 -0.00616902 0.103692 0.138305 0.390489 1 0 0 0 0 0 0 0
254 1 0.1 5.28729 1.73344 0.549985 -0.109334 0.148517 0.000759888 0.0275033 0.0118639 1.88385 1 0 0 0 0 0 0 0
255 1 0.1 5.27944 1.96093 0.396998 0.0205646 0.00250606 -0.0699776 -0.557367 -0.478639 -0.0811923 1 0 0 0 0 0 0 0
256 1 0.1 5.01914 2.02452 0.569518 0.0858879 0.263052 -0.0407804 -2.78864 1.5782 -1.09727 1 0 0 0 0 0 0 0
257 1 0.1 4.59522 2.42049 0.550078 -0.00186154 0.00221074 -0.0130167 -0.0818995 0.0629334 -0.0259824 1 0 0 0 0 0 0 0
258 1 0.1 4.76594 2.7436 0.488277 -0.036272 0.0554017 -0.035012 -0.721811 0.843536 -1.21566 1 0 0 0 0 0 0 0
259 1 0.1 4.81203 2.81812 0.312196 -0.0296484 0.0416322 -0.0422763 0.177559 -0.016568 -0.431904 1 0 0 0 0 0 0 0
260 1 0.1 4.58098 2.71463 0.566534 0.129014 -0.104311 0.00700407 0.330427 -0.535406 -1.64878 1 0 0 0 0 0 0 0
261 1 0.1 4.51831 2.89239 0.502823 0.084727 -0.0985765 0.0866197 -0.544575 0.0440863 1.34396 1 0 0 0 0 0 0 0
262 1 0.1 4.53744 3.02581 0.639445 0.17545 -0.0533217 0.0234291 -0.27941 1.23645 2.57339 1 0 0 0 0 0 0 0
263 1 0.1 4.25159 2.93595 0.300455 -0.0187117 0.0332309 -0.0184172 -0.0664687 0.0244568 0.191105 1 0 0 0 0 0 0 0
264 1 0.1 4.27052 3.14916 0.641002 0.0845246 -0.0922834 0.0394464 1.19583 1.07935 1.11064 1 0 0 0 0 0 0 0
265 1 0.1 4.45877 3.43885 0.539873 -0.0662488 0.0348772 0.330385 -3.91859 -0.182813 -0.729457 1 0 0 0 0 0 0 0
266 1 0.1 4.41891 3.33487 0.26659 0.217969 -0.0529437 0.000252445 -1.28015 2.29083 1.39034 1 0 0 0 0 0 0 0
267 1 0.1 4.59708 3.57411 0.583494 0.0191423 0.0106391 0.0485156 -0.190342 0.0507367 -0.687686 1 0 0 0 0 0 0 0
268 1 0.1 5.06211 3.72469 0.404708 0.113661 0.0384168 0.109246 -1.11373 -0.47913 -1.12172 1 0 0 0 0 0 0 0
269 1 0.1 4.994 3.96582 0.534862 0.0132703 -0.0363924 -0.130396 1.27807 1.0589 -0.116151 1 0 0 0 0 0 0 0
270 1 0.1 5.29175 4.07635 0.636955 0.0591094 0.0449931 -0.0983162 0.242621 -1.43113 -1.05775 1 0 0 0 0 0 0 0
271 1 0.1 5.27821 4.25359 0.545581 0.0871097 0.0745536 -0.0585819 0.298193 0.561366 1.16059 1 0 0 0 0 0 0 0
272 1 0.1 5.51029 4.48724 0.576132 0.0163435 0.0205439 0.0142004 -0.337983 -0.244156 -0.21003 1 0 0 0 0 0 0 0
273 1 0.1 5.63663 4.60714 0.482273 0.00317617 0.00758539 -0.00264675 0.0405206 0.109065 0.0410576 1 0 0 0 0 0 0 0
274 1 0.1 5.7789 4.74386 0.511867 0.00274429 0.00560043 -0.00621835 0.0502839 0.0107787 -0.00686569 1 0 0 0 0 0 0 0
275 1 0.1 6.08002 0.939384 0.563793 0.00220483 -0.000999429 0.000174708 -0.000971833 0.0026141 -0.00135489 1 0 0 0 0 0 0 0
276 1 0.1 5.63195 1.60859 0.590872 0.00939463 -0.00936735 -0.0110583 -0.0991651 -0.18326 -0.0669529 1 0 0 0 0 0 0 0
277 1 0.1 5.56373 1.66559 0.412564 0.0174824 0.00393103 -0.00727489 -0.0138234 -0.0270507 -0.0626759 1 0 0 0 0 0 0 0
278 1 0.1 5.65142 1.81429 0.313518 0.0218663 -0.00152188 0.00637255 0.156979 0.011058 0.0130021 1 0 0 0 0 0 0 0
279 1 0.1 5.49099 1.7672 0.594071 -0.0395943 0.0263495 -0.00238156 -0.0267499 -0.0466429 -0.167639 1 0 0 0 0 0 0 0
280 1 0.1 5.40101 1.94292 0.554273 -0.0849467 -0.0425859 0.0196488 0.528553 -1.11617 -0.394307 1 0 0 0 0 0 0 0
281 1 0.1 5.18957 2.09023 0.510634 0.105895 0.0651203 -0.114727 1.00355 -0.87798 -0.687955 1 0 0 0 0 0 0 0
282 1 0.1 4.95861 2.05777 0.748548 -0.0407318 0.0260345 -0.0650293 2.21081 -0.740657 2.23459 1 0 0 0 0 0 0 0
283 1 0.1 5.02492 2.49071 0.388808 0.0760413 0.0875177 -0.0140409 1.09117 -0.177815 -0.806655 1 0 0 0 0 0 0 0
284 1 0.1 5.29862 2.69265 0.372413 0.107731 0.0537604 0.0303264 -0.127319 -0.34413 -0.509724 1 0 0 0 0 0 0 0
285 1 0.1 4.45417 2.56187 0.548816 0.00371822 0.00480734 -0.026193 -0.252467 0.0990794 -0.0406598 1 0 0 0 0 0 0 0
286 1 0.1 4.56614 2.69508 0.764193 -0.0280132 -0.02028 0.00209823 -0.363151 0.507337 0.370506 1 0 0 0 0 0 0 0
287 1 0.1 4.63765 3.12186 0.766321 0.0644874 0.0594165 0.00104148 0.581305 -0.548333 -0.0349381 1 0 0 0 0 0 0 0
288 1 0.1 4.50596 3.24838 0.514109 0.0964921 0.0680441 0.474218 2.59111 -0.456292 2.35824 1 0 0 0 0 0 0 0
289 1 0.1 4.73121 3.17956 0.333892 0.115669 0.090745 0.0226862 -1.32949 0.156223 -0.820658 1 0 0 0 0 0 0 0
290 1 0.1 4.84412 3.33296 0.198413 -0.209784 0.256164 0.0416792 0.472555 -0.189397 3.56664 1 0 0 0 0 0 0 0
291 1 0.1 4.9231 3.46029 0.756454 0.0294383 0.0138887 0.00508358 -0.0437211 0.264035 -0.144155 1 0 0 0 0 0 0 0
292 1 0.1 5.14911 3.55809 0.467815 0.00949605 -0.00393398 0.109335 1.39982 -0.0546289 0.148076 1 0 0 0 0 0 0 0
293 1 0.1 4.91649 3.83844 0.333298 0.210412 0.0977991 0.0411958 0.711355 -1.1532 -2.37187 1 0 0 0 0 0 0 0
294 1 0.1 5.25592 3.79509 0.431661 -0.124749 0.188862 -0.0732218 -2.17467 -1.38525 -1.68522 1 0 0 0 0 0 0 0
295 1 0.1 5.22855 3.8605 0.611703 -0.0216178 0.208887 -0.0609476 1.38468 2.40035 -1.72389 1 0 0 0 0 0 0 0
296 1 0.1 5.57724 4.01513 0.551476 0.293548 -0.0765127 -0.373993 5.70144 -1.04459 -0.925222 1 0 0 0 0 0 0 0
297 1 0.1 5.70178 4.44205 0.603368 0.0328241 0.033761 -0.0217964 0.79576 -0.0442141 0.539543 1 0 0 0 0 0 0 0
298 1 0.1 5.66194 4.50546 0.311231 -0.0461621 0.0164357 -0.0118468 -0.0872478 -0.284392 -0.705281 1 0 0 0 0 0 0 0
299 1 0.1 6.04997 5.02388 0.557075 0.000692555 0.00036615 0.00105206 -0.0146001 0.00106603 0.00194964 1 0 0 0 0 0 0 0
300 1 0.1 6.21871 0.79611 0.549687 0.00115789 -0.00101204 0.000129441 -0.00035744 -0.0016417 -0.0100733 1 0 0 0 0 0 0 0
301 1 0.1 5.80302 1.59387 0.488608 0.0135875 -0.0106275 -0.00486947 0.107618 0.117434 -0.180699 1 0 0 0 0 0 0 0
302 1 0.1 5.95964 1.82129 0.443725 0.102453 -0.0161862 -0.0228143 -0.371649 0.148663 -0.0394216 1 0 0 0 0 0 0 0
303 1 0.1 5.89638 2.01922 0.467518 -0.0321764 0.0196826 -0.00964758 -0.0934506 -0.071319 0.0952661 1 0 0 0 0 0 0 0
304 1 0.1 5.78618 1.92278 0.603672 0.00828663 0.00162608 0.00578882 0.0991031 0.297992 0.305357 1 0 0 0 0 0 0 0
305 1 0.1 5.59553 1.98149 0.595877 0.0134377 0.00139732 -0.0028523 0.212769 -0.629019 -0.691426 1 0 0 0 0 0 0 0
306 1 0.1 5.29844 2.40963 0.590031 -0.0768943 0.0140564 -0.0496448 -0.302895 -0.236054 0.204584 1 0 0 0 0 0 0 0
307 1 0.1 5.10436 2.44894 0.767059 -0.00602142 0.0445208 0.00954583 0.67335 -0.0291154 0.759727 1 0 0 0 0 0 0 0
308 1 0.1 5.33927 2.48292 0.287885 0.0500176 0.0213055 -0.00966414 -0.276004 0.106891 -0.799357 1 0 0 0 0 0 0 0
309 1 0.1 5.01075 2.55855 0.56391 -0.0437063 0.128477 -0.0608783 -1.14409 -0.827798 0.306977 1 0 0 0 0 0 0 0
310 1 0.1 5.47423 2.95303 0.324463 0.0638484 -0.00112898 0.0132884 -0.836518 0.0675667 0.389498 1 0 0 0 0 0 0 0
311 1 0.1 4.6036 2.8843 0.748618 0.0258389 -0.0307218 0.113969 1.29414 -5.82938 -1.06755 1 0 0 0 0 0 0 0
312 1 0.1 4.64759 3.10982 0.502433 0.0335385 0.0649812 -0.0334832 1.01324 0.362105 -1.52199 1 0 0 0 0 0 0 0
313 1 0.1 4.9227 3.1306 0.321722 0.0763483 -0.00811865 0.00819769 -0.73144 0.517757 -0.155136 1 0 0 0 0 0 0 0
314 1 0.1 5.3047 3.25232 0.137414 0.00721775 -0.0271755 0.000241015 -0.398808 0.310329 0.131609 1 0 0 0 0 0 0 0
315 1 0.1 5.14666 3.33456 0.49462 0.0527962 -0.0433866 -0.0398096 0.464188 -0.2693 -0.26124 1 0 0 0 0 0 0 0
316 1 0.1 5.70069 3.35135 0.316938 -0.0558505 -0.01774 -0.0186041 -0.249944 -1.8801 2.49429 1 0 0 0 0 0 0 0
317 1 0.1 5.31508 3.61602 0.374906 -0.0450638 0.147267 0.0937708 0.705062 0.962404 0.459501 1 0 0 0 0 0 0 0
318 1 0.1 5.49541 3.63996 0.303138 -0.0319648 -0.0301722 -0.0189781 1.0655 -1.06913 -1.65357 1 0 0 0 0 0 0 0
319 1 0.1 5.50485 3.83263 0.578693 0.453711 -0.0681489 -0.104632 -5.39749 8.81807 1.58942 1 0 0 0 0 0 0 0
320 1 0.1 5.41676 3.98395 0.762528 -0.0884797 -0.0489005 -0.0044639 -0.330722 0.13452 -0.474972 1 0 0 0 0 0 0 0
321 1 0.1 5.94977 3.89273 0.600191 0.191358 0.0429591 0.0745456 0.666237 -0.705569 -1.43196 1 0 0 0 0 0 0 0
322 1 0.1 5.67606 4.13369 0.683733 -0.00376428 -0.0212265 -0.00877263 0.587402 -0.0149719 -0.564312 1 0 0 0 0 0 0 0
323 1 0.1 5.96069 4.62055 0.435391 -0.0197087 -0.000255574 0.00336889 0.0815811 -0.12565 -0.214037 1 0 0 0 0 0 0 0
324 1 0.1 6.19009 5.1663 0.549992 0.000339604 0.000412063 -1.59655e-05 -0.000115943 -7.42097e-05 0.00551306 1 0 0 0 0 0 0 0
325 1 0.1 6.08187 1.19666 0.489942 -0.02194 0.0154376 -0.0177722 0.193478 0.434871 0.0668015 1 0 0 0 0 0 0 0
326 1 0.1 5.86083 1.42352 0.385172 0.00821659 -0.0236219 -0.00304969 0.0570787 0.0644929 -0.210137 1 0 0 0 0 0 0 0
327 1 0.1 5.98518 2.16749 0.356194 0.0198248 0.045047 -0.0492919 0.694099 -0.229953 -0.045432 1 0 0 0 0 0 0 0
328 1 0.1 5.63607 2.26937 0.761453 -0.0716357 -0.0550069 0.00837589 0.0278288 -0.219558 -1.15368 1 0 0 0 0 0 0 0
329 1 0.1 5.92503 2.19672 0.581131 0.0233335 -0.0174405 0.0788674 -0.433785 0.824584 -0.0313297 1 0 0 0 0 0 0 0
330 1 0.1 5.51231 2.31413 0.517484 0.223696 0.0224347 -0.0591868 0.711709 0.233007 -0.443856 1 0 0 0 0 0 0 0
331 1 0.1 5.74497 2.11311 0.558176 0.011001 0.0177731 0.0671403 0.178823 -1.07953 -0.382929 1 0 0 0 0 0 0 0
332 1 0.1 5.86026 2.60139 0.762628 0.0283602 0.00622836 -0.00209799 0.047451 -0.283551 0.0780894 1 0 0 0 0 0 0 0
333 1 0.1 5.79614 2.62738 0.443237 0.116301 0.0377272 0.0156813 -0.46105 0.587741 -0.148336 1 0 0 0 0 0 0 0
334 1 0.1 5.55642 2.54648 0.585049 0.101227 -0.0166514 -0.0280085 0.12671 -0.085642 -0.0788657 1 0 0 0 0 0 0 0
335 1 0.1 5.21089 2.54503 0.471263 -0.0606739 0.122087 0.00638994 -0.1165 -0.759057 -0.9092 1 0 0 0 0 0 0 0
336 1 0.1 5.3646 2.87949 0.680489 0.00353219 0.00271158 -0.0235736 0.222173 -0.0222623 -0.0133703 1 0 0 0 0 0 0 0
337 1 0.1 5.10899 2.94298 0.589123 0.0179419 0.0418707 0.0230487 0.173422 0.273507 -0.453821 1 0 0 0 0 0 0 0
338 1 0.1 5.31352 3.06983 0.345671 0.0429228 -0.0169154 -0.0282581 -0.0311569 0.0342899 -0.0352437 1 0 0 0 0 0 0 0
339 1 0.1 5.47253 3.10557 0.460597 0.0328254 -0.0264434 -0.0155787 0.18761 -0.157878 0.0387464 1 0 0 0 0 0 0 0
340 1 0.1 5.69511 3.19639 0.443106 0.0324181 -0.00113012 0.00165412 0.0473559 -0.065939 0.239316 1 0 0 0 0 0 0 0
341 1 0.1 5.4385 3.55213 0.512998 0.0298651 0.256597 0.0551338 6.83326 0.756906 1.21331 1 0 0 0 0 0 0 0
342 1 0.1 5.60802 3.48879 0.428467 -0.0755593 -0.0340389 -0.0394494 1.17088 0.596387 -0.471324 1 0 0 0 0 0 0 0
343 1 0.1 5.58586 3.68154 0.475804 0.185605 0.00740965 -0.187772 -2.99588 2.40505 -1.43115 1 0 0 0 0 0 0 0
344 1 0.1 5.70457 3.53793 0.596013 0.24746 -0.245727 -0.189509 -0.0735358 -6.1303 6.89865 1 0 0 0 0 0 0 0
345 1 0.1 5.75916 3.24822 0.762557 0.0226938 -0.0019192 0.00109454 -0.163181 -0.379197 -0.0808375 1 0 0 0 0 0 0 0
346 1 0.1 5.94248 3.62782 0.597196 0.0292345 -0.051636 -0.00502104 0.414684 -0.160529 -0.148856 1 0 0 0 0 0 0 0
347 1 0.1 6.04728 3.7592 0.487979 0.0681059 0.0102818 0.00252872 0.184619 0.9737 -0.174293 1 0 0 0 0 0 0 0
348 1 0.1 5.91097 4.88109 0.571913 0.00153512 0.00137793 -0.000492867 0.0259722 -0.0176568 0.0034497 1 0 0 0 0 0 0 0
349 1 0.1 6.05833 4.72784 0.57292 -0.0231937 -0.0421694 0.0398084 0.332638 -0.167373 -0.128785 1 0 0 0 0 0 0 0
350 1 0.1 6.06001 1.41931 0.429924 -0.0778889 -0.103141 0.0140829 -0.556549 0.0135214 -2.23768 1 0 0 0 0 0 0 0
351 1 0.1 6.07367 1.64583 0.505912 0.0227242 0.0117592 -0.00247306 -0.102841 -0.297734 -0.397782 1 0 0 0 0 0 0 0
352 1 0.1 6.10278 1.82803 0.583025 0.0277899 -0.0138624 0.0450429 0.36528 -1.16609 0.0475376 1 0 0 0 0 0 0 0
353 1 0.1 5.88278 2.01087 0.754926 -0.0415578 -0.0262038 0.0580202 0.698047 -0.493818 0.019172 1 0 0 0 0 0 0 0
354 1 0.1 5.96369 2.70807 0.160392 0.0494991 -0.00307774 -0.0191254 -0.196301 0.316567 -0.54181 1 0 0 0 0 0 0 0
355 1 0.1 5.94656 2.96672 0.192992 0.0810252 0.0153902 0.0518782 0.26729 -0.564848 -0.202867 1 0 0 0 0 0 0 0
356 1 0.1 5.68672 2.70081 0.763448 0.0156087 -0.00195044 0.0013942 0.00360613 -0.182329 0.0911072 1 0 0 0 0 0 0 0
357 1 0.1 5.6392 2.72789 0.573126 0.0344245 0.016079 0.00047424 0.261748 -0.0632008 0.246371 1 0 0 0 0 0 0 0
358 1 0.1 5.18294 2.88645 0.763601 0.0156128 0.00410046 0.00378139 0.0784168 -0.119456 -0.0798345 1 0 0 0 0 0 0 0
359 1 0.1 5.61815 2.78009 0.383274 0.0946947 0.0252488 -0.00044265 -0.11482 -0.666009 0.116551 1 0 0 0 0 0 0 0
360 1 0.1 5.9111 2.95174 0.6421 0.0371804 0.00812167 0.0137208 0.173581 -0.0109215 -0.0797822 1 0 0 0 0 0 0 0
361 1 0.1 5.7163 2.89495 0.661804 0.0197712 0.00490392 0.000573971 -0.0515729 0.291537 -0.109091 1 0 0 0 0 0 0 0
362 1 0.1 5.53921 2.93194 0.577367 0.0452036 0.0913176 0.0275864 -1.29217 0.166997 -1.44377 1 0 0 0 0 0 0 0
363 1 0.1 5.29389 2.98073 0.523395 -0.00872664 0.0325481 -0.0084889 0.128908 0.11319 0.11505 1 0 0 0 0 0 0 0
364 1 0.1 5.45838 3.03522 0.763161 0.000631295 -0.00405163 -0.000620151 -0.00704881 0.0096287 0.0766281 1 0 0 0 0 0 0 0
365 1 0.1 5.39308 3.16849 0.63244 0.0147593 -0.0203651 -0.0178854 -0.22581 -0.134185 -0.0915715 1 0 0 0 0 0 0 0
366 1 0.1 5.81972 3.12038 0.579266 0.0340737 -0.000921228 -0.000293299 0.107202 0.0236959 -0.0608231 1 0 0 0 0 0 0 0
367 1 0.1 5.53158 3.23226 0.762714 0.0583761 0.00490521 0.00131919 0.0736007 -0.552313 0.0717023 1 0 0 0 0 0 0 0
368 1 0.1 5.64138 3.33969 0.62961 0.046086 0.00475591 -0.0316007 0.467942 0.12192 0.0533153 1 0 0 0 0 0 0 0
369 1 0.1 5.85915 3.41153 0.586864 0.343218 -0.160619 0.210309 1.43745 -0.140696 -5.86065 1 0 0 0 0 0 0 0
370 1 0.1 6.01756 3.31824 0.762545 0.0396897 -0.055853 0.00307084 0.0780643 -0.0658498 0.363368 1 0 0 0 0 0 0 0
371 1 0.1 6.07151 3.05692 0.58567 0.0258938 -0.0092745 -0.0460874 -0.545177 0.513013 0.0149085 1 0 0 0 0 0 0 0
372 1 0.1 5.98332 4.23248 0.414012 0.0581969 0.0285312 0.00953131 -0.295532 0.0426772 0.182054 1 0 0 0 0 0 0 0
373 1 0.1 5.83547 4.33606 0.499626 0.0497579 0.0771723 -0.0578294 -0.420209 -0.202488 -0.0482644 1 0 0 0 0 0 0 0
374 1 0.1 6.09978 4.52568 0.543284 0.00486838 0.0260983 -0.00439051 0.0353626 -0.289045 0.546897 1 0 0 0 0 0 0 0
375 1 0.1 5.80194 1.21569 0.75004 0.00268648 -0.00155482 -0.000583253 -0.00469029 0.00560631 -0.030314 1 0 0 0 0 0 0 0
376 1 0.1 5.79258 1.41331 0.572806 0.00781438 -0.00717582 -0.00244914 -0.115218 0.0899044 0.0121212 1 0 0 0 0 0 0 0
377 1 0.1 5.51356 1.5019 0.749894 0.0231981 -0.0159609 -0.00730181 -0.0201165 0.0171654 -0.0291677 1 0 0 0 0 0 0 0
378 1 0.1 5.37275 1.64363 0.7501 0.016567 -0.00679276 0.000449311 0.0789309 0.0413341 0.000405476 1 0 0 0 0 0 0 0
379 1 0.1 5.23096 1.7844 0.750599 -0.0012819 -0.00703767 0.0138148 0.109798 -0.011118 0.147466 1 0 0 0 0 0 0 0
380 1 0.1 5.12676 1.95335 0.737537 -0.054726 -0.0391174 -0.0153023 0.637457 -2.04794 0.00964651 1 0 0 0 0 0 0 0
381 1 0.1 5.14887 1.87693 0.532864 -0.081323 0.105005 0.0328623 0.00510765 0.0684832 0.138959 1 0 0 0 0 0 0 0
382 1 0.1 4.66556 2.35501 0.728297 0.0138718 -0.00537318 -0.0466253 -0.370204 0.333373 -0.170505 1 0 0 0 0 0 0 0
383 1 0.1 4.69788 2.55125 0.734292 -0.0226525 -0.00428127 -0.0649776 0.671291 -0.575378 0.186368 1 0 0 0 0 0 0 0
384 1 0.1 4.83362 2.60797 0.611127 -0.0211887 0.0794435 0.00157192 -0.0214173 -0.0635225 0.444914 1 0 0 0 0 0 0 0
385 1 0.1 4.31104 2.70428 0.558682 -0.0120725 -0.0175953 -0.0924796 -0.373861 1.16039 0.177189 1 0 0 0 0 0 0 0
386 1 0.1 4.19265 2.83076 0.749976 9.97239e-06 3.7547e-05 -5.90041e-06 0.000242924 -0.000348535 -0.00081375 1 0 0 0 0 0 0 0
387 1 0.1 4.19923 3.04452 0.483944 -2.32097e-05 -8.98865e-05 -0.000257394 3.65274e-05 0.00272674 -0.000477361 1 0 0 0 0 0 0 0
388 1 0.1 4.18337 3.05268 0.775381 -0.0263373 -0.0383923 0.0213896 -1.91298 -0.976426 -3.29499 1 0 0 0 0 0 0 0
389 1 0.1 4.65248 3.37712 0.535326 -0.127993 0.375685 0.314276 1.88717 2.9874 -0.608224 1 0 0 0 0 0 0 0
390 1 0.1 4.49951 3.47667 0.743978 0.018231 0.0166429 -0.0142465 0.025798 0.128303 0.175462 1 0 0 0 0 0 0 0
391 1 0.1 4.66297 3.6467 0.756794 0.0586245 0.0565164 -0.000536649 -0.218656 0.294405 1.1036 1 0 0 0 0 0 0 0
392 1 0.1 4.85361 3.82586 0.518391 -0.0212826 -0.0244498 -0.0483772 0.577656 0.79459 -0.288673 1 0 0 0 0 0 0 0
393 1 0.1 4.93329 3.9075 0.730996 0.0562145 0.064963 -0.0328194 -0.504339 0.698844 0.973447 1 0 0 0 0 0 0 0
394 1 0.1 5.10605 4.02397 0.688751 0.0261548 0.0896666 -0.16394 -3.11652 -0.272639 1.31463 1 0 0 0 0 0 0 0
395 1 0.1 5.18464 4.17922 0.781823 -0.0342005 0.0150119 0.0511525 2.65103 -2.48073 -1.95404 1 0 0 0 0 0 0 0
396 1 0.1 5.4928 4.29199 0.591155 0.0313708 0.0385288 0.0138738 0.315431 -0.335183 0.369612 1 0 0 0 0 0 0 0
397 1 0.1 5.33266 4.30393 0.731435 -0.00362491 -0.0037865 -0.00150933 0.699171 -0.775891 0.111116 1 0 0 0 0 0 0 0
398 1 0.1 5.64318 4.61332 0.688228 -0.00187341 -0.00949677 0.0522341 -0.076223 -0.601399 -0.111991 1 0 0 0 0 0 0 0
399 1 0.1 5.82836 4.80514 0.750365 -0.00287572 -0.00140133 0.00598671 -0.291034 0.398951 -0.288124 1 0 0 0 0 0 0 0
400 1 0.1 6.05098 0.975451 0.758404 -0.0219859 0.0208761 -0.00904722 0.020543 0.146908 0.284012 1 0 0 0 0 0 0 0
401 1 0.1 5.65501 1.36055 0.749976 0.0299902 -0.0171942 0.000696851 0.000733307 0.00441872 -0.0976399 1 0 0 0 0 0 0 0
402 1 0.1 5.57146 1.69265 0.76261 0.0014953 -0.0170126 0.00314076 0.162227 -0.098466 0.171376 1 0 0 0 0 0 0 0
403 1 0.1 5.71044 1.77043 0.499065 0.0225781 -0.0100517 0.00660456 -0.0242954 -0.0352581 0.088927 1 0 0 0 0 0 0 0
404 1 0.1 5.42019 1.84744 0.76265 -0.0131088 0.018574 0.00799727 0.159997 0.146115 -0.0376685 1 0 0 0 0 0 0 0
405 1 0.1 5.3155 2.01168 0.717947 -0.0475786 -0.00739247 0.0235763 -1.01334 1.58445 0.353708 1 0 0 0 0 0 0 0
406 1 0.1 5.17571 2.14483 0.765523 -0.0599789 -0.0336775 -0.00841939 0.470889 0.288955 -0.0152515 1 0 0 0 0 0 0 0
407 1 0.1 5.37599 2.13571 0.511408 0.0860987 -0.0155026 0.00325107 -0.473668 1.25486 -1.12183 1 0 0 0 0 0 0 0
408 1 0.1 4.86242 2.43849 0.737025 0.00294817 0.0227243 -0.0512501 -0.303163 -0.405717 -0.555218 1 0 0 0 0 0 0 0
409 1 0.1 4.92778 2.66708 0.766903 0.0250603 0.0399966 -0.00394362 0.525305 -0.0982627 -0.76666 1 0 0 0 0 0 0 0
410 1 0.1 4.3351 2.69102 0.762419 1.10054e-05 -5.10075e-05 -0.000180835 -0.000536456 0.00242565 -0.00172596 1 0 0 0 0 0 0 0
411 1 0.1 4.38907 3.05111 0.763867 0.129157 -0.126649 -0.00855839 -1.33543 -1.33949 -0.388567 1 0 0 0 0 0 0 0
412 1 0.1 4.60242 3.30922 0.751953 0.0511474 0.0403803 -0.00539192 -0.601306 0.585809 0.158057 1 0 0 0 0 0 0 0
413 1 0.1 4.78292 3.30016 0.662016 -0.0324928 0.0243484 0.0244998 -1.56031 0.350069 -0.174806 1 0 0 0 0 0 0 0
414 1 0.1 4.81802 3.35341 0.404553 -0.0265496 -0.00208132 0.0196048 -2.69692 1.55321 -0.983443 1 0 0 0 0 0 0 0
415 1 0.1 4.73552 3.52439 0.344254 0.0993885 0.0462925 -0.0283688 0.878705 1.08812 -1.43823 1 0 0 0 0 0 0 0
416 1 0.1 4.97092 3.6542 0.762604 0.046438 0.01086 -0.00119382 0.0472001 0.02116 -0.0100259 1 0 0 0 0 0 0 0
417 1 0.1 4.81246 3.75861 0.700373 0.065525 0.0517601 0.0110256 -0.304011 -0.859973 -0.883318 1 0 0 0 0 0 0 0
418 1 0.1 4.91627 3.63963 0.533709 0.118484 0.00870051 -0.0267102 -1.07317 0.0585993 2.57196 1 0 0 0 0 0 0 0
419 1 0.1 5.11492 3.8417 0.76639 0.0774889 0.145869 -0.00150204 1.31121 -0.765557 -1.0182 1 0 0 0 0 0 0 0
420 1 0.1 5.50189 4.19155 0.762914 0.00956682 0.00657427 -0.000651401 0.0620556 -0.100406 -0.0510818 1 0 0 0 0 0 0 0
421 1 0.1 5.53956 4.43136 0.763631 -0.0066183 0.0253495 0.00593658 0.253373 0.069213 -0.044304 1 0 0 0 0 0 0 0
422 1 0.1 5.79708 4.51 0.763757 0.00785773 -0.00859815 0.00267711 -0.118052 -0.0592347 -0.137529 1 0 0 0 0 0 0 0
423 1 0.1 5.91919 4.56688 0.618392 -0.00615264 -0.0213887 -0.0101065 0.257122 0.418559 -0.161113 1 0 0 0 0 0 0 0
424 1 0.1 6.11051 5.0858 0.746644 -0.00823726 -0.00221747 0.0195997 -0.132218 0.169031 0.0610823 1 0 0 0 0 0 0 0
425 1 0.1 6.1909 0.832861 0.749972 -0.0202473 0.0213142 -2.22647e-05 -0.167491 -0.128594 -0.278947 1 0 0 0 0 0 0 0
426 1 0.1 5.85445 1.40817 0.76262 0.00844275 -0.00248631 -0.00078409 -0.0216616 -0.0865137 -0.040267 1 0 0 0 0 0 0 0
427 1 0.1 5.71723 1.55436 0.762788 -0.0042227 -0.00274902 -0.00101734 -0.020103 0.0405249 -0.00259281 1 0 0 0 0 0 0 0
428 1 0.1 6.02782 1.87354 0.762617 -0.0540379 -0.0399147 0.00750644 -0.119021 0.271378 -0.0179271 1 0 0 0 0 0 0 0
429 1 0.1 5.82642 1.80871 0.762619 0.0199062 -0.00210271 0.000238805 -0.0268834 -0.201662 -0.218737 1 0 0 0 0 0 0 0
430 1 0.1 5.63746 1.88115 0.762763 -0.0360952 -0.0121732 -0.00185451 -0.134798 0.36323 0.142165 1 0 0 0 0 0 0 0
431 1 0.1 5.49584 2.07845 0.765369 -0.0376205 0.0229118 0.000265152 0.602595 -0.665601 -1.09457 1 0 0 0 0 0 0 0
432 1 0.1 4.9177 2.24884 0.765342 -0.100799 -0.00532222 0.010779 -0.236726 0.536444 0.172914 1 0 0 0 0 0 0 0
433 1 0.1 5.45329 2.57549 0.42027 0.108192 0.00356621 -0.0339038 -0.0118794 -0.00892865 -0.147172 1 0 0 0 0 0 0 0
434 1 0.1 5.18231 2.58893 0.655491 -0.0487574 0.0569983 -0.000179053 0.719214 0.431957 -0.515162 1 0 0 0 0 0 0 0
435 1 0.1 4.75677 2.76248 0.758136 0.00674134 -0.0146469 0.248949 2.45758 1.18823 1.34397 1 0 0 0 0 0 0 0
436 1 0.1 4.51508 2.50173 0.767085 0.0108548 -0.0363785 0.0142583 -0.917355 0.231793 -0.882942 1 0 0 0 0 0 0 0
437 1 0.1 4.82835 3.18353 0.50768 0.0522745 0.0250255 0.0672949 2.04956 -0.32104 1.15282 1 0 0 0 0 0 0 0
438 1 0.1 4.86126 3.14719 0.762799 -0.00626577 0.00078291 0.000222299 0.017924 0.0344785 0.0139593 1 0 0 0 0 0 0 0
439 1 0.1 4.72358 3.45928 0.764664 0.0231254 0.0478582 0.00805884 0.736819 -0.722809 0.282217 1 0 0 0 0 0 0 0
440 1 0.1 5.06243 3.3172 0.763063 0.100715 0.084809 0.00239941 0.842795 -0.978732 0.118312 1 0 0 0 0 0 0 0
441 1 0.1 5.08181 3.72582 0.603515 -0.0934691 0.286034 0.123355 -1.45033 -1.5912 0.59204 1 0 0 0 0 0 0 0
442 1 0.1 5.36429 3.69665 0.619497 0.307207 0.189097 0.334629 -8.75191 -0.101368 1.57084 1 0 0 0 0 0 0 0
443 1 0.1 5.46362 3.78481 0.7664 0.847963 0.0861589 0.0073192 1.15555 -7.75657 8.69513 1 0 0 0 0 0 0 0
444 1 0.1 5.61517 3.95964 0.76096 -0.07819 0.00494893 -0.00210728 -0.249276 -0.0982109 1.01755 1 0 0 0 0 0 0 0
445 1 0.1 5.76397 3.96668 0.602066 0.245514 -0.0223799 -0.134831 -0.917398 -2.65106 1.99638 1 0 0 0 0 0 0 0
446 1 0.1 5.70258 4.31565 0.762258 -0.057557 -0.0470376 0.0744229 -0.127915 -0.947505 -0.855469 1 0 0 0 0 0 0 0
447 1 0.1 5.90172 4.33982 0.762555 -0.035535 -0.0346084 0.00301038 -0.0596437 0.250092 -0.167401 1 0 0 0 0 0 0 0
448 1 0.1 5.98863 4.68778 0.760564 -0.0280744 -0.0303713 -0.000518545 0.41713 -0.613748 0.129761 1 0 0 0 0 0 0 0
449 1 0.1 6.25124 5.22776 0.749997 -0.00610445 -0.00512896 -0.000783871 0.0108693 -0.00052396 -0.0869177 1 0 0 0 0 0 0 0
450 1 0.1 6.00807 1.17064 0.76254 -0.0569938 0.0144953 -0.000926134 0.0209885 0.0443802 0.0762554 1 0 0 0 0 0 0 0
451 1 0.1 5.96326 1.29785 0.615067 -0.00382151 0.0283604 -0.00808956 0.0394655 -0.463835 -0.435585 1 0 0 0 0 0 0 0
452 1 0.1 5.94838 1.59529 0.763151 -0.0240161 0.020643 -0.00233977 0.204916 0.247807 0.220403 1 0 0 0 0 0 0 0
453 1 0.1 5.91778 1.71741 0.608627 0.0284497 0.0344457 -0.00605938 -0.118094 -0.692837 -0.518692 1 0 0 0 0 0 0 0
454 1 0.1 5.69488 2.07863 0.749743 -0.0644555 -0.0568973 0.0147088 0.151962 -0.235501 0.389683 1 0 0 0 0 0 0 0
455 1 0.1 5.47066 2.38139 0.768059 -0.014908 0.0287987 0.0111097 -0.249917 -1.41685 -0.0558619 1 0 0 0 0 0 0 0
456 1 0.1 5.41954 2.22987 0.667294 0.173572 0.0595994 -0.0969432 -0.883296 -0.726135 0.0204877 1 0 0 0 0 0 0 0
457 1 0.1 5.75755 2.30884 0.596886 -0.0811701 0.0316228 0.0257247 -0.669871 -0.176308 1.05094 1 0 0 0 0 0 0 0
458 1 0.1 5.34978 2.53165 0.737547 -0.0101712 0.0172378 -0.0903593 -0.581676 0.643094 0.234968 1 0 0 0 0 0 0 0
459 1 0.1 5.49131 2.67051 0.734998 0.0244276 -0.000423157 -0.0708418 0.500418 -0.390248 -0.0254354 1 0 0 0 0 0 0 0
460 1 0.1 5.35523 2.65146 0.577088 -0.0579875 -0.0651029 -0.10465 0.760096 0.838125 -1.80895 1 0 0 0 0 0 0 0
461 1 0.1 4.98557 2.85782 0.762733 0.0124393 0.0519872 0.000439227 0.395892 0.0311926 -0.435389 1 0 0 0 0 0 0 0
462 1 0.1 4.78741 2.96141 0.762557 0.0352917 -0.0170497 0.00896381 -0.0650667 -0.00013839 0.459052 1 0 0 0 0 0 0 0
463 1 0.1 5.13607 3.16443 0.607526 0.0938269 0.0786993 0.00908934 0.439145 0.0898756 0.440474 1 0 0 0 0 0 0 0
464 1 0.1 4.97814 3.28501 0.585932 0.0664477 0.0463367 0.0278635 -1.51015 1.21263 -0.62919 1 0 0 0 0 0 0 0
465 1 0.1 5.27733 3.45753 0.580249 0.123651 -0.0701229 -0.0740591 0.33835 1.45461 0.265941 1 0 0 0 0 0 0 0
466 1 0.1 5.22764 3.67683 0.762892 -0.0357359 0.0674088 -0.0020886 0.674529 0.372851 0.586397 1 0 0 0 0 0 0 0
467 1 0.1 5.5474 3.63856 0.666613 0.366621 -0.0834242 -0.17484 -2.8747 13.0675 -10.6646 1 0 0 0 0 0 0 0
468 1 0.1 5.66658 3.76651 0.762162 0.0781986 0.0478939 0.0466591 -0.436262 0.796504 0.618275 1 0 0 0 0 0 0 0
469 1 0.1 5.83561 3.87249 0.762842 0.0776615 0.072429 0.00230462 0.369291 -0.345328 -0.493803 1 0 0 0 0 0 0 0
470 1 0.1 6.00772 3.77077 0.761238 0.157485 0.201372 -0.0161716 0.0742388 0.338327 1.94345 1 0 0 0 0 0 0 0
471 1 0.1 5.8533 4.07151 0.762606 0.072148 0.081176 -0.00361803 0.246497 -0.729859 -0.131188 1 0 0 0 0 0 0 0
472 1 0.1 6.02142 4.1797 0.760503 0.0899066 0.0566556 0.0190893 -0.400667 0.363018 -0.177952 1 0 0 0 0 0 0 0
473 1 0.1 5.97107 4.94356 0.762737 -0.00598189 -0.00516973 0.000649897 0.11978 -0.0918086 -0.0192343 1 0 0 0 0 0 0 0
474 1 0.1 6.12991 4.82627 0.731557 -0.0197173 -0.0318804 0.0326653 -0.60258 0.00867557 -0.239268 1 0 0 0 0 0 0 0
475 1 0.1 6.05432 1.40913 0.759539 0.00902692 -0.00729549 0.0109513 -0.0130641 -0.0267178 -0.00621682 1 0 0 0 0 0 0 0
476 1 0.1 5.97325 1.49607 0.592308 -0.00921123 0.0312053 -0.0104384 -0.149859 -0.00418409 0.479443 1 0 0 0 0 0 0 0
477 1 0.1 6.03111 2.14819 0.762534 -0.126591 0.0124265 -0.000459666 -0.31168 0.209157 0.186193 1 0 0 0 0 0 0 0
478 1 0.1 5.84129 2.21416 0.762485 -0.178135 -0.0426684 0.0325903 0.0417452 0.0897917 0.169009 1 0 0 0 0 0 0 0
479 1 0.1 5.8022 2.41028 0.763258 0.058935 -0.00075692 0.00472453 0.0183433 -0.571537 -0.112835 1 0 0 0 0 0 0 0
480 1 0.1 5.97238 3.12349 0.762509 0.0400115 -0.0545346 0.00154426 -0.0833272 0.125362 -0.433528 1 0 0 0 0 0 0 0
481 1 0.1 5.85944 2.80113 0.762971 0.0122804 0.00351519 0.00132011 -0.0552412 -0.252342 -0.0336855 1 0 0 0 0 0 0 0
482 1 0.1 5.62915 2.50959 0.763948 0.0497772 -0.0147795 -0.00118825 -0.163508 -0.504228 0.0152075 1 0 0 0 0 0 0 0
483 1 0.1 5.75272 2.50877 0.597835 0.138236 0.0393895 0.0183369 0.50255 -0.333488 0.132123 1 0 0 0 0 0 0 0
484 1 0.1 5.54892 2.85838 0.762927 0.0155178 0.00244505 0.0012102 0.0578738 -0.228568 0.0780432 1 0 0 0 0 0 0 0
485 1 0.1 5.2335 3.0844 0.762573 0.0471343 0.0151389 0.000953076 0.163628 -0.478611 -0.784145 1 0 0 0 0 0 0 0
486 1 0.1 5.28698 2.71622 0.765182 0.00946232 0.000723426 0.00473211 0.0672516 -0.0143888 0.574273 1 0 0 0 0 0 0 0
487 1 0.1 5.03635 3.05104 0.761451 0.0353838 0.0547498 -0.0102509 -0.386698 0.30251 0.397247 1 0 0 0 0 0 0 0
488 1 0.1 5.25451 3.28292 0.719999 0.0991095 0.0523807 0.0173499 0.154421 0.655403 -0.689599 1 0 0 0 0 0 0 0
489 1 0.1 5.33548 3.27708 0.476339 0.0376545 -0.0351757 -0.0141807 0.296825 -0.216115 0.222328 1 0 0 0 0 0 0 0
490 1 0.1 5.44017 3.36165 0.641443 0.149815 -0.0386071 -0.102292 -0.735591 -0.898231 -0.00784985 1 0 0 0 0 0 0 0
491 1 0.1 5.11653 3.51064 0.757723 0.0291354 0.0245352 -0.0321469 -0.0266148 0.0997144 0.252102 1 0 0 0 0 0 0 0
492 1 0.1 5.33972 3.51055 0.762562 -0.149195 -0.00268074 -0.00021741 -0.028492 -0.00948862 0.108264 1 0 0 0 0 0 0 0
493 1 0.1 5.78641 3.05036 0.763267 0.021878 -0.00475353 -1.25885e-05 0.152582 -0.330072 0.015579 1 0 0 0 0 0 0 0
494 1 0.1 5.56055 3.46466 0.76282 0.0393964 -0.0197287 -0.000183886 -0.181791 -0.377607 -0.0720062 1 0 0 0 0 0 0 0
495 1 0.1 5.83411 3.65775 0.76252 0.0447953 -0.00944641 -0.00195871 0.0205219 0.0891188 -1.28935 1 0 0 0 0 0 0 0
496 1 0.1 5.7685 3.44794 0.762564 0.0225988 -0.0072717 0.0056609 -0.0451187 -0.22484 0.0243302 1 0 0 0 0 0 0 0
497 1 0.1 5.85861 4.15513 0.581216 0.255663 0.133685 0.0194533 0.332225 -0.769025 -1.02498 1 0 0 0 0 0 0 0
498 1 0.1 6.03043 4.49308 0.764087 -0.0311403 -0.0261646 0.00338621 -0.41216 0.412732 -0.197393 1 0 0 0 0 0 0 0
499 1 0.1 6.16911 4.62385 0.703098 -0.0150042 -0.0389861 0.0461355 0.687525 -0.0857133 -0.697853 1 0 0 0 0 0 0 0
