500
0 1 0.1 6.14227 0.876523 0.14705 -0.000150911 -0.000591884 4.11266e-07 -0.00446574 -0.0181172 0.0349734 1 0 0 0 0 0 0 0
1 1 0.1 5.99896 1.01987 0.149955 -0.00164405 0.0023754 -0.00015003 -0.102175 -0.0672825 -0.00178889 1 0 0 0 0 0 0 0
2 1 0.1 5.85951 1.16314 0.146509 0.0069556 0.0102994 -0.0111107 -0.046144 0.24568 0.0129878 1 0 0 0 0 0 0 0
3 1 0.1 5.57662 1.44317 0.154546 -0.000719728 0.00183933 -0.000448104 -0.0246367 -0.0125862 -0.00340107 1 0 0 0 0 0 0 0
4 1 0.1 5.43681 1.58504 0.13773 -0.00054379 0.00131348 -0.00744023 -0.0942185 0.0342663 0.00420155 1 0 0 0 0 0 0 0
5 1 0.1 5.29418 1.72509 0.144815 -0.00181111 0.00159128 4.83772e-05 0.0411282 -0.0356867 -0.0325311 1 0 0 0 0 0 0 0
6 1 0.1 5.12391 1.90766 0.209731 0.0304898 -0.0267399 -0.0226927 -0.298033 0.0335052 -0.386307 1 0 0 0 0 0 0 0
7 1 0.1 4.89864 2.12689 0.137398 0.000162266 -0.00153877 -0.000132227 0.0171602 -0.00345533 -0.000708404 1 0 0 0 0 0 0 0
8 1 0.1 4.69493 2.32865 0.149516 -0.0919788 0.0761664 0.016037 -0.0353278 -0.0386132 0.115042 1 0 0 0 0 0 0 0
9 1 0.1 4.5998 2.49259 0.213227 0.154728 0.195909 0.0989268 0.349524 -0.0611474 0.40739 1 0 0 0 0 0 0 0
10 1 0.1 4.3804 2.63597 0.145243 0.00997041 0.0119187 -0.0634265 0.0914847 0.806332 0.170064 1 0 0 0 0 0 0 0
11 1 0.1 4.23817 2.77643 0.149895 -0.000165589 -0.000759681 0.000234064 0.00179586 -0.00207275 0.00277428 1 0 0 0 0 0 0 0
12 1 0.1 4.23706 2.97587 0.137528 -0.00345048 -0.00318233 -0.000523979 -0.0080241 0.01616 0.0248718 1 0 0 0 0 0 0 0
13 1 0.1 4.19255 3.17026 0.149986 -0.00199047 -0.00446317 -0.000716912 -0.00336665 0.0080212 -0.0320234 1 0 0 0 0 0 0 0
14 1 0.1 4.33379 3.31176 0.150706 -0.0119234 -0.00794286 -0.0072562 -0.0148924 0.0499866 -0.00411592 1 0 0 0 0 0 0 0
15 1 0.1 4.475 3.45281 0.150229 -0.0265658 -0.00749992 -0.0436645 -0.04451 0.352701 0.161268 1 0 0 0 0 0 0 0
16 1 0.1 4.61755 3.58781 0.186412 -0.0316288 -0.0192808 -0.0664704 0.372841 0.219022 -0.264045 1 0 0 0 0 0 0 0
17 1 0.1 4.75278 3.72644 0.137622 -0.0289682 -0.00663164 -0.0350056 0.451534 0.12856 0.137837 1 0 0 0 0 0 0 0
18 1 0.1 4.89067 3.87054 0.149758 -0.0257675 -0.00985818 0.0178844 0.0408262 -0.362809 -0.157076 1 0 0 0 0 0 0 0
19 1 0.1 5.17115 4.15166 0.149995 -0.00249172 -0.00412018 0.000144084 -9.32997e-05 0.000996487 -0.0397743 1 0 0 0 0 0 0 0
20 1 0.1 5.35575 4.33432 0.149987 -0.00787016 -0.0102577 0.000409973 0.00593623 -0.0109602 -0.13614 1 0 0 0 0 0 0 0
21 1 0.1 5.49882 4.47794 0.149985 -0.00723464 -0.00987529 0.000608306 0.000785236 -0.00709477 -0.126599 1 0 0 0 0 0 0 0
22 1 0.1 5.64695 4.62903 0.150098 -0.000496084 -0.00194586 -0.000999326 -0.0176766 -0.0107153 -0.074488 1 0 0 0 0 0 0 0
23 1 0.1 5.78838 4.77024 0.149721 0.00031148 -0.00259658 -0.00661039 0.0507983 0.130979 0.0697629 1 0 0 0 0 0 0 0
24 1 0.1 6.05037 5.02667 0.14982 -0.000697817 -0.000876925 -0.000130498 0.00855461 -0.00750615 -0.00711104 1 0 0 0 0 0 0 0
25 1 0.1 6.28325 0.734939 0.150217 0.000176319 0.000345785 -5.77119e-05 0.012157 0.00924948 0.00033733 1 0 0 0 0 0 0 0
26 1 0.1 6.04781 1.22775 0.137167 0.0150531 -0.0143148 -0.00163599 -0.0654844 -0.312575 0.0431201 1 0 0 0 0 0 0 0
27 1 0.1 5.89559 1.3953 0.138896 -0.00792143 0.0145778 0.00235712 0.13758 0.0680933 0.0488358 1 0 0 0 0 0 0 0
28 1 0.1 5.71846 1.30337 0.13736 -0.00124749 0.00236883 -0.000310112 -0.0682956 -0.0275721 0.0945883 1 0 0 0 0 0 0 0
29 1 0.1 5.60613 1.69131 0.137295 -0.00428103 0.00428885 -0.00122937 -0.00598575 -0.0889298 0.0057847 1 0 0 0 0 0 0 0
30 1 0.1 5.46562 1.81206 0.211391 0.00463083 0.00444005 0.00469701 0.158672 0.169811 0.0197672 1 0 0 0 0 0 0 0
31 1 0.1 5.31821 1.92271 0.13659 -0.000382463 -0.00113547 -3.72762e-05 -0.0864168 0.143033 0.0282862 1 0 0 0 0 0 0 0
32 1 0.1 5.15334 2.09084 0.137419 -0.015045 -0.0171549 -0.00228546 0.55367 0.417638 0.691908 1 0 0 0 0 0 0 0
33 1 0.1 4.89461 2.32663 0.137483 -0.087511 -0.00388265 0.00116077 0.183597 0.0751922 0.641989 1 0 0 0 0 0 0 0
34 1 0.1 4.76311 2.51864 0.130498 0.0643341 0.0838441 -0.0147182 -1.3793 0.632357 -0.981705 1 0 0 0 0 0 0 0
35 1 0.1 4.61253 2.664 0.133188 0.0235169 0.135766 -0.0179568 -1.37832 0.12477 0.177342 1 0 0 0 0 0 0 0
36 1 0.1 4.57847 2.84662 0.270995 0.363528 0.192034 0.257401 -2.32872 -2.00094 2.06619 1 0 0 0 0 0 0 0
37 1 0.1 4.47265 2.96833 0.136113 -0.0109959 0.00914086 0.00359347 -0.158986 -0.118019 0.0823349 1 0 0 0 0 0 0 0
38 1 0.1 4.47043 3.16749 0.137386 -0.0141829 -0.000228465 -0.00310052 0.0386677 -0.139029 0.00920067 1 0 0 0 0 0 0 0
39 1 0.1 4.56529 3.29728 0.258207 -0.000230123 -0.0518915 0.00334415 -0.482946 0.154023 -1.42685 1 0 0 0 0 0 0 0
40 1 0.1 4.70791 3.43592 0.278864 -0.0290327 -0.002501 -0.052237 -1.34863 1.12556 -0.358854 1 0 0 0 0 0 0 0
41 1 0.1 4.94022 3.65643 0.137423 -0.0497888 0.0160705 0.00189772 -0.0118655 -0.451144 -0.271737 1 0 0 0 0 0 0 0
42 1 0.1 5.07789 3.8006 0.152352 -0.0273623 0.0056339 0.0118646 0.084046 0.388787 0.246241 1 0 0 0 0 0 0 0
43 1 0.1 5.04484 3.99721 0.13797 -0.0586937 0.0215789 0.0158605 -0.11818 0.244867 0.107538 1 0 0 0 0 0 0 0
44 1 0.1 5.36128 4.14348 0.213208 -0.019997 0.0692738 -0.0388707 0.61707 0.459667 -0.573501 1 0 0 0 0 0 0 0
45 1 0.1 5.53943 4.25647 0.137472 -0.00951079 -0.0145323 -0.000205443 -0.043358 0.0357494 0.0924447 1 0 0 0 0 0 0 0
46 1 0.1 5.68132 4.39735 0.137497 -0.00930732 -0.0153117 0.000180809 0.0549035 -0.010609 0.0635094 1 0 0 0 0 0 0 0
47 1 0.1 5.83917 4.57623 0.137302 0.000727097 -0.00492582 -0.00029946 0.0242756 -0.0432406 0.0607823 1 0 0 0 0 0 0 0
48 1 0.1 5.9855 4.80107 0.137491 -0.00506691 0.0356741 3.64747e-05 -0.128996 -0.21024 0.322148 1 0 0 0 0 0 0 0
49 1 0.1 6.19594 5.17274 0.15029 -0.00103206 -0.00132147 0.000168424 -0.00404396 0.00348846 -0.016322 1 0 0 0 0 0 0 0
50 1 0.1 6.42457 0.593556 0.15006 -0.000212318 9.67895e-05 -0.00020719 -0.00444502 0.00224381 0.00992471 1 0 0 0 0 0 0 0
51 1 0.1 6.18806 1.0861 0.137212 0.00626345 -0.0202854 -0.00115182 0.197142 0.031774 0.138395 1 0 0 0 0 0 0 0
52 1 0.1 6.04537 1.52722 0.137221 -0.0103281 0.0176004 -0.000830016 -0.215697 -0.104321 -0.00401538 1 0 0 0 0 0 0 0
53 1 0.1 5.83595 1.59206 0.137402 0.00221917 0.00125221 -0.000276165 -0.0100502 0.00381514 0.00570992 1 0 0 0 0 0 0 0
54 1 0.1 5.75905 1.82001 0.137431 -0.0286662 0.0246633 -0.0042113 -0.230252 -0.28226 0.194294 1 0 0 0 0 0 0 0
55 1 0.1 5.64996 1.96195 0.226294 -0.0252559 0.0232011 -0.00144743 0.300028 0.254487 -0.251073 1 0 0 0 0 0 0 0
56 1 0.1 5.48525 2.0313 0.137337 -0.0223278 0.0242487 -0.000338394 -0.203432 -0.287006 0.276386 1 0 0 0 0 0 0 0
57 1 0.1 5.33006 2.18385 0.13748 -0.0316124 0.00948661 0.00129356 -0.0876806 -0.230601 -0.384352 1 0 0 0 0 0 0 0
58 1 0.1 5.11736 2.26648 0.224683 -0.100336 -0.0930222 0.112873 0.563078 0.407099 0.684099 1 0 0 0 0 0 0 0
59 1 0.1 4.91399 2.48618 0.256129 -0.0100132 -0.0246024 0.0243345 -0.231913 -0.686953 -1.87934 1 0 0 0 0 0 0 0
60 1 0.1 4.82081 2.69618 0.206224 0.129939 0.0622628 0.0791017 -1.57547 0.958716 -1.95143 1 0 0 0 0 0 0 0
61 1 0.1 4.706 2.84042 0.132497 0.191607 0.0732589 0.0323539 -1.27641 4.5715 0.203493 1 0 0 0 0 0 0 0
62 1 0.1 4.82791 2.99591 0.159611 0.115792 0.227556 -0.368114 -0.8531 -0.507949 -0.365576 1 0 0 0 0 0 0 0
63 1 0.1 4.65939 3.10356 0.157602 -0.068431 -0.0680693 -0.170265 0.357883 1.66182 0.906378 1 0 0 0 0 0 0 0
64 1 0.1 4.72439 3.29158 0.137439 -0.00696804 -0.0784391 -0.0016507 0.807227 -0.0772178 0.767595 1 0 0 0 0 0 0 0
65 1 0.1 4.88071 3.47217 0.186503 -0.0395434 -0.00615913 -0.0566991 0.106895 -1.29913 0.895117 1 0 0 0 0 0 0 0
66 1 0.1 5.19917 3.64242 0.137391 -0.00890627 0.0139047 -0.00301346 -0.0609232 -0.0880301 0.0425349 1 0 0 0 0 0 0 0
67 1 0.1 5.36715 3.75088 0.137444 -0.00688326 0.00279313 0.000667141 -0.0134807 -0.0699882 -0.0231744 1 0 0 0 0 0 0 0
68 1 0.1 5.3171 3.96391 0.137381 -0.117684 0.0732525 0.00080465 -0.188761 -0.0780182 0.173355 1 0 0 0 0 0 0 0
69 1 0.1 5.54862 4.11995 0.283197 -0.00242558 -0.00844063 0.00480996 -0.0366976 0.0332966 -0.0178909 1 0 0 0 0 0 0 0
70 1 0.1 5.71457 4.21704 0.230047 -0.00257984 -0.00913666 -0.00129265 0.0172832 0.0304519 0.0196039 1 0 0 0 0 0 0 0
71 1 0.1 5.86283 4.31343 0.137382 -0.00372574 -0.0038356 0.000887536 0.0398335 -0.0365671 0.0157845 1 0 0 0 0 0 0 0
72 1 0.1 6.00263 4.45611 0.137448 0.00372144 -0.0107559 -0.000313812 0.00353992 0.1027 -0.116242 1 0 0 0 0 0 0 0
73 1 0.1 6.17361 4.8697 0.137417 0.0070407 0.00498974 0.00011731 -0.0483195 0.0717254 0.138534 1 0 0 0 0 0 0 0
74 1 0.1 6.40654 5.3831 0.150019 -0.000348923 -0.000380339 1.73285e-05 0.000796373 0.000793547 -0.00575597 1 0 0 0 0 0 0 0
75 1 0.1 6.4748 0.790709 0.137488 0.000885918 -0.00177124 0.000171329 -0.0024526 -0.0114161 -0.0221605 1 0 0 0 0 0 0 0
76 1 0.1 6.33376 0.932429 0.137475 -0.000165979 -0.00253103 0.000520299 0.084145 0.0474467 -0.0772162 1 0 0 0 0 0 0 0
77 1 0.1 6.1828 1.37505 0.136514 -1.21225e-05 -0.000850791 -0.00369102 0.0364995 0.0924268 -0.166264 1 0 0 0 0 0 0 0
78 1 0.1 5.94584 1.75619 0.171123 -0.0049154 0.0319669 0.00876037 0.176664 -0.543598 -0.546295 1 0 0 0 0 0 0 0
79 1 0.1 5.8453 2.09232 0.323919 -0.0493658 0.00498667 0.00472454 0.139748 -0.154068 0.456725 1 0 0 0 0 0 0 0
80 1 0.1 5.81688 2.02613 0.13737 -0.0182551 0.00464294 0.000138652 -0.049938 -0.179787 -0.0993666 1 0 0 0 0 0 0 0
81 1 0.1 5.6156 2.18255 0.140569 -0.0457031 0.0437503 0.0115417 -0.246869 -0.417857 0.0210472 1 0 0 0 0 0 0 0
82 1 0.1 5.51609 2.7215 0.137475 -0.0587544 0.030313 7.63676e-05 -0.0221431 0.275094 0.324504 1 0 0 0 0 0 0 0
83 1 0.1 5.44914 2.34033 0.172678 -0.115245 0.0705158 0.0130186 -0.109171 -0.188636 1.35631 1 0 0 0 0 0 0 0
84 1 0.1 5.07288 2.44272 0.142741 -0.0672418 -0.126401 0.031961 -1.78718 1.11542 -1.70194 1 0 0 0 0 0 0 0
85 1 0.1 4.99265 2.62505 0.136458 0.0312622 -0.0786676 -0.00135906 0.758581 0.295118 0.583587 1 0 0 0 0 0 0 0
86 1 0.1 5.1059 2.89777 0.308762 -0.240549 0.0447123 -0.0878981 0.0247347 0.339214 0.122446 1 0 0 0 0 0 0 0
87 1 0.1 5.02534 2.97649 0.138507 0.126935 -0.117238 -0.144052 0.282269 -1.70016 1.24069 1 0 0 0 0 0 0 0
88 1 0.1 4.92254 3.17394 0.137164 0.0222161 -0.00292537 -0.0292094 0.0181783 0.0350076 -0.0392692 1 0 0 0 0 0 0 0
89 1 0.1 5.0256 3.34457 0.136591 0.0245308 0.0505453 0.0454791 -0.16587 0.0426094 -0.0403277 1 0 0 0 0 0 0 0
90 1 0.1 5.19972 3.44249 0.137954 0.0278698 0.028934 0.0103615 -0.136045 0.142293 -0.0937582 1 0 0 0 0 0 0 0
91 1 0.1 5.48126 3.56501 0.137103 0.00446758 -0.00607919 -0.00146374 0.0681929 0.066806 0.0319414 1 0 0 0 0 0 0 0
92 1 0.1 5.64938 3.67335 0.137419 -0.0433137 0.0160653 -0.000877431 -0.000639976 -0.00376837 0.00726582 1 0 0 0 0 0 0 0
93 1 0.1 5.72862 3.85692 0.13696 -0.00148435 -0.00258899 0.00133045 0.0254522 -0.0351392 -0.00306158 1 0 0 0 0 0 0 0
94 1 0.1 5.66239 4.04751 0.136997 -0.00349 -0.00752724 0.000917393 0.0909328 -0.0333597 -0.0021313 1 0 0 0 0 0 0 0
95 1 0.1 5.85602 4.09649 0.137643 -0.00317417 -0.0083985 -0.000925339 0.0431054 0.0849222 -0.00710674 1 0 0 0 0 0 0 0
96 1 0.1 6.03327 4.18878 0.137398 -0.00393366 -0.00709225 0.000330331 0.0730625 -0.0395669 0.0217681 1 0 0 0 0 0 0 0
97 1 0.1 6.11699 4.60038 0.214932 0.000704136 -0.00586494 -0.00573519 -0.101515 -0.141238 0.141577 1 0 0 0 0 0 0 0
98 1 0.1 6.31436 5.01236 0.137364 -0.000573702 -0.0010568 -0.000395603 0.0176313 -0.00536367 0.01938 1 0 0 0 0 0 0 0
99 1 0.1 6.41716 5.18371 0.140994 -0.00166224 -0.000460002 0.000591683 -0.00566152 0.00196198 -0.0078343 1 0 0 0 0 0 0 0
100 1 0.1 6.51669 0.974145 0.206654 -0.000846897 -0.0017833 0.0013803 -0.00855466 -0.0257582 0.112896 1 0 0 0 0 0 0 0
101 1 0.1 6.39985 1.12089 0.137361 -0.00110844 -0.00284105 -0.000903569 -0.0448859 -0.0380663 0.0900925 1 0 0 0 0 0 0 0
102 1 0.1 6.27274 1.23347 0.242591 -0.00888796 -0.00361622 -0.0105419 0.0855864 -0.0592116 -0.0210658 1 0 0 0 0 0 0 0
103 1 0.1 5.83755 2.22407 0.156685 -0.104785 0.00365549 0.0893084 0.358601 -0.955586 -0.619947 1 0 0 0 0 0 0 0
104 1 0.1 5.6764 2.88417 0.338353 0.0323375 -0.00649611 -0.0466374 -0.973992 0.737157 -0.210863 1 0 0 0 0 0 0 0
105 1 0.1 5.69702 2.36491 0.137309 -0.0490906 0.0446977 -0.00148076 -0.274467 -0.420673 0.0309515 1 0 0 0 0 0 0 0
106 1 0.1 5.62069 2.54655 0.171205 -0.234002 -0.0250866 -0.0333525 0.403905 0.3439 -0.6984 1 0 0 0 0 0 0 0
107 1 0.1 5.54301 3.0325 0.322391 0.0545824 0.00477844 0.0294306 -0.0268369 -0.487844 -0.252845 1 0 0 0 0 0 0 0
108 1 0.1 5.30857 2.78772 0.138433 -0.345817 -0.278865 0.0109567 -0.0369729 -0.0421885 -3.74995 1 0 0 0 0 0 0 0
109 1 0.1 5.42403 2.53537 0.137386 -0.24293 0.0512707 -0.00108509 -0.00296465 0.000265001 -0.0133508 1 0 0 0 0 0 0 0
110 1 0.1 5.2281 2.60448 0.137677 -0.676392 -0.148379 0.00551104 0.0834646 0.0116824 0.201015 1 0 0 0 0 0 0 0
111 1 0.1 5.10181 2.79212 0.137551 0.107187 -0.129043 0.00466301 -0.929127 -0.646871 -1.49141 1 0 0 0 0 0 0 0
112 1 0.1 5.22527 2.96984 0.138209 0.136252 -0.0248122 0.0336147 0.302783 0.130818 0.782498 1 0 0 0 0 0 0 0
113 1 0.1 5.12595 3.14848 0.13735 -0.001304 -0.0164392 0.004694 0.385991 -0.117079 0.4661 1 0 0 0 0 0 0 0
114 1 0.1 5.26163 3.26145 0.22996 0.00208331 0.00733203 0.0204005 -0.168791 0.184857 -0.212176 1 0 0 0 0 0 0 0
115 1 0.1 5.39054 3.38206 0.137212 0.00367342 -0.00350579 -0.00159014 0.0164753 0.0524374 0.0388238 1 0 0 0 0 0 0 0
116 1 0.1 5.42002 3.18192 0.137488 -0.0155938 -0.00938968 0.00078842 0.0281449 0.123475 0.0766446 1 0 0 0 0 0 0 0
117 1 0.1 5.58154 3.34822 0.185583 -0.00939958 -0.0127614 0.0445815 -0.1104 -0.515888 -0.16357 1 0 0 0 0 0 0 0
118 1 0.1 5.84796 3.69647 0.138073 -0.0389385 -0.0312165 -0.00473667 0.0169791 0.0431151 -0.48211 1 0 0 0 0 0 0 0
119 1 0.1 5.91526 3.91112 0.183701 -0.000775969 -0.00528089 0.00866555 0.00536332 -0.0367486 -0.0205485 1 0 0 0 0 0 0 0
120 1 0.1 5.75627 3.4349 0.137436 -0.00155758 -0.00186275 0.00377007 -0.000386865 0.00135865 0.00466104 1 0 0 0 0 0 0 0
121 1 0.1 5.9494 3.48809 0.138432 -0.0256483 -0.0780861 0.112025 0.82305 0.904498 -0.415491 1 0 0 0 0 0 0 0
122 1 0.1 6.03436 4.32321 0.285135 -0.000687891 -0.00861949 0.00258103 -0.0486871 0.0305811 -0.0795717 1 0 0 0 0 0 0 0
123 1 0.1 6.27488 4.69532 0.137396 0.000568267 -0.000439357 -0.000120401 0.00360117 0.0058825 -0.0234068 1 0 0 0 0 0 0 0
124 1 0.1 6.34196 4.84803 0.247366 0.00278756 -0.000474332 -0.00182623 -0.00901151 0.0155799 0.0123509 1 0 0 0 0 0 0 0
125 1 0.1 6.04983 0.976001 0.357479 -0.00517563 0.00472538 0.00184026 0.0309403 0.00453826 0.0521121 1 0 0 0 0 0 0 0
126 1 0.1 5.85447 1.16561 0.350103 -0.000896159 0.000758726 -0.000753165 -0.00491279 0.00328265 0.0124437 1 0 0 0 0 0 0 0
127 1 0.1 5.67944 1.34324 0.349997 -0.000100309 0.000203724 -0.000543101 -0.00516745 -0.00185023 0.00449898 1 0 0 0 0 0 0 0
128 1 0.1 5.53806 1.4846 0.350461 -0.000962415 -0.00141882 -0.0025916 -0.010306 -0.000229564 0.0187298 1 0 0 0 0 0 0 0
129 1 0.1 5.39681 1.62584 0.350181 0.00300017 -0.000740514 0.00635071 0.118046 0.0403871 -0.0841893 1 0 0 0 0 0 0 0
130 1 0.1 5.20983 1.81819 0.36647 0.00652034 -0.0105183 -0.00232731 -0.138909 -0.0788252 -0.0839244 1 0 0 0 0 0 0 0
131 1 0.1 5.00214 2.01935 0.350035 -0.0298876 0.0389812 0.00159751 0.218498 0.148429 0.437969 1 0 0 0 0 0 0 0
132 1 0.1 4.86968 2.16791 0.330693 -0.031487 0.0355814 -0.013567 -0.364327 -0.384909 -0.288093 1 0 0 0 0 0 0 0
133 1 0.1 4.72341 2.29956 0.360404 -0.0417941 0.0299222 -0.0286083 0.16892 0.44579 0.33593 1 0 0 0 0 0 0 0
134 1 0.1 4.58012 2.43771 0.378642 -0.0267546 0.0634493 -0.0179229 0.294223 -0.902607 0.737435 1 0 0 0 0 0 0 0
135 1 0.1 4.3255 2.69778 0.402831 -0.0522391 0.0285367 -0.176669 -0.207889 2.54543 0.928602 1 0 0 0 0 0 0 0
136 1 0.1 4.19172 2.83075 0.348909 -0.0156935 0.0179378 -0.0519972 0.19943 0.379851 -0.230653 1 0 0 0 0 0 0 0
137 1 0.1 4.19221 3.03021 0.349849 0.00604054 0.00936326 -0.0143036 0.0701507 0.149907 0.0953568 1 0 0 0 0 0 0 0
138 1 0.1 4.23865 3.22414 0.349656 0.00915792 0.00726797 -0.00699003 0.0596601 0.0146115 -0.0222143 1 0 0 0 0 0 0 0
139 1 0.1 4.40826 3.38457 0.345443 0.0483777 0.0422435 0.0019926 -0.195192 0.192014 0.584675 1 0 0 0 0 0 0 0
140 1 0.1 4.58239 3.55415 0.38138 0.0376521 0.0605599 0.0379145 -0.501768 -0.120725 0.661282 1 0 0 0 0 0 0 0
141 1 0.1 4.72303 3.70293 0.350159 -0.00303781 -0.000543525 0.000322751 -0.00518345 0.00637851 -0.0135051 1 0 0 0 0 0 0 0
142 1 0.1 4.89598 3.87473 0.350262 0.000156693 0.000268377 0.00372172 0.00591555 -0.0901828 -0.0937111 1 0 0 0 0 0 0 0
143 1 0.1 5.03752 4.01592 0.349665 -0.000344149 -0.000478634 0.00223643 -0.0185395 -0.0115824 -0.0147187 1 0 0 0 0 0 0 0
144 1 0.1 5.21708 4.19405 0.341947 -0.000649071 0.00284669 0.00969529 0.0170391 -0.116283 0.0395139 1 0 0 0 0 0 0 0
145 1 0.1 5.36179 4.34015 0.357269 0.00442465 0.00164883 0.0120832 -0.183894 -0.0461249 0.000492318 1 0 0 0 0 0 0 0
146 1 0.1 5.50214 4.4817 0.350065 0.00659833 -0.000995587 0.00339272 0.105742 0.103969 -0.0361663 1 0 0 0 0 0 0 0
147 1 0.1 5.6429 4.62322 0.349812 0.00112075 0.00386339 -0.0021236 -0.0526293 0.0323767 -0.0190896 1 0 0 0 0 0 0 0
148 1 0.1 5.78429 4.76433 0.349521 0.00376005 0.00193694 -0.00597545 -0.075533 0.019466 0.00647119 1 0 0 0 0 0 0 0
149 1 0.1 5.92584 4.9051 0.347875 0.00202019 0.00237751 -7.01226e-05 0.0837606 -0.0715118 0.0680457 1 0 0 0 0 0 0 0
150 1 0.1 6.19092 0.834349 0.354939 -0.00395456 0.00535306 0.00332942 0.0242447 -0.012297 0.118592 1 0 0 0 0 0 0 0
151 1 0.1 5.88536 1.36247 0.335417 -0.00386358 0.000167361 -0.000653267 0.00423928 -0.0388475 0.0103705 1 0 0 0 0 0 0 0
152 1 0.1 5.72298 1.52933 0.289759 6.60594e-06 0.00211254 -0.00147271 -0.0301313 -0.0319619 0.0315108 1 0 0 0 0 0 0 0
153 1 0.1 5.80776 1.74234 0.314992 -0.0338709 0.0333134 -0.00867422 0.239968 0.248668 0.0698665 1 0 0 0 0 0 0 0
154 1 0.1 5.61059 1.76943 0.342186 0.0228927 -0.11605 -0.0381102 0.0496826 0.621572 -1.52143 1 0 0 0 0 0 0 0
155 1 0.1 5.4263 1.81529 0.406016 0.0156244 -0.000663975 -2.98161e-05 -0.126351 -0.0850673 -0.0261045 1 0 0 0 0 0 0 0
156 1 0.1 5.188 2.08416 0.396836 -0.0241837 0.0165185 0.00363896 0.138558 0.259887 0.0830098 1 0 0 0 0 0 0 0
157 1 0.1 5.04128 2.21726 0.41901 -0.0329183 0.0142804 0.00500352 -0.223331 -0.0789838 -0.110373 1 0 0 0 0 0 0 0
158 1 0.1 4.90454 2.36352 0.413682 -0.0656234 -0.000101399 0.0373053 -0.132194 -1.17115 -0.364514 1 0 0 0 0 0 0 0
159 1 0.1 4.7313 2.57568 0.337884 0.141611 0.131283 0.151577 1.36552 0.362626 0.731582 1 0 0 0 0 0 0 0
160 1 0.1 4.48667 2.62085 0.315074 0.0484162 0.178386 -0.0542727 -1.4773 -2.98495 1.63412 1 0 0 0 0 0 0 0
161 1 0.1 4.46081 2.82646 0.417657 -0.077021 -0.0146258 -0.0826943 4.08583 -3.58925 -0.599143 1 0 0 0 0 0 0 0
162 1 0.1 4.37865 3.00733 0.413778 0.0280642 0.0425388 -0.00852567 -0.0621084 -0.0646091 0.350588 1 0 0 0 0 0 0 0
163 1 0.1 4.42588 3.20071 0.419354 0.0436898 0.0402656 0.00532186 0.206186 -0.398076 -0.518914 1 0 0 0 0 0 0 0
164 1 0.1 4.62642 3.37244 0.449305 0.0905792 0.0955724 0.0391996 0.406619 0.402383 -0.0686537 1 0 0 0 0 0 0 0
165 1 0.1 4.77595 3.53458 0.444075 0.0407007 0.0284333 0.0195051 0.149494 0.354231 0.664828 1 0 0 0 0 0 0 0
166 1 0.1 4.91873 3.66492 0.336062 0.0158482 0.112226 0.000791266 -0.445559 0.0975008 1.19008 1 0 0 0 0 0 0 0
167 1 0.1 5.07574 3.79226 0.373087 -0.00305248 -0.0028003 0.0123538 0.0532764 -0.0326557 0.0331344 1 0 0 0 0 0 0 0
168 1 0.1 5.23432 3.99873 0.380128 0.00106079 0.00200678 0.0040796 0.0313384 -0.0263617 -0.0389828 1 0 0 0 0 0 0 0
169 1 0.1 5.39629 4.13902 0.410318 -0.00146872 0.00369604 0.00624494 -0.0661607 -0.0155198 -0.059936 1 0 0 0 0 0 0 0
170 1 0.1 5.54326 4.27452 0.409007 0.0057836 -0.00535947 0.00294269 -0.00489709 0.120081 0.0402241 1 0 0 0 0 0 0 0
171 1 0.1 5.68297 4.39827 0.338106 0.00150229 -0.00604943 -0.00532621 -0.0213081 -0.0493764 -0.0590937 1 0 0 0 0 0 0 0
172 1 0.1 5.85824 4.4916 0.317239 0.0029214 -0.00741217 -0.00159157 0.014131 0.00899002 0.0360597 1 0 0 0 0 0 0 0
173 1 0.1 5.95373 4.66693 0.30899 -0.00139966 -0.00450336 -0.0102603 -0.120196 0.152958 -0.0329049 1 0 0 0 0 0 0 0
174 1 0.1 6.2034 5.17984 0.355106 -0.00228266 -0.00185328 -0.00206536 0.0291629 0.00123902 0.00580664 1 0 0 0 0 0 0 0
175 1 0.1 6.33152 0.692275 0.350004 -0.00477874 0.00493977 0.00026648 0.0251738 0.0259445 -0.0984682 1 0 0 0 0 0 0 0
176 1 0.1 6.06968 1.17222 0.32677 -0.00178089 0.00415884 0.0025864 -0.108691 0.122245 -0.0146334 1 0 0 0 0 0 0 0
177 1 0.1 5.94729 1.59962 0.303323 -0.152073 -0.0827186 0.110645 -0.157299 -1.98126 -1.7433 1 0 0 0 0 0 0 0
178 1 0.1 5.91172 1.90715 0.359813 -0.00288212 0.0164852 -0.0296761 0.004028 0.206973 -0.128247 1 0 0 0 0 0 0 0
179 1 0.1 5.72133 1.93967 0.411351 -0.00026099 0.0127875 -0.0126834 -0.198851 0.0173946 0.221517 1 0 0 0 0 0 0 0
180 1 0.1 5.51922 1.9907 0.382864 -0.0421898 0.0335366 0.0279189 0.3683 -0.0892254 0.687941 1 0 0 0 0 0 0 0
181 1 0.1 5.35121 2.04569 0.289641 -0.0314749 0.0141568 -0.00703866 -0.226704 -0.0909047 0.0303663 1 0 0 0 0 0 0 0
182 1 0.1 5.24137 2.27632 0.404152 -0.0299459 0.0122219 -0.00632904 -0.296265 -0.168118 -0.0380439 1 0 0 0 0 0 0 0
183 1 0.1 5.09396 2.40557 0.366287 -0.0599631 -0.00967617 0.0457604 0.0812461 1.07073 0.244913 1 0 0 0 0 0 0 0
184 1 0.1 4.97386 2.54952 0.435181 -0.0749079 -0.0114437 0.0387722 -0.50894 -0.72201 0.124251 1 0 0 0 0 0 0 0
185 1 0.1 4.84563 2.73566 0.405433 0.0488852 -0.154662 0.162374 -0.53742 2.41377 1.22242 1 0 0 0 0 0 0 0
186 1 0.1 4.64685 2.7363 0.421632 0.0640549 0.0349183 0.266065 1.51136 -1.32744 -3.24779 1 0 0 0 0 0 0 0
187 1 0.1 4.544 3.03708 0.306726 -0.0283867 0.160851 -0.0498565 -0.641516 0.491697 1.56844 1 0 0 0 0 0 0 0
188 1 0.1 4.62747 3.17954 0.413329 0.0067217 0.159773 -0.116032 1.18577 1.73404 -0.40837 1 0 0 0 0 0 0 0
189 1 0.1 4.82156 3.34128 0.422316 0.0632441 0.0300692 0.00718426 -0.0732904 -0.259911 -0.454196 1 0 0 0 0 0 0 0
190 1 0.1 4.96355 3.4796 0.396279 -0.00601926 0.101771 -0.0144642 0.573611 -0.000967791 -0.705876 1 0 0 0 0 0 0 0
191 1 0.1 5.12491 3.60678 0.319397 -0.000303648 0.00710562 -0.00451127 0.116822 0.203238 0.0692476 1 0 0 0 0 0 0 0
192 1 0.1 5.24017 3.83354 0.267755 -0.00473498 0.00408517 0.0034666 -0.0152874 0.109445 0.0130766 1 0 0 0 0 0 0 0
193 1 0.1 5.47124 3.94478 0.338467 -0.00537346 -0.00362315 0.00769319 0.0128888 0.00339273 -0.0356566 1 0 0 0 0 0 0 0
194 1 0.1 5.64707 3.96191 0.479958 0.00922546 -0.00302412 0.00221405 0.03122 0.0355691 -0.0500379 1 0 0 0 0 0 0 0
195 1 0.1 5.69552 4.1455 0.417479 0.00360819 -0.00441735 -0.00492921 -0.0398462 0.023441 -0.0477187 1 0 0 0 0 0 0 0
196 1 0.1 5.84442 4.28399 0.366348 -0.00201369 -0.00813707 0.000238667 0.0073459 -0.0212882 0.0171613 1 0 0 0 0 0 0 0
197 1 0.1 5.85954 4.06626 0.335272 0.00376144 -0.0063089 -0.000336398 -0.0627577 -0.027456 0.0664173 1 0 0 0 0 0 0 0
198 1 0.1 6.09674 4.80595 0.310451 -0.00166288 -0.0042682 -0.00704514 0.0782055 -0.234235 0.0343791 1 0 0 0 0 0 0 0
199 1 0.1 6.34392 5.32195 0.349987 -0.00169881 -0.00229705 -0.000251234 0.00498675 -0.000783835 -0.0269062 1 0 0 0 0 0 0 0
200 1 0.1 6.37989 0.89303 0.327855 -0.00423401 0.00854837 0.00470289 -0.231377 -0.0642068 -0.0500658 1 0 0 0 0 0 0 0
201 1 0.1 6.23751 1.03593 0.324283 -0.00209597 -0.00828904 0.00310091 -0.320328 -0.112599 -0.142871 1 0 0 0 0 0 0 0
202 1 0.1 6.06974 1.44187 0.31609 0.00438111 0.0246828 -0.00157039 0.205832 0.0668124 0.434926 1 0 0 0 0 0 0 0
203 1 0.1 5.81595 2.41535 0.289865 0.0374893 0.0311771 -0.0648178 -0.269081 0.880627 -0.408817 1 0 0 0 0 0 0 0
204 1 0.1 5.67729 2.51809 0.390709 0.0237042 -0.0268288 -0.0286283 0.00866216 -0.151098 1.41108 1 0 0 0 0 0 0 0
205 1 0.1 5.65004 2.13376 0.334431 -0.0440714 0.0316364 0.0128968 -0.397682 0.291273 -0.713782 1 0 0 0 0 0 0 0
206 1 0.1 5.45865 2.21122 0.325018 -0.0511411 0.0543898 -0.00165365 0.274427 0.220585 -0.10465 1 0 0 0 0 0 0 0
207 1 0.1 5.4117 2.36118 0.464842 -0.0356029 -0.0103383 0.0301683 0.126849 -0.337322 -0.253544 1 0 0 0 0 0 0 0
208 1 0.1 5.24703 2.43134 0.240253 -0.0662162 -0.0680889 0.0276639 -1.61177 -0.862949 0.456791 1 0 0 0 0 0 0 0
209 1 0.1 5.21988 2.70479 0.312342 -0.0277177 0.0198249 0.025768 -0.668405 0.10177 0.499047 1 0 0 0 0 0 0 0
210 1 0.1 5.29259 2.87863 0.378467 -0.228762 0.091351 0.0412146 0.945419 0.0861818 1.82554 1 0 0 0 0 0 0 0
211 1 0.1 5.02124 2.70277 0.316558 -0.0215856 -0.0665045 0.00150832 -0.669051 -0.399994 0.411957 1 0 0 0 0 0 0 0
212 1 0.1 4.74122 3.00246 0.339577 -0.141181 -0.0507321 -0.457509 2.67168 -1.40438 -1.58352 1 0 0 0 0 0 0 0
213 1 0.1 4.84313 3.1718 0.319382 0.0133887 0.0184625 0.0146119 0.0444229 0.0241011 -0.211541 1 0 0 0 0 0 0 0
214 1 0.1 5.0828 3.28182 0.316248 0.0138556 0.0151164 0.0324754 0.431089 0.00238181 0.0282855 1 0 0 0 0 0 0 0
215 1 0.1 5.21118 3.43008 0.35149 0.00423643 0.0128415 0.0212253 -0.489834 -0.034587 -0.0656694 1 0 0 0 0 0 0 0
216 1 0.1 5.39239 3.49533 0.301244 -0.00282913 0.00239727 -0.00260377 -0.0314517 -0.132528 -0.0457465 1 0 0 0 0 0 0 0
217 1 0.1 5.41694 3.68796 0.34503 -0.00378043 0.00255562 -0.000425256 0.0354437 0.0303864 0.0370461 1 0 0 0 0 0 0 0
218 1 0.1 5.69907 3.83835 0.332814 -0.00177039 -0.00237087 0.00347539 -0.0402961 0.0322145 -0.0039935 1 0 0 0 0 0 0 0
219 1 0.1 5.86995 3.73715 0.355563 -0.00216846 0.00156018 -0.00824053 0.288602 -0.0494713 0.051518 1 0 0 0 0 0 0 0
220 1 0.1 5.88537 3.42951 0.440884 0.0244424 -0.255494 0.117191 -0.102923 -1.47597 -3.72056 1 0 0 0 0 0 0 0
221 1 0.1 5.9736 3.90692 0.374934 0.00074793 -0.00582558 0.00922366 -0.0656639 0.0484219 -0.10294 1 0 0 0 0 0 0 0
222 1 0.1 5.81185 3.56024 0.283165 0.000789034 0.0124427 -0.0245381 -0.0399446 0.247914 0.0467555 1 0 0 0 0 0 0 0
223 1 0.1 6.17479 4.9895 0.301928 -0.00351527 -0.00295906 0.00174317 -0.0632516 0.0469222 -0.00566748 1 0 0 0 0 0 0 0
224 1 0.1 6.36017 5.05777 0.332656 -0.00274774 -0.00195377 -0.00581124 0.0114958 0.0155425 0.00774243 1 0 0 0 0 0 0 0
225 1 0.1 6.5038 1.02872 0.406571 -0.00657749 0.012118 0.00359656 0.121472 -0.0309915 0.0305623 1 0 0 0 0 0 0 0
226 1 0.1 6.3607 1.1683 0.409623 -0.0129946 0.00637289 -0.00503786 -0.19124 -0.0156144 0.056657 1 0 0 0 0 0 0 0
227 1 0.1 6.18997 1.30999 0.405961 0.00214326 0.0108551 -0.0195028 -0.423073 -0.433683 -0.450848 1 0 0 0 0 0 0 0
228 1 0.1 5.81775 2.54524 0.137489 -0.229087 -0.158241 0.000120517 0.338851 -0.690531 -0.774092 1 0 0 0 0 0 0 0
229 1 0.1 5.44398 2.98339 0.13716 0.00979661 -0.00540872 0.00116271 0.0581036 0.12707 -0.018866 1 0 0 0 0 0 0 0
230 1 0.1 5.77447 3.19831 0.457708 -0.00386425 -0.0584737 0.0970512 0.916894 -0.663286 -0.454745 1 0 0 0 0 0 0 0
231 1 0.1 5.62937 2.33216 0.322368 -0.0721109 0.0280072 -0.0160259 0.0807885 -0.0237809 0.97395 1 0 0 0 0 0 0 0
232 1 0.1 5.48962 2.47452 0.31979 -0.0982987 0.00203669 0.0110011 0.0116973 0.341231 -0.593775 1 0 0 0 0 0 0 0
233 1 0.1 5.61023 2.68883 0.311191 -0.0612957 -0.0478387 0.00455265 0.0445082 0.523454 -0.824592 1 0 0 0 0 0 0 0
234 1 0.1 5.41226 2.65676 0.295579 -0.0251343 0.0355297 0.0238273 -0.0772236 0.125208 -0.273363 1 0 0 0 0 0 0 0
235 1 0.1 5.48282 2.8427 0.310911 0.0175194 0.0185674 0.0156008 -0.0783126 -0.318962 -0.200204 1 0 0 0 0 0 0 0
236 1 0.1 5.41531 2.98676 0.493139 -0.255176 0.0244264 0.125617 1.1623 0.376023 -0.885093 1 0 0 0 0 0 0 0
237 1 0.1 4.91895 2.91969 0.378514 -0.240486 -0.0707544 -0.116579 1.08698 -1.45197 1.07679 1 0 0 0 0 0 0 0
238 1 0.1 5.01421 3.12026 0.408811 0.0255464 -0.0236369 -0.0209715 0.254104 0.0781262 0.047262 1 0 0 0 0 0 0 0
239 1 0.1 5.21179 3.11058 0.430799 0.0308747 0.0337446 -0.00131102 0.00637493 -0.513613 0.703902 1 0 0 0 0 0 0 0
240 1 0.1 5.34631 3.05343 0.296005 0.0573543 0.0375777 0.0159249 -0.48869 0.408462 -0.142415 1 0 0 0 0 0 0 0
241 1 0.1 5.47957 3.17506 0.474928 -0.161519 -0.0164901 0.0593258 -1.11343 1.80398 -0.321724 1 0 0 0 0 0 0 0
242 1 0.1 5.43241 3.30062 0.326147 0.000782757 -0.000613346 0.0374365 -0.103788 -0.394257 -0.0570763 1 0 0 0 0 0 0 0
243 1 0.1 5.57549 3.43704 0.450166 -0.0433063 -0.0086304 -0.0239269 0.10929 0.0351858 -0.0878408 1 0 0 0 0 0 0 0
244 1 0.1 5.61258 3.54479 0.285859 0.00191372 0.00306752 -0.00357615 -0.0267725 -0.0963787 0.0101554 1 0 0 0 0 0 0 0
245 1 0.1 5.64764 3.16561 0.137529 -0.590135 -0.204849 0.00262482 0.307626 0.256187 -1.51037 1 0 0 0 0 0 0 0
246 1 0.1 5.72579 3.38579 0.328747 0.013998 0.022721 0.0214441 -0.268091 0.191474 -0.0322283 1 0 0 0 0 0 0 0
247 1 0.1 6.03021 4.47317 0.417077 0.00489866 -0.00213158 -0.0031722 -0.0396215 0.0390103 0.0686993 1 0 0 0 0 0 0 0
248 1 0.1 6.15568 4.6286 0.40908 -0.000761137 0.00278511 -0.00673346 0.0678766 0.0928261 0.0166076 1 0 0 0 0 0 0 0
249 1 0.1 6.27546 4.78945 0.4262 0.00351553 0.00203284 -0.00219398 -0.0251502 -0.0203188 0.0178105 1 0 0 0 0 0 0 0
250 1 0.1 6.10367 0.920373 0.554913 -0.0192449 0.0155529 0.00173828 0.0761672 0.0743517 0.284129 1 0 0 0 0 0 0 0
251 1 0.1 5.87478 1.14345 0.549807 0.000270726 -0.00086818 -0.00197461 0.0349977 0.0147175 0.0789938 1 0 0 0 0 0 0 0
252 1 0.1 5.73457 1.28684 0.559804 -0.00161509 -0.00104468 0.00180023 0.0114254 -0.00877322 0.0122559 1 0 0 0 0 0 0 0
253 1 0.1 5.50863 1.50774 0.550392 -0.00058938 0.00123402 0.00058226 0.0134107 0.00559949 0.0124096 1 0 0 0 0 0 0 0
254 1 0.1 5.34563 1.68489 0.576758 0.00139359 -0.000130946 0.00442782 0.0711191 -0.0541375 0.0142128 1 0 0 0 0 0 0 0
255 1 0.1 5.20276 1.82539 0.566124 0.00368679 0.000208258 -0.00245801 -0.00202127 0.0531424 0.136559 1 0 0 0 0 0 0 0
256 1 0.1 5.03606 1.98625 0.544365 -0.010272 0.0101917 -0.0110187 -0.0590352 0.0637873 0.0485206 1 0 0 0 0 0 0 0
257 1 0.1 4.8963 2.12902 0.535992 -0.0283368 0.0147665 0.00550958 -0.0151611 -0.184334 0.101836 1 0 0 0 0 0 0 0
258 1 0.1 4.75626 2.26898 0.562799 -0.0220534 0.0465567 -0.0158607 -0.113785 0.0802274 0.161015 1 0 0 0 0 0 0 0
259 1 0.1 4.6138 2.40865 0.56818 -0.0866481 0.0216411 -0.0560512 0.292011 -0.260694 -0.283142 1 0 0 0 0 0 0 0
260 1 0.1 4.38626 2.62734 0.570199 -0.0488212 -0.0523332 -0.281449 -0.429585 -2.2839 1.5741 1 0 0 0 0 0 0 0
261 1 0.1 4.23597 2.78002 0.557828 0.0223473 -0.0247048 -0.0826781 0.469382 1.03656 -0.31179 1 0 0 0 0 0 0 0
262 1 0.1 4.19264 2.97333 0.553234 0.00605333 -0.013573 0.00107529 0.174008 -0.0690693 0.293765 1 0 0 0 0 0 0 0
263 1 0.1 4.19416 3.17178 0.547749 -0.00606306 -0.0253036 0.00173174 -0.0472923 0.112004 -0.381036 1 0 0 0 0 0 0 0
264 1 0.1 4.3359 3.31081 0.56056 -0.00844915 -0.00999638 0.00470286 -0.0824456 0.0214133 -0.0492039 1 0 0 0 0 0 0 0
265 1 0.1 4.47974 3.45522 0.555996 0.0570206 0.0371248 0.0397712 -0.0307743 -0.607884 0.592444 1 0 0 0 0 0 0 0
266 1 0.1 4.69924 3.67084 0.568575 0.0249049 0.00923665 0.0423083 -0.647018 0.0570079 0.331246 1 0 0 0 0 0 0 0
267 1 0.1 4.83737 3.80885 0.529669 -0.000619502 0.0065884 0.00267049 -0.00608443 -0.0724026 -0.0142225 1 0 0 0 0 0 0 0
268 1 0.1 5.01432 3.99926 0.551198 -0.00143566 -0.000841463 0.000503205 0.00407047 0.0173771 -0.0414685 1 0 0 0 0 0 0 0
269 1 0.1 5.15798 4.13553 0.523386 -0.00150426 -0.000679759 0.00687714 -0.00175257 -0.091335 -0.12243 1 0 0 0 0 0 0 0
270 1 0.1 5.29514 4.27717 0.552497 0.00177729 -0.00399366 0.0116779 -0.117193 -0.0615097 0.11674 1 0 0 0 0 0 0 0
271 1 0.1 5.4378 4.41667 0.561688 -0.000208591 -0.00141116 0.00297784 -0.082929 0.0204925 -0.046425 1 0 0 0 0 0 0 0
272 1 0.1 5.57754 4.55873 0.546675 0.000726983 -0.00288914 -0.0119726 0.00101082 0.109258 0.0312584 1 0 0 0 0 0 0 0
273 1 0.1 5.71965 4.69869 0.559425 -0.00184645 -0.000279468 -0.00959119 0.176892 0.0243897 0.0141428 1 0 0 0 0 0 0 0
274 1 0.1 5.85909 4.84124 0.54953 -0.000790989 -0.00137339 -0.000989282 -0.018032 0.0197814 -0.0244106 1 0 0 0 0 0 0 0
275 1 0.1 6.24458 0.778751 0.551234 -0.0164395 0.0177529 -0.00365004 -0.0589427 0.00123077 -0.226067 1 0 0 0 0 0 0 0
276 1 0.1 5.94474 1.32854 0.523213 -0.00665916 -6.30187e-05 -0.000122793 -0.000716133 0.0119488 -0.00894171 1 0 0 0 0 0 0 0
277 1 0.1 5.79976 1.46098 0.486641 -0.00726055 -0.00346606 -0.000744305 -0.0569876 -0.0115359 0.0360138 1 0 0 0 0 0 0 0
278 1 0.1 5.71264 1.63871 0.456778 -0.00313212 0.00483075 -0.00468863 0.0824034 0.150159 0.0105215 1 0 0 0 0 0 0 0
279 1 0.1 5.53819 1.70426 0.528265 0.00234939 0.00152793 0.0107746 0.0472783 -0.0255222 -0.0265883 1 0 0 0 0 0 0 0
280 1 0.1 5.39174 1.88413 0.58928 0.00904392 0.000814625 -0.00249256 0.12557 -0.0162796 -0.131505 1 0 0 0 0 0 0 0
281 1 0.1 5.22778 2.02386 0.582623 -0.0155889 0.0106953 -0.00407063 -0.0553748 -0.157112 -0.0182597 1 0 0 0 0 0 0 0
282 1 0.1 5.0769 2.17059 0.610127 -0.0241814 0.0111933 0.00482005 0.155597 0.195351 -0.0606066 1 0 0 0 0 0 0 0
283 1 0.1 4.90738 2.38347 0.626208 -0.0455093 -0.0628171 0.207091 0.191825 -1.58896 -0.464142 1 0 0 0 0 0 0 0
284 1 0.1 4.78817 2.4956 0.511373 0.117381 -0.0283304 0.0742528 0.608599 -0.782481 -0.327631 1 0 0 0 0 0 0 0
285 1 0.1 4.62024 2.60344 0.598739 -0.288069 0.117035 -0.12215 0.435781 -1.59073 1.14238 1 0 0 0 0 0 0 0
286 1 0.1 4.55748 2.79188 0.590404 -0.309153 0.153475 0.0205551 2.83199 -3.26552 -0.717282 1 0 0 0 0 0 0 0
287 1 0.1 4.3876 2.90614 0.585229 0.0457575 -0.0135104 -0.0121578 -1.14204 0.705803 -2.12147 1 0 0 0 0 0 0 0
288 1 0.1 4.37713 3.10481 0.587777 0.0573939 0.0590032 0.0318114 1.50577 -1.07167 2.22204 1 0 0 0 0 0 0 0
289 1 0.1 4.52222 3.24237 0.589397 0.0417779 0.0597704 0.00381414 -0.746252 0.243158 -0.0368834 1 0 0 0 0 0 0 0
290 1 0.1 4.67773 3.4776 0.609045 0.0773053 0.0254529 0.0660275 0.296179 -0.467707 0.197381 1 0 0 0 0 0 0 0
291 1 0.1 4.89154 3.62513 0.596513 0.0215433 0.0160795 0.0262568 0.0703166 0.244353 -0.316439 1 0 0 0 0 0 0 0
292 1 0.1 5.02895 3.76715 0.565784 -0.00334994 0.00882327 0.0123492 -0.172989 0.0106062 -0.00527033 1 0 0 0 0 0 0 0
293 1 0.1 5.18189 3.89321 0.541433 -0.00607249 -0.00163368 0.00145306 0.0114389 -0.0194477 -0.0303916 1 0 0 0 0 0 0 0
294 1 0.1 5.33069 4.05246 0.5778 -0.00582504 -0.0175866 -0.00374723 0.347934 0.0446913 0.0340284 1 0 0 0 0 0 0 0
295 1 0.1 5.47908 4.20966 0.586463 0.00590421 0.00458249 0.00782423 0.0534234 0.137812 -0.0346971 1 0 0 0 0 0 0 0
296 1 0.1 5.64516 4.31926 0.579448 0.00929283 -0.00144617 -0.00257377 -0.0736313 -0.0131749 -0.0214926 1 0 0 0 0 0 0 0
297 1 0.1 5.75564 4.47135 0.513538 0.014312 -0.00585964 -0.00346842 -0.0599849 -0.151793 0.0288285 1 0 0 0 0 0 0 0
298 1 0.1 5.88924 4.61759 0.491331 0.00220197 0.00432669 -0.00612656 -0.17248 -0.0512114 0.169189 1 0 0 0 0 0 0 0
299 1 0.1 6.14191 5.11682 0.569636 0.000457757 0.00106061 -0.00184612 -0.020188 0.0410566 0.0131219 1 0 0 0 0 0 0 0
300 1 0.1 6.3855 0.636983 0.54999 -0.0175609 0.0147613 -0.000116941 0.000696019 0.0028361 0.235086 1 0 0 0 0 0 0 0
301 1 0.1 6.06964 1.11374 0.517597 0.00377662 0.0195804 0.00605108 -0.0379929 -0.103854 0.120709 1 0 0 0 0 0 0 0
302 1 0.1 5.99064 1.52004 0.482018 -0.0103255 -0.00765784 0.00562728 -0.0678814 0.00234224 0.0978705 1 0 0 0 0 0 0 0
303 1 0.1 5.86707 1.63951 0.583841 -0.0164779 -0.0146855 0.00968192 -0.134948 0.253097 0.175042 1 0 0 0 0 0 0 0
304 1 0.1 5.74647 1.79828 0.57374 0.00129812 -0.00183127 0.00809988 -0.117365 0.0446712 -0.407416 1 0 0 0 0 0 0 0
305 1 0.1 5.58573 1.91513 0.555622 0.00991864 0.00892613 -0.00397295 -0.16897 0.0282676 0.237835 1 0 0 0 0 0 0 0
306 1 0.1 5.36416 2.12817 0.480357 -0.0222986 0.0241992 0.00262911 0.111984 0.177133 0.0866759 1 0 0 0 0 0 0 0
307 1 0.1 5.25511 2.26022 0.602708 -0.0230632 0.0179519 -0.00572519 0.373381 0.21012 0.078916 1 0 0 0 0 0 0 0
308 1 0.1 5.20872 2.55166 0.440307 -0.0872705 0.0253713 0.0201042 0.327875 -0.489832 -0.565214 1 0 0 0 0 0 0 0
309 1 0.1 5.08742 2.51597 0.595146 -0.0663714 0.020145 0.0269199 0.231478 0.846107 0.0113691 1 0 0 0 0 0 0 0
310 1 0.1 4.95813 2.67082 0.592708 -0.0710133 0.019727 0.013026 0.14955 0.841578 -0.113929 1 0 0 0 0 0 0 0
311 1 0.1 4.76868 2.73438 0.589876 -0.100413 -0.0184204 0.110976 0.75197 -0.477352 -3.39512 1 0 0 0 0 0 0 0
312 1 0.1 4.60425 2.94488 0.471205 -0.0105162 -0.0237649 -0.15072 -3.10472 4.83552 0.869378 1 0 0 0 0 0 0 0
313 1 0.1 4.72736 3.07283 0.548952 0.0553292 -0.0255936 -0.319212 3.20956 -2.34837 1.03457 1 0 0 0 0 0 0 0
314 1 0.1 4.71894 3.27667 0.598569 0.0633511 -0.0365007 -0.00848734 -0.334011 -0.312147 -1.00924 1 0 0 0 0 0 0 0
315 1 0.1 4.87511 3.42597 0.594838 0.0344429 0.0199106 0.00824077 0.143218 -0.0104679 0.447987 1 0 0 0 0 0 0 0
316 1 0.1 5.06771 3.46983 0.566716 0.0207727 0.0331875 -0.0299754 -0.333067 0.336755 -0.269435 1 0 0 0 0 0 0 0
317 1 0.1 5.1679 3.63399 0.512662 0.0111316 0.0428713 -0.0141736 0.670199 -0.0753221 0.287321 1 0 0 0 0 0 0 0
318 1 0.1 5.35492 3.83825 0.460221 -0.00613186 -0.00272234 0.00446003 0.0204205 -0.0182742 0.0127012 1 0 0 0 0 0 0 0
319 1 0.1 5.48533 3.92711 0.591055 0.00537137 -0.00310266 -0.00354699 -0.214124 -0.154595 0.170405 1 0 0 0 0 0 0 0
320 1 0.1 5.64996 4.11036 0.613497 0.00374092 -0.00169078 -0.00161614 0.000483528 -0.029428 -0.0220474 1 0 0 0 0 0 0 0
321 1 0.1 5.81397 4.2133 0.56366 0.00539906 -0.00741501 -0.00483219 0.0142962 0.077418 -0.0451903 1 0 0 0 0 0 0 0
322 1 0.1 5.96777 4.40212 0.592934 0.00930978 -0.00400103 -0.00217133 0.0297575 -0.030279 0.0348184 1 0 0 0 0 0 0 0
323 1 0.1 6.03396 4.76141 0.495684 0.00101083 -0.000974617 0.00211293 -0.0321942 -0.0373007 0.0517436 1 0 0 0 0 0 0 0
324 1 0.1 6.27992 5.26022 0.550004 0.000643363 0.000996065 6.79673e-06 0.0562404 -0.0404406 0.0279784 1 0 0 0 0 0 0 0
325 1 0.1 6.40676 0.892954 0.525947 -0.0228115 0.0295187 0.0079587 0.0310383 -0.162475 0.369216 1 0 0 0 0 0 0 0
326 1 0.1 6.26489 1.03383 0.522319 -0.0269514 0.0260222 0.00593108 -0.0706898 -0.120369 -0.150886 1 0 0 0 0 0 0 0
327 1 0.1 6.0605 1.68703 0.566935 -0.0325031 0.0220129 -0.037962 -0.367033 0.11356 0.254686 1 0 0 0 0 0 0 0
328 1 0.1 6.01553 1.88183 0.563599 -0.122207 -0.0012387 -0.0692616 0.0616127 0.460977 0.299354 1 0 0 0 0 0 0 0
329 1 0.1 5.83901 1.97551 0.569002 -0.0910977 0.0488984 0.0403653 0.295378 0.548195 -0.882909 1 0 0 0 0 0 0 0
330 1 0.1 5.67634 2.08859 0.59543 -0.0889675 0.0606782 0.00109079 -0.34713 -0.967587 0.78936 1 0 0 0 0 0 0 0
331 1 0.1 5.70646 2.25527 0.489733 -0.0741709 0.0537213 -0.00447592 0.018622 -0.403203 -0.0998307 1 0 0 0 0 0 0 0
332 1 0.1 5.68203 2.43161 0.580719 0.0492555 0.0198406 0.0918746 0.767684 -0.242743 0.0930673 1 0 0 0 0 0 0 0
333 1 0.1 5.5184 2.52353 0.511698 0.0486886 -0.0604635 -0.00402976 -0.384683 0.507231 -0.658179 1 0 0 0 0 0 0 0
334 1 0.1 5.36756 2.63909 0.572705 0.0628687 -0.106755 0.0659684 0.0911702 0.741414 1.05477 1 0 0 0 0 0 0 0
335 1 0.1 5.17716 2.69428 0.595147 0.0648602 -0.038976 -0.0311121 -1.1939 -1.48939 -1.52355 1 0 0 0 0 0 0 0
336 1 0.1 5.05929 2.8078 0.481149 0.0637614 -0.0232432 -0.0360906 0.474407 2.1735 0.725036 1 0 0 0 0 0 0 0
337 1 0.1 4.90099 2.88113 0.576211 0.0599206 -0.116662 0.06021 -2.12761 -0.305723 1.58138 1 0 0 0 0 0 0 0
338 1 0.1 4.91908 3.07814 0.577137 -0.0131812 -0.0670629 -0.0521117 0.933799 -0.212946 -0.759139 1 0 0 0 0 0 0 0
339 1 0.1 5.05815 3.21768 0.595811 -0.00685411 -0.0676596 0.00348433 -0.206742 0.0672007 1.45907 1 0 0 0 0 0 0 0
340 1 0.1 5.21149 3.31001 0.509979 -0.0510793 0.0485937 0.0371348 0.0780518 -0.551832 0.10559 1 0 0 0 0 0 0 0
341 1 0.1 5.40549 3.3559 0.516373 -0.0484876 0.0291709 0.0278887 -0.200836 0.546548 -0.350897 1 0 0 0 0 0 0 0
342 1 0.1 5.34463 3.5448 0.539437 0.00651555 0.0461612 -0.00115777 -0.162789 -0.331394 -0.195024 1 0 0 0 0 0 0 0
343 1 0.1 5.54864 3.78961 0.455505 -0.00311459 0.00492481 -0.00110404 0.0561028 0.0627958 0.0705541 1 0 0 0 0 0 0 0
344 1 0.1 5.70731 3.79491 0.576731 -0.00235141 -0.00403891 0.000574374 0.123609 -0.0688014 -0.0486378 1 0 0 0 0 0 0 0
345 1 0.1 5.84736 3.50155 0.62345 -0.00282799 -0.104398 0.0533703 -0.592662 -0.629201 -0.857895 1 0 0 0 0 0 0 0
346 1 0.1 5.82531 3.95624 0.569753 0.00959904 -0.0110535 0.00207066 -0.00269386 -0.0440573 -0.0118163 1 0 0 0 0 0 0 0
347 1 0.1 5.99607 4.04572 0.517054 0.00747663 -0.00437491 0.00300603 -0.0011027 0.0345013 0.0819061 1 0 0 0 0 0 0 0
348 1 0.1 6.07366 4.95603 0.472419 0.00143319 -0.000688157 0.0011544 0.0255683 0.0640554 -0.0122432 1 0 0 0 0 0 0 0
349 1 0.1 6.27083 4.98063 0.494101 0.00140956 0.000981187 -0.00201557 0.0442567 -0.024037 0.036758 1 0 0 0 0 0 0 0
350 1 0.1 6.44229 1.10515 0.580796 -0.0208156 0.0124783 -0.00067603 -0.0989726 -0.164475 -0.0978231 1 0 0 0 0 0 0 0
351 1 0.1 6.22531 1.22256 0.57962 -0.0230652 0.059119 -0.00173508 0.348132 0.489176 0.482192 1 0 0 0 0 0 0 0
352 1 0.1 6.12373 1.40195 0.573227 -0.00607125 -0.00565652 0.00259955 0.122713 0.00465639 -0.0162611 1 0 0 0 0 0 0 0
353 1 0.1 6.04727 1.74872 0.760298 -0.0959039 0.0647195 -0.0368538 -0.588502 -0.206401 1.14135 1 0 0 0 0 0 0 0
354 1 0.1 5.71819 2.71862 0.141709 -0.107467 -0.08954 0.00176696 0.136112 -0.104106 -0.804882 1 0 0 0 0 0 0 0
355 1 0.1 5.62282 2.89426 0.137509 -0.00678132 -0.0358935 -0.00173534 -0.0706939 -0.0903887 -0.328018 1 0 0 0 0 0 0 0
356 1 0.1 5.69607 2.6304 0.599277 -0.100739 -0.00172145 -0.0442771 -0.383181 -0.0308287 0.929523 1 0 0 0 0 0 0 0
357 1 0.1 5.73319 2.80739 0.514014 -0.111915 0.0246156 0.0129285 0.565394 -2.10199 0.225738 1 0 0 0 0 0 0 0
358 1 0.1 5.26337 2.7606 0.762585 0.00626309 -0.0136331 -0.00171809 -0.000549173 -0.0048725 -0.0400069 1 0 0 0 0 0 0 0
359 1 0.1 5.54656 2.72106 0.499336 -0.164669 -0.0162369 -0.118269 -0.664753 2.3515 1.30353 1 0 0 0 0 0 0 0
360 1 0.1 5.58778 2.92959 0.576529 -0.177611 -0.0200608 -0.0617057 0.153131 0.464932 0.0298059 1 0 0 0 0 0 0 0
361 1 0.1 5.44014 2.81192 0.642088 -0.0849033 -0.0633585 -0.0105475 -0.332097 0.234881 0.998329 1 0 0 0 0 0 0 0
362 1 0.1 5.26359 2.87747 0.576294 -0.106813 -0.107907 0.0576062 0.776041 0.373465 -0.509771 1 0 0 0 0 0 0 0
363 1 0.1 5.09159 2.97827 0.579936 -0.0428776 -0.0570681 0.0550179 0.71153 -1.4242 -0.0602167 1 0 0 0 0 0 0 0
364 1 0.1 5.37742 3.00085 0.698043 -0.00549623 0.0221404 -0.0627906 -0.0960775 0.678152 0.390021 1 0 0 0 0 0 0 0
365 1 0.1 5.25924 3.14861 0.620884 0.0201249 0.0523704 -0.000770508 0.0563592 0.240235 0.862572 1 0 0 0 0 0 0 0
366 1 0.1 5.63893 3.12267 0.583726 -0.115789 -0.049971 -0.0251537 0.237461 -0.45018 -0.724462 1 0 0 0 0 0 0 0
367 1 0.1 5.54849 3.29165 0.640421 -0.0359473 -0.0145262 -0.0175125 -0.0239554 0.248069 -0.240563 1 0 0 0 0 0 0 0
368 1 0.1 5.6562 3.5563 0.588566 -0.0335467 -0.0263482 -0.000537976 0.147096 -0.0835187 -0.0703363 1 0 0 0 0 0 0 0
369 1 0.1 5.69819 3.66075 0.423926 -0.00974631 -0.00540012 0.00766973 0.0558455 -0.110681 -0.0447093 1 0 0 0 0 0 0 0
370 1 0.1 5.72038 3.35901 0.563774 -0.0438984 0.000603961 -0.0157692 0.0968041 -0.243998 0.380957 1 0 0 0 0 0 0 0
371 1 0.1 5.62192 3.21549 0.329599 0.0432135 0.00773085 0.0493425 0.000474506 -0.0750425 0.355606 1 0 0 0 0 0 0 0
372 1 0.1 6.01217 4.23793 0.464608 -0.00278819 -0.00566959 0.00368356 0.019863 -0.021644 0.0181082 1 0 0 0 0 0 0 0
373 1 0.1 6.07114 4.57312 0.585371 -0.000777577 0.00180517 -0.00426441 0.0132771 -0.0243521 0.0747965 1 0 0 0 0 0 0 0
374 1 0.1 6.20034 4.74106 0.604624 0.00525665 0.00894068 -0.00113259 -0.0810094 0.0134343 0.0615223 1 0 0 0 0 0 0 0
375 1 0.1 6.12617 0.900962 0.761845 0.000894856 -0.00151615 0.00141287 -0.101528 -0.0848483 0.0328874 1 0 0 0 0 0 0 0
376 1 0.1 5.84667 1.17579 0.749948 -0.0479865 0.0587746 4.24049e-05 -0.000338263 -0.000974582 0.784359 1 0 0 0 0 0 0 0
377 1 0.1 5.69938 1.32487 0.752921 -0.00250798 0.00314115 0.000408135 0.00660357 0.00700199 0.0366158 1 0 0 0 0 0 0 0
378 1 0.1 5.55604 1.46795 0.751557 -0.00207321 0.00220384 -0.000434233 0.00488548 0.00812021 0.0264108 1 0 0 0 0 0 0 0
379 1 0.1 5.41297 1.61072 0.749491 0.00168001 -0.00118577 0.000232195 -0.0168979 0.038544 0.016634 1 0 0 0 0 0 0 0
380 1 0.1 5.26233 1.76124 0.750005 -0.0124268 0.0111751 -0.000719985 -0.0248561 -0.0121874 0.178694 1 0 0 0 0 0 0 0
381 1 0.1 5.11834 1.905 0.750007 -0.000418158 9.5777e-05 0.000237992 0.00219239 0.0016165 -0.00428524 1 0 0 0 0 0 0 0
382 1 0.1 4.97707 2.04647 0.748526 -0.00076257 -0.00028759 -0.00038078 -0.0112411 -0.000894345 0.0272804 1 0 0 0 0 0 0 0
383 1 0.1 4.7465 2.27624 0.762429 0.00892112 -0.00782697 -0.00973541 -0.0693846 0.0227471 -0.136973 1 0 0 0 0 0 0 0
384 1 0.1 4.60119 2.41312 0.772585 0.00305849 -0.00445697 0.000518166 -1.79416 0.524412 -0.70104 1 0 0 0 0 0 0 0
385 1 0.1 4.33567 2.6905 0.735648 -0.0328569 0.166266 -0.525411 1.6793 -3.99637 2.27598 1 0 0 0 0 0 0 0
386 1 0.1 4.19392 2.83007 0.755122 -0.0253601 0.0193349 -0.0130088 0.147978 0.29274 0.0314718 1 0 0 0 0 0 0 0
387 1 0.1 4.19373 3.02949 0.745118 -0.00611734 0.00385343 -0.00170052 -0.0175732 0.0245909 -0.0607529 1 0 0 0 0 0 0 0
388 1 0.1 4.23892 3.22391 0.751285 5.00526e-05 0.000742289 -0.00183239 0.00913924 0.0065373 0.000878241 1 0 0 0 0 0 0 0
389 1 0.1 4.38243 3.36775 0.751084 0.0585923 0.0440532 -0.0117794 0.0815574 0.0587936 0.717093 1 0 0 0 0 0 0 0
390 1 0.1 4.58635 3.56385 0.763196 0.00210091 0.00615394 0.00869998 -0.0271042 -0.180026 0.031862 1 0 0 0 0 0 0 0
391 1 0.1 4.80356 3.78977 0.748801 0.00544924 0.00409169 0.000363173 0.0550359 0.0793961 -0.374007 1 0 0 0 0 0 0 0
392 1 0.1 4.94735 3.92435 0.762852 0.016937 -0.00865507 0.0013051 -0.0636085 -0.0597638 0.101869 1 0 0 0 0 0 0 0
393 1 0.1 5.08422 4.06816 0.74971 0.00269679 0.00425855 -0.00146173 -0.0144308 0.024952 0.0936288 1 0 0 0 0 0 0 0
394 1 0.1 5.225 4.20868 0.749248 0.00194173 0.00671852 -0.00446504 0.0298619 -0.0559052 -0.261848 1 0 0 0 0 0 0 0
395 1 0.1 5.36765 4.3462 0.741332 0.00762876 -0.0099103 -0.00364668 -0.0453487 0.0253084 0.0787998 1 0 0 0 0 0 0 0
396 1 0.1 5.50679 4.48839 0.74804 0.00475823 -0.00829817 -0.0118994 -0.0408628 0.00123078 -0.0318697 1 0 0 0 0 0 0 0
397 1 0.1 5.64761 4.62902 0.752654 -0.00178813 -0.00231866 -0.0066724 0.093337 -0.0141535 0.0908663 1 0 0 0 0 0 0 0
398 1 0.1 5.79017 4.76837 0.762137 -0.00248761 -0.00136376 0.000294769 0.00885124 -0.00285021 -0.0332457 1 0 0 0 0 0 0 0
399 1 0.1 5.92934 4.91116 0.750009 -0.000857578 -0.00153275 -0.000462406 -0.0089934 0.0109286 0.0171986 1 0 0 0 0 0 0 0
400 1 0.1 6.26615 0.758749 0.754686 0.00390173 -0.00122428 0.00821267 0.0910098 0.00541493 -0.000174374 1 0 0 0 0 0 0 0
401 1 0.1 5.99675 1.0317 0.684594 0.00192411 -0.00465312 -0.00590823 0.0151866 0.0613275 -0.0691402 1 0 0 0 0 0 0 0
402 1 0.1 5.85552 1.42217 0.675424 -0.00151412 0.00168176 0.000594104 0.0141161 0.00473816 -0.0631724 1 0 0 0 0 0 0 0
403 1 0.1 5.69625 1.54748 0.633637 -0.00294676 0.000833843 -0.00350198 0.0030847 0.0289469 -0.0579717 1 0 0 0 0 0 0 0
404 1 0.1 5.6038 1.6684 0.762662 0.00214406 -0.000467899 -0.000141117 0.0322912 0.0222543 0.0226168 1 0 0 0 0 0 0 0
405 1 0.1 5.458 1.80499 0.762807 0.0019304 -0.000955651 0.00184926 -0.0125287 0.0555976 0.00844431 1 0 0 0 0 0 0 0
406 1 0.1 5.32244 1.95153 0.762675 0.00823648 0.00420391 -0.00349832 -0.0635413 -0.0754413 -0.0914504 1 0 0 0 0 0 0 0
407 1 0.1 5.1853 2.09525 0.763468 0.0012002 0.000481618 0.00230537 0.18676 -0.0187027 -0.0406079 1 0 0 0 0 0 0 0
408 1 0.1 4.96069 2.24488 0.762702 -0.00303644 -0.00377806 0.000837431 0.0199921 0.0654766 -0.00693322 1 0 0 0 0 0 0 0
409 1 0.1 4.76832 2.50184 0.709688 0.00182646 -0.00235321 0.0548638 -0.813314 -0.366655 -0.180473 1 0 0 0 0 0 0 0
410 1 0.1 4.50848 2.59403 0.76297 -0.225835 0.0086404 -0.0274792 0.0734879 2.47646 -0.0208589 1 0 0 0 0 0 0 0
411 1 0.1 4.47338 2.80522 0.769854 -0.230999 0.00119182 0.0458136 -1.68839 3.81158 -5.54095 1 0 0 0 0 0 0 0
412 1 0.1 4.40787 2.98688 0.765902 0.14758 0.138529 -0.0487452 1.60772 0.364393 1.87088 1 0 0 0 0 0 0 0
413 1 0.1 4.44258 3.18069 0.762077 0.0496665 0.0883006 0.0310693 -0.625342 -0.022677 -0.807663 1 0 0 0 0 0 0 0
414 1 0.1 4.58148 3.36409 0.761352 0.0531745 0.0140509 -0.0107571 0.189485 -0.0670013 -0.923113 1 0 0 0 0 0 0 0
415 1 0.1 4.78437 3.59117 0.762501 -0.00363315 0.00610041 0.00043272 -0.0477427 0.243532 -0.0279767 1 0 0 0 0 0 0 0
416 1 0.1 4.9839 3.7082 0.752871 -0.00626797 -0.0300242 0.063656 0.363913 -0.73922 0.0808836 1 0 0 0 0 0 0 0
417 1 0.1 5.13582 3.86139 0.761114 0.0116937 -0.0298143 -0.00665365 0.469123 -0.0428078 -0.441687 1 0 0 0 0 0 0 0
418 1 0.1 5.27552 4.00224 0.762606 0.0197123 -0.0336412 0.000250933 -0.296719 0.105524 0.371417 1 0 0 0 0 0 0 0
419 1 0.1 5.41356 4.14509 0.763123 -0.00534667 -0.00610806 -0.000242007 0.213194 -0.212397 -0.0052464 1 0 0 0 0 0 0 0
420 1 0.1 5.55624 4.28509 0.762311 0.00344765 -0.0097278 0.0048257 -0.0822825 -0.0457293 -0.211017 1 0 0 0 0 0 0 0
421 1 0.1 5.69669 4.42632 0.75531 0.00462382 -0.0119416 -0.00719734 -0.170224 -0.0177927 0.100797 1 0 0 0 0 0 0 0
422 1 0.1 5.82151 4.56929 0.674805 0.000307188 -0.00297947 0.000328336 -0.0246861 -0.0869255 -0.143272 1 0 0 0 0 0 0 0
423 1 0.1 5.96209 4.71397 0.676119 -0.00475877 -0.0039477 -0.00133341 0.0397754 0.0134424 -0.0225373 1 0 0 0 0 0 0 0
424 1 0.1 6.21163 5.19295 0.750315 -0.000715456 -0.000443824 -0.00138661 0.0233195 0.00588436 0.00109696 1 0 0 0 0 0 0 0
425 1 0.1 6.40671 0.616725 0.750059 0.00152006 -0.000831737 0.000109877 0.00269996 0.00328759 -0.0108278 1 0 0 0 0 0 0 0
426 1 0.1 6.16541 1.10576 0.759585 0.00134275 0.00954862 -0.0244007 -0.108881 -0.0538144 -0.187325 1 0 0 0 0 0 0 0
427 1 0.1 6.01905 1.27518 0.731335 -0.047161 0.0518307 -0.0368226 0.371883 0.642287 -0.909399 1 0 0 0 0 0 0 0
428 1 0.1 5.93593 1.58274 0.762625 0.00239565 -0.00181837 0.00237179 0.0139578 0.00351777 0.0183618 1 0 0 0 0 0 0 0
429 1 0.1 5.79554 1.72483 0.762544 0.00278806 -0.000885948 0.000498939 -0.00880718 -0.0273332 -0.0264489 1 0 0 0 0 0 0 0
430 1 0.1 5.65133 1.86302 0.760599 0.0124018 0.00935025 -0.0118134 -0.0538979 -0.0788392 -0.110019 1 0 0 0 0 0 0 0
431 1 0.1 5.51134 1.99962 0.720475 0.00709464 0.00603672 -0.00638157 -0.00453161 0.221461 0.133243 1 0 0 0 0 0 0 0
432 1 0.1 5.37613 2.1459 0.734177 -0.00130308 -0.00795798 0.00666284 -0.0411204 0.00169472 -0.00880743 1 0 0 0 0 0 0 0
433 1 0.1 5.2788 2.45875 0.60289 -0.0574146 0.0281095 0.010769 -0.23858 -0.275503 0.252525 1 0 0 0 0 0 0 0
434 1 0.1 5.07297 2.40957 0.762725 -0.0038701 -0.00588179 0.00314818 0.143542 -0.0589279 -0.0692526 1 0 0 0 0 0 0 0
435 1 0.1 4.94937 2.56671 0.762825 0.00274208 0.00224271 0.0048499 0.00447635 0.0339861 -0.00315729 1 0 0 0 0 0 0 0
436 1 0.1 4.66932 2.7687 0.759619 -0.253461 -0.16888 0.0621614 1.63623 -2.17958 2.16522 1 0 0 0 0 0 0 0
437 1 0.1 4.57282 2.98268 0.66077 0.174567 0.284495 -0.136096 -0.305261 -1.17044 0.0947213 1 0 0 0 0 0 0 0
438 1 0.1 4.64214 3.17155 0.753896 0.0445031 0.0101276 -0.0135672 -0.0292159 0.402334 -0.213651 1 0 0 0 0 0 0 0
439 1 0.1 4.78084 3.37282 0.76263 0.0543277 -0.0327248 4.14822e-05 -0.0375069 -0.0336414 0.438671 1 0 0 0 0 0 0 0
440 1 0.1 5.04789 3.52102 0.759938 0.00753179 -0.0340375 -0.000329663 0.489949 0.048655 -0.39913 1 0 0 0 0 0 0 0
441 1 0.1 5.18044 3.66747 0.762774 0.00780688 -0.0326357 0.000585615 -0.491332 -0.104961 0.427102 1 0 0 0 0 0 0 0
442 1 0.1 5.30035 3.76635 0.638899 -0.00895758 0.00206645 0.00686268 0.0864306 -0.179743 0.181314 1 0 0 0 0 0 0 0
443 1 0.1 5.43971 3.83583 0.762514 -0.00498861 0.0041792 0.00049155 -0.00543442 0.0671454 -0.0844927 1 0 0 0 0 0 0 0
444 1 0.1 5.55402 4.00314 0.762546 -0.00361182 -0.00479773 0.000126068 0.238973 0.157671 -0.220363 1 0 0 0 0 0 0 0
445 1 0.1 5.76339 4.17993 0.762641 0.00257645 -0.00266099 -8.4984e-05 -0.0106225 -0.00409946 0.0221206 1 0 0 0 0 0 0 0
446 1 0.1 5.87809 4.34366 0.761401 0.007189 -0.00478079 -0.0037269 0.010451 0.0286625 -0.104046 1 0 0 0 0 0 0 0
447 1 0.1 5.99039 4.5088 0.762575 0.000217346 0.000344545 -0.000196922 0.0431528 0.0154552 0.260335 1 0 0 0 0 0 0 0
448 1 0.1 6.10914 4.82491 0.762522 0.00360325 0.00867101 0.000222259 -0.0266249 -0.00343519 0.0949378 1 0 0 0 0 0 0 0
449 1 0.1 6.35296 5.33437 0.749958 -0.000392689 -0.000569858 1.92394e-06 0.00137626 -5.25976e-05 -0.00649563 1 0 0 0 0 0 0 0
450 1 0.1 6.45169 0.812191 0.703212 -0.00222747 0.00861978 -0.00578363 0.31067 0.257008 -0.0114416 1 0 0 0 0 0 0 0
451 1 0.1 6.3051 0.972223 0.708265 -0.00220254 -0.000981612 -0.00853019 -0.103048 0.112714 0.0273117 1 0 0 0 0 0 0 0
452 1 0.1 6.23223 1.29307 0.763855 -0.00777586 0.0110842 0.00395542 0.141999 -0.228273 0.355567 1 0 0 0 0 0 0 0
453 1 0.1 6.09249 1.45848 0.762503 0.0201909 0.0193532 -0.000124203 0.221567 -0.157949 0.259317 1 0 0 0 0 0 0 0
454 1 0.1 5.91824 1.89962 0.737388 -0.156677 0.00293779 -0.0956811 -0.149114 0.121758 -0.319079 1 0 0 0 0 0 0 0
455 1 0.1 5.76687 2.02754 0.76263 -0.0905897 0.0576639 0.000963227 0.548292 0.843365 -0.487818 1 0 0 0 0 0 0 0
456 1 0.1 5.60444 2.17127 0.762577 -0.0895567 0.0487996 0.00194726 0.486338 0.873131 0.453585 1 0 0 0 0 0 0 0
457 1 0.1 5.4911 2.2317 0.594891 0.00245278 -0.00833904 0.00816025 0.299185 0.102128 -0.238464 1 0 0 0 0 0 0 0
458 1 0.1 5.34258 2.34082 0.762785 -0.00354326 -0.00508558 0.000554866 -0.0174374 0.0209823 0.0242998 1 0 0 0 0 0 0 0
459 1 0.1 5.36871 2.53881 0.762569 -0.00370388 -0.00390785 -0.00074801 -0.0183667 0.0211788 0.00198889 1 0 0 0 0 0 0 0
460 1 0.1 5.17366 2.58225 0.76263 -0.00156379 -0.00641979 -4.33826e-05 0.0112527 -0.0263079 -0.0359396 1 0 0 0 0 0 0 0
461 1 0.1 4.86884 2.75599 0.762259 -0.240736 0.00231926 0.162647 0.368656 1.04805 -0.43124 1 0 0 0 0 0 0 0
462 1 0.1 4.74411 2.97944 0.762354 0.113529 0.153498 -0.0343794 0.740481 -0.0986577 -1.38154 1 0 0 0 0 0 0 0
463 1 0.1 4.92521 3.17139 0.749737 0.00768336 -0.0919809 -0.0329425 -0.438738 -0.963624 0.467607 1 0 0 0 0 0 0 0
464 1 0.1 5.04777 3.32426 0.763919 -0.0608225 -0.0402697 -0.00467624 -0.447145 0.511822 -0.279116 1 0 0 0 0 0 0 0
465 1 0.1 5.22725 3.47264 0.686736 0.018507 0.0362557 -0.0287804 -0.019925 -0.349144 0.0538024 1 0 0 0 0 0 0 0
466 1 0.1 5.36765 3.59833 0.758534 0.0134766 -0.0134242 0.0104852 -0.244861 0.272248 -0.19472 1 0 0 0 0 0 0 0
467 1 0.1 5.47692 3.67741 0.609312 0.00708531 0.0272032 0.0272909 0.185153 -0.0878795 -0.0492695 1 0 0 0 0 0 0 0
468 1 0.1 5.63438 3.79409 0.762767 -0.00577494 -0.00529036 -0.000320147 -0.0533024 0.0626561 -0.0926306 1 0 0 0 0 0 0 0
469 1 0.1 5.79163 3.9172 0.762721 6.40501e-05 -0.0101648 6.09389e-05 -0.0643171 -0.0573354 0.0740718 1 0 0 0 0 0 0 0
470 1 0.1 5.92069 4.06394 0.720724 -4.67001e-05 -0.00864804 0.00261795 0.0090812 -0.0492713 -0.0448749 1 0 0 0 0 0 0 0
471 1 0.1 6.03444 4.21754 0.662165 -0.0107552 0.000820991 0.00481112 -0.0679535 -0.0779141 0.238894 1 0 0 0 0 0 0 0
472 1 0.1 6.12719 4.36333 0.762664 -0.00395775 -0.00262769 0.00146905 -0.0171294 0.054627 -0.403375 1 0 0 0 0 0 0 0
473 1 0.1 6.07234 5.05014 0.761923 -0.000866001 -0.000526257 -0.00230905 0.0129662 0.0175628 -0.00336485 1 0 0 0 0 0 0 0
474 1 0.1 6.244 4.9752 0.6922 0.00218641 0.00589197 -0.00175501 -0.117347 0.0195936 0.121743 1 0 0 0 0 0 0 0
475 1 0.1 6.49845 0.997308 0.76251 -0.00992457 0.0101043 -0.000659846 -0.222643 -0.0918855 0.15039 1 0 0 0 0 0 0 0
476 1 0.1 6.37864 1.15736 0.762821 -0.00950414 0.0107389 0.00306705 0.218853 0.226528 -0.168781 1 0 0 0 0 0 0 0
477 1 0.1 6.28449 1.46417 0.674452 -0.0685538 0.058517 0.0616145 -0.545984 -0.904632 0.550236 1 0 0 0 0 0 0 0
478 1 0.1 6.20393 1.62457 0.762522 -0.0793289 0.0869631 -0.000638759 0.18584 0.072803 -0.870045 1 0 0 0 0 0 0 0
479 1 0.1 5.71745 2.33601 0.75707 -0.0505259 0.0104454 -0.0186334 0.118667 0.384363 -1.00904 1 0 0 0 0 0 0 0
480 1 0.1 5.74061 2.98966 0.704694 0.0541594 0.199861 0.152645 1.11504 -0.493077 1.27353 1 0 0 0 0 0 0 0
481 1 0.1 5.59793 2.85545 0.761941 -0.0373911 0.0176763 -0.0381449 -0.171217 0.29781 0.367778 1 0 0 0 0 0 0 0
482 1 0.1 5.65078 2.52434 0.762563 0.0123935 0.021577 -0.00153876 -0.132064 0.141263 0.313276 1 0 0 0 0 0 0 0
483 1 0.1 5.50826 2.41282 0.677689 0.0160977 -0.014614 0.0281356 -0.129556 -0.429347 -0.0516195 1 0 0 0 0 0 0 0
484 1 0.1 5.51695 2.67274 0.762679 -0.00373599 -0.00225912 -0.00378579 -0.0271466 0.0143091 -0.0055814 1 0 0 0 0 0 0 0
485 1 0.1 5.19589 2.94823 0.762606 0.01895 -0.00844818 0.00122411 0.0259352 0.00847073 -0.0662335 1 0 0 0 0 0 0 0
486 1 0.1 5.04878 2.81663 0.694606 0.0341116 -0.100459 0.0984483 0.0900326 -2.30358 -2.29 1 0 0 0 0 0 0 0
487 1 0.1 4.94336 2.97188 0.762772 0.120522 0.02117 -0.0165328 -0.0410173 -0.0725828 0.0461611 1 0 0 0 0 0 0 0
488 1 0.1 5.12037 3.13261 0.763486 0.0276437 -0.00364812 0.0028314 -0.0214791 -0.232005 -0.0595325 1 0 0 0 0 0 0 0
489 1 0.1 5.24489 3.28864 0.762656 -0.0290356 0.039342 0.000391146 -0.0103448 -0.0214574 -0.010107 1 0 0 0 0 0 0 0
490 1 0.1 5.42211 3.1966 0.762584 -0.0328856 0.0195543 0.000189086 -0.0616533 0.0430706 -0.123938 1 0 0 0 0 0 0 0
491 1 0.1 5.40772 3.40021 0.731684 -0.00541965 0.00246651 0.0074449 0.00603379 -0.0548597 -0.430705 1 0 0 0 0 0 0 0
492 1 0.1 5.55553 3.53073 0.762553 0.0115243 -0.0184439 -0.00153324 -0.183258 0.0148325 0.134826 1 0 0 0 0 0 0 0
493 1 0.1 5.55961 3.05165 0.762555 -0.0333059 0.0212684 0.0248935 1.04175 -1.41239 -0.0400813 1 0 0 0 0 0 0 0
494 1 0.1 5.74286 3.59948 0.762866 0.00409354 -0.00577765 -0.00795346 -0.0177384 -0.039522 0.0061541 1 0 0 0 0 0 0 0
495 1 0.1 5.88473 3.74029 0.762505 0.005341 -0.00796097 -0.000331528 0.0572925 0.00264578 -0.00309097 1 0 0 0 0 0 0 0
496 1 0.1 5.87219 3.68538 0.548729 -0.0926789 -0.131067 -0.0425169 0.179149 0.389292 -1.53473 1 0 0 0 0 0 0 0
497 1 0.1 6.15354 4.36324 0.530115 -0.00548044 0.032644 -0.0655407 -0.265421 0.772016 0.425811 1 0 0 0 0 0 0 0
498 1 0.1 6.14958 4.62918 0.762057 -0.00594735 0.00707608 -0.00725332 0.09681 0.039363 -0.183518 1 0 0 0 0 0 0 0
499 1 0.1 6.30798 4.79933 0.762567 0.00406821 0.00743278 5.38912e-05 0.0737005 -0.0401344 -0.09405 1 0 0 0 0 0 0 0
