500
0 1 0.1 5.99745 1.02392 0.154382 -0.0194316 0.0314021 0.0101054 0.258674 0.117439 -0.260395 1 0 0 0 0 0 0 0
1 1 0.1 5.85539 1.16451 0.14953 -0.0247705 0.0255525 0.0209016 0.0320711 -0.250042 0.346189 1 0 0 0 0 0 0 0
2 1 0.1 5.69395 1.33286 0.137503 -0.00451927 0.00517184 0.000644467 0.0524941 -0.0570948 0.0729032 1 0 0 0 0 0 0 0
3 1 0.1 5.32186 1.70007 0.150351 0.000759615 -0.000782165 -0.000576664 -0.00375768 0.000291259 -0.0115072 1 0 0 0 0 0 0 0
4 1 0.1 5.46685 1.80308 0.278128 -0.0193852 -0.00482671 -0.0314557 -0.612283 -0.592331 0.402866 1 0 0 0 0 0 0 0
5 1 0.1 5.1051 1.91923 0.136582 -0.0012933 -2.86453e-05 -0.00121973 -0.213136 -0.163455 -0.0479446 1 0 0 0 0 0 0 0
6 1 0.1 4.96539 2.0589 0.138144 0.00527261 0.00131273 -0.0117565 -0.0790409 0.336108 -0.026802 1 0 0 0 0 0 0 0
7 1 0.1 4.82888 2.20127 0.137408 0.0267721 0.0158755 -0.01118 -0.363492 0.045625 -0.218967 1 0 0 0 0 0 0 0
8 1 0.1 4.66661 2.6694 0.136954 0.00107919 0.0136083 -0.000378398 -0.136598 -0.00551824 0.0320697 1 0 0 0 0 0 0 0
9 1 0.1 4.66303 2.51308 0.260841 -0.00830014 0.0239079 0.0062349 -0.23053 -0.0895391 -0.23132 1 0 0 0 0 0 0 0
10 1 0.1 4.21952 2.80655 0.138943 0.0039293 0.00264034 -0.0126701 -0.164642 0.0414277 -0.0514407 1 0 0 0 0 0 0 0
11 1 0.1 4.19411 2.84732 0.356574 -0.0014483 0.0156439 -0.00401991 -0.0542822 0.056336 0.158049 1 0 0 0 0 0 0 0
12 1 0.1 4.18949 3.00373 0.141688 0.0054482 0.00303126 -0.0129638 0.0876481 0.262077 0.0554589 1 0 0 0 0 0 0 0
13 1 0.1 4.22242 3.20012 0.150762 0.00546164 -0.0014425 0.0227107 0.264334 0.210096 0.281025 1 0 0 0 0 0 0 0
14 1 0.1 4.37958 3.31306 0.135464 -0.018974 0.0142052 -0.00130962 -0.22248 -0.135554 -0.343107 1 0 0 0 0 0 0 0
15 1 0.1 4.51446 3.45749 0.147602 -7.80139e-05 -0.0103958 -0.0173544 -0.123217 -0.0579307 -0.0463696 1 0 0 0 0 0 0 0
16 1 0.1 4.71115 3.4266 0.136522 -0.00720536 -0.00940184 0.00080957 0.0662027 -0.14383 0.0948037 1 0 0 0 0 0 0 0
17 1 0.1 4.63892 3.61164 0.136613 0.00450636 -0.0133559 -0.00130647 0.117883 -0.272089 0.0469425 1 0 0 0 0 0 0 0
18 1 0.1 4.77847 3.75238 0.137465 -0.012442 0.00279663 -0.00382571 -0.142118 0.115902 0.332176 1 0 0 0 0 0 0 0
19 1 0.1 4.91872 3.8944 0.148342 -0.00129768 -0.00682508 -0.00585741 0.0287695 -0.0193358 0.37904 1 0 0 0 0 0 0 0
20 1 0.1 5.05976 4.03618 0.150162 -0.00185549 -0.00232581 -0.00100114 0.00227384 0.0197266 -0.0264405 1 0 0 0 0 0 0 0
21 1 0.1 5.20176 4.17685 0.146593 -0.00132103 -0.0027393 -0.00348095 0.000347857 0.0114019 0.00908843 1 0 0 0 0 0 0 0
22 1 0.1 5.57278 4.55316 0.149613 0.00167754 7.92305e-05 0.00033523 0.00804734 0.001456 0.00797374 1 0 0 0 0 0 0 0
23 1 0.1 5.71499 4.6957 0.15014 -0.0095042 -0.0139183 -0.000478427 -0.0826184 0.0652651 -0.156366 1 0 0 0 0 0 0 0
24 1 0.1 5.99771 4.97833 0.150001 -0.00961177 -0.013864 -0.000282179 0.00326296 0.0011748 -0.176195 1 0 0 0 0 0 0 0
25 1 0.1 6.13805 0.881811 0.149972 -0.0215139 0.0303687 -0.000300065 -0.112326 -0.0754104 0.352464 1 0 0 0 0 0 0 0
26 1 0.1 5.90347 1.35818 0.136921 0.0128638 0.0142987 -0.000943358 -0.134784 0.139603 -0.351333 1 0 0 0 0 0 0 0
27 1 0.1 5.86066 1.56093 0.137263 0.00959963 0.011667 -0.000760751 -0.127161 0.0869535 0.0379405 1 0 0 0 0 0 0 0
28 1 0.1 5.55115 1.47663 0.13698 0.00331558 -0.00156491 -0.00139014 0.151635 0.0163558 -0.0678487 1 0 0 0 0 0 0 0
29 1 0.1 5.60081 1.8398 0.137106 0.00620782 -0.0109205 0.000968834 0.0672227 0.0378183 0.0867501 1 0 0 0 0 0 0 0
30 1 0.1 5.30388 1.89868 0.137376 -0.00140529 -0.000778207 3.46356e-05 0.0111588 -0.0152829 0.0290094 1 0 0 0 0 0 0 0
31 1 0.1 5.23967 2.09014 0.136218 -0.00283511 0.0402391 0.00522869 -0.423467 -0.00616488 -0.238344 1 0 0 0 0 0 0 0
32 1 0.1 5.0182 2.26551 0.137468 0.0338932 -0.00397425 0.00155808 -0.00403532 -0.0546729 -0.0483728 1 0 0 0 0 0 0 0
33 1 0.1 4.51601 2.51138 0.133842 0.0139492 0.0223521 -0.00666131 -0.353728 0.246142 0.306177 1 0 0 0 0 0 0 0
34 1 0.1 4.92674 2.75022 0.137471 0.00147635 -0.000500366 -0.000506936 0.00563417 0.00781214 0.0154604 1 0 0 0 0 0 0 0
35 1 0.1 4.36082 2.6655 0.137262 -0.00066864 0.00364525 0.00125838 -0.0333565 -0.041557 0.0325388 1 0 0 0 0 0 0 0
36 1 0.1 5.03035 2.879 0.264818 0.0167441 0.00539063 0.00230144 -0.163286 -0.223361 0.0888722 1 0 0 0 0 0 0 0
37 1 0.1 4.39843 2.89551 0.139861 0.00707925 0.00536954 -0.00871952 0.127635 -0.105963 0.0548756 1 0 0 0 0 0 0 0
38 1 0.1 4.39216 3.09536 0.137521 0.0107242 0.00605137 -0.000159139 0.0694767 0.223718 -0.603382 1 0 0 0 0 0 0 0
39 1 0.1 4.5579 3.22353 0.147797 -0.194342 -0.324222 0.0799192 0.0149494 -0.484928 -4.25597 1 0 0 0 0 0 0 0
40 1 0.1 4.83834 3.2743 0.14358 0.00669659 -0.00483873 0.00871446 -0.0730613 0.0192734 0.0512553 1 0 0 0 0 0 0 0
41 1 0.1 4.95809 3.66741 0.137061 -0.00837916 -0.000822492 0.00300471 -0.0141946 -0.10633 0.078053 1 0 0 0 0 0 0 0
42 1 0.1 5.15353 3.70643 0.141334 -0.00616366 -0.000324967 0.0102701 0.015915 0.0313416 -0.0536811 1 0 0 0 0 0 0 0
43 1 0.1 5.05923 3.87597 0.289381 -0.00052174 0.00243911 -0.00212651 0.102049 0.0152021 0.00693175 1 0 0 0 0 0 0 0
44 1 0.1 5.39094 3.97152 0.137488 -0.00776765 0.0130021 -0.0013342 -0.0374605 0.0053793 0.170456 1 0 0 0 0 0 0 0
45 1 0.1 5.48616 4.20866 0.137298 0.00426737 -0.00597013 -0.000984137 0.0530567 0.0386089 0.0931435 1 0 0 0 0 0 0 0
46 1 0.1 5.61766 4.3589 0.137471 0.000893443 -0.00169345 -0.000137737 0.00415819 0.0168464 -0.033544 1 0 0 0 0 0 0 0
47 1 0.1 5.77394 4.50514 0.136912 0.00257493 -0.0104999 -0.00231947 0.255721 -0.189017 -0.0161083 1 0 0 0 0 0 0 0
48 1 0.1 5.85682 4.83648 0.149441 -0.00997114 -0.0133653 -0.00527225 0.028865 -0.0411736 0.153452 1 0 0 0 0 0 0 0
49 1 0.1 6.13918 5.11969 0.149544 -0.0095923 -0.0135866 -0.000878131 -0.128613 0.101707 -0.211692 1 0 0 0 0 0 0 0
50 1 0.1 6.27946 0.740419 0.150006 -0.0218948 0.0312127 0.000154401 0.00435012 0.0018489 0.370248 1 0 0 0 0 0 0 0
51 1 0.1 6.0474 1.22115 0.137076 -0.0141401 -0.00673506 -0.00286303 -0.0593346 -0.268324 0.0290429 1 0 0 0 0 0 0 0
52 1 0.1 5.96663 1.79383 0.137498 0.00531282 0.0268748 -0.000319586 0.0297826 0.193256 0.255949 1 0 0 0 0 0 0 0
53 1 0.1 5.77385 1.74096 0.136932 0.0122915 0.00764582 -0.00295185 -0.107446 0.0126295 -0.00370532 1 0 0 0 0 0 0 0
54 1 0.1 5.75203 1.96995 0.137198 -0.00362616 0.000490636 2.5264e-05 -0.0138678 -0.0223422 -0.0603513 1 0 0 0 0 0 0 0
55 1 0.1 5.42753 2.01968 0.237062 0.00308263 0.00562448 -0.0142992 -0.088158 0.172986 0.0205205 1 0 0 0 0 0 0 0
56 1 0.1 5.41034 2.19243 0.137865 0.00914415 0.0142841 -1.95562e-05 0.0960752 -0.12959 -0.0297634 1 0 0 0 0 0 0 0
57 1 0.1 5.25417 2.32445 0.308195 -0.00316907 0.063851 0.0168264 0.145921 0.0877717 -0.471906 1 0 0 0 0 0 0 0
58 1 0.1 4.88816 2.38341 0.233225 0.0229376 0.00721642 -0.0220115 0.503117 -0.373689 0.203005 1 0 0 0 0 0 0 0
59 1 0.1 4.71919 2.36498 0.133845 0.015046 -0.00185861 0.00510374 0.143578 0.731781 0.266733 1 0 0 0 0 0 0 0
60 1 0.1 5.16355 2.73269 0.290696 0.0138775 0.00318824 0.00794391 0.147012 0.141674 -0.11762 1 0 0 0 0 0 0 0
61 1 0.1 4.75303 2.84915 0.13851 0.00742453 0.0102928 -0.00876793 0.032954 -0.0630846 -0.137228 1 0 0 0 0 0 0 0
62 1 0.1 4.90932 2.97323 0.13713 0.016608 -0.00317054 -0.0021283 0.158471 0.151807 0.0123945 1 0 0 0 0 0 0 0
63 1 0.1 4.58736 2.9608 0.137406 0.00563485 0.0188919 0.00143474 0.0348955 0.155169 0.0651022 1 0 0 0 0 0 0 0
64 1 0.1 4.75074 3.09457 0.135649 0.00479995 -0.0253925 0.000825448 0.260012 0.0430912 0.273408 1 0 0 0 0 0 0 0
65 1 0.1 4.86602 3.57841 0.30917 0.00230867 0.00518012 0.00782596 0.0721983 -0.113656 0.282076 1 0 0 0 0 0 0 0
66 1 0.1 5.29451 3.56541 0.137884 -0.00551028 -0.00183804 0.000308035 0.0879644 0.00615634 0.0337023 1 0 0 0 0 0 0 0
67 1 0.1 5.34682 3.75885 0.136704 0.00821834 0.00173401 -0.00198464 0.0292125 -0.0719695 -0.0544471 1 0 0 0 0 0 0 0
68 1 0.1 5.2046 3.89942 0.137531 -0.00143137 -0.00378408 0.00331957 -0.0830031 -0.00167754 0.0107926 1 0 0 0 0 0 0 0
69 1 0.1 5.57568 3.97439 0.368436 0.00773459 0.000667508 0.00896465 -0.0502513 0.169001 0.000342819 1 0 0 0 0 0 0 0
70 1 0.1 5.62143 4.15912 0.294388 0.00418062 -0.0139164 0.00970605 0.0102983 -0.140677 -0.0310978 1 0 0 0 0 0 0 0
71 1 0.1 5.74102 4.1909 0.138625 0.0113842 -0.00128306 0.0282332 0.24971 0.0351263 -0.0457127 1 0 0 0 0 0 0 0
72 1 0.1 5.87846 4.3348 0.137144 0.00876538 -0.00803145 -0.00277731 -0.0449645 0.185565 0.00948841 1 0 0 0 0 0 0 0
73 1 0.1 6.13935 4.82484 0.137374 -0.00536137 -0.0124459 -0.000137793 0.171751 -0.0764597 -0.199969 1 0 0 0 0 0 0 0
74 1 0.1 6.37521 5.35517 0.149955 -0.0118319 -0.00829042 0.00184755 -0.0218229 4.47794e-05 -0.150106 1 0 0 0 0 0 0 0
75 1 0.1 6.28984 0.962391 0.262079 -0.010468 0.00739056 0.00529472 0.139765 0.268454 -0.0279293 1 0 0 0 0 0 0 0
76 1 0.1 6.18884 1.08072 0.136688 -0.00729681 0.00163511 -0.00233627 -0.0167763 -0.0630949 0.0669767 1 0 0 0 0 0 0 0
77 1 0.1 6.07987 1.61893 0.137204 0.0131259 -0.000433346 -0.000422914 0.0046332 0.129037 0.00858179 1 0 0 0 0 0 0 0
78 1 0.1 5.95395 2.01721 0.13739 0.00939319 0.00747961 -0.000526369 -0.0678657 0.0902887 0.119156 1 0 0 0 0 0 0 0
79 1 0.1 5.75133 2.26137 0.300506 0.00984023 0.0275823 0.00169216 0.110233 0.0651752 -0.0426585 1 0 0 0 0 0 0 0
80 1 0.1 5.62395 2.13015 0.137259 0.00887055 0.0071536 -0.000279638 -0.0715904 0.0873868 -0.0553609 1 0 0 0 0 0 0 0
81 1 0.1 5.66494 2.33811 0.137455 0.00316676 0.0210402 0.000544596 -0.214995 0.0364199 -0.00082222 1 0 0 0 0 0 0 0
82 1 0.1 5.74418 2.74948 0.137427 0.00467561 -0.00352951 0.001533 0.00243803 0.0104593 0.175962 1 0 0 0 0 0 0 0
83 1 0.1 5.47016 2.38225 0.136582 0.0018405 0.0124579 -0.000782622 -0.148951 0.0360022 0.0739165 1 0 0 0 0 0 0 0
84 1 0.1 4.82169 2.54388 0.13691 0.00898078 0.0148141 -0.00257139 -0.144708 0.0431452 0.109087 1 0 0 0 0 0 0 0
85 1 0.1 5.18402 2.6067 0.137295 -0.00725336 0.0145945 -0.0015632 -0.0144384 0.0310665 -0.0184659 1 0 0 0 0 0 0 0
86 1 0.1 5.53792 2.87706 0.31016 -0.0629389 -0.0618511 -0.0282098 0.142404 -0.142089 -0.534229 1 0 0 0 0 0 0 0
87 1 0.1 5.13168 3.00871 0.138369 0.00429553 0.00351504 0.00342013 -0.045794 0.0496155 -0.0590258 1 0 0 0 0 0 0 0
88 1 0.1 5.13732 3.29327 0.137371 0.000123471 0.000266205 -0.00104516 0.0129584 0.00483414 0.00341641 1 0 0 0 0 0 0 0
89 1 0.1 4.90543 3.4725 0.144254 -0.0121092 0.0262104 -0.0111793 0.0966446 0.430972 -0.0392611 1 0 0 0 0 0 0 0
90 1 0.1 5.10369 3.49704 0.137491 -0.0162037 0.0748244 0.000168302 -0.404737 -0.588431 0.540063 1 0 0 0 0 0 0 0
91 1 0.1 5.49366 3.55165 0.13732 -0.00267874 0.00391827 -0.00118003 0.0151517 -0.000304621 0.0461048 1 0 0 0 0 0 0 0
92 1 0.1 5.60774 3.71568 0.13741 -0.010717 0.00999109 0.000430061 -0.0415354 -0.0448416 0.0471103 1 0 0 0 0 0 0 0
93 1 0.1 5.68993 3.8615 0.248544 -0.00416003 0.00435992 -0.00350721 0.049629 -0.203238 -0.200131 1 0 0 0 0 0 0 0
94 1 0.1 5.58384 4.02215 0.151198 -0.0553596 0.187547 0.0265077 0.0815935 -0.284135 1.63268 1 0 0 0 0 0 0 0
95 1 0.1 5.78667 3.99645 0.137351 0.01074 0.000343882 0.00265099 -0.0134775 0.0875795 0.0569445 1 0 0 0 0 0 0 0
96 1 0.1 5.93245 4.13331 0.13791 0.0116926 9.54514e-05 0.00767525 0.185557 0.0440524 0.0656165 1 0 0 0 0 0 0 0
97 1 0.1 6.01272 4.4647 0.20791 0.00033332 -0.00979861 0.0130889 -0.107626 0.137658 0.130305 1 0 0 0 0 0 0 0
98 1 0.1 6.27354 4.97169 0.154891 -0.010412 -0.0118101 0.0269931 -0.0876532 -0.235273 0.231022 1 0 0 0 0 0 0 0
99 1 0.1 6.34403 5.15804 0.14017 -0.0288742 -0.00591259 0.0156423 -0.108141 0.0404985 -0.0202138 1 0 0 0 0 0 0 0
100 1 0.1 6.358 0.657677 0.350101 -0.000702343 0.00102739 1.9517e-05 0.0151035 0.0125602 0.0131308 1 0 0 0 0 0 0 0
101 1 0.1 6.22822 1.3065 0.137495 -0.00652123 -0.0249431 -4.25208e-05 -0.0448567 0.162632 -0.326159 1 0 0 0 0 0 0 0
102 1 0.1 6.08088 1.42807 0.196575 0.0169983 0.00111221 0.00379583 -0.0538797 -0.0239547 0.00606888 1 0 0 0 0 0 0 0
103 1 0.1 5.94072 2.30362 0.348594 0.010968 0.011579 0.0157554 0.13324 -0.154875 -0.0723117 1 0 0 0 0 0 0 0
104 1 0.1 5.9515 3.02657 0.433418 -0.0791531 0.0230925 -0.143605 0.285321 -0.657563 -2.65049 1 0 0 0 0 0 0 0
105 1 0.1 5.85977 2.38245 0.143471 0.00331062 0.0141644 0.0122276 0.0457452 -0.199352 -0.0761381 1 0 0 0 0 0 0 0
106 1 0.1 5.72413 2.52927 0.137477 0.0130905 0.0247044 0.00171727 -0.00639767 0.0105804 -0.0658584 1 0 0 0 0 0 0 0
107 1 0.1 5.76432 3.09627 0.424649 -0.0562779 0.0999996 -0.0848256 -0.0131889 1.16751 1.84435 1 0 0 0 0 0 0 0
108 1 0.1 5.54614 2.77464 0.137661 0.00296425 -0.0226092 9.43846e-05 -0.139509 -0.0116287 0.0203456 1 0 0 0 0 0 0 0
109 1 0.1 5.52907 2.573 0.137463 0.00701129 0.00872555 -0.00025932 0.0125711 -0.0384026 0.239016 1 0 0 0 0 0 0 0
110 1 0.1 5.36622 2.68838 0.137688 -0.00164526 -0.00392365 0.000628548 0.0845938 -0.00931793 -0.179116 1 0 0 0 0 0 0 0
111 1 0.1 5.23464 2.83835 0.137139 0.00161933 0.00133221 0.0006571 -0.0694547 -0.0311552 0.128965 1 0 0 0 0 0 0 0
112 1 0.1 5.32736 3.04815 0.137752 0.00361803 -0.0154373 -0.013657 -0.169868 0.0673135 -0.132563 1 0 0 0 0 0 0 0
113 1 0.1 4.99521 3.15302 0.137089 0.0069413 -0.00169776 -0.00312426 0.0264908 0.195462 -0.0312307 1 0 0 0 0 0 0 0
114 1 0.1 5.3929 3.20429 0.244031 -0.040568 0.0459298 -0.0779383 0.00812382 0.541107 0.30228 1 0 0 0 0 0 0 0
115 1 0.1 5.55653 3.36231 0.137234 -0.0234338 -0.00760302 0.00250882 0.0311007 -0.248277 -0.309206 1 0 0 0 0 0 0 0
116 1 0.1 5.5669 3.16306 0.137313 -0.0647297 -0.0100927 0.00135103 0.0942465 -0.64494 -0.132496 1 0 0 0 0 0 0 0
117 1 0.1 5.73647 3.37916 0.22113 -0.0590557 -0.0215094 0.0777997 0.276551 -0.55102 0.382075 1 0 0 0 0 0 0 0
118 1 0.1 5.80611 3.73948 0.137495 -0.0105245 0.0145508 -0.000152254 -0.0236223 0.0377351 -0.111476 1 0 0 0 0 0 0 0
119 1 0.1 5.94867 3.8795 0.1434 0.00868862 -0.004891 -0.00921326 0.000984354 0.0722662 -0.10785 1 0 0 0 0 0 0 0
120 1 0.1 5.81996 3.54012 0.137429 -0.193886 0.00327309 0.000519443 -0.184181 0.0982033 -0.165897 1 0 0 0 0 0 0 0
121 1 0.1 5.90475 3.31102 0.137488 -0.145679 -0.136366 -0.00042175 0.213505 1.28772 -1.99051 1 0 0 0 0 0 0 0
122 1 0.1 6.0264 4.27115 0.256048 0.00642631 -0.0053817 0.0361237 -0.126759 -0.0350836 -0.111239 1 0 0 0 0 0 0 0
123 1 0.1 6.10302 4.62835 0.13719 -0.0180956 -0.00904017 -0.00126969 0.142394 -0.202462 0.0797656 1 0 0 0 0 0 0 0
124 1 0.1 6.25883 4.6961 0.242466 -0.0260338 0.0268947 -0.0125958 0.035604 0.211608 0.470051 1 0 0 0 0 0 0 0
125 1 0.1 5.93286 1.08337 0.349985 -0.0005389 0.000812087 -0.000305203 -0.00594234 -0.00538208 -0.0107513 1 0 0 0 0 0 0 0
126 1 0.1 5.79524 1.22728 0.332912 -0.00182861 0.000498289 -0.00394262 -0.116662 0.0604088 0.0455971 1 0 0 0 0 0 0 0
127 1 0.1 5.66927 1.38224 0.328485 0.0138551 0.0150998 0.0021201 0.0502954 0.10531 -0.266532 1 0 0 0 0 0 0 0
128 1 0.1 5.51929 1.51346 0.336029 0.00798391 0.00921489 0.0211143 0.0119936 0.0860122 0.364775 1 0 0 0 0 0 0 0
129 1 0.1 5.3698 1.64461 0.3499 -0.00187072 0.0012806 -0.00436211 -0.296062 -0.17276 -0.2268 1 0 0 0 0 0 0 0
130 1 0.1 5.11261 1.91305 0.334176 -0.00419773 0.00242247 -0.00491588 -0.0947095 -0.194266 0.219468 1 0 0 0 0 0 0 0
131 1 0.1 4.96907 2.05341 0.351368 -0.0175133 0.0105735 -0.0111763 0.0266558 0.21994 0.158448 1 0 0 0 0 0 0 0
132 1 0.1 4.86636 2.22429 0.366246 -0.037342 -0.00204995 0.0127824 0.130145 -0.0125775 0.0844972 1 0 0 0 0 0 0 0
133 1 0.1 4.70099 2.328 0.323411 -0.0211307 0.0164022 -0.00821604 -0.252186 -0.203505 0.160649 1 0 0 0 0 0 0 0
134 1 0.1 4.58276 2.44471 0.425053 -0.0168264 0.0218382 -0.0163971 0.155722 -0.575176 -0.352414 1 0 0 0 0 0 0 0
135 1 0.1 4.46765 2.56661 0.318431 0.00451163 0.0317963 -0.0163762 0.113395 -0.00967928 -0.0334339 1 0 0 0 0 0 0 0
136 1 0.1 4.34773 2.72222 0.346478 0.00822014 0.0303072 -0.00526933 0.0377105 -0.00532518 -0.000567639 1 0 0 0 0 0 0 0
137 1 0.1 4.31615 2.99152 0.29476 0.00668069 0.00378731 -0.0101363 -0.218486 -0.312237 -0.214798 1 0 0 0 0 0 0 0
138 1 0.1 4.19369 3.14291 0.334804 -0.00543137 -0.0152777 0.00896336 -0.536106 0.0741194 -0.297014 1 0 0 0 0 0 0 0
139 1 0.1 4.31283 3.28862 0.404469 -0.0236639 0.00662687 -0.00828284 -0.0140467 0.0556767 -0.112677 1 0 0 0 0 0 0 0
140 1 0.1 4.64131 3.46377 0.317618 7.85215e-05 -0.0201245 0.00750064 -0.235987 -0.0643259 0.207152 1 0 0 0 0 0 0 0
141 1 0.1 4.6846 3.65798 0.325491 -0.00784099 -0.0102445 0.00114187 0.00474601 -0.0185229 -0.127931 1 0 0 0 0 0 0 0
142 1 0.1 4.82198 3.80106 0.350587 -0.0107594 -0.0077149 -0.000874886 -0.00446089 0.00352238 0.00301109 1 0 0 0 0 0 0 0
143 1 0.1 5.08839 4.06757 0.373439 0.00188188 0.0043868 0.00533942 0.0178916 -0.107886 -0.0676386 1 0 0 0 0 0 0 0
144 1 0.1 5.43418 4.09227 0.290895 0.00660191 -0.00142874 0.00356278 -0.00588814 -0.090617 -0.0334419 1 0 0 0 0 0 0 0
145 1 0.1 5.28528 4.25439 0.310876 -0.00108753 -0.00144763 -0.00377206 -0.0135623 0.0421379 -0.0702039 1 0 0 0 0 0 0 0
146 1 0.1 5.42665 4.39517 0.302177 -5.38361e-05 -0.000612023 -0.00413655 -0.0255805 -0.0654102 0.0961321 1 0 0 0 0 0 0 0
147 1 0.1 5.55972 4.53647 0.350082 -0.000553757 -0.000841476 -0.000929913 0.00599829 0.00265866 -0.00974187 1 0 0 0 0 0 0 0
148 1 0.1 5.76645 4.74094 0.355624 -0.010325 -0.0118873 0.00192781 -0.0659576 0.023246 -0.143061 1 0 0 0 0 0 0 0
149 1 0.1 5.92719 4.9053 0.357896 -0.00325271 -0.00545846 0.00355831 0.00187848 -0.0468917 -0.0631488 1 0 0 0 0 0 0 0
150 1 0.1 6.07443 0.942059 0.349226 0.00185548 0.00336 -0.011936 0.126512 0.231185 0.0732991 1 0 0 0 0 0 0 0
151 1 0.1 5.78593 1.68103 0.326592 0.0282077 0.0182509 0.00309503 -0.0168261 0.0862493 0.117439 1 0 0 0 0 0 0 0
152 1 0.1 5.60501 1.65365 0.209206 0.0143046 -0.00982339 0.00807343 -0.174355 0.146845 -0.0429743 1 0 0 0 0 0 0 0
153 1 0.1 6.0155 2.10395 0.447796 -0.00440824 0.0198586 0.00586889 0.00563174 -0.110301 0.00868364 1 0 0 0 0 0 0 0
154 1 0.1 5.73442 1.85967 0.39986 -0.00482444 0.00992738 -0.00388857 -0.159169 0.175413 0.346288 1 0 0 0 0 0 0 0
155 1 0.1 5.30035 1.86369 0.366036 0.00330385 0.0376413 -0.0289787 -0.714453 1.09817 -0.227234 1 0 0 0 0 0 0 0
156 1 0.1 5.15555 2.27875 0.474162 0.00553353 0.00161143 0.00888617 -0.00358543 0.0777214 0.688647 1 0 0 0 0 0 0 0
157 1 0.1 4.98081 2.1811 0.549463 -0.0961121 -0.0455601 -0.0299315 0.0391727 0.31647 -2.11817 1 0 0 0 0 0 0 0
158 1 0.1 4.80653 2.48456 0.396167 -0.0141876 0.00103412 0.00447476 -0.135594 0.191527 -0.433824 1 0 0 0 0 0 0 0
159 1 0.1 4.68302 2.83632 0.568104 0.00731427 -0.000100304 0.00462455 -0.0643372 -0.0293528 0.0359116 1 0 0 0 0 0 0 0
160 1 0.1 4.70145 2.69416 0.33172 0.00540727 0.0231793 -0.00898526 0.0578337 0.0385132 -0.00295036 1 0 0 0 0 0 0 0
161 1 0.1 4.58292 2.84009 0.396794 0.00656266 0.0122955 0.00777658 0.181213 0.0532588 0.0449769 1 0 0 0 0 0 0 0
162 1 0.1 4.51174 3.02436 0.311068 0.0137266 -0.0232835 0.0260328 0.491953 -0.00717231 -0.0593211 1 0 0 0 0 0 0 0
163 1 0.1 4.67279 3.14194 0.310257 0.0165152 -0.0237687 0.00582631 -0.452034 0.22251 0.0411312 1 0 0 0 0 0 0 0
164 1 0.1 4.31117 3.2929 0.762817 -0.0207052 -0.0147376 -0.00340846 -0.106102 0.0948743 0.240124 1 0 0 0 0 0 0 0
165 1 0.1 4.76625 3.50749 0.466763 0.00377456 -0.0100454 -0.000524266 -0.112566 -0.232567 0.0694233 1 0 0 0 0 0 0 0
166 1 0.1 4.9504 3.43175 0.456563 0.00933902 -0.00719945 0.00984253 0.185399 0.0907917 -0.0271939 1 0 0 0 0 0 0 0
167 1 0.1 5.03683 3.67951 0.319181 0.00514501 -0.0016596 -0.00102112 0.0329094 0.194009 -0.143821 1 0 0 0 0 0 0 0
168 1 0.1 5.2808 4.08465 0.416371 0.00181601 -0.00213254 -0.0050566 -0.0155425 -0.0710484 0.111613 1 0 0 0 0 0 0 0
169 1 0.1 5.38625 3.91829 0.395102 0.00815454 0.00452349 0.0120994 -0.0115408 -0.160482 -0.0267248 1 0 0 0 0 0 0 0
170 1 0.1 5.43626 4.20286 0.457462 0.00495395 -0.00103245 -0.00488704 0.047136 0.0164863 0.0247585 1 0 0 0 0 0 0 0
171 1 0.1 5.58715 4.33314 0.403423 0.000784409 0.00514342 -0.000965673 -0.0096886 -0.0379039 -0.0446418 1 0 0 0 0 0 0 0
172 1 0.1 5.74479 4.3799 0.290017 0.00641672 -0.00808797 -0.00126363 -0.0471018 0.0141996 -0.0934557 1 0 0 0 0 0 0 0
173 1 0.1 5.87824 4.59304 0.281482 -0.0129918 -0.0193597 0.0103567 -0.0800934 0.0149185 0.114672 1 0 0 0 0 0 0 0
174 1 0.1 6.12356 5.09938 0.347818 -0.000336934 0.000117464 0.000984327 -0.00760603 0.0098227 -0.00567934 1 0 0 0 0 0 0 0
175 1 0.1 6.21684 0.799239 0.351396 -0.00026468 0.00121299 0.00154854 0.0282635 -0.00199582 0.0104828 1 0 0 0 0 0 0 0
176 1 0.1 5.85408 1.45154 0.303919 0.0171617 0.00638104 -0.00628357 0.211678 -0.153004 0.232493 1 0 0 0 0 0 0 0
177 1 0.1 5.89556 1.90212 0.289856 -0.00686937 0.0181781 -0.000505271 -0.00832381 -0.251787 -0.168918 1 0 0 0 0 0 0 0
178 1 0.1 5.85082 2.09162 0.335079 0.0045525 0.0220441 -0.00798673 0.0061477 -0.0570311 -0.0250024 1 0 0 0 0 0 0 0
179 1 0.1 5.66342 2.0225 0.308328 -0.0114795 0.00415938 -0.00469859 0.158898 -0.164904 -0.272361 1 0 0 0 0 0 0 0
180 1 0.1 5.44593 2.07868 0.426932 0.00536944 0.0144183 -0.0171343 0.000951434 -0.115769 0.0703065 1 0 0 0 0 0 0 0
181 1 0.1 5.24578 2.12603 0.330375 0.0438168 0.0623141 0.0118654 0.206314 0.626681 0.917492 1 0 0 0 0 0 0 0
182 1 0.1 5.00306 2.37345 0.391997 -0.022863 -0.0608802 0.000745454 0.463309 -0.14945 -0.0935967 1 0 0 0 0 0 0 0
183 1 0.1 4.89066 2.6388 0.299528 0.00783255 0.0180076 0.0112823 -0.233109 -0.185798 0.0249003 1 0 0 0 0 0 0 0
184 1 0.1 5.05403 2.64792 0.433928 0.0222453 -0.0180259 -0.000124604 0.132706 -0.0167509 0.121082 1 0 0 0 0 0 0 0
185 1 0.1 5.05847 2.90775 0.621992 -0.532689 0.0183359 -0.283573 2.12921 1.83833 -3.51326 1 0 0 0 0 0 0 0
186 1 0.1 4.84306 2.83225 0.31616 0.0116293 0.0142762 -0.00948753 0.0587879 0.0788551 -0.139213 1 0 0 0 0 0 0 0
187 1 0.1 4.51225 2.74977 0.234338 -0.000581531 0.0168244 -0.0005545 -0.028969 0.0714375 0.0595502 1 0 0 0 0 0 0 0
188 1 0.1 4.86204 3.0795 0.299455 0.0156378 -0.00856604 0.000510655 -0.0167026 0.0496422 0.0552623 1 0 0 0 0 0 0 0
189 1 0.1 5.21863 3.26198 0.323065 -0.00963813 0.0049677 0.0127005 0.0430597 0.0851455 0.0146474 1 0 0 0 0 0 0 0
190 1 0.1 5.02014 3.37163 0.279073 0.00671866 0.00165438 0.00440034 -0.0584449 0.0685678 0.0944771 1 0 0 0 0 0 0 0
191 1 0.1 5.22286 3.61197 0.330398 0.00695876 -0.00846381 0.00742048 -0.157314 0.0887421 -0.0702188 1 0 0 0 0 0 0 0
192 1 0.1 5.23296 3.79248 0.412635 0.0127183 -0.00707734 -0.0121801 -0.067137 -0.366686 0.0662254 1 0 0 0 0 0 0 0
193 1 0.1 5.49221 3.83316 0.250137 -0.00628277 0.0108587 0.00767743 -0.0388377 0.0366183 0.204642 1 0 0 0 0 0 0 0
194 1 0.1 5.69789 3.86145 0.478697 0.0106327 -0.00497436 0.00293624 -0.053896 0.0469667 -0.171591 1 0 0 0 0 0 0 0
195 1 0.1 5.71685 4.19472 0.466484 0.000531194 0.00627315 0.0076064 0.00458515 -0.0505854 0.0860459 1 0 0 0 0 0 0 0
196 1 0.1 5.8444 4.20762 0.308844 0.00622776 -0.00478525 0.0292334 -0.0336559 -0.0866494 0.170538 1 0 0 0 0 0 0 0
197 1 0.1 5.76526 4.02594 0.333873 0.0110886 -0.00680858 0.00639906 0.167449 -0.118482 -0.0997905 1 0 0 0 0 0 0 0
198 1 0.1 6.00397 4.74742 0.263 -0.0205016 -0.013616 0.00159749 -0.0391913 0.173948 -0.0739771 1 0 0 0 0 0 0 0
199 1 0.1 6.26523 5.24051 0.346441 0.000676917 -0.000877753 -0.00434888 -0.100863 0.15346 -0.04354 1 0 0 0 0 0 0 0
200 1 0.1 6.12327 1.13824 0.315068 0.0150922 -0.0219439 0.00826524 -0.00502248 0.187575 0.232628 1 0 0 0 0 0 0 0
201 1 0.1 5.98128 1.29746 0.312084 -0.00115806 -0.010299 -0.0355472 -0.0299976 0.223706 -0.143608 1 0 0 0 0 0 0 0
202 1 0.1 5.98973 1.81311 0.445773 -0.0105316 0.0275267 0.00167364 0.457736 -0.474857 0.105287 1 0 0 0 0 0 0 0
203 1 0.1 5.85326 2.55999 0.560142 -0.00177678 0.0141443 -0.00310593 0.0245572 0.255627 0.11245 1 0 0 0 0 0 0 0
204 1 0.1 5.84765 2.5263 0.296729 0.0170119 0.0171614 0.0115444 -0.0334504 0.0286101 0.00765136 1 0 0 0 0 0 0 0
205 1 0.1 5.56343 2.19518 0.315867 0.0115381 0.0168663 -0.00416354 -0.0197869 -0.0855748 0.00212359 1 0 0 0 0 0 0 0
206 1 0.1 5.44906 2.35752 0.332108 0.011825 0.0149289 0.000589015 0.0645807 0.102583 -0.00791059 1 0 0 0 0 0 0 0
207 1 0.1 5.48384 2.51861 0.444237 0.0267257 0.00124396 0.00847939 -0.0842558 -0.198247 -0.127423 1 0 0 0 0 0 0 0
208 1 0.1 5.25956 2.42202 0.136469 0.00908591 0.0260146 0.000209678 -0.539084 0.0453903 -0.00942537 1 0 0 0 0 0 0 0
209 1 0.1 5.51675 2.66695 0.313819 -0.0798101 0.00837996 0.00106023 0.350208 0.394609 -2.2828 1 0 0 0 0 0 0 0
210 1 0.1 5.66183 2.92761 0.458638 -0.202272 0.174107 -0.0223322 -0.385767 -0.825101 2.46223 1 0 0 0 0 0 0 0
211 1 0.1 5.355 2.78446 0.315055 -0.013743 0.0998817 0.0312446 0.0541661 -0.315115 1.15102 1 0 0 0 0 0 0 0
212 1 0.1 4.72851 2.97605 0.406223 0.0340367 -0.00190415 0.0397574 0.0951586 -0.0281398 -0.153127 1 0 0 0 0 0 0 0
213 1 0.1 4.94764 2.95668 0.430131 0.0166469 -0.00440163 -0.00222827 0.0641912 -0.0861318 0.0188372 1 0 0 0 0 0 0 0
214 1 0.1 5.32261 3.36755 0.140065 -0.00177363 -0.000487236 -0.00812829 -0.0084462 0.0561845 -0.000711276 1 0 0 0 0 0 0 0
215 1 0.1 5.44282 3.40632 0.294829 -0.014822 0.000138306 2.81148e-05 0.0996325 0.20623 -0.0164136 1 0 0 0 0 0 0 0
216 1 0.1 5.64469 3.55363 0.268167 0.012888 0.0499888 -0.0260962 -0.647568 0.270341 -0.000700237 1 0 0 0 0 0 0 0
217 1 0.1 5.41422 3.65399 0.292515 0.00776052 0.00420318 -0.00124634 0.0214219 -0.0241436 0.230341 1 0 0 0 0 0 0 0
218 1 0.1 5.87363 3.85809 0.32754 0.00267007 -0.00716818 -0.0103955 -0.0531294 0.238582 0.0179104 1 0 0 0 0 0 0 0
219 1 0.1 5.94282 3.64854 0.251879 -0.0604952 -0.127472 -0.0208807 0.3895 0.412033 -1.74878 1 0 0 0 0 0 0 0
220 1 0.1 5.91273 3.39249 0.52651 0.00450738 -0.0529441 -0.0659657 0.154618 0.532797 -0.660909 1 0 0 0 0 0 0 0
221 1 0.1 5.98157 3.78054 0.476943 -0.011289 -0.0256032 -0.0102612 0.0285967 0.334732 -0.159795 1 0 0 0 0 0 0 0
222 1 0.1 6.01065 3.48113 0.147628 -0.214983 -0.0501885 0.026752 0.42341 -0.441982 -0.390572 1 0 0 0 0 0 0 0
223 1 0.1 6.12366 4.89619 0.323189 -0.00539266 -0.014078 -0.000935131 -0.150831 0.0236141 0.0303758 1 0 0 0 0 0 0 0
224 1 0.1 6.27565 4.98978 0.417015 -0.0042526 -0.00548303 0.00182431 -0.00169582 0.00467635 -0.0537131 1 0 0 0 0 0 0 0
225 1 0.1 6.06967 1.47165 0.39128 0.0096976 0.00804584 0.00104896 -0.0324444 -0.00263304 0.207477 1 0 0 0 0 0 0 0
226 1 0.1 5.82021 2.16813 0.137498 0.00355103 0.0326558 -9.40541e-05 -0.0412039 -0.110507 0.314903 1 0 0 0 0 0 0 0
227 1 0.1 5.9842 1.67288 0.303652 0.0292618 0.0301193 -0.00205342 -0.423678 0.0868689 0.0797895 1 0 0 0 0 0 0 0
228 1 0.1 5.90575 2.63193 0.137413 0.0104642 0.00701279 -6.85425e-05 -0.0870521 0.0916309 -0.0549914 1 0 0 0 0 0 0 0
229 1 0.1 5.51175 2.97124 0.13688 -0.00612053 -0.0272426 -0.00573355 0.297869 -0.090396 -0.0151877 1 0 0 0 0 0 0 0
230 1 0.1 5.9421 3.20729 0.34847 -0.0341982 0.0718717 -0.0600564 -0.169179 1.39547 2.19548 1 0 0 0 0 0 0 0
231 1 0.1 5.79067 2.3992 0.439915 0.0126838 0.0163668 0.0112796 0.0425756 -0.0617294 -0.0287351 1 0 0 0 0 0 0 0
232 1 0.1 5.60848 2.47022 0.289521 0.011202 0.0110197 -0.00236479 0.325276 0.0550461 -0.142525 1 0 0 0 0 0 0 0
233 1 0.1 5.86933 2.69603 0.414486 -0.0168892 0.0375486 0.016191 0.282158 -0.0807727 -0.0901163 1 0 0 0 0 0 0 0
234 1 0.1 5.69975 2.76217 0.331874 -0.0343061 -0.0268436 -0.00510669 0.0742005 -0.282413 1.03838 1 0 0 0 0 0 0 0
235 1 0.1 5.80675 2.9306 0.320034 -0.0810626 0.000373942 -0.00639032 -0.408897 -0.0821913 -0.339975 1 0 0 0 0 0 0 0
236 1 0.1 5.62237 3.10557 0.564943 -0.00215868 -0.0195024 -0.0154184 0.189206 -0.234353 -0.317391 1 0 0 0 0 0 0 0
237 1 0.1 5.39994 2.94309 0.436945 -0.0178289 -0.0226432 -0.00148246 -0.0700037 0.102018 -0.481027 1 0 0 0 0 0 0 0
238 1 0.1 5.20674 3.06354 0.314269 -0.0161624 0.00585192 0.0108967 -0.0278025 -0.299533 -0.112478 1 0 0 0 0 0 0 0
239 1 0.1 5.49571 3.11116 0.387969 -0.150201 0.0663523 0.0186633 -0.255673 -0.478089 1.68458 1 0 0 0 0 0 0 0
240 1 0.1 5.64636 3.04033 0.273404 -0.098193 -0.0338413 -0.0032111 0.167597 0.28771 0.616738 1 0 0 0 0 0 0 0
241 1 0.1 5.54331 3.28801 0.582271 0.0162664 -0.00714767 -0.00716285 -0.0177918 -0.0042799 0.0624768 1 0 0 0 0 0 0 0
242 1 0.1 5.60001 3.26137 0.307918 -0.12922 0.0457235 -0.0076807 -1.00126 -0.90723 -1.18607 1 0 0 0 0 0 0 0
243 1 0.1 5.6012 3.42818 0.417515 -0.0219236 0.0598262 -0.0284388 0.744572 -0.0679971 -0.740815 1 0 0 0 0 0 0 0
244 1 0.1 5.78371 3.68409 0.367585 0.000812285 0.00209774 0.0174116 -0.102506 0.0426271 -0.112138 1 0 0 0 0 0 0 0
245 1 0.1 5.77895 3.18473 0.235376 -0.0911566 -0.0341653 0.0303173 0.393611 -0.196011 -0.711537 1 0 0 0 0 0 0 0
246 1 0.1 5.83016 3.48992 0.358384 -0.0805012 -0.0200901 0.0803687 -0.574993 0.0412667 -0.712647 1 0 0 0 0 0 0 0
247 1 0.1 5.91555 4.39168 0.392795 0.00703012 -0.0218682 0.00332751 -0.0616801 -0.0716537 -0.137473 1 0 0 0 0 0 0 0
248 1 0.1 6.07811 4.50799 0.391853 0.0041334 -0.0148219 0.0123301 0.0528118 -0.0443457 0.210866 1 0 0 0 0 0 0 0
249 1 0.1 6.13855 4.6983 0.402118 -0.0139793 -0.00766034 -0.00220638 -0.0377021 -0.0394956 0.147127 1 0 0 0 0 0 0 0
250 1 0.1 6.00801 1.01467 0.523261 0.0123679 -0.0160011 0.00112462 -0.361429 -0.133016 -0.184011 1 0 0 0 0 0 0 0
251 1 0.1 5.78079 1.24044 0.549999 -0.0687488 0.0908936 -1.06171e-06 0.0142325 0.0108802 1.18152 1 0 0 0 0 0 0 0
252 1 0.1 5.63937 1.38185 0.55005 -0.068822 0.0911597 -0.0005899 0.0141728 -0.0014853 0.462617 1 0 0 0 0 0 0 0
253 1 0.1 5.47724 1.55174 0.531687 -0.0420088 0.0322369 0.0299264 0.188933 -0.248202 0.51885 1 0 0 0 0 0 0 0
254 1 0.1 5.30848 1.7097 0.549967 -0.00844882 0.00519021 0.00262799 -0.66234 -1.0555 -0.207165 1 0 0 0 0 0 0 0
255 1 0.1 5.17121 1.85343 0.52825 0.00560131 0.00737598 -0.0643949 -0.137317 0.95629 0.10629 1 0 0 0 0 0 0 0
256 1 0.1 5.0354 1.99088 0.578885 0.0123505 -0.00918663 -0.0143344 -0.448641 0.225816 0.155587 1 0 0 0 0 0 0 0
257 1 0.1 4.78802 2.23399 0.549992 -0.062244 0.0785307 -0.00198399 -0.0767583 -0.0168488 0.831685 1 0 0 0 0 0 0 0
258 1 0.1 4.65272 2.37657 0.586936 -0.0587077 0.0754857 -0.00268581 -0.336947 0.59459 0.353954 1 0 0 0 0 0 0 0
259 1 0.1 4.75814 2.65394 0.538894 0.0135788 0.00459688 -0.0143003 0.314154 -0.0144406 0.0318458 1 0 0 0 0 0 0 0
260 1 0.1 4.57041 2.63753 0.474315 0.00686535 0.0189207 -0.011586 0.341864 0.0914255 0.0364971 1 0 0 0 0 0 0 0
261 1 0.1 4.39843 2.89344 0.447097 -0.00176674 0.00792989 -0.00333396 -0.0536669 -0.26472 -0.0411447 1 0 0 0 0 0 0 0
262 1 0.1 4.24596 2.77633 0.582686 0.0090924 -0.00302657 0.00769866 0.13751 0.012284 -0.0719008 1 0 0 0 0 0 0 0
263 1 0.1 4.19894 3.0313 0.496076 0.00360562 0.00816369 0.0194065 0.200197 -0.496487 -0.164052 1 0 0 0 0 0 0 0
264 1 0.1 4.23619 3.21164 0.573718 0.00823813 0.00939932 0.0152214 -0.145621 -0.085637 0.135235 1 0 0 0 0 0 0 0
265 1 0.1 4.41389 3.38411 0.620039 -0.00317524 -0.0108171 0.00683161 -0.00519369 -0.345978 -0.160041 1 0 0 0 0 0 0 0
266 1 0.1 4.51418 3.49171 0.46596 -0.00535454 -0.00807684 0.00321975 -0.0965539 -0.0234111 -0.113729 1 0 0 0 0 0 0 0
267 1 0.1 4.70785 3.68246 0.543825 -0.00414297 -0.00730152 -0.00600913 0.0741904 -0.00109446 -0.0860229 1 0 0 0 0 0 0 0
268 1 0.1 4.95667 3.93827 0.449308 0.00271453 0.000684417 4.30058e-05 0.0461674 0.0592077 0.0972089 1 0 0 0 0 0 0 0
269 1 0.1 5.08214 4.05702 0.572786 -0.0034782 -0.00458424 0.00230987 -0.0181129 -0.0113258 -0.0431941 1 0 0 0 0 0 0 0
270 1 0.1 5.22657 4.20604 0.564271 -0.00208321 0.00161516 -0.0119482 0.112594 0.0980548 -0.0208971 1 0 0 0 0 0 0 0
271 1 0.1 5.37027 4.34618 0.580746 -0.000312566 -0.0013952 -0.00182015 0.00938768 0.011518 -0.0419623 1 0 0 0 0 0 0 0
272 1 0.1 5.50697 4.48769 0.545313 -0.00121683 -0.00029032 0.000576653 0.00832206 -0.0144754 -0.00878715 1 0 0 0 0 0 0 0
273 1 0.1 5.64954 4.62316 0.581589 -0.00149612 -0.00194161 0.00559114 -0.103952 -0.0174394 -0.0367963 1 0 0 0 0 0 0 0
274 1 0.1 5.78982 4.77198 0.551591 -0.00624797 -0.0103158 0.000194316 0.0208167 -0.0162744 -0.129135 1 0 0 0 0 0 0 0
275 1 0.1 6.14937 0.873706 0.530648 0.0214284 -0.00691418 0.0261671 0.12119 0.0330573 0.244489 1 0 0 0 0 0 0 0
276 1 0.1 5.85337 1.47234 0.606888 0.02124 -3.67092e-06 -0.00349673 -0.0552073 -0.257908 0.0697594 1 0 0 0 0 0 0 0
277 1 0.1 5.74289 1.52144 0.451106 0.0364001 0.00899725 -0.00637046 -0.329749 0.114513 -0.197072 1 0 0 0 0 0 0 0
278 1 0.1 5.60259 1.70996 0.399603 0.023414 -0.0114852 0.00336886 0.149397 -0.0618611 -0.00636834 1 0 0 0 0 0 0 0
279 1 0.1 5.51064 1.74483 0.571797 0.0350656 0.0265145 -0.00518449 -1.04429 0.420877 0.884602 1 0 0 0 0 0 0 0
280 1 0.1 5.34863 1.94484 0.538485 -0.00289986 0.0154291 -0.0234893 0.799715 -1.34532 -0.0927371 1 0 0 0 0 0 0 0
281 1 0.1 5.19219 2.08939 0.515813 0.00949936 -0.000663904 0.00745263 0.292598 -1.16902 -0.487983 1 0 0 0 0 0 0 0
282 1 0.1 5.13558 2.11946 0.705199 -0.00657999 0.00965562 -0.00230425 -0.12489 0.567546 -0.0209744 1 0 0 0 0 0 0 0
283 1 0.1 5.02916 2.38043 0.589327 -0.025887 -0.0297602 0.00353645 -0.567669 0.238892 0.346712 1 0 0 0 0 0 0 0
284 1 0.1 4.92046 2.75765 0.592302 -0.0912506 0.24619 -0.157375 1.30248 2.83322 3.46115 1 0 0 0 0 0 0 0
285 1 0.1 4.44499 2.57417 0.753169 0.00417589 -0.00578771 0.00332564 0.139964 0.0530562 -0.0629587 1 0 0 0 0 0 0 0
286 1 0.1 4.5181 2.72885 0.649258 0.0104102 -0.00443389 -0.0059833 0.127015 -0.0256472 0.0601569 1 0 0 0 0 0 0 0
287 1 0.1 4.57606 3.11231 0.754362 0.00937177 0.000604004 -3.3875e-05 -0.114446 0.0843409 -0.0652034 1 0 0 0 0 0 0 0
288 1 0.1 4.38127 3.10536 0.445633 -0.0652153 0.0250895 -0.00833386 -0.20864 0.491181 -0.116798 1 0 0 0 0 0 0 0
289 1 0.1 4.64753 3.29857 0.426598 0.00990065 -0.0200915 -0.00757155 0.281051 -0.2142 0.0533311 1 0 0 0 0 0 0 0
290 1 0.1 4.8231 3.38336 0.309987 0.00612535 0.00619746 -0.00227689 -0.0913009 -0.125347 -0.111084 1 0 0 0 0 0 0 0
291 1 0.1 4.86568 3.59339 0.651688 0.00234238 0.00530619 -0.00696794 0.0526218 -0.070323 0.101107 1 0 0 0 0 0 0 0
292 1 0.1 5.05712 3.58976 0.59678 0.00984581 0.00430337 0.0081566 -0.0546469 -0.100319 -0.109979 1 0 0 0 0 0 0 0
293 1 0.1 5.03447 3.76256 0.500787 0.0196267 0.00337718 -0.00203853 -0.0225737 0.00963912 0.0445924 1 0 0 0 0 0 0 0
294 1 0.1 5.23016 3.92371 0.562936 -0.0248832 -0.031318 0.00594524 0.36313 -0.346195 -0.309833 1 0 0 0 0 0 0 0
295 1 0.1 5.3569 4.06622 0.622983 -0.0562693 -0.0243308 0.0513491 0.0151775 -0.455211 0.306782 1 0 0 0 0 0 0 0
296 1 0.1 5.5585 4.28151 0.594384 0.000717306 -0.00110767 -0.00197174 0.0642462 -0.0305156 0.0238454 1 0 0 0 0 0 0 0
297 1 0.1 5.69377 4.42828 0.58454 -0.00577242 -0.000869425 0.0208808 0.00627183 -0.215571 -0.00226881 1 0 0 0 0 0 0 0
298 1 0.1 5.76386 4.54491 0.437905 -0.00776653 -0.0162744 0.01112 0.00552997 0.0186643 -0.0686082 1 0 0 0 0 0 0 0
299 1 0.1 6.09552 5.06828 0.58102 0.00250185 0.00292359 -0.00395646 0.0494963 0.108839 0.0352367 1 0 0 0 0 0 0 0
300 1 0.1 6.28659 0.729997 0.551197 0.0141192 -0.0174151 0.00976219 0.158421 -0.0409781 -0.32548 1 0 0 0 0 0 0 0
301 1 0.1 5.97145 1.34499 0.510744 0.0272583 0.00062166 0.00757651 0.0386678 0.145637 -0.0613416 1 0 0 0 0 0 0 0
302 1 0.1 5.90302 1.63663 0.482195 0.0384002 0.00381893 -0.00379903 0.506166 -0.107804 0.321448 1 0 0 0 0 0 0 0
303 1 0.1 5.84092 1.76598 0.621863 0.0405517 0.0882996 -0.0649563 0.842535 0.00193399 0.468113 1 0 0 0 0 0 0 0
304 1 0.1 5.6664 1.87224 0.586994 0.0162769 0.0354898 0.000790754 -0.151791 0.0534254 -0.249401 1 0 0 0 0 0 0 0
305 1 0.1 5.53002 2.01835 0.597902 -0.0140313 0.000735255 -0.012192 -0.234308 0.187271 -0.874074 1 0 0 0 0 0 0 0
306 1 0.1 5.36997 2.37048 0.514453 0.00701261 0.0168463 3.36964e-05 -0.231631 -0.14073 -0.0499216 1 0 0 0 0 0 0 0
307 1 0.1 5.22245 2.34896 0.646167 0.0229971 -0.025214 0.0012736 0.743797 0.270435 0.363548 1 0 0 0 0 0 0 0
308 1 0.1 5.03638 2.51699 0.237376 0.00759833 0.0165295 0.0186538 0.030166 0.258832 -0.0046298 1 0 0 0 0 0 0 0
309 1 0.1 4.92491 2.54492 0.544784 0.00682903 -0.0108897 -0.00775054 -0.192326 -0.158164 -0.194148 1 0 0 0 0 0 0 0
310 1 0.1 5.19777 2.73896 0.538138 0.00622122 0.00115426 0.00476965 0.043847 0.0246503 0.251911 1 0 0 0 0 0 0 0
311 1 0.1 4.64395 2.83444 0.763106 0.00441959 -0.00276904 0.00150343 0.028788 0.00474318 -0.00594955 1 0 0 0 0 0 0 0
312 1 0.1 4.57527 3.08675 0.489777 -0.103286 -0.102033 0.107883 -0.0967885 -1.75218 -1.32304 1 0 0 0 0 0 0 0
313 1 0.1 4.87609 3.23187 0.427878 -0.013715 -0.00154484 -0.00220534 0.172619 -0.0782203 -0.00294093 1 0 0 0 0 0 0 0
314 1 0.1 5.03957 3.17137 0.330746 -0.0122438 0.0144317 -0.00667559 0.162687 0.0355647 -0.00622517 1 0 0 0 0 0 0 0
315 1 0.1 5.04875 3.30058 0.570134 0.0120698 -0.0121655 0.00737666 -0.0129245 -0.232477 0.143893 1 0 0 0 0 0 0 0
316 1 0.1 5.27717 3.43485 0.402185 0.00023935 -0.0032422 0.0173106 0.0377522 0.0207232 -0.0505985 1 0 0 0 0 0 0 0
317 1 0.1 5.24258 3.64774 0.550496 0.0122648 -0.0050298 0.0179002 0.0565124 0.0254084 0.026133 1 0 0 0 0 0 0 0
318 1 0.1 5.40954 3.73831 0.488357 0.00171339 0.00322534 0.014249 0.0167974 0.0579759 0.0588127 1 0 0 0 0 0 0 0
319 1 0.1 5.49063 3.90456 0.564095 -0.00113102 0.0025402 0.0104336 0.00551249 0.0311328 0.00233258 1 0 0 0 0 0 0 0
320 1 0.1 5.57055 4.08702 0.549637 5.55883e-05 0.000595699 0.00335324 -0.0742408 -0.0631983 0.00481203 1 0 0 0 0 0 0 0
321 1 0.1 5.84341 4.07983 0.582391 -0.0419474 -0.0157667 -0.0259176 -0.196122 0.836295 0.0155043 1 0 0 0 0 0 0 0
322 1 0.1 5.85111 4.30689 0.563127 -0.0100262 -0.00138484 0.0338138 0.239218 -0.124473 -0.0449763 1 0 0 0 0 0 0 0
323 1 0.1 5.93761 4.66721 0.456509 -0.016728 -0.0078261 0.00682168 0.00201438 0.0119875 0.041848 1 0 0 0 0 0 0 0
324 1 0.1 6.23124 5.20938 0.540993 0.00377251 0.00197637 -0.00330607 0.0403134 -0.105719 -0.00230275 1 0 0 0 0 0 0 0
325 1 0.1 6.23384 1.03111 0.4413 0.0154133 -0.00707809 0.0174088 -0.194244 -0.122031 -0.134031 1 0 0 0 0 0 0 0
326 1 0.1 6.09908 1.19287 0.505012 0.0157456 -0.00561218 -7.52022e-05 -0.0699675 0.0160693 -0.0616604 1 0 0 0 0 0 0 0
327 1 0.1 5.874 1.96928 0.491478 -0.0162963 0.022101 -0.00394942 0.0368785 -0.279354 -0.241378 1 0 0 0 0 0 0 0
328 1 0.1 5.74032 2.28313 0.595861 -0.006695 0.00598513 0.00925106 -0.00139285 0.0209233 -0.0181853 1 0 0 0 0 0 0 0
329 1 0.1 5.88137 2.14206 0.591114 -0.00852962 0.0128887 0.00180356 0.0417548 0.0497295 0.0389478 1 0 0 0 0 0 0 0
330 1 0.1 5.50763 2.27096 0.621712 0.00515911 0.0146172 -0.00421617 -0.159043 -0.120961 0.152126 1 0 0 0 0 0 0 0
331 1 0.1 5.64442 2.14257 0.490902 -0.00172626 0.00271367 9.21143e-05 0.44203 -0.190107 0.69289 1 0 0 0 0 0 0 0
332 1 0.1 5.76902 2.64889 0.718204 0.0101222 0.00795119 0.00573796 -0.0301463 -0.0132598 0.0387065 1 0 0 0 0 0 0 0
333 1 0.1 5.70065 2.58535 0.424483 0.028291 -0.0155486 0.00365133 -0.197989 -0.0516765 -0.185747 1 0 0 0 0 0 0 0
334 1 0.1 5.54159 2.62736 0.600995 0.0181737 0.00199007 0.00702151 -0.0797034 -0.122262 -0.198979 1 0 0 0 0 0 0 0
335 1 0.1 5.15502 2.479 0.469237 -0.048712 -0.073694 -0.0569449 0.282773 0.417333 -0.90578 1 0 0 0 0 0 0 0
336 1 0.1 5.5176 2.79427 0.495921 -0.0106557 -0.019917 -0.00956211 -0.200497 0.415434 0.3907 1 0 0 0 0 0 0 0
337 1 0.1 4.84522 2.94717 0.601092 0.000824702 0.00569436 -0.00846741 -0.14682 -0.00492815 -0.00572097 1 0 0 0 0 0 0 0
338 1 0.1 5.21087 2.88816 0.40777 -0.0268223 0.00781273 0.0107748 0.0199589 0.00906367 0.161788 1 0 0 0 0 0 0 0
339 1 0.1 5.22426 3.2213 0.518616 0.0126416 -0.00427559 0.00878897 0.287676 0.108933 -0.182247 1 0 0 0 0 0 0 0
340 1 0.1 5.39923 3.28163 0.444425 0.00886388 -0.00917964 -0.000622804 0.034489 0.112393 -0.00583777 1 0 0 0 0 0 0 0
341 1 0.1 5.38619 3.41031 0.597092 0.0112194 -0.00822583 0.00124933 0.0199923 0.083344 -0.0314111 1 0 0 0 0 0 0 0
342 1 0.1 5.4393 3.53928 0.453967 -0.0283012 0.0438047 0.0313246 0.288756 0.0222648 0.726762 1 0 0 0 0 0 0 0
343 1 0.1 5.58602 3.71078 0.376928 0.00220323 0.017647 0.00953135 0.0626473 -0.0751935 -0.0458139 1 0 0 0 0 0 0 0
344 1 0.1 5.78609 3.69665 0.567058 -0.0088547 -0.00437836 0.0219164 0.0932175 -0.13326 -0.0799648 1 0 0 0 0 0 0 0
345 1 0.1 5.7974 3.38821 0.76264 -0.0269502 -0.0248069 0.00246842 -0.00995337 0.00322411 -0.00588937 1 0 0 0 0 0 0 0
346 1 0.1 5.85748 3.88093 0.597289 0.0124135 -0.0103004 0.00350967 -0.102193 -0.0750607 -0.0117489 1 0 0 0 0 0 0 0
347 1 0.1 6.04315 3.95336 0.581995 0.0126095 -0.0100715 0.0146438 -0.0924603 -0.122796 0.0321387 1 0 0 0 0 0 0 0
348 1 0.1 5.93225 4.91222 0.557686 -0.00597548 -0.010834 0.00365769 -0.0178737 -0.0299825 -0.126712 1 0 0 0 0 0 0 0
349 1 0.1 6.14351 4.88229 0.521559 -0.00463064 -0.00872182 -0.00160729 0.10248 -0.0134058 0.00726781 1 0 0 0 0 0 0 0
350 1 0.1 6.28317 1.2144 0.580102 0.0191953 -0.0135594 -0.00856968 0.279862 0.215009 -0.0450272 1 0 0 0 0 0 0 0
351 1 0.1 6.1592 1.37113 0.574179 0.0223674 -0.00878493 0.0251674 0.177275 -0.251356 0.0043052 1 0 0 0 0 0 0 0
352 1 0.1 6.044 1.53447 0.579302 0.0303293 -0.00133954 0.0060767 -0.0974423 -0.192353 -0.122489 1 0 0 0 0 0 0 0
353 1 0.1 5.984 2.04602 0.76251 -0.00037004 -0.000262346 -0.000730375 -0.0289072 -0.0411608 -0.0581257 1 0 0 0 0 0 0 0
354 1 0.1 5.91128 2.85507 0.167191 -0.0242101 0.0357059 0.0275905 0.253552 -0.120387 0.909094 1 0 0 0 0 0 0 0
355 1 0.1 5.78975 3.01094 0.137386 -0.0976121 -0.0227768 0.000933232 -0.048674 -0.598069 0.165615 1 0 0 0 0 0 0 0
356 1 0.1 5.59645 2.7393 0.762559 0.00650799 0.00359115 0.000254121 -0.015894 -0.0248356 0.0230039 1 0 0 0 0 0 0 0
357 1 0.1 5.84928 2.87236 0.508988 -0.11001 0.0535181 -0.109113 -0.386749 1.14602 2.03978 1 0 0 0 0 0 0 0
358 1 0.1 5.23176 2.75168 0.74342 -0.0058446 -0.00927899 -0.0916433 -0.390142 0.771674 2.55237 1 0 0 0 0 0 0 0
359 1 0.1 5.70152 2.74708 0.557766 -0.00845792 -0.0367231 -0.0135154 -0.101991 -0.278026 -0.685817 1 0 0 0 0 0 0 0
360 1 0.1 5.89498 3.0261 0.630832 -0.233177 -0.0983627 -0.239374 0.0310847 3.39778 -0.709033 1 0 0 0 0 0 0 0
361 1 0.1 5.70656 2.93597 0.653299 -0.654014 0.0200077 0.0718338 -0.0717851 -0.5348 -0.315949 1 0 0 0 0 0 0 0
362 1 0.1 5.49991 2.95539 0.612735 -0.0210868 -0.00914788 -0.0227598 -0.101935 0.208314 0.0888507 1 0 0 0 0 0 0 0
363 1 0.1 5.27256 3.02153 0.567564 0.0115324 0.0149352 0.00393495 0.0341631 0.0470464 -0.0942058 1 0 0 0 0 0 0 0
364 1 0.1 5.56318 3.07766 0.762616 0.0115727 -0.0122884 -0.000178775 -0.108083 -0.102888 -0.439775 1 0 0 0 0 0 0 0
365 1 0.1 5.4155 3.13817 0.642677 0.0196523 0.00897264 -0.00355051 0.0229091 0.0863298 0.0830146 1 0 0 0 0 0 0 0
366 1 0.1 5.80891 3.20161 0.588621 -0.310991 -0.147175 0.143623 -0.0780142 -2.52409 -3.16326 1 0 0 0 0 0 0 0
367 1 0.1 5.62697 3.26809 0.762592 0.00894242 -0.00150845 -0.001101 0.00192243 -0.0760319 -0.00158583 1 0 0 0 0 0 0 0
368 1 0.1 5.58458 3.52666 0.590476 0.00302443 0.00162983 0.00031714 0.0249754 -0.003878 0.0460277 1 0 0 0 0 0 0 0
369 1 0.1 5.95764 3.58211 0.481635 -0.0310523 -0.0223131 0.0186217 -0.247161 0.237863 -0.0627118 1 0 0 0 0 0 0 0
370 1 0.1 5.72014 3.38044 0.578591 0.0125361 0.00186736 -0.0112863 0.0283129 0.0430373 0.0426815 1 0 0 0 0 0 0 0
371 1 0.1 5.77135 3.29588 0.404795 -0.0930299 -0.0230885 -0.0356911 -0.200585 1.0357 -0.319162 1 0 0 0 0 0 0 0
372 1 0.1 5.94506 4.0199 0.42095 0.0106093 -0.0197789 0.0104644 0.0600963 0.065583 0.0618024 1 0 0 0 0 0 0 0
373 1 0.1 5.95413 4.48744 0.563824 0.00826352 -0.0140106 0.000314489 -0.072711 -0.0676324 -0.145005 1 0 0 0 0 0 0 0
374 1 0.1 6.07794 4.70725 0.592093 -0.00971654 -0.00602121 -2.23553e-05 -0.0199463 0.0869503 -0.0339178 1 0 0 0 0 0 0 0
375 1 0.1 6.11149 0.91465 0.758334 -0.0001546 -0.000447094 -0.00031713 0.00805049 0.00661637 0.013129 1 0 0 0 0 0 0 0
376 1 0.1 5.80768 1.21187 0.750001 -0.177233 0.123498 0.000785266 0.00243012 -0.0105411 1.65044 1 0 0 0 0 0 0 0
377 1 0.1 5.64567 1.37302 0.750013 -0.00669728 0.00982382 0.000215442 0.0032122 -0.000352553 0.122527 1 0 0 0 0 0 0 0
378 1 0.1 5.50529 1.51531 0.744418 -0.00626046 0.0107264 -0.00304085 -0.0535039 -0.0102676 -0.0865157 1 0 0 0 0 0 0 0
379 1 0.1 5.36531 1.65696 0.762031 -0.0072972 0.0103779 -0.00181548 0.0357563 0.0453353 0.102128 1 0 0 0 0 0 0 0
380 1 0.1 5.22895 1.80315 0.763459 0.0528317 0.0674284 -0.000148631 0.869381 -0.863421 -0.262595 1 0 0 0 0 0 0 0
381 1 0.1 5.08276 1.93541 0.762668 -0.00462879 0.00139368 -0.00174897 0.0558278 -0.0444162 0.314452 1 0 0 0 0 0 0 0
382 1 0.1 4.88095 2.13577 0.748841 0.0044388 -0.00579677 0.00148277 0.0736885 -0.00943208 -0.00969792 1 0 0 0 0 0 0 0
383 1 0.1 4.74435 2.27955 0.764598 0.0146257 -0.00376454 0.00180882 -0.40519 -0.12322 -0.212394 1 0 0 0 0 0 0 0
384 1 0.1 4.60622 2.41575 0.766009 0.0138919 -0.00995734 0.0101708 1.01155 -0.0496885 0.247812 1 0 0 0 0 0 0 0
385 1 0.1 4.38093 2.63813 0.535815 0.00377808 0.000663069 -0.00718697 0.000634504 0.109658 -0.0413137 1 0 0 0 0 0 0 0
386 1 0.1 4.19167 2.88882 0.758418 0.00170464 -0.00162778 0.00534314 -9.78687e-05 -0.0558594 -0.0170731 1 0 0 0 0 0 0 0
387 1 0.1 4.32486 2.95124 0.622971 0.00566803 -0.00382872 0.00782991 0.0908138 0.461873 0.270753 1 0 0 0 0 0 0 0
388 1 0.1 4.19286 3.13323 0.752492 -0.00273076 -0.0502267 -0.0129523 0.0484688 0.0380571 -0.170272 1 0 0 0 0 0 0 0
389 1 0.1 4.56285 3.25447 0.598429 0.0173541 0.00943691 -0.0062111 -0.0503422 0.186984 0.0670606 1 0 0 0 0 0 0 0
390 1 0.1 4.53869 3.4412 0.763134 0.00303495 -0.00620141 0.000395949 0.0164345 -0.0958713 0.045924 1 0 0 0 0 0 0 0
391 1 0.1 4.70764 3.68327 0.752074 -0.00470145 -0.00429592 -0.00174881 0.0232488 0.0039422 -0.0690941 1 0 0 0 0 0 0 0
392 1 0.1 4.84952 3.81764 0.584275 -0.00473792 -0.00542044 -0.00611019 -0.00180896 0.00731032 -0.00483047 1 0 0 0 0 0 0 0
393 1 0.1 4.96621 3.94485 0.749949 -0.00087474 -0.000210985 -0.00026959 -0.00370927 0.00740398 -0.0147961 1 0 0 0 0 0 0 0
394 1 0.1 5.12719 4.09954 0.762621 -0.00226768 -0.002277 -1.16197e-05 -0.0233887 0.0125237 -0.02481 1 0 0 0 0 0 0 0
395 1 0.1 5.28134 4.25912 0.750383 -0.0021278 -0.00256435 -0.00167037 -0.000410335 0.0176057 -0.0309699 1 0 0 0 0 0 0 0
396 1 0.1 5.4312 4.40708 0.761296 -0.00936164 -0.00987939 -0.00770054 -0.000474652 0.0885774 -0.127207 1 0 0 0 0 0 0 0
397 1 0.1 5.5745 4.55447 0.753507 0.00337443 -0.00165819 0.00363631 -0.00917029 -0.0128813 -0.0193669 1 0 0 0 0 0 0 0
398 1 0.1 5.72045 4.70303 0.753517 -0.0103484 -0.0142262 -0.00433539 -0.0901828 0.14299 -0.222115 1 0 0 0 0 0 0 0
399 1 0.1 5.8631 4.84224 0.747709 -0.00421878 -0.022838 -0.0109524 0.0196046 -0.0709826 0.10507 1 0 0 0 0 0 0 0
400 1 0.1 6.25978 0.768943 0.762664 0.0363019 -0.00581653 0.0011153 -0.0635659 -0.357695 0.0924119 1 0 0 0 0 0 0 0
401 1 0.1 5.97619 1.05545 0.716208 0.000598382 -0.00110764 -0.00365794 0.0794655 -0.020076 0.0121773 1 0 0 0 0 0 0 0
402 1 0.1 5.70729 1.56284 0.762521 -0.322195 0.112294 -2.14156e-05 0.0241132 -0.0124691 0.101164 1 0 0 0 0 0 0 0
403 1 0.1 5.6819 1.65092 0.584799 0.0554166 0.0735234 -0.0718072 -0.508428 0.126029 -0.193032 1 0 0 0 0 0 0 0
404 1 0.1 5.56438 1.71996 0.762601 0.00792946 0.040547 0.00167185 0.40609 -0.0742296 -0.117953 1 0 0 0 0 0 0 0
405 1 0.1 5.40839 1.8488 0.699871 0.0327475 0.0371329 -0.0299002 -0.637518 1.0056 0.953852 1 0 0 0 0 0 0 0
406 1 0.1 5.42136 2.03451 0.764827 0.0123143 0.0271263 0.00147098 0.685858 -0.109862 -0.345387 1 0 0 0 0 0 0 0
407 1 0.1 5.36533 2.13296 0.601038 0.0224122 0.00880645 -0.0151601 -0.157384 0.0328313 -0.380163 1 0 0 0 0 0 0 0
408 1 0.1 5.0237 2.27495 0.762343 -0.00922385 0.00625189 0.0140706 -0.00750828 -0.104899 0.19786 1 0 0 0 0 0 0 0
409 1 0.1 4.83503 2.43594 0.684788 0.0117464 -0.0180792 -0.00962151 0.0136779 -0.113733 0.5977 1 0 0 0 0 0 0 0
410 1 0.1 4.30597 2.7172 0.762913 0.00528131 -0.00644072 0.00229323 -0.0623768 -0.0500095 0.068547 1 0 0 0 0 0 0 0
411 1 0.1 4.44757 2.87773 0.762545 0.0157693 -0.00463805 -0.000537376 -0.0437225 -0.156721 -0.205994 1 0 0 0 0 0 0 0
412 1 0.1 4.38273 3.07322 0.764322 0.010894 -0.00039686 0.00102477 -0.00116388 -0.0562966 0.0599411 1 0 0 0 0 0 0 0
413 1 0.1 4.66662 3.28834 0.763803 0.00662236 -0.000603325 0.00163805 0.187246 -0.155157 0.329184 1 0 0 0 0 0 0 0
414 1 0.1 4.75736 3.33825 0.588903 -0.168823 -0.126296 0.138717 -0.50869 -2.42382 -2.64038 1 0 0 0 0 0 0 0
415 1 0.1 4.68316 3.51419 0.648191 0.00432294 -0.00526525 -0.00199843 -0.0880392 0.0988217 0.0078907 1 0 0 0 0 0 0 0
416 1 0.1 5.09077 3.48482 0.762906 0.00588 0.00232691 0.00179049 0.066145 0.137416 0.0146774 1 0 0 0 0 0 0 0
417 1 0.1 4.91265 3.75276 0.762566 -0.0053417 0.00230041 -0.000601306 0.023094 0.0532824 -0.0338952 1 0 0 0 0 0 0 0
418 1 0.1 5.1134 3.82161 0.694351 -0.123297 -0.0510421 -0.211309 -0.50108 3.27804 -0.483327 1 0 0 0 0 0 0 0
419 1 0.1 5.26589 3.95568 0.762542 -0.0690907 -0.0653813 0.00486096 -0.135583 0.0673058 -0.86923 1 0 0 0 0 0 0 0
420 1 0.1 5.47471 4.2119 0.762518 -0.00343231 -0.00778365 -0.000349787 -0.0480504 -0.0375869 -0.0255794 1 0 0 0 0 0 0 0
421 1 0.1 5.6296 4.36246 0.762607 0.000221779 -0.00147559 0.000363372 -0.0134076 0.00439039 0.00741746 1 0 0 0 0 0 0 0
422 1 0.1 5.76892 4.50889 0.758261 0.0101523 0.000729914 -0.00268112 0.0327769 0.0675068 0.06018 1 0 0 0 0 0 0 0
423 1 0.1 5.89204 4.64612 0.668455 -0.00963774 -0.0150639 -0.0035672 0.0683833 -0.140407 0.22264 1 0 0 0 0 0 0 0
424 1 0.1 6.17047 5.14545 0.761501 0.000900248 0.000985618 0.00105998 -0.0210696 0.0117078 -0.0291352 1 0 0 0 0 0 0 0
425 1 0.1 6.39831 0.625845 0.751807 0.0225942 -0.0172896 0.0169649 0.231273 -0.035164 -0.301132 1 0 0 0 0 0 0 0
426 1 0.1 6.0618 1.22985 0.762581 -0.00532561 0.000834766 2.23397e-05 0.0644958 0.0481533 0.0955877 1 0 0 0 0 0 0 0
427 1 0.1 5.92396 1.37406 0.763381 0.000811436 0.00499833 0.00345556 0.0627216 -0.0214164 -0.0204914 1 0 0 0 0 0 0 0
428 1 0.1 5.98287 1.77002 0.76254 -0.0216512 -0.00344626 0.000430011 0.0137764 0.0164354 -0.0051769 1 0 0 0 0 0 0 0
429 1 0.1 5.78279 1.89556 0.762532 0.0145878 0.00505398 0.000115104 0.0846681 0.111636 0.0131008 1 0 0 0 0 0 0 0
430 1 0.1 5.58434 1.91894 0.762702 0.019334 0.0386522 0.00028508 0.386351 -0.185587 -0.328546 1 0 0 0 0 0 0 0
431 1 0.1 5.59427 2.13429 0.761275 0.00799275 0.0231937 0.003048 -0.145334 0.0559132 0.121121 1 0 0 0 0 0 0 0
432 1 0.1 5.33986 2.24304 0.76458 0.0171827 -0.0097153 0.00507391 -0.0113498 -0.13652 -0.124259 1 0 0 0 0 0 0 0
433 1 0.1 5.35701 2.55078 0.598347 0.0097896 0.0199557 -0.00732708 0.153029 -0.0522967 -0.0871138 1 0 0 0 0 0 0 0
434 1 0.1 5.01264 2.47448 0.763581 -0.00606388 0.00915541 -0.0058418 0.118477 0.114196 -0.192212 1 0 0 0 0 0 0 0
435 1 0.1 4.83943 2.62826 0.758452 -0.00113323 -0.0232158 -0.0168769 0.0678067 0.307055 -0.856828 1 0 0 0 0 0 0 0
436 1 0.1 4.63987 2.61727 0.762258 -0.00304429 0.0238375 0.00828094 0.129889 -0.0442313 0.38206 1 0 0 0 0 0 0 0
437 1 0.1 4.72741 3.14137 0.606886 -0.0879883 -0.142567 0.107095 -3.122 0.633569 -1.68911 1 0 0 0 0 0 0 0
438 1 0.1 4.84523 3.17944 0.763434 -0.00190025 0.00363851 0.000207584 -0.00130304 0.0957614 0.053118 1 0 0 0 0 0 0 0
439 1 0.1 4.81728 3.41977 0.762516 0.00334639 0.000801289 0.00057404 -0.00778388 -0.035936 0.00106163 1 0 0 0 0 0 0 0
440 1 0.1 4.99643 3.30904 0.762469 0.000447146 0.00338996 0.00520021 -0.0686718 -0.0644513 -0.05597 1 0 0 0 0 0 0 0
441 1 0.1 5.19878 3.65299 0.759499 -0.0587852 0.0443615 -0.0493886 -1.98372 -2.16179 0.816352 1 0 0 0 0 0 0 0
442 1 0.1 5.32647 3.78759 0.672942 -0.0195064 -0.0399151 -0.00729019 0.509145 -0.630624 1.16408 1 0 0 0 0 0 0 0
443 1 0.1 5.48786 3.89894 0.763031 0.000867315 0.0013094 0.00345959 0.000665837 0.0148563 0.0198964 1 0 0 0 0 0 0 0
444 1 0.1 5.60635 4.06212 0.756468 -0.00144326 -0.00566457 0.00194753 0.0540392 0.00850318 0.0564503 1 0 0 0 0 0 0 0
445 1 0.1 5.7223 4.20559 0.679743 -0.00314142 -0.00209808 0.00424848 -0.0672304 -0.0496275 -0.0159258 1 0 0 0 0 0 0 0
446 1 0.1 5.85591 4.32903 0.762562 0.00323448 -0.00712409 0.000338344 -0.0804931 -0.0322551 -0.160421 1 0 0 0 0 0 0 0
447 1 0.1 5.97425 4.49023 0.762614 0.00101623 -0.0050559 0.000386396 -0.0425982 -0.00465538 0.00812793 1 0 0 0 0 0 0 0
448 1 0.1 6.05893 4.80747 0.763213 -0.00293461 -0.00302257 0.000283957 -0.0117582 0.0754713 0.0925572 1 0 0 0 0 0 0 0
449 1 0.1 6.30983 5.28835 0.749983 0.000982807 0.000766084 9.48956e-05 0.00139923 -0.000620116 0.0407464 1 0 0 0 0 0 0 0
450 1 0.1 6.31317 0.914629 0.637672 0.0180501 0.0136943 0.0206582 0.237334 0.0755215 0.285801 1 0 0 0 0 0 0 0
451 1 0.1 6.1723 1.0555 0.629376 0.00519586 0.000459629 0.00933231 -0.067642 -0.0457584 -0.057504 1 0 0 0 0 0 0 0
452 1 0.1 6.11653 1.42792 0.76252 0.00526806 -0.00804944 -0.000959634 0.0322904 0.0296182 -0.00839091 1 0 0 0 0 0 0 0
453 1 0.1 5.97352 1.56732 0.762919 0.0138157 0.000165371 -0.00107273 0.126291 -0.171014 -0.109806 1 0 0 0 0 0 0 0
454 1 0.1 5.79027 2.09529 0.762642 0.00197336 0.0042459 0.00174786 0.0479912 0.0591278 2.17107e-05 1 0 0 0 0 0 0 0
455 1 0.1 5.63609 2.32975 0.762647 -0.00220226 0.0214297 -6.27824e-05 0.149579 0.0630702 -0.0417243 1 0 0 0 0 0 0 0
456 1 0.1 5.40295 2.43277 0.762291 0.0121469 -0.00709673 0.00371078 0.0877274 0.0434197 -0.0680985 1 0 0 0 0 0 0 0
457 1 0.1 5.60154 2.33783 0.458892 0.01371 0.0114654 -0.000368137 0.01746 -0.0752555 0.0456793 1 0 0 0 0 0 0 0
458 1 0.1 5.2432 2.55296 0.762683 0.0160049 -0.00285135 0.000539914 -0.0554062 -0.106345 0.0118483 1 0 0 0 0 0 0 0
459 1 0.1 5.42081 2.64403 0.762749 0.00862817 0.00184263 0.0027941 0.0513612 0.0161615 0.0284993 1 0 0 0 0 0 0 0
460 1 0.1 5.10023 2.59194 0.629512 0.020877 0.00383181 0.0146537 -0.0767879 0.247272 -0.206793 1 0 0 0 0 0 0 0
461 1 0.1 4.84348 2.8289 0.762538 0.00925473 -0.0161156 7.7948e-05 -0.00963506 0.0229701 -0.05459 1 0 0 0 0 0 0 0
462 1 0.1 4.74517 3.00711 0.762797 0.00504527 -0.00141187 -0.00198065 -0.0317814 -0.00951663 0.0519973 1 0 0 0 0 0 0 0
463 1 0.1 5.09541 3.07123 0.494846 0.00675639 0.0067296 0.00239932 -0.142716 -0.0444461 0.11619 1 0 0 0 0 0 0 0
464 1 0.1 4.93238 3.13299 0.591216 -0.00572347 -2.81038e-05 -0.00406129 -0.148514 0.0539793 0.160047 1 0 0 0 0 0 0 0
465 1 0.1 5.18961 3.44171 0.581376 0.00550642 -0.0050898 0.0187844 -0.00262842 0.051078 -0.00261829 1 0 0 0 0 0 0 0
466 1 0.1 5.40663 3.62807 0.762543 0.0232226 -0.0161365 0.00107629 -0.180741 -0.212381 -0.158479 1 0 0 0 0 0 0 0
467 1 0.1 5.58852 3.72554 0.57599 -0.00206254 0.00515222 0.00754949 0.0369739 -0.0121641 -0.021082 1 0 0 0 0 0 0 0
468 1 0.1 5.64115 3.77099 0.762817 -0.000211755 -0.000187421 0.00308476 0.0146835 0.0227266 -0.0607651 1 0 0 0 0 0 0 0
469 1 0.1 5.75812 3.93276 0.762623 0.00328491 -0.00308174 -0.00144221 0.0293571 -0.0132321 0.0241723 1 0 0 0 0 0 0 0
470 1 0.1 5.95632 3.95851 0.762237 0.0141211 -0.0756853 -0.0089306 -0.0732909 0.081736 -0.761419 1 0 0 0 0 0 0 0
471 1 0.1 5.95861 4.15803 0.749182 -0.111766 -0.0747509 -0.0353375 0.107744 0.678926 -1.1349 1 0 0 0 0 0 0 0
472 1 0.1 6.02617 4.32574 0.657818 0.00611123 -0.0261421 0.00456268 0.0674826 -0.0139306 -0.047446 1 0 0 0 0 0 0 0
473 1 0.1 6.02974 5.00388 0.757379 0.0085319 -0.00473369 -0.00679461 0.0633949 -0.0514061 0.04086 1 0 0 0 0 0 0 0
474 1 0.1 6.20764 4.92947 0.704904 0.00810773 -0.00254289 -0.00812404 -0.214549 0.122665 -0.123137 1 0 0 0 0 0 0 0
475 1 0.1 6.31043 1.10877 0.762833 0.0112891 -0.00355051 0.00178709 -0.0440399 0.0281798 -0.0111245 1 0 0 0 0 0 0 0
476 1 0.1 6.27419 1.30525 0.758308 0.00759157 -0.00448207 -0.00506005 -0.0364533 0.0249722 0.0475915 1 0 0 0 0 0 0 0
477 1 0.1 6.01338 1.90788 0.620962 -0.0303468 -0.0061148 -0.00273613 -0.00815989 0.257296 -0.149907 1 0 0 0 0 0 0 0
478 1 0.1 5.87555 2.27505 0.742916 -0.00179982 0.00524231 0.00659154 0.0328588 0.0279121 0.0277388 1 0 0 0 0 0 0 0
479 1 0.1 5.79146 2.45536 0.762589 0.00552875 0.0093308 0.00126334 0.0554418 0.00451765 -0.0879223 1 0 0 0 0 0 0 0
480 1 0.1 5.91446 3.22612 0.759641 -0.0104126 -0.0112556 -0.0219241 0.107049 0.251493 0.442911 1 0 0 0 0 0 0 0
481 1 0.1 5.83903 2.83088 0.762522 -0.450515 0.185603 -0.000639092 0.232345 -0.228257 1.8622 1 0 0 0 0 0 0 0
482 1 0.1 5.60696 2.53267 0.763285 -0.00177747 0.00167903 0.00485358 0.0464746 0.0287455 0.0157748 1 0 0 0 0 0 0 0
483 1 0.1 5.67593 2.47165 0.586713 0.00259311 0.00694589 0.00849029 0.00895292 -0.100171 -0.051876 1 0 0 0 0 0 0 0
484 1 0.1 5.42588 2.84341 0.760521 0.00447661 0.00110245 -0.00071557 -0.0835494 0.0721384 0.00630602 1 0 0 0 0 0 0 0
485 1 0.1 5.30449 3.00157 0.763015 0.00786186 0.00442466 0.000819587 0.0644441 -0.0303494 -0.0578144 1 0 0 0 0 0 0 0
486 1 0.1 5.03335 2.76667 0.762508 -0.0162114 -0.13462 -0.00259313 -0.469567 0.176267 -1.18477 1 0 0 0 0 0 0 0
487 1 0.1 4.95026 2.99792 0.762966 -0.134294 0.0745444 0.0232757 0.522809 1.19182 -0.595938 1 0 0 0 0 0 0 0
488 1 0.1 5.11284 3.1146 0.762558 -0.0224979 -0.0172774 -0.00668184 0.000339406 0.0027998 -0.00232449 1 0 0 0 0 0 0 0
489 1 0.1 5.18981 3.29269 0.714518 0.00482538 -0.00149397 0.0348052 -0.154352 -0.153016 0.0855641 1 0 0 0 0 0 0 0
490 1 0.1 5.39357 3.29598 0.76269 0.00678089 0.000756711 0.0006655 0.0340838 -0.0206643 0.0948965 1 0 0 0 0 0 0 0
491 1 0.1 5.28944 3.46632 0.762551 0.0059363 -0.00289636 -0.00130746 -0.00663367 -0.130973 -0.0626708 1 0 0 0 0 0 0 0
492 1 0.1 5.52899 3.44267 0.762709 0.00245555 0.00112643 0.00113008 0.00881528 0.0171778 -0.0424866 1 0 0 0 0 0 0 0
493 1 0.1 5.76203 3.09678 0.762375 0.0208587 -0.0506363 -0.00396988 0.0668168 0.126799 0.0543951 1 0 0 0 0 0 0 0
494 1 0.1 5.67889 3.57477 0.760116 0.0045738 1.47777e-05 0.000563064 0.0106097 0.0212594 0.0276449 1 0 0 0 0 0 0 0
495 1 0.1 5.83013 3.70598 0.762091 -0.0111067 -0.0255633 0.0205537 0.00593929 -0.190681 -0.232628 1 0 0 0 0 0 0 0
496 1 0.1 5.87242 3.5408 0.657704 -0.0241608 -0.0212497 0.0147882 0.135097 -0.0298757 -0.040285 1 0 0 0 0 0 0 0
497 1 0.1 5.98645 4.21347 0.449409 -0.014653 -0.019224 0.0502093 -0.0192779 -0.217647 -0.403475 1 0 0 0 0 0 0 0
498 1 0.1 6.14104 4.62541 0.762793 -0.000371012 -0.00159608 -0.000121765 -0.0765827 -0.0179082 -0.0158202 1 0 0 0 0 0 0 0
499 1 0.1 6.29131 4.75729 0.762522 0.00102322 -0.00324858 -1.29723e-05 0.0579539 0.00710058 -0.00224238 1 0 0 0 0 0 0 0
