500
0 1 0.1 5.98445 1.03923 0.151681 -0.000915937 -0.0007227 -0.000877632 -0.0252843 -0.00128776 0.028855 1 0 0 0 0 0 0 0
1 1 0.1 5.84295 1.18016 0.149921 -0.00139192 0.000179587 -0.00719369 -0.0885796 0.0177301 -0.0528575 1 0 0 0 0 0 0 0
2 1 0.1 5.69029 1.33697 0.139044 0.00619371 -0.00162251 -0.0102003 -0.00605332 0.127075 0.0371962 1 0 0 0 0 0 0 0
3 1 0.1 5.342 1.68178 0.149105 -0.000579568 0.00372482 -0.0178164 -0.0985841 0.127954 0.0273565 1 0 0 0 0 0 0 0
4 1 0.1 5.468 1.79055 0.259236 -0.00385841 -0.00749987 -0.0116755 0.215553 -0.151857 -0.0614784 1 0 0 0 0 0 0 0
5 1 0.1 5.13523 1.88976 0.145202 -0.0023427 -0.00197796 -0.00325867 -0.0219656 0.00113933 -0.00571942 1 0 0 0 0 0 0 0
6 1 0.1 4.99505 2.03127 0.161692 -0.00106688 -0.00161518 -0.00531788 0.0287871 0.0771843 -0.0510876 1 0 0 0 0 0 0 0
7 1 0.1 4.86564 2.1806 0.137189 0.00442437 0.00886123 0.00146938 -0.0121163 0.0230765 0.0342178 1 0 0 0 0 0 0 0
8 1 0.1 4.65446 2.70241 0.140798 -0.457293 0.106953 -0.0472516 0.528301 3.86724 -3.83868 1 0 0 0 0 0 0 0
9 1 0.1 4.69724 2.53712 0.239755 -0.203492 -0.0742242 -0.496171 -0.481015 16.8528 -5.33912 1 0 0 0 0 0 0 0
10 1 0.1 4.21905 2.80694 0.137484 -0.00697333 -0.00132202 -2.3002e-05 0.0219377 -0.0175383 -0.0182172 1 0 0 0 0 0 0 0
11 1 0.1 4.19561 2.82656 0.35184 0.00929902 -0.015541 0.0169472 -0.00260155 -0.0871379 -0.286365 1 0 0 0 0 0 0 0
12 1 0.1 4.19108 3.00495 0.137946 -0.00576311 -0.00806682 0.0168779 0.0491187 -0.185028 -0.0875426 1 0 0 0 0 0 0 0
13 1 0.1 4.24289 3.19803 0.177147 0.0523577 0.131064 0.098024 1.7229 -0.0615661 0.637657 1 0 0 0 0 0 0 0
14 1 0.1 4.37416 3.32712 0.133544 0.0103391 0.122954 -0.0029846 -1.98823 0.454678 -0.426409 1 0 0 0 0 0 0 0
15 1 0.1 4.50272 3.47761 0.143064 0.0612894 0.0636415 -0.0304594 0.62264 -0.606085 -0.414507 1 0 0 0 0 0 0 0
16 1 0.1 4.70247 3.40665 0.136543 0.131488 -0.0031789 0.000726926 0.213152 1.07824 1.45938 1 0 0 0 0 0 0 0
17 1 0.1 4.6591 3.59926 0.151494 0.102526 -0.00865885 0.0389506 0.00766204 0.232398 -0.4128 1 0 0 0 0 0 0 0
18 1 0.1 4.77931 3.75393 0.136031 0.0346719 0.0421538 -0.00104574 -0.539636 0.290824 1.25636 1 0 0 0 0 0 0 0
19 1 0.1 4.92114 3.89317 0.150922 -0.000744222 0.0630797 0.016436 -0.0208658 0.182902 -0.395843 1 0 0 0 0 0 0 0
20 1 0.1 5.05998 4.03636 0.149911 0.0263776 0.028013 -0.00492104 -0.0420707 0.0576697 -0.0464192 1 0 0 0 0 0 0 0
21 1 0.1 5.20182 4.1769 0.146414 0.027056 0.0228505 -0.0137442 0.0021843 0.0040006 -0.00790908 1 0 0 0 0 0 0 0
22 1 0.1 5.57355 4.55424 0.149954 0.00385304 0.00588217 -0.000340295 -0.022753 -0.00130753 -0.00825606 1 0 0 0 0 0 0 0
23 1 0.1 5.71469 4.69536 0.150107 0.00414774 0.00586058 -0.0010189 -0.0188233 0.021637 -0.161241 1 0 0 0 0 0 0 0
24 1 0.1 5.99729 4.97769 0.150034 0.00424906 0.00598368 -0.00127763 0.0097842 -0.00451871 -0.00778156 1 0 0 0 0 0 0 0
25 1 0.1 6.1257 0.897945 0.148632 0.00299411 0.000367556 0.00155125 -0.000733639 -0.00622269 -0.00777108 1 0 0 0 0 0 0 0
26 1 0.1 5.8865 1.37465 0.13782 0.00794821 -0.00258242 -0.0244178 0.00632319 0.0575197 -0.030658 1 0 0 0 0 0 0 0
27 1 0.1 5.8461 1.57032 0.137351 0.00284507 -0.00290617 -0.00192848 0.0328115 0.0291757 -0.0118284 1 0 0 0 0 0 0 0
28 1 0.1 5.54906 1.47812 0.137134 0.00301279 -0.00544143 -0.00458228 -0.0641898 0.0102843 -0.0391208 1 0 0 0 0 0 0 0
29 1 0.1 5.6116 1.85199 0.136737 0.00766013 -0.00762416 0.00847214 -0.00433143 -0.0170764 -0.0667584 1 0 0 0 0 0 0 0
30 1 0.1 5.33482 1.8813 0.137494 -0.0064747 0.0035055 -0.00171893 -0.0878736 -0.0169704 0.0761004 1 0 0 0 0 0 0 0
31 1 0.1 5.18554 2.08399 0.13711 -0.0163101 0.000292743 -0.0133663 -0.0411329 -0.0217464 0.177533 1 0 0 0 0 0 0 0
32 1 0.1 5.05501 2.24433 0.137496 0.0362728 -0.0138474 0.00337761 0.222704 0.0523386 -0.338843 1 0 0 0 0 0 0 0
33 1 0.1 4.53328 2.54859 0.132048 -0.625651 0.16448 0.0634839 -1.96191 -7.69564 1.89516 1 0 0 0 0 0 0 0
34 1 0.1 4.90526 2.76384 0.139066 -0.00316903 0.0574903 0.00175984 -0.243762 -0.323447 2.71069 1 0 0 0 0 0 0 0
35 1 0.1 4.36166 2.66468 0.139247 -0.0220741 0.0361712 0.0185784 0.0926888 -0.126624 0.380478 1 0 0 0 0 0 0 0
36 1 0.1 5.02713 2.8921 0.27114 -0.137297 -0.0543901 0.109962 -0.276806 -1.44299 0.962169 1 0 0 0 0 0 0 0
37 1 0.1 4.39663 2.89593 0.13709 -0.0316986 0.0160661 -0.00418052 -0.0894059 -0.0289753 0.039833 1 0 0 0 0 0 0 0
38 1 0.1 4.4103 3.09732 0.137395 -0.00457454 0.0718457 -0.000386731 -0.335349 0.166234 -0.762494 1 0 0 0 0 0 0 0
39 1 0.1 4.55107 3.23909 0.158783 0.0246989 0.123548 -0.0755224 -1.40673 0.989633 -0.128484 1 0 0 0 0 0 0 0
40 1 0.1 4.86128 3.28634 0.151263 0.167232 0.0554159 0.0621314 -0.841161 -0.066583 -1.35174 1 0 0 0 0 0 0 0
41 1 0.1 4.96283 3.68228 0.147167 0.0566507 0.119518 0.00950837 0.651332 0.632289 -0.356884 1 0 0 0 0 0 0 0
42 1 0.1 5.16 3.71079 0.155834 0.0627384 0.0503352 0.012277 0.16111 -0.0276413 -0.359535 1 0 0 0 0 0 0 0
43 1 0.1 5.05471 3.85884 0.295653 -0.0059166 -0.00887697 0.00244564 0.208738 0.00878528 -0.376158 1 0 0 0 0 0 0 0
44 1 0.1 5.3917 3.98281 0.137333 0.041347 0.044585 -0.0023366 -0.120866 -0.0446346 -0.380772 1 0 0 0 0 0 0 0
45 1 0.1 5.48748 4.20605 0.136256 0.0113274 0.00776519 -0.00116956 -0.0920655 0.0962889 0.0364909 1 0 0 0 0 0 0 0
46 1 0.1 5.61408 4.35946 0.13723 0.00327214 0.00585781 -0.00228996 0.0509639 -0.0433353 0.00891348 1 0 0 0 0 0 0 0
47 1 0.1 5.77755 4.50146 0.137177 0.00944861 0.00599302 0.000163895 0.0784262 -0.0708901 -0.0345252 1 0 0 0 0 0 0 0
48 1 0.1 5.85706 4.8354 0.14819 0.0101047 0.000302197 -0.00312859 0.0107507 -0.00139381 0.0902582 1 0 0 0 0 0 0 0
49 1 0.1 6.13862 5.11903 0.14999 0.00384153 0.00572465 -0.000167919 0.0019068 -0.00325527 0.0128323 1 0 0 0 0 0 0 0
50 1 0.1 6.26687 0.756386 0.150052 0.000951572 -0.000794889 0.000569903 0.00860179 0.00501841 -0.00984073 1 0 0 0 0 0 0 0
51 1 0.1 6.03351 1.23923 0.13747 -0.00412564 -0.0177705 -0.00267709 -0.0601909 -0.0988451 -0.0814207 1 0 0 0 0 0 0 0
52 1 0.1 5.98015 1.82264 0.137531 -0.0135275 0.0705557 0.000302401 -0.231144 -0.0953911 0.751341 1 0 0 0 0 0 0 0
53 1 0.1 5.78968 1.76196 0.137271 0.00783996 -0.00243935 0.00391304 -0.0114618 0.0581442 0.0105412 1 0 0 0 0 0 0 0
54 1 0.1 5.7575 1.98741 0.137769 0.0215665 -0.0350469 0.0100768 0.1223 0.286449 -0.0121308 1 0 0 0 0 0 0 0
55 1 0.1 5.39716 2.04916 0.226564 -0.114468 0.157594 -0.232554 -0.72633 2.67485 0.386479 1 0 0 0 0 0 0 0
56 1 0.1 5.33438 2.21664 0.137472 -0.0756229 0.0526875 -0.0296758 0.188101 -0.06832 0.0534707 1 0 0 0 0 0 0 0
57 1 0.1 5.19715 2.32578 0.312357 -0.0596498 0.0595023 -0.0531438 -0.143783 -0.428741 -0.116135 1 0 0 0 0 0 0 0
58 1 0.1 4.92535 2.36946 0.227631 -0.100628 0.0841634 0.0983871 -0.969616 -0.288952 0.460893 1 0 0 0 0 0 0 0
59 1 0.1 4.75099 2.34305 0.1339 -0.0202649 0.0175271 0.0157819 0.00889872 0.0209152 0.00478651 1 0 0 0 0 0 0 0
60 1 0.1 5.15728 2.74023 0.293396 0.047515 -0.0247102 0.0119312 -0.341896 0.357166 0.0392266 1 0 0 0 0 0 0 0
61 1 0.1 4.74094 2.87767 0.137232 -0.0619278 -0.054393 -0.0237574 1.03788 -0.427508 -0.834125 1 0 0 0 0 0 0 0
62 1 0.1 4.90782 2.9801 0.136966 -0.0322946 -0.0642119 0.0128313 0.143426 0.311655 0.202562 1 0 0 0 0 0 0 0
63 1 0.1 4.57396 2.9834 0.137099 -0.0338564 0.0315975 0.00142189 0.113717 -0.048551 0.236956 1 0 0 0 0 0 0 0
64 1 0.1 4.74143 3.08908 0.136363 -0.00957945 -0.00208695 0.00242513 -0.599114 -0.12756 0.049263 1 0 0 0 0 0 0 0
65 1 0.1 4.85244 3.60373 0.298601 0.0279662 0.0959208 -0.0222012 -0.947899 0.851399 0.0793151 1 0 0 0 0 0 0 0
66 1 0.1 5.29642 3.56565 0.139507 -0.0394847 -0.04427 -0.0077681 -0.0153229 0.163469 -1.03491 1 0 0 0 0 0 0 0
67 1 0.1 5.37684 3.74897 0.135146 0.080187 -0.0653972 -0.00303383 0.570766 0.859353 -2.51539 1 0 0 0 0 0 0 0
68 1 0.1 5.2088 3.90349 0.140372 0.047482 0.0500696 0.00706434 -0.201174 0.00813317 0.373575 1 0 0 0 0 0 0 0
69 1 0.1 5.59285 3.9892 0.376905 0.0198691 0.0438945 -0.00288139 0.143108 -0.0690917 -0.0730928 1 0 0 0 0 0 0 0
70 1 0.1 5.63275 4.16295 0.2867 0.0123163 0.0455122 -0.00749451 -0.154375 0.167046 0.129224 1 0 0 0 0 0 0 0
71 1 0.1 5.78055 4.19423 0.156617 0.00661106 0.0336864 -0.0271875 0.0257931 0.0328266 -0.212385 1 0 0 0 0 0 0 0
72 1 0.1 5.92622 4.32904 0.137331 0.0289076 0.022049 0.00260487 0.263035 -0.217881 -0.0298995 1 0 0 0 0 0 0 0
73 1 0.1 6.13889 4.82691 0.137404 -0.00137319 0.00624143 -0.00481216 -0.00316621 -0.00816709 0.00137185 1 0 0 0 0 0 0 0
74 1 0.1 6.37612 5.35582 0.149994 0.000799391 0.00105046 -0.000184953 0.00148075 0.000778315 0.00561723 1 0 0 0 0 0 0 0
75 1 0.1 6.27309 0.974212 0.260084 -0.0175915 0.00597768 0.0349474 -1.6339 -0.773763 -1.08772 1 0 0 0 0 0 0 0
76 1 0.1 6.17501 1.09799 0.137462 0.00163227 -0.0103466 0.00300259 0.102599 0.0152301 0.0401803 1 0 0 0 0 0 0 0
77 1 0.1 6.05806 1.6343 0.137285 0.00762217 -0.0210924 0.0121952 0.209685 0.122899 0.0247777 1 0 0 0 0 0 0 0
78 1 0.1 5.94924 2.044 0.140055 -0.0300939 0.197004 0.0204597 0.0526056 -0.248738 2.27928 1 0 0 0 0 0 0 0
79 1 0.1 5.72082 2.27034 0.294951 -0.0921043 -0.0540644 -0.0104581 0.183825 0.115908 -0.659029 1 0 0 0 0 0 0 0
80 1 0.1 5.60247 2.12901 0.137242 -0.0579846 -0.00984025 -0.00870119 0.135926 -0.517527 0.0618335 1 0 0 0 0 0 0 0
81 1 0.1 5.61569 2.3314 0.137282 -0.0672969 0.00402786 -0.00300608 0.0168728 -0.135373 -0.173193 1 0 0 0 0 0 0 0
82 1 0.1 5.74372 2.74242 0.137325 0.00347351 -0.0183315 0.00109995 0.15695 0.0103792 -0.196838 1 0 0 0 0 0 0 0
83 1 0.1 5.42629 2.39363 0.137099 -0.0666801 0.0353147 0.00349269 0.0671239 0.0746781 -0.090085 1 0 0 0 0 0 0 0
84 1 0.1 4.8677 2.56739 0.137981 0.138564 0.0272302 0.0279789 -0.0388176 0.00439443 -0.383063 1 0 0 0 0 0 0 0
85 1 0.1 5.17094 2.61616 0.13741 -0.0296508 -0.00222561 -0.00213518 0.339353 0.0850614 -0.191908 1 0 0 0 0 0 0 0
86 1 0.1 5.53378 2.86647 0.310237 0.0157892 -0.0211579 -0.00353 0.0931168 -0.0922954 -0.0732566 1 0 0 0 0 0 0 0
87 1 0.1 5.13609 3.00842 0.143756 0.0323472 -0.0316406 0.0432971 0.0852479 -0.0825077 -0.0466313 1 0 0 0 0 0 0 0
88 1 0.1 5.13555 3.30393 0.13746 -0.10614 0.0249772 9.75205e-05 -0.665262 -0.142932 -1.41976 1 0 0 0 0 0 0 0
89 1 0.1 4.89626 3.49448 0.137045 0.100571 0.10752 -0.0048914 -1.06645 0.983913 0.331288 1 0 0 0 0 0 0 0
90 1 0.1 5.09408 3.52262 0.141032 0.114159 0.0362274 -0.0476826 -0.0338355 -0.715249 -1.08136 1 0 0 0 0 0 0 0
91 1 0.1 5.50535 3.54263 0.136046 0.0459225 -0.0485872 -0.00454063 0.618608 0.660247 0.441716 1 0 0 0 0 0 0 0
92 1 0.1 5.60825 3.71337 0.137515 -0.0109322 -0.0201526 0.00427645 0.300002 0.974763 0.0614651 1 0 0 0 0 0 0 0
93 1 0.1 5.70271 3.87552 0.254613 0.00727679 0.0458139 -0.00142422 0.17582 -0.233433 -0.398364 1 0 0 0 0 0 0 0
94 1 0.1 5.58552 4.03176 0.137648 0.0459981 0.0274887 0.00234021 -0.082757 -0.0597046 0.208176 1 0 0 0 0 0 0 0
95 1 0.1 5.80883 3.99733 0.137351 0.0155653 0.0318724 -0.00182526 -0.301166 0.145472 0.310938 1 0 0 0 0 0 0 0
96 1 0.1 5.97191 4.1111 0.158178 -0.131615 0.228732 0.0757113 1.16044 -0.492579 2.04977 1 0 0 0 0 0 0 0
97 1 0.1 6.04893 4.45976 0.225133 0.0214604 0.0185825 0.023008 -0.158586 0.0197341 0.0369348 1 0 0 0 0 0 0 0
98 1 0.1 6.2742 4.97234 0.158325 0.00134818 0.0035428 -0.000361835 0.0230551 -0.0329632 -0.0425632 1 0 0 0 0 0 0 0
99 1 0.1 6.34453 5.15865 0.142272 0.00350242 0.00216678 0.00120649 -0.0132921 0.0119437 0.019391 1 0 0 0 0 0 0 0
100 1 0.1 6.35593 0.66107 0.350035 -0.000326478 0.000462899 2.27174e-05 0.00350445 0.00269423 0.00367018 1 0 0 0 0 0 0 0
101 1 0.1 6.20856 1.3358 0.137495 -0.0022599 -0.032762 0.000531963 0.2147 0.129472 -0.0372498 1 0 0 0 0 0 0 0
102 1 0.1 6.05928 1.44786 0.209141 0.0214502 -0.0203162 0.0295796 -0.37094 0.390634 -0.0738203 1 0 0 0 0 0 0 0
103 1 0.1 5.91747 2.29657 0.318034 -0.0608109 -0.0574937 -0.203507 0.453189 1.94661 0.700912 1 0 0 0 0 0 0 0
104 1 0.1 5.95111 3.00475 0.41756 0.0663872 -0.157227 0.0564526 0.0883787 -1.52282 -1.81911 1 0 0 0 0 0 0 0
105 1 0.1 5.83604 2.37755 0.152492 -0.109721 -0.0113158 -0.0719617 -0.0447345 -1.09533 -1.21028 1 0 0 0 0 0 0 0
106 1 0.1 5.72145 2.54093 0.138347 0.062821 0.141702 0.013787 -0.17247 0.0813405 1.53713 1 0 0 0 0 0 0 0
107 1 0.1 5.76962 3.09193 0.418604 0.034501 -0.0285818 0.00596662 0.330461 0.381167 0.785245 1 0 0 0 0 0 0 0
108 1 0.1 5.54532 2.76638 0.137433 0.00978499 -0.0113198 -6.60405e-05 0.058385 -0.0103263 0.0928613 1 0 0 0 0 0 0 0
109 1 0.1 5.52341 2.56786 0.137396 0.0352436 -0.0195588 0.00129864 -0.11027 -0.167159 0.136788 1 0 0 0 0 0 0 0
110 1 0.1 5.36258 2.68551 0.137373 0.0221818 -0.0308041 -0.0033717 0.0905418 0.130828 0.0380479 1 0 0 0 0 0 0 0
111 1 0.1 5.23176 2.83588 0.136508 0.0148235 -0.0255234 -0.00119186 0.437302 0.146597 -0.0764331 1 0 0 0 0 0 0 0
112 1 0.1 5.33255 3.0395 0.139268 0.025474 -0.0142492 0.0404356 0.200102 0.166649 0.20433 1 0 0 0 0 0 0 0
113 1 0.1 5.00312 3.15326 0.135625 0.000996735 -0.073256 0.00280654 -0.155837 0.0282077 0.538121 1 0 0 0 0 0 0 0
114 1 0.1 5.37398 3.20527 0.243096 -0.0296098 -0.00528776 0.0482437 -0.277051 -0.577282 0.178365 1 0 0 0 0 0 0 0
115 1 0.1 5.56483 3.35436 0.148356 0.0726502 -0.0246446 0.0614541 -1.24705 0.17406 -0.0173789 1 0 0 0 0 0 0 0
116 1 0.1 5.56727 3.15701 0.13659 0.0422275 -0.0113585 -0.00302285 1.04684 0.410834 -0.234353 1 0 0 0 0 0 0 0
117 1 0.1 5.74747 3.38016 0.223577 0.092375 0.00233383 0.0134403 0.40285 0.234621 -0.0396389 1 0 0 0 0 0 0 0
118 1 0.1 5.80478 3.74984 0.137428 -0.0189521 0.0326156 -0.0029226 -0.0547663 -0.068079 -4.34682e-05 1 0 0 0 0 0 0 0
119 1 0.1 5.96383 3.87099 0.137606 -0.00164747 0.0108992 -0.00274998 0.00977915 0.103364 -0.577531 1 0 0 0 0 0 0 0
120 1 0.1 5.80808 3.54999 0.137493 0.00112399 0.0331629 0.00202349 -0.203449 0.720612 0.700571 1 0 0 0 0 0 0 0
121 1 0.1 5.91007 3.30258 0.137383 0.072639 -0.028423 -4.35766e-05 -0.234396 -0.197614 -0.47457 1 0 0 0 0 0 0 0
122 1 0.1 6.06434 4.27084 0.288748 0.0291327 0.0223191 0.0270026 0.111111 -0.0203213 0.039236 1 0 0 0 0 0 0 0
123 1 0.1 6.10584 4.62988 0.137404 0.00771939 0.00854473 0.000968687 -0.0757256 0.059539 0.076868 1 0 0 0 0 0 0 0
124 1 0.1 6.26131 4.70402 0.238899 0.016825 -0.0268981 0.0186638 0.103186 -0.255936 -0.537748 1 0 0 0 0 0 0 0
125 1 0.1 5.93178 1.08507 0.350058 -0.000945016 0.00170247 -0.00164305 0.0141337 0.00088799 -0.00263659 1 0 0 0 0 0 0 0
126 1 0.1 5.79213 1.22747 0.341365 -0.00286418 0.00505213 0.00165742 0.0670506 -0.00942906 0.0173457 1 0 0 0 0 0 0 0
127 1 0.1 5.65139 1.36891 0.337861 -0.00440869 0.000919649 0.00324187 -0.00322563 -0.0471201 0.0213889 1 0 0 0 0 0 0 0
128 1 0.1 5.5098 1.50891 0.352995 -0.00600366 -0.000868997 -0.00692221 -0.122176 0.0355432 -0.000559614 1 0 0 0 0 0 0 0
129 1 0.1 5.36891 1.65013 0.36041 -0.00594111 -0.00286964 -0.0183896 -0.181528 0.108095 0.0282059 1 0 0 0 0 0 0 0
130 1 0.1 5.11507 1.90931 0.3432 0.00514519 -0.0140365 -0.000458823 0.00351532 -0.00354356 -0.110716 1 0 0 0 0 0 0 0
131 1 0.1 4.97714 2.0498 0.36315 0.0140788 -0.0120212 -0.00125741 0.0236448 0.0339906 -0.0108955 1 0 0 0 0 0 0 0
132 1 0.1 4.83961 2.19075 0.379333 0.00770589 -0.0161744 0.00150015 0.00620033 0.105454 0.103204 1 0 0 0 0 0 0 0
133 1 0.1 4.70834 2.32143 0.320379 -0.0217702 0.0159751 0.0679909 0.418045 0.213183 -0.261362 1 0 0 0 0 0 0 0
134 1 0.1 4.649 2.47795 0.416989 0.379531 0.373795 -0.13204 -1.04221 -6.61786 -9.1736 1 0 0 0 0 0 0 0
135 1 0.1 4.49954 2.56586 0.324422 -0.229149 -0.227007 0.238245 1.35022 12.8774 17.5942 1 0 0 0 0 0 0 0
136 1 0.1 4.33826 2.68748 0.340448 -0.0188879 -0.00851888 0.021029 0.19179 -0.00538623 0.208976 1 0 0 0 0 0 0 0
137 1 0.1 4.31942 2.97292 0.302806 -0.0109538 -0.00919735 0.00497307 0.0323636 0.370193 0.444873 1 0 0 0 0 0 0 0
138 1 0.1 4.18966 3.11782 0.339278 0.00363752 -0.0158385 -0.0069552 -0.88451 0.266976 -0.263636 1 0 0 0 0 0 0 0
139 1 0.1 4.31204 3.28801 0.391109 0.0203522 0.0356336 -0.0332944 0.235762 0.251931 0.412333 1 0 0 0 0 0 0 0
140 1 0.1 4.63268 3.44332 0.318348 0.0379167 -0.0353569 -0.0345639 -1.79857 0.435676 1.98097 1 0 0 0 0 0 0 0
141 1 0.1 4.6633 3.6474 0.346166 -0.0162532 -0.0110209 0.0558122 -0.304845 -0.339131 -0.0511291 1 0 0 0 0 0 0 0
142 1 0.1 4.80462 3.78973 0.351701 0.0229468 0.0568048 -0.0480386 0.463333 0.226935 0.406318 1 0 0 0 0 0 0 0
143 1 0.1 5.08983 4.06954 0.373855 0.00249 0.00627035 -0.000113744 0.0677986 0.235148 -0.0590535 1 0 0 0 0 0 0 0
144 1 0.1 5.44545 4.09523 0.293193 0.0112199 0.0357711 0.00550896 -0.22371 -0.185566 -0.0294078 1 0 0 0 0 0 0 0
145 1 0.1 5.28788 4.25722 0.307892 0.000659766 0.00235035 0.00690405 -0.0621791 -0.0352947 0.0125677 1 0 0 0 0 0 0 0
146 1 0.1 5.42911 4.39828 0.298051 -6.70879e-05 0.000509042 -0.00629624 -0.0266524 0.111123 0.000666186 1 0 0 0 0 0 0 0
147 1 0.1 5.56165 4.53869 0.349985 -0.000767288 -0.000806437 -0.000390313 0.0209227 -0.0135562 -0.00810361 1 0 0 0 0 0 0 0
148 1 0.1 5.76449 4.73914 0.35468 -0.000369889 -0.000284946 -0.000758407 0.00565751 -0.00217272 -0.00637099 1 0 0 0 0 0 0 0
149 1 0.1 5.92733 4.90482 0.359119 -0.0013925 0.00184637 -0.000318736 0.00299201 -0.0104621 0.0190954 1 0 0 0 0 0 0 0
150 1 0.1 6.07329 0.943916 0.349046 -0.000297286 0.00127009 0.000782807 -0.00995983 -0.015081 0.000178832 1 0 0 0 0 0 0 0
151 1 0.1 5.78677 1.68927 0.32297 -0.011206 -0.05596 -0.00834002 0.595067 -0.124953 -0.426145 1 0 0 0 0 0 0 0
152 1 0.1 5.60522 1.66063 0.192585 -0.00112579 -0.0120194 -0.0161784 -0.0122312 -0.118443 0.0333035 1 0 0 0 0 0 0 0
153 1 0.1 5.9705 2.13724 0.434644 -0.155869 -0.0186632 0.0403601 0.756781 0.32702 0.62727 1 0 0 0 0 0 0 0
154 1 0.1 5.70461 1.87742 0.390894 -0.156283 0.00677352 -0.00745424 0.283762 0.721273 1.29356 1 0 0 0 0 0 0 0
155 1 0.1 5.29989 1.83916 0.35182 -0.00486965 -0.0189341 -0.00982139 0.0431725 0.0890799 0.0583749 1 0 0 0 0 0 0 0
156 1 0.1 5.16825 2.25818 0.511143 -0.0962028 -0.0457676 -0.00154093 0.220776 -0.865811 1.1223 1 0 0 0 0 0 0 0
157 1 0.1 4.8823 2.13843 0.564314 0.0184478 -0.0156796 -0.00477303 0.0516228 0.067098 -0.147424 1 0 0 0 0 0 0 0
158 1 0.1 4.8369 2.41701 0.438806 0.146227 -0.138407 0.0518567 2.92752 3.60935 3.90401 1 0 0 0 0 0 0 0
159 1 0.1 4.69268 2.80265 0.570848 -0.0825732 0.223564 -0.0685075 0.459269 1.71471 0.563128 1 0 0 0 0 0 0 0
160 1 0.1 4.71973 2.7121 0.329438 0.0387605 -0.211978 -0.200412 5.82541 -4.16386 10.1194 1 0 0 0 0 0 0 0
161 1 0.1 4.57882 2.84826 0.409218 -0.0440584 0.243436 0.0144781 -0.694097 0.0540941 -2.09063 1 0 0 0 0 0 0 0
162 1 0.1 4.50873 3.03506 0.318733 -0.00693068 -0.0183153 0.0236757 0.476217 0.00362913 -0.11758 1 0 0 0 0 0 0 0
163 1 0.1 4.66682 3.16319 0.302151 0.00560216 0.127977 -0.048298 -0.130329 -0.392003 -1.60436 1 0 0 0 0 0 0 0
164 1 0.1 4.30239 3.27921 0.762665 -0.0644345 -0.0846849 -0.0140109 -0.117098 0.571884 0.226246 1 0 0 0 0 0 0 0
165 1 0.1 4.75773 3.50504 0.46134 -0.0364078 -0.0207241 0.0130922 0.118532 -0.715511 -0.629605 1 0 0 0 0 0 0 0
166 1 0.1 4.94446 3.43467 0.45648 -0.0246867 0.0178974 0.0335442 0.880217 0.0966526 1.01071 1 0 0 0 0 0 0 0
167 1 0.1 5.04061 3.66194 0.327747 0.066707 -0.0199036 -0.0122262 -0.106114 -1.55725 -0.565556 1 0 0 0 0 0 0 0
168 1 0.1 5.28393 4.08425 0.408156 0.00118461 -0.00813075 -0.00881361 0.164974 -0.0679076 0.0401011 1 0 0 0 0 0 0 0
169 1 0.1 5.40341 3.9286 0.391297 0.0293174 0.0239689 -0.0145727 0.254168 -0.595696 0.248853 1 0 0 0 0 0 0 0
170 1 0.1 5.43668 4.21001 0.454457 -0.00181837 0.0318161 -0.00278065 0.184226 0.0767359 0.0799247 1 0 0 0 0 0 0 0
171 1 0.1 5.58711 4.3359 0.403025 0.000801671 0.0155543 -0.00221249 -0.164815 -0.0984464 0.0591221 1 0 0 0 0 0 0 0
172 1 0.1 5.74543 4.37325 0.28701 0.0032673 0.00394825 -0.00252111 -0.0379024 0.0461438 -0.0458434 1 0 0 0 0 0 0 0
173 1 0.1 5.87927 4.59222 0.282698 0.00892422 0.000811786 0.00612759 -0.00565665 0.0269967 -0.00333643 1 0 0 0 0 0 0 0
174 1 0.1 6.11934 5.09544 0.35049 -0.0913646 -0.0963286 -0.000896376 -0.335931 0.338233 -1.25405 1 0 0 0 0 0 0 0
175 1 0.1 6.21455 0.802462 0.349893 -0.000560108 0.000811825 0.00122152 0.00788129 0.000691079 -0.00420729 1 0 0 0 0 0 0 0
176 1 0.1 5.82408 1.46416 0.30521 0.000580556 -0.0204112 -0.0191188 0.162172 -0.11148 0.104138 1 0 0 0 0 0 0 0
177 1 0.1 5.86954 1.90609 0.281731 -0.0900682 -0.158859 0.0723237 -0.238944 -1.04095 -2.11996 1 0 0 0 0 0 0 0
178 1 0.1 5.81425 2.09567 0.317272 -0.113792 -0.0717897 -0.00281735 -0.180077 -0.370949 0.411146 1 0 0 0 0 0 0 0
179 1 0.1 5.56509 2.01029 0.32867 -0.201455 -0.0881954 -0.0992394 3.15796 -3.75506 -2.32929 1 0 0 0 0 0 0 0
180 1 0.1 5.41229 2.10052 0.420551 -0.112931 0.00911293 -0.041093 1.00988 1.03023 -1.66065 1 0 0 0 0 0 0 0
181 1 0.1 5.23624 2.11264 0.327575 -0.113622 0.0538413 -0.00522138 -0.141476 -0.660929 1.71677 1 0 0 0 0 0 0 0
182 1 0.1 5.01664 2.28143 0.382013 0.013264 -0.0158175 -0.0353716 2.56794 1.54193 0.0566511 1 0 0 0 0 0 0 0
183 1 0.1 4.9126 2.66686 0.31928 0.179644 0.414254 0.0421917 1.87118 -0.0956571 -4.08654 1 0 0 0 0 0 0 0
184 1 0.1 5.06994 2.63499 0.435995 0.087155 -0.0279993 0.0227452 0.268508 -0.141241 0.142256 1 0 0 0 0 0 0 0
185 1 0.1 5.02336 2.90205 0.606056 -0.177728 -0.104361 -0.0605367 -0.108341 -1.62124 -3.24714 1 0 0 0 0 0 0 0
186 1 0.1 4.8327 2.8735 0.313842 -0.159578 -0.0102954 0.0372545 -5.65143 0.00699552 -5.73714 1 0 0 0 0 0 0 0
187 1 0.1 4.49769 2.76365 0.247461 -0.124587 0.163923 0.14038 0.168121 -0.793347 1.82535 1 0 0 0 0 0 0 0
188 1 0.1 4.85604 3.09861 0.29931 -0.00176719 0.068798 -0.0107706 1.08243 0.406431 0.935116 1 0 0 0 0 0 0 0
189 1 0.1 5.20753 3.28199 0.322913 -0.0197858 0.077247 -0.0110951 0.300541 -0.130012 -1.14876 1 0 0 0 0 0 0 0
190 1 0.1 5.02124 3.39151 0.276067 0.0626983 0.180573 0.0433031 0.192273 0.989234 0.685471 1 0 0 0 0 0 0 0
191 1 0.1 5.22559 3.60906 0.36861 0.0478484 -0.0129254 0.0723838 -0.00718839 0.60746 0.64501 1 0 0 0 0 0 0 0
192 1 0.1 5.24894 3.80399 0.397251 0.0371934 0.00726942 -0.0384237 -1.16596 -0.735637 -0.113661 1 0 0 0 0 0 0 0
193 1 0.1 5.50599 3.84427 0.24762 0.0158838 -0.0029752 0.00158659 -1.36864 -0.158682 2.0978 1 0 0 0 0 0 0 0
194 1 0.1 5.70369 3.85848 0.479646 -0.0722868 -0.00019727 0.0344944 -0.4302 -0.287422 -1.03666 1 0 0 0 0 0 0 0
195 1 0.1 5.71524 4.19586 0.46571 -0.00493809 0.0149745 0.00511842 0.242088 -0.104686 -0.0592899 1 0 0 0 0 0 0 0
196 1 0.1 5.89048 4.19599 0.352977 0.0305431 0.0156725 0.0174084 -0.147863 -0.0963795 0.0664854 1 0 0 0 0 0 0 0
197 1 0.1 5.78835 4.02437 0.356735 0.0265247 0.0205461 0.023289 -0.0860735 -0.181223 -0.132433 1 0 0 0 0 0 0 0
198 1 0.1 6.00064 4.74877 0.258611 0.00394407 0.0050809 -0.000602594 -0.0330336 0.0432447 0.0773182 1 0 0 0 0 0 0 0
199 1 0.1 6.2625 5.23429 0.335754 -0.0921421 -0.0949768 -0.000492559 0.0550525 -0.0454749 -1.3318 1 0 0 0 0 0 0 0
200 1 0.1 6.11138 1.17322 0.313339 -0.00926192 0.0074147 -0.0574867 0.456218 1.48507 0.0663409 1 0 0 0 0 0 0 0
201 1 0.1 5.9713 1.31496 0.329609 0.00367221 0.00428988 0.0475028 0.0357454 -0.473049 -0.0898184 1 0 0 0 0 0 0 0
202 1 0.1 5.99047 1.83751 0.450352 -0.095699 0.0682469 -0.0313883 -0.502509 0.194945 0.815227 1 0 0 0 0 0 0 0
203 1 0.1 5.85452 2.55038 0.554312 -0.0277846 -0.0607748 -0.00451779 -0.150196 -0.0789633 -0.197868 1 0 0 0 0 0 0 0
204 1 0.1 5.84492 2.51791 0.294297 -0.04847 -0.0593806 -0.019842 0.606893 -0.0177215 -0.76187 1 0 0 0 0 0 0 0
205 1 0.1 5.53021 2.21161 0.303787 -0.106953 -0.0306994 -0.0304432 0.0980637 -0.0757537 0.0111084 1 0 0 0 0 0 0 0
206 1 0.1 5.39321 2.35418 0.329799 -0.0734126 -0.00368714 -0.000591944 0.44148 -0.0685293 -0.476818 1 0 0 0 0 0 0 0
207 1 0.1 5.4581 2.50213 0.446334 -0.0286319 -0.0743462 0.0546315 0.540298 0.543183 0.2257 1 0 0 0 0 0 0 0
208 1 0.1 5.21243 2.42072 0.137388 -0.026114 0.0138781 -0.0242988 -0.130128 -0.0987231 0.184856 1 0 0 0 0 0 0 0
209 1 0.1 5.49064 2.65113 0.317026 -0.0546664 -0.0970685 0.0223148 -0.677131 0.489381 -1.12052 1 0 0 0 0 0 0 0
210 1 0.1 5.6542 2.92681 0.457561 -0.0154567 -0.0618092 0.0308999 0.0679946 -0.471882 -0.330834 1 0 0 0 0 0 0 0
211 1 0.1 5.3489 2.79166 0.305755 0.0237681 -0.0170137 -0.0226625 -0.30308 -0.166608 0.0595044 1 0 0 0 0 0 0 0
212 1 0.1 4.70959 2.99926 0.406881 0.0236488 0.180519 0.0074496 0.410819 0.0928882 2.33339 1 0 0 0 0 0 0 0
213 1 0.1 4.94736 2.98232 0.433556 0.070934 -0.0243803 -0.141816 1.44893 -0.818724 0.834405 1 0 0 0 0 0 0 0
214 1 0.1 5.32502 3.36781 0.137478 -0.0803567 -0.0507956 0.000318904 -0.0733944 -0.111182 0.620992 1 0 0 0 0 0 0 0
215 1 0.1 5.46054 3.40057 0.309303 0.0991472 -0.022502 0.0682268 0.425022 -0.473023 -0.266847 1 0 0 0 0 0 0 0
216 1 0.1 5.64889 3.5553 0.274598 0.0158937 0.0141576 0.0228176 0.497483 -0.51382 1.25585 1 0 0 0 0 0 0 0
217 1 0.1 5.41984 3.63337 0.291277 0.00437549 -0.0921837 0.000414849 -0.697123 -0.488415 0.684963 1 0 0 0 0 0 0 0
218 1 0.1 5.88886 3.8535 0.323781 0.000551382 0.056056 0.0157961 -0.288645 0.0468054 0.461495 1 0 0 0 0 0 0 0
219 1 0.1 5.93778 3.65213 0.250319 -0.0231711 0.0546942 0.014157 0.122644 -0.306578 0.0301244 1 0 0 0 0 0 0 0
220 1 0.1 5.9255 3.38182 0.502382 0.0922731 -0.0223185 -0.0692315 0.376064 1.04205 1.0103 1 0 0 0 0 0 0 0
221 1 0.1 5.99638 3.77934 0.475087 0.0284953 0.0342281 -0.0159548 0.660479 0.275377 -0.347499 1 0 0 0 0 0 0 0
222 1 0.1 5.9955 3.48257 0.154695 -0.00685983 0.0092548 0.00454183 -0.231473 -0.559235 -0.96699 1 0 0 0 0 0 0 0
223 1 0.1 6.12399 4.89385 0.325241 -0.00671072 -0.0665284 0.014138 0.614187 -0.168518 -0.815514 1 0 0 0 0 0 0 0
224 1 0.1 6.27316 4.9879 0.419464 -0.119604 -0.04101 0.156387 -0.388242 -1.61743 1.33705 1 0 0 0 0 0 0 0
225 1 0.1 5.98985 1.50989 0.407238 0.0528761 0.00477993 -0.122534 -0.431623 0.432923 -0.495624 1 0 0 0 0 0 0 0
226 1 0.1 5.80374 2.18104 0.137051 -0.0718661 -0.011428 0.00134111 -0.119529 -0.370405 0.625998 1 0 0 0 0 0 0 0
227 1 0.1 5.98637 1.69105 0.31465 -0.0030362 -0.0119165 0.0289742 -0.492533 0.0490937 0.662188 1 0 0 0 0 0 0 0
228 1 0.1 5.90608 2.62575 0.137468 -0.0250205 -0.0466952 -0.00103449 0.346008 -0.254427 -0.164793 1 0 0 0 0 0 0 0
229 1 0.1 5.51671 2.96397 0.137219 0.0224795 -0.00663912 0.00265841 0.109275 0.130904 -0.138324 1 0 0 0 0 0 0 0
230 1 0.1 5.94417 3.1924 0.339166 -0.0102674 -0.20995 -0.00764166 0.825035 -0.618068 -1.35253 1 0 0 0 0 0 0 0
231 1 0.1 5.78739 2.39135 0.438426 -0.0647646 -0.0774971 0.00076165 -0.108591 -0.132874 -0.4076 1 0 0 0 0 0 0 0
232 1 0.1 5.58657 2.45629 0.29052 0.0159875 -0.00397364 0.0192518 0.152897 0.493326 -0.565744 1 0 0 0 0 0 0 0
233 1 0.1 5.86641 2.68595 0.40783 -0.00525924 -0.0654704 -0.00618103 0.121428 0.104076 -0.172897 1 0 0 0 0 0 0 0
234 1 0.1 5.69293 2.74803 0.330376 0.00199851 -0.0325521 0.00183787 0.0757994 -0.073529 -0.107894 1 0 0 0 0 0 0 0
235 1 0.1 5.80053 2.91634 0.32028 0.0382418 -0.0355011 -0.022492 -0.183142 0.440896 0.104316 1 0 0 0 0 0 0 0
236 1 0.1 5.63187 3.09475 0.563426 0.0416413 -0.0495852 0.0134264 -0.153088 -0.17979 -0.752962 1 0 0 0 0 0 0 0
237 1 0.1 5.39431 2.93646 0.434916 -0.0137399 -0.0205333 -0.0213228 0.229189 -0.454531 -0.232766 1 0 0 0 0 0 0 0
238 1 0.1 5.18977 3.08447 0.31926 -0.080404 0.0671548 0.0531231 -1.05387 -1.01507 0.576222 1 0 0 0 0 0 0 0
239 1 0.1 5.49902 3.1015 0.395421 0.016422 -0.0391018 0.0223094 -0.0885019 -0.158484 0.0105067 1 0 0 0 0 0 0 0
240 1 0.1 5.64312 3.03114 0.276301 0.0197981 -0.0352249 0.0214328 0.218273 0.109611 -0.0746697 1 0 0 0 0 0 0 0
241 1 0.1 5.56218 3.28104 0.58031 0.111259 -0.021055 -0.0367385 -0.678988 0.970252 0.102721 1 0 0 0 0 0 0 0
242 1 0.1 5.60416 3.25041 0.314069 0.0521445 -0.0603336 0.0420396 0.217975 -0.0395341 -0.425823 1 0 0 0 0 0 0 0
243 1 0.1 5.62589 3.41888 0.418991 0.134013 -0.042281 -0.009457 -0.820102 0.588721 -0.200993 1 0 0 0 0 0 0 0
244 1 0.1 5.77928 3.68704 0.367099 -0.0401101 0.0160874 0.00467228 0.337544 0.0926332 0.133614 1 0 0 0 0 0 0 0
245 1 0.1 5.77466 3.17781 0.234158 -0.0146123 -0.0621945 -0.0159924 -0.179053 0.532048 0.143067 1 0 0 0 0 0 0 0
246 1 0.1 5.82426 3.49228 0.369972 -0.078721 0.0106986 0.0922251 -0.193577 -2.04231 0.697667 1 0 0 0 0 0 0 0
247 1 0.1 5.91484 4.39061 0.391329 0.00317101 0.0237358 -0.00646442 -0.108905 -0.0164703 0.189462 1 0 0 0 0 0 0 0
248 1 0.1 6.07079 4.5175 0.415243 0.00660005 0.0319862 0.0198651 0.0393133 -0.155181 0.0680997 1 0 0 0 0 0 0 0
249 1 0.1 6.13811 4.7049 0.396989 -0.0115472 0.0378028 0.0251208 -0.180569 -0.348973 0.167044 1 0 0 0 0 0 0 0
250 1 0.1 6.00456 1.01959 0.524192 -0.0113186 0.0171961 0.00545488 -0.13582 -0.163803 0.187895 1 0 0 0 0 0 0 0
251 1 0.1 5.72188 1.29332 0.550661 0.00884662 -0.00253188 -0.00223756 0.0350848 -0.00283934 0.0100224 1 0 0 0 0 0 0 0
252 1 0.1 5.58056 1.43467 0.549988 0.00413686 -0.00397525 0.00151858 -0.0231287 -0.0230492 -0.0424774 1 0 0 0 0 0 0 0
253 1 0.1 5.43818 1.57859 0.548003 0.00232837 -0.0218198 0.038861 0.253808 -0.29867 -0.180404 1 0 0 0 0 0 0 0
254 1 0.1 5.29822 1.72093 0.559085 0.0129776 -0.00697297 0.0204898 -0.00687792 -0.238544 -0.0527766 1 0 0 0 0 0 0 0
255 1 0.1 5.15902 1.8618 0.532342 0.007044 -0.014913 0.00330741 0.0447367 -0.016147 0.192506 1 0 0 0 0 0 0 0
256 1 0.1 5.02295 1.99973 0.581082 0.0149841 -0.0144563 0.0183725 0.308477 0.238724 0.11786 1 0 0 0 0 0 0 0
257 1 0.1 4.72321 2.29874 0.553684 0.0840523 -0.0482939 -0.0241189 -0.550284 -0.986816 -0.810078 1 0 0 0 0 0 0 0
258 1 0.1 4.57436 2.45583 0.585597 -0.325455 0.428801 -0.23081 4.29975 1.08747 0.376545 1 0 0 0 0 0 0 0
259 1 0.1 4.7511 2.59472 0.576743 -0.168612 0.111436 0.0488949 1.19047 -1.39173 0.501576 1 0 0 0 0 0 0 0
260 1 0.1 4.59254 2.65992 0.473926 -0.0356813 0.206448 -0.103807 1.75649 0.875598 1.90082 1 0 0 0 0 0 0 0
261 1 0.1 4.38524 2.86316 0.456165 -0.0645418 -0.0582433 -0.00557896 -0.341673 0.159152 -1.00157 1 0 0 0 0 0 0 0
262 1 0.1 4.25422 2.76992 0.579769 0.0139124 -0.00989023 -0.00839595 -0.29562 -0.153578 -0.275639 1 0 0 0 0 0 0 0
263 1 0.1 4.19713 3.03209 0.511934 -0.00279761 0.0163532 0.00268264 0.587425 -0.454191 -0.0226714 1 0 0 0 0 0 0 0
264 1 0.1 4.2392 3.21472 0.581423 0.000495009 -0.00283234 0.0391414 -0.283644 -0.269357 -0.0324539 1 0 0 0 0 0 0 0
265 1 0.1 4.40007 3.3727 0.616509 -0.119558 -0.0938929 -0.0590951 -0.266552 -0.271265 -0.00602444 1 0 0 0 0 0 0 0
266 1 0.1 4.51387 3.4972 0.460833 -0.0429058 0.0191246 -0.155718 0.526044 1.35171 -0.0883174 1 0 0 0 0 0 0 0
267 1 0.1 4.70533 3.67969 0.541883 -0.00482782 -0.00442735 -0.00177718 -0.0708691 0.0410841 -0.0732484 1 0 0 0 0 0 0 0
268 1 0.1 4.95834 3.93943 0.451179 0.00460572 0.000855203 0.00397637 -0.0582486 -0.015045 0.0747103 1 0 0 0 0 0 0 0
269 1 0.1 5.0814 4.05594 0.572961 -0.00506725 0.00240917 -0.00113177 -0.109484 -0.013815 0.0159379 1 0 0 0 0 0 0 0
270 1 0.1 5.22208 4.20238 0.555699 -0.00960714 -0.00930359 -0.0110386 0.00236274 0.137822 -0.132859 1 0 0 0 0 0 0 0
271 1 0.1 5.37032 4.34687 0.581688 -0.00206961 0.00860454 0.00551592 -0.0218588 -0.0597466 0.0654242 1 0 0 0 0 0 0 0
272 1 0.1 5.50715 4.48811 0.545741 0.00105069 0.00442915 0.00331332 -0.0431805 -0.00936516 0.0275235 1 0 0 0 0 0 0 0
273 1 0.1 5.6504 4.62441 0.582712 0.00331539 0.00762881 0.00440491 -0.0407618 -0.0276103 0.0987615 1 0 0 0 0 0 0 0
274 1 0.1 5.78771 4.76902 0.550962 -0.00197739 0.00139063 3.31935e-05 -0.0120826 -0.0113376 -0.00223893 1 0 0 0 0 0 0 0
275 1 0.1 6.14477 0.877602 0.535246 -0.0116766 0.0195688 0.00743751 0.0444848 0.0502084 -0.0193668 1 0 0 0 0 0 0 0
276 1 0.1 5.76726 1.47725 0.613673 0.00885261 -0.00147692 -0.00901888 -0.139159 -0.0392805 -0.0179573 1 0 0 0 0 0 0 0
277 1 0.1 5.70202 1.54792 0.439225 -0.00555619 -0.0309327 -0.0240377 -0.215652 0.135002 0.106331 1 0 0 0 0 0 0 0
278 1 0.1 5.59847 1.70917 0.385283 -0.0237482 -0.0467734 -0.0175648 0.301932 -0.0827415 0.0609614 1 0 0 0 0 0 0 0
279 1 0.1 5.51809 1.76127 0.559727 0.0122145 -0.022882 -0.010352 -0.665092 0.534908 0.114092 1 0 0 0 0 0 0 0
280 1 0.1 5.34918 1.92912 0.522763 -0.0079355 -0.0220804 -0.0097008 0.0304315 0.033546 0.111769 1 0 0 0 0 0 0 0
281 1 0.1 5.1999 2.06179 0.516819 -0.00326906 -0.014231 -0.00789048 -0.00700128 0.250455 -0.117794 1 0 0 0 0 0 0 0
282 1 0.1 5.08847 2.14722 0.698913 0.00931868 -0.0454164 0.060199 -0.233633 -0.391387 -0.608709 1 0 0 0 0 0 0 0
283 1 0.1 4.95717 2.32378 0.567303 0.178396 -0.0882669 0.00989408 -1.37848 -1.02653 -2.10329 1 0 0 0 0 0 0 0
284 1 0.1 4.88509 2.74905 0.579028 -0.141481 -0.0239432 -0.140836 -1.63553 1.55036 -1.68617 1 0 0 0 0 0 0 0
285 1 0.1 4.44581 2.57179 0.75165 -0.0190583 0.0022166 -0.0078815 0.134784 0.19789 -0.0781765 1 0 0 0 0 0 0 0
286 1 0.1 4.51692 2.73464 0.642412 -0.00573221 -0.0178855 0.00399272 0.143657 0.182336 -0.128825 1 0 0 0 0 0 0 0
287 1 0.1 4.57506 3.11778 0.751841 0.00050934 0.00857736 -0.0326108 -0.316591 0.163614 0.180471 1 0 0 0 0 0 0 0
288 1 0.1 4.36985 3.10471 0.444324 -0.0219371 0.024475 -0.0216251 -0.204209 -0.751809 -0.734359 1 0 0 0 0 0 0 0
289 1 0.1 4.66826 3.29695 0.445292 -0.0499566 0.0277799 0.0482599 1.33475 -2.72603 -1.04325 1 0 0 0 0 0 0 0
290 1 0.1 4.82358 3.40715 0.299983 0.0424722 0.110307 -0.0361951 0.979437 -1.82178 -0.0965124 1 0 0 0 0 0 0 0
291 1 0.1 4.8549 3.59059 0.638869 -0.003442 -0.0053084 -0.0121037 -0.123546 0.176052 -0.0577962 1 0 0 0 0 0 0 0
292 1 0.1 5.04984 3.5851 0.596367 -0.00430031 -0.0184044 -0.0168032 -0.183417 -0.122796 -0.00834383 1 0 0 0 0 0 0 0
293 1 0.1 5.02362 3.75844 0.50128 0.00448643 -0.0113764 -0.0172468 0.213663 0.273323 -0.166526 1 0 0 0 0 0 0 0
294 1 0.1 5.2195 3.9119 0.563259 -0.0842745 -0.0613171 0.000978409 -0.789088 0.823082 -0.921545 1 0 0 0 0 0 0 0
295 1 0.1 5.34735 4.0617 0.622383 -0.0147362 -0.0342147 -0.0536297 -0.497188 0.830939 -0.559692 1 0 0 0 0 0 0 0
296 1 0.1 5.55926 4.28331 0.593696 -0.0022359 0.0173131 -0.000252864 0.141175 0.0681141 0.0153146 1 0 0 0 0 0 0 0
297 1 0.1 5.69445 4.42985 0.586454 0.000418814 0.0121007 0.00751463 0.0210688 0.105681 -0.123816 1 0 0 0 0 0 0 0
298 1 0.1 5.76859 4.54601 0.442033 0.0074174 0.0059554 0.00713161 0.0178266 -0.0181071 -0.0941832 1 0 0 0 0 0 0 0
299 1 0.1 6.08502 5.06449 0.56051 -0.278323 -0.174002 -0.0899698 0.001147 0.30439 -1.24011 1 0 0 0 0 0 0 0
300 1 0.1 6.28354 0.734412 0.550021 -0.012304 0.0181508 0.0005061 0.00168897 0.000907909 0.00360117 1 0 0 0 0 0 0 0
301 1 0.1 5.90502 1.36244 0.512157 -0.0070147 0.11761 0.00618514 -0.115961 0.0874998 0.296249 1 0 0 0 0 0 0 0
302 1 0.1 5.88021 1.65209 0.495095 -0.00801517 -0.108105 -0.00820462 0.0694452 0.0649276 0.637658 1 0 0 0 0 0 0 0
303 1 0.1 5.85558 1.82207 0.596802 -0.0613799 -0.102805 -0.0106344 -0.180131 0.645619 0.421839 1 0 0 0 0 0 0 0
304 1 0.1 5.66067 1.89995 0.584593 -0.0968947 -0.149893 0.0176866 0.60107 -0.116435 -1.06079 1 0 0 0 0 0 0 0
305 1 0.1 5.50593 2.02543 0.600771 -0.0120833 -0.041248 -0.005747 -0.476051 0.539737 -0.339043 1 0 0 0 0 0 0 0
306 1 0.1 5.29504 2.41149 0.530865 -0.154363 -0.016387 0.254862 -0.60924 0.243027 -1.00837 1 0 0 0 0 0 0 0
307 1 0.1 5.1372 2.41122 0.658003 0.0353358 0.0517476 0.0640844 -1.47197 0.815093 1.8218 1 0 0 0 0 0 0 0
308 1 0.1 5.04377 2.52653 0.263185 -0.131885 0.118113 0.0153152 -0.59316 -0.417425 -0.298385 1 0 0 0 0 0 0 0
309 1 0.1 4.94995 2.53184 0.555762 0.0331922 0.0114286 -0.00867668 -1.15108 -0.914536 0.135269 1 0 0 0 0 0 0 0
310 1 0.1 5.20924 2.74592 0.525847 0.0589474 -0.00356261 0.0180776 0.189643 0.409942 0.550319 1 0 0 0 0 0 0 0
311 1 0.1 4.64702 2.8319 0.762932 0.0243975 -0.0167515 0.00164823 0.0313215 0.133721 0.175592 1 0 0 0 0 0 0 0
312 1 0.1 4.55512 3.07246 0.509804 -0.0516684 -0.0240708 0.0376395 -0.111157 0.173853 0.0982624 1 0 0 0 0 0 0 0
313 1 0.1 4.86205 3.25173 0.430518 -0.0424339 0.0793597 0.0282989 1.10906 0.165552 0.190527 1 0 0 0 0 0 0 0
314 1 0.1 5.02606 3.19894 0.329369 -0.0488736 0.157009 -0.0148661 -0.259243 0.114753 0.22853 1 0 0 0 0 0 0 0
315 1 0.1 5.05342 3.30771 0.565253 0.0195973 0.0179627 -0.014636 0.0673044 -0.315902 -0.0953213 1 0 0 0 0 0 0 0
316 1 0.1 5.29668 3.43203 0.417127 0.088753 -0.00907661 0.0352982 0.213708 -0.0193312 -0.399909 1 0 0 0 0 0 0 0
317 1 0.1 5.23792 3.64405 0.564504 0.0129354 -0.0265063 0.0651294 0.127604 -0.823015 -0.0926646 1 0 0 0 0 0 0 0
318 1 0.1 5.40797 3.73241 0.49446 -0.0781082 -0.0983105 0.0719277 -0.608978 0.14986 -2.29362 1 0 0 0 0 0 0 0
319 1 0.1 5.47874 3.91238 0.570023 -0.0478844 0.041548 0.0111769 -0.390322 -0.24831 -0.154829 1 0 0 0 0 0 0 0
320 1 0.1 5.56697 4.08969 0.54762 -0.0135758 0.0231206 -0.00406758 -0.0336822 -0.276336 -0.168509 1 0 0 0 0 0 0 0
321 1 0.1 5.82235 4.06745 0.575259 -0.0365696 -0.0170696 -0.00541004 0.0382602 -0.0457799 -0.28707 1 0 0 0 0 0 0 0
322 1 0.1 5.85041 4.30728 0.561951 -0.00156823 0.0138313 0.00368185 -0.181403 0.17983 0.0898689 1 0 0 0 0 0 0 0
323 1 0.1 5.94063 4.66957 0.456592 -0.126193 -0.0174022 0.059823 0.483719 -0.0693284 0.100794 1 0 0 0 0 0 0 0
324 1 0.1 6.22566 5.20388 0.532715 -0.260421 -0.162036 -0.00447424 0.525034 -0.557338 -1.07589 1 0 0 0 0 0 0 0
325 1 0.1 6.22149 1.04142 0.441158 -0.0610542 0.119644 -0.0211723 0.254431 0.509193 1.73251 1 0 0 0 0 0 0 0
326 1 0.1 6.0384 1.21455 0.497055 -0.121365 0.00521673 -0.175444 -0.546054 2.4389 -0.0145992 1 0 0 0 0 0 0 0
327 1 0.1 5.85237 1.98081 0.475677 -0.116499 -0.0794751 -0.00216986 0.273856 0.42194 -0.537322 1 0 0 0 0 0 0 0
328 1 0.1 5.70529 2.26539 0.598363 -0.131459 -0.0205403 -0.0686205 0.473948 0.664387 -0.59186 1 0 0 0 0 0 0 0
329 1 0.1 5.85803 2.13706 0.59995 -0.187479 -0.0704194 0.0134634 -0.199018 -2.17864 -0.064587 1 0 0 0 0 0 0 0
330 1 0.1 5.46978 2.31486 0.620512 0.0440066 -0.019392 0.0127079 0.0283978 -0.432724 -0.138676 1 0 0 0 0 0 0 0
331 1 0.1 5.60661 2.14336 0.475084 -0.0839689 -0.0480051 -0.0675014 0.225812 0.242489 0.561438 1 0 0 0 0 0 0 0
332 1 0.1 5.77634 2.63961 0.715272 -0.030318 -0.0636077 -0.00407594 0.279627 0.0432521 -0.0549388 1 0 0 0 0 0 0 0
333 1 0.1 5.70276 2.57199 0.423673 -0.0253771 -0.0362009 -0.00594521 0.00730017 -0.00189174 -0.144549 1 0 0 0 0 0 0 0
334 1 0.1 5.54196 2.60969 0.591598 -0.0216159 -0.0300646 0.0139769 -0.749305 0.00494654 0.463261 1 0 0 0 0 0 0 0
335 1 0.1 5.10905 2.44193 0.462813 -0.0377412 -0.0609818 0.00264561 0.190746 -0.261644 -1.38845 1 0 0 0 0 0 0 0
336 1 0.1 5.49484 2.77047 0.482646 -0.262358 -0.191284 -0.113672 1.12747 -0.366583 -1.97617 1 0 0 0 0 0 0 0
337 1 0.1 4.82895 2.94711 0.593588 -0.0929342 0.241522 -0.131081 1.28145 0.99261 0.00314162 1 0 0 0 0 0 0 0
338 1 0.1 5.19673 2.91285 0.419338 -0.0453063 0.0657388 0.0964336 0.711993 1.79289 -0.689932 1 0 0 0 0 0 0 0
339 1 0.1 5.233 3.2288 0.528879 0.0127814 -0.0102712 0.0270456 -0.0696961 -0.158702 -0.22771 1 0 0 0 0 0 0 0
340 1 0.1 5.41091 3.27164 0.451601 0.037654 -0.039984 0.0363035 0.176898 0.0657488 -0.25284 1 0 0 0 0 0 0 0
341 1 0.1 5.40717 3.40584 0.598897 0.117708 -0.0188091 0.0192985 -0.193243 -0.651615 -1.39602 1 0 0 0 0 0 0 0
342 1 0.1 5.46172 3.53564 0.459307 0.123237 -0.0287146 0.0122721 0.29982 1.06994 0.751829 1 0 0 0 0 0 0 0
343 1 0.1 5.58146 3.71286 0.377619 -0.0459479 -0.0127016 0.0236469 0.348835 0.00505831 0.111561 1 0 0 0 0 0 0 0
344 1 0.1 5.78683 3.69345 0.566787 -0.0508231 0.0194092 0.00440419 -0.453555 -0.248523 -1.72065 1 0 0 0 0 0 0 0
345 1 0.1 5.80593 3.38099 0.763191 0.0484168 -0.0320572 0.00403898 -0.338313 -0.460188 0.0201445 1 0 0 0 0 0 0 0
346 1 0.1 5.86447 3.87401 0.602858 0.0213027 -0.00571957 -0.0174189 0.0907022 -0.00894346 0.887523 1 0 0 0 0 0 0 0
347 1 0.1 6.06845 3.91766 0.600132 0.0441443 0.000513148 0.0121436 -0.17314 -0.116514 0.260232 1 0 0 0 0 0 0 0
348 1 0.1 5.93038 4.90886 0.559038 -0.000744509 2.01336e-05 -7.83375e-05 -0.00255819 -0.000874768 -0.00498341 1 0 0 0 0 0 0 0
349 1 0.1 6.13727 4.87499 0.524157 -0.419137 -0.244432 -0.0112319 -0.87107 -0.306787 -0.289944 1 0 0 0 0 0 0 0
350 1 0.1 6.24448 1.23712 0.561028 0.020386 -0.0862414 -0.311606 -2.1215 0.823711 0.236253 1 0 0 0 0 0 0 0
351 1 0.1 6.11078 1.38533 0.571401 0.0539284 -0.0487294 -0.245818 1.21052 1.17063 -0.587262 1 0 0 0 0 0 0 0
352 1 0.1 6.02232 1.56181 0.602033 0.0775271 -0.0639582 -0.0425707 0.348603 0.289225 0.488787 1 0 0 0 0 0 0 0
353 1 0.1 5.95014 2.0665 0.762634 -0.196451 0.0105967 0.0160952 0.0600799 1.75121 1.29336 1 0 0 0 0 0 0 0
354 1 0.1 5.90943 2.85036 0.166185 0.0259083 -0.0460334 -0.0273794 -0.20036 0.247117 -0.0948019 1 0 0 0 0 0 0 0
355 1 0.1 5.78395 3.00335 0.137337 -0.0135191 -0.0727006 -0.0004324 -0.00435138 -0.0182251 0.041155 1 0 0 0 0 0 0 0
356 1 0.1 5.6167 2.75053 0.761593 -0.00886691 -0.0450583 0.0119787 0.0543599 -0.0720321 -0.285623 1 0 0 0 0 0 0 0
357 1 0.1 5.84127 2.8587 0.507193 -0.0209408 -0.0214373 -0.000884499 -0.0308437 -0.957213 -0.967922 1 0 0 0 0 0 0 0
358 1 0.1 5.19803 2.84849 0.722176 0.0213448 0.0474341 -0.0388696 0.52766 1.29689 0.0605793 1 0 0 0 0 0 0 0
359 1 0.1 5.68524 2.73921 0.541948 -0.0731768 0.0175502 -0.055972 -0.493097 -0.1808 0.53032 1 0 0 0 0 0 0 0
360 1 0.1 5.89109 3.00733 0.631128 -0.0210104 -0.0756193 0.0649561 0.15578 -1.26128 -0.868505 1 0 0 0 0 0 0 0
361 1 0.1 5.68273 2.92464 0.655289 -0.0485946 -0.0629057 0.0345675 -0.159017 0.179427 -0.422551 1 0 0 0 0 0 0 0
362 1 0.1 5.49172 2.95915 0.607758 -0.0302694 0.012153 -0.0129508 -0.0660146 0.266598 0.994441 1 0 0 0 0 0 0 0
363 1 0.1 5.27762 3.02661 0.569025 0.0143179 0.0240002 -0.0143781 -0.686224 0.803412 0.0757629 1 0 0 0 0 0 0 0
364 1 0.1 5.5615 3.07073 0.762516 -0.0612984 -0.0282564 0.000491521 0.141735 -0.654693 -0.534757 1 0 0 0 0 0 0 0
365 1 0.1 5.422 3.14417 0.639662 0.0143584 0.0444014 -0.0415011 0.710998 -0.381748 0.183319 1 0 0 0 0 0 0 0
366 1 0.1 5.80694 3.18529 0.596519 0.0476831 -0.0592253 0.00322638 -0.217813 -0.0233484 0.35598 1 0 0 0 0 0 0 0
367 1 0.1 5.63987 3.26815 0.762984 0.105654 0.0211229 -0.0100121 0.19975 -1.11517 -0.115087 1 0 0 0 0 0 0 0
368 1 0.1 5.61595 3.52872 0.584995 0.184057 0.00970019 -0.0485737 0.17091 -0.125287 -0.00135973 1 0 0 0 0 0 0 0
369 1 0.1 5.95605 3.58405 0.488931 -0.0979299 0.0667592 0.0686359 -1.16781 1.44931 -1.06861 1 0 0 0 0 0 0 0
370 1 0.1 5.73988 3.37247 0.576032 0.120553 -0.0388439 -0.0112517 -0.0551176 -0.31145 -0.935777 1 0 0 0 0 0 0 0
371 1 0.1 5.78064 3.29075 0.398861 0.0759572 -0.064711 -0.0125725 0.169112 0.00187247 -0.817956 1 0 0 0 0 0 0 0
372 1 0.1 5.96358 3.99296 0.447477 0.028505 -0.010427 0.014496 0.0342862 0.300562 -0.242984 1 0 0 0 0 0 0 0
373 1 0.1 5.9431 4.48442 0.565359 -0.00980146 0.0240703 -0.00267485 0.11268 -0.0783286 -0.107462 1 0 0 0 0 0 0 0
374 1 0.1 6.08771 4.69149 0.59031 -0.0652628 -0.180013 0.0177163 1.10804 0.727708 -0.737336 1 0 0 0 0 0 0 0
375 1 0.1 6.08726 0.933825 0.759307 -0.0028111 0.00750365 0.0255175 0.024161 -0.414736 0.107618 1 0 0 0 0 0 0 0
376 1 0.1 5.78289 1.23761 0.749996 0.0236307 -0.0326772 -0.000535381 0.000213196 0.000385294 -0.0049253 1 0 0 0 0 0 0 0
377 1 0.1 5.64152 1.37897 0.749983 0.0221514 -0.0308918 -0.000572009 -0.000919702 -0.00133813 0.00134322 1 0 0 0 0 0 0 0
378 1 0.1 5.50062 1.52067 0.747479 0.0193974 -0.0282965 -0.00319819 -0.0124357 -0.019946 -0.00815588 1 0 0 0 0 0 0 0
379 1 0.1 5.35919 1.66154 0.751661 0.0181708 -0.028576 -0.00709993 -0.0204539 0.0126776 0.0236214 1 0 0 0 0 0 0 0
380 1 0.1 5.2231 1.80692 0.763137 0.00805564 -0.0385329 0.00318395 -0.301973 0.342965 -0.188051 1 0 0 0 0 0 0 0
381 1 0.1 5.07964 1.94349 0.762664 0.0240207 -0.0320804 -0.00130583 -0.16897 -0.0979606 -0.0202797 1 0 0 0 0 0 0 0
382 1 0.1 4.87364 2.14709 0.762965 0.0147522 -0.00907452 0.000128872 -0.0506763 -0.0934445 -0.0474318 1 0 0 0 0 0 0 0
383 1 0.1 4.72666 2.29023 0.753246 -0.00465076 0.0168918 -0.0112219 -0.149562 0.118175 0.101082 1 0 0 0 0 0 0 0
384 1 0.1 4.58836 2.43562 0.769647 -0.0542333 -0.00316367 -0.0988373 0.134792 0.920303 -0.0415949 1 0 0 0 0 0 0 0
385 1 0.1 4.38997 2.63379 0.525804 -0.0014038 -0.0125498 0.00461771 -0.00834712 -0.0104775 0.0123093 1 0 0 0 0 0 0 0
386 1 0.1 4.19421 2.87791 0.762598 -0.00195875 0.000133972 -0.00309033 -0.00437306 0.0441873 -0.0209731 1 0 0 0 0 0 0 0
387 1 0.1 4.32514 2.94539 0.627947 0.00547898 -0.0122482 -0.00617288 0.293528 0.121227 0.394146 1 0 0 0 0 0 0 0
388 1 0.1 4.19051 3.11427 0.75204 -0.0260371 -0.104438 -0.018896 0.0193264 -0.00707307 -0.02064 1 0 0 0 0 0 0 0
389 1 0.1 4.55867 3.25362 0.602304 -0.0775833 -0.0405735 0.0214311 -0.239889 1.71934 1.59292 1 0 0 0 0 0 0 0
390 1 0.1 4.52119 3.43308 0.762473 -0.17001 -0.0975937 -0.00919162 0.541561 -0.324866 1.12681 1 0 0 0 0 0 0 0
391 1 0.1 4.6958 3.6717 0.751803 -0.163637 -0.134133 -0.0403501 0.209305 0.268226 -1.40698 1 0 0 0 0 0 0 0
392 1 0.1 4.84699 3.81582 0.578859 -0.00386385 -0.000205712 -0.015964 0.00973386 0.00484657 -0.00537737 1 0 0 0 0 0 0 0
393 1 0.1 4.94975 3.93341 0.75055 -0.104458 -0.0666577 0.0084081 -0.182708 0.1284 -1.22784 1 0 0 0 0 0 0 0
394 1 0.1 5.12706 4.09951 0.762409 0.0014753 0.00427123 0.000491622 -0.025128 -0.0218087 0.0474956 1 0 0 0 0 0 0 0
395 1 0.1 5.28085 4.2586 0.75005 -0.00184275 -0.00274295 -0.00268093 -0.00656631 0.0230715 -0.0140889 1 0 0 0 0 0 0 0
396 1 0.1 5.42998 4.40534 0.762611 0.012572 -0.00256149 0.00877227 -0.0323072 -0.0369982 0.0344233 1 0 0 0 0 0 0 0
397 1 0.1 5.57392 4.55371 0.753716 0.00152283 0.00695494 0.00343344 -0.0196011 -0.00755732 0.0713551 1 0 0 0 0 0 0 0
398 1 0.1 5.71987 4.70223 0.753176 -0.00874815 0.0031235 0.00529268 0.0174696 -0.0381031 0.0734138 1 0 0 0 0 0 0 0
399 1 0.1 5.86894 4.83431 0.736684 -0.0997261 0.0645558 -0.153072 0.142467 2.04582 -0.671366 1 0 0 0 0 0 0 0
400 1 0.1 6.2576 0.770084 0.762522 -0.0488385 0.0474608 -0.000498016 0.0335742 0.00306115 0.00639146 1 0 0 0 0 0 0 0
401 1 0.1 5.95259 1.07491 0.715432 -0.00287877 -0.00107949 -0.0012504 -0.00897357 -0.000958344 0.0147094 1 0 0 0 0 0 0 0
402 1 0.1 5.68914 1.58536 0.762528 0.00895812 -0.0149569 0.000146943 0.153375 0.0386635 0.151135 1 0 0 0 0 0 0 0
403 1 0.1 5.70328 1.68924 0.580495 -0.000570425 -0.0699863 0.0188393 0.631036 -0.853675 -0.610705 1 0 0 0 0 0 0 0
404 1 0.1 5.54791 1.72669 0.762554 0.0109235 -0.00998017 0.000591017 -0.0906777 -0.0939443 -0.204551 1 0 0 0 0 0 0 0
405 1 0.1 5.40513 1.85006 0.697139 0.00547737 -0.0219423 -0.0141023 0.178281 -0.194932 0.418321 1 0 0 0 0 0 0 0
406 1 0.1 5.38313 2.03706 0.762848 -0.0281529 -0.0253535 -0.00317347 -0.101649 -0.0139771 0.0225141 1 0 0 0 0 0 0 0
407 1 0.1 5.35326 2.15393 0.603841 0.0210472 -0.0144396 -0.010089 -0.128839 -0.140096 -0.0806772 1 0 0 0 0 0 0 0
408 1 0.1 4.99046 2.3091 0.762999 0.0331668 -0.000971526 0.0145503 0.0407607 -0.217487 -0.0327382 1 0 0 0 0 0 0 0
409 1 0.1 4.82767 2.4449 0.685783 -0.0270293 0.0439064 -0.023362 0.0517367 -0.174433 0.321556 1 0 0 0 0 0 0 0
410 1 0.1 4.30765 2.71364 0.762839 -0.00484452 -0.00112395 -0.00130247 -0.160711 -0.123538 -0.0160773 1 0 0 0 0 0 0 0
411 1 0.1 4.45433 2.88017 0.762987 0.0162042 -0.0113936 -0.00105129 -0.153066 -0.157883 -0.171014 1 0 0 0 0 0 0 0
412 1 0.1 4.38476 3.06983 0.764722 -0.00275539 -0.0103989 -0.00136491 -0.174077 0.0739476 -0.0446999 1 0 0 0 0 0 0 0
413 1 0.1 4.66329 3.29351 0.764754 -0.0314927 0.0331136 -0.0117111 0.769091 -0.196147 0.979619 1 0 0 0 0 0 0 0
414 1 0.1 4.78222 3.32177 0.607011 0.00906335 -0.0153913 0.0128287 -0.451291 -0.206288 -0.495945 1 0 0 0 0 0 0 0
415 1 0.1 4.65753 3.51117 0.638854 -0.368755 0.00259596 -0.164192 0.517955 2.09315 -0.31842 1 0 0 0 0 0 0 0
416 1 0.1 5.08794 3.48193 0.762816 -0.00227807 -0.00366891 -0.0019138 -0.0107622 0.0383183 0.164794 1 0 0 0 0 0 0 0
417 1 0.1 4.88204 3.74523 0.762577 -0.115946 0.000462697 0.00260394 0.00105844 0.00127037 0.00459389 1 0 0 0 0 0 0 0
418 1 0.1 5.09171 3.81074 0.681775 -0.0715789 -0.0349891 0.0187244 0.676081 -0.699954 1.4385 1 0 0 0 0 0 0 0
419 1 0.1 5.25915 3.95012 0.762774 0.00631803 0.016096 0.00153564 0.209025 -0.0212633 0.0197278 1 0 0 0 0 0 0 0
420 1 0.1 5.47377 4.21029 0.762597 -0.00618751 -0.0148101 -0.00692099 -0.195245 0.0334414 -0.064635 1 0 0 0 0 0 0 0
421 1 0.1 5.62981 4.36248 0.762804 -0.0017629 0.0108898 0.00063893 0.0978517 -0.0335821 -0.126453 1 0 0 0 0 0 0 0
422 1 0.1 5.76853 4.50851 0.758383 -0.00603249 0.00381477 0.00533324 0.00858713 -0.0108864 -0.0796971 1 0 0 0 0 0 0 0
423 1 0.1 5.8927 4.64715 0.669631 -0.00558758 0.0150263 0.00825076 0.0466461 -0.017927 0.00880974 1 0 0 0 0 0 0 0
424 1 0.1 6.16926 5.14512 0.758383 -0.148407 -0.0964855 -0.0627338 0.247268 0.386274 -0.938839 1 0 0 0 0 0 0 0
425 1 0.1 6.39717 0.627301 0.751969 -0.0654662 0.0364832 -0.0769334 0.10758 0.900559 -0.0712815 1 0 0 0 0 0 0 0
426 1 0.1 6.01176 1.26008 0.761576 -0.00190521 -0.00492975 0.00385961 0.0271941 -0.100495 -0.0677621 1 0 0 0 0 0 0 0
427 1 0.1 5.88269 1.41246 0.762756 0.00368871 0.00148877 1.74725e-05 0.0337068 -0.0024988 -0.000283032 1 0 0 0 0 0 0 0
428 1 0.1 5.9648 1.79892 0.762552 -0.0432795 0.0525469 -4.91218e-05 -0.477443 -0.671874 1.38711 1 0 0 0 0 0 0 0
429 1 0.1 5.7703 1.89228 0.762661 -0.00779878 -0.0544893 -0.000456568 -0.508823 0.105662 -0.244172 1 0 0 0 0 0 0 0
430 1 0.1 5.57481 1.93175 0.762922 -6.51111e-05 -0.00958454 0.00017836 -0.128421 0.0392339 -0.234371 1 0 0 0 0 0 0 0
431 1 0.1 5.55399 2.13948 0.757856 -0.0152181 -0.0316508 0.019368 0.129251 -0.266881 -0.135031 1 0 0 0 0 0 0 0
432 1 0.1 5.25315 2.28294 0.760229 -1.33876 0.215365 -0.0220042 0.876672 1.52288 0.321775 1 0 0 0 0 0 0 0
433 1 0.1 5.33951 2.60191 0.572392 0.0414994 -0.00977955 0.0725248 -1.15759 -0.196288 -0.902511 1 0 0 0 0 0 0 0
434 1 0.1 4.99851 2.50925 0.763048 -0.0287153 0.0339428 0.00158435 0.344043 0.213404 -0.138419 1 0 0 0 0 0 0 0
435 1 0.1 4.83706 2.63005 0.759409 -0.0105804 0.0328138 -0.0122854 0.128108 0.212095 -0.53557 1 0 0 0 0 0 0 0
436 1 0.1 4.63716 2.62955 0.762543 -0.0170309 -0.0457921 -0.00114143 -0.0700745 -0.142229 -0.232035 1 0 0 0 0 0 0 0
437 1 0.1 4.71761 3.13263 0.608411 -0.0488476 0.00611782 0.0146839 -0.0690169 0.0120447 0.173599 1 0 0 0 0 0 0 0
438 1 0.1 4.83169 3.1858 0.7632 -0.0261253 0.0109573 -0.00450593 0.0362844 0.466795 0.0261523 1 0 0 0 0 0 0 0
439 1 0.1 4.83113 3.43641 0.762825 0.00484377 0.0036521 -0.00218234 0.038702 -0.0443616 0.0691656 1 0 0 0 0 0 0 0
440 1 0.1 4.98623 3.31084 0.753095 -0.00891157 -0.00410922 -0.0223976 0.285447 0.0245695 -0.239316 1 0 0 0 0 0 0 0
441 1 0.1 5.18775 3.65515 0.762518 -0.00165589 -0.00296099 -0.000708656 0.0261859 -0.0261661 -0.168515 1 0 0 0 0 0 0 0
442 1 0.1 5.32726 3.78501 0.67384 0.00214842 0.0128665 0.00127481 -0.658563 1.19975 0.508342 1 0 0 0 0 0 0 0
443 1 0.1 5.48407 3.90665 0.764513 -0.0336544 0.0387768 0.00263223 0.455808 0.421828 0.171833 1 0 0 0 0 0 0 0
444 1 0.1 5.60812 4.06328 0.756361 0.0207205 -0.00523008 0.0164467 -0.297591 0.193616 0.365478 1 0 0 0 0 0 0 0
445 1 0.1 5.72272 4.20664 0.678542 -0.0141154 0.00299826 -0.00716502 0.00643802 -0.0686279 -0.0969008 1 0 0 0 0 0 0 0
446 1 0.1 5.85596 4.32896 0.762584 -0.0113385 0.000142995 0.00128088 0.0281269 0.00875757 0.0152478 1 0 0 0 0 0 0 0
447 1 0.1 5.97398 4.48995 0.762647 -0.00256151 0.0140608 -0.000893772 0.0350127 0.0739487 0.0502101 1 0 0 0 0 0 0 0
448 1 0.1 6.0677 4.79151 0.762404 -0.0862295 -0.140157 -0.00760917 -1.42497 -0.994632 0.0711609 1 0 0 0 0 0 0 0
449 1 0.1 6.31017 5.28861 0.750063 -0.10689 -0.0826789 0.00141251 -0.0841591 0.0127492 -0.77624 1 0 0 0 0 0 0 0
450 1 0.1 6.30522 0.924554 0.644901 -0.0203602 0.0484807 0.0103723 -0.00746688 -0.24174 -0.0834129 1 0 0 0 0 0 0 0
451 1 0.1 6.16591 1.06728 0.631375 -0.017958 0.0516236 0.000934674 -0.0559682 0.168348 0.0625742 1 0 0 0 0 0 0 0
452 1 0.1 6.08939 1.46406 0.762653 0.062233 -0.0492224 -0.00714787 -0.53278 -0.660437 -0.314715 1 0 0 0 0 0 0 0
453 1 0.1 5.88683 1.61481 0.759441 -0.00130718 0.0367157 -0.00887089 0.265047 0.114233 0.372127 1 0 0 0 0 0 0 0
454 1 0.1 5.74781 2.09081 0.760921 -0.0132355 -0.0573011 -0.00300399 0.378859 0.401181 -0.124699 1 0 0 0 0 0 0 0
455 1 0.1 5.61204 2.33018 0.762592 -0.0161394 -0.0225342 0.00464398 -0.147849 0.635741 0.178271 1 0 0 0 0 0 0 0
456 1 0.1 5.42319 2.44676 0.762683 0.00792928 -0.0174083 -2.26766e-05 -0.0231965 -0.103418 0.115526 1 0 0 0 0 0 0 0
457 1 0.1 5.57382 2.33921 0.451816 0.0378 -0.0283498 0.00229456 0.263942 0.638276 -0.612391 1 0 0 0 0 0 0 0
458 1 0.1 5.26415 2.56765 0.754336 -0.0129769 -0.0427236 0.0434591 -0.338338 0.310541 0.386728 1 0 0 0 0 0 0 0
459 1 0.1 5.44713 2.64474 0.763297 -0.021747 -0.0110111 0.00679631 0.123988 0.184925 0.21501 1 0 0 0 0 0 0 0
460 1 0.1 5.11011 2.61618 0.638842 0.0201063 -0.00149186 0.018349 -0.0953347 -0.399961 -0.967148 1 0 0 0 0 0 0 0
461 1 0.1 4.84627 2.8293 0.762505 0.025436 0.0238129 -0.00739683 -0.0612158 0.0119998 0.204765 1 0 0 0 0 0 0 0
462 1 0.1 4.74126 3.00785 0.762659 -0.00886681 0.00155397 0.000246363 0.0555738 0.0920265 0.191759 1 0 0 0 0 0 0 0
463 1 0.1 5.09575 3.08577 0.514588 -0.0106686 -0.00582605 0.0146432 -0.0711324 -0.208085 0.0428351 1 0 0 0 0 0 0 0
464 1 0.1 4.92322 3.14923 0.59054 -0.0384132 0.00267168 -0.0221597 -0.0907733 -0.234697 -0.0191393 1 0 0 0 0 0 0 0
465 1 0.1 5.19456 3.44751 0.587647 0.024589 0.0142125 -0.0073576 -0.158254 -0.99888 0.0917909 1 0 0 0 0 0 0 0
466 1 0.1 5.40936 3.62631 0.762688 0.0193527 0.00330307 -0.00418881 0.135054 -0.126489 -0.969013 1 0 0 0 0 0 0 0
467 1 0.1 5.58994 3.72583 0.576581 -0.0509665 -0.0238178 0.0212307 0.183333 0.30531 2.53416 1 0 0 0 0 0 0 0
468 1 0.1 5.63388 3.77627 0.763702 -0.0374319 0.0225368 0.0033421 0.263155 0.480034 -0.411408 1 0 0 0 0 0 0 0
469 1 0.1 5.75793 3.93224 0.76258 0.0138514 -0.0258593 0.00152482 0.146188 0.201679 -0.431054 1 0 0 0 0 0 0 0
470 1 0.1 5.95689 3.95102 0.762563 0.0119559 -0.0160059 -0.00346773 -0.168673 -0.113821 0.536392 1 0 0 0 0 0 0 0
471 1 0.1 5.92852 4.14591 0.728377 -0.103321 -0.0349966 -0.0312716 -0.36173 1.71218 -0.663843 1 0 0 0 0 0 0 0
472 1 0.1 6.02549 4.32677 0.656687 -0.0298617 0.0117615 -0.00536377 0.00740666 0.132625 0.0854897 1 0 0 0 0 0 0 0
473 1 0.1 6.03359 4.9889 0.738359 -0.393592 -0.170424 -0.115549 0.237116 -0.183094 2.34027 1 0 0 0 0 0 0 0
474 1 0.1 6.22341 4.92391 0.700305 -0.224386 -0.0570218 0.0036488 -0.254789 -0.074757 -0.643601 1 0 0 0 0 0 0 0
475 1 0.1 6.30523 1.12374 0.762672 -0.00328879 0.0314224 -0.00158672 0.325012 0.0234532 -0.0925123 1 0 0 0 0 0 0 0
476 1 0.1 6.20781 1.29906 0.75868 0.0256171 -0.152878 -0.0101369 -0.185937 0.211797 -1.43132 1 0 0 0 0 0 0 0
477 1 0.1 6.01039 1.97157 0.597441 -0.126814 0.0441284 0.0289087 -0.803774 -0.779459 1.76774 1 0 0 0 0 0 0 0
478 1 0.1 5.85793 2.25751 0.762309 -0.0169354 -0.0538341 0.00309352 0.116484 0.244331 0.209595 1 0 0 0 0 0 0 0
479 1 0.1 5.79078 2.44571 0.761461 -0.0360569 -0.0618139 -0.0032147 -0.295171 0.0729555 -0.021197 1 0 0 0 0 0 0 0
480 1 0.1 5.91471 3.21326 0.76255 0.0314908 -0.0384174 0.00401227 0.0836726 -0.112144 -0.125517 1 0 0 0 0 0 0 0
481 1 0.1 5.82109 2.82862 0.762618 -0.0255889 -0.0664151 0.000565629 -0.159767 0.505409 0.114392 1 0 0 0 0 0 0 0
482 1 0.1 5.60934 2.5295 0.762948 -0.0178414 -0.00992413 -0.00732007 -0.0428754 0.118794 -0.171451 1 0 0 0 0 0 0 0
483 1 0.1 5.67806 2.46298 0.588779 -0.0428733 -0.0220741 -0.00650934 -0.0455832 -0.0485334 -0.12312 1 0 0 0 0 0 0 0
484 1 0.1 5.44021 2.84408 0.762598 0.0124257 -0.00260409 -0.00267456 0.00655076 -0.134119 -0.338971 1 0 0 0 0 0 0 0
485 1 0.1 5.319 3.00216 0.762723 0.0462461 0.0261334 -0.00815375 0.443236 -0.556376 -0.138466 1 0 0 0 0 0 0 0
486 1 0.1 5.02928 2.74975 0.762779 0.0385959 0.029587 0.00358242 0.334904 -0.295178 -0.0686818 1 0 0 0 0 0 0 0
487 1 0.1 4.94103 3.00504 0.762174 -0.00710074 0.0379223 -0.000963044 0.0835324 -0.0839923 0.12203 1 0 0 0 0 0 0 0
488 1 0.1 5.10186 3.12337 0.761859 -0.00649954 0.0320991 0.00795664 -0.0203538 0.0255494 -0.16287 1 0 0 0 0 0 0 0
489 1 0.1 5.18381 3.30149 0.72372 -0.00252326 0.0239451 -0.000884552 0.022301 0.210448 0.0389855 1 0 0 0 0 0 0 0
490 1 0.1 5.39115 3.29709 0.763586 -0.00479038 0.00384281 0.00818376 0.0538913 0.0471932 0.175848 1 0 0 0 0 0 0 0
491 1 0.1 5.28725 3.46797 0.76286 0.00221963 0.0160191 0.00165157 0.143003 0.00702449 -0.0174437 1 0 0 0 0 0 0 0
492 1 0.1 5.51321 3.45566 0.76082 0.0179709 -0.033031 0.104155 -0.735329 -1.05437 0.76908 1 0 0 0 0 0 0 0
493 1 0.1 5.76102 3.08358 0.762513 -0.0622076 -0.0226844 -0.00156149 -0.224765 0.632376 0.555674 1 0 0 0 0 0 0 0
494 1 0.1 5.69461 3.57445 0.76267 0.0894995 0.00223015 -0.00151134 0.0223652 -0.898095 0.234719 1 0 0 0 0 0 0 0
495 1 0.1 5.82739 3.72641 0.761986 0.0400557 0.244552 -0.0284119 -0.5007 -0.0864541 2.71452 1 0 0 0 0 0 0 0
496 1 0.1 5.87233 3.54213 0.665522 -0.0705184 0.0624712 0.0802288 0.452102 -1.53144 2.6628 1 0 0 0 0 0 0 0
497 1 0.1 5.99203 4.16784 0.540058 -0.0122918 0.00365348 0.00151186 -0.189463 -0.90185 0.206872 1 0 0 0 0 0 0 0
498 1 0.1 6.14206 4.59782 0.761087 0.132446 -0.115246 -0.0171124 1.01326 0.772268 -1.92739 1 0 0 0 0 0 0 0
499 1 0.1 6.28413 4.74216 0.762241 -0.444374 -0.177075 -0.00603517 0.14638 -0.224043 -1.71685 1 0 0 0 0 0 0 0
