500
0 1 0.1 5.93402 1.08491 0.142467 -0.00921152 0.00309287 0.0286131 0.0670828 -0.303083 0.0547853 1 0 0 0 0 0 0 0
1 1 0.1 5.79295 1.22659 0.13968 -0.00617966 0.00543268 0.00652378 0.00630288 -0.0696864 0.0684432 1 0 0 0 0 0 0 0
2 1 0.1 5.63689 1.38635 0.145897 0.00141471 -0.00223267 0.00422985 0.0362324 -0.0273274 -0.0136607 1 0 0 0 0 0 0 0
3 1 0.1 5.2891 1.73471 0.135022 0.0229101 -0.0328882 -0.00852223 0.378328 0.207643 -0.363452 1 0 0 0 0 0 0 0
4 1 0.1 5.48319 1.76168 0.408077 0.0299293 0.00180248 0.00596106 -0.189075 -0.140611 -0.0173939 1 0 0 0 0 0 0 0
5 1 0.1 5.13342 1.89311 0.13707 0.0181983 -0.0233716 0.00210606 0.171288 0.0796878 -0.26522 1 0 0 0 0 0 0 0
6 1 0.1 4.94518 2.06969 0.14963 -0.0360152 0.0542726 0.0164807 -0.0572703 -0.220994 0.610559 1 0 0 0 0 0 0 0
7 1 0.1 4.75991 2.2589 0.134264 0.0471448 -0.0569952 -0.00210857 0.490619 0.44921 0.829611 1 0 0 0 0 0 0 0
8 1 0.1 4.69974 2.69417 0.129561 0.105216 -0.07215 -0.00303246 -2.49621 2.03846 0.926356 1 0 0 0 0 0 0 0
9 1 0.1 4.65528 2.57684 0.263252 0.0675916 0.0354005 0.0675678 1.64814 -1.38194 -2.58619 1 0 0 0 0 0 0 0
10 1 0.1 4.19515 2.83052 0.137371 0.00208559 0.00872378 -0.00427913 -0.00414831 0.0870735 -0.0292705 1 0 0 0 0 0 0 0
11 1 0.1 4.1941 2.83891 0.456038 0.00474333 0.00260552 0.00727498 0.132624 -0.0747038 0.0455594 1 0 0 0 0 0 0 0
12 1 0.1 4.19271 3.12241 0.138393 0.0159462 0.000520427 -0.0125595 0.0997657 0.10265 -0.0720798 1 0 0 0 0 0 0 0
13 1 0.1 4.317 3.19077 0.402288 0.0247365 -0.00754742 0.00880389 -0.145528 0.324598 -0.328563 1 0 0 0 0 0 0 0
14 1 0.1 4.30462 3.28704 0.149371 0.0169982 0.0378162 0.0359461 0.237358 -0.513118 0.377251 1 0 0 0 0 0 0 0
15 1 0.1 4.44687 3.42689 0.143418 -0.0106531 0.126157 0.0831545 -0.251523 -0.160835 0.457388 1 0 0 0 0 0 0 0
16 1 0.1 4.49612 3.23106 0.137452 0.0114304 -0.000616264 0.0134433 1.05554 0.387517 -0.530267 1 0 0 0 0 0 0 0
17 1 0.1 4.71966 3.69637 0.268553 -0.00300021 -0.0425745 6.84783e-05 -0.620418 -0.877489 -1.15896 1 0 0 0 0 0 0 0
18 1 0.1 4.5886 3.5677 0.145859 0.0341413 0.110532 0.103859 0.27458 -0.108118 -0.88616 1 0 0 0 0 0 0 0
19 1 0.1 5.02072 4.00118 0.136554 0.00720202 0.00258875 0.00393073 -0.0795421 0.057608 0.0562035 1 0 0 0 0 0 0 0
20 1 0.1 5.16169 4.14274 0.139094 -0.00357617 0.00978675 -0.0140132 0.072876 -0.00156305 0.00884368 1 0 0 0 0 0 0 0
21 1 0.1 5.35866 4.1768 0.137484 -0.00641392 0.00268601 -0.00122685 -0.0150789 -0.090039 -0.0728646 1 0 0 0 0 0 0 0
22 1 0.1 5.4988 4.47377 0.138149 0.00133619 0.00206201 0.000156666 -0.00304282 -0.00788906 0.0239013 1 0 0 0 0 0 0 0
23 1 0.1 5.63878 4.61597 0.14593 1.94478e-05 0.00162715 -0.000407287 -0.000759206 0.01504 0.00455472 1 0 0 0 0 0 0 0
24 1 0.1 5.92079 4.89842 0.148249 -0.000725837 0.00114366 0.00198127 0.0213309 -0.0369273 -0.0123537 1 0 0 0 0 0 0 0
25 1 0.1 6.07796 0.940762 0.138647 -0.000100948 -0.000224899 0.00189622 0.00917785 -0.0166787 0.000293744 1 0 0 0 0 0 0 0
26 1 0.1 5.83054 1.43542 0.137464 -0.000563855 0.00925045 -0.000127248 -0.0951915 -0.00207281 -0.000782067 1 0 0 0 0 0 0 0
27 1 0.1 5.67202 1.58269 0.138629 0.0113542 -0.00384994 0.00725962 -0.00968901 0.00311587 -0.0838102 1 0 0 0 0 0 0 0
28 1 0.1 5.47365 1.5494 0.148852 -0.00865702 0.0101902 0.00115134 0.0734418 0.133179 -0.0921109 1 0 0 0 0 0 0 0
29 1 0.1 5.59496 1.89997 0.137234 0.0414017 -0.00148283 -0.000110996 -0.10201 0.295769 -0.159394 1 0 0 0 0 0 0 0
30 1 0.1 5.39185 1.90618 0.1375 0.0206866 -0.0333933 -0.000548273 0.0704831 0.0558453 0.00558113 1 0 0 0 0 0 0 0
31 1 0.1 5.14511 2.08882 0.162784 0.103957 -0.0392698 -0.00681087 -0.280774 -0.0613329 -0.560165 1 0 0 0 0 0 0 0
32 1 0.1 4.94834 2.27321 0.163748 0.0157863 0.0250602 -0.0228718 0.107212 -0.63611 -2.97738 1 0 0 0 0 0 0 0
33 1 0.1 4.48627 2.53862 0.137068 -0.0376093 0.0138527 -0.0135752 0.313281 0.518688 0.225443 1 0 0 0 0 0 0 0
34 1 0.1 4.88248 2.76902 0.148595 0.062632 0.0131904 0.0179621 0.0146168 -0.619191 0.0320906 1 0 0 0 0 0 0 0
35 1 0.1 4.33458 2.68834 0.147423 0.0070468 0.00736361 -0.00678772 -0.118668 0.0406013 0.0748403 1 0 0 0 0 0 0 0
36 1 0.1 5.26511 2.86199 0.30213 0.120936 0.037467 0.018619 -0.0411824 0.0614218 -0.28975 1 0 0 0 0 0 0 0
37 1 0.1 4.48348 2.85634 0.215837 0.0224073 0.00160323 0.105666 0.590693 -0.157856 -0.00536132 1 0 0 0 0 0 0 0
38 1 0.1 4.50577 3.02401 0.131923 -0.0112247 -0.0725348 -0.0120735 -2.27201 0.831364 0.0958887 1 0 0 0 0 0 0 0
39 1 0.1 4.3915 3.03734 0.506677 0.00441214 -0.00243723 0.0459716 0.051808 -0.403052 -0.43412 1 0 0 0 0 0 0 0
40 1 0.1 5.05967 3.22787 0.132891 -0.0990792 -0.0356276 -0.0218207 0.074632 0.474058 0.0400969 1 0 0 0 0 0 0 0
41 1 0.1 4.91346 3.51525 0.13722 -0.140238 0.068384 0.00996115 -0.68315 -1.33051 2.48868 1 0 0 0 0 0 0 0
42 1 0.1 4.8285 3.79975 0.136618 0.0417589 0.0732935 0.0291215 -0.732627 0.719543 0.613006 1 0 0 0 0 0 0 0
43 1 0.1 5.04965 3.91024 0.309781 0.0493104 -0.0290181 -0.00723928 0.443031 -0.00783182 0.665887 1 0 0 0 0 0 0 0
44 1 0.1 5.52946 3.88058 0.135085 0.0387782 0.012954 -0.00808619 -0.116418 0.391656 0.0328587 1 0 0 0 0 0 0 0
45 1 0.1 5.54954 4.07874 0.138454 0.0246337 0.00939857 -0.00587398 0.10515 -0.330879 0.167223 1 0 0 0 0 0 0 0
46 1 0.1 5.53299 4.27734 0.142904 0.00478579 0.00510192 0.00135846 -0.00494907 -0.0608853 0.0166905 1 0 0 0 0 0 0 0
47 1 0.1 5.76626 4.46249 0.137473 -3.86176e-05 0.00148143 0.00131424 -0.0487125 0.00880082 0.000968848 1 0 0 0 0 0 0 0
48 1 0.1 5.7812 4.75577 0.137814 -0.000686914 0.00082797 -0.00188157 0.0172906 0.0177713 0.000709092 1 0 0 0 0 0 0 0
49 1 0.1 6.06216 5.03968 0.147759 -0.000628596 0.00103717 0.0050184 -0.0468638 -0.0316389 0.00327076 1 0 0 0 0 0 0 0
50 1 0.1 6.21754 0.798132 0.151283 -0.000235564 -0.000941 -0.00266716 0.0281952 0.0491738 -0.0219418 1 0 0 0 0 0 0 0
51 1 0.1 5.98581 1.27854 0.138223 -0.00834783 0.00531346 0.00432802 -0.0814186 0.0724336 -0.0584769 1 0 0 0 0 0 0 0
52 1 0.1 5.93585 1.8415 0.137247 0.0261838 -0.0164126 -0.0132035 0.0683723 0.166272 0.0829004 1 0 0 0 0 0 0 0
53 1 0.1 5.74444 1.7687 0.136886 0.0282682 -0.0116116 0.00180279 -0.0456247 0.0144308 -0.0909456 1 0 0 0 0 0 0 0
54 1 0.1 5.73463 2.04298 0.140047 0.0999886 -0.0587525 -0.0456846 -0.0258194 0.152788 -0.563765 1 0 0 0 0 0 0 0
55 1 0.1 5.3422 2.09984 0.1374 0.108978 -0.0133291 0.00335747 0.105994 -0.0694644 0.846507 1 0 0 0 0 0 0 0
56 1 0.1 5.13477 2.28487 0.134484 -0.00148532 -0.0648637 -0.00454516 1.22972 0.128171 3.13323 1 0 0 0 0 0 0 0
57 1 0.1 5.33171 2.29679 0.442429 0.0292698 -0.0142626 0.0247705 -0.0909188 -0.9667 -0.0365211 1 0 0 0 0 0 0 0
58 1 0.1 4.91985 2.43679 0.255289 0.247328 0.0254595 -0.0350573 0.108962 -0.397186 -0.208884 1 0 0 0 0 0 0 0
59 1 0.1 4.64883 2.42689 0.135893 -0.0049886 0.121557 -0.000960133 -1.30484 -0.473151 1.20973 1 0 0 0 0 0 0 0
60 1 0.1 5.40514 2.69552 0.28808 0.0413835 0.015788 0.00960992 -0.204803 -0.0854982 -0.0857639 1 0 0 0 0 0 0 0
61 1 0.1 4.66455 2.8962 0.141077 0.0304478 -0.261937 -0.0261681 -0.929423 1.26096 -2.46944 1 0 0 0 0 0 0 0
62 1 0.1 4.90181 2.96458 0.138652 0.012361 0.0207987 -0.00343148 -0.227904 0.22271 0.500607 1 0 0 0 0 0 0 0
63 1 0.1 4.67477 3.12847 0.136791 -0.0635041 0.0103695 0.00146226 -0.0114344 0.100873 0.161552 1 0 0 0 0 0 0 0
64 1 0.1 4.87048 3.16006 0.133604 -0.0581266 0.0164746 0.0105335 -0.0997399 -0.516589 0.0927072 1 0 0 0 0 0 0 0
65 1 0.1 4.82416 3.45291 0.304722 0.0849656 -0.0593128 0.106639 -1.02476 -0.656436 -0.13962 1 0 0 0 0 0 0 0
66 1 0.1 5.31018 3.50327 0.136985 -0.0737157 -0.0211633 0.011797 -0.19298 -0.492021 1.98029 1 0 0 0 0 0 0 0
67 1 0.1 5.37993 3.70277 0.137397 0.0431767 0.0344768 0.00130888 -0.0136064 -0.0115676 -0.00866399 1 0 0 0 0 0 0 0
68 1 0.1 4.99843 3.69923 0.164853 0.0575403 0.113562 0.0509816 -1.70657 0.104737 -0.653559 1 0 0 0 0 0 0 0
69 1 0.1 5.49826 3.89482 0.420324 -0.0141919 0.00394963 0.000995173 0.0875014 -0.295647 -0.143489 1 0 0 0 0 0 0 0
70 1 0.1 5.62191 4.15524 0.309045 0.0307956 0.0421158 0.00739826 0.187635 -0.0552523 -0.147485 1 0 0 0 0 0 0 0
71 1 0.1 5.7191 4.18434 0.13723 0.0168276 0.023633 -0.00125085 -0.292909 0.234659 -0.0280651 1 0 0 0 0 0 0 0
72 1 0.1 5.90077 4.3134 0.137348 -0.00638915 0.00498765 0.00236495 -0.0555763 -0.0478083 0.301536 1 0 0 0 0 0 0 0
73 1 0.1 6.05622 4.74994 0.13727 0.00576798 0.00916258 0.00156167 -0.0368248 0.0144457 -0.00698847 1 0 0 0 0 0 0 0
74 1 0.1 6.28786 5.27254 0.150014 0.000295076 0.000465453 0.000137009 -0.00131552 -0.000768941 0.00674824 1 0 0 0 0 0 0 0
75 1 0.1 6.23266 1.02177 0.266753 -0.000350631 0.000129248 0.00266834 -0.0221842 -0.0725292 -0.0026407 1 0 0 0 0 0 0 0
76 1 0.1 6.13009 1.13378 0.137094 0.00326889 -0.000831967 -8.6873e-06 0.0197321 0.0243066 -0.00301417 1 0 0 0 0 0 0 0
77 1 0.1 6.0435 1.67302 0.137331 0.0345389 -0.00381126 -0.00414633 0.0260522 0.304998 0.0837636 1 0 0 0 0 0 0 0
78 1 0.1 5.93447 2.04249 0.137479 0.100188 -0.0270453 0.00226418 0.0351667 -0.599965 0.834916 1 0 0 0 0 0 0 0
79 1 0.1 5.87156 2.30721 0.310789 0.0544884 -0.0152156 -0.0152693 0.117594 0.00140488 0.0466521 1 0 0 0 0 0 0 0
80 1 0.1 5.54136 2.0924 0.138485 0.112885 0.0198026 -0.0100477 -0.0452009 0.201528 -0.512069 1 0 0 0 0 0 0 0
81 1 0.1 5.51267 2.29013 0.133768 0.00913553 0.00286399 0.00624282 -0.184989 0.0902798 -0.148692 1 0 0 0 0 0 0 0
82 1 0.1 5.74252 2.79419 0.137175 0.0294172 -0.0260676 -0.000823263 0.277763 0.289017 0.119653 1 0 0 0 0 0 0 0
83 1 0.1 5.35912 2.38965 0.212915 -0.0100914 -0.0211177 -0.0245631 0.109796 0.29343 -0.327686 1 0 0 0 0 0 0 0
84 1 0.1 4.85714 2.57428 0.135386 0.14657 0.00510246 0.0107191 0.0442869 1.43708 0.824776 1 0 0 0 0 0 0 0
85 1 0.1 5.06237 2.64518 0.13634 0.155484 -0.032461 -0.00166364 0.278641 1.89896 0.104448 1 0 0 0 0 0 0 0
86 1 0.1 5.64255 2.89649 0.328936 0.0738448 0.00105781 -0.00539869 -0.0242872 0.298892 -0.321943 1 0 0 0 0 0 0 0
87 1 0.1 5.06744 2.84166 0.14177 0.070497 -0.0341326 0.100623 0.620083 1.22311 0.657503 1 0 0 0 0 0 0 0
88 1 0.1 5.213 3.23724 0.262293 -0.0287029 0.0142649 -0.126686 -0.162275 1.58161 0.144362 1 0 0 0 0 0 0 0
89 1 0.1 4.65748 3.38023 0.137481 -0.0837428 0.0404277 -0.00642268 0.0280087 1.04733 -0.0526365 1 0 0 0 0 0 0 0
90 1 0.1 5.14317 3.40266 0.167819 -0.111081 -0.0285236 -0.111391 -2.33544 -3.35316 -0.498766 1 0 0 0 0 0 0 0
91 1 0.1 5.5191 3.52869 0.136727 0.0370586 0.0067319 -0.00970674 0.0292511 0.251026 0.640293 1 0 0 0 0 0 0 0
92 1 0.1 5.68844 3.64536 0.137236 -0.0100847 0.0153982 0.00366909 -0.16877 -0.0688896 0.0442099 1 0 0 0 0 0 0 0
93 1 0.1 5.81076 3.88547 0.314941 0.0101198 -0.00778265 0.0564878 -0.409776 -0.064247 0.020515 1 0 0 0 0 0 0 0
94 1 0.1 5.71207 3.96073 0.142198 0.0137797 0.0418665 -0.0273308 0.047091 -0.181434 0.0209054 1 0 0 0 0 0 0 0
95 1 0.1 5.90616 4.0073 0.13746 0.0377729 0.0298749 0.00116322 0.0706897 -0.0989797 -0.124882 1 0 0 0 0 0 0 0
96 1 0.1 6.03192 4.16261 0.138689 0.031096 0.038318 0.014214 -0.0028551 -0.0478574 0.237431 1 0 0 0 0 0 0 0
97 1 0.1 6.05417 4.3825 0.245206 -0.027219 0.0114517 0.02913 0.363492 -0.153973 0.00159347 1 0 0 0 0 0 0 0
98 1 0.1 6.18177 4.89005 0.204956 -8.76284e-05 0.0053257 0.0152041 0.0153332 -0.0882226 0.0553241 1 0 0 0 0 0 0 0
99 1 0.1 6.25886 5.07482 0.143243 -0.000367421 0.000135728 0.00577041 -0.0552189 0.00254891 -0.0129647 1 0 0 0 0 0 0 0
100 1 0.1 6.43292 0.582665 0.349955 -0.000322979 0.000188424 -0.000278907 -0.00431184 -0.000952216 0.00720007 1 0 0 0 0 0 0 0
101 1 0.1 6.17566 1.34122 0.137493 -0.00514912 -0.00746327 0.000250747 -0.100113 -0.089844 -0.0705125 1 0 0 0 0 0 0 0
102 1 0.1 6.02652 1.47406 0.146967 0.00265635 0.0021675 -0.00795432 -0.0158896 0.0773027 -0.0557112 1 0 0 0 0 0 0 0
103 1 0.1 6.0161 2.43705 0.263944 0.0483718 -0.00753559 -0.00739098 -0.120246 -0.100638 0.0942884 1 0 0 0 0 0 0 0
104 1 0.1 5.94619 2.82631 0.571693 0.104883 -0.0253748 0.0237184 -0.313952 -0.298299 0.535135 1 0 0 0 0 0 0 0
105 1 0.1 5.8256 2.41722 0.137352 0.014032 -0.00732937 -0.000385319 -0.0224953 0.145562 0.0470683 1 0 0 0 0 0 0 0
106 1 0.1 5.71691 2.5974 0.158811 0.030895 -0.0251451 -0.0122923 -0.0815709 0.220027 -0.171557 1 0 0 0 0 0 0 0
107 1 0.1 5.83738 3.11829 0.491219 0.104074 -0.0133674 -0.0205404 0.248631 -0.679443 0.116382 1 0 0 0 0 0 0 0
108 1 0.1 5.53093 2.68623 0.136247 0.0123419 -0.00366782 -0.00283743 0.00257776 0.393196 0.00550634 1 0 0 0 0 0 0 0
109 1 0.1 5.554 2.48393 0.136696 0.0204736 -0.00426924 0.00536437 0.237952 0.081774 -0.00880665 1 0 0 0 0 0 0 0
110 1 0.1 5.35271 2.57448 0.1374 0.0621906 -0.0122454 7.07778e-05 0.115711 0.601006 -0.803969 1 0 0 0 0 0 0 0
111 1 0.1 5.23855 2.73836 0.13739 0.114019 0.0205169 0.00421633 0.0641414 -0.767403 0.202455 1 0 0 0 0 0 0 0
112 1 0.1 5.47888 3.09465 0.137416 0.0198476 0.0179942 -0.00244901 -0.156412 0.0742178 0.239125 1 0 0 0 0 0 0 0
113 1 0.1 5.08728 3.03563 0.134349 0.0290341 -0.0246243 0.000708255 -0.456311 -0.256152 0.322607 1 0 0 0 0 0 0 0
114 1 0.1 5.63268 3.23506 0.207147 0.0118228 0.024829 -0.0315728 -0.33526 -0.0772231 0.551141 1 0 0 0 0 0 0 0
115 1 0.1 5.74563 3.38062 0.136982 -0.0138563 0.0498907 0.000450832 0.271052 -0.491054 0.00882289 1 0 0 0 0 0 0 0
116 1 0.1 5.70702 3.06444 0.136989 0.0266363 0.0191237 0.000843957 -0.208873 0.252525 -0.415997 1 0 0 0 0 0 0 0
117 1 0.1 5.94261 3.34671 0.138238 -0.0199267 0.0119818 -0.0103773 0.0586168 0.492475 -0.397852 1 0 0 0 0 0 0 0
118 1 0.1 5.8222 3.79397 0.137489 -0.0651409 0.0697207 -0.00142498 -0.0451633 -0.0780198 0.688483 1 0 0 0 0 0 0 0
119 1 0.1 6.03303 3.85295 0.139297 0.0250277 0.015509 0.00246477 0.0662583 -0.0869146 -0.0993733 1 0 0 0 0 0 0 0
120 1 0.1 5.86479 3.53876 0.137003 -0.00462743 0.0329844 0.00378381 -0.585004 0.117159 -0.187654 1 0 0 0 0 0 0 0
121 1 0.1 6.0772 3.20031 0.169568 0.0242979 0.0623791 0.0171791 -0.0053613 -0.544897 0.90048 1 0 0 0 0 0 0 0
122 1 0.1 5.99294 4.31187 0.574376 0.0788104 -0.036681 0.0550292 -0.4677 -0.80526 0.162559 1 0 0 0 0 0 0 0
123 1 0.1 5.97183 4.52906 0.136879 0.0131248 0.00428889 -0.00838023 -0.0389352 0.0786069 0.0523252 1 0 0 0 0 0 0 0
124 1 0.1 6.16453 4.58183 0.141729 0.0186316 0.00709275 -6.32749e-05 0.00875382 -0.0674313 -0.11456 1 0 0 0 0 0 0 0
125 1 0.1 5.99817 1.0292 0.325222 -0.000371136 0.000577524 -2.248e-05 -0.00195467 -0.00204419 0.00142617 1 0 0 0 0 0 0 0
126 1 0.1 5.85608 1.16967 0.332681 -0.000959043 0.000740576 -0.000685251 -0.00347798 0.00312926 0.00204229 1 0 0 0 0 0 0 0
127 1 0.1 5.58134 1.44119 0.330082 -0.00172501 0.00214627 -0.00121516 -0.00958682 0.00606496 0.0141776 1 0 0 0 0 0 0 0
128 1 0.1 5.43819 1.5799 0.342733 0.000238443 0.00414734 0.00481532 0.158274 0.154764 -0.0481837 1 0 0 0 0 0 0 0
129 1 0.1 5.30396 1.72549 0.328743 0.0357295 0.0284159 -0.0205726 -0.985201 -0.0656356 -0.313817 1 0 0 0 0 0 0 0
130 1 0.1 5.09515 1.92666 0.329472 0.0265075 -0.0106313 0.000512019 0.0349333 0.144637 -0.143119 1 0 0 0 0 0 0 0
131 1 0.1 4.9642 2.0646 0.386788 0.0308268 -0.0120449 0.0164545 0.0135647 -0.00259343 0.146883 1 0 0 0 0 0 0 0
132 1 0.1 4.86891 2.23852 0.392859 0.00879554 -0.0291219 -0.00846903 -0.583213 0.438678 0.160094 1 0 0 0 0 0 0 0
133 1 0.1 4.71986 2.33731 0.310116 -0.0279531 -0.0938773 0.0104493 -0.680369 0.497446 -0.0387475 1 0 0 0 0 0 0 0
134 1 0.1 4.67418 2.48249 0.434334 0.0590373 -0.0301248 -0.000261655 -0.518466 2.52654 1.41311 1 0 0 0 0 0 0 0
135 1 0.1 4.51304 2.49671 0.346989 0.0631846 -0.0521954 -0.0226085 -0.332583 0.691142 1.55664 1 0 0 0 0 0 0 0
136 1 0.1 4.30937 2.70619 0.361465 0.0296036 -0.0359065 0.0382301 0.221248 -0.264942 -0.503505 1 0 0 0 0 0 0 0
137 1 0.1 4.59638 2.93956 0.35038 0.0140749 0.000520687 0.083013 -0.287363 0.525352 0.499162 1 0 0 0 0 0 0 0
138 1 0.1 4.35912 3.09247 0.239894 0.0135119 0.000451847 -0.0167577 0.36634 -0.124771 0.394399 1 0 0 0 0 0 0 0
139 1 0.1 4.32186 3.30604 0.559273 0.0590519 0.0325933 -0.00714348 -0.189896 0.483639 0.76939 1 0 0 0 0 0 0 0
140 1 0.1 4.57467 3.31373 0.306804 0.00874869 0.0270284 0.0290291 0.108044 -0.0706485 0.132146 1 0 0 0 0 0 0 0
141 1 0.1 4.52513 3.50621 0.328941 -0.00174306 0.0211657 0.109704 -0.190062 -1.33212 -0.218602 1 0 0 0 0 0 0 0
142 1 0.1 4.76483 3.73704 0.475966 -0.0236398 -0.0117658 0.0384195 -1.38106 0.795923 -0.314147 1 0 0 0 0 0 0 0
143 1 0.1 5.09167 4.07002 0.418726 -0.00684562 -0.00775088 -0.0123628 0.132646 0.0369681 -0.170353 1 0 0 0 0 0 0 0
144 1 0.1 5.39086 4.06438 0.306891 0.012512 0.0310121 -0.0436201 0.260368 -0.0247888 -0.503311 1 0 0 0 0 0 0 0
145 1 0.1 5.21938 4.19147 0.324267 -0.00483258 -0.00670624 -0.00751212 0.0751725 0.0385099 -0.0746339 1 0 0 0 0 0 0 0
146 1 0.1 5.37127 4.35171 0.233608 0.00201549 0.00229154 -0.00147598 0.0233903 0.0290594 0.0224389 1 0 0 0 0 0 0 0
147 1 0.1 5.4949 4.46868 0.338533 -0.000674297 0.000903988 0.00319712 -0.0167338 -0.0269044 -0.000215431 1 0 0 0 0 0 0 0
148 1 0.1 5.71482 4.68598 0.317155 0.0184853 0.0225717 -0.0142145 0.0386314 0.143 0.287736 1 0 0 0 0 0 0 0
149 1 0.1 5.8606 4.84035 0.357767 0.00426509 -0.00386108 0.00118591 -0.0223511 -0.00720133 -0.0068386 1 0 0 0 0 0 0 0
150 1 0.1 6.15497 0.866231 0.365019 0.000854675 -0.000240182 0.00169191 0.00148626 0.0188058 0.0606612 1 0 0 0 0 0 0 0
151 1 0.1 5.83138 1.71987 0.309743 0.0652073 -0.00257985 -0.00237834 -0.177755 0.293543 0.147139 1 0 0 0 0 0 0 0
152 1 0.1 5.50817 1.73579 0.210037 0.0297622 0.00605093 0.00882502 0.0576113 0.182401 -0.165258 1 0 0 0 0 0 0 0
153 1 0.1 6.02127 2.26848 0.437482 0.048608 -0.0108992 -0.00809467 0.120111 -0.170691 0.213256 1 0 0 0 0 0 0 0
154 1 0.1 5.6728 1.9999 0.387251 0.125751 -0.0227528 -0.0262072 -0.482624 -0.475562 -0.578966 1 0 0 0 0 0 0 0
155 1 0.1 5.33022 2.04849 0.330313 0.0690005 0.00341822 0.0144852 0.146802 0.0514296 -0.263805 1 0 0 0 0 0 0 0
156 1 0.1 5.1448 2.21386 0.59952 -0.0302485 -0.0425972 -0.0145616 -0.743428 1.06583 1.06953 1 0 0 0 0 0 0 0
157 1 0.1 4.88461 2.13798 0.563969 0.0321129 0.00561704 0.00960082 0.133262 -0.263385 -0.0229076 1 0 0 0 0 0 0 0
158 1 0.1 4.86189 2.44278 0.435091 0.0877929 0.0329988 -0.0945991 0.198056 -1.31955 -0.683705 1 0 0 0 0 0 0 0
159 1 0.1 5.0393 2.67528 0.523503 -0.354002 -0.212397 0.391891 -0.503778 -0.373537 -4.47673 1 0 0 0 0 0 0 0
160 1 0.1 4.80515 2.68278 0.311931 0.173082 -0.107797 0.0741986 -0.89646 1.82502 0.898506 1 0 0 0 0 0 0 0
161 1 0.1 4.77565 2.94574 0.4282 0.0330322 0.118322 -0.0243538 0.206353 0.573512 0.786443 1 0 0 0 0 0 0 0
162 1 0.1 4.69036 2.77783 0.502635 -0.0438 -0.0073414 -0.218706 1.12613 0.438699 0.555109 1 0 0 0 0 0 0 0
163 1 0.1 4.95653 2.86266 0.610683 -0.0710954 0.128171 0.0874275 0.551777 1.39735 -1.30614 1 0 0 0 0 0 0 0
164 1 0.1 4.38101 3.2103 0.712176 -0.0103431 0.0248656 0.03891 1.10264 -2.89456 1.62996 1 0 0 0 0 0 0 0
165 1 0.1 4.75808 3.41594 0.532598 0.206105 -0.0287423 -0.0130053 -0.568662 -1.58887 -0.787287 1 0 0 0 0 0 0 0
166 1 0.1 4.96391 3.38073 0.418405 0.0772029 -0.0722218 0.0776079 -0.330653 0.101598 -0.861956 1 0 0 0 0 0 0 0
167 1 0.1 5.2137 3.66026 0.239664 0.0120652 -0.0190258 -0.0672257 0.935931 -0.179872 0.0400624 1 0 0 0 0 0 0 0
168 1 0.1 5.22246 3.98248 0.241799 0.0148136 0.0315526 -0.0358539 -0.280434 0.0189586 0.142182 1 0 0 0 0 0 0 0
169 1 0.1 5.3828 3.86335 0.261944 0.039698 0.0334317 -0.0257609 0.0145117 -0.399639 -0.219587 1 0 0 0 0 0 0 0
170 1 0.1 5.45376 4.23923 0.376033 0.0139732 0.0102246 -0.00144585 0.137988 -0.200574 0.395327 1 0 0 0 0 0 0 0
171 1 0.1 5.6285 4.31599 0.4281 -0.00358786 0.041767 0.0129082 -0.198091 0.0298659 -0.0683883 1 0 0 0 0 0 0 0
172 1 0.1 5.76354 4.32461 0.281966 -0.00523343 0.00595743 0.00743497 -0.0325545 0.0838571 -0.227025 1 0 0 0 0 0 0 0
173 1 0.1 5.8785 4.48586 0.307521 0.0196965 -0.00897777 -0.0178348 0.0131122 0.129957 -0.0376144 1 0 0 0 0 0 0 0
174 1 0.1 6.01109 4.99382 0.352784 0.00627912 0.000985422 0.0129248 -0.154795 0.00706924 0.0533691 1 0 0 0 0 0 0 0
175 1 0.1 6.29435 0.726039 0.335961 0.00152101 0.00138202 -0.000136211 -0.0282846 0.0366456 -0.0300399 1 0 0 0 0 0 0 0
176 1 0.1 5.76773 1.51076 0.311664 -0.0104708 0.0224412 -0.00956856 -0.163288 0.0125044 0.222583 1 0 0 0 0 0 0 0
177 1 0.1 5.82063 1.91774 0.281183 0.0790379 -0.0554859 0.00541867 0.0763065 0.482086 0.167058 1 0 0 0 0 0 0 0
178 1 0.1 5.81495 2.11576 0.307942 0.129642 -0.0395233 -0.0547698 0.156891 0.56912 0.562519 1 0 0 0 0 0 0 0
179 1 0.1 5.49826 1.94656 0.304059 0.0564974 0.00031528 -0.000690579 0.175886 -0.0341059 0.0977329 1 0 0 0 0 0 0 0
180 1 0.1 5.539 2.14218 0.425586 0.172133 -0.00591968 -0.0219146 0.66949 0.438679 0.0728124 1 0 0 0 0 0 0 0
181 1 0.1 5.23112 2.21648 0.289329 0.0890559 0.00264912 -0.0350917 -0.183623 -0.675396 0.119556 1 0 0 0 0 0 0 0
182 1 0.1 5.04831 2.3087 0.339408 0.0552445 -0.15385 -0.00371093 0.432412 -0.618126 -1.53478 1 0 0 0 0 0 0 0
183 1 0.1 4.9888 2.61189 0.317964 0.202873 -0.0226654 0.0242598 0.0743101 -1.0008 -0.118535 1 0 0 0 0 0 0 0
184 1 0.1 5.32881 2.73249 0.465006 0.0551751 0.0253651 0.00307071 0.0292864 0.177425 0.168361 1 0 0 0 0 0 0 0
185 1 0.1 5.16933 2.84736 0.483955 0.0191657 -0.0199737 -0.0165683 -0.308757 -0.214177 0.418954 1 0 0 0 0 0 0 0
186 1 0.1 5.01381 2.83349 0.329341 0.182514 -0.00312321 0.151039 -1.41018 -0.0208122 0.628857 1 0 0 0 0 0 0 0
187 1 0.1 4.48465 2.67631 0.278011 0.0066095 -0.0240759 0.0167729 0.283562 0.0558909 -0.204096 1 0 0 0 0 0 0 0
188 1 0.1 4.8783 3.06947 0.305829 0.0797951 0.0147225 -0.00181396 0.152473 1.42663 1.08449 1 0 0 0 0 0 0 0
189 1 0.1 5.34933 3.35753 0.42258 0.0403814 0.0143444 0.00969666 0.129976 0.120188 -0.088491 1 0 0 0 0 0 0 0
190 1 0.1 5.05664 3.54233 0.273403 -0.0105936 0.0122868 -0.0827933 2.8618 3.12218 -1.25609 1 0 0 0 0 0 0 0
191 1 0.1 5.41695 3.5035 0.305559 0.0243841 0.0028415 -0.025908 -0.81235 -0.652935 0.71769 1 0 0 0 0 0 0 0
192 1 0.1 5.1707 3.82409 0.13584 0.0274671 0.0192815 -0.00456012 -0.187751 0.253347 0.0932824 1 0 0 0 0 0 0 0
193 1 0.1 5.64038 3.7896 0.273562 0.0109598 0.00276099 0.0152646 -0.039925 -0.682564 -0.271517 1 0 0 0 0 0 0 0
194 1 0.1 5.74262 3.8256 0.554975 -0.00871221 -0.00816626 -0.00629201 0.758152 0.443941 0.00993407 1 0 0 0 0 0 0 0
195 1 0.1 5.76259 4.05507 0.40926 0.00499705 0.0147201 0.0140397 0.0310407 -0.198935 -0.0948014 1 0 0 0 0 0 0 0
196 1 0.1 5.86948 4.15594 0.265957 -0.000825199 0.00888839 0.0136798 0.232519 -0.479738 0.238082 1 0 0 0 0 0 0 0
197 1 0.1 5.9564 4.01015 0.371628 -0.00745502 0.0231221 0.0392701 -0.181074 -0.190393 0.157358 1 0 0 0 0 0 0 0
198 1 0.1 5.91762 4.67583 0.260102 0.00131583 -0.00466151 -0.0116025 0.104032 -0.204604 0.203164 1 0 0 0 0 0 0 0
199 1 0.1 6.15168 5.13555 0.350284 0.00319911 0.00219957 0.00105381 -0.0201514 0.00733799 -0.028559 1 0 0 0 0 0 0 0
200 1 0.1 6.13223 1.2354 0.30852 0.0109404 -0.00698749 0.00431956 0.0623221 0.024786 -0.0450467 1 0 0 0 0 0 0 0
201 1 0.1 5.71987 1.30711 0.382695 -0.00101006 0.00213074 -0.000104392 -0.0160676 0.00685686 -0.00394647 1 0 0 0 0 0 0 0
202 1 0.1 6.05709 1.97762 0.596945 -0.0927674 0.0351563 0.00099327 1.77924 2.36511 -1.48119 1 0 0 0 0 0 0 0
203 1 0.1 5.95379 2.34239 0.610582 -0.0354632 -0.0901777 -0.0066512 0.624337 -0.605048 0.240414 1 0 0 0 0 0 0 0
204 1 0.1 5.8841 2.58161 0.304752 0.0564582 -0.0123615 0.024831 0.00540414 0.143088 -0.438352 1 0 0 0 0 0 0 0
205 1 0.1 5.63896 2.21082 0.266749 0.107421 0.0608582 -0.0442465 -0.00836998 0.443235 0.280052 1 0 0 0 0 0 0 0
206 1 0.1 5.42653 2.21682 0.289396 0.0772425 0.0107835 0.0572421 -0.102391 0.696543 0.397749 1 0 0 0 0 0 0 0
207 1 0.1 5.51374 2.36601 0.397251 0.0241332 0.0543654 0.105855 -0.614263 0.175812 0.874166 1 0 0 0 0 0 0 0
208 1 0.1 5.17174 2.47984 0.137274 0.114316 -0.0748238 0.00378304 -1.43605 -0.707113 -0.287579 1 0 0 0 0 0 0 0
209 1 0.1 5.53568 2.55027 0.322672 0.0418015 0.0152636 0.00391527 -0.489559 0.149681 -0.0738985 1 0 0 0 0 0 0 0
210 1 0.1 5.73647 2.94585 0.497661 0.0865431 0.0053358 -0.023993 -0.350261 -0.215084 -0.104616 1 0 0 0 0 0 0 0
211 1 0.1 5.36937 2.88899 0.136385 0.101878 0.0219286 -0.000640535 -0.0527474 0.289369 -0.022721 1 0 0 0 0 0 0 0
212 1 0.1 4.96115 2.9966 0.467409 0.00781969 0.0527433 0.0505796 -1.20132 -1.76411 -1.62519 1 0 0 0 0 0 0 0
213 1 0.1 5.12527 2.99508 0.342001 0.120301 0.0127292 0.0494419 0.21566 0.0833565 -0.142738 1 0 0 0 0 0 0 0
214 1 0.1 5.4351 3.34803 0.136538 0.0100479 0.0282615 0.00615487 -0.0465321 0.374502 -1.17607 1 0 0 0 0 0 0 0
215 1 0.1 5.75093 3.34236 0.427551 0.0568004 0.0270533 -0.00903044 0.179786 -0.0987671 0.436363 1 0 0 0 0 0 0 0
216 1 0.1 5.76816 3.49772 0.305347 0.00283871 0.0584719 0.0172612 0.15363 -0.065355 0.383078 1 0 0 0 0 0 0 0
217 1 0.1 5.59597 3.59788 0.307411 -0.0202352 0.00842802 0.00558939 0.0447458 -0.105643 0.257929 1 0 0 0 0 0 0 0
218 1 0.1 5.94591 3.73302 0.301137 -0.012804 0.0415304 -0.0217618 -0.361097 -0.0289334 0.268634 1 0 0 0 0 0 0 0
219 1 0.1 6.0277 3.6532 0.137065 0.00453502 0.0152797 -0.00172984 -0.0312605 -0.053655 -0.110542 1 0 0 0 0 0 0 0
220 1 0.1 5.9991 3.60745 0.762521 0.0266751 -0.0322442 -0.000720122 -0.00520975 -0.00450984 -0.00756552 1 0 0 0 0 0 0 0
221 1 0.1 6.02645 3.54785 0.573612 0.055328 0.0492688 -0.0240041 0.494604 0.479968 0.253486 1 0 0 0 0 0 0 0
222 1 0.1 6.04109 3.33602 0.311957 0.0232151 0.10904 -0.0296425 -0.561098 0.198072 1.41127 1 0 0 0 0 0 0 0
223 1 0.1 6.05557 4.80061 0.331688 -0.00858533 -0.000386437 0.0091572 0.114851 0.0126982 -0.164735 1 0 0 0 0 0 0 0
224 1 0.1 6.17254 4.90071 0.459223 -0.00340724 3.04006e-05 0.00794618 0.0290889 0.16352 0.295137 1 0 0 0 0 0 0 0
225 1 0.1 5.97957 1.58644 0.305536 0.0739469 0.00861141 0.0114335 -0.342779 0.00848328 0.0157592 1 0 0 0 0 0 0 0
226 1 0.1 5.83127 2.2178 0.136961 0.0205604 -0.00603726 -0.0137818 0.0631621 0.350752 -0.0984695 1 0 0 0 0 0 0 0
227 1 0.1 6.05047 1.86022 0.299875 0.098007 0.107051 -0.0779496 -0.862866 0.528261 0.00711021 1 0 0 0 0 0 0 0
228 1 0.1 5.9913 2.58952 0.137045 0.0206438 -0.00722144 0.00115196 0.256893 0.291317 0.0941108 1 0 0 0 0 0 0 0
229 1 0.1 5.56741 2.9155 0.14227 0.0931258 0.0432247 0.0122601 0.173367 -0.389314 0.482601 1 0 0 0 0 0 0 0
230 1 0.1 5.9718 3.05457 0.286765 0.0410976 0.000219711 0.00758964 0.101993 -0.111578 0.622404 1 0 0 0 0 0 0 0
231 1 0.1 5.89377 2.44701 0.451496 0.0200945 -0.0334227 0.0126183 0.219533 -0.310787 0.111079 1 0 0 0 0 0 0 0
232 1 0.1 5.70507 2.44944 0.292591 0.030642 -0.00554011 0.00852448 0.0862225 0.0224472 -0.190681 1 0 0 0 0 0 0 0
233 1 0.1 5.83954 2.64227 0.561442 0.0709274 -0.0754547 0.00765235 -0.03357 0.0140111 -0.333114 1 0 0 0 0 0 0 0
234 1 0.1 5.75125 2.72888 0.325466 0.0717615 -0.000445969 0.00461026 -0.443623 0.0476977 0.307285 1 0 0 0 0 0 0 0
235 1 0.1 5.95122 2.75069 0.387107 0.0967588 -0.024759 0.0197204 0.308708 0.779711 0.413971 1 0 0 0 0 0 0 0
236 1 0.1 5.58833 3.06511 0.566136 0.0413046 0.00475678 0.0226219 0.416981 -0.498037 0.255311 1 0 0 0 0 0 0 0
237 1 0.1 5.52954 3.05435 0.375624 0.0851793 0.0178754 0.00652997 -0.243804 0.0484952 -0.0657119 1 0 0 0 0 0 0 0
238 1 0.1 5.45279 3.22187 0.289254 0.0245343 0.0152755 -0.00400478 0.140171 0.369929 -0.212772 1 0 0 0 0 0 0 0
239 1 0.1 5.7164 3.10446 0.332398 0.0577434 0.0668501 -0.00976853 0.00528175 0.0822467 0.386471 1 0 0 0 0 0 0 0
240 1 0.1 5.84193 2.90933 0.331595 0.0780011 -0.0412353 -0.0140001 -0.0451836 -0.160526 -0.0158061 1 0 0 0 0 0 0 0
241 1 0.1 5.47794 3.36585 0.575428 0.0516462 -0.0233572 0.00173474 0.351286 0.128643 -0.199294 1 0 0 0 0 0 0 0
242 1 0.1 5.87484 3.22556 0.323569 0.082258 0.0247808 0.0109206 -0.255568 -0.233669 -0.352063 1 0 0 0 0 0 0 0
243 1 0.1 5.94362 3.30093 0.495417 0.0248683 0.0375099 0.0295348 -0.156046 -0.711415 -0.287484 1 0 0 0 0 0 0 0
244 1 0.1 5.78047 3.67461 0.39688 -0.00134665 0.0655884 0.0145952 -0.213066 0.309153 -0.326484 1 0 0 0 0 0 0 0
245 1 0.1 5.88517 3.15516 0.137219 0.0416117 -0.00445087 0.00631365 0.0483915 0.446848 -0.197735 1 0 0 0 0 0 0 0
246 1 0.1 5.94686 3.4918 0.39467 0.0166554 0.0943605 -0.0122789 0.211878 0.384752 0.178731 1 0 0 0 0 0 0 0
247 1 0.1 5.84578 4.24878 0.447631 0.00570008 -0.0516549 -0.0230032 0.190877 0.276362 -0.521619 1 0 0 0 0 0 0 0
248 1 0.1 6.09173 4.41966 0.438013 0.0173585 -0.0197739 0.0264908 0.0888398 0.738218 0.651623 1 0 0 0 0 0 0 0
249 1 0.1 6.08222 4.59113 0.335577 -0.0300332 -0.0143612 0.0420342 0.0765273 -0.588873 -0.185341 1 0 0 0 0 0 0 0
250 1 0.1 5.99744 1.02214 0.550796 -0.000572283 -0.00178496 -0.00208782 -0.0525401 0.0024065 0.00143463 1 0 0 0 0 0 0 0
251 1 0.1 5.85929 1.16524 0.532601 0.00173973 0.00118689 -0.00274059 -0.00492035 0.0776993 -0.0843412 1 0 0 0 0 0 0 0
252 1 0.1 5.63855 1.38294 0.548804 0.000346891 -0.00185602 0.00352519 0.0475143 0.0206031 -0.172731 1 0 0 0 0 0 0 0
253 1 0.1 5.50271 1.52649 0.524154 0.00195616 -0.00187518 -0.000551788 -0.00697499 -0.145588 0.196718 1 0 0 0 0 0 0 0
254 1 0.1 5.38575 1.67876 0.577105 -0.0370656 -0.0247288 -0.00837587 0.0516796 -0.0706796 0.210706 1 0 0 0 0 0 0 0
255 1 0.1 5.26379 1.88958 0.427173 0.0343721 0.00049241 0.00071378 0.0330709 -0.193318 -0.0338906 1 0 0 0 0 0 0 0
256 1 0.1 5.02511 1.99628 0.564306 0.0253603 -0.00988417 0.0148055 0.0488189 0.0133953 -0.100699 1 0 0 0 0 0 0 0
257 1 0.1 4.7414 2.2854 0.566923 -0.356261 -0.204139 -0.00951112 -0.405117 0.462177 -3.78749 1 0 0 0 0 0 0 0
258 1 0.1 4.78895 2.61014 0.540913 0.111722 0.0564935 -0.215245 -2.22144 1.4923 0.870777 1 0 0 0 0 0 0 0
259 1 0.1 4.88106 2.77848 0.458061 0.0117299 0.106923 0.0251614 -1.15132 -2.96506 0.446986 1 0 0 0 0 0 0 0
260 1 0.1 4.50059 2.72231 0.474633 -0.0559933 -0.0295895 -0.00721544 -0.0450409 1.99685 -0.230355 1 0 0 0 0 0 0 0
261 1 0.1 4.40188 2.87607 0.394126 -0.0413975 -0.0143039 0.071901 -0.270279 -0.182322 -0.43167 1 0 0 0 0 0 0 0
262 1 0.1 4.36854 2.89106 0.638856 0.0254279 -0.0165785 0.0213057 -0.0210626 -0.408083 0.783883 1 0 0 0 0 0 0 0
263 1 0.1 4.23845 2.94472 0.293528 -0.00150821 0.00242156 0.0129039 -0.0925728 0.247315 -0.273167 1 0 0 0 0 0 0 0
264 1 0.1 4.19378 3.17007 0.655153 0.000668284 0.00365278 0.00138395 0.0534823 0.0325167 -0.0141589 1 0 0 0 0 0 0 0
265 1 0.1 4.46876 3.44606 0.543739 -0.386549 -0.281415 0.0059308 0.523594 -0.575997 -3.43463 1 0 0 0 0 0 0 0
266 1 0.1 4.38378 3.36485 0.335211 0.00649256 0.00129699 -0.00671667 0.142232 0.0851703 0.392263 1 0 0 0 0 0 0 0
267 1 0.1 4.7052 3.59181 0.593375 0.127766 -0.0659467 0.0286777 1.18599 0.199844 1.13149 1 0 0 0 0 0 0 0
268 1 0.1 5.06739 3.82847 0.487629 0.0811594 0.0174669 0.0163698 -0.655925 -1.284 2.87463 1 0 0 0 0 0 0 0
269 1 0.1 5.01794 3.99352 0.588704 -0.0023644 0.00292542 0.000194084 0.0118204 -0.0182398 0.0165558 1 0 0 0 0 0 0 0
270 1 0.1 5.18274 4.15487 0.574503 -0.00579172 -0.00109173 -0.0164251 -0.0879946 0.0309251 0.0889578 1 0 0 0 0 0 0 0
271 1 0.1 5.31632 4.28892 0.510723 -0.00866549 -0.00655456 -0.0195634 -0.00887108 -0.0752054 -0.217904 1 0 0 0 0 0 0 0
272 1 0.1 5.47481 4.44737 0.536356 0.00666411 0.00833 0.00517064 -0.0569375 -0.0247531 0.090807 1 0 0 0 0 0 0 0
273 1 0.1 5.61519 4.5901 0.545063 -0.0488748 -0.040826 0.0145955 -0.00326849 -0.000378461 -0.00616981 1 0 0 0 0 0 0 0
274 1 0.1 5.75755 4.72567 0.508461 -0.0469606 -0.0398888 0.0131 -0.00575014 0.00204903 -0.00941475 1 0 0 0 0 0 0 0
275 1 0.1 6.14058 0.883351 0.563564 0.000322391 -0.00030057 0.00137108 0.000776673 -0.00987303 -0.000205987 1 0 0 0 0 0 0 0
276 1 0.1 5.70209 1.56194 0.610172 0.0511006 -0.0180805 -3.49526e-05 -0.154391 -0.180645 -0.44206 1 0 0 0 0 0 0 0
277 1 0.1 5.62671 1.62279 0.400357 0.0217279 -0.0083832 0.0117897 0.225079 0.228369 -0.079996 1 0 0 0 0 0 0 0
278 1 0.1 5.65514 1.81288 0.320633 0.0515626 -0.0327049 0.011487 -0.0150165 -0.125408 -0.490685 1 0 0 0 0 0 0 0
279 1 0.1 5.59986 1.76865 0.567474 0.0572041 -0.0350461 -0.00938791 0.123365 0.485093 -0.997389 1 0 0 0 0 0 0 0
280 1 0.1 5.41166 1.99095 0.518632 0.0228252 -0.0312297 -0.0170384 0.47082 0.523811 0.30209 1 0 0 0 0 0 0 0
281 1 0.1 5.21979 2.0377 0.54972 0.0307607 -0.0263221 0.0227205 -0.0301866 -0.139449 -0.159808 1 0 0 0 0 0 0 0
282 1 0.1 4.99978 2.02633 0.761076 0.00279185 -0.00347785 -0.00042934 0.0194696 0.026609 -0.0555432 1 0 0 0 0 0 0 0
283 1 0.1 4.98751 2.31315 0.534231 -0.0162829 -0.0124762 -0.000614346 0.857122 -0.892742 -1.13243 1 0 0 0 0 0 0 0
284 1 0.1 5.17158 2.68819 0.320627 0.170151 0.0259459 0.0719122 -0.561129 0.298004 0.735963 1 0 0 0 0 0 0 0
285 1 0.1 4.4854 2.53838 0.550987 0.000532689 -0.0114566 0.00599451 0.00632178 -0.0105068 -0.0222671 1 0 0 0 0 0 0 0
286 1 0.1 4.53173 2.76531 0.762539 0.00729179 0.00896402 -0.00384525 -0.103696 0.0736001 -0.0859818 1 0 0 0 0 0 0 0
287 1 0.1 4.68848 3.12595 0.765203 -0.0422211 0.0204689 0.00490089 0.348945 0.355069 0.244459 1 0 0 0 0 0 0 0
288 1 0.1 4.58297 3.07526 0.494727 0.0107521 0.0171289 0.0493987 -0.138478 0.435649 0.644177 1 0 0 0 0 0 0 0
289 1 0.1 4.67925 3.14594 0.335056 -0.0341544 0.00764405 0.0118775 0.0227741 0.14454 -0.598654 1 0 0 0 0 0 0 0
290 1 0.1 4.93711 3.30615 0.247185 0.0575441 -0.0562119 0.0897232 1.15176 1.05459 -1.06154 1 0 0 0 0 0 0 0
291 1 0.1 4.97017 3.45251 0.603139 0.0451906 -0.0410338 0.0663532 -0.283092 -1.45404 -0.378767 1 0 0 0 0 0 0 0
292 1 0.1 4.96882 3.57074 0.445941 0.232079 -0.0874526 0.0579645 -0.865769 -0.596128 -0.123401 1 0 0 0 0 0 0 0
293 1 0.1 4.87747 3.8097 0.329056 -0.0169237 -0.00834211 0.0378747 1.44247 -1.21871 0.41762 1 0 0 0 0 0 0 0
294 1 0.1 5.22905 3.83877 0.379731 0.0767992 0.134263 0.0423908 -1.04903 1.01424 -0.268834 1 0 0 0 0 0 0 0
295 1 0.1 5.20928 3.95658 0.545477 0.00810068 0.10408 -0.00919451 0.355268 0.055149 -0.349905 1 0 0 0 0 0 0 0
296 1 0.1 5.52925 4.08369 0.475246 0.00814928 0.00840289 0.0080126 -0.0810499 -0.196626 -0.217925 1 0 0 0 0 0 0 0
297 1 0.1 5.68551 4.40945 0.593973 0.106644 0.0115513 -0.00510041 0.190028 0.630121 -1.03269 1 0 0 0 0 0 0 0
298 1 0.1 5.69434 4.49852 0.383055 0.02769 0.0236411 -0.00752046 -0.0932503 -0.0614761 -0.214084 1 0 0 0 0 0 0 0
299 1 0.1 6.03197 5.00923 0.551014 -0.0125599 -0.017383 0.0172843 -0.0153206 -0.0510548 -0.0231839 1 0 0 0 0 0 0 0
300 1 0.1 6.28012 0.741253 0.545799 -0.000426154 -0.00109319 0.00483373 0.00890179 -0.0535345 -0.00948065 1 0 0 0 0 0 0 0
301 1 0.1 5.861 1.52961 0.487482 0.0351853 -0.0366979 -0.0288811 0.227459 0.39252 -1.36033 1 0 0 0 0 0 0 0
302 1 0.1 5.97645 1.74432 0.444901 0.143473 0.0624313 -0.0877559 0.696937 0.100987 0.807966 1 0 0 0 0 0 0 0
303 1 0.1 5.94398 1.96842 0.430081 0.105987 0.159956 -0.0965792 -0.407185 -0.83112 0.46326 1 0 0 0 0 0 0 0
304 1 0.1 5.7842 1.94498 0.5479 0.113875 0.0122683 -0.105729 0.860291 1.20236 1.03312 1 0 0 0 0 0 0 0
305 1 0.1 5.60112 2.07511 0.594136 0.225028 -0.0599107 -0.0411471 -0.168147 -0.051264 0.222474 1 0 0 0 0 0 0 0
306 1 0.1 5.31952 2.42283 0.593589 0.0281972 -0.0191453 0.0166585 0.0957219 -0.138915 -1.17011 1 0 0 0 0 0 0 0
307 1 0.1 5.11961 2.42282 0.637076 -0.0418898 -0.0529371 -0.00734726 -0.249826 0.224834 -0.296397 1 0 0 0 0 0 0 0
308 1 0.1 5.21477 2.45864 0.331762 0.068768 -0.00487937 0.0490489 0.103027 0.690081 -0.0932127 1 0 0 0 0 0 0 0
309 1 0.1 4.93418 2.49113 0.60675 -0.0150918 0.00517274 -0.0316043 -0.37173 -0.213768 -0.36308 1 0 0 0 0 0 0 0
310 1 0.1 5.44115 2.87775 0.38744 0.0951403 0.0167613 0.0226053 0.038518 -0.126927 0.0507253 1 0 0 0 0 0 0 0
311 1 0.1 4.6383 2.93346 0.746664 -0.000618147 0.0170527 -0.01207 0.120196 0.055485 0.212498 1 0 0 0 0 0 0 0
312 1 0.1 4.54897 2.89588 0.56776 0.0211113 -0.0153253 -0.00227327 0.927562 0.749844 -1.14011 1 0 0 0 0 0 0 0
313 1 0.1 5.04332 3.17396 0.34699 0.0785892 -0.0262429 0.0559789 -0.346698 0.277493 0.57753 1 0 0 0 0 0 0 0
314 1 0.1 5.28037 3.07242 0.136555 0.0231102 0.000892633 0.00348594 -0.238897 0.46165 0.066687 1 0 0 0 0 0 0 0
315 1 0.1 5.1667 3.28417 0.454367 0.045848 0.0128636 0.0155977 0.268471 0.125116 0.139251 1 0 0 0 0 0 0 0
316 1 0.1 5.58046 3.38987 0.323186 0.024752 0.00220336 -0.0272767 -0.470957 1.3865 -0.790395 1 0 0 0 0 0 0 0
317 1 0.1 5.18645 3.62531 0.433292 -0.0158478 -0.0435057 -0.0672893 -0.877645 -0.319485 1.10802 1 0 0 0 0 0 0 0
318 1 0.1 5.4291 3.69488 0.358176 -0.0272275 0.0260968 -0.0280242 0.123143 -0.353758 -0.215773 1 0 0 0 0 0 0 0
319 1 0.1 5.3962 3.90322 0.590971 -0.0226191 0.0133159 -0.0281257 0.191845 -0.034694 -0.48417 1 0 0 0 0 0 0 0
320 1 0.1 5.37315 4.10249 0.598238 -0.00481519 0.0336876 -0.0117058 -0.283883 -0.0166407 0.177508 1 0 0 0 0 0 0 0
321 1 0.1 5.87699 3.97343 0.551435 -0.0197239 0.007198 0.0302503 0.0606717 -0.126231 0.0708619 1 0 0 0 0 0 0 0
322 1 0.1 5.70451 4.21084 0.583799 0.00526967 -0.00183894 -0.00480239 -0.280598 -0.0749272 -0.106016 1 0 0 0 0 0 0 0
323 1 0.1 5.92152 4.62408 0.452511 0.00403572 -0.00351692 -0.00937494 -0.156212 -0.140804 1.20491 1 0 0 0 0 0 0 0
324 1 0.1 6.17322 5.15074 0.550043 -0.0173938 -0.0145679 0.00273088 -0.0948475 0.0800781 -0.0121002 1 0 0 0 0 0 0 0
325 1 0.1 6.15127 1.08724 0.441209 0.00227811 -0.0126372 -0.0025531 0.011107 0.000927224 -0.102638 1 0 0 0 0 0 0 0
326 1 0.1 6.03906 1.28721 0.477295 0.00814519 -0.0092522 0.00566837 0.029894 -0.0754593 -0.0711283 1 0 0 0 0 0 0 0
327 1 0.1 6.01477 2.11024 0.308048 0.140865 0.164514 -0.0788377 -0.0840065 -0.329377 1.47276 1 0 0 0 0 0 0 0
328 1 0.1 5.70039 2.27822 0.667019 -0.0669277 0.029174 0.0990995 -0.616017 -3.16191 1.40232 1 0 0 0 0 0 0 0
329 1 0.1 5.94855 2.14431 0.576608 0.0610909 0.157694 0.175215 0.472116 -2.62223 -0.328772 1 0 0 0 0 0 0 0
330 1 0.1 5.51766 2.27861 0.585902 0.019172 -0.0174508 -0.0842978 1.07312 1.15001 -0.656264 1 0 0 0 0 0 0 0
331 1 0.1 5.76422 2.14017 0.499419 0.163996 0.0154052 -0.0692205 -1.25995 -0.046993 1.54107 1 0 0 0 0 0 0 0
332 1 0.1 5.88864 2.60056 0.750744 0.0194541 -0.0707178 0.019074 0.547278 -0.254327 -0.439842 1 0 0 0 0 0 0 0
333 1 0.1 5.69056 2.57544 0.446055 0.0456734 -0.0123093 0.00883523 -0.236015 -0.0316056 -0.191232 1 0 0 0 0 0 0 0
334 1 0.1 5.53038 2.4726 0.63219 -0.00256919 -0.0254409 0.0144715 0.00255572 -0.0289096 1.17657 1 0 0 0 0 0 0 0
335 1 0.1 5.05527 2.47922 0.449353 0.0978453 -0.0168179 0.074976 -0.386884 -0.0360223 -0.159914 1 0 0 0 0 0 0 0
336 1 0.1 5.27839 2.79413 0.646566 0.0377292 -0.0520226 0.0207507 0.959256 -0.643346 -0.989946 1 0 0 0 0 0 0 0
337 1 0.1 5.10437 2.9895 0.604333 0.0671238 -0.0127555 -0.00167576 0.28985 0.654372 -0.671635 1 0 0 0 0 0 0 0
338 1 0.1 5.3376 3.04646 0.325007 0.0871836 0.0313454 -0.0058877 -0.013489 0.100933 -0.232449 1 0 0 0 0 0 0 0
339 1 0.1 5.397 3.16953 0.470731 0.0704394 0.0137915 0.0025074 -0.0769243 0.114103 0.107123 1 0 0 0 0 0 0 0
340 1 0.1 5.58461 3.23179 0.445549 0.0586689 0.0263756 0.00717587 0.0796711 -0.111619 0.126122 1 0 0 0 0 0 0 0
341 1 0.1 5.33853 3.53575 0.586318 0.0171334 0.0252997 0.00394391 0.16741 0.271282 0.0194642 1 0 0 0 0 0 0 0
342 1 0.1 5.52094 3.5365 0.481653 0.0167421 -0.00859475 0.0141051 -0.102522 0.299907 0.356792 1 0 0 0 0 0 0 0
343 1 0.1 5.59849 3.72762 0.458669 -0.0265295 0.000975181 0.00571498 -0.111382 0.369692 0.119287 1 0 0 0 0 0 0 0
344 1 0.1 5.71265 3.61263 0.574856 -0.00730634 0.0176938 -0.00407748 -0.0218435 0.246402 0.16262 1 0 0 0 0 0 0 0
345 1 0.1 5.80042 3.29187 0.763853 0.047118 -0.0265225 0.00463838 -0.269871 -0.46422 0.220083 1 0 0 0 0 0 0 0
346 1 0.1 5.89565 3.69901 0.577527 0.00184231 0.00381955 -0.0168924 -0.409161 -0.482971 0.38561 1 0 0 0 0 0 0 0
347 1 0.1 5.99306 3.83424 0.467028 -0.0219765 0.0300901 -0.0116686 0.423469 0.289298 0.0104344 1 0 0 0 0 0 0 0
348 1 0.1 5.89131 4.86717 0.555215 -0.0117568 -0.0144779 0.00281603 -0.00490036 -0.0265327 -0.0373289 1 0 0 0 0 0 0 0
349 1 0.1 6.05379 4.75447 0.526318 -0.000683341 -0.00448571 0.00599675 0.20147 -0.0325256 -0.167248 1 0 0 0 0 0 0 0
350 1 0.1 6.09373 1.42767 0.346101 0.0470788 -0.00484011 0.0295786 0.210888 -0.113799 -0.326272 1 0 0 0 0 0 0 0
351 1 0.1 6.0968 1.58643 0.467428 0.0746202 0.0180879 0.00521246 -0.589357 -1.77529 -1.47878 1 0 0 0 0 0 0 0
352 1 0.1 6.11825 1.78787 0.578991 0.120486 0.107163 -0.0777943 1.21213 0.331641 1.70345 1 0 0 0 0 0 0 0
353 1 0.1 5.8848 2.02593 0.72889 -0.052331 -0.0700031 -0.0161445 1.08907 1.18185 0.435055 1 0 0 0 0 0 0 0
354 1 0.1 5.94958 2.77779 0.189155 0.0136418 -0.00920367 0.0187366 -0.153764 -0.000958829 0.0371067 1 0 0 0 0 0 0 0
355 1 0.1 5.87433 2.95546 0.137444 0.00674333 -0.0124873 0.00128395 -0.0101253 -0.0255516 0.0385947 1 0 0 0 0 0 0 0
356 1 0.1 5.72816 2.7192 0.762658 0.0492741 -0.0272383 0.00215574 -0.0722978 -0.302279 -0.131167 1 0 0 0 0 0 0 0
357 1 0.1 5.67599 2.75654 0.573513 0.102469 -0.0280953 -0.00879091 -0.0404644 -0.166709 -0.248835 1 0 0 0 0 0 0 0
358 1 0.1 5.19905 2.93262 0.764831 0.0516755 -0.0421519 0.00184677 -0.435272 -0.549185 -0.166531 1 0 0 0 0 0 0 0
359 1 0.1 5.56932 2.72805 0.407164 0.0761729 0.0078591 0.00793179 0.232702 0.0152306 -0.149374 1 0 0 0 0 0 0 0
360 1 0.1 5.89133 3.0021 0.64915 0.0481603 -0.0186492 -0.0283241 -0.241819 -0.279452 -0.126611 1 0 0 0 0 0 0 0
361 1 0.1 5.71784 2.9127 0.693384 0.0375201 -0.0134026 -0.032674 0.563479 -0.26418 0.122112 1 0 0 0 0 0 0 0
362 1 0.1 5.49733 2.84575 0.575173 0.113137 -0.00439665 0.00345955 0.203182 0.320859 -0.0314477 1 0 0 0 0 0 0 0
363 1 0.1 5.33223 2.95272 0.536922 0.0541364 -0.0697515 0.0442981 0.18296 -0.24097 -0.112374 1 0 0 0 0 0 0 0
364 1 0.1 5.57118 3.02922 0.761835 0.0606411 -0.011427 0.0206086 -0.277817 0.76817 -0.297061 1 0 0 0 0 0 0 0
365 1 0.1 5.42679 3.12747 0.666162 0.0574316 -0.0116797 0.0320317 -0.152509 -0.325158 0.0410557 1 0 0 0 0 0 0 0
366 1 0.1 5.71604 3.23933 0.593478 0.0761961 0.0132439 -0.0148045 0.00239255 0.264697 -0.418321 1 0 0 0 0 0 0 0
367 1 0.1 5.5957 3.2307 0.762414 -0.0613758 -0.226109 -0.00271128 0.0104232 0.299742 -2.37741 1 0 0 0 0 0 0 0
368 1 0.1 5.66005 3.42757 0.627979 0.0485753 0.0113365 -0.00434614 -0.00349833 0.0528982 0.676663 1 0 0 0 0 0 0 0
369 1 0.1 5.84651 3.46124 0.564843 0.0418097 0.0623175 -0.00419046 0.199679 -0.0373416 -0.229183 1 0 0 0 0 0 0 0
370 1 0.1 5.97078 3.36064 0.684946 0.0157425 0.0316592 -0.00276957 -0.0218018 0.360539 0.466943 1 0 0 0 0 0 0 0
371 1 0.1 6.02128 3.13544 0.576394 0.0239208 0.0131552 -0.0153637 0.75976 0.602729 0.31996 1 0 0 0 0 0 0 0
372 1 0.1 6.02724 4.226 0.366842 0.0224332 -0.0249326 0.00211058 0.298077 -0.465921 0.406695 1 0 0 0 0 0 0 0
373 1 0.1 5.85904 4.44093 0.501225 0.104687 -0.0538233 -0.0285469 0.280339 -0.24012 0.0277742 1 0 0 0 0 0 0 0
374 1 0.1 6.05931 4.55591 0.580711 0.0274233 0.0170758 -0.00666357 -0.780669 0.135215 0.112831 1 0 0 0 0 0 0 0
375 1 0.1 5.93636 1.07948 0.754156 0.00221702 0.00188601 0.00591845 0.0417367 -0.0246022 0.0133801 1 0 0 0 0 0 0 0
376 1 0.1 5.83052 1.35307 0.594063 0.000671559 -0.000633034 0.000453107 0.0264181 0.0527778 0.122748 1 0 0 0 0 0 0 0
377 1 0.1 5.57772 1.43958 0.749812 0.000162054 0.00145478 -0.00251449 -0.0303874 0.011131 -0.00375267 1 0 0 0 0 0 0 0
378 1 0.1 5.43667 1.58117 0.75202 -0.00473326 -0.000494647 -0.0117027 -0.149415 0.0361576 0.064831 1 0 0 0 0 0 0 0
379 1 0.1 5.30894 1.73434 0.763567 -0.00864361 -0.00258951 -0.00149665 -0.0227066 0.0405232 0.0296307 1 0 0 0 0 0 0 0
380 1 0.1 5.15377 1.86688 0.76346 0.00449451 -0.0170026 0.00612701 -0.226508 -0.309182 -0.196478 1 0 0 0 0 0 0 0
381 1 0.1 5.22788 1.79877 0.59505 -0.00710067 0.0195466 -0.0023484 0.0206929 0.134962 -0.722087 1 0 0 0 0 0 0 0
382 1 0.1 4.85788 2.16713 0.759337 0.00317305 -0.00235027 0.00360813 -0.0310298 -0.0263034 -0.0286059 1 0 0 0 0 0 0 0
383 1 0.1 4.65189 2.37095 0.770144 0.0366796 -0.00507795 -0.0685241 0.266753 -0.941135 0.0310451 1 0 0 0 0 0 0 0
384 1 0.1 4.67224 2.46718 0.613638 0.213836 0.0366148 -0.0314474 0.0998548 -1.00366 0.345242 1 0 0 0 0 0 0 0
385 1 0.1 4.30017 2.72194 0.576995 -0.00464397 0.00315616 0.0170597 -0.138486 0.0904904 -0.338138 1 0 0 0 0 0 0 0
386 1 0.1 4.22082 2.80277 0.753194 -0.0063154 -0.00335303 -0.027392 0.141149 0.478791 -0.0670704 1 0 0 0 0 0 0 0
387 1 0.1 4.19748 3.05784 0.490663 0.00361067 0.0142068 0.0021698 0.0166497 -0.107273 0.169658 1 0 0 0 0 0 0 0
388 1 0.1 4.18949 3.00007 0.760201 0.00082176 -0.000655748 -0.00060474 0.0479189 -0.000858902 -0.00531519 1 0 0 0 0 0 0 0
389 1 0.1 4.69281 3.23223 0.514501 0.046393 0.00434829 0.00185285 -0.0882377 0.0184437 -0.994491 1 0 0 0 0 0 0 0
390 1 0.1 4.48804 3.46126 0.76268 0.0720393 0.0744621 -0.000839737 0.912313 -0.755006 0.799196 1 0 0 0 0 0 0 0
391 1 0.1 4.66281 3.6505 0.772403 0.039872 0.0187603 0.00403911 -2.09821 -0.181939 0.0696059 1 0 0 0 0 0 0 0
392 1 0.1 4.86696 3.8455 0.605385 -0.00480116 0.0122879 -0.015664 -0.283239 1.17503 0.619754 1 0 0 0 0 0 0 0
393 1 0.1 4.94528 3.92824 0.763883 -0.0150435 -0.0153261 0.0024035 -0.0777137 0.33014 -0.360403 1 0 0 0 0 0 0 0
394 1 0.1 5.08773 4.06929 0.760058 -0.00527007 -0.0102272 0.00605591 0.0166708 -0.073867 -0.127605 1 0 0 0 0 0 0 0
395 1 0.1 5.22931 4.21051 0.761084 -0.00681519 -0.00917813 -0.00668614 -0.0366009 0.0994844 -0.100424 1 0 0 0 0 0 0 0
396 1 0.1 5.50418 4.25404 0.57646 0.0122484 0.0107193 0.00440875 0.0864067 -0.119015 0.0010958 1 0 0 0 0 0 0 0
397 1 0.1 5.41158 4.38684 0.745975 0.0052147 -0.00162337 -0.0109532 0.0984109 0.0626224 0.0484872 1 0 0 0 0 0 0 0
398 1 0.1 5.68532 4.65538 0.721644 -0.00413201 -0.00540055 -0.00390924 -0.0363354 0.11674 -0.0511637 1 0 0 0 0 0 0 0
399 1 0.1 5.8207 4.79719 0.754546 -0.00509595 -0.00219906 -0.0068291 0.0857307 0.00595 -0.0357791 1 0 0 0 0 0 0 0
400 1 0.1 6.15526 0.875477 0.762618 -0.000333008 -0.000107408 0.000497465 0.00126346 0.00507402 0.000219679 1 0 0 0 0 0 0 0
401 1 0.1 5.71995 1.29919 0.755328 -0.000130722 0.000100472 -0.00135492 -0.00486925 0.00921475 -0.00387962 1 0 0 0 0 0 0 0
402 1 0.1 5.67221 1.68749 0.762645 0.0136182 -0.0235893 -0.00130615 0.131234 0.140263 0.986659 1 0 0 0 0 0 0 0
403 1 0.1 5.77937 1.7113 0.502244 0.0575123 -0.0274432 -0.00762491 0.084096 -0.452031 1.0953 1 0 0 0 0 0 0 0
404 1 0.1 5.50555 1.79694 0.763402 0.0790115 0.0830415 -0.00547551 0.5325 -0.58688 -2.22634 1 0 0 0 0 0 0 0
405 1 0.1 5.32501 1.94302 0.693696 -0.0245404 0.0292704 0.014799 0.106822 -0.118122 0.207128 1 0 0 0 0 0 0 0
406 1 0.1 5.18611 2.11041 0.763412 0.0583372 0.0214057 0.0012113 0.195056 -0.578976 -0.183914 1 0 0 0 0 0 0 0
407 1 0.1 5.34308 2.18338 0.604715 0.0276609 -0.019227 0.0112536 0.278217 0.673161 0.447666 1 0 0 0 0 0 0 0
408 1 0.1 4.85355 2.36685 0.762562 0.0393244 0.00216641 -0.000136157 0.0147977 -0.22273 -0.368989 1 0 0 0 0 0 0 0
409 1 0.1 4.76396 2.54536 0.765446 0.0646622 0.0279599 0.0178794 0.0555823 -0.517928 0.169254 1 0 0 0 0 0 0 0
410 1 0.1 4.37442 2.64326 0.749382 -0.0017263 0.00807432 0.00377071 0.000752618 -0.018004 0.0083497 1 0 0 0 0 0 0 0
411 1 0.1 4.4067 3.02935 0.768226 -0.0076364 -0.00406849 0.0005807 -0.105967 0.100403 -0.794964 1 0 0 0 0 0 0 0
412 1 0.1 4.56082 3.27636 0.761545 -0.00352691 0.0542232 0.0125203 -1.934 2.89066 -1.50424 1 0 0 0 0 0 0 0
413 1 0.1 4.74741 3.29879 0.691912 0.0354807 -0.00568979 -0.00711138 -0.246371 -0.519503 -0.17697 1 0 0 0 0 0 0 0
414 1 0.1 4.8738 3.20893 0.445975 0.0558852 -0.0521928 0.053057 0.563743 -0.586624 0.231985 1 0 0 0 0 0 0 0
415 1 0.1 4.69877 3.55467 0.40211 0.0617061 -0.0245485 0.016819 -0.817768 0.586378 0.596947 1 0 0 0 0 0 0 0
416 1 0.1 4.98485 3.60392 0.763146 -0.0989189 0.0708768 -0.0103401 0.705086 0.917497 1.09087 1 0 0 0 0 0 0 0
417 1 0.1 4.83979 3.75137 0.767848 0.0714893 0.0210344 0.00343666 0.223147 -0.663658 -0.212817 1 0 0 0 0 0 0 0
418 1 0.1 4.97463 3.69307 0.587579 0.00230822 0.0380393 -0.0457086 -1.21347 -2.70631 -1.03653 1 0 0 0 0 0 0 0
419 1 0.1 5.13352 3.86106 0.762715 -0.00200522 0.0347653 0.00326477 0.00232996 0.00269459 0.0247615 1 0 0 0 0 0 0 0
420 1 0.1 5.46661 4.19609 0.764011 0.0190797 -0.00105516 0.00324615 -0.327336 -0.0490835 0.183889 1 0 0 0 0 0 0 0
421 1 0.1 5.62514 4.31504 0.757663 0.0129689 0.0129883 -0.0332057 -0.103502 -0.596957 -0.062005 1 0 0 0 0 0 0 0
422 1 0.1 5.76408 4.47804 0.762996 0.0774277 0.0263002 0.00436294 0.189513 -0.924627 1.25114 1 0 0 0 0 0 0 0
423 1 0.1 5.87377 4.59483 0.644075 0.0418139 0.0593964 0.00704662 -0.765389 0.339809 -0.0485581 1 0 0 0 0 0 0 0
424 1 0.1 6.10287 5.07976 0.748781 -0.00261391 -0.00293706 -0.00194826 0.00884023 1.41041e-05 -0.00656526 1 0 0 0 0 0 0 0
425 1 0.1 6.28837 0.72678 0.750456 -0.00703995 -0.00357503 -0.0304697 0.0571584 0.398351 -0.0580439 1 0 0 0 0 0 0 0
426 1 0.1 5.92191 1.40867 0.762774 0.000426826 0.00321883 -0.000776796 0.0145995 -0.00430922 0.0296301 1 0 0 0 0 0 0 0
427 1 0.1 5.84848 1.59412 0.753085 0.0377469 0.0213124 -0.0217237 -0.288252 0.174378 -0.459986 1 0 0 0 0 0 0 0
428 1 0.1 6.01785 1.87255 0.762495 0.190053 -0.067092 0.00354091 -0.10097 -0.248057 0.928052 1 0 0 0 0 0 0 0
429 1 0.1 5.82066 1.83996 0.763584 0.203796 -0.1544 -0.00946021 0.109135 0.293774 -0.032321 1 0 0 0 0 0 0 0
430 1 0.1 5.65058 1.91238 0.692878 0.21817 -0.0822625 -0.019405 0.0410578 0.230315 -0.612933 1 0 0 0 0 0 0 0
431 1 0.1 5.42816 2.0996 0.763217 0.0545731 -0.016136 -0.000109419 -0.15671 -0.53789 -0.104801 1 0 0 0 0 0 0 0
432 1 0.1 5.03812 2.25243 0.763102 0.0153908 -0.0153449 0.0022979 -0.138123 -0.179287 -0.0724473 1 0 0 0 0 0 0 0
433 1 0.1 5.42222 2.55736 0.487123 0.00684184 -0.0197018 -0.00709344 0.22483 -0.405605 -0.824248 1 0 0 0 0 0 0 0
434 1 0.1 5.02434 2.54529 0.765976 -0.0657695 -0.0130245 0.00542513 0.449484 -0.732288 -0.0465418 1 0 0 0 0 0 0 0
435 1 0.1 4.73031 2.74226 0.76138 0.00567568 0.0397202 -0.0135853 -0.305963 0.0703971 0.384227 1 0 0 0 0 0 0 0
436 1 0.1 4.55371 2.55577 0.762453 -0.167357 -0.326981 0.00360585 0.321177 -0.132122 -3.71272 1 0 0 0 0 0 0 0
437 1 0.1 4.7511 3.02342 0.608127 6.10085e-05 0.0796955 -0.00809155 -0.00651563 -0.358861 0.596779 1 0 0 0 0 0 0 0
438 1 0.1 4.9363 3.24494 0.70363 0.0346497 -0.0172476 0.0982467 -0.854798 -0.247988 -0.0551649 1 0 0 0 0 0 0 0
439 1 0.1 4.85694 3.4512 0.764409 -0.0248284 0.00495606 0.00519956 0.0772003 0.542642 -0.0896606 1 0 0 0 0 0 0 0
440 1 0.1 5.10803 3.34054 0.691928 0.0515203 -0.0285733 0.0221806 0.416353 0.464326 -0.321367 1 0 0 0 0 0 0 0
441 1 0.1 5.16449 3.70847 0.637879 -0.0219048 -0.00205268 0.0554201 0.707562 1.51013 0.533348 1 0 0 0 0 0 0 0
442 1 0.1 5.32821 3.72899 0.525666 -0.0881427 0.0459407 -0.0585632 0.00156763 -0.384807 -0.335479 1 0 0 0 0 0 0 0
443 1 0.1 5.44942 3.80281 0.763829 0.0301021 0.00210923 0.0116466 0.157678 -0.112663 0.0481446 1 0 0 0 0 0 0 0
444 1 0.1 5.4376 4.00108 0.756789 0.0247072 8.69129e-07 -0.0560773 -0.277777 0.331869 0.0860437 1 0 0 0 0 0 0 0
445 1 0.1 5.67951 4.01268 0.585867 0.000141017 -0.00509694 0.0060139 0.189778 0.141728 0.0783587 1 0 0 0 0 0 0 0
446 1 0.1 5.82116 4.2855 0.732361 0.0173495 0.0214078 -0.00558333 -0.437918 0.127481 0.241776 1 0 0 0 0 0 0 0
447 1 0.1 5.95765 4.42864 0.762529 0.0664454 -0.0210237 -0.00226198 0.580544 0.825078 -1.64199 1 0 0 0 0 0 0 0
448 1 0.1 5.99513 4.70008 0.762623 0.0368594 0.0789185 -0.00136205 0.678577 -0.253718 0.270866 1 0 0 0 0 0 0 0
449 1 0.1 6.24386 5.22142 0.749991 -0.00228467 -0.00194731 6.08278e-05 0.0100591 -0.010689 0.0109669 1 0 0 0 0 0 0 0
450 1 0.1 6.12399 1.09591 0.68727 0.0198689 -0.0240277 0.030106 0.0397369 -0.25046 -0.332079 1 0 0 0 0 0 0 0
451 1 0.1 5.99665 1.24931 0.668579 0.00135925 -0.00113556 0.00433908 -0.0797059 0.0177186 -0.0207962 1 0 0 0 0 0 0 0
452 1 0.1 6.04636 1.62125 0.762513 0.0590856 -0.154605 -0.000312508 -1.52014 -0.634524 -1.39857 1 0 0 0 0 0 0 0
453 1 0.1 5.93564 1.7339 0.639922 0.185043 -0.111696 -0.078938 0.923761 0.296921 -0.0144106 1 0 0 0 0 0 0 0
454 1 0.1 5.68552 2.10498 0.765624 0.0724126 -0.0299552 0.00942065 0.0582536 -1.54655 0.165701 1 0 0 0 0 0 0 0
455 1 0.1 5.42561 2.34586 0.752118 0.0111966 -0.00579911 -0.00513773 0.0108852 -0.0524328 -0.13186 1 0 0 0 0 0 0 0
456 1 0.1 5.2289 2.31178 0.76252 0.0118331 -0.00478947 -0.0012198 -0.108188 0.0726094 0.128655 1 0 0 0 0 0 0 0
457 1 0.1 5.7037 2.32422 0.448602 -0.238373 -0.039366 0.000608131 0.334962 -0.583774 0.291083 1 0 0 0 0 0 0 0
458 1 0.1 5.32959 2.52093 0.764015 0.0354688 -0.0175522 0.0051452 -0.176581 -0.361934 0.114475 1 0 0 0 0 0 0 0
459 1 0.1 5.49934 2.62618 0.762559 0.0207432 0.00281206 -0.000587145 -0.0151579 0.00852135 0.0041701 1 0 0 0 0 0 0 0
460 1 0.1 5.22302 2.56923 0.502542 0.0961831 0.0110557 0.0289174 -0.104894 0.236974 0.291327 1 0 0 0 0 0 0 0
461 1 0.1 5.01859 2.77767 0.767932 -0.0151643 0.0121086 0.000776159 0.192582 0.18988 -0.16687 1 0 0 0 0 0 0 0
462 1 0.1 4.85429 2.95029 0.762651 -0.0106523 0.0569191 -0.00343869 0.563815 0.0883503 -0.25902 1 0 0 0 0 0 0 0
463 1 0.1 5.24467 3.12514 0.58602 0.0881508 -0.0305593 0.000152012 0.313661 -0.0660492 0.263269 1 0 0 0 0 0 0 0
464 1 0.1 5.03212 3.16338 0.550206 0.0281003 -0.00253756 0.0965314 0.336098 0.117999 0.981087 1 0 0 0 0 0 0 0
465 1 0.1 5.15795 3.46249 0.542659 0.0158557 0.00877936 0.0175685 -0.34255 -0.687369 -0.104757 1 0 0 0 0 0 0 0
466 1 0.1 5.30978 3.6632 0.76311 0.0370119 0.00293069 -0.00983525 -0.00446312 -0.750239 0.172937 1 0 0 0 0 0 0 0
467 1 0.1 5.49307 3.64797 0.645253 0.0308044 0.00631436 0.00648326 -0.00635642 -0.184951 -0.215045 1 0 0 0 0 0 0 0
468 1 0.1 5.64134 3.77448 0.719 0.0265889 -0.0117049 0.0145549 -0.237902 0.0578447 -0.292764 1 0 0 0 0 0 0 0
469 1 0.1 5.738 3.94267 0.763143 0.00788443 -0.00153 0.00347234 0.0112567 -0.310089 0.658835 1 0 0 0 0 0 0 0
470 1 0.1 5.91351 3.86118 0.712818 -0.0040117 -0.00556017 0.0173171 0.17044 0.0617805 0.205976 1 0 0 0 0 0 0 0
471 1 0.1 5.86978 4.09215 0.747324 -0.00699217 0.0174752 0.0479945 -0.07807 -0.319666 -0.492763 1 0 0 0 0 0 0 0
472 1 0.1 6.01811 4.23693 0.762518 -0.206402 0.0686783 -0.000488108 -0.0543067 0.0726334 0.171514 1 0 0 0 0 0 0 0
473 1 0.1 5.96125 4.93883 0.750277 -0.00430322 -0.00262575 -0.00195318 0.00624865 0.0160693 -0.00800346 1 0 0 0 0 0 0 0
474 1 0.1 6.13088 4.87572 0.665406 -0.00355087 0.0329579 -0.0243387 -0.462539 0.415093 0.647736 1 0 0 0 0 0 0 0
475 1 0.1 6.11943 1.37791 0.760124 -0.000723428 -0.0137722 0.0223693 0.0767788 -0.241767 -0.203223 1 0 0 0 0 0 0 0
476 1 0.1 6.01308 1.45026 0.589874 0.0246402 -0.00813486 0.0092302 -0.852212 -0.598182 1.37965 1 0 0 0 0 0 0 0
477 1 0.1 6.06717 2.10057 0.762469 -0.0513815 -0.0837036 -0.00184774 0.78446 -0.464612 0.116203 1 0 0 0 0 0 0 0
478 1 0.1 5.90799 2.22156 0.762733 -0.0451996 -0.0733219 -0.000332807 -0.826546 0.467638 -0.236965 1 0 0 0 0 0 0 0
479 1 0.1 5.83653 2.40797 0.763514 -0.0108638 -0.0565595 0.00175828 -0.530558 0.0745198 0.0861245 1 0 0 0 0 0 0 0
480 1 0.1 5.94831 3.15719 0.762493 0.0563813 -0.0213912 -0.0028289 -0.00118343 0.285488 0.114384 1 0 0 0 0 0 0 0
481 1 0.1 5.88911 2.83788 0.762865 0.027218 -0.000116858 0.000872738 -0.0989833 -0.374547 0.200909 1 0 0 0 0 0 0 0
482 1 0.1 5.67227 2.52594 0.762526 0.0212592 -0.000371757 -0.00341238 0.0561352 -0.0178762 0.000944779 1 0 0 0 0 0 0 0
483 1 0.1 5.7519 2.45594 0.591422 -0.00325935 -0.0436891 -0.00268406 0.384232 -0.0158699 -0.547531 1 0 0 0 0 0 0 0
484 1 0.1 5.55461 2.81824 0.763301 0.0597186 -0.00860165 0.00549181 -0.251103 -0.823794 -0.283144 1 0 0 0 0 0 0 0
485 1 0.1 5.39587 2.93689 0.747386 0.0574359 -0.0078238 0.0401276 1.61566 0.200551 0.404654 1 0 0 0 0 0 0 0
486 1 0.1 5.18529 2.6623 0.76349 -0.0466847 -0.0286826 -0.00702787 -0.412853 0.441297 -0.0664719 1 0 0 0 0 0 0 0
487 1 0.1 5.04546 3.0905 0.764014 0.0793585 -0.0160746 0.00289508 -0.118493 -0.756014 0.282982 1 0 0 0 0 0 0 0
488 1 0.1 5.23121 3.20729 0.76488 0.0259626 -0.0397918 0.00387232 -0.414463 -0.356815 -0.0239638 1 0 0 0 0 0 0 0
489 1 0.1 5.28733 3.31896 0.608008 0.0419274 -0.00774751 0.00210204 0.0844832 -0.0234682 -0.0763334 1 0 0 0 0 0 0 0
490 1 0.1 5.40856 3.30099 0.763485 0.0224512 -0.00722989 0.00612686 -0.0363842 -0.198472 0.040809 1 0 0 0 0 0 0 0
491 1 0.1 5.19863 3.50057 0.762266 0.0723272 -0.0238768 -0.00964809 -0.497443 0.102706 0.248513 1 0 0 0 0 0 0 0
492 1 0.1 5.42597 3.50052 0.762568 0.0235342 -0.00244363 -0.000913178 0.0592127 -0.190435 -0.18407 1 0 0 0 0 0 0 0
493 1 0.1 5.7576 3.09724 0.76293 0.0612101 -0.0315926 0.00242716 -0.35845 -0.62423 0.00298611 1 0 0 0 0 0 0 0
494 1 0.1 5.65685 3.57464 0.762826 0.00343957 0.00592635 0.00258957 0.0199015 -0.0636473 0.0930728 1 0 0 0 0 0 0 0
495 1 0.1 5.81824 3.69259 0.762555 0.0259169 -0.0297028 0.00107158 -0.0140476 0.0355013 -0.00415398 1 0 0 0 0 0 0 0
496 1 0.1 5.83766 3.48944 0.762552 0.00585221 0.000389193 -0.00170608 0.0339658 -0.0718456 -0.0408951 1 0 0 0 0 0 0 0
497 1 0.1 6.00784 4.11485 0.604492 0.0208586 -0.0403447 0.0672259 0.39707 0.0932154 -0.651925 1 0 0 0 0 0 0 0
498 1 0.1 6.13551 4.51988 0.762354 0.00720352 0.0949796 -0.0152079 0.640836 -0.060106 2.94286 1 0 0 0 0 0 0 0
499 1 0.1 6.19472 4.71087 0.758898 0.0379149 0.0857494 0.0380745 -0.266719 -0.122182 -0.213142 1 0 0 0 0 0 0 0
