500
0 1 0.1 6.072 0.945639 0.149997 -0.0236748 0.0383244 -0.00236258 -0.0114249 0.00762271 0.295145 1 0 0 0 0 0 0 0
1 1 0.1 5.93068 1.08708 0.150603 -0.0189078 0.0364055 0.000791241 0.0827214 0.0231375 0.092702 1 0 0 0 0 0 0 0
2 1 0.1 5.78945 1.22849 0.148124 -0.0188155 0.0169561 0.00623094 0.0136534 -0.0805005 0.136423 1 0 0 0 0 0 0 0
3 1 0.1 5.50263 1.52077 0.14004 0.0611574 -0.069197 -0.0274935 0.640612 0.854073 -1.7799 1 0 0 0 0 0 0 0
4 1 0.1 5.41189 1.69227 0.187919 0.494731 0.0649772 0.36059 -1.16154 -1.26704 0.734389 1 0 0 0 0 0 0 0
5 1 0.1 5.2236 1.79902 0.137495 -0.00984857 0.012439 0.00229779 -0.0153292 -0.0500573 0.146571 1 0 0 0 0 0 0 0
6 1 0.1 5.07444 1.95006 0.137309 -0.006516 0.00719946 -0.00608301 0.080536 -0.181667 0.107766 1 0 0 0 0 0 0 0
7 1 0.1 4.87435 2.14426 0.140872 -0.00110489 0.00244166 -0.00567382 -0.0284719 0.0425816 0.0299773 1 0 0 0 0 0 0 0
8 1 0.1 4.66464 2.56417 0.13598 -0.00191606 0.00137802 -0.00610285 -0.012297 0.00702581 0.0399133 1 0 0 0 0 0 0 0
9 1 0.1 4.81584 2.45648 0.32155 0.00803993 0.0507283 0.0304802 0.0555714 -0.212985 0.115305 1 0 0 0 0 0 0 0
10 1 0.1 4.33055 2.69427 0.137422 -0.0100041 0.0075859 0.00388854 -0.0356507 -0.114349 0.090948 1 0 0 0 0 0 0 0
11 1 0.1 4.19581 2.82701 0.263942 -0.0114623 0.000246519 0.0218427 0.14321 -0.217563 0.131049 1 0 0 0 0 0 0 0
12 1 0.1 4.18986 2.99469 0.16197 0.00586944 0.00847091 0.0413691 -0.00694408 -0.402324 0.0443147 1 0 0 0 0 0 0 0
13 1 0.1 4.27952 3.1658 0.137039 0.000761758 0.00651352 0.00255911 -0.597589 0.283651 0.0388011 1 0 0 0 0 0 0 0
14 1 0.1 4.36783 3.34256 0.136733 0.021926 0.0161309 -0.0138977 0.0990301 -0.289854 0.0575755 1 0 0 0 0 0 0 0
15 1 0.1 4.53345 3.43698 0.189876 0.107324 -0.0245301 -0.0290751 -0.74308 -0.121334 -1.14297 1 0 0 0 0 0 0 0
16 1 0.1 4.66306 3.57971 0.14052 0.733148 -0.384214 0.0524956 -0.872197 -3.24755 -5.21292 1 0 0 0 0 0 0 0
17 1 0.1 4.72594 3.75782 0.0743442 -0.264537 -0.0697617 -0.217539 4.8739 26.3674 7.11666 1 0 0 0 0 0 0 0
18 1 0.1 4.88605 3.86592 0.146343 -0.266541 -0.0708821 -0.0463155 -1.14728 -0.724182 5.31155 1 0 0 0 0 0 0 0
19 1 0.1 5.17062 4.14384 0.195114 0.00516301 0.00229712 -0.0136228 0.117128 0.164701 0.0146323 1 0 0 0 0 0 0 0
20 1 0.1 5.30386 4.28095 0.137409 0.00239093 0.0061528 -0.00182531 0.0305969 -0.0282489 -0.0288804 1 0 0 0 0 0 0 0
21 1 0.1 5.44056 4.42617 0.150494 0.00380091 0.00337166 0.00427469 -0.103232 -0.0428339 0.00385338 1 0 0 0 0 0 0 0
22 1 0.1 5.58241 4.56636 0.145783 0.00135123 0.003015 0.00165195 -0.00618068 0.00766502 0.0645251 1 0 0 0 0 0 0 0
23 1 0.1 5.72617 4.70495 0.142981 -0.00020627 0.00384933 0.000256942 9.39812e-06 0.00616779 -0.0434491 1 0 0 0 0 0 0 0
24 1 0.1 6.00585 4.99011 0.149784 0.000422476 0.00183542 -0.00072051 0.000940508 0.00552277 -0.0169633 1 0 0 0 0 0 0 0
25 1 0.1 6.21365 0.803787 0.150038 -0.014888 0.0231079 0.000246798 0.00497384 0.000804377 0.282167 1 0 0 0 0 0 0 0
26 1 0.1 5.9706 1.30954 0.170422 -0.0146607 0.00753633 3.17604e-05 -0.0252413 0.143624 -0.204624 1 0 0 0 0 0 0 0
27 1 0.1 5.90295 1.49449 0.137035 0.00271362 0.0107346 -0.0052805 -0.100394 0.0262807 -0.0427252 1 0 0 0 0 0 0 0
28 1 0.1 5.64242 1.37815 0.148814 0.0298013 -0.0977527 0.0638553 -0.774154 -1.59716 0.84946 1 0 0 0 0 0 0 0
29 1 0.1 5.58593 1.70805 0.130311 0.21017 0.0987442 -0.0302051 -1.21455 0.808864 -0.798041 1 0 0 0 0 0 0 0
30 1 0.1 5.42366 1.88532 0.137489 -0.00755023 0.0135509 0.000833201 -0.0202451 -0.0338063 -0.098959 1 0 0 0 0 0 0 0
31 1 0.1 5.2654 2.00737 0.137471 -0.00574729 0.0214217 0.00431419 0.033642 0.0771562 0.0225357 1 0 0 0 0 0 0 0
32 1 0.1 5.06869 2.18998 0.13781 0.000679925 -0.0102983 -0.0190782 -0.136067 0.0451179 -0.150821 1 0 0 0 0 0 0 0
33 1 0.1 4.65433 2.36499 0.150039 -0.0020332 0.00259804 0.00028961 0.00445148 -0.000662401 0.0349587 1 0 0 0 0 0 0 0
34 1 0.1 4.86386 2.54897 0.137815 -0.0165912 0.000218148 -0.0037656 0.0158237 0.0349901 -0.0063414 1 0 0 0 0 0 0 0
35 1 0.1 4.52731 2.71822 0.162616 -0.00931969 0.00651745 1.8324e-05 0.188267 0.15863 -0.0772404 1 0 0 0 0 0 0 0
36 1 0.1 4.77898 2.67177 0.280882 -0.00324034 0.00433327 -0.00650417 -0.707671 -0.671162 -0.0669691 1 0 0 0 0 0 0 0
37 1 0.1 4.37596 2.88864 0.137257 -0.00690263 0.00729805 -1.22033e-06 -0.0690467 -0.0379338 -0.0974959 1 0 0 0 0 0 0 0
38 1 0.1 4.46023 3.07102 0.136002 0.026585 0.0375623 0.00738719 -0.342507 0.481897 -0.336711 1 0 0 0 0 0 0 0
39 1 0.1 4.55406 3.24473 0.136428 0.072215 -0.0133239 -0.0106815 0.36653 0.553683 -0.0443683 1 0 0 0 0 0 0 0
40 1 0.1 4.80034 3.45136 0.302267 0.146864 -0.168434 0.033648 -2.0594 -1.30086 1.94078 1 0 0 0 0 0 0 0
41 1 0.1 5.00571 3.64373 0.13525 -0.0294299 -0.0138548 -0.00475795 0.128056 -0.26501 0.0617653 1 0 0 0 0 0 0 0
42 1 0.1 5.09965 3.82465 0.136629 0.0100442 0.0213968 -0.0104476 -0.20831 0.0615889 0.0287626 1 0 0 0 0 0 0 0
43 1 0.1 5.03006 4.01067 0.148092 0.00487245 0.00714153 -0.00607786 0.075883 0.0319423 0.0800292 1 0 0 0 0 0 0 0
44 1 0.1 5.43024 4.04079 0.160377 0.0213013 0.00315752 0.0146855 0.0407311 -0.0376964 0.0985979 1 0 0 0 0 0 0 0
45 1 0.1 5.56716 4.18317 0.137284 0.017431 0.00577376 0.000145015 -0.07901 0.17798 -0.0765032 1 0 0 0 0 0 0 0
46 1 0.1 5.63176 4.37073 0.147326 0.00467418 0.00758301 -0.0130621 0.101773 0.204966 0.237831 1 0 0 0 0 0 0 0
47 1 0.1 5.77847 4.50513 0.137139 0.00220066 0.010643 -0.00172332 0.0199665 -0.0746429 -0.0847085 1 0 0 0 0 0 0 0
48 1 0.1 5.86414 4.84926 0.149998 0.00108139 0.00179779 -0.000252049 0.000681569 0.0019554 0.0180573 1 0 0 0 0 0 0 0
49 1 0.1 6.14682 5.13182 0.15014 0.000338323 0.000769606 -0.000153184 0.0129519 0.00679433 0.00390253 1 0 0 0 0 0 0 0
50 1 0.1 6.35507 0.662423 0.14999 -0.0149275 0.0233483 0.000222304 0.0035031 -0.000628879 0.286199 1 0 0 0 0 0 0 0
51 1 0.1 6.12003 1.14978 0.137461 -0.0253178 0.0600833 0.00156767 -0.650801 -0.239428 0.152829 1 0 0 0 0 0 0 0
52 1 0.1 5.97696 1.68576 0.137425 0.157125 0.122956 0.00481798 -0.782237 -0.10604 1.59538 1 0 0 0 0 0 0 0
53 1 0.1 5.77912 1.65934 0.138128 0.172736 0.0246833 0.059586 0.0589095 0.517257 -0.601209 1 0 0 0 0 0 0 0
54 1 0.1 5.69806 1.8724 0.137333 0.128932 0.132923 0.000442022 -0.456984 0.387148 1.41228 1 0 0 0 0 0 0 0
55 1 0.1 5.56702 2.00693 0.205253 0.00324106 0.0149955 0.0122044 -0.00172473 -0.10757 -0.0179866 1 0 0 0 0 0 0 0
56 1 0.1 5.49697 2.18238 0.137424 0.0135314 -0.00296869 0.00035787 -0.137893 0.0732222 -0.274263 1 0 0 0 0 0 0 0
57 1 0.1 5.26766 2.2091 0.137483 0.00230439 -0.0196255 -0.000178134 0.148721 -0.227428 0.0570389 1 0 0 0 0 0 0 0
58 1 0.1 5.1413 2.29473 0.291734 -0.0249334 -0.0148519 -0.00747989 0.197887 -0.119271 0.161776 1 0 0 0 0 0 0 0
59 1 0.1 4.87164 2.34915 0.13708 -0.0221844 0.00251046 -3.16773e-06 -0.0295402 -0.22222 -0.0742604 1 0 0 0 0 0 0 0
60 1 0.1 4.96075 2.73373 0.239307 -0.010648 0.0130696 0.00655566 -0.0799821 0.312198 0.382762 1 0 0 0 0 0 0 0
61 1 0.1 4.69339 2.8267 0.137456 -0.00402972 0.000833373 -0.000572723 -0.0141023 -0.0371427 -0.0251586 1 0 0 0 0 0 0 0
62 1 0.1 4.87772 3.05827 0.134054 0.0216187 0.0134684 -0.00227799 -0.112169 0.18193 0.103088 1 0 0 0 0 0 0 0
63 1 0.1 4.65398 3.0251 0.134227 0.0125158 -0.0129969 0.00178048 0.0975788 0.0947313 -0.0924189 1 0 0 0 0 0 0 0
64 1 0.1 4.7294 3.33275 0.160842 0.163485 -0.204879 0.0520173 1.62363 0.523895 -2.18776 1 0 0 0 0 0 0 0
65 1 0.1 4.90342 3.61945 0.300235 -0.0342842 -0.0422173 -0.0251698 0.0573752 0.212234 -0.0350155 1 0 0 0 0 0 0 0
66 1 0.1 5.23177 3.66193 0.136148 0.0398566 0.0031317 -0.00548701 0.0612263 0.0784061 0.258907 1 0 0 0 0 0 0 0
67 1 0.1 5.37654 3.79765 0.137278 0.0233418 0.0263653 0.000175341 0.0616879 -0.0389231 -0.00421583 1 0 0 0 0 0 0 0
68 1 0.1 5.24672 3.96849 0.137047 0.0206913 -0.000254361 -2.53095e-05 -0.0515411 -0.133298 -0.0422434 1 0 0 0 0 0 0 0
69 1 0.1 5.60209 4.0352 0.325505 -0.0881915 0.0451508 0.0425061 0.262256 -0.0884433 -0.468889 1 0 0 0 0 0 0 0
70 1 0.1 5.72041 4.18678 0.265876 -0.0352958 -0.00453516 0.00376211 -0.239758 0.0877556 -0.147423 1 0 0 0 0 0 0 0
71 1 0.1 5.81867 4.30115 0.136833 -0.00817507 -0.0324806 0.000440191 0.3255 -0.199024 -0.577436 1 0 0 0 0 0 0 0
72 1 0.1 5.97986 4.41913 0.138216 -0.024941 -0.0108587 0.00164866 0.32921 0.521407 0.816813 1 0 0 0 0 0 0 0
73 1 0.1 6.15341 4.85577 0.137248 -0.000840781 0.00096279 2.19495e-05 -0.00579 -0.0067936 -0.00356033 1 0 0 0 0 0 0 0
74 1 0.1 6.39335 5.36983 0.150013 -2.87497e-06 -7.21569e-07 3.71254e-05 -0.000222299 2.1144e-06 -0.00176965 1 0 0 0 0 0 0 0
75 1 0.1 6.40382 0.864154 0.137593 -0.0257511 0.0561251 -0.0038712 0.0770941 0.0686418 0.0620405 1 0 0 0 0 0 0 0
76 1 0.1 6.26324 1.00631 0.137368 -0.0362127 0.0449543 -0.000880055 -0.108717 0.00618863 0.0880466 1 0 0 0 0 0 0 0
77 1 0.1 6.10263 1.50296 0.137468 0.0024623 0.056484 0.00125001 -0.178606 -0.116985 0.510721 1 0 0 0 0 0 0 0
78 1 0.1 5.89774 1.86989 0.14434 0.125913 0.125252 0.00980541 0.473096 -0.478986 -1.47434 1 0 0 0 0 0 0 0
79 1 0.1 5.6792 2.13636 0.335168 0.0453129 0.111056 0.00837617 -0.207209 -0.344405 0.166743 1 0 0 0 0 0 0 0
80 1 0.1 5.70741 2.13161 0.137366 0.0083376 0.0178211 0.00147671 -0.193538 0.0717702 0.00585569 1 0 0 0 0 0 0 0
81 1 0.1 5.66073 2.32412 0.16255 0.0166424 0.0228425 0.00934274 0.297988 -0.118511 -0.0531649 1 0 0 0 0 0 0 0
82 1 0.1 5.60006 2.7512 0.137558 -0.0304179 -0.030274 -0.00453934 -0.228534 0.22402 0.10595 1 0 0 0 0 0 0 0
83 1 0.1 5.47076 2.38035 0.13747 0.0112467 0.00231603 0.000667717 0.164925 -0.114199 0.306645 1 0 0 0 0 0 0 0
84 1 0.1 5.06857 2.38993 0.135333 -0.0200417 -0.00962142 0.000801339 0.100395 -0.218363 0.309889 1 0 0 0 0 0 0 0
85 1 0.1 5.05875 2.5934 0.136918 -0.0281869 -0.00490815 -0.00183909 0.0940938 -0.286223 -0.124675 1 0 0 0 0 0 0 0
86 1 0.1 5.28813 2.87458 0.288941 0.0249585 0.0276381 0.00139205 0.00228425 -0.175611 -0.153358 1 0 0 0 0 0 0 0
87 1 0.1 4.9855 2.89555 0.135571 -0.00151664 0.00480462 -0.00125004 -0.0871307 -0.055833 -0.287826 1 0 0 0 0 0 0 0
88 1 0.1 4.96304 3.23842 0.13727 0.209486 -0.0614365 -0.00204024 -0.75716 -0.0206215 -1.75829 1 0 0 0 0 0 0 0
89 1 0.1 4.90991 3.43036 0.137346 0.158907 -0.0609784 0.00750196 0.870609 1.58173 2.54773 1 0 0 0 0 0 0 0
90 1 0.1 5.16085 3.4761 0.13715 -0.147473 0.0743188 0.00162159 -0.716438 -1.47278 -2.00384 1 0 0 0 0 0 0 0
91 1 0.1 5.39184 3.54363 0.137313 0.0345856 -0.00703392 0.0026222 -0.158495 -0.119742 -0.428423 1 0 0 0 0 0 0 0
92 1 0.1 5.5552 3.70808 0.137383 0.0140983 0.0065504 0.000765652 -0.0661886 0.148295 -0.0798471 1 0 0 0 0 0 0 0
93 1 0.1 5.76693 3.84457 0.137348 0.00365533 -9.08727e-05 -0.00116882 0.00123142 0.0291754 0.0134935 1 0 0 0 0 0 0 0
94 1 0.1 5.69555 4.03076 0.138303 0.00726876 -0.000203145 -0.00413903 -0.0569064 0.055567 -0.0382973 1 0 0 0 0 0 0 0
95 1 0.1 5.89343 4.00244 0.137496 0.00451393 -0.0193807 5.94908e-05 0.00225315 -0.0904088 -0.156017 1 0 0 0 0 0 0 0
96 1 0.1 6.02784 4.15109 0.137358 -0.0102199 -0.0270846 0.00218286 0.346993 -0.0457735 -0.215151 1 0 0 0 0 0 0 0
97 1 0.1 6.07176 4.57329 0.226093 -0.0309677 -0.00397542 -0.00399569 0.0167535 0.185858 -0.330654 1 0 0 0 0 0 0 0
98 1 0.1 6.29437 4.99732 0.139328 -8.82856e-05 0.0003042 0.00014996 -0.0101913 -0.0126837 -0.00705386 1 0 0 0 0 0 0 0
99 1 0.1 6.39428 5.17037 0.137494 0.000161737 -1.5884e-05 1.14106e-05 0.000636623 -0.00123169 0.00177108 1 0 0 0 0 0 0 0
100 1 0.1 6.35566 0.661496 0.349986 -0.0028304 0.00441328 1.51894e-05 -0.0297287 -0.019387 0.0460503 1 0 0 0 0 0 0 0
101 1 0.1 6.30859 1.21641 0.137436 -0.00666998 0.000585057 0.00109484 -0.177485 -0.176624 -0.424221 1 0 0 0 0 0 0 0
102 1 0.1 6.16396 1.32967 0.216078 -0.00425468 0.0345543 -0.0372527 -0.544816 0.19511 0.354107 1 0 0 0 0 0 0 0
103 1 0.1 5.84344 2.23834 0.237768 0.0348643 -0.00510349 -0.00718691 0.268531 -0.0826349 0.120603 1 0 0 0 0 0 0 0
104 1 0.1 5.79755 2.9071 0.337357 0.0398811 -0.0663876 -0.00542235 0.192786 0.599488 -0.358683 1 0 0 0 0 0 0 0
105 1 0.1 5.83875 2.41094 0.137299 0.0307257 0.00764873 0.00237934 -0.120252 0.305151 -0.208659 1 0 0 0 0 0 0 0
106 1 0.1 5.67839 2.56722 0.137498 -0.352751 -0.173265 6.42419e-05 -0.235092 0.654385 -2.54984 1 0 0 0 0 0 0 0
107 1 0.1 5.65399 3.04325 0.365893 0.0744313 -0.0252768 -0.0264413 -0.610375 -0.502992 -0.133614 1 0 0 0 0 0 0 0
108 1 0.1 5.40133 2.77234 0.138755 -0.0295996 0.00148648 0.025341 -0.210072 0.0742819 -0.508248 1 0 0 0 0 0 0 0
109 1 0.1 5.44431 2.57778 0.152349 -0.0511182 -0.00532333 0.0311029 0.16715 -0.113458 0.306269 1 0 0 0 0 0 0 0
110 1 0.1 5.25344 2.63814 0.135198 -0.0447902 0.0232207 -0.0114863 -0.244519 -0.520059 -0.0255489 1 0 0 0 0 0 0 0
111 1 0.1 5.16988 2.81938 0.137468 0.0130947 0.0487541 -6.0516e-05 0.0332259 0.148238 0.0457037 1 0 0 0 0 0 0 0
112 1 0.1 5.37381 2.96993 0.135888 0.0348042 0.01099 2.20242e-05 -0.106292 0.372108 -0.179685 1 0 0 0 0 0 0 0
113 1 0.1 5.19374 3.10728 0.136982 0.00200984 0.00879025 -0.00302799 -0.0697109 0.0391816 -0.0281555 1 0 0 0 0 0 0 0
114 1 0.1 5.32184 3.18152 0.271195 0.061878 -0.0535554 -0.0283118 0.351208 0.741939 -0.0987025 1 0 0 0 0 0 0 0
115 1 0.1 5.34781 3.32693 0.137198 0.00804224 -0.0189404 -0.000218196 0.214631 0.0810844 0.10545 1 0 0 0 0 0 0 0
116 1 0.1 5.47216 3.14357 0.137357 0.0445979 0.00690372 0.000468708 0.339982 0.0759307 0.0292974 1 0 0 0 0 0 0 0
117 1 0.1 5.53546 3.2992 0.245284 0.0328348 -0.00524347 0.0240665 -0.0404989 -0.0822863 0.114096 1 0 0 0 0 0 0 0
118 1 0.1 5.77569 3.64513 0.137353 0.0192352 0.0020368 -0.00168935 -0.00839768 0.187592 0.145982 1 0 0 0 0 0 0 0
119 1 0.1 5.93256 3.80527 0.242116 0.00772109 0.0230012 0.000455958 -0.0127848 -0.0466175 0.25552 1 0 0 0 0 0 0 0
120 1 0.1 5.59646 3.46909 0.137164 0.00767166 -0.00182727 0.000490627 0.0125598 0.08019 0.175693 1 0 0 0 0 0 0 0
121 1 0.1 5.72349 3.31558 0.136882 0.0147508 0.0034075 -0.00219709 -0.0426021 0.239345 -0.0445306 1 0 0 0 0 0 0 0
122 1 0.1 6.03889 4.28881 0.281521 0.00333625 -0.0292373 0.00730125 -0.4068 0.0273795 -0.130726 1 0 0 0 0 0 0 0
123 1 0.1 6.22357 4.66851 0.137485 -0.0246315 -0.00769879 0.000471979 0.0808354 -0.19709 0.219535 1 0 0 0 0 0 0 0
124 1 0.1 6.30641 4.82609 0.262379 -0.00236591 0.0160874 0.00550343 0.165858 -0.289463 0.18848 1 0 0 0 0 0 0 0
125 1 0.1 5.93256 1.08651 0.356023 -0.00287768 0.00420297 0.00300497 0.00589249 -0.0310443 0.00329648 1 0 0 0 0 0 0 0
126 1 0.1 5.79022 1.22663 0.349997 -0.00725231 0.00213282 -0.000342193 -0.0110997 -0.00115302 0.0448923 1 0 0 0 0 0 0 0
127 1 0.1 5.65095 1.36969 0.360027 0.00153664 0.0205738 -0.0036834 0.103189 -0.119356 -0.306467 1 0 0 0 0 0 0 0
128 1 0.1 5.50992 1.50977 0.339577 -0.00535316 0.0211564 -0.0184492 -0.170467 -0.0205534 0.349951 1 0 0 0 0 0 0 0
129 1 0.1 5.36091 1.65048 0.359045 -0.0886736 0.0706115 0.0487204 2.32208 1.88038 0.429614 1 0 0 0 0 0 0 0
130 1 0.1 5.16428 1.85932 0.318706 -0.0172051 0.0102631 0.00241173 -0.00536769 -0.0782944 0.196318 1 0 0 0 0 0 0 0
131 1 0.1 5.02269 2.00039 0.322987 -0.0184321 0.00968701 -0.0142036 0.0676297 -0.0811473 -0.353086 1 0 0 0 0 0 0 0
132 1 0.1 4.88896 2.13607 0.380305 -0.0103122 0.00623201 -0.0027296 0.109134 0.0601847 0.0625363 1 0 0 0 0 0 0 0
133 1 0.1 4.77096 2.26583 0.287379 0.00565928 0.0494181 0.04343 -0.0790351 0.717866 -0.500511 1 0 0 0 0 0 0 0
134 1 0.1 4.64085 2.38237 0.450189 -0.0408712 0.0592579 0.0338078 -0.0209379 -0.471769 0.800044 1 0 0 0 0 0 0 0
135 1 0.1 4.44824 2.56646 0.356394 -0.00786245 -0.00269189 -0.0226771 0.0363246 0.280334 0.0135748 1 0 0 0 0 0 0 0
136 1 0.1 4.36364 2.74339 0.328161 -0.00617224 0.00165453 0.0108161 0.141161 0.147884 -0.00682508 1 0 0 0 0 0 0 0
137 1 0.1 4.19126 2.99266 0.371038 0.00494793 -0.0172375 0.0162334 0.884267 -0.256491 -0.51626 1 0 0 0 0 0 0 0
138 1 0.1 4.2138 3.19026 0.350047 -0.0158527 -0.017361 0.0023038 -0.0166742 -0.0153859 -0.245379 1 0 0 0 0 0 0 0
139 1 0.1 4.35891 3.33145 0.366006 -0.0249974 -0.0480776 0.0775783 -0.738395 -0.395796 -0.469277 1 0 0 0 0 0 0 0
140 1 0.1 4.59033 3.57015 0.326484 0.025363 0.0109674 -0.0641138 0.270932 0.138568 0.0717768 1 0 0 0 0 0 0 0
141 1 0.1 4.73889 3.72039 0.333462 -0.0144655 -0.0123216 -0.00624516 -0.0713757 -0.0614773 -0.274414 1 0 0 0 0 0 0 0
142 1 0.1 4.87909 3.86303 0.346369 0.0146567 0.0100576 -0.0294665 0.240108 0.157178 0.186913 1 0 0 0 0 0 0 0
143 1 0.1 5.02073 4.00406 0.349012 0.0166936 0.0101369 0.00156784 0.0412285 -0.0826704 0.247444 1 0 0 0 0 0 0 0
144 1 0.1 5.33719 4.14975 0.305364 -0.0307842 -0.0105452 0.0395494 -0.199717 -0.816357 -0.215839 1 0 0 0 0 0 0 0
145 1 0.1 5.36876 4.34571 0.32957 -0.0134175 -0.0118945 0.0327876 -0.0798069 -0.338499 -0.16178 1 0 0 0 0 0 0 0
146 1 0.1 5.50745 4.48783 0.357159 -0.00375867 0.0021373 -0.00260059 0.0268349 0.010762 -0.0237158 1 0 0 0 0 0 0 0
147 1 0.1 5.64775 4.63013 0.349984 -0.00131334 -0.00165593 -0.000313124 0.00702216 -0.001757 -0.0257627 1 0 0 0 0 0 0 0
148 1 0.1 5.79324 4.77131 0.367794 0.000390765 -0.000125606 0.00353725 -0.0156436 -0.0262444 -0.00202221 1 0 0 0 0 0 0 0
149 1 0.1 5.93222 4.91432 0.353218 0.0005299 0.00064122 0.0018216 -0.0128134 -0.0128758 0.0158482 1 0 0 0 0 0 0 0
150 1 0.1 6.07329 0.944618 0.352478 -0.00176281 0.00495014 0.00641247 0.0458032 -0.0506957 0.033487 1 0 0 0 0 0 0 0
151 1 0.1 5.89135 1.5354 0.331558 -0.00791323 0.0174467 -0.0152867 0.0250128 -0.0923816 0.081939 1 0 0 0 0 0 0 0
152 1 0.1 5.69737 1.5576 0.289615 -0.00705044 0.0420041 -0.0162263 0.138728 0.0718928 -0.198079 1 0 0 0 0 0 0 0
153 1 0.1 5.78302 1.97216 0.287773 0.0987045 0.152026 -0.00794734 0.0198157 -0.782848 -1.50468 1 0 0 0 0 0 0 0
154 1 0.1 5.52904 1.79741 0.308275 0.679023 0.383609 -0.0851216 -5.00237 3.47285 -2.79768 1 0 0 0 0 0 0 0
155 1 0.1 5.34424 1.83654 0.406305 -0.051214 0.0208507 0.184129 -0.986103 0.112812 -0.219891 1 0 0 0 0 0 0 0
156 1 0.1 5.18934 2.10793 0.327302 -0.00503936 -0.00549579 -0.0103356 -0.177315 -0.0482881 0.129318 1 0 0 0 0 0 0 0
157 1 0.1 5.05793 2.21064 0.456888 -0.0402765 -0.0198519 0.097992 0.234123 -1.08207 -0.236561 1 0 0 0 0 0 0 0
158 1 0.1 4.89394 2.32481 0.449988 -0.00471303 0.0259415 0.0139673 0.316983 -0.327544 -0.294227 1 0 0 0 0 0 0 0
159 1 0.1 4.87409 2.77052 0.426348 -0.0167396 0.00900329 0.00149905 -0.0947102 0.12573 -0.220504 1 0 0 0 0 0 0 0
160 1 0.1 4.63905 2.54218 0.330037 -0.0155455 0.0155699 -0.019251 -0.1678 -0.311773 0.275753 1 0 0 0 0 0 0 0
161 1 0.1 4.56092 2.73499 0.35898 -0.00447032 -0.00172808 -0.00146724 -0.0990202 -0.0786039 0.0739605 1 0 0 0 0 0 0 0
162 1 0.1 4.37591 2.98996 0.309342 -0.00773998 -0.0403493 0.0326706 0.75099 -0.0539591 -0.119168 1 0 0 0 0 0 0 0
163 1 0.1 4.45534 3.1678 0.306826 -0.0391362 -0.0488727 0.0551014 0.609433 1.2034 1.65176 1 0 0 0 0 0 0 0
164 1 0.1 4.58254 3.31738 0.341828 -0.0398489 -0.0257033 0.0333808 -0.5433 0.0913251 -0.721535 1 0 0 0 0 0 0 0
165 1 0.1 4.82877 3.57652 0.479101 -0.00201273 0.00478754 -0.00334436 -0.655066 -0.184445 0.236766 1 0 0 0 0 0 0 0
166 1 0.1 5.05626 3.60547 0.420365 -0.0161069 0.0419421 -0.026146 -1.26705 -0.0269089 0.321176 1 0 0 0 0 0 0 0
167 1 0.1 5.0551 3.77546 0.323118 -0.0073254 0.000719955 -0.0445895 0.654705 -0.225254 -0.104638 1 0 0 0 0 0 0 0
168 1 0.1 5.24319 4.03199 0.436729 -0.141421 0.0172179 -0.013635 0.132565 -0.0617038 0.191404 1 0 0 0 0 0 0 0
169 1 0.1 5.44227 4.01622 0.443644 -0.13865 0.0529854 -0.0178666 0.175192 0.0841029 0.187573 1 0 0 0 0 0 0 0
170 1 0.1 5.49744 4.21346 0.406603 -0.0361952 -0.0226395 0.0525278 -0.308193 0.428168 -0.238888 1 0 0 0 0 0 0 0
171 1 0.1 5.65331 4.35173 0.355924 -0.0123594 0.00496685 -0.0095581 0.0715451 -0.00785366 -0.0332159 1 0 0 0 0 0 0 0
172 1 0.1 5.83145 4.43299 0.315901 -0.00621419 -0.00340961 -0.00369888 0.0154838 -0.0271232 -0.0841606 1 0 0 0 0 0 0 0
173 1 0.1 5.87817 4.62583 0.260603 0.00161203 0.0012776 0.00354522 0.0347838 0.00500578 0.00809559 1 0 0 0 0 0 0 0
174 1 0.1 6.1464 5.12746 0.358613 -0.00287284 -0.000606165 -0.00105565 0.0287423 0.000218849 -0.0336834 1 0 0 0 0 0 0 0
175 1 0.1 6.21427 0.802882 0.350082 -0.0024139 0.00451592 0.00129488 0.0517374 0.0227062 -0.0427516 1 0 0 0 0 0 0 0
176 1 0.1 5.94893 1.34702 0.365651 -0.0404553 0.0183114 -0.00563942 -0.0440987 0.0257983 0.28992 1 0 0 0 0 0 0 0
177 1 0.1 5.75633 1.77398 0.301373 -0.0262807 0.115894 0.0512588 0.117222 0.318589 1.08544 1 0 0 0 0 0 0 0
178 1 0.1 5.87513 2.11536 0.392097 0.139248 0.0787836 0.0439153 0.170872 -0.204913 0.195489 1 0 0 0 0 0 0 0
179 1 0.1 5.62337 1.94057 0.408572 0.619332 0.472883 -0.149581 3.4387 -4.43144 2.96907 1 0 0 0 0 0 0 0
180 1 0.1 5.50891 2.10268 0.43417 0.0337498 0.0610854 -0.0218025 -0.149864 -0.0143996 0.595305 1 0 0 0 0 0 0 0
181 1 0.1 5.39339 2.07856 0.272994 -0.000910731 0.0116522 0.00969242 0.178109 -0.000866319 0.045693 1 0 0 0 0 0 0 0
182 1 0.1 5.24664 2.3795 0.454045 0.0419406 0.0125039 0.02613 -0.0947978 -0.0469453 0.337691 1 0 0 0 0 0 0 0
183 1 0.1 5.01328 2.44411 0.316893 0.00719782 0.00936125 0.00881557 -0.227299 0.407935 -0.5032 1 0 0 0 0 0 0 0
184 1 0.1 5.07062 2.58797 0.43844 0.00208982 0.00990664 0.0120659 -0.150908 -0.110469 -0.823227 1 0 0 0 0 0 0 0
185 1 0.1 4.90245 2.8507 0.607256 0.000298567 0.00351625 0.00165418 0.166517 0.0835748 0.264734 1 0 0 0 0 0 0 0
186 1 0.1 4.78218 2.59664 0.465156 -0.00811421 0.0707827 0.0209552 0.984274 -0.378865 0.266904 1 0 0 0 0 0 0 0
187 1 0.1 4.54274 2.89948 0.246938 -0.00683513 -0.0059134 -0.00176984 0.168711 -0.0167937 0.135017 1 0 0 0 0 0 0 0
188 1 0.1 4.66007 3.04626 0.326741 0.0166011 0.0217993 -0.000913649 -0.568317 -0.142538 -0.671638 1 0 0 0 0 0 0 0
189 1 0.1 4.94078 3.29376 0.3492 0.0705492 -0.0726892 -0.00206423 0.109993 0.564338 -0.445759 1 0 0 0 0 0 0 0
190 1 0.1 5.04483 3.45281 0.296321 -0.0486757 -0.00116228 0.0578265 2.6397 2.51579 0.754115 1 0 0 0 0 0 0 0
191 1 0.1 5.2294 3.59974 0.324296 -0.0076663 0.0250563 -0.00216397 -0.153079 -0.592699 0.608057 1 0 0 0 0 0 0 0
192 1 0.1 5.22589 3.87679 0.312387 0.00154174 -0.00433351 -0.00532948 0.0157367 0.134356 -0.0238347 1 0 0 0 0 0 0 0
193 1 0.1 5.47208 3.89061 0.284661 -0.0746167 0.0183378 0.0731895 -1.43184 0.486803 1.13283 1 0 0 0 0 0 0 0
194 1 0.1 5.67102 3.90322 0.457849 -0.0438885 0.0340016 0.0120202 0.338428 0.368264 0.371697 1 0 0 0 0 0 0 0
195 1 0.1 5.73821 4.11162 0.448656 -0.0514071 0.0260648 0.0147822 -0.265129 0.122143 -0.366872 1 0 0 0 0 0 0 0
196 1 0.1 5.87187 4.24431 0.381938 -0.0149826 -0.0149957 -0.0172804 -0.107639 0.0968933 -0.2564 1 0 0 0 0 0 0 0
197 1 0.1 5.78901 3.96713 0.305817 -0.0915661 0.0414261 -0.0187056 0.292268 0.4676 0.379429 1 0 0 0 0 0 0 0
198 1 0.1 6.02174 4.76437 0.256214 0.000482111 0.0018718 0.00191713 0.00382707 0.0318552 0.00464488 1 0 0 0 0 0 0 0
199 1 0.1 6.28705 5.26886 0.344854 -0.00128224 -0.00147691 0.00143913 -0.00150524 -0.0143575 -0.0193771 1 0 0 0 0 0 0 0
200 1 0.1 6.26509 0.998668 0.336962 -0.0116797 0.0366922 -0.00347743 0.192516 0.222689 0.279554 1 0 0 0 0 0 0 0
201 1 0.1 6.1188 1.15657 0.337284 -0.0351871 0.0922824 0.00118641 0.338298 0.178569 0.905757 1 0 0 0 0 0 0 0
202 1 0.1 6.0632 1.63944 0.311599 0.0470381 0.277669 0.104742 0.790236 -2.12577 2.05271 1 0 0 0 0 0 0 0
203 1 0.1 5.88534 2.42207 0.454143 0.0572234 0.0126933 -0.000965465 0.0513701 0.0369391 -0.071386 1 0 0 0 0 0 0 0
204 1 0.1 5.83654 2.53321 0.295396 0.0607526 0.0185607 0.0042556 0.0337375 -0.0612832 0.031062 1 0 0 0 0 0 0 0
205 1 0.1 5.53506 2.27493 0.336156 0.00634833 0.0690813 -0.0160848 -0.123496 0.230194 0.701672 1 0 0 0 0 0 0 0
206 1 0.1 5.34279 2.30885 0.293695 -0.0135796 -0.0180992 0.00716539 -0.188978 0.0676422 0.131123 1 0 0 0 0 0 0 0
207 1 0.1 5.39096 2.48899 0.369388 0.0192846 0.0087642 -0.0173277 -0.271573 0.122499 0.0230036 1 0 0 0 0 0 0 0
208 1 0.1 5.27375 2.41173 0.136981 0.00795876 -0.0148604 0.000441268 0.141517 0.0737736 -0.137637 1 0 0 0 0 0 0 0
209 1 0.1 5.33808 2.68677 0.331624 -0.0361686 0.0169184 -0.0116587 0.217728 0.318952 -0.348015 1 0 0 0 0 0 0 0
210 1 0.1 5.44135 2.84786 0.43317 0.0795299 0.0496879 0.0281579 0.277869 0.762718 0.20915 1 0 0 0 0 0 0 0
211 1 0.1 5.1446 2.6889 0.289545 -0.0190428 -0.0219017 -0.0082517 0.0470883 0.444224 0.0969833 1 0 0 0 0 0 0 0
212 1 0.1 4.71853 2.85528 0.333747 -0.0149144 0.0105268 -0.000655727 -0.0739846 -0.064261 0.108665 1 0 0 0 0 0 0 0
213 1 0.1 4.82665 3.14407 0.29806 0.0383052 -0.0244573 0.00620989 0.285887 0.0797711 0.128951 1 0 0 0 0 0 0 0
214 1 0.1 5.14411 3.28844 0.205039 0.168746 0.0402341 0.0388507 -0.0037167 0.310403 -0.446574 1 0 0 0 0 0 0 0
215 1 0.1 5.26646 3.40367 0.313085 0.165241 0.0568295 0.0264668 0.152631 0.03825 0.841577 1 0 0 0 0 0 0 0
216 1 0.1 5.48661 3.48429 0.302145 0.0269633 -0.00315002 0.00974123 -0.14142 0.194674 -0.0207432 1 0 0 0 0 0 0 0
217 1 0.1 5.40466 3.69386 0.305839 -0.0158153 0.0343837 0.0117527 -0.255966 0.200988 -0.450953 1 0 0 0 0 0 0 0
218 1 0.1 5.74211 3.77351 0.322415 0.000851311 0.0181423 0.0046893 -0.0745205 0.00449945 0.0580145 1 0 0 0 0 0 0 0
219 1 0.1 5.9268 3.65008 0.368081 -0.00509676 0.0228588 -0.000687383 0.0364972 0.184012 -0.530529 1 0 0 0 0 0 0 0
220 1 0.1 5.82438 3.41329 0.455789 0.059815 0.045493 -0.0279604 0.166211 0.239771 0.455838 1 0 0 0 0 0 0 0
221 1 0.1 5.89417 3.83598 0.435942 0.0023688 0.0202307 -0.00015668 0.00314693 0.0181117 -0.0861264 1 0 0 0 0 0 0 0
222 1 0.1 5.85656 3.50301 0.252183 0.0338201 0.0105779 -0.00674978 -0.0354173 -0.0487476 -0.0296867 1 0 0 0 0 0 0 0
223 1 0.1 6.12855 4.93235 0.320112 0.000896698 5.49062e-05 -7.98861e-05 -0.00795006 0.0244952 -0.00284772 1 0 0 0 0 0 0 0
224 1 0.1 6.30996 5.01394 0.340179 -0.000693466 0.000523242 -0.00230202 0.0036891 -0.00260772 0.00175837 1 0 0 0 0 0 0 0
225 1 0.1 6.26568 1.28469 0.381959 -0.0083538 0.070404 -0.0202448 -0.0227921 -0.2106 -0.556068 1 0 0 0 0 0 0 0
226 1 0.1 5.8975 2.06981 0.140132 0.0431943 0.124233 0.0209294 -0.380592 -0.0902414 1.09958 1 0 0 0 0 0 0 0
227 1 0.1 6.11483 1.45788 0.37754 -0.152845 0.177463 -0.00629948 1.02514 0.46458 1.29317 1 0 0 0 0 0 0 0
228 1 0.1 5.95051 2.57675 0.137338 0.0378448 0.00834399 -0.00461915 -0.0934447 0.330854 -0.163989 1 0 0 0 0 0 0 0
229 1 0.1 5.57306 2.96303 0.137204 0.0350653 -0.0105281 -0.000950591 -0.0252324 -0.194247 0.0261677 1 0 0 0 0 0 0 0
230 1 0.1 5.81783 3.16186 0.31505 0.0807526 -0.108875 -0.0336218 -0.433848 0.921544 -1.74883 1 0 0 0 0 0 0 0
231 1 0.1 5.723 2.35107 0.350519 0.0475725 -0.00073305 -0.00135217 -0.221331 0.160287 -0.254217 1 0 0 0 0 0 0 0
232 1 0.1 5.57547 2.47272 0.28058 -0.223152 -0.0260066 0.190858 0.186334 -2.26216 -0.251266 1 0 0 0 0 0 0 0
233 1 0.1 5.73503 2.70495 0.281527 0.0541609 0.0118574 -0.00743294 -0.12732 -0.335175 0.324203 1 0 0 0 0 0 0 0
234 1 0.1 5.53541 2.66684 0.306949 -0.0375315 0.0351274 -0.0168429 -0.495316 -0.77699 0.555661 1 0 0 0 0 0 0 0
235 1 0.1 5.60602 2.85472 0.309253 0.034736 -0.00790603 -0.0163618 -0.888858 1.40986 0.168883 1 0 0 0 0 0 0 0
236 1 0.1 5.5168 3.03652 0.572315 0.0777744 0.0124987 0.00372313 0.158956 0.24832 -1.15678 1 0 0 0 0 0 0 0
237 1 0.1 5.07702 2.87459 0.318649 0.0219147 -0.0082634 -0.0025492 -0.177151 0.235127 -0.149409 1 0 0 0 0 0 0 0
238 1 0.1 5.18566 3.04141 0.324596 -0.00234223 0.00696179 -0.010011 0.0919758 -0.225002 0.425168 1 0 0 0 0 0 0 0
239 1 0.1 5.35143 3.02758 0.461371 0.0802976 0.0802955 -0.00869541 -0.0294659 -0.349061 0.331155 1 0 0 0 0 0 0 0
240 1 0.1 5.46857 2.99931 0.306089 0.0610633 0.0154676 -0.0138497 -0.65676 0.211659 -0.770412 1 0 0 0 0 0 0 0
241 1 0.1 5.52588 3.23461 0.590093 0.0990911 0.0158221 -0.0310458 0.214117 -0.27649 0.0906404 1 0 0 0 0 0 0 0
242 1 0.1 5.47856 3.17156 0.406643 0.137702 0.0190229 -0.0334523 -0.570537 -0.00910056 -1.0361 1 0 0 0 0 0 0 0
243 1 0.1 5.55865 3.41785 0.475834 0.0654514 0.00423422 -0.00596572 0.217068 0.0954061 0.465178 1 0 0 0 0 0 0 0
244 1 0.1 5.64479 3.60387 0.282412 0.0192218 0.00714355 -0.0014466 0.0889246 -0.112408 0.139986 1 0 0 0 0 0 0 0
245 1 0.1 5.66582 3.13238 0.188527 0.0534856 -0.0149584 -0.0238 0.697957 0.775898 0.107104 1 0 0 0 0 0 0 0
246 1 0.1 5.68872 3.41077 0.309071 0.0369619 0.0118653 -0.00442947 -0.0547242 0.0522696 0.062274 1 0 0 0 0 0 0 0
247 1 0.1 5.99966 4.37803 0.455873 -0.00175352 -0.0081097 -0.0109561 0.107915 -0.0829688 0.153989 1 0 0 0 0 0 0 0
248 1 0.1 6.11223 4.56412 0.421661 -0.015507 -0.00607212 -0.00527416 -0.0593657 0.00649628 0.0376251 1 0 0 0 0 0 0 0
249 1 0.1 6.17424 4.75189 0.39269 -0.00917484 -0.00742206 -0.0137245 0.103368 0.092912 -0.0364741 1 0 0 0 0 0 0 0
250 1 0.1 6.02179 1.00128 0.538569 -0.00384591 0.00251054 -0.00237964 -0.00357439 0.0343734 0.0556713 1 0 0 0 0 0 0 0
251 1 0.1 5.85807 1.1605 0.549998 -0.00232254 0.00321558 -0.000371336 -0.0099148 -0.00283757 0.0324186 1 0 0 0 0 0 0 0
252 1 0.1 5.71901 1.3035 0.536036 -0.00177774 0.00394056 -0.00897967 -0.102365 0.0424622 0.045184 1 0 0 0 0 0 0 0
253 1 0.1 5.51468 1.50309 0.556343 -0.0355717 0.0184478 -0.011099 -0.00573694 0.0275221 0.0135776 1 0 0 0 0 0 0 0
254 1 0.1 5.37315 1.64434 0.55696 -0.0326831 0.0178454 0.0317038 0.283187 0.430762 0.190981 1 0 0 0 0 0 0 0
255 1 0.1 5.17631 1.84594 0.554294 -0.0202783 0.0130239 -0.00455589 -0.00506451 0.0410745 0.130859 1 0 0 0 0 0 0 0
256 1 0.1 5.03967 1.98849 0.521835 -0.0456059 0.00991941 -0.0275249 -0.128726 -0.0151167 0.253144 1 0 0 0 0 0 0 0
257 1 0.1 4.90504 2.12426 0.579369 -0.0231805 0.00278495 -0.00770206 0.0254636 0.119692 -0.0297211 1 0 0 0 0 0 0 0
258 1 0.1 4.75156 2.27596 0.581405 -0.020484 0.0129236 -0.0101213 -0.0576674 0.0919903 0.237738 1 0 0 0 0 0 0 0
259 1 0.1 4.70794 2.48264 0.609712 0.0266349 0.053554 0.0172514 -0.613294 0.055478 0.223635 1 0 0 0 0 0 0 0
260 1 0.1 4.59018 2.60689 0.509404 -0.013124 -0.0165249 -0.0181737 0.492334 0.315672 -0.180611 1 0 0 0 0 0 0 0
261 1 0.1 4.42707 2.83105 0.49555 -0.0262645 -0.0106317 0.0282136 -0.00975424 -0.424747 -0.0436833 1 0 0 0 0 0 0 0
262 1 0.1 4.18759 2.90397 0.549259 -0.00317079 -0.0144774 0.00922583 -0.149391 -0.12175 -0.196605 1 0 0 0 0 0 0 0
263 1 0.1 4.18956 3.11112 0.550433 0.00206586 0.0097592 0.00831571 -0.0470181 -0.0858328 0.110105 1 0 0 0 0 0 0 0
264 1 0.1 4.29873 3.27855 0.550012 0.00547302 0.00764657 0.000373512 -0.00468836 0.000926965 0.00444988 1 0 0 0 0 0 0 0
265 1 0.1 4.52497 3.50271 0.585085 0.00634239 0.00721836 0.00762821 0.0262873 0.108373 0.429161 1 0 0 0 0 0 0 0
266 1 0.1 4.6656 3.6418 0.573175 -0.000440546 0.0111448 -0.010661 0.143426 0.341987 -0.394841 1 0 0 0 0 0 0 0
267 1 0.1 4.80138 3.78243 0.538626 -0.00300334 -0.00135482 -0.0334074 0.0323828 0.126338 0.281135 1 0 0 0 0 0 0 0
268 1 0.1 4.94447 3.92135 0.528717 -0.000348313 -0.00550721 -0.0212877 0.418774 0.00729109 0.017977 1 0 0 0 0 0 0 0
269 1 0.1 5.08339 4.05902 0.570171 -0.00409611 -0.0116948 0.0126241 -0.00753219 -0.0819977 0.0092677 1 0 0 0 0 0 0 0
270 1 0.1 5.22186 4.20045 0.54184 -0.00938785 0.00224739 0.0327771 -0.164938 -0.277921 -0.022243 1 0 0 0 0 0 0 0
271 1 0.1 5.36918 4.35076 0.541971 -0.01404 -0.013907 0.021218 -0.179064 -0.141252 -0.229303 1 0 0 0 0 0 0 0
272 1 0.1 5.50997 4.4919 0.556976 -0.00832997 -0.00791297 -0.0019294 -0.00924761 0.0193017 -0.0800216 1 0 0 0 0 0 0 0
273 1 0.1 5.70614 4.68396 0.55003 -0.00506519 -0.0050363 -0.00185888 0.00989698 0.016594 -0.0728898 1 0 0 0 0 0 0 0
274 1 0.1 5.85531 4.83533 0.549359 -0.00857686 -0.010702 0.000447083 0.0249588 -0.0214601 -0.119423 1 0 0 0 0 0 0 0
275 1 0.1 6.16182 0.859761 0.556386 -0.00266544 0.00179339 0.000318773 -0.0140781 -0.051423 -0.0526722 1 0 0 0 0 0 0 0
276 1 0.1 5.95549 1.35048 0.565468 -0.0191322 0.0133368 -0.00513314 -0.0101208 0.0796945 -0.125287 1 0 0 0 0 0 0 0
277 1 0.1 5.81323 1.47679 0.505347 -0.0209245 0.0103213 -0.0212623 -0.0965544 -0.184265 0.171343 1 0 0 0 0 0 0 0
278 1 0.1 5.63562 1.68294 0.432226 0.0850943 -0.00850823 0.0737056 3.4286 -4.63933 -6.33776 1 0 0 0 0 0 0 0
279 1 0.1 5.53516 1.75588 0.588471 -0.0286509 0.0264554 -0.00337709 -0.0747073 0.334615 0.185409 1 0 0 0 0 0 0 0
280 1 0.1 5.42226 1.92274 0.585676 -0.0237931 0.0453935 0.0303023 0.1981 0.252066 -0.249391 1 0 0 0 0 0 0 0
281 1 0.1 5.31657 2.02249 0.448595 -0.0113968 0.0476404 0.0223233 -0.584851 -0.016692 -0.158736 1 0 0 0 0 0 0 0
282 1 0.1 5.17167 2.06129 0.652286 -0.0186555 0.103296 -0.135566 0.472185 1.81198 1.53087 1 0 0 0 0 0 0 0
283 1 0.1 4.95464 2.30217 0.652583 0.000488276 -0.00499668 0.00431338 0.12538 0.133402 -0.0691272 1 0 0 0 0 0 0 0
284 1 0.1 4.93874 2.606 0.5849 0.00354512 0.0185587 0.00857284 0.199124 0.480881 -0.0921107 1 0 0 0 0 0 0 0
285 1 0.1 4.48465 2.53996 0.75328 0.00228125 -0.00121903 0.00203198 0.00950202 -0.00877753 0.00319722 1 0 0 0 0 0 0 0
286 1 0.1 4.50859 2.74346 0.662852 0.0115085 -0.0173104 0.0154256 0.052573 0.271704 0.134745 1 0 0 0 0 0 0 0
287 1 0.1 4.49182 2.94206 0.648014 0.00418878 -0.0184923 0.024046 0.840177 0.073658 -0.145541 1 0 0 0 0 0 0 0
288 1 0.1 4.36097 3.01906 0.50642 7.53559e-05 -0.00210666 0.0268401 0.065107 -0.12666 -0.256967 1 0 0 0 0 0 0 0
289 1 0.1 4.50625 3.30745 0.570334 0.0467256 0.0150641 -0.0091342 0.165421 -0.131921 -0.0283704 1 0 0 0 0 0 0 0
290 1 0.1 4.67445 3.45202 0.456591 0.0339242 -0.0128377 -0.0543968 -0.420399 0.11082 -0.330676 1 0 0 0 0 0 0 0
291 1 0.1 4.96929 3.47885 0.579709 -0.0117026 0.0954818 0.0824317 -0.21153 -0.535566 0.353253 1 0 0 0 0 0 0 0
292 1 0.1 5.10069 3.69608 0.58397 -0.0141627 -0.0815784 0.0164903 0.560175 0.195799 0.553738 1 0 0 0 0 0 0 0
293 1 0.1 5.13514 3.87288 0.493251 -0.0334248 -0.10343 -0.0639588 -0.0636245 0.348161 -1.10758 1 0 0 0 0 0 0 0
294 1 0.1 5.2869 3.97589 0.623485 -0.110819 -0.00592911 -0.0266054 0.210698 0.283501 0.145264 1 0 0 0 0 0 0 0
295 1 0.1 5.41357 4.15952 0.579877 -0.0174445 -0.00553382 0.0679585 0.249247 -0.141584 -0.0683325 1 0 0 0 0 0 0 0
296 1 0.1 5.55844 4.29734 0.577904 -0.0202845 -0.00114109 0.0473028 -0.558768 0.0522487 0.213187 1 0 0 0 0 0 0 0
297 1 0.1 5.70692 4.46508 0.540873 -0.00700038 -0.00902986 0.000196866 -0.0358 -0.0145999 0.0412864 1 0 0 0 0 0 0 0
298 1 0.1 5.8447 4.57887 0.451908 -0.00784115 -0.00652838 0.00104261 0.0308046 -0.0938175 -0.00547692 1 0 0 0 0 0 0 0
299 1 0.1 6.13831 5.10859 0.587012 -0.00419526 -0.00878729 0.00168121 0.00271365 -0.00679755 -0.10109 1 0 0 0 0 0 0 0
300 1 0.1 6.30235 0.717069 0.549802 -0.0129174 0.0101433 -0.00234571 -0.0698025 -0.0744723 0.135403 1 0 0 0 0 0 0 0
301 1 0.1 6.07559 1.19382 0.535849 -0.0183794 0.00620776 -0.00593853 -0.0261357 -0.0320066 0.087171 1 0 0 0 0 0 0 0
302 1 0.1 5.99008 1.59913 0.49319 -0.0419618 -0.0133629 0.0101155 0.334985 -0.329089 0.584128 1 0 0 0 0 0 0 0
303 1 0.1 5.86264 1.72191 0.58568 -0.0608184 -0.0315255 0.00811643 -0.565368 0.539826 -0.150956 1 0 0 0 0 0 0 0
304 1 0.1 5.71044 1.85151 0.580869 -0.0236294 0.0140373 -0.013302 -0.0460095 -0.0780192 -0.372275 1 0 0 0 0 0 0 0
305 1 0.1 5.60245 2.01945 0.589861 0.0578179 0.068799 -0.0321933 0.658794 -0.416086 0.0217557 1 0 0 0 0 0 0 0
306 1 0.1 5.42565 2.30503 0.501771 0.0623144 0.0335677 0.0159674 -0.0863093 0.440934 -0.0251138 1 0 0 0 0 0 0 0
307 1 0.1 5.20446 2.31118 0.636473 0.0285085 -0.00409021 0.0188192 0.170631 -0.218992 0.023375 1 0 0 0 0 0 0 0
308 1 0.1 5.20338 2.49951 0.300934 0.013544 -0.0133179 0.00156599 -0.176237 -0.00740854 0.124299 1 0 0 0 0 0 0 0
309 1 0.1 5.06145 2.44422 0.569951 -0.0280384 0.0106148 0.00594547 0.24648 0.410821 0.165981 1 0 0 0 0 0 0 0
310 1 0.1 5.12835 2.68659 0.594761 0.044861 0.00721161 -0.009328 -0.222586 0.0704402 -0.197566 1 0 0 0 0 0 0 0
311 1 0.1 4.67465 2.78147 0.558214 -0.0469866 0.0135025 -0.0665035 0.0413284 0.73503 0.176293 1 0 0 0 0 0 0 0
312 1 0.1 4.60303 2.95478 0.488788 -0.0216789 0.0549466 0.00851555 0.403886 0.245505 -0.284964 1 0 0 0 0 0 0 0
313 1 0.1 4.56967 3.15352 0.465558 0.0324011 0.0139396 0.00461958 0.087681 0.00489471 -0.567408 1 0 0 0 0 0 0 0
314 1 0.1 4.75678 3.21588 0.465444 0.0405892 -0.0368198 0.0142776 -0.126884 -0.0629029 -0.00762359 1 0 0 0 0 0 0 0
315 1 0.1 4.9705 3.27078 0.544504 0.13498 0.140302 0.00226516 -2.90661 0.90234 2.06059 1 0 0 0 0 0 0 0
316 1 0.1 5.12117 3.32602 0.426347 0.126117 -0.0645787 -0.107624 -1.40817 -0.202957 -1.14304 1 0 0 0 0 0 0 0
317 1 0.1 5.22219 3.54293 0.551732 0.0748707 0.0102093 0.00365367 0.0537408 -0.736214 0.476154 1 0 0 0 0 0 0 0
318 1 0.1 5.36677 3.8311 0.446324 -0.0348544 0.00471376 0.0312287 -0.476861 -0.565871 -0.333258 1 0 0 0 0 0 0 0
319 1 0.1 5.491 3.89321 0.593173 -0.0725725 0.0791374 -0.0131961 -0.216584 -0.0161597 0.767823 1 0 0 0 0 0 0 0
320 1 0.1 5.61264 4.05168 0.591071 -0.084244 0.0902001 0.00155156 0.21567 -0.204555 -0.590572 1 0 0 0 0 0 0 0
321 1 0.1 5.8323 4.13212 0.62324 -0.012459 0.00753632 0.00454536 0.146107 0.210083 -0.258894 1 0 0 0 0 0 0 0
322 1 0.1 5.84496 4.32413 0.570508 0.00201166 0.00494656 0.00762161 -0.126921 0.100932 0.0683722 1 0 0 0 0 0 0 0
323 1 0.1 5.98463 4.72123 0.447847 -0.00498741 -0.0123235 -0.00413806 -0.100791 0.0887381 -0.0382158 1 0 0 0 0 0 0 0
324 1 0.1 6.2734 5.25104 0.54891 -0.00980405 -0.00373629 0.00996092 -0.00295819 -0.122172 -0.0530277 1 0 0 0 0 0 0 0
325 1 0.1 6.34635 0.903679 0.493136 -0.0121987 0.00633818 -0.0255015 0.123193 0.382765 -0.0566716 1 0 0 0 0 0 0 0
326 1 0.1 6.21466 1.05106 0.523062 -0.00664338 0.00998647 0.00320304 0.00681512 -0.086325 0.0227818 1 0 0 0 0 0 0 0
327 1 0.1 5.8569 1.877 0.447272 -0.0345704 0.0114775 -0.0264952 0.790273 0.304851 -0.362358 1 0 0 0 0 0 0 0
328 1 0.1 5.92336 2.28152 0.652079 0.0528357 0.0138601 0.00141831 0.176696 -0.0606372 0.00211948 1 0 0 0 0 0 0 0
329 1 0.1 5.78603 2.09506 0.569687 0.078884 0.0256525 0.00429147 0.15344 -0.531432 0.277605 1 0 0 0 0 0 0 0
330 1 0.1 5.58145 2.22059 0.59362 0.0596112 0.0128113 0.00449772 -0.0274962 -0.233712 -0.314266 1 0 0 0 0 0 0 0
331 1 0.1 5.76014 2.29029 0.537202 0.0563537 0.019941 0.00116427 -0.0888167 -0.0116917 0.0265063 1 0 0 0 0 0 0 0
332 1 0.1 5.75188 2.48282 0.590077 0.062716 0.0196886 0.00346486 0.129533 -0.112446 -0.124141 1 0 0 0 0 0 0 0
333 1 0.1 5.68855 2.57266 0.423447 0.0650836 0.0211562 0.00522702 -0.138177 0.128986 0.0511901 1 0 0 0 0 0 0 0
334 1 0.1 5.39933 2.69978 0.590909 0.0849582 0.0124459 0.031765 0.345275 0.172931 -0.13746 1 0 0 0 0 0 0 0
335 1 0.1 5.26596 2.58906 0.489162 0.0705428 0.0227987 0.0271728 0.343611 -0.461771 -0.345157 1 0 0 0 0 0 0 0
336 1 0.1 5.25787 2.78835 0.482433 0.0986875 0.0216407 0.0461907 -0.181317 -0.53964 0.0819807 1 0 0 0 0 0 0 0
337 1 0.1 4.75781 2.98874 0.609851 -0.00296053 0.00152523 -0.00183643 0.255649 0.0143274 0.12361 1 0 0 0 0 0 0 0
338 1 0.1 4.95876 3.02179 0.385026 -0.192872 -0.206552 0.102631 -0.412232 -1.44025 -2.90268 1 0 0 0 0 0 0 0
339 1 0.1 5.1011 3.13568 0.47723 -0.0460171 -0.0201543 -0.0256695 -0.0137803 -0.102751 -0.0142143 1 0 0 0 0 0 0 0
340 1 0.1 5.3035 3.25302 0.456408 0.134565 0.0102326 -0.0471107 -1.26063 0.613771 1.4858 1 0 0 0 0 0 0 0
341 1 0.1 5.38986 3.38038 0.585111 0.102422 0.0212507 0.0111901 0.545876 0.0886351 -0.139001 1 0 0 0 0 0 0 0
342 1 0.1 5.40368 3.54408 0.472165 0.0872219 0.036486 0.0277598 -0.284772 0.471451 -0.0576183 1 0 0 0 0 0 0 0
343 1 0.1 5.56675 3.73853 0.413862 0.00432952 0.0162482 -0.017242 0.35513 0.167577 0.312605 1 0 0 0 0 0 0 0
344 1 0.1 5.67671 3.75583 0.591938 -0.00146349 0.0198602 -0.00147564 -0.140485 0.126503 -0.241127 1 0 0 0 0 0 0 0
345 1 0.1 5.79273 3.36454 0.762836 0.0540891 0.0136711 0.000834813 0.141671 -0.528813 0.000198392 1 0 0 0 0 0 0 0
346 1 0.1 5.81646 3.93559 0.590698 -0.0217955 0.0121477 -0.00745397 0.193979 0.0125557 -0.166692 1 0 0 0 0 0 0 0
347 1 0.1 6.00371 4.00523 0.597694 -0.0140462 -0.0051072 -0.00637987 0.0306306 0.0528648 -0.0185049 1 0 0 0 0 0 0 0
348 1 0.1 5.99874 4.97376 0.533831 -0.00930719 -0.0113857 0.00841877 0.00496777 -0.065379 -0.0459171 1 0 0 0 0 0 0 0
349 1 0.1 6.20721 4.94037 0.503675 -9.81964e-05 -0.00507386 -0.00054796 0.0259465 -0.0245526 0.0561426 1 0 0 0 0 0 0 0
350 1 0.1 6.37301 1.16143 0.575178 -0.0206112 0.0310142 -0.00210308 -0.469014 -0.172389 0.0973062 1 0 0 0 0 0 0 0
351 1 0.1 6.24028 1.3109 0.578321 -0.00978983 0.0438345 -0.0134261 0.400673 0.08027 -0.268151 1 0 0 0 0 0 0 0
352 1 0.1 6.11625 1.46875 0.577199 -0.0137029 0.0074202 -0.00018618 0.130419 0.0190678 0.0520015 1 0 0 0 0 0 0 0
353 1 0.1 5.94881 1.92539 0.762391 0.0238644 0.0062088 -0.000186256 0.00900174 0.01982 -0.148596 1 0 0 0 0 0 0 0
354 1 0.1 5.86283 2.75635 0.137269 0.0574533 0.0192668 0.00109623 -0.0436355 0.146173 -0.0241653 1 0 0 0 0 0 0 0
355 1 0.1 5.7706 2.93362 0.141001 0.0388075 0.010688 0.0054082 -0.0123053 0.0505588 0.218677 1 0 0 0 0 0 0 0
356 1 0.1 5.72167 2.7093 0.63851 0.0487645 0.000831661 0.0054949 0.0172809 -1.04169 -0.102939 1 0 0 0 0 0 0 0
357 1 0.1 5.80649 2.75137 0.462425 0.0718632 -0.0561449 0.00389362 -0.40646 0.897545 -0.430246 1 0 0 0 0 0 0 0
358 1 0.1 5.22152 2.71536 0.764633 0.0288604 0.00539027 -0.000292259 0.110393 -0.195257 0.00271566 1 0 0 0 0 0 0 0
359 1 0.1 5.60718 2.74648 0.477202 0.0679442 0.0227 0.00300557 0.499137 -0.945328 -0.32552 1 0 0 0 0 0 0 0
360 1 0.1 5.69757 2.9203 0.516793 0.017225 0.0395315 0.0441716 -0.0924046 -0.614802 0.616107 1 0 0 0 0 0 0 0
361 1 0.1 5.55501 2.85204 0.638435 -0.00237262 -0.00704944 -0.00304976 -0.0300654 -0.123784 0.0936817 1 0 0 0 0 0 0 0
362 1 0.1 5.35598 2.8994 0.61142 0.0371845 0.0958592 -0.00136054 -0.122563 -0.0931784 0.518559 1 0 0 0 0 0 0 0
363 1 0.1 5.12992 2.94214 0.511791 -0.0351082 -0.0114395 -0.0166534 -0.155979 0.443877 -0.0117668 1 0 0 0 0 0 0 0
364 1 0.1 5.47662 2.98784 0.762263 0.0172465 0.00769497 -0.00467736 -0.0157181 0.220823 -0.395749 1 0 0 0 0 0 0 0
365 1 0.1 5.31381 3.14058 0.620105 -0.0216309 0.0542685 -0.011001 0.733713 -2.08482 -2.02444 1 0 0 0 0 0 0 0
366 1 0.1 5.69453 3.12803 0.576842 0.0873543 -0.00840356 -0.0052004 -0.0376653 -0.157439 -0.260551 1 0 0 0 0 0 0 0
367 1 0.1 5.62242 3.25538 0.76299 0.037258 0.0052317 0.00151648 -0.018411 -0.403565 0.0347134 1 0 0 0 0 0 0 0
368 1 0.1 5.62177 3.56406 0.596442 -0.000117971 0.0188655 0.00573549 0.0706497 -0.0408047 0.258508 1 0 0 0 0 0 0 0
369 1 0.1 5.74787 3.62175 0.452643 -0.00540486 0.0462157 0.00910805 -0.246473 -0.11558 0.366348 1 0 0 0 0 0 0 0
370 1 0.1 5.69927 3.33347 0.589611 0.0906182 0.0211671 -0.0167955 -0.135216 0.0974432 -0.120319 1 0 0 0 0 0 0 0
371 1 0.1 5.66472 3.24304 0.414761 0.14672 -0.00724441 -0.0143706 -0.0468204 -0.427364 0.733535 1 0 0 0 0 0 0 0
372 1 0.1 5.92793 4.05598 0.418854 -0.0707512 -0.0335688 0.0263889 0.0655774 -0.306752 -0.321443 1 0 0 0 0 0 0 0
373 1 0.1 6.02711 4.51669 0.595968 -0.0123035 -0.00753984 -0.000136953 0.0106507 0.0292232 0.0377512 1 0 0 0 0 0 0 0
374 1 0.1 6.12269 4.69218 0.58947 -0.00772211 -0.00628041 -0.00346599 -0.0790868 -0.0490604 -0.0766234 1 0 0 0 0 0 0 0
375 1 0.1 6.11741 0.906961 0.751977 -0.000830912 -8.66853e-05 -7.8867e-05 -0.0084329 0.00209477 0.0164778 1 0 0 0 0 0 0 0
376 1 0.1 5.84178 1.18534 0.762117 0.00202948 -0.000110437 -0.0020016 -0.00852338 -0.00218548 0.0374946 1 0 0 0 0 0 0 0
377 1 0.1 5.70068 1.3263 0.761604 0.00245906 -0.00190709 -0.00195454 -0.0035112 0.0157462 -0.00694599 1 0 0 0 0 0 0 0
378 1 0.1 5.55823 1.46544 0.750662 0.00485975 -0.00178012 0.00532135 0.0767811 0.0055264 -0.031296 1 0 0 0 0 0 0 0
379 1 0.1 5.43851 1.6247 0.744579 0.0104132 -0.00418271 0.0129369 0.0417868 -0.0722962 -0.00123193 1 0 0 0 0 0 0 0
380 1 0.1 5.27885 1.74351 0.752765 0.00718439 -0.00757237 0.00948786 0.146157 -0.0952088 0.0233437 1 0 0 0 0 0 0 0
381 1 0.1 5.13317 1.89034 0.750059 0.00433478 -0.00503444 -0.000442989 0.00242535 0.0035649 -0.00374922 1 0 0 0 0 0 0 0
382 1 0.1 4.9934 2.0329 0.759784 0.003699 -0.00565312 0.00331991 0.0193847 -0.006746 -0.0437243 1 0 0 0 0 0 0 0
383 1 0.1 4.83328 2.19019 0.760476 -0.00254322 -0.00199704 0.00127082 -0.225791 -0.267883 0.0603031 1 0 0 0 0 0 0 0
384 1 0.1 4.72358 2.35513 0.762797 0.0288419 0.0142226 -0.00429325 0.275958 -0.0800142 0.158432 1 0 0 0 0 0 0 0
385 1 0.1 4.3997 2.62103 0.548703 0.00146196 -0.00369165 0.0128559 0.204596 -0.059091 -0.0442935 1 0 0 0 0 0 0 0
386 1 0.1 4.18649 2.89943 0.748505 0.000108696 -0.000460481 0.00857101 0.027596 0.0534166 0.0576524 1 0 0 0 0 0 0 0
387 1 0.1 4.19004 3.10948 0.753247 6.12719e-05 -0.000241106 -0.000180623 0.00149699 0.00123132 -0.00555407 1 0 0 0 0 0 0 0
388 1 0.1 4.29812 3.27767 0.74999 3.41631e-06 -9.61095e-05 0.000433085 0.00345858 -0.00839194 0.00249344 1 0 0 0 0 0 0 0
389 1 0.1 4.45037 3.43396 0.756238 0.00654798 0.010057 0.00791988 0.231314 -0.212993 0.119513 1 0 0 0 0 0 0 0
390 1 0.1 4.59258 3.57432 0.759154 0.0068331 0.0069433 0.00821609 -0.16164 0.0808677 -0.0161834 1 0 0 0 0 0 0 0
391 1 0.1 4.73319 3.71636 0.754597 0.000461607 0.0104787 -0.0157765 0.0607398 0.156697 0.086449 1 0 0 0 0 0 0 0
392 1 0.1 4.88298 3.84416 0.70765 0.0324649 -0.0953858 -0.0353595 0.557751 -0.154132 -0.115895 1 0 0 0 0 0 0 0
393 1 0.1 5.01063 3.99089 0.754055 -0.0342354 -0.0499235 0.0037937 -0.212441 0.0878385 -0.562914 1 0 0 0 0 0 0 0
394 1 0.1 5.15163 4.13266 0.751669 -0.044593 -0.0412455 -0.0576158 0.0838604 0.656855 -0.535223 1 0 0 0 0 0 0 0
395 1 0.1 5.31423 4.29333 0.746342 -0.0989577 -0.0645231 0.0178722 0.0467592 -0.379595 -1.16214 1 0 0 0 0 0 0 0
396 1 0.1 5.45514 4.43489 0.751352 -0.0952418 -0.0724744 0.0166979 -0.145821 0.100414 0.315395 1 0 0 0 0 0 0 0
397 1 0.1 5.5962 4.57654 0.749987 -0.100095 -0.0691879 0.00119915 0.0634093 0.0353562 -0.254735 1 0 0 0 0 0 0 0
398 1 0.1 5.77587 4.74919 0.762526 -0.0067825 -0.00631237 0.000768471 -0.0336025 0.0254023 -0.0790391 1 0 0 0 0 0 0 0
399 1 0.1 5.91912 4.89682 0.748948 0.00161399 0.000733042 0.000613533 -0.00122651 0.00245548 0.0211401 1 0 0 0 0 0 0 0
400 1 0.1 6.25883 0.76575 0.752061 -0.000670235 0.00047212 0.000239638 -0.000460712 -0.0018391 -0.00671111 1 0 0 0 0 0 0 0
401 1 0.1 5.99505 1.06278 0.72675 0.00125839 0.00088752 -0.00126555 -0.00386295 0.00836781 -0.0321484 1 0 0 0 0 0 0 0
402 1 0.1 5.83216 1.47689 0.762515 -0.0334179 0.0342963 1.41057e-05 -0.233664 -0.363957 0.40356 1 0 0 0 0 0 0 0
403 1 0.1 5.7218 1.59067 0.640663 -0.0169403 0.0221384 -0.0276012 0.0446925 0.111 -0.343061 1 0 0 0 0 0 0 0
404 1 0.1 5.61876 1.70899 0.763103 0.00274948 0.0227102 -0.00719872 0.224908 -0.0460995 0.0483217 1 0 0 0 0 0 0 0
405 1 0.1 5.45834 1.82767 0.757674 -0.00725628 0.0128665 0.00788155 0.129777 0.0946796 -0.043608 1 0 0 0 0 0 0 0
406 1 0.1 5.4104 2.01995 0.762359 0.018251 0.0152994 0.0025793 -0.184387 -0.0318369 -0.27228 1 0 0 0 0 0 0 0
407 1 0.1 5.38903 2.13186 0.591189 0.0362279 0.0331462 -0.00866351 0.285834 0.167995 -0.533496 1 0 0 0 0 0 0 0
408 1 0.1 5.09074 2.20686 0.762891 -0.00030249 -0.00655968 -0.00213015 -0.0872674 0.00601882 0.0675308 1 0 0 0 0 0 0 0
409 1 0.1 4.82444 2.52623 0.763612 0.0241729 0.00475223 0.00965399 -0.127423 -0.133105 -0.451054 1 0 0 0 0 0 0 0
410 1 0.1 4.2766 2.74794 0.63318 -0.00361729 -0.00886538 0.0117554 0.0575911 -0.19757 0.0057486 1 0 0 0 0 0 0 0
411 1 0.1 4.3747 2.84897 0.767038 -0.0030938 -0.0200864 0.00193424 -0.174628 -0.0886849 -0.276712 1 0 0 0 0 0 0 0
412 1 0.1 4.38477 3.06557 0.762646 0.000866547 0.001206 -0.000184964 0.0344762 0.0107191 0.0242869 1 0 0 0 0 0 0 0
413 1 0.1 4.50287 3.23829 0.763468 0.00554025 -0.030267 0.00182476 -0.388235 0.00333126 -0.0599289 1 0 0 0 0 0 0 0
414 1 0.1 4.8018 3.36995 0.577789 0.0517871 0.00487284 -0.0283901 -0.425662 0.262744 0.0223082 1 0 0 0 0 0 0 0
415 1 0.1 4.79102 3.53683 0.688102 -0.00977019 0.00714448 -0.00600476 -0.288902 -0.29937 0.331343 1 0 0 0 0 0 0 0
416 1 0.1 5.10385 3.55626 0.721569 0.0659869 -0.0626402 0.0141898 -0.388904 0.0138812 0.73044 1 0 0 0 0 0 0 0
417 1 0.1 5.03932 3.73837 0.766527 0.00369484 -0.0865527 0.0141315 -0.985282 0.0901348 -0.379927 1 0 0 0 0 0 0 0
418 1 0.1 5.17811 3.88195 0.762264 -0.0365619 -0.0466546 0.00664534 -0.201475 0.233104 0.599063 1 0 0 0 0 0 0 0
419 1 0.1 5.35965 4.09943 0.762653 -0.116094 -0.062225 0.00965964 0.142617 0.0042988 0.156543 1 0 0 0 0 0 0 0
420 1 0.1 5.50638 4.24083 0.762538 -0.0961735 -0.06725 0.0020647 -0.653121 0.718041 1.10992 1 0 0 0 0 0 0 0
421 1 0.1 5.64778 4.38268 0.762503 -0.102301 -0.0898807 9.4635e-05 -0.0615789 0.125928 -0.501026 1 0 0 0 0 0 0 0
422 1 0.1 5.78637 4.52759 0.713312 -0.0832364 -0.012734 0.0376273 0.446355 -0.539341 0.729234 1 0 0 0 0 0 0 0
423 1 0.1 5.92791 4.68044 0.652815 -0.0142503 -0.0122942 0.000246584 -0.0371363 0.041735 0.0370738 1 0 0 0 0 0 0 0
424 1 0.1 6.20794 5.18365 0.760682 0.00179143 0.00163371 0.000337414 0.000836106 0.000368911 -0.0086078 1 0 0 0 0 0 0 0
425 1 0.1 6.39982 0.624011 0.749988 -0.00051745 0.000523379 0.000167799 0.0013455 -0.000339081 0.00777851 1 0 0 0 0 0 0 0
426 1 0.1 6.16887 1.15483 0.762509 -0.0981171 0.188876 -3.22975e-05 0.538965 0.261221 2.30378 1 0 0 0 0 0 0 0
427 1 0.1 5.97972 1.32959 0.762677 -0.00378513 0.00702749 -0.00370557 0.0768855 0.0623744 0.0606177 1 0 0 0 0 0 0 0
428 1 0.1 5.97727 1.69796 0.76253 0.00243936 0.0221769 0.00164934 0.077911 0.103546 -0.0974646 1 0 0 0 0 0 0 0
429 1 0.1 5.80079 1.7912 0.762425 0.00159045 0.0278372 0.00502242 -0.190366 -0.0159438 0.0668672 1 0 0 0 0 0 0 0
430 1 0.1 5.64005 1.90937 0.762834 -0.00880378 0.0146625 0.0016813 0.0947849 0.118893 0.00582774 1 0 0 0 0 0 0 0
431 1 0.1 5.58559 2.11523 0.76322 0.013615 0.00642171 0.000894333 0.0796527 -0.0770092 0.0317235 1 0 0 0 0 0 0 0
432 1 0.1 5.41058 2.2182 0.764231 0.0304957 0.0123459 -0.00193456 -0.172544 -0.447943 0.0227822 1 0 0 0 0 0 0 0
433 1 0.1 5.40201 2.48298 0.587601 0.0435551 0.01574 0.0266228 0.205147 -0.0567598 0.437912 1 0 0 0 0 0 0 0
434 1 0.1 5.08351 2.40657 0.763533 0.00793439 -0.00760568 0.000793158 -0.0341084 -0.0933971 0.013044 1 0 0 0 0 0 0 0
435 1 0.1 5.0287 2.60173 0.762781 0.0248138 -0.00188391 -0.00123137 -0.0154063 -0.256453 -0.00511982 1 0 0 0 0 0 0 0
436 1 0.1 4.65726 2.64067 0.74807 0.0135867 -0.0195478 0.00714479 -0.129354 -0.119002 -0.208548 1 0 0 0 0 0 0 0
437 1 0.1 4.59942 3.10598 0.651714 -0.00149635 -0.0228081 -0.00887317 0.130581 -0.0543097 0.316246 1 0 0 0 0 0 0 0
438 1 0.1 4.75113 3.16925 0.762684 -0.0134142 0.000191124 0.000323324 0.128367 0.0832987 0.188578 1 0 0 0 0 0 0 0
439 1 0.1 4.82931 3.35695 0.766509 0.0423291 0.0202032 -0.00997464 0.200753 -0.359315 -0.0867933 1 0 0 0 0 0 0 0
440 1 0.1 5.02562 3.37619 0.740076 0.0495641 -0.0549558 -0.0447683 1.86454 1.80048 -1.08001 1 0 0 0 0 0 0 0
441 1 0.1 5.27549 3.64127 0.763642 0.0194257 -0.00547455 0.00393654 0.0600352 -0.210113 0.106213 1 0 0 0 0 0 0 0
442 1 0.1 5.27916 3.77625 0.617223 -0.0503754 0.00490343 0.0206638 0.363581 0.351629 0.383999 1 0 0 0 0 0 0 0
443 1 0.1 5.39223 3.85177 0.761535 -0.0145849 0.00462123 -0.00209928 0.299033 0.426985 0.360984 1 0 0 0 0 0 0 0
444 1 0.1 5.5299 3.99455 0.763283 -0.0534475 0.0413807 8.96707e-05 0.53377 0.641073 0.249689 1 0 0 0 0 0 0 0
445 1 0.1 5.67451 4.13266 0.762687 -0.0365711 0.0252427 0.00469875 0.226549 0.374406 -0.219027 1 0 0 0 0 0 0 0
446 1 0.1 5.81695 4.27602 0.762531 -0.126914 -0.00306536 -0.00435546 0.0245988 0.0702306 -0.0466153 1 0 0 0 0 0 0 0
447 1 0.1 5.95084 4.4251 0.761938 -0.0675018 0.0245059 0.0516434 0.362135 -0.132313 -0.0513458 1 0 0 0 0 0 0 0
448 1 0.1 6.08368 4.78441 0.762534 -0.000484218 -0.00472896 -0.000349076 -0.00632055 0.0240952 -0.067143 1 0 0 0 0 0 0 0
449 1 0.1 6.34739 5.32648 0.749957 0.00120362 0.00174584 1.87509e-05 -0.00198758 0.00133816 0.0151797 1 0 0 0 0 0 0 0
450 1 0.1 6.42815 0.823716 0.662837 -0.00970993 0.0112232 -0.00893203 0.00270303 0.111403 -0.150899 1 0 0 0 0 0 0 0
451 1 0.1 6.29536 0.971116 0.687528 -0.00621392 0.0118904 0.00170342 0.0417003 0.0143311 0.11988 1 0 0 0 0 0 0 0
452 1 0.1 6.17775 1.35577 0.762568 -0.00392716 0.0102934 0.00164328 0.0617813 -0.0485989 0.0273867 1 0 0 0 0 0 0 0
453 1 0.1 6.05711 1.51494 0.762542 -0.00618027 0.014234 -0.00103144 -0.0709641 -0.0316713 -0.0297672 1 0 0 0 0 0 0 0
454 1 0.1 5.78795 2.04409 0.762678 0.0189833 0.00395492 -1.30014e-05 0.0568584 -0.180399 0.0228555 1 0 0 0 0 0 0 0
455 1 0.1 5.73095 2.2485 0.730581 -0.0190123 0.0375866 -0.00879385 0.0910201 0.337875 0.290527 1 0 0 0 0 0 0 0
456 1 0.1 5.55985 2.35085 0.761299 0.0323704 0.0147759 0.00329406 -0.242025 0.036698 -0.00923716 1 0 0 0 0 0 0 0
457 1 0.1 5.59377 2.41083 0.49043 0.062947 0.0219804 -0.00182458 0.22328 -0.128187 -0.101996 1 0 0 0 0 0 0 0
458 1 0.1 5.34888 2.40494 0.763502 0.0205976 0.000187379 0.00699668 0.0974577 -0.147705 0.360384 1 0 0 0 0 0 0 0
459 1 0.1 5.38485 2.60065 0.762938 0.0305154 -0.00403606 0.00389464 -0.033868 -0.229927 -0.413078 1 0 0 0 0 0 0 0
460 1 0.1 5.22136 2.52951 0.674242 0.0290835 0.0143842 0.0113402 -0.0246168 0.255287 -0.391943 1 0 0 0 0 0 0 0
461 1 0.1 4.79558 2.78429 0.762593 0.0131052 -0.0187902 0.000530555 -0.186817 -0.121086 0.200463 1 0 0 0 0 0 0 0
462 1 0.1 4.64983 2.92098 0.763775 0.0137164 -0.01741 0.00167895 -0.341795 -0.275933 0.142437 1 0 0 0 0 0 0 0
463 1 0.1 4.93411 3.07658 0.575778 -0.0926561 0.183873 0.00377335 -0.16962 -0.0347071 1.92738 1 0 0 0 0 0 0 0
464 1 0.1 4.94866 3.19614 0.763602 -0.0130625 -0.0132881 0.00217434 -0.58592 0.307261 -0.309583 1 0 0 0 0 0 0 0
465 1 0.1 5.19342 3.35428 0.607975 0.0914118 -0.00801398 -0.0983008 0.739269 -1.03987 0.257317 1 0 0 0 0 0 0 0
466 1 0.1 5.46947 3.59575 0.762724 0.023464 0.00334149 0.00264303 0.0888854 0.0381316 -0.233073 1 0 0 0 0 0 0 0
467 1 0.1 5.47118 3.69489 0.583891 0.0401878 0.067261 0.0135367 -0.121035 -0.932616 0.33153 1 0 0 0 0 0 0 0
468 1 0.1 5.57321 3.76641 0.762535 -0.010886 0.0241319 -0.00330976 -0.359958 -0.245727 0.782917 1 0 0 0 0 0 0 0
469 1 0.1 5.71138 3.91089 0.760318 -0.0432312 0.0517765 -0.0370452 -0.482396 -0.253246 -0.230154 1 0 0 0 0 0 0 0
470 1 0.1 5.89128 4.0031 0.763056 -0.0105259 -0.00752876 -0.00387625 -0.0410262 0.0442686 -0.032177 1 0 0 0 0 0 0 0
471 1 0.1 5.99046 4.17661 0.758726 -0.0959955 0.0369366 -0.00966822 -0.0314872 -0.0516541 0.596077 1 0 0 0 0 0 0 0
472 1 0.1 6.12406 4.32534 0.762507 -0.0749233 0.015228 0.000291243 0.336611 0.316279 -0.0730906 1 0 0 0 0 0 0 0
473 1 0.1 6.06675 5.04227 0.762054 0.00209348 0.00246713 -0.000762236 0.0155951 -0.00230405 0.03937 1 0 0 0 0 0 0 0
474 1 0.1 6.21508 4.92244 0.702618 -0.00212808 -0.00452188 -0.00116379 -0.0207145 -0.000532635 -0.0410578 1 0 0 0 0 0 0 0
475 1 0.1 6.44762 1.07668 0.762531 -0.00544722 0.00849678 0.000782115 0.0734547 0.0573308 -0.0958845 1 0 0 0 0 0 0 0
476 1 0.1 6.34628 1.24877 0.753089 0.000361944 0.0137147 0.00851249 0.0400965 -0.0997591 0.0210767 1 0 0 0 0 0 0 0
477 1 0.1 6.00498 1.86316 0.58085 -0.0429185 -0.00325752 -0.0170154 -0.303837 -0.462635 0.606288 1 0 0 0 0 0 0 0
478 1 0.1 5.97583 2.12342 0.762536 0.034784 0.00580405 0.000443902 -0.036664 -0.329806 0.0425848 1 0 0 0 0 0 0 0
479 1 0.1 5.82995 2.41924 0.762695 0.0394356 -0.000228715 0.00439043 0.0246243 -0.0812467 0.0304077 1 0 0 0 0 0 0 0
480 1 0.1 5.8309 3.16826 0.762508 0.0158056 0.00466766 0.001661 -0.0390084 -0.06479 -0.299783 1 0 0 0 0 0 0 0
481 1 0.1 5.71064 2.86541 0.762758 -0.00784294 -0.00138448 0.00147806 -0.0161717 0.0767537 0.015463 1 0 0 0 0 0 0 0
482 1 0.1 5.65978 2.52384 0.762523 0.0472998 0.00852541 -0.000672325 0.152924 -0.110667 -0.150961 1 0 0 0 0 0 0 0
483 1 0.1 5.57439 2.58375 0.589007 0.0361784 0.0269341 -0.0175861 -0.215205 0.557883 -0.302893 1 0 0 0 0 0 0 0
484 1 0.1 5.55961 2.69635 0.762916 0.0254468 -0.00288411 0.00299849 -0.0464273 -0.0311135 0.404969 1 0 0 0 0 0 0 0
485 1 0.1 5.27724 2.99324 0.764555 0.0193659 0.0258054 0.00844957 0.26704 -0.0989652 0.21816 1 0 0 0 0 0 0 0
486 1 0.1 5.10607 2.85946 0.690915 0.0399917 0.00738149 -0.00512881 0.00720226 0.430432 0.00277792 1 0 0 0 0 0 0 0
487 1 0.1 4.88476 3.00669 0.762721 -0.00601118 -0.0154783 -3.40532e-05 -0.0507988 -0.0247832 -0.135092 1 0 0 0 0 0 0 0
488 1 0.1 5.07976 3.0474 0.749884 -0.00506001 -0.0066186 0.0225952 0.19617 0.0998043 0.65683 1 0 0 0 0 0 0 0
489 1 0.1 5.20257 3.22228 0.763088 -0.0383364 0.0578493 -0.00647707 0.863658 0.743367 -0.0172718 1 0 0 0 0 0 0 0
490 1 0.1 5.4017 3.24791 0.762952 0.00310559 -0.00835454 0.00618298 -0.0646526 0.0162665 0.0134428 1 0 0 0 0 0 0 0
491 1 0.1 5.29723 3.41825 0.763656 -0.0231902 -0.0309257 -0.0038948 -0.28497 0.179124 0.151039 1 0 0 0 0 0 0 0
492 1 0.1 5.61043 3.45433 0.762539 0.0212499 0.00245962 -0.000649426 0.065698 -0.0416981 0.24838 1 0 0 0 0 0 0 0
493 1 0.1 5.66309 3.05961 0.762127 0.0183924 0.00267947 -0.0124122 0.026085 -0.125139 0.331242 1 0 0 0 0 0 0 0
494 1 0.1 5.71457 3.62496 0.762592 -0.0102939 0.0190688 0.00242272 0.163539 0.0993369 0.160067 1 0 0 0 0 0 0 0
495 1 0.1 5.85273 3.76949 0.762457 -0.0416293 0.0491416 0.00244544 0.0554813 0.126632 0.267999 1 0 0 0 0 0 0 0
496 1 0.1 5.812 3.5121 0.629251 0.00147617 0.0147848 -0.00628659 0.0568241 0.143745 -0.279162 1 0 0 0 0 0 0 0
497 1 0.1 6.00227 4.19671 0.540099 -0.0183267 -0.00580205 -0.00975417 -0.0624586 -0.006952 0.0553562 1 0 0 0 0 0 0 0
498 1 0.1 6.11043 4.58661 0.762878 -0.00606519 -0.0037984 -0.000604687 -0.0159105 0.0511908 0.0221685 1 0 0 0 0 0 0 0
499 1 0.1 6.2654 4.70826 0.72863 -0.0037327 -0.0083452 -0.0080462 -0.0117968 0.0698704 -0.0606915 1 0 0 0 0 0 0 0
