500
0 1 0.1 6.04694 0.976924 0.149962 0.000192299 0.00095007 -0.000124781 0.000888016 0.00242715 -0.0298492 1 0 0 0 0 0 0 0
1 1 0.1 5.90558 1.11819 0.150038 0.000202667 -0.000102887 7.72877e-06 -0.00204916 0.00515468 0.0350111 1 0 0 0 0 0 0 0
2 1 0.1 5.76421 1.25943 0.149571 6.42539e-05 -0.000142752 -0.00204437 -0.0427968 0.0183678 0.0439081 1 0 0 0 0 0 0 0
3 1 0.1 5.3515 1.67248 0.144841 -0.0014347 0.00352981 0.00173437 0.00442839 -0.0101608 0.019177 1 0 0 0 0 0 0 0
4 1 0.1 5.49925 1.78742 0.295722 -0.00349487 0.0122732 0.00851069 -0.0726314 -0.113377 0.0588033 1 0 0 0 0 0 0 0
5 1 0.1 5.20693 1.81789 0.143895 0.0393679 -0.066619 0.122023 1.08831 -0.732036 -0.791598 1 0 0 0 0 0 0 0
6 1 0.1 5.0653 1.96387 0.137268 -0.00245486 0.0137969 -0.0018602 -0.140721 -0.0212103 -0.00511763 1 0 0 0 0 0 0 0
7 1 0.1 4.87136 2.14868 0.141188 -0.117776 0.155103 0.0897928 0.259985 -0.922881 1.93438 1 0 0 0 0 0 0 0
8 1 0.1 4.65306 2.56601 0.133839 -0.160023 0.0575521 0.019557 -0.549888 -1.57454 0.879637 1 0 0 0 0 0 0 0
9 1 0.1 4.8155 2.50108 0.328028 -0.0724531 0.064923 0.0665598 -0.895633 -1.75053 -1.34854 1 0 0 0 0 0 0 0
10 1 0.1 4.29835 2.7229 0.147703 -0.188387 0.219678 0.0940443 0.0120559 -1.18886 2.80113 1 0 0 0 0 0 0 0
11 1 0.1 4.19681 2.83084 0.29653 0.0232159 -0.0213052 0.0979874 1.00456 -0.792296 -1.07425 1 0 0 0 0 0 0 0
12 1 0.1 4.18942 2.99857 0.158997 0.00286401 -0.0124165 -0.00145274 -0.0193401 0.0108497 -0.119788 1 0 0 0 0 0 0 0
13 1 0.1 4.2805 3.1749 0.137395 0.000100075 -0.0107518 0.000839716 0.0460806 -0.00410814 0.146642 1 0 0 0 0 0 0 0
14 1 0.1 4.37421 3.35109 0.136528 -0.00607181 -0.00537819 -0.00875653 0.584064 -0.601781 -0.0670281 1 0 0 0 0 0 0 0
15 1 0.1 4.51237 3.48483 0.180673 -0.0184892 -0.0399669 0.0565567 -1.05603 0.0355224 -0.539808 1 0 0 0 0 0 0 0
16 1 0.1 4.7019 3.43851 0.222537 -0.0846503 -0.272127 0.0532014 -1.16079 -0.490451 -0.281968 1 0 0 0 0 0 0 0
17 1 0.1 4.65695 3.63383 0.136575 0.0561841 0.0612122 -0.0249293 -0.464561 0.49624 0.0400794 1 0 0 0 0 0 0 0
18 1 0.1 4.796 3.77675 0.149847 0.0528031 0.0702081 -0.01824 0.554275 -0.339738 0.151434 1 0 0 0 0 0 0 0
19 1 0.1 5.1717 4.14492 0.193927 -0.00320145 -0.00319279 -0.00666933 0.0992541 0.00324046 -0.0862675 1 0 0 0 0 0 0 0
20 1 0.1 5.30337 4.28397 0.137479 -0.00308414 -0.000262206 0.000156807 -0.00235899 -0.0197682 -0.00912734 1 0 0 0 0 0 0 0
21 1 0.1 5.44364 4.42518 0.164693 0.0326699 -0.000719097 0.0919246 -0.719195 -0.96214 0.0157224 1 0 0 0 0 0 0 0
22 1 0.1 5.58433 4.56533 0.148645 0.0103002 -0.00651546 0.0696205 0.0893484 0.778867 0.186802 1 0 0 0 0 0 0 0
23 1 0.1 5.72467 4.7071 0.140705 -0.00715747 -0.00439287 0.00937068 -0.117606 -0.00600512 -0.186485 1 0 0 0 0 0 0 0
24 1 0.1 6.00771 4.989 0.149587 -0.00900096 -0.00702803 -0.00383477 -0.0970422 -0.0917606 -0.0235161 1 0 0 0 0 0 0 0
25 1 0.1 6.18828 0.835533 0.150033 -0.000797642 0.000414496 -4.14541e-05 -0.00526667 0.00254606 0.0112739 1 0 0 0 0 0 0 0
26 1 0.1 5.95374 1.31784 0.171809 0.00219028 -0.00177564 -0.0133038 0.155739 0.126712 -0.125017 1 0 0 0 0 0 0 0
27 1 0.1 5.90699 1.50893 0.137303 0.00847845 0.00285372 0.00130988 -0.0292919 0.0913966 0.0347131 1 0 0 0 0 0 0 0
28 1 0.1 5.55905 1.46875 0.137232 -0.00352546 0.00536863 0.000856149 -0.0426567 -0.0100315 -0.0129607 1 0 0 0 0 0 0 0
29 1 0.1 5.66243 1.83161 0.189111 0.00559258 -0.00401657 0.0124714 0.0861465 0.0472193 -0.0111232 1 0 0 0 0 0 0 0
30 1 0.1 5.40515 1.86433 0.137422 0.00412573 0.00462045 -0.000233866 -0.0274046 0.034733 -0.064541 1 0 0 0 0 0 0 0
31 1 0.1 5.26623 2.00794 0.137144 -0.0264299 -0.0221774 0.0151603 -2.4213 -0.00167822 1.62474 1 0 0 0 0 0 0 0
32 1 0.1 5.06564 2.19339 0.143467 -0.121909 0.206905 0.0310882 0.0555174 1.5974 -1.40849 1 0 0 0 0 0 0 0
33 1 0.1 4.65525 2.36824 0.135187 -0.0475701 0.0648951 -0.0161137 -0.832345 -0.678154 0.395775 1 0 0 0 0 0 0 0
34 1 0.1 4.89038 2.54465 0.134776 0.0625114 0.0337378 0.00071774 -0.235321 0.873105 -0.447094 1 0 0 0 0 0 0 0
35 1 0.1 4.49821 2.71841 0.145858 -0.188987 0.189168 0.0836367 0.0236299 1.29204 -3.10637 1 0 0 0 0 0 0 0
36 1 0.1 4.80782 2.6817 0.245039 0.0464332 0.022641 0.00162441 -0.849038 -0.466529 0.602805 1 0 0 0 0 0 0 0
37 1 0.1 4.3723 2.91011 0.136376 0.0983585 0.126648 0.00576183 -1.20382 0.960277 0.438472 1 0 0 0 0 0 0 0
38 1 0.1 4.51397 3.09653 0.137364 -0.142905 -0.397505 -0.0589235 0.764017 6.86307 0.64974 1 0 0 0 0 0 0 0
39 1 0.1 4.56885 3.28783 0.136809 -0.144698 -0.176177 0.168456 1.80016 -1.34483 0.0888516 1 0 0 0 0 0 0 0
40 1 0.1 4.82808 3.30139 0.294739 0.263174 -0.0148709 -0.0527985 -1.37408 3.10979 0.415773 1 0 0 0 0 0 0 0
41 1 0.1 4.96715 3.63614 0.137407 -0.0671655 -0.0780329 -0.00506879 0.819588 -0.653542 1.08139 1 0 0 0 0 0 0 0
42 1 0.1 5.11133 3.82617 0.137665 0.0301315 0.00716427 0.0288328 -0.253351 0.223643 0.228116 1 0 0 0 0 0 0 0
43 1 0.1 5.01572 4.00102 0.149691 0.00329917 0.00232863 0.0063934 -0.0491399 -0.0245537 0.0528218 1 0 0 0 0 0 0 0
44 1 0.1 5.43035 4.05784 0.160212 0.0108419 0.0187457 0.0114969 0.273572 -0.126096 -0.279735 1 0 0 0 0 0 0 0
45 1 0.1 5.58475 4.1799 0.136887 0.0350823 -0.0138608 0.000622983 0.173992 0.534469 -0.195499 1 0 0 0 0 0 0 0
46 1 0.1 5.63389 4.37087 0.153981 0.0238913 -0.016325 0.0569824 0.810119 0.878524 0.441194 1 0 0 0 0 0 0 0
47 1 0.1 5.77545 4.50993 0.136896 -0.00154127 -0.00964689 0.00220602 0.163084 -0.163299 -0.235714 1 0 0 0 0 0 0 0
48 1 0.1 5.86441 4.84973 0.150125 -0.00563656 -0.00911057 -0.000365287 -0.0232298 0.000156472 0.145872 1 0 0 0 0 0 0 0
49 1 0.1 6.14705 5.13226 0.150174 -0.00513111 -0.00922948 5.3432e-05 0.0228275 -0.0171209 -0.089374 1 0 0 0 0 0 0 0
50 1 0.1 6.33631 0.687069 0.150045 -0.00154444 0.00178448 8.31239e-05 0.000794036 -0.0005258 0.0242917 1 0 0 0 0 0 0 0
51 1 0.1 6.095 1.18054 0.137465 0.00191912 -0.00453205 -0.000344778 0.0441847 0.0157257 -0.0781501 1 0 0 0 0 0 0 0
52 1 0.1 6.06625 1.74183 0.137493 -0.0955737 -0.0293964 0.000113378 -0.089316 0.400454 -0.603952 1 0 0 0 0 0 0 0
53 1 0.1 5.79486 1.69159 0.137131 0.005379 -0.00105448 0.00134222 0.0272353 -0.0318601 0.0305398 1 0 0 0 0 0 0 0
54 1 0.1 5.78646 1.9794 0.13752 -0.0206346 0.0158845 0.00135271 -0.0597195 0.221479 0.460161 1 0 0 0 0 0 0 0
55 1 0.1 5.55006 1.99569 0.175551 0.00554835 0.00540175 0.0292653 0.274506 -0.271864 -0.0362066 1 0 0 0 0 0 0 0
56 1 0.1 5.47735 2.17719 0.139699 -0.106735 -0.0350713 0.0200966 -0.34759 0.199899 1.2769 1 0 0 0 0 0 0 0
57 1 0.1 5.26461 2.2068 0.1387 -0.103729 0.00746892 -0.0609368 0.915192 -0.609893 -0.626654 1 0 0 0 0 0 0 0
58 1 0.1 5.13238 2.30998 0.294181 -0.0660999 0.0278504 0.0105925 -0.265967 0.403366 0.193332 1 0 0 0 0 0 0 0
59 1 0.1 4.85383 2.3478 0.144911 -0.0506467 0.163748 0.0769278 -0.393363 -0.203517 0.16053 1 0 0 0 0 0 0 0
60 1 0.1 4.994 2.75519 0.248628 0.0890732 0.189748 -0.193058 2.07504 0.722698 1.19074 1 0 0 0 0 0 0 0
61 1 0.1 4.69856 2.80264 0.135458 0.0450632 -0.00897152 -0.00839507 0.123457 0.44291 0.308065 1 0 0 0 0 0 0 0
62 1 0.1 4.94303 3.08643 0.135701 0.0526871 -0.0526443 -0.00761832 0.477516 0.469658 -0.0274982 1 0 0 0 0 0 0 0
63 1 0.1 4.68813 2.9988 0.13377 0.0964238 -0.00784876 0.0097381 0.210167 0.935934 -0.22115 1 0 0 0 0 0 0 0
64 1 0.1 4.74359 3.19073 0.137537 -0.0108551 0.0330512 -0.00277 0.465645 -0.00850618 1.87589 1 0 0 0 0 0 0 0
65 1 0.1 4.85582 3.57636 0.292174 -0.0600043 -0.0592105 -0.00727228 -2.08346 0.446527 -1.59767 1 0 0 0 0 0 0 0
66 1 0.1 5.22996 3.6655 0.136358 0.0629716 0.0213577 0.0190482 -0.404683 0.824928 0.0764388 1 0 0 0 0 0 0 0
67 1 0.1 5.37713 3.79882 0.13716 0.0341178 0.0156177 -0.0122358 -0.0283307 0.0475273 -0.0792941 1 0 0 0 0 0 0 0
68 1 0.1 5.25341 3.97271 0.136305 0.0196039 0.00926029 -0.00241865 -0.151277 0.0448434 0.361183 1 0 0 0 0 0 0 0
69 1 0.1 5.60886 4.02414 0.348405 0.0260161 -0.036203 0.00140606 0.59636 0.0531101 -0.166714 1 0 0 0 0 0 0 0
70 1 0.1 5.74223 4.19193 0.280209 0.0144234 0.00135802 0.0341645 -0.170231 0.234916 0.147321 1 0 0 0 0 0 0 0
71 1 0.1 5.81898 4.30094 0.136762 0.00912484 -0.0384897 -0.000620578 0.103262 0.432675 -1.00359 1 0 0 0 0 0 0 0
72 1 0.1 5.98153 4.41533 0.136889 0.0183427 -0.0468772 0.00307282 0.513736 0.196686 1.02027 1 0 0 0 0 0 0 0
73 1 0.1 6.15258 4.852 0.137348 -0.00915668 -0.01102 0.00163951 0.189638 -0.0131683 -0.108722 1 0 0 0 0 0 0 0
74 1 0.1 6.39235 5.36891 0.150005 -0.0056303 -0.00542054 9.55375e-05 0.000630174 -0.00203543 -0.0792584 1 0 0 0 0 0 0 0
75 1 0.1 6.38628 0.8803 0.138504 -0.00445632 0.00289955 0.00318671 0.0310433 -0.00107456 0.00624829 1 0 0 0 0 0 0 0
76 1 0.1 6.24913 1.02571 0.137304 -0.00464241 0.0031895 -0.000355479 -0.0317867 -0.0504893 -0.00658757 1 0 0 0 0 0 0 0
77 1 0.1 6.10848 1.54636 0.137296 0.00636826 -0.00950452 -0.00108272 0.112859 0.0502492 -0.00670783 1 0 0 0 0 0 0 0
78 1 0.1 5.95828 1.89825 0.199563 -0.017101 0.0243586 0.00555459 0.0727759 -0.280983 -0.363501 1 0 0 0 0 0 0 0
79 1 0.1 5.71922 2.19978 0.326899 -0.054722 -0.0160652 -0.0128112 -0.159138 0.930697 0.257008 1 0 0 0 0 0 0 0
80 1 0.1 5.68297 2.15045 0.137144 -0.0686915 -0.0277853 -0.00997703 0.158977 -0.663966 0.125733 1 0 0 0 0 0 0 0
81 1 0.1 5.66263 2.34772 0.161626 -0.0117069 -0.048023 -0.0606681 -0.145988 1.18705 -0.489225 1 0 0 0 0 0 0 0
82 1 0.1 5.67089 2.77251 0.137558 0.271826 -0.0593965 -0.0392606 0.433062 -2.21813 0.450338 1 0 0 0 0 0 0 0
83 1 0.1 5.46574 2.37559 0.137479 -0.105836 -0.0323032 0.00932608 0.220494 0.733401 -1.28682 1 0 0 0 0 0 0 0
84 1 0.1 5.05765 2.39957 0.135529 -0.0953708 -0.0171401 0.00805637 0.161292 -0.796208 0.986877 1 0 0 0 0 0 0 0
85 1 0.1 5.08094 2.605 0.137581 0.0183008 0.166358 0.0057212 -0.55359 -0.589062 1.86298 1 0 0 0 0 0 0 0
86 1 0.1 5.3871 2.84695 0.297689 0.42761 -0.103806 -0.0152182 -0.409828 -0.657235 1.43983 1 0 0 0 0 0 0 0
87 1 0.1 5.06101 2.94205 0.207551 0.116358 0.0606602 0.188146 -2.12865 -1.50664 1.4361 1 0 0 0 0 0 0 0
88 1 0.1 4.98259 3.28203 0.137163 0.10592 -0.0507489 -0.000925757 -0.582673 -0.427542 -0.552732 1 0 0 0 0 0 0 0
89 1 0.1 4.88017 3.45298 0.136988 -0.053278 -0.128524 0.0339455 1.21086 -0.0625905 2.59025 1 0 0 0 0 0 0 0
90 1 0.1 5.11621 3.50265 0.13706 -0.0311557 0.0570848 0.00533875 -0.562366 -0.363081 -1.11428 1 0 0 0 0 0 0 0
91 1 0.1 5.39985 3.56079 0.137195 0.0705387 0.0255916 0.00230236 0.0461426 0.467591 -0.118576 1 0 0 0 0 0 0 0
92 1 0.1 5.54797 3.69502 0.137481 0.0537027 0.043395 -0.000849627 0.163791 -0.185603 0.356005 1 0 0 0 0 0 0 0
93 1 0.1 5.80945 3.85059 0.138078 0.0216146 -0.0289398 0.0265606 0.00567078 0.0599899 0.450678 1 0 0 0 0 0 0 0
94 1 0.1 5.7055 4.02115 0.137411 0.00446911 -0.0370878 -0.000856732 -0.239266 -0.193706 -0.258748 1 0 0 0 0 0 0 0
95 1 0.1 5.90519 4.02798 0.137049 0.000572224 -0.0206603 -0.000473021 0.111987 0.124883 0.0640743 1 0 0 0 0 0 0 0
96 1 0.1 6.0512 4.16435 0.137363 -0.0006364 -0.0120028 0.00250481 0.14183 -0.0373751 -0.0211941 1 0 0 0 0 0 0 0
97 1 0.1 6.06818 4.56971 0.229772 -0.0236102 -0.0175732 0.00474375 -0.228877 0.372175 -0.0624599 1 0 0 0 0 0 0 0
98 1 0.1 6.29213 4.99497 0.141264 -0.00779271 -0.0114125 0.00852221 -0.0997063 0.0055744 0.0996299 1 0 0 0 0 0 0 0
99 1 0.1 6.38962 5.16942 0.137497 -0.0149199 -0.00642666 -6.31232e-05 0.000821068 -0.00442931 -0.0154525 1 0 0 0 0 0 0 0
100 1 0.1 6.35992 0.654748 0.349999 -0.00164743 0.000963318 2.21209e-05 -0.000703518 -0.0011588 -0.0395848 1 0 0 0 0 0 0 0
101 1 0.1 6.28595 1.23972 0.137488 0.00621203 -0.0173444 -8.41309e-05 0.0195026 9.6423e-05 -0.0578097 1 0 0 0 0 0 0 0
102 1 0.1 6.14508 1.36292 0.207828 0.00489234 -0.0133419 -0.00918551 -0.0120098 -0.135042 0.0241205 1 0 0 0 0 0 0 0
103 1 0.1 5.87605 2.28723 0.234118 0.0954309 -0.126494 -0.0816127 -0.673494 -1.13497 1.66575 1 0 0 0 0 0 0 0
104 1 0.1 5.86492 2.92557 0.349725 0.294908 0.0369144 0.0103954 2.31528 0.21902 -0.397488 1 0 0 0 0 0 0 0
105 1 0.1 5.84288 2.45917 0.137534 0.172451 -0.0512967 0.00876471 0.766751 1.67583 -2.50462 1 0 0 0 0 0 0 0
106 1 0.1 5.67621 2.56967 0.139062 0.178115 -0.00393805 0.0814329 -0.615821 -0.911665 2.03176 1 0 0 0 0 0 0 0
107 1 0.1 5.72094 3.05591 0.401547 0.0807103 -0.106319 0.000503529 -0.263195 0.541738 0.455313 1 0 0 0 0 0 0 0
108 1 0.1 5.47106 2.77298 0.135985 0.285543 -0.0396577 -0.0261166 0.215567 2.62381 -0.0237656 1 0 0 0 0 0 0 0
109 1 0.1 5.47633 2.57423 0.137439 0.159769 -0.0358671 -0.00622164 -0.424214 0.0180703 -1.3263 1 0 0 0 0 0 0 0
110 1 0.1 5.29519 2.65849 0.137159 0.314176 0.292143 0.0320772 -2.80326 3.34592 -1.96991 1 0 0 0 0 0 0 0
111 1 0.1 5.23211 2.84535 0.171216 0.286709 0.361509 0.0667841 0.918916 3.23467 2.0644 1 0 0 0 0 0 0 0
112 1 0.1 5.40677 3.00285 0.175724 0.180218 -0.0465371 -0.00116307 0.717228 1.07002 1.68086 1 0 0 0 0 0 0 0
113 1 0.1 5.15867 3.12156 0.136696 -0.00801137 -0.0116982 -0.0096292 0.122206 -0.0326058 -0.00634234 1 0 0 0 0 0 0 0
114 1 0.1 5.3385 3.22312 0.272119 0.00226642 -0.0186385 -0.0193783 0.432676 -0.363693 0.721265 1 0 0 0 0 0 0 0
115 1 0.1 5.38789 3.36176 0.137566 -0.00379202 0.017535 0.00832143 -0.0270736 0.331705 -0.615791 1 0 0 0 0 0 0 0
116 1 0.1 5.47967 3.1841 0.136786 0.0172489 0.0227787 -0.00731545 -0.259466 0.205594 -0.192861 1 0 0 0 0 0 0 0
117 1 0.1 5.55936 3.33584 0.238284 0.0356623 -0.00998935 0.00359399 0.51759 -0.238932 -0.133424 1 0 0 0 0 0 0 0
118 1 0.1 5.79006 3.65177 0.137258 0.0487629 -0.0318816 0.00228708 0.296988 0.497856 -0.182595 1 0 0 0 0 0 0 0
119 1 0.1 5.97383 3.83901 0.251312 0.024375 0.185288 0.0435059 -0.361206 -0.247768 1.91646 1 0 0 0 0 0 0 0
120 1 0.1 5.62483 3.49445 0.136921 0.0548044 -0.00584452 -0.00415778 -0.382905 0.544108 -0.254526 1 0 0 0 0 0 0 0
121 1 0.1 5.73128 3.32189 0.137444 0.0498647 0.00287198 0.00546885 -0.000538117 0.0690095 -0.0247691 1 0 0 0 0 0 0 0
122 1 0.1 6.09137 4.31082 0.267243 0.054209 -0.0189292 -0.000553148 -0.11035 0.399317 -0.409478 1 0 0 0 0 0 0 0
123 1 0.1 6.2188 4.66332 0.137471 -0.0301135 -0.0182741 -0.00118586 0.177981 -0.295057 0.0842295 1 0 0 0 0 0 0 0
124 1 0.1 6.29998 4.82632 0.269954 -0.0191858 -0.0256241 0.00971063 -0.120938 -0.116755 -0.0383876 1 0 0 0 0 0 0 0
125 1 0.1 5.93724 1.07976 0.356746 -0.00238397 0.00222535 0.000807076 0.0117139 0.00773932 0.019757 1 0 0 0 0 0 0 0
126 1 0.1 5.79515 1.21974 0.349609 -0.00387623 0.0035073 0.000768737 0.0415045 0.0355848 -0.13193 1 0 0 0 0 0 0 0
127 1 0.1 5.65822 1.36385 0.354902 -0.00313561 0.00728514 0.00377915 -0.00117508 -0.0430896 0.0977078 1 0 0 0 0 0 0 0
128 1 0.1 5.51872 1.50318 0.329507 -0.00632055 0.00503411 0.00310977 0.0514723 -0.0101032 -0.0618726 1 0 0 0 0 0 0 0
129 1 0.1 5.37603 1.6405 0.34973 -0.00303262 0.00380502 0.00430559 0.0355151 -0.0489923 0.0714874 1 0 0 0 0 0 0 0
130 1 0.1 5.14024 1.88257 0.351094 -0.0208541 0.0723921 0.0954291 0.277607 -1.09531 0.69473 1 0 0 0 0 0 0 0
131 1 0.1 5.00404 2.02493 0.317072 -0.0308618 0.0258529 -0.0174767 -0.122314 -0.163446 0.418761 1 0 0 0 0 0 0 0
132 1 0.1 4.85153 2.1738 0.343787 -0.0787101 0.138342 -0.0770371 -0.796732 0.395029 1.5408 1 0 0 0 0 0 0 0
133 1 0.1 4.70108 2.32965 0.325661 -0.0452525 0.0645032 -0.0267389 0.371852 0.687692 0.210688 1 0 0 0 0 0 0 0
134 1 0.1 4.58465 2.4342 0.450086 -0.023243 0.0320463 0.00932705 -0.0288901 -0.043055 0.208234 1 0 0 0 0 0 0 0
135 1 0.1 4.4531 2.562 0.340071 -0.00557238 -0.0325263 0.167305 1.22588 -1.86304 1.04792 1 0 0 0 0 0 0 0
136 1 0.1 4.37237 2.7446 0.336337 0.0176099 -0.0208112 0.126604 -0.803189 -0.111608 -0.0169349 1 0 0 0 0 0 0 0
137 1 0.1 4.24091 2.99136 0.395628 0.137625 0.0382328 -0.0267959 -0.717207 -1.69457 1.3255 1 0 0 0 0 0 0 0
138 1 0.1 4.20531 3.17997 0.375416 -0.0754717 -0.0402812 0.00336524 -0.59451 0.688575 -0.950175 1 0 0 0 0 0 0 0
139 1 0.1 4.34882 3.31916 0.370627 -0.0687258 -0.0502008 -0.0950538 0.120841 0.440329 -0.124442 1 0 0 0 0 0 0 0
140 1 0.1 4.60938 3.58311 0.321875 0.119714 0.0167488 -0.0655984 0.869124 1.086 0.0937709 1 0 0 0 0 0 0 0
141 1 0.1 4.74107 3.72265 0.362894 0.0476637 0.0540045 -0.065203 1.2209 -0.357769 0.198445 1 0 0 0 0 0 0 0
142 1 0.1 4.89467 3.86831 0.327881 -0.0239599 -0.0335598 0.0203092 0.0116417 -0.11052 -0.569018 1 0 0 0 0 0 0 0
143 1 0.1 5.03223 4.01091 0.353652 -0.0146555 -0.0224433 0.0315824 -0.222338 -0.348393 0.336532 1 0 0 0 0 0 0 0
144 1 0.1 5.33616 4.15471 0.306721 -0.0126309 0.0253919 0.00810258 0.0262667 -0.479088 -0.22031 1 0 0 0 0 0 0 0
145 1 0.1 5.36978 4.34912 0.333987 -0.00256952 0.0215453 0.0252436 0.0365451 -0.0472935 0.0338742 1 0 0 0 0 0 0 0
146 1 0.1 5.50897 4.49038 0.356402 0.00756323 0.00967955 0.00418202 -0.0461732 0.0164523 0.000271919 1 0 0 0 0 0 0 0
147 1 0.1 5.64927 4.63249 0.350119 0.00444935 0.00726899 -0.000326433 0.00334796 -0.00226114 0.00612153 1 0 0 0 0 0 0 0
148 1 0.1 5.79291 4.77016 0.369161 0.00099113 0.00516477 0.000412856 -0.000602166 0.000611339 0.00431662 1 0 0 0 0 0 0 0
149 1 0.1 5.93157 4.91336 0.353347 9.96926e-05 0.00207415 -0.000252845 0.015587 0.00102552 0.0129404 1 0 0 0 0 0 0 0
150 1 0.1 6.07746 0.937652 0.350623 -0.00132454 0.00232225 -0.000285835 0.000824672 -0.00351557 -0.0312688 1 0 0 0 0 0 0 0
151 1 0.1 5.82129 1.58217 0.302053 0.0103223 0.00266681 0.00348283 -0.0154442 -0.0335392 0.0470921 1 0 0 0 0 0 0 0
152 1 0.1 5.62847 1.64021 0.234594 0.00270494 -0.00534557 -0.00296562 0.083655 -0.0814975 -0.019887 1 0 0 0 0 0 0 0
153 1 0.1 6.01927 2.08439 0.566526 -0.00898164 -0.059955 0.0140158 0.0647848 -0.447428 0.101709 1 0 0 0 0 0 0 0
154 1 0.1 5.66639 1.83055 0.395844 -0.00536627 0.00282623 0.0171432 0.0618384 0.00240472 -0.187861 1 0 0 0 0 0 0 0
155 1 0.1 5.33964 1.82385 0.416262 -0.0270946 0.00388813 -0.00851213 -0.129164 -0.154624 0.163211 1 0 0 0 0 0 0 0
156 1 0.1 5.17826 2.12051 0.321858 -0.0486921 0.0267796 -0.0145189 0.354635 0.225884 -0.267783 1 0 0 0 0 0 0 0
157 1 0.1 5.02818 2.20118 0.432846 -0.115743 0.326462 -0.00793073 -0.509877 -1.23707 -0.177668 1 0 0 0 0 0 0 0
158 1 0.1 4.89178 2.34856 0.432127 0.01697 0.0616331 0.00734767 1.33383 0.0105633 0.530655 1 0 0 0 0 0 0 0
159 1 0.1 4.91071 2.81248 0.420687 0.194163 0.0854933 -0.112999 -0.141935 -0.0139889 -2.6741 1 0 0 0 0 0 0 0
160 1 0.1 4.64273 2.59924 0.31982 -0.0188543 0.183998 0.0337576 -0.704721 3.18181 0.922905 1 0 0 0 0 0 0 0
161 1 0.1 4.57196 2.77591 0.367339 -0.0230494 0.155709 0.0907064 0.709552 0.0482825 0.187464 1 0 0 0 0 0 0 0
162 1 0.1 4.41701 3.03121 0.336411 0.168602 0.255628 -0.00731305 0.212753 1.28595 0.156652 1 0 0 0 0 0 0 0
163 1 0.1 4.55623 3.16833 0.317801 0.48953 0.149988 -0.291282 -3.75735 -3.21286 -2.79415 1 0 0 0 0 0 0 0
164 1 0.1 4.54238 3.367 0.338356 0.16071 -0.0483523 -0.0110034 0.549898 2.86903 -0.381952 1 0 0 0 0 0 0 0
165 1 0.1 4.84314 3.59753 0.49471 0.148356 0.168495 0.109432 1.16601 -2.51743 -1.39607 1 0 0 0 0 0 0 0
166 1 0.1 5.02359 3.59935 0.415283 0.135168 -0.0273509 0.0929733 0.468569 2.77079 -1.55613 1 0 0 0 0 0 0 0
167 1 0.1 5.0677 3.76922 0.324321 0.0453188 0.0186988 0.0614301 -0.0619828 -0.409817 1.28243 1 0 0 0 0 0 0 0
168 1 0.1 5.2173 4.04352 0.421618 -0.0147066 0.0415689 0.0184712 -0.259118 0.420821 0.228682 1 0 0 0 0 0 0 0
169 1 0.1 5.42429 4.02897 0.434324 -0.0338928 0.000198346 -0.00256394 0.123383 0.418141 -0.114162 1 0 0 0 0 0 0 0
170 1 0.1 5.49641 4.21449 0.4101 0.00540333 0.0121195 -0.00675902 0.323188 -0.0148472 0.134609 1 0 0 0 0 0 0 0
171 1 0.1 5.64321 4.34278 0.365864 0.00421956 0.0077443 0.0174227 -0.102385 -0.0973809 -0.0899703 1 0 0 0 0 0 0 0
172 1 0.1 5.81679 4.42719 0.314158 0.00850266 -0.0125882 -0.000568542 -0.074308 0.224919 -0.10987 1 0 0 0 0 0 0 0
173 1 0.1 5.87876 4.6227 0.264951 -0.0137125 -0.0148183 0.0211363 -0.157449 -0.0974491 0.107341 1 0 0 0 0 0 0 0
174 1 0.1 6.14342 5.12319 0.357174 -0.00660168 -0.00707569 -0.00435414 0.0292043 0.0319281 -0.0973845 1 0 0 0 0 0 0 0
175 1 0.1 6.21854 0.796113 0.350009 -0.00171422 0.00112846 -2.17444e-05 -0.00044565 -0.000399349 0.0214071 1 0 0 0 0 0 0 0
176 1 0.1 5.89939 1.39025 0.349984 -0.0123291 0.0108106 -0.0209162 -0.314601 -0.326206 0.21446 1 0 0 0 0 0 0 0
177 1 0.1 5.84 1.78105 0.310257 -0.0138764 0.00805239 -0.00683442 -0.034807 0.253585 0.239875 1 0 0 0 0 0 0 0
178 1 0.1 5.90178 2.21748 0.419486 0.0435492 -0.0858172 -0.0487532 0.184017 0.566021 -1.62324 1 0 0 0 0 0 0 0
179 1 0.1 5.73238 2.0186 0.40911 0.00468202 0.000500741 0.0113145 -0.192582 -0.203188 0.0641107 1 0 0 0 0 0 0 0
180 1 0.1 5.4874 2.09526 0.451087 -0.223124 0.07647 0.119486 0.234892 -1.67752 0.20082 1 0 0 0 0 0 0 0
181 1 0.1 5.37201 2.08541 0.288127 -0.0264882 0.0977849 -0.0324858 0.895554 -0.283712 0.834997 1 0 0 0 0 0 0 0
182 1 0.1 5.22846 2.37256 0.457408 -0.0578184 0.105457 -0.0137374 -0.197352 -0.0360705 -0.00332222 1 0 0 0 0 0 0 0
183 1 0.1 5.0105 2.46516 0.316284 -0.0757526 -0.0110878 0.0463628 -0.150675 2.07417 0.552844 1 0 0 0 0 0 0 0
184 1 0.1 5.07011 2.6118 0.434005 0.107124 0.0777967 -0.147055 -0.779066 2.03429 0.757906 1 0 0 0 0 0 0 0
185 1 0.1 4.94352 2.87776 0.606478 0.0507483 0.233489 -0.166044 1.67361 -0.745731 1.71835 1 0 0 0 0 0 0 0
186 1 0.1 4.77533 2.6737 0.434928 0.100651 0.192996 0.0147181 -0.615427 0.97366 1.01879 1 0 0 0 0 0 0 0
187 1 0.1 4.54229 2.9202 0.23742 0.0727294 0.1697 0.0502793 -1.06796 -0.805651 -0.989986 1 0 0 0 0 0 0 0
188 1 0.1 4.73855 3.07279 0.305773 0.247128 0.0465718 -0.0368949 -1.76694 -0.823804 -3.40328 1 0 0 0 0 0 0 0
189 1 0.1 5.00618 3.27052 0.380947 0.265601 -0.0992683 -0.011132 0.872932 0.581592 0.357876 1 0 0 0 0 0 0 0
190 1 0.1 5.00618 3.44547 0.29137 -0.0135157 -0.00592679 0.0500954 0.115943 0.513611 2.34425 1 0 0 0 0 0 0 0
191 1 0.1 5.19992 3.61436 0.325879 0.0666487 -0.072048 -0.0196535 1.44015 -1.14055 0.17375 1 0 0 0 0 0 0 0
192 1 0.1 5.23165 3.87898 0.309363 0.0337333 0.0479714 0.0164534 -0.309425 0.482802 -1.03888 1 0 0 0 0 0 0 0
193 1 0.1 5.47064 3.90223 0.277645 0.0307114 -0.000200183 -0.0213008 0.224967 0.17924 0.207532 1 0 0 0 0 0 0 0
194 1 0.1 5.69191 3.88522 0.463912 0.0017616 -0.0600334 -0.0105634 -0.136241 -0.593059 0.314613 1 0 0 0 0 0 0 0
195 1 0.1 5.75584 4.10329 0.454315 -0.000441386 -0.0448194 0.0158521 0.444426 -0.215312 0.375335 1 0 0 0 0 0 0 0
196 1 0.1 5.91137 4.23761 0.376045 0.0545136 -0.00028671 -0.0511707 -0.0643079 -0.232767 -0.750793 1 0 0 0 0 0 0 0
197 1 0.1 5.81024 3.98244 0.305724 0.0176991 -0.0365065 0.00893443 -0.0819333 0.101935 0.121022 1 0 0 0 0 0 0 0
198 1 0.1 6.02183 4.76203 0.258917 -0.0129308 -0.0119439 0.00255043 -0.0452111 0.101559 -0.102095 1 0 0 0 0 0 0 0
199 1 0.1 6.28358 5.26562 0.34985 -0.00914525 -0.00449915 0.0214105 0.0179542 -0.275104 -0.0461298 1 0 0 0 0 0 0 0
200 1 0.1 6.25223 1.03375 0.336735 -0.00779002 0.0142251 -0.00142331 -0.0765673 0.0186026 -0.0128158 1 0 0 0 0 0 0 0
201 1 0.1 6.04112 1.24955 0.338062 -0.00474089 0.00384646 -0.00931691 -0.246872 -0.181117 0.0675162 1 0 0 0 0 0 0 0
202 1 0.1 6.0079 1.78742 0.418605 -0.0255383 -0.00122834 0.013119 0.0111813 -0.487535 -0.374583 1 0 0 0 0 0 0 0
203 1 0.1 5.94484 2.41053 0.448281 0.364922 -0.151385 -0.102882 0.474121 0.205738 -1.62272 1 0 0 0 0 0 0 0
204 1 0.1 5.89838 2.54659 0.309653 0.476179 0.016006 0.0216406 1.37963 -0.195096 -0.0169032 1 0 0 0 0 0 0 0
205 1 0.1 5.52684 2.25796 0.328508 -0.127237 -0.242009 -0.0216718 0.386122 1.42042 0.476128 1 0 0 0 0 0 0 0
206 1 0.1 5.33028 2.28766 0.307727 -0.113337 -0.117375 0.0448448 -0.0599661 -0.779617 -1.69559 1 0 0 0 0 0 0 0
207 1 0.1 5.39342 2.45974 0.385512 0.0472214 -0.120026 -0.0167271 -0.976962 0.153999 -0.335414 1 0 0 0 0 0 0 0
208 1 0.1 5.26848 2.40631 0.13706 -0.095063 0.0119563 -4.25759e-05 -0.145903 -1.0617 0.56303 1 0 0 0 0 0 0 0
209 1 0.1 5.39357 2.64887 0.321844 0.308128 -0.117862 -0.0412686 0.711862 0.419721 -2.63823 1 0 0 0 0 0 0 0
210 1 0.1 5.51919 2.83362 0.445557 0.360063 0.0169144 0.0268053 0.707053 -0.289047 0.669961 1 0 0 0 0 0 0 0
211 1 0.1 5.18894 2.69918 0.300483 0.22437 0.34019 0.0325631 2.82185 -4.33434 0.970675 1 0 0 0 0 0 0 0
212 1 0.1 4.74214 2.87368 0.32904 0.0307912 0.0219344 -0.00966282 -0.0100124 0.836241 -0.855569 1 0 0 0 0 0 0 0
213 1 0.1 4.93381 3.09399 0.331604 0.281946 -0.114184 -0.00549799 0.168419 1.97916 0.551928 1 0 0 0 0 0 0 0
214 1 0.1 5.16451 3.32146 0.210016 0.0553922 0.036819 0.0768923 -0.362047 -0.632213 1.14857 1 0 0 0 0 0 0 0
215 1 0.1 5.32203 3.45828 0.302638 0.128177 -0.0298339 -0.0381726 -0.355757 0.105881 0.362431 1 0 0 0 0 0 0 0
216 1 0.1 5.51082 3.5201 0.298256 0.084592 0.00250188 -0.00514107 0.410362 -0.31326 0.146497 1 0 0 0 0 0 0 0
217 1 0.1 5.3856 3.68383 0.300696 0.0560262 -0.0387028 -0.0320965 -0.513323 1.31007 0.231339 1 0 0 0 0 0 0 0
218 1 0.1 5.79674 3.78474 0.326691 0.0873926 -0.0340951 0.0325393 -0.114021 -0.0343354 0.547384 1 0 0 0 0 0 0 0
219 1 0.1 5.94074 3.64721 0.344527 0.0026701 -0.134464 -0.0545903 0.393267 0.983732 -1.89454 1 0 0 0 0 0 0 0
220 1 0.1 5.84919 3.43835 0.470857 -0.0308933 -0.0880668 0.0741656 -1.06185 -0.855995 -1.90455 1 0 0 0 0 0 0 0
221 1 0.1 5.93605 3.81628 0.466616 -0.0339051 -0.125273 0.17656 1.15247 -1.67326 -0.811687 1 0 0 0 0 0 0 0
222 1 0.1 5.8746 3.49659 0.230822 0.00966268 -0.112809 -0.0880906 0.127258 1.02797 -0.894809 1 0 0 0 0 0 0 0
223 1 0.1 6.12808 4.92715 0.320859 -0.00464114 -0.00641816 0.00118876 -0.194693 -0.0265666 -0.0857058 1 0 0 0 0 0 0 0
224 1 0.1 6.30956 5.01337 0.339977 -0.0187374 -0.028561 0.0172981 0.171649 -0.424596 -0.178696 1 0 0 0 0 0 0 0
225 1 0.1 6.23117 1.29856 0.376362 -0.00503558 -0.00247687 -0.000224787 -0.277236 0.137127 -0.342582 1 0 0 0 0 0 0 0
226 1 0.1 5.92783 2.12066 0.13729 0.177965 -0.173944 0.00730476 -0.33112 0.505044 -1.11835 1 0 0 0 0 0 0 0
227 1 0.1 6.05338 1.51544 0.326629 0.00793036 -0.0101672 -0.00276064 0.0558574 0.0459023 -0.547114 1 0 0 0 0 0 0 0
228 1 0.1 5.92928 2.64155 0.13717 0.23498 0.0838969 0.00601068 -0.84136 2.34804 1.21736 1 0 0 0 0 0 0 0
229 1 0.1 5.60191 2.98527 0.137286 0.188597 -0.0542185 0.00591025 0.286481 0.334768 -0.211205 1 0 0 0 0 0 0 0
230 1 0.1 5.84567 3.17293 0.281314 0.0360848 0.234735 -0.217284 0.347768 5.14577 -0.210696 1 0 0 0 0 0 0 0
231 1 0.1 5.74509 2.39727 0.336954 0.112859 -0.0254123 -0.136193 -0.812413 1.40864 -1.81998 1 0 0 0 0 0 0 0
232 1 0.1 5.56511 2.47171 0.284127 0.0627834 -0.0839572 0.00127295 0.59871 -0.479494 0.22125 1 0 0 0 0 0 0 0
233 1 0.1 5.79471 2.71659 0.286442 0.504089 0.0976594 0.151859 -0.310847 0.151722 1.54258 1 0 0 0 0 0 0 0
234 1 0.1 5.58983 2.67009 0.288979 0.310432 -0.122754 -0.133817 0.42559 0.371197 4.27798 1 0 0 0 0 0 0 0
235 1 0.1 5.67423 2.87112 0.32456 0.304433 -0.0238929 0.0740449 -1.43112 0.71108 1.15537 1 0 0 0 0 0 0 0
236 1 0.1 5.51673 3.05383 0.567414 0.1489 -0.140652 -0.0561844 0.101744 1.03834 1.31123 1 0 0 0 0 0 0 0
237 1 0.1 5.21101 2.8906 0.374407 0.398714 -0.161401 -0.13659 -0.8991 -0.197674 -0.343962 1 0 0 0 0 0 0 0
238 1 0.1 5.2073 3.08319 0.325214 0.124463 -0.146218 -0.0871508 1.41151 1.35961 0.511126 1 0 0 0 0 0 0 0
239 1 0.1 5.37949 3.08093 0.424939 0.0904352 -0.214451 -0.0142803 0.335781 -0.513077 0.250954 1 0 0 0 0 0 0 0
240 1 0.1 5.53975 3.01857 0.324158 0.176206 -0.126239 0.0190387 0.410643 -0.411666 0.470927 1 0 0 0 0 0 0 0
241 1 0.1 5.53692 3.2522 0.581353 -0.0626786 -0.12317 -0.0315979 -0.293527 0.0732972 0.315795 1 0 0 0 0 0 0 0
242 1 0.1 5.52887 3.20781 0.387637 0.0114053 -0.111054 -0.057442 0.504118 -0.610211 0.879137 1 0 0 0 0 0 0 0
243 1 0.1 5.55823 3.40722 0.45638 -0.0110837 -0.0450965 -0.0101823 0.110682 -0.296024 -0.00845571 1 0 0 0 0 0 0 0
244 1 0.1 5.67898 3.62617 0.300928 0.0940236 -0.0312718 0.0344093 0.157777 0.15716 -0.492632 1 0 0 0 0 0 0 0
245 1 0.1 5.65165 3.15836 0.235417 -0.0414685 0.132667 0.114706 0.190088 -1.62911 1.43156 1 0 0 0 0 0 0 0
246 1 0.1 5.71162 3.4307 0.326034 0.0366616 -0.0387885 0.0110438 0.0165242 0.222678 -0.122373 1 0 0 0 0 0 0 0
247 1 0.1 6.04008 4.37082 0.450845 0.0291963 -0.00641202 -0.0076124 -0.0633992 -0.593557 0.610736 1 0 0 0 0 0 0 0
248 1 0.1 6.10618 4.55778 0.425615 -0.0161816 0.00312069 0.00490769 0.0333538 -0.290763 0.105598 1 0 0 0 0 0 0 0
249 1 0.1 6.1669 4.74582 0.395601 -0.024621 0.00421085 0.0218046 -0.0109038 -0.169862 0.0417124 1 0 0 0 0 0 0 0
250 1 0.1 6.00708 1.01379 0.532667 -0.0103811 0.0188906 -0.00496989 0.244975 0.204258 0.271135 1 0 0 0 0 0 0 0
251 1 0.1 5.85812 1.16119 0.551751 -0.00609464 0.00741622 -0.00437691 0.0136089 0.0583187 0.0823763 1 0 0 0 0 0 0 0
252 1 0.1 5.7189 1.30384 0.535664 -0.00626878 0.00884559 0.00525298 0.057521 -0.0341856 0.122377 1 0 0 0 0 0 0 0
253 1 0.1 5.48768 1.53575 0.550011 -0.0115808 0.0126939 -0.000175982 0.000747323 0.000774901 0.000925436 1 0 0 0 0 0 0 0
254 1 0.1 5.34661 1.67743 0.55209 -0.0119689 0.0137022 0.00130088 0.00969705 -0.0133947 0.195193 1 0 0 0 0 0 0 0
255 1 0.1 5.15949 1.85622 0.551272 -0.2109 0.12023 -0.0161225 0.171697 0.167206 0.0562661 1 0 0 0 0 0 0 0
256 1 0.1 5.02526 1.99969 0.514209 -0.20785 0.129143 0.0126693 -0.0117608 -0.0140101 0.000440036 1 0 0 0 0 0 0 0
257 1 0.1 4.88456 2.13546 0.556137 -0.250283 0.1306 -0.133373 -0.319657 1.98726 2.56517 1 0 0 0 0 0 0 0
258 1 0.1 4.73342 2.28654 0.536965 0.0201186 -0.0151322 -0.0181889 -0.36874 0.00136428 -0.278015 1 0 0 0 0 0 0 0
259 1 0.1 4.7611 2.62743 0.611632 0.187291 0.21903 0.0305099 0.426976 -0.99693 0.683995 1 0 0 0 0 0 0 0
260 1 0.1 4.58608 2.62569 0.507723 0.154472 -0.0035379 0.104001 -0.103185 -0.740528 0.204221 1 0 0 0 0 0 0 0
261 1 0.1 4.384 2.8327 0.515438 -0.0848256 0.130359 0.0612419 0.317715 -0.731954 -0.876834 1 0 0 0 0 0 0 0
262 1 0.1 4.1905 2.89163 0.559535 0.00688759 -0.0468185 -0.0854289 -0.980124 0.265363 -0.679245 1 0 0 0 0 0 0 0
263 1 0.1 4.19288 3.11771 0.562118 0.0166011 0.0831006 0.0378685 -0.575724 0.0831734 1.12222 1 0 0 0 0 0 0 0
264 1 0.1 4.3052 3.28306 0.562443 0.0439607 0.0751212 -0.036878 0.0105254 0.0129176 0.0162111 1 0 0 0 0 0 0 0
265 1 0.1 4.51446 3.49554 0.599342 0.0273578 0.0214241 -0.0547387 -2.48558 4.62279 3.23774 1 0 0 0 0 0 0 0
266 1 0.1 4.66083 3.63773 0.568809 -0.0326708 -0.043353 -0.0200517 0.0470556 0.203718 -0.511221 1 0 0 0 0 0 0 0
267 1 0.1 4.80037 3.78373 0.549661 0.0760629 0.135578 0.0576955 -0.889167 -0.185698 1.4815 1 0 0 0 0 0 0 0
268 1 0.1 4.94329 3.92297 0.539685 0.0762709 0.145393 0.0743658 -0.0873351 -0.114685 -0.0458514 1 0 0 0 0 0 0 0
269 1 0.1 5.08948 4.06834 0.575438 0.00687933 0.000135579 0.032281 -0.35889 -0.194105 -0.0296084 1 0 0 0 0 0 0 0
270 1 0.1 5.22723 4.20884 0.543166 0.00263289 -0.00490673 -0.00103453 -0.103515 0.187415 0.0753368 1 0 0 0 0 0 0 0
271 1 0.1 5.3679 4.35018 0.545729 0.000806761 -0.00109865 -0.0135267 0.112006 0.0128704 -0.00132244 1 0 0 0 0 0 0 0
272 1 0.1 5.50908 4.49063 0.556364 0.00308151 0.000439517 -0.000175127 0.0709248 -0.00603779 -0.013867 1 0 0 0 0 0 0 0
273 1 0.1 5.66621 4.64674 0.550097 -0.053734 -0.0432176 0.00229343 -0.0316626 0.00435945 -0.14234 1 0 0 0 0 0 0 0
274 1 0.1 5.85204 4.8311 0.550271 -0.000831407 -0.00216804 0.00136268 0.00168083 -0.0266434 0.0195785 1 0 0 0 0 0 0 0
275 1 0.1 6.14523 0.870725 0.549477 -0.0109645 0.0201231 -0.00614658 -0.369693 -0.143778 -0.0744114 1 0 0 0 0 0 0 0
276 1 0.1 5.90755 1.3565 0.574369 -0.00973589 0.0243683 0.0063054 0.0839099 0.066905 0.0672812 1 0 0 0 0 0 0 0
277 1 0.1 5.76898 1.48522 0.468351 -0.000179089 0.00854629 0.00670871 -0.0438419 -0.00969884 -0.173458 1 0 0 0 0 0 0 0
278 1 0.1 5.62072 1.63903 0.433976 0.0671677 -0.0426661 -0.00123101 0.348033 0.517839 -0.673275 1 0 0 0 0 0 0 0
279 1 0.1 5.54448 1.75116 0.579789 0.0654278 -0.0357171 -0.00521967 -0.326618 -0.68605 0.465605 1 0 0 0 0 0 0 0
280 1 0.1 5.37964 1.91912 0.594217 -0.0419919 0.0158356 -0.031115 0.226184 0.0311613 0.521263 1 0 0 0 0 0 0 0
281 1 0.1 5.28002 2.01004 0.449381 -0.0600712 -0.00251675 -0.0343043 -0.0372253 -0.198466 0.138769 1 0 0 0 0 0 0 0
282 1 0.1 5.16404 2.05197 0.648264 -0.059462 -0.00827215 -0.0880471 0.776579 1.2434 -0.860619 1 0 0 0 0 0 0 0
283 1 0.1 4.95864 2.29907 0.643996 -0.11686 0.068176 -0.123912 1.93903 2.07166 0.532528 1 0 0 0 0 0 0 0
284 1 0.1 4.94675 2.68298 0.571096 0.227472 0.220704 -0.0480511 -2.98288 1.51266 0.270789 1 0 0 0 0 0 0 0
285 1 0.1 4.41527 2.61224 0.762525 -0.0867185 0.0773176 -0.00232549 0.286189 0.127984 0.729443 1 0 0 0 0 0 0 0
286 1 0.1 4.52701 2.76205 0.638545 0.0667572 0.017358 0.0244633 -0.341532 -0.492148 -0.128535 1 0 0 0 0 0 0 0
287 1 0.1 4.54438 2.97357 0.683306 -0.0380447 0.317547 0.035941 0.546229 0.97362 2.79907 1 0 0 0 0 0 0 0
288 1 0.1 4.37172 3.02986 0.546341 0.0518528 0.139893 0.0727056 -0.15231 -0.168769 -0.63951 1 0 0 0 0 0 0 0
289 1 0.1 4.59862 3.33886 0.527295 0.340626 0.15442 -0.0583897 -0.430156 -1.21695 -0.359301 1 0 0 0 0 0 0 0
290 1 0.1 4.71362 3.46239 0.434287 0.359209 0.0793857 -0.132282 -0.322426 -0.180465 3.28655 1 0 0 0 0 0 0 0
291 1 0.1 4.97223 3.51487 0.633052 0.20189 0.0706112 0.0934334 -1.70074 -2.58015 3.95299 1 0 0 0 0 0 0 0
292 1 0.1 5.09732 3.66394 0.587097 0.247009 -0.0905838 0.0908119 -0.831157 -2.67978 -1.24604 1 0 0 0 0 0 0 0
293 1 0.1 5.12525 3.85233 0.496775 0.0377037 0.067055 0.03768 -0.112053 0.612396 -0.777299 1 0 0 0 0 0 0 0
294 1 0.1 5.26792 3.98548 0.60555 0.00885318 -0.013617 -0.00117322 0.869007 -0.0674508 0.0769176 1 0 0 0 0 0 0 0
295 1 0.1 5.41655 4.16025 0.584924 0.0104209 -0.000729516 -0.0085805 -0.129188 0.0140751 -0.0524293 1 0 0 0 0 0 0 0
296 1 0.1 5.55962 4.29977 0.587631 0.00765887 0.00033995 -0.00747847 0.0290341 -0.0659376 0.0716512 1 0 0 0 0 0 0 0
297 1 0.1 5.70388 4.4508 0.541188 -0.00244111 -0.0543127 -0.00824365 0.204944 0.0314309 -0.0372908 1 0 0 0 0 0 0 0
298 1 0.1 5.83858 4.56911 0.453181 -0.0151106 -0.0315645 0.0212805 0.274422 0.0100734 0.0991622 1 0 0 0 0 0 0 0
299 1 0.1 6.13502 5.10468 0.585626 -0.000897885 -0.00567773 0.000990499 0.269012 0.0294139 0.0142239 1 0 0 0 0 0 0 0
300 1 0.1 6.28761 0.727849 0.549895 -0.00281543 0.00472942 -0.000109716 -0.00733667 -0.00321363 0.0554615 1 0 0 0 0 0 0 0
301 1 0.1 6.0486 1.22026 0.535676 -0.00404234 0.0334246 -0.00620523 -0.0449545 0.102926 0.0216291 1 0 0 0 0 0 0 0
302 1 0.1 5.95789 1.59713 0.481503 0.0383437 0.0395547 -0.0115674 0.0466573 -0.297071 -0.648597 1 0 0 0 0 0 0 0
303 1 0.1 5.8547 1.72902 0.589177 0.044715 0.0387414 -0.00662537 0.492406 -0.296085 0.0760174 1 0 0 0 0 0 0 0
304 1 0.1 5.70853 1.86456 0.588185 0.0283029 0.0179745 0.00978878 -0.0935454 0.169766 0.175241 1 0 0 0 0 0 0 0
305 1 0.1 5.63971 2.05184 0.582839 -0.0159595 0.00268246 -0.00221263 -0.0731026 -0.000837144 0.33944 1 0 0 0 0 0 0 0
306 1 0.1 5.40476 2.2857 0.492512 -0.153061 -0.0954119 0.0505692 -0.880822 0.486408 0.0435904 1 0 0 0 0 0 0 0
307 1 0.1 5.20877 2.31126 0.646247 0.122149 -0.0446216 -0.0201091 -0.336947 0.573848 -0.154792 1 0 0 0 0 0 0 0
308 1 0.1 5.20719 2.49834 0.303391 -0.0982738 0.0795574 -0.0453301 -0.35582 0.507229 -1.4483 1 0 0 0 0 0 0 0
309 1 0.1 5.04146 2.46531 0.569948 -0.201084 0.149802 -0.0361986 0.153495 0.0150741 -0.445677 1 0 0 0 0 0 0 0
310 1 0.1 5.14289 2.68523 0.604148 0.231989 0.0505307 -0.154884 0.504672 -0.673038 -2.34591 1 0 0 0 0 0 0 0
311 1 0.1 4.68085 2.82155 0.527046 0.0271034 0.122761 0.0494107 2.10418 0.539999 0.421152 1 0 0 0 0 0 0 0
312 1 0.1 4.56144 2.95754 0.446868 0.062337 0.152948 0.0868681 -0.571445 -1.1265 -1.49435 1 0 0 0 0 0 0 0
313 1 0.1 4.70972 3.21676 0.431827 0.310177 0.0351128 0.035005 2.69752 -0.481161 1.17007 1 0 0 0 0 0 0 0
314 1 0.1 4.8834 3.18509 0.508883 0.277821 -0.182189 -0.0306069 1.38512 0.386617 -1.66346 1 0 0 0 0 0 0 0
315 1 0.1 5.02444 3.30161 0.579187 0.248091 -0.172641 -0.016514 0.142366 0.576549 2.66239 1 0 0 0 0 0 0 0
316 1 0.1 5.1794 3.36471 0.404809 0.210934 -0.057305 -0.0172766 0.0118323 0.0650834 0.468762 1 0 0 0 0 0 0 0
317 1 0.1 5.25438 3.54214 0.572407 0.211626 -0.17108 0.193515 0.874945 1.33024 0.376943 1 0 0 0 0 0 0 0
318 1 0.1 5.37626 3.82949 0.437316 0.0398465 -0.0437002 -0.0249551 0.303529 0.0502441 -0.277349 1 0 0 0 0 0 0 0
319 1 0.1 5.47754 3.91303 0.587968 -0.0297591 -0.00344854 -0.0025193 -0.209328 -0.0983199 -0.230302 1 0 0 0 0 0 0 0
320 1 0.1 5.62326 4.04992 0.59017 -0.000474111 -0.0422556 0.0138216 -0.470751 -0.0697858 -0.278867 1 0 0 0 0 0 0 0
321 1 0.1 5.86964 4.12222 0.615343 0.0733086 -0.0715968 -0.0323627 -0.0141183 1.20976 0.197119 1 0 0 0 0 0 0 0
322 1 0.1 5.84763 4.31562 0.571012 0.0129017 -0.0656856 -0.0156546 -0.185596 0.108189 0.0914361 1 0 0 0 0 0 0 0
323 1 0.1 5.97649 4.71346 0.447474 -0.0260215 -0.0278999 -0.00476258 -0.405693 0.485684 -0.00167191 1 0 0 0 0 0 0 0
324 1 0.1 6.27024 5.24757 0.549923 -0.00262527 -0.000487823 0.00823841 -0.0873268 -0.0344151 -0.0270086 1 0 0 0 0 0 0 0
325 1 0.1 6.32719 0.924361 0.4864 -0.00801871 0.021354 0.003952 0.00091713 -0.0523978 0.0531111 1 0 0 0 0 0 0 0
326 1 0.1 6.19367 1.0837 0.520944 -0.0130179 0.0246457 -0.00643459 0.026447 -0.125785 -0.178638 1 0 0 0 0 0 0 0
327 1 0.1 5.87952 1.94438 0.522255 0.0268358 -0.00547388 -0.02175 0.0471883 0.304224 -0.222583 1 0 0 0 0 0 0 0
328 1 0.1 5.93338 2.29292 0.609354 0.154453 -0.102171 -0.0805633 -0.89497 -0.670058 -1.31197 1 0 0 0 0 0 0 0
329 1 0.1 5.82458 2.12767 0.580258 -0.00250362 -0.0162087 -0.0188421 -0.0428662 0.108122 -0.546833 1 0 0 0 0 0 0 0
330 1 0.1 5.56524 2.23651 0.599635 -0.0777936 -0.0150804 -0.00918764 -0.259835 0.644106 0.27571 1 0 0 0 0 0 0 0
331 1 0.1 5.73391 2.29089 0.507062 -0.101423 -0.147998 -0.129719 -0.850569 1.23069 0.545037 1 0 0 0 0 0 0 0
332 1 0.1 5.80517 2.46799 0.579743 0.315589 -0.284301 -0.111123 1.25964 -1.07116 0.802173 1 0 0 0 0 0 0 0
333 1 0.1 5.73342 2.57912 0.416985 0.451797 -0.0422897 0.0109657 2.2514 -0.710707 -1.65541 1 0 0 0 0 0 0 0
334 1 0.1 5.45495 2.65831 0.581519 0.362418 -0.138059 -0.0224793 0.149782 -0.320764 -0.289705 1 0 0 0 0 0 0 0
335 1 0.1 5.26331 2.58119 0.476306 0.115578 -0.0226003 -0.0614589 0.599259 0.467099 -1.58055 1 0 0 0 0 0 0 0
336 1 0.1 5.33205 2.76871 0.472787 0.385489 -0.121604 -0.0515487 -0.128302 -0.0392918 0.183691 1 0 0 0 0 0 0 0
337 1 0.1 4.77952 2.98904 0.574038 -0.0475196 0.174842 -0.0391967 -1.61823 0.870145 0.735079 1 0 0 0 0 0 0 0
338 1 0.1 5.03701 2.96014 0.430873 0.435513 -0.103399 -0.156879 0.023976 0.480442 -0.189806 1 0 0 0 0 0 0 0
339 1 0.1 5.14916 3.17478 0.490858 0.296183 -0.15904 -0.0242573 -0.704007 -0.0642112 -1.77117 1 0 0 0 0 0 0 0
340 1 0.1 5.36731 3.31276 0.448681 0.22289 -0.047876 -0.020524 0.716543 -0.214039 -0.172843 1 0 0 0 0 0 0 0
341 1 0.1 5.42799 3.41771 0.607652 0.055016 -0.0484837 0.0457159 0.00473749 -0.585531 -0.580051 1 0 0 0 0 0 0 0
342 1 0.1 5.42507 3.56476 0.472356 0.101023 -0.0540698 0.0224948 -0.196767 0.733174 0.59973 1 0 0 0 0 0 0 0
343 1 0.1 5.54852 3.73197 0.409475 0.0229809 -0.0773553 -0.00741303 0.674322 -0.813659 -0.267454 1 0 0 0 0 0 0 0
344 1 0.1 5.68801 3.74565 0.605498 -0.0148502 -0.0569273 -0.010392 0.09702 -0.398695 0.470669 1 0 0 0 0 0 0 0
345 1 0.1 5.81039 3.37881 0.762568 0.00927518 -0.0227646 0.00211843 -0.188116 -0.0991391 0.208159 1 0 0 0 0 0 0 0
346 1 0.1 5.83376 3.92624 0.598598 -0.0881655 -0.0600992 0.0874183 -0.60853 -0.774935 -1.11159 1 0 0 0 0 0 0 0
347 1 0.1 6.03192 3.98045 0.599722 -0.00679625 -0.155527 -0.0478373 0.603028 1.30785 -2.07242 1 0 0 0 0 0 0 0
348 1 0.1 5.99508 4.97014 0.538116 -0.00108503 -0.00226204 -0.00219311 -0.0374382 0.0431615 -0.0207175 1 0 0 0 0 0 0 0
349 1 0.1 6.20314 4.93413 0.506021 -0.0322984 -0.00432171 0.0125369 0.104516 -0.255634 -0.0394705 1 0 0 0 0 0 0 0
350 1 0.1 6.35708 1.18153 0.58141 -0.00823182 0.00885426 0.00474702 -0.0528319 -0.0409473 -0.0130384 1 0 0 0 0 0 0 0
351 1 0.1 6.21583 1.3228 0.574202 0.0039886 0.0202086 -0.00254881 0.0713274 -0.124808 -0.187853 1 0 0 0 0 0 0 0
352 1 0.1 6.07563 1.46484 0.573383 -0.00208093 0.0125554 -0.00187275 0.102229 -0.0406333 0.286596 1 0 0 0 0 0 0 0
353 1 0.1 5.94809 1.94527 0.762529 0.0162565 0.0309043 -0.00321065 0.287817 -0.228834 0.410073 1 0 0 0 0 0 0 0
354 1 0.1 5.86217 2.83047 0.137267 0.218656 0.128953 0.0128125 -0.649287 1.60352 1.30095 1 0 0 0 0 0 0 0
355 1 0.1 5.79757 3.02267 0.153877 0.130781 0.22529 0.0712463 -0.120313 -0.956057 3.0817 1 0 0 0 0 0 0 0
356 1 0.1 5.78625 2.67801 0.682482 0.309645 -0.118511 0.397062 2.0654 -4.13451 0.814816 1 0 0 0 0 0 0 0
357 1 0.1 5.88813 2.77268 0.476601 0.314076 0.0326055 0.00539858 -0.698129 2.54682 0.369389 1 0 0 0 0 0 0 0
358 1 0.1 5.27414 2.70064 0.761856 0.126186 -0.131764 -0.00868078 2.62386 0.0131102 1.44417 1 0 0 0 0 0 0 0
359 1 0.1 5.69373 2.75222 0.519405 0.379718 -0.129812 0.29503 1.027 1.111 1.28302 1 0 0 0 0 0 0 0
360 1 0.1 5.73523 2.94012 0.573796 0.21379 -0.066379 0.207032 -1.97842 -1.16984 0.467163 1 0 0 0 0 0 0 0
361 1 0.1 5.566 2.85072 0.637922 0.307152 -0.0763429 0.0313557 0.548297 -0.0369461 0.72172 1 0 0 0 0 0 0 0
362 1 0.1 5.37766 2.91426 0.601993 0.112874 -0.060828 -0.0386976 -0.202965 -1.94331 1.79337 1 0 0 0 0 0 0 0
363 1 0.1 5.19348 2.9817 0.561035 0.324583 -0.258569 0.0579316 -0.175911 -1.55433 -2.6192 1 0 0 0 0 0 0 0
364 1 0.1 5.49404 2.99433 0.756616 0.117806 -0.100823 -0.044432 -0.693876 -1.86847 0.224415 1 0 0 0 0 0 0 0
365 1 0.1 5.32265 3.17833 0.589981 0.289995 -0.0837893 -0.00493876 -1.93865 1.82361 0.413229 1 0 0 0 0 0 0 0
366 1 0.1 5.72108 3.13934 0.583278 0.0706084 -0.0639625 -0.0187144 -0.210113 -0.0250261 0.913033 1 0 0 0 0 0 0 0
367 1 0.1 5.6177 3.25105 0.763098 -0.0426837 -0.0276342 -0.0135857 -0.573199 0.0402907 0.11239 1 0 0 0 0 0 0 0
368 1 0.1 5.60029 3.56572 0.57366 0.0396613 0.0105646 -0.00783591 0.403266 0.321704 -0.412103 1 0 0 0 0 0 0 0
369 1 0.1 5.78302 3.63218 0.471251 0.0922182 -0.00709035 0.0288016 -0.283078 -0.147929 0.775683 1 0 0 0 0 0 0 0
370 1 0.1 5.7082 3.3596 0.590903 -0.0398869 -0.0283504 -0.0383386 -0.362349 0.216456 0.137016 1 0 0 0 0 0 0 0
371 1 0.1 5.72821 3.25583 0.421142 0.0352263 -0.0525435 -0.0147641 0.283881 -0.34139 0.196775 1 0 0 0 0 0 0 0
372 1 0.1 5.95212 4.0487 0.429552 0.0564606 -0.0629295 -0.0373935 -0.629374 0.125867 -1.01828 1 0 0 0 0 0 0 0
373 1 0.1 6.0198 4.50465 0.597757 -0.0684536 0.0127788 -0.0224313 -0.173648 -0.316637 -0.20981 1 0 0 0 0 0 0 0
374 1 0.1 6.11312 4.68623 0.590758 -0.0164482 -0.0242463 -0.00683041 0.0438037 -0.307662 -0.333438 1 0 0 0 0 0 0 0
375 1 0.1 6.11784 0.906022 0.750215 3.86026e-05 -0.000298641 -0.00190211 -0.062867 -0.00604388 0.0281739 1 0 0 0 0 0 0 0
376 1 0.1 5.84313 1.18425 0.762716 0.00133406 -0.00115659 0.00104498 -0.0180807 -0.00270288 -0.172302 1 0 0 0 0 0 0 0
377 1 0.1 5.70303 1.32452 0.754537 -0.000399857 -0.00593021 -0.0215642 -0.202611 -0.0876514 0.199395 1 0 0 0 0 0 0 0
378 1 0.1 5.5621 1.46355 0.742286 0.0104439 0.00261971 -0.0465488 -0.139138 0.0758798 -0.34804 1 0 0 0 0 0 0 0
379 1 0.1 5.44678 1.62487 0.745747 0.015124 0.00879345 -0.0307956 0.127332 0.207044 0.295761 1 0 0 0 0 0 0 0
380 1 0.1 5.28461 1.73612 0.756321 -0.00605616 -0.0152562 -0.00590968 0.210387 0.177642 -0.00541712 1 0 0 0 0 0 0 0
381 1 0.1 5.14413 1.87839 0.753103 -0.0106591 0.0362306 -0.0139023 -0.000627401 0.0230936 0.0496371 1 0 0 0 0 0 0 0
382 1 0.1 5.00325 2.02165 0.763156 -0.000285361 0.00800388 -0.00067463 -0.0766336 0.188962 0.0230542 1 0 0 0 0 0 0 0
383 1 0.1 4.82118 2.19761 0.74773 0.0255287 -0.0155244 -0.0240558 -1.22368 -0.870176 -0.766258 1 0 0 0 0 0 0 0
384 1 0.1 4.7421 2.37231 0.717219 0.142952 0.0441101 -0.0498415 0.939233 -0.0730482 0.391827 1 0 0 0 0 0 0 0
385 1 0.1 4.3811 2.63967 0.567447 -0.0652897 0.108179 -0.00626078 0.401637 0.336688 1.19542 1 0 0 0 0 0 0 0
386 1 0.1 4.19308 2.91478 0.765213 -0.0159302 0.0626655 -0.00620999 0.524198 -0.184274 0.125501 1 0 0 0 0 0 0 0
387 1 0.1 4.19177 3.11178 0.760422 0.0510561 0.103301 0.0409075 -0.150244 0.29578 -1.16414 1 0 0 0 0 0 0 0
388 1 0.1 4.29923 3.27848 0.762482 0.0569013 0.101175 -0.00838117 -0.0304123 0.199633 1.17212 1 0 0 0 0 0 0 0
389 1 0.1 4.48303 3.42246 0.766094 0.316381 0.0220769 -0.00274751 2.01507 -3.0985 -0.0973487 1 0 0 0 0 0 0 0
390 1 0.1 4.60216 3.58001 0.763043 0.176848 0.118179 0.000962236 -0.159367 0.0197406 0.00815613 1 0 0 0 0 0 0 0
391 1 0.1 4.74148 3.72101 0.762031 0.181617 0.111104 0.00222344 0.0950625 -0.0655666 0.00983843 1 0 0 0 0 0 0 0
392 1 0.1 4.88569 3.85015 0.717115 0.0992783 0.180239 -0.002441 1.31577 1.4182 0.669774 1 0 0 0 0 0 0 0
393 1 0.1 5.01487 3.99383 0.762665 0.0950781 0.130153 -0.00472015 0.0155428 0.0116119 -0.52576 1 0 0 0 0 0 0 0
394 1 0.1 5.15303 4.13581 0.752626 0.0778127 0.124283 -0.0121214 -0.00353448 -0.0924841 -0.585226 1 0 0 0 0 0 0 0
395 1 0.1 5.29828 4.28312 0.748568 0.007605 0.00876753 -0.00220997 0.0069613 0.0138063 0.07713 1 0 0 0 0 0 0 0
396 1 0.1 5.43948 4.4245 0.74984 0.00321382 0.0046241 -0.000390487 0.0077614 0.00475411 -0.036623 1 0 0 0 0 0 0 0
397 1 0.1 5.58093 4.56588 0.749839 0.0033262 -0.000516122 -0.000844008 0.00099661 0.00763748 -0.0148707 1 0 0 0 0 0 0 0
398 1 0.1 5.77219 4.74512 0.76251 -0.00737642 0.00905687 0.000303555 0.022498 0.0179037 -0.00185307 1 0 0 0 0 0 0 0
399 1 0.1 5.91207 4.88874 0.749947 -0.00541034 -0.00487708 0.00188051 -0.00646601 -0.0147797 -0.0613406 1 0 0 0 0 0 0 0
400 1 0.1 6.2594 0.765408 0.753451 0.000220694 0.000772027 0.00420642 0.0701782 -0.00952441 -0.00194589 1 0 0 0 0 0 0 0
401 1 0.1 5.99366 1.05991 0.726307 -0.0062388 -0.00594049 -0.000441966 0.0812009 -0.0120409 0.0627912 1 0 0 0 0 0 0 0
402 1 0.1 5.80709 1.49722 0.762577 0.0211303 0.0190863 -0.000574771 0.188942 -0.214904 -0.725435 1 0 0 0 0 0 0 0
403 1 0.1 5.70763 1.59754 0.621259 0.040207 0.0434448 0.000707215 -0.344364 0.423213 0.0218463 1 0 0 0 0 0 0 0
404 1 0.1 5.62568 1.71031 0.763454 0.00792913 0.0290695 -0.000433345 0.330039 -0.493005 0.408462 1 0 0 0 0 0 0 0
405 1 0.1 5.46245 1.82303 0.746207 -0.011022 0.00247615 -0.0554941 -0.358493 0.00833566 -0.00507836 1 0 0 0 0 0 0 0
406 1 0.1 5.41463 2.01719 0.762627 -0.0105304 -0.0337679 -0.00845568 0.63341 0.298568 -0.450834 1 0 0 0 0 0 0 0
407 1 0.1 5.35381 2.1223 0.597417 -0.303804 0.0266202 0.0625328 0.306145 0.212178 0.413059 1 0 0 0 0 0 0 0
408 1 0.1 5.09238 2.19955 0.76257 0.0639459 -0.010652 -0.00527184 0.147679 -0.782904 -0.486439 1 0 0 0 0 0 0 0
409 1 0.1 4.81703 2.54386 0.768449 0.0401513 0.0837503 0.0034021 0.806185 -0.344139 -0.90795 1 0 0 0 0 0 0 0
410 1 0.1 4.27294 2.74854 0.709404 0.0318805 -0.00491816 0.182251 -1.90439 -4.62901 -0.474802 1 0 0 0 0 0 0 0
411 1 0.1 4.41197 2.86381 0.760952 0.0638397 0.094995 -0.0634558 -1.12778 -0.123219 -0.0353812 1 0 0 0 0 0 0 0
412 1 0.1 4.38944 3.06329 0.761589 -0.125548 0.120495 0.0422171 -1.01637 -0.207515 0.256394 1 0 0 0 0 0 0 0
413 1 0.1 4.48944 3.23102 0.76618 0.00921369 0.0309286 0.022521 0.0850188 -0.414883 -2.6159 1 0 0 0 0 0 0 0
414 1 0.1 4.84132 3.37981 0.563648 0.252857 -0.0665498 -0.0409131 1.49968 -1.76468 -3.72718 1 0 0 0 0 0 0 0
415 1 0.1 4.78209 3.5335 0.690758 0.106539 -0.0682334 -0.0759505 -0.340098 0.913501 -1.84246 1 0 0 0 0 0 0 0
416 1 0.1 5.13359 3.54146 0.763764 -0.00539949 0.000792948 0.000952869 -0.0676725 -0.0384335 -0.151019 1 0 0 0 0 0 0 0
417 1 0.1 5.05146 3.74051 0.763523 0.034733 0.00690739 -0.00160988 0.0639167 -0.339061 -0.61982 1 0 0 0 0 0 0 0
418 1 0.1 5.18436 3.88892 0.762523 0.0306272 0.0124336 -0.00241332 -0.276394 0.199123 0.168903 1 0 0 0 0 0 0 0
419 1 0.1 5.34633 4.08943 0.757667 0.0213016 0.0194427 -0.00917756 0.0535838 0.139811 -0.352785 1 0 0 0 0 0 0 0
420 1 0.1 5.49072 4.2319 0.762668 0.00480874 0.00445777 -0.000905555 0.00668229 -0.0223648 0.000405468 1 0 0 0 0 0 0 0
421 1 0.1 5.63221 4.37304 0.762389 0.00610481 0.00232224 -0.00213974 -0.0231068 0.023763 -0.0207243 1 0 0 0 0 0 0 0
422 1 0.1 5.77287 4.52312 0.714889 0.00768499 -0.0249134 -0.0119329 -0.0370149 0.11603 -0.188003 1 0 0 0 0 0 0 0
423 1 0.1 5.91795 4.66817 0.649996 -0.0393176 0.028758 -0.0269899 0.207585 0.299771 -0.0709639 1 0 0 0 0 0 0 0
424 1 0.1 6.20785 5.18367 0.760035 -0.00665141 -0.00684032 -0.0039028 0.00525984 -0.0582548 0.0941064 1 0 0 0 0 0 0 0
425 1 0.1 6.40025 0.623578 0.749975 -0.000275561 0.000383117 -4.08376e-05 -0.00503289 0.00296774 0.000895491 1 0 0 0 0 0 0 0
426 1 0.1 6.15625 1.17043 0.762507 -0.0150703 0.00671823 -7.18884e-06 -0.00367528 0.0568089 0.109756 1 0 0 0 0 0 0 0
427 1 0.1 5.97181 1.33845 0.762622 0.0025063 0.0140922 0.000303487 0.106105 -0.00553458 -0.0127132 1 0 0 0 0 0 0 0
428 1 0.1 5.96427 1.71087 0.760192 0.00732635 0.0296017 -0.0251037 -0.0562716 0.0314808 -0.322376 1 0 0 0 0 0 0 0
429 1 0.1 5.7948 1.81673 0.762538 0.00796276 0.0338076 -0.000592889 0.166395 0.190883 0.285156 1 0 0 0 0 0 0 0
430 1 0.1 5.63008 1.92968 0.759417 -0.0151286 0.0050224 -0.00901765 0.167836 -0.571562 0.0095302 1 0 0 0 0 0 0 0
431 1 0.1 5.5953 2.12624 0.762864 -0.00756878 0.00535515 0.000863097 0.0289517 0.0400888 -0.082665 1 0 0 0 0 0 0 0
432 1 0.1 5.41645 2.2151 0.763055 -0.0315022 -0.0321216 -0.00199841 -0.0193165 0.448221 0.637376 1 0 0 0 0 0 0 0
433 1 0.1 5.41361 2.46312 0.583835 0.0918841 -0.0867358 -0.00491135 0.382429 0.215123 -2.39235 1 0 0 0 0 0 0 0
434 1 0.1 5.07024 2.41517 0.76251 -0.245879 0.0648281 -1.83337e-05 0.224514 -0.336639 1.18249 1 0 0 0 0 0 0 0
435 1 0.1 4.99191 2.68082 0.763583 0.191035 0.261773 -0.0121772 2.62938 -1.94012 -0.346363 1 0 0 0 0 0 0 0
436 1 0.1 4.65506 2.68287 0.765388 0.0397389 0.05124 0.0128946 0.667178 -0.12597 0.766998 1 0 0 0 0 0 0 0
437 1 0.1 4.61717 3.10592 0.560867 0.0347428 0.208512 -0.0551165 -2.63503 -2.77313 -1.47917 1 0 0 0 0 0 0 0
438 1 0.1 4.67665 3.16235 0.759127 0.111362 0.277888 0.0991778 -1.4119 -0.29339 3.37643 1 0 0 0 0 0 0 0
439 1 0.1 4.8435 3.35733 0.762531 -0.113894 -0.124447 -0.0062809 -0.588366 -0.110716 -0.677535 1 0 0 0 0 0 0 0
440 1 0.1 5.04649 3.36417 0.763388 0.102437 -0.0464316 -0.0134132 -0.949437 -0.814608 1.43418 1 0 0 0 0 0 0 0
441 1 0.1 5.28842 3.66572 0.762567 -0.00263186 -0.00666747 -0.00233024 -0.113512 -0.147076 -0.0973652 1 0 0 0 0 0 0 0
442 1 0.1 5.27949 3.78685 0.605774 0.0374534 -0.0157628 -0.0134655 -0.311434 0.047032 -0.232469 1 0 0 0 0 0 0 0
443 1 0.1 5.38133 3.85559 0.762646 0.0222343 -0.0184548 -0.00121796 -0.177669 -0.232768 0.222373 1 0 0 0 0 0 0 0
444 1 0.1 5.52228 3.99672 0.763423 -0.00114158 -0.0123909 0.00129045 -0.183014 -0.164387 -0.02197 1 0 0 0 0 0 0 0
445 1 0.1 5.66463 4.13461 0.76353 -0.00775217 -0.0159408 -0.000936107 0.0941552 0.00173044 -0.0965997 1 0 0 0 0 0 0 0
446 1 0.1 5.80665 4.27536 0.76253 -0.0102286 -0.030121 -0.00483281 -0.0675454 -0.0223869 -0.150416 1 0 0 0 0 0 0 0
447 1 0.1 5.93996 4.42439 0.762524 0.00483473 -0.0485479 -0.00489014 -0.0820362 -0.115608 -0.0927374 1 0 0 0 0 0 0 0
448 1 0.1 6.08147 4.78356 0.762513 -0.0237135 -0.0281576 0.0055498 0.0242282 -0.0388835 -0.180169 1 0 0 0 0 0 0 0
449 1 0.1 6.34741 5.3265 0.749983 -0.00357279 -0.005164 0.000474407 -0.00490332 -0.00118333 -0.0594689 1 0 0 0 0 0 0 0
450 1 0.1 6.41592 0.840356 0.654079 -0.0109626 0.0157219 -0.00193169 -0.237145 -0.182883 -0.0827719 1 0 0 0 0 0 0 0
451 1 0.1 6.28243 0.988085 0.672351 -0.0133117 0.0146525 -0.0139505 0.0982264 0.167699 0.131725 1 0 0 0 0 0 0 0
452 1 0.1 6.16944 1.36996 0.762661 0.00143126 0.00580694 0.000185781 0.0879938 0.0158225 0.00137499 1 0 0 0 0 0 0 0
453 1 0.1 6.04059 1.52612 0.760806 -0.00883863 0.0209416 -0.00602521 -0.171675 0.0193303 0.141689 1 0 0 0 0 0 0 0
454 1 0.1 5.78299 2.05797 0.762738 -0.00741175 -0.00216932 -0.00543087 -0.0503991 0.0527006 0.00312463 1 0 0 0 0 0 0 0
455 1 0.1 5.72092 2.2756 0.719828 0.00100558 -0.0154922 -0.0449602 0.0778177 0.786874 -0.288864 1 0 0 0 0 0 0 0
456 1 0.1 5.5467 2.36717 0.755162 -8.4852e-05 -0.0406722 0.0175496 -0.0344837 -0.0893567 0.557137 1 0 0 0 0 0 0 0
457 1 0.1 5.56888 2.39728 0.46957 -0.121457 -0.148762 -0.0295466 0.488255 0.183714 -0.657734 1 0 0 0 0 0 0 0
458 1 0.1 5.35008 2.40232 0.76281 0.00323559 -0.00984421 -0.00151134 -0.111995 -0.0184245 -1.01262 1 0 0 0 0 0 0 0
459 1 0.1 5.43424 2.58279 0.763594 0.150637 -0.0777753 -0.00494194 -0.728491 -1.48279 -0.879747 1 0 0 0 0 0 0 0
460 1 0.1 5.21936 2.50973 0.657517 0.0561084 -0.0229494 -0.0895131 -0.427307 -0.874234 0.813618 1 0 0 0 0 0 0 0
461 1 0.1 4.82847 2.80028 0.757923 -0.175942 0.162474 -0.0867591 0.132074 -1.48702 0.666648 1 0 0 0 0 0 0 0
462 1 0.1 4.71797 2.96712 0.76354 0.00427688 0.253995 0.00536255 2.83655 -0.740998 -1.90461 1 0 0 0 0 0 0 0
463 1 0.1 5.0162 3.06839 0.593274 0.297003 -0.231269 -0.120042 1.0444 -0.892355 2.49353 1 0 0 0 0 0 0 0
464 1 0.1 4.95109 3.18863 0.760829 0.0334506 -0.00538916 0.0516703 0.0899294 0.823884 0.629417 1 0 0 0 0 0 0 0
465 1 0.1 5.21684 3.34842 0.601871 0.265503 -0.220826 -0.0273344 1.61547 -0.199409 0.0038215 1 0 0 0 0 0 0 0
466 1 0.1 5.47761 3.6021 0.76266 0.000877742 -0.00673338 0.00255565 -0.0486159 0.0135473 -0.0104208 1 0 0 0 0 0 0 0
467 1 0.1 5.46848 3.71402 0.597367 0.0126769 -0.0109046 0.00640602 0.048952 -0.614901 0.695906 1 0 0 0 0 0 0 0
468 1 0.1 5.56669 3.7813 0.762519 0.0158228 -0.0278242 -0.00106431 -0.0109689 0.329709 -0.345421 1 0 0 0 0 0 0 0
469 1 0.1 5.70803 3.92322 0.758216 -0.00527774 -0.0246699 -0.0210007 -0.0323093 -0.0342508 -0.0963612 1 0 0 0 0 0 0 0
470 1 0.1 5.919 4.00055 0.763484 0.0768002 -0.0366931 -0.00303953 -0.541099 -0.970134 -0.472071 1 0 0 0 0 0 0 0
471 1 0.1 5.98751 4.18869 0.762518 -0.0403242 0.0418361 0.00188708 0.160692 -0.38711 0.657496 1 0 0 0 0 0 0 0
472 1 0.1 6.0916 4.33259 0.669417 0.0487215 0.0212517 -0.072272 0.205738 1.94777 0.782895 1 0 0 0 0 0 0 0
473 1 0.1 6.06924 5.03968 0.762662 0.0105912 -0.0303414 -0.000213005 -0.261449 -0.0890668 -0.050188 1 0 0 0 0 0 0 0
474 1 0.1 6.21719 4.91848 0.704858 0.0144174 -0.0463989 0.0055735 0.076783 0.118809 -0.0473348 1 0 0 0 0 0 0 0
475 1 0.1 6.43059 1.08749 0.762512 -0.0114381 -0.00103802 7.2518e-05 0.238522 -0.134002 -0.140978 1 0 0 0 0 0 0 0
476 1 0.1 6.33989 1.26565 0.76201 0.00151568 0.00563674 0.00707689 -0.0211485 -0.139635 -0.00385474 1 0 0 0 0 0 0 0
477 1 0.1 6.02181 1.83629 0.612023 0.046367 0.0390899 -0.000201051 -0.374264 0.16336 0.0523395 1 0 0 0 0 0 0 0
478 1 0.1 5.95118 2.16589 0.762543 0.00630597 -0.0250635 0.000506026 -0.261666 -0.0652741 -0.140654 1 0 0 0 0 0 0 0
479 1 0.1 5.8629 2.40973 0.762509 0.161683 -0.200559 -0.000324113 0.940693 0.618161 -0.76145 1 0 0 0 0 0 0 0
480 1 0.1 5.8414 3.18136 0.761859 0.0754203 -0.0129452 0.0156088 0.101872 -0.235188 0.45907 1 0 0 0 0 0 0 0
481 1 0.1 5.72057 2.86196 0.762936 0.2916 -0.0509788 0.0119808 -0.0361898 0.00694061 0.0342383 1 0 0 0 0 0 0 0
482 1 0.1 5.69439 2.51735 0.763064 0.121428 -0.265654 -0.00733084 -2.67345 -1.26454 0.376672 1 0 0 0 0 0 0 0
483 1 0.1 5.62406 2.55395 0.580775 0.297704 -0.263805 -0.0890874 2.36 -0.50889 -1.18588 1 0 0 0 0 0 0 0
484 1 0.1 5.59757 2.69803 0.762663 0.200535 -0.145283 -0.00791192 -0.316517 -1.10788 -0.604165 1 0 0 0 0 0 0 0
485 1 0.1 5.2948 2.99864 0.763184 0.104271 -0.148565 -0.00807079 -0.0304618 2.96648 0.343356 1 0 0 0 0 0 0 0
486 1 0.1 5.14446 2.84548 0.72059 0.14835 -0.110596 0.076002 2.30577 -4.29958 -0.335022 1 0 0 0 0 0 0 0
487 1 0.1 4.90923 2.99333 0.763462 0.0561685 -0.00477432 -0.00843701 1.01046 1.54413 -0.670036 1 0 0 0 0 0 0 0
488 1 0.1 5.09894 3.03238 0.764233 0.08766 -0.11399 0.0116201 -1.47369 -2.05364 -0.446194 1 0 0 0 0 0 0 0
489 1 0.1 5.18461 3.20989 0.763949 0.094679 -0.110752 -0.000324992 -0.828342 -1.21461 1.13985 1 0 0 0 0 0 0 0
490 1 0.1 5.40936 3.22996 0.762535 0.226299 0.0674453 -0.00465193 0.697833 -2.31396 0.559736 1 0 0 0 0 0 0 0
491 1 0.1 5.3027 3.42982 0.762738 0.00746307 -0.011228 0.00334385 -0.0932065 -0.072607 0.0936384 1 0 0 0 0 0 0 0
492 1 0.1 5.60126 3.44777 0.73498 -0.0194808 -0.0233445 -0.0241877 0.53147 -0.216725 -0.323581 1 0 0 0 0 0 0 0
493 1 0.1 5.68219 3.0606 0.762705 0.104781 -0.0529652 -0.00301913 -0.118808 -0.00801263 0.039951 1 0 0 0 0 0 0 0
494 1 0.1 5.69029 3.62431 0.762992 -0.00456257 -0.0376846 0.00150189 -0.324229 0.0505824 0.126208 1 0 0 0 0 0 0 0
495 1 0.1 5.8314 3.76593 0.761591 -0.0135947 -0.0314416 -0.0101673 0.0527299 -0.159594 -0.0139995 1 0 0 0 0 0 0 0
496 1 0.1 5.82424 3.53786 0.642488 0.0469989 -0.00622466 0.0361041 0.486467 -0.77984 -0.023362 1 0 0 0 0 0 0 0
497 1 0.1 6.04058 4.19099 0.538208 0.0572403 -0.0308632 -0.0612858 -0.249064 -0.903222 0.443714 1 0 0 0 0 0 0 0
498 1 0.1 6.09981 4.5846 0.762559 -0.0540142 -0.0488792 -0.00775243 0.115367 0.214387 -0.135751 1 0 0 0 0 0 0 0
499 1 0.1 6.25938 4.69975 0.726439 -0.0291084 -0.0374761 0.00335477 0.0423053 0.0480215 0.0777532 1 0 0 0 0 0 0 0
