500
0 1 0.1 6.02629 0.995031 0.150018 -0.00257888 0.00194041 3.7372e-05 0.0137479 0.0157662 -0.0473724 1 0 0 0 0 0 0 0
1 1 0.1 5.88524 1.13672 0.147591 -0.00224274 0.00241637 -0.00178531 -0.033204 -0.0267065 0.0444 1 0 0 0 0 0 0 0
2 1 0.1 5.69296 1.33151 0.151767 -0.0015398 -0.000200106 -0.00497543 0.015904 0.0914972 -0.0128439 1 0 0 0 0 0 0 0
3 1 0.1 5.34919 1.67646 0.142318 0.00795443 -0.00904096 -0.00736333 -0.0692396 0.0433545 -0.107555 1 0 0 0 0 0 0 0
4 1 0.1 5.49217 1.79325 0.298904 0.00668458 -0.00423878 0.00406704 -0.287779 -0.396329 0.131563 1 0 0 0 0 0 0 0
5 1 0.1 5.20576 1.81892 0.144729 0.00166991 0.0023391 -0.00497252 -0.0401746 0.0273679 0.00414296 1 0 0 0 0 0 0 0
6 1 0.1 5.05644 1.97124 0.137576 -0.00960499 0.0103031 -0.00181108 0.189161 0.260819 0.188735 1 0 0 0 0 0 0 0
7 1 0.1 4.86651 2.15461 0.138032 0.00505889 0.00169919 -0.0186684 -0.163555 0.0791757 -0.0227097 1 0 0 0 0 0 0 0
8 1 0.1 4.64421 2.61394 0.134069 0.00137569 0.0110384 -0.0069513 -0.191705 0.108363 -0.0579357 1 0 0 0 0 0 0 0
9 1 0.1 4.80365 2.48838 0.32651 0.0109781 -0.0278972 -0.0103853 -0.446245 -0.158931 0.0806518 1 0 0 0 0 0 0 0
10 1 0.1 4.2394 2.77951 0.138206 -0.00828159 0.00996886 0.0123466 0.0385908 -0.125366 0.125959 1 0 0 0 0 0 0 0
11 1 0.1 4.20687 2.82032 0.337377 -0.00193365 -0.00190196 0.00225459 0.0291934 -0.024647 0.00188503 1 0 0 0 0 0 0 0
12 1 0.1 4.18834 2.99266 0.149539 -0.000719177 -0.00155401 -0.00263131 0.00228078 0.0242903 0.00100971 1 0 0 0 0 0 0 0
13 1 0.1 4.21612 3.1903 0.142277 -0.00152058 -0.000402337 0.000926323 -0.000312206 -0.00954255 0.00406618 1 0 0 0 0 0 0 0
14 1 0.1 4.3573 3.33184 0.141986 -0.000509759 -0.00412479 0.00535506 0.0650866 0.0445092 -0.16792 1 0 0 0 0 0 0 0
15 1 0.1 4.49212 3.46004 0.213967 -0.000943857 -0.00363991 0.0183229 -0.509007 -0.477078 0.109145 1 0 0 0 0 0 0 0
16 1 0.1 4.68804 3.41578 0.197484 -0.00326637 0.00292052 0.0058965 -0.0088988 -0.0527004 -0.0708645 1 0 0 0 0 0 0 0
17 1 0.1 4.62047 3.59588 0.14377 -0.00131425 -0.000210323 0.00759841 0.0332377 0.00820899 0.0594851 1 0 0 0 0 0 0 0
18 1 0.1 4.7613 3.7377 0.147645 -0.00224775 0.000476565 0.00609455 -0.053413 -0.0346418 -0.0178615 1 0 0 0 0 0 0 0
19 1 0.1 5.15874 4.13313 0.195124 -0.0036599 -0.00661567 0.000979615 -0.0140904 -0.0101428 -0.0730507 1 0 0 0 0 0 0 0
20 1 0.1 5.29381 4.27116 0.137324 0.000989849 0.00258075 -0.00153651 -0.00108679 0.0232835 0.0174949 1 0 0 0 0 0 0 0
21 1 0.1 5.43957 4.41934 0.163871 0.00126757 0.00105157 0.00164631 -0.0179903 0.0180769 -0.0354459 1 0 0 0 0 0 0 0
22 1 0.1 5.57887 4.56138 0.148406 0.00219225 -0.000733774 0.000737407 0.0185683 0.0196468 0.00424425 1 0 0 0 0 0 0 0
23 1 0.1 5.72052 4.70227 0.145909 0.000176092 0.000548172 -1.54593e-05 -0.00615351 0.00451597 0.0237629 1 0 0 0 0 0 0 0
24 1 0.1 6.00313 4.98661 0.150017 -0.000552142 -0.000823972 -0.000247818 -0.00516009 0.00439483 -0.0173418 1 0 0 0 0 0 0 0
25 1 0.1 6.16894 0.852609 0.15009 -0.0229985 0.0176152 0.00482666 0.0697417 0.00606766 0.256063 1 0 0 0 0 0 0 0
26 1 0.1 5.93431 1.33022 0.157688 -0.00478793 0.00457686 -0.0212003 0.285522 0.101919 -0.135433 1 0 0 0 0 0 0 0
27 1 0.1 5.90287 1.52624 0.137095 0.0106266 0.00792437 -0.00142772 -0.0998516 0.102458 -0.0773899 1 0 0 0 0 0 0 0
28 1 0.1 5.55386 1.47444 0.137344 0.00211646 0.00437677 0.00112864 -0.0449146 0.0232429 -0.0653437 1 0 0 0 0 0 0 0
29 1 0.1 5.65473 1.83633 0.191143 0.0123074 -0.00178916 0.0139116 0.117613 0.254756 0.0503865 1 0 0 0 0 0 0 0
30 1 0.1 5.40294 1.86886 0.137563 0.0115654 -0.0128991 -0.000563502 0.245635 0.332339 0.0496527 1 0 0 0 0 0 0 0
31 1 0.1 5.26225 2.00986 0.136557 0.0249167 -0.000916733 -0.00902808 -0.0991118 -0.197446 -0.224038 1 0 0 0 0 0 0 0
32 1 0.1 5.05781 2.19974 0.14196 0.00349707 -0.0148631 0.0041759 0.150826 -0.308754 -0.161225 1 0 0 0 0 0 0 0
33 1 0.1 4.59502 2.42081 0.150133 -0.0249104 0.0153094 -0.00323092 0.0287091 0.0437323 0.0962214 1 0 0 0 0 0 0 0
34 1 0.1 4.91217 2.54644 0.136424 0.0109943 0.00174321 -0.00898877 0.10327 0.0827721 -0.063697 1 0 0 0 0 0 0 0
35 1 0.1 4.37918 2.6358 0.149644 0.000934359 -0.000459421 -0.000490369 -0.0100492 0.00748483 -0.00458094 1 0 0 0 0 0 0 0
36 1 0.1 4.8597 2.67237 0.276852 0.00702249 -0.0377615 0.01964 0.603779 -0.22174 -0.0110992 1 0 0 0 0 0 0 0
37 1 0.1 4.37464 2.9267 0.136218 -0.00252403 0.00510217 5.15826e-05 -0.0364949 -0.0645871 0.11075 1 0 0 0 0 0 0 0
38 1 0.1 4.40852 3.13639 0.137463 0.000720753 0.0096285 -0.00122842 -0.0376118 0.0393266 0.0281433 1 0 0 0 0 0 0 0
39 1 0.1 4.55081 3.28359 0.137386 -0.000770168 0.00612203 0.000779442 -0.0440729 -0.0516655 0.0528425 1 0 0 0 0 0 0 0
40 1 0.1 4.80018 3.27477 0.28398 -0.00798521 0.00513483 0.0166113 -0.036802 -0.0589529 0.0695173 1 0 0 0 0 0 0 0
41 1 0.1 4.98468 3.67182 0.136983 -0.0107042 -0.0070898 -0.00275494 0.0654101 -0.111289 -0.0225149 1 0 0 0 0 0 0 0
42 1 0.1 5.11177 3.82482 0.13716 -0.0084249 -0.00895518 -8.9874e-05 -0.07437 0.0610517 -0.0132143 1 0 0 0 0 0 0 0
43 1 0.1 5.01472 3.99911 0.149215 -0.00242206 -0.00618538 -0.0126027 -0.00345231 -0.00754086 -0.026592 1 0 0 0 0 0 0 0
44 1 0.1 5.44675 4.01217 0.137529 -0.00886873 -0.00952917 0.000881968 0.0116888 0.00376953 0.00213598 1 0 0 0 0 0 0 0
45 1 0.1 5.55332 4.18176 0.137382 0.000545768 0.00125334 0.00169823 0.0148973 -0.0452566 -0.135656 1 0 0 0 0 0 0 0
46 1 0.1 5.63118 4.36499 0.152919 0.00193178 3.78423e-05 0.00448351 -0.0609484 -0.013508 0.0365664 1 0 0 0 0 0 0 0
47 1 0.1 5.77082 4.50707 0.137365 0.00135382 -0.000763776 0.000448152 0.00561396 0.00824004 0.0114013 1 0 0 0 0 0 0 0
48 1 0.1 5.86117 4.8443 0.150009 0.000270877 0.00045466 -7.37423e-06 -0.000444923 0.000395193 -0.00362857 1 0 0 0 0 0 0 0
49 1 0.1 6.14456 5.12804 0.150008 -0.000704616 -0.00125628 -0.000163661 0.00131655 0.000986206 -0.0139241 1 0 0 0 0 0 0 0
50 1 0.1 6.31166 0.710216 0.150071 -0.0388543 0.0330292 -0.00481538 0.058468 0.109379 0.399576 1 0 0 0 0 0 0 0
51 1 0.1 6.07709 1.19188 0.137454 -0.00253186 0.00360664 5.66624e-05 -0.0369521 -0.025017 -0.0427729 1 0 0 0 0 0 0 0
52 1 0.1 5.98697 1.71863 0.141676 0.00964919 0.025908 -0.00146893 0.144981 0.0348102 0.0531472 1 0 0 0 0 0 0 0
53 1 0.1 5.7882 1.6982 0.13665 0.0117849 0.00490383 -0.000411997 -0.0584112 0.107172 0.0222498 1 0 0 0 0 0 0 0
54 1 0.1 5.77778 1.98402 0.137484 0.00828001 -0.00299309 0.000188867 -0.0829407 0.0270898 -0.151042 1 0 0 0 0 0 0 0
55 1 0.1 5.53031 2.00431 0.214794 0.0440433 -0.110462 0.207619 -0.291814 -2.22515 -1.20714 1 0 0 0 0 0 0 0
56 1 0.1 5.45695 2.17797 0.137258 0.00563381 -0.00257169 -0.00311972 0.0396946 0.0367267 0.0414612 1 0 0 0 0 0 0 0
57 1 0.1 5.25394 2.20825 0.136893 -0.00166985 0.00477107 0.00879162 0.131886 0.265068 0.359308 1 0 0 0 0 0 0 0
58 1 0.1 5.11981 2.32334 0.305573 0.00315491 -0.0025906 0.00206795 0.1823 -0.0244475 -0.176424 1 0 0 0 0 0 0 0
59 1 0.1 4.81905 2.34835 0.137357 -0.00293576 -0.00492152 0.00110261 0.0639579 0.0500201 0.83706 1 0 0 0 0 0 0 0
60 1 0.1 5.04512 2.7335 0.243354 0.000243073 -0.026784 0.0219514 0.0544398 0.126226 0.256366 1 0 0 0 0 0 0 0
61 1 0.1 4.78841 2.76618 0.130857 0.0505542 -0.0434002 -0.00198504 0.478796 0.525183 0.0246119 1 0 0 0 0 0 0 0
62 1 0.1 4.89055 3.06841 0.136754 -0.0291092 -0.00842565 -0.000598262 0.091442 -0.285659 -0.0377675 1 0 0 0 0 0 0 0
63 1 0.1 4.57716 2.96834 0.137479 -0.0411508 -0.042958 -0.000324351 0.181019 0.603037 -0.432458 1 0 0 0 0 0 0 0
64 1 0.1 4.70299 3.15387 0.137484 -0.00804049 0.001477 0.00148872 -0.123578 0.122809 -0.141313 1 0 0 0 0 0 0 0
65 1 0.1 4.86725 3.59233 0.275638 -0.00757409 -0.00364522 1.83428e-05 -0.152271 0.149249 0.00741784 1 0 0 0 0 0 0 0
66 1 0.1 5.22784 3.66225 0.137468 -0.0562866 -0.041529 0.00141817 0.109412 -0.146069 -0.617187 1 0 0 0 0 0 0 0
67 1 0.1 5.37149 3.80463 0.136865 0.020305 -0.0253143 -0.000863724 0.24714 0.193999 0.0678889 1 0 0 0 0 0 0 0
68 1 0.1 5.25246 3.96649 0.137441 -0.00850725 -0.00978785 -0.000506964 0.0348991 -0.00644195 0.00263435 1 0 0 0 0 0 0 0
69 1 0.1 5.58683 4.03516 0.358242 0.00020944 -0.00667791 0.0126233 -0.0330788 0.0717348 0.055328 1 0 0 0 0 0 0 0
70 1 0.1 5.69919 4.17737 0.273781 -0.0008394 -0.00290537 0.00855618 -0.162587 0.00191612 -0.052684 1 0 0 0 0 0 0 0
71 1 0.1 5.80847 4.27362 0.137288 -0.000105964 -0.00642431 0.000581868 0.0582216 0.00667659 0.0725217 1 0 0 0 0 0 0 0
72 1 0.1 5.95088 4.41394 0.137442 0.00296302 -0.00587954 0.00122807 0.0526966 0.059739 -0.0976347 1 0 0 0 0 0 0 0
73 1 0.1 6.15014 4.85168 0.137334 0.0013402 0.00138023 0.000358896 -0.0159712 0.0218751 -0.0244528 1 0 0 0 0 0 0 0
74 1 0.1 6.39144 5.36811 0.150024 0.000231329 0.000361773 3.06548e-05 -0.000641293 -0.00111341 0.00502647 1 0 0 0 0 0 0 0
75 1 0.1 6.36174 0.903222 0.165198 -0.034957 0.0330371 0.0639667 0.320523 -0.508938 -0.0524597 1 0 0 0 0 0 0 0
76 1 0.1 6.22319 1.04461 0.137221 -0.0403695 0.0230908 -0.000109108 -0.25273 -0.411215 -0.0105092 1 0 0 0 0 0 0 0
77 1 0.1 6.10613 1.55813 0.137386 0.00577074 0.0232421 0.000301007 -0.235293 0.0578874 -0.0992916 1 0 0 0 0 0 0 0
78 1 0.1 5.94967 1.90543 0.202484 0.00701751 0.0165267 0.0245882 -0.162807 -0.233953 0.256916 1 0 0 0 0 0 0 0
79 1 0.1 5.71653 2.20996 0.324508 0.0305543 0.013934 -0.00501483 -0.0966578 0.0752252 0.0868175 1 0 0 0 0 0 0 0
80 1 0.1 5.67398 2.15433 0.137461 0.0167703 0.00057698 0.00138584 -0.0138193 0.162898 0.0701764 1 0 0 0 0 0 0 0
81 1 0.1 5.63814 2.35079 0.137207 0.0147543 -0.000931995 -0.00126018 0.0317697 0.146434 -0.0938464 1 0 0 0 0 0 0 0
82 1 0.1 5.71021 2.76265 0.137216 0.00131978 -0.000152308 -0.00175836 0.0246253 -0.0167617 0.0441637 1 0 0 0 0 0 0 0
83 1 0.1 5.4387 2.37712 0.137758 0.0144929 -0.00104764 -0.00333071 0.0115587 -0.0166992 -0.128172 1 0 0 0 0 0 0 0
84 1 0.1 5.04202 2.3975 0.137028 0.0161841 -0.0085137 -0.00126907 -0.180578 -0.198346 0.067427 1 0 0 0 0 0 0 0
85 1 0.1 5.12178 2.58312 0.13696 0.00626541 -0.00899653 9.10577e-05 0.108838 0.0553621 -0.00517512 1 0 0 0 0 0 0 0
86 1 0.1 5.46278 2.85545 0.310308 -0.0301184 0.028056 -0.0209876 -0.491811 0.168983 -0.0635902 1 0 0 0 0 0 0 0
87 1 0.1 5.02345 2.92364 0.186643 -0.0854096 -0.0473271 -0.00766778 -0.515236 0.772729 0.37607 1 0 0 0 0 0 0 0
88 1 0.1 5.00761 3.279 0.135955 0.0577709 0.0538894 -0.000271132 -0.539274 0.562367 0.0313375 1 0 0 0 0 0 0 0
89 1 0.1 4.89785 3.45453 0.136471 -0.010113 -0.00769706 -0.000356365 0.0794743 -0.0640337 -0.0276627 1 0 0 0 0 0 0 0
90 1 0.1 5.09183 3.50303 0.137474 -0.00979752 -0.00409856 0.00157775 0.038388 -0.0979736 0.1066 1 0 0 0 0 0 0 0
91 1 0.1 5.41836 3.56032 0.13586 -0.0123972 -0.0569956 0.00553941 -0.194272 0.0697005 0.0151942 1 0 0 0 0 0 0 0
92 1 0.1 5.54836 3.7119 0.146279 -0.0024138 -0.069839 0.0222564 -0.377648 -0.331898 -0.439736 1 0 0 0 0 0 0 0
93 1 0.1 5.71819 3.81853 0.145461 -0.00476989 -0.00164316 0.000370725 0.0194918 0.00433237 -0.0192128 1 0 0 0 0 0 0 0
94 1 0.1 5.64625 4.00492 0.142584 -0.00882196 -0.00334032 0.00171631 -0.00180022 -0.0126321 0.0580601 1 0 0 0 0 0 0 0
95 1 0.1 5.86042 4.01797 0.137193 -0.00440054 -0.00294035 0.0020347 0.0410895 -0.0541362 0.00759583 1 0 0 0 0 0 0 0
96 1 0.1 5.99599 4.16452 0.137197 -0.00556709 -0.00305412 -0.00106641 0.0412645 -0.063084 0.00645197 1 0 0 0 0 0 0 0
97 1 0.1 6.06044 4.56038 0.217854 0.00456185 -0.00400763 -0.000129957 -0.0463368 -0.0369213 0.0627014 1 0 0 0 0 0 0 0
98 1 0.1 6.29152 4.99272 0.141095 0.00151062 0.000749279 -0.000758917 0.0053148 -0.00399482 0.0119958 1 0 0 0 0 0 0 0
99 1 0.1 6.38605 5.16873 0.137495 0.000361452 0.000814503 -2.63418e-05 0.00022625 0.000360686 -0.000899487 1 0 0 0 0 0 0 0
100 1 0.1 6.35934 0.655426 0.350008 0.00206056 -0.00351558 7.38446e-06 0.000786413 0.00100798 -0.00286638 1 0 0 0 0 0 0 0
101 1 0.1 6.27021 1.24362 0.137484 -0.00416051 0.00890231 9.20517e-05 -0.786364 -0.196421 0.0989147 1 0 0 0 0 0 0 0
102 1 0.1 6.13317 1.37221 0.205785 -0.0189037 0.00885752 -0.0284883 0.233182 0.277435 0.173035 1 0 0 0 0 0 0 0
103 1 0.1 5.87617 2.28479 0.230625 0.0194937 0.0215452 -0.0168341 0.126101 0.0963926 0.000941731 1 0 0 0 0 0 0 0
104 1 0.1 5.89736 2.95277 0.31363 -0.0232058 -0.0138075 0.0328358 0.11003 -0.0488583 -0.196724 1 0 0 0 0 0 0 0
105 1 0.1 5.84455 2.4587 0.137429 -0.0296579 0.019742 -0.00100151 0.0520087 -0.144854 0.584865 1 0 0 0 0 0 0 0
106 1 0.1 5.67582 2.56582 0.14028 -0.0372443 0.0084289 0.00941815 -0.094274 0.294164 -0.446229 1 0 0 0 0 0 0 0
107 1 0.1 5.7562 3.0632 0.402305 -0.0386244 -0.0123404 0.0200032 0.0360634 -0.41327 -0.145225 1 0 0 0 0 0 0 0
108 1 0.1 5.51 2.77066 0.136872 -0.0243881 -0.00773659 -0.000845763 0.0758971 -0.24511 0.0486467 1 0 0 0 0 0 0 0
109 1 0.1 5.47624 2.57337 0.137191 -0.0350465 0.00508396 0.00061235 -0.00398979 -0.36421 0.559582 1 0 0 0 0 0 0 0
110 1 0.1 5.31092 2.68443 0.144849 -0.0568616 -0.0264582 0.00663468 -1.11293 0.967114 -0.0773834 1 0 0 0 0 0 0 0
111 1 0.1 5.20376 2.85304 0.137402 -0.0823005 -0.0399779 0.00026614 0.39268 -0.856722 -0.247805 1 0 0 0 0 0 0 0
112 1 0.1 5.28781 3.03438 0.140429 -0.110477 -0.0271219 0.0197065 -0.450626 0.259676 0.549793 1 0 0 0 0 0 0 0
113 1 0.1 5.09973 3.10176 0.137479 -0.112129 -0.0340764 7.14491e-05 0.464836 -0.473846 -0.472299 1 0 0 0 0 0 0 0
114 1 0.1 5.34998 3.22157 0.259323 0.0270458 -0.0582912 -0.00366497 -0.396612 -0.354582 -0.535279 1 0 0 0 0 0 0 0
115 1 0.1 5.41432 3.36299 0.136824 0.0342074 -0.0527633 -0.00407937 0.461315 0.352811 0.448189 1 0 0 0 0 0 0 0
116 1 0.1 5.4988 3.16722 0.137462 0.00872611 -0.109632 -0.000661621 1.06145 0.0886279 -0.695621 1 0 0 0 0 0 0 0
117 1 0.1 5.57866 3.34348 0.246757 0.0365366 -0.0132119 -0.00737849 -0.349382 -0.333461 0.315378 1 0 0 0 0 0 0 0
118 1 0.1 5.8095 3.64095 0.13734 0.0146148 0.00850234 -0.000857018 -0.0798196 0.137905 0.244807 1 0 0 0 0 0 0 0
119 1 0.1 5.94272 3.84822 0.203323 -0.269123 -0.2317 -0.252539 0.222502 4.76835 -5.07846 1 0 0 0 0 0 0 0
120 1 0.1 5.66263 3.50425 0.13659 0.0120139 0.00248572 -0.00227817 -0.0360265 0.0877623 -0.0569674 1 0 0 0 0 0 0 0
121 1 0.1 5.74423 3.32145 0.13738 0.0378351 0.00661595 -0.000498156 -0.0859641 0.364859 0.149748 1 0 0 0 0 0 0 0
122 1 0.1 6.05459 4.30348 0.268014 -0.00434801 0.00560067 -0.00868219 -0.0651392 0.250517 0.176993 1 0 0 0 0 0 0 0
123 1 0.1 6.21236 4.66173 0.137307 -0.000658278 0.000803768 -0.000936267 0.0293854 -0.0341787 0.00583829 1 0 0 0 0 0 0 0
124 1 0.1 6.29384 4.82341 0.273444 0.00479493 0.0067784 -0.00180557 -0.014702 -0.0129188 0.0601578 1 0 0 0 0 0 0 0
125 1 0.1 5.93588 1.07975 0.353639 0.00198675 -0.00437634 -0.00727097 -0.191903 0.0140362 -0.0233895 1 0 0 0 0 0 0 0
126 1 0.1 5.79451 1.22066 0.3487 0.00831624 -0.000748673 -0.0142049 0.0967696 -0.0327794 -0.0461461 1 0 0 0 0 0 0 0
127 1 0.1 5.65302 1.36191 0.34869 0.0093372 -0.00195196 -0.0147912 -0.0726115 0.167524 -0.0717024 1 0 0 0 0 0 0 0
128 1 0.1 5.51437 1.50583 0.330542 -0.000261422 0.000658666 0.00347747 0.102798 -0.051553 0.0362221 1 0 0 0 0 0 0 0
129 1 0.1 5.36988 1.64461 0.350554 0.00306792 -0.00265009 0.000872359 -7.10651e-05 -0.0191713 -0.0393611 1 0 0 0 0 0 0 0
130 1 0.1 5.1362 1.88693 0.349682 0.00568226 -0.00742006 0.00123323 0.0198855 0.0194294 -0.0599137 1 0 0 0 0 0 0 0
131 1 0.1 4.99976 2.02964 0.320143 0.0036418 -0.0097571 0.00866068 -0.030161 0.0546638 -0.0836534 1 0 0 0 0 0 0 0
132 1 0.1 4.86791 2.17612 0.335746 0.0124195 -0.010295 -0.0226776 0.241165 -0.212014 0.166857 1 0 0 0 0 0 0 0
133 1 0.1 4.72175 2.30756 0.306879 0.00832945 -0.0190571 0.00966053 -0.404079 0.0161492 -0.528262 1 0 0 0 0 0 0 0
134 1 0.1 4.62301 2.40001 0.449916 0.00293971 0.000330917 -0.0107538 -0.222059 -0.00915943 0.76974 1 0 0 0 0 0 0 0
135 1 0.1 4.48905 2.5377 0.359144 0.00454352 -0.00443743 -0.00125442 -0.00384725 0.0198151 -0.0715532 1 0 0 0 0 0 0 0
136 1 0.1 4.34619 2.67715 0.349066 0.00379946 -0.00422393 0.00480581 0.0484244 -0.0421168 -0.0655716 1 0 0 0 0 0 0 0
137 1 0.1 4.2897 2.99258 0.393389 -0.0042001 -0.00581043 0.00333824 -0.00576094 -0.00855931 -0.0131421 1 0 0 0 0 0 0 0
138 1 0.1 4.1976 3.16847 0.37572 -0.000796317 -0.002469 0.00146935 -0.0236151 -0.0123672 -0.0153731 1 0 0 0 0 0 0 0
139 1 0.1 4.3348 3.31009 0.34266 -0.00189757 -0.0010938 0.000840298 -0.0071839 -0.00793218 -0.019664 1 0 0 0 0 0 0 0
140 1 0.1 4.58439 3.56171 0.359221 -0.00207183 -0.00463419 0.00830365 -0.0161378 -0.0294711 -0.0774072 1 0 0 0 0 0 0 0
141 1 0.1 4.74649 3.72517 0.361226 0.000460058 0.00256641 -0.00359418 -0.0474054 0.082098 0.0610083 1 0 0 0 0 0 0 0
142 1 0.1 4.8869 3.86209 0.324613 -0.000771473 -0.000357877 -0.00804193 0.0551137 0.000662972 -0.0492254 1 0 0 0 0 0 0 0
143 1 0.1 5.02335 4.00582 0.348636 0.000969405 -0.00303748 -0.014871 -0.00374083 0.143016 0.0328701 1 0 0 0 0 0 0 0
144 1 0.1 5.34521 4.13017 0.268634 0.0134038 0.00605225 -0.00941874 0.0169585 0.120809 0.0445222 1 0 0 0 0 0 0 0
145 1 0.1 5.35847 4.33033 0.325569 -0.00537028 -0.00984546 -0.00275316 0.0397739 0.0164843 -0.109708 1 0 0 0 0 0 0 0
146 1 0.1 5.50726 4.4875 0.356593 0.00133466 0.00464363 -0.00173103 0.00760457 0.0111756 0.0282692 1 0 0 0 0 0 0 0
147 1 0.1 5.64836 4.63147 0.350199 0.00125752 0.00270216 0.000581563 0.00995375 -0.0262713 -0.0757717 1 0 0 0 0 0 0 0
148 1 0.1 5.79293 4.76709 0.36995 0.00647539 -0.00421946 0.000481131 -0.0230734 -0.0199604 0.0479047 1 0 0 0 0 0 0 0
149 1 0.1 5.93074 4.91096 0.356376 0.0011108 0.00132443 0.00264806 -0.0187925 0.0150029 -0.0590588 1 0 0 0 0 0 0 0
150 1 0.1 6.0766 0.938026 0.349858 0.0017987 -0.00362948 -0.000352828 -0.0100765 -0.00770956 0.022488 1 0 0 0 0 0 0 0
151 1 0.1 5.81086 1.59075 0.30217 0.0163299 0.00834534 0.000396592 0.0135397 -0.052243 -0.0377037 1 0 0 0 0 0 0 0
152 1 0.1 5.62096 1.64421 0.233846 0.00688756 -0.00246706 0.00750932 0.037346 0.195078 -0.214953 1 0 0 0 0 0 0 0
153 1 0.1 5.99527 2.05076 0.589929 0.019392 -0.00588352 -0.0200707 -0.0037333 0.329867 0.173664 1 0 0 0 0 0 0 0
154 1 0.1 5.6567 1.84307 0.399918 -0.00444374 0.0212508 0.00476525 -0.0710687 0.252253 -0.0514751 1 0 0 0 0 0 0 0
155 1 0.1 5.31517 1.82746 0.415767 0.00478992 0.00273451 0.0146995 -0.202563 -0.102698 0.112087 1 0 0 0 0 0 0 0
156 1 0.1 5.17187 2.13079 0.319903 -0.000441433 -0.00528762 -0.0133288 -0.116525 0.101926 0.126045 1 0 0 0 0 0 0 0
157 1 0.1 5.03382 2.20619 0.442839 0.00177823 -0.00825011 -0.00340742 -0.032335 0.0997214 0.0700646 1 0 0 0 0 0 0 0
158 1 0.1 4.88826 2.3458 0.436403 0.0188991 -0.0255442 -0.0112211 0.334474 0.457517 -0.0569534 1 0 0 0 0 0 0 0
159 1 0.1 4.95587 2.82101 0.40206 -0.0091451 -0.0612937 0.0104782 -0.425326 0.748015 0.239533 1 0 0 0 0 0 0 0
160 1 0.1 4.66619 2.63293 0.325079 0.0367062 0.00337269 -0.026373 0.16171 0.308902 -0.358922 1 0 0 0 0 0 0 0
161 1 0.1 4.52305 2.75981 0.386837 -0.00640053 0.0205935 -0.00672936 -0.155128 0.114397 0.307196 1 0 0 0 0 0 0 0
162 1 0.1 4.45774 3.01721 0.290187 -0.01264 0.0158165 0.0026609 -0.111495 -0.113507 -0.130349 1 0 0 0 0 0 0 0
163 1 0.1 4.58465 3.16984 0.29785 -0.00741732 0.0112071 0.00500542 0.0310196 -0.145957 0.200765 1 0 0 0 0 0 0 0
164 1 0.1 4.58343 3.35957 0.360048 -0.0234567 0.00461434 0.0634304 0.425864 -0.0768367 0.0545265 1 0 0 0 0 0 0 0
165 1 0.1 4.86192 3.60884 0.473778 -0.00979658 0.00790448 -0.00067142 0.0448641 -0.271062 -0.0119808 1 0 0 0 0 0 0 0
166 1 0.1 5.05653 3.58201 0.441497 -0.00584897 -0.031338 0.0406878 0.734696 -0.23616 -0.551843 1 0 0 0 0 0 0 0
167 1 0.1 5.04758 3.73688 0.315131 -0.0281351 -0.0405383 0.0137843 0.0916199 -0.230778 -0.349045 1 0 0 0 0 0 0 0
168 1 0.1 5.20507 4.05647 0.412898 -0.00493723 0.0177596 -0.0364854 -0.273845 0.00160724 0.10911 1 0 0 0 0 0 0 0
169 1 0.1 5.40104 4.02579 0.42913 -0.00874155 0.0105436 -0.00374738 -0.0984203 -0.268142 -0.207797 1 0 0 0 0 0 0 0
170 1 0.1 5.49001 4.20337 0.40606 0.00688654 -0.00010908 -0.00125023 -0.0371338 -0.0258803 0.273159 1 0 0 0 0 0 0 0
171 1 0.1 5.63624 4.33635 0.377047 -0.00166429 0.0052302 -0.0033937 0.0202642 -0.0211568 -0.0591715 1 0 0 0 0 0 0 0
172 1 0.1 5.8026 4.43129 0.319589 0.000656457 0.00245297 0.00285327 -0.0966695 -0.0647952 -0.0779411 1 0 0 0 0 0 0 0
173 1 0.1 5.87545 4.61778 0.266457 0.00552342 -0.00385691 -0.000886806 0.00827035 0.0365756 -0.0563323 1 0 0 0 0 0 0 0
174 1 0.1 6.14069 5.11919 0.356923 -0.000454256 -0.000345072 -0.00145697 0.0062903 0.0147025 -0.00774491 1 0 0 0 0 0 0 0
175 1 0.1 6.218 0.796812 0.350043 0.00276875 -0.00274789 0.000522283 0.000495488 0.00463172 -0.00705663 1 0 0 0 0 0 0 0
176 1 0.1 5.892 1.39485 0.341551 0.015781 -0.00477607 -0.0140837 -0.158264 0.0678205 -0.119127 1 0 0 0 0 0 0 0
177 1 0.1 5.82652 1.79001 0.309648 -0.00963526 0.0115436 -1.53411e-06 0.0755 -0.20803 -0.0251062 1 0 0 0 0 0 0 0
178 1 0.1 5.89573 2.16049 0.398023 0.00514338 -0.116469 -0.0287592 -0.265204 0.329788 -1.67962 1 0 0 0 0 0 0 0
179 1 0.1 5.72663 2.02968 0.40919 0.0180063 0.0137188 -0.0022477 0.0590227 -0.129563 -0.187591 1 0 0 0 0 0 0 0
180 1 0.1 5.47448 2.09226 0.453344 0.00823432 0.00305627 -0.00957779 -0.208201 0.0956008 -0.641062 1 0 0 0 0 0 0 0
181 1 0.1 5.36405 2.08719 0.288686 0.00624958 0.00534344 -0.00626054 -0.184198 -0.105529 0.051766 1 0 0 0 0 0 0 0
182 1 0.1 5.21404 2.42278 0.478034 -0.0364923 0.127624 0.0712886 -1.55998 0.221802 -1.65232 1 0 0 0 0 0 0 0
183 1 0.1 5.00296 2.48545 0.312405 0.0158992 0.010945 -0.0319773 -0.690344 0.235389 0.0788232 1 0 0 0 0 0 0 0
184 1 0.1 5.09588 2.62469 0.428625 0.0217983 -0.0258515 0.00885983 0.118671 0.186233 0.140605 1 0 0 0 0 0 0 0
185 1 0.1 4.99738 2.91425 0.575557 0.00796787 -0.0315107 -8.58752e-05 0.116637 0.353661 0.278526 1 0 0 0 0 0 0 0
186 1 0.1 4.80035 2.70867 0.4494 0.0264908 -0.112109 0.0312681 -0.898112 0.00513276 0.867536 1 0 0 0 0 0 0 0
187 1 0.1 4.50566 2.78539 0.189317 -0.000221372 0.00407936 -0.00989933 -0.123896 -0.0053756 0.0245047 1 0 0 0 0 0 0 0
188 1 0.1 4.76075 3.08494 0.332656 -0.0168225 0.0108509 0.0234918 0.0126343 -0.120152 -0.187235 1 0 0 0 0 0 0 0
189 1 0.1 5.078 3.26191 0.319231 0.0314053 0.0407833 0.00769911 0.809542 -0.91344 0.249855 1 0 0 0 0 0 0 0
190 1 0.1 5.00148 3.44574 0.306416 -0.0198738 0.0148018 0.00385925 -0.306489 -0.0139011 0.0529594 1 0 0 0 0 0 0 0
191 1 0.1 5.21959 3.606 0.328973 -0.0193665 -0.00141114 0.0163373 -0.571203 0.454714 0.916089 1 0 0 0 0 0 0 0
192 1 0.1 5.18552 3.88487 0.312699 -0.0221793 -0.00235784 0.00281647 -0.240037 -0.235032 -0.432699 1 0 0 0 0 0 0 0
193 1 0.1 5.48915 3.87892 0.280476 -0.027456 0.00649299 0.0211552 -0.289505 0.136552 -0.0671879 1 0 0 0 0 0 0 0
194 1 0.1 5.67256 3.88821 0.462954 0.0226695 0.0060128 0.00763869 -0.0788023 0.195636 0.0671528 1 0 0 0 0 0 0 0
195 1 0.1 5.7405 4.11428 0.458514 0.00100526 -0.00548165 0.0107253 0.172296 0.0146695 0.00312883 1 0 0 0 0 0 0 0
196 1 0.1 5.86073 4.24661 0.36921 -0.00525779 0.00229053 0.0121951 -0.0169775 0.116927 0.00297695 1 0 0 0 0 0 0 0
197 1 0.1 5.77336 3.98213 0.312509 -0.000468213 0.00065693 0.003921 -0.088224 0.0625802 0.0608531 1 0 0 0 0 0 0 0
198 1 0.1 6.01314 4.76173 0.251653 -0.00125882 0.00189349 -0.00291481 -0.164371 -0.153235 0.135168 1 0 0 0 0 0 0 0
199 1 0.1 6.28087 5.26161 0.34996 -0.000185974 -0.000274718 -0.000268732 0.011781 -0.00619847 -0.00165504 1 0 0 0 0 0 0 0
200 1 0.1 6.2293 1.06803 0.335206 -0.0325465 0.0432 -0.00317816 0.0613344 0.479366 -0.1888 1 0 0 0 0 0 0 0
201 1 0.1 6.03178 1.25305 0.330169 0.00796636 -0.0108008 -0.024615 0.0314828 0.105458 -0.0608341 1 0 0 0 0 0 0 0
202 1 0.1 5.98673 1.7717 0.427769 -0.0281724 -0.0287095 0.0183048 -0.239163 -0.00375479 -0.596928 1 0 0 0 0 0 0 0
203 1 0.1 5.95663 2.35622 0.399135 0.0182784 -0.0128668 -0.00233977 0.152214 -0.22333 -0.270209 1 0 0 0 0 0 0 0
204 1 0.1 5.92232 2.53164 0.306597 -0.09553 0.00527856 0.0343634 0.249557 0.206872 -0.228891 1 0 0 0 0 0 0 0
205 1 0.1 5.51935 2.23915 0.326027 0.0297356 0.00281874 -0.00349447 0.418982 -0.101681 0.0173561 1 0 0 0 0 0 0 0
206 1 0.1 5.32683 2.28257 0.304718 0.0330427 0.00568968 -0.00311314 0.217116 -0.0472719 0.127016 1 0 0 0 0 0 0 0
207 1 0.1 5.38639 2.45782 0.374626 0.0186209 0.0059202 -0.00530628 -0.244294 -0.00278839 0.00389633 1 0 0 0 0 0 0 0
208 1 0.1 5.24132 2.40748 0.139388 0.0164535 0.00346137 0.00839509 0.178027 0.108316 0.145565 1 0 0 0 0 0 0 0
209 1 0.1 5.41806 2.65644 0.31101 0.00982607 0.00316737 -0.0297449 0.339894 -0.0453405 -0.559631 1 0 0 0 0 0 0 0
210 1 0.1 5.58937 2.87367 0.464066 -0.00316776 0.0283754 -0.0425247 -0.890324 0.277459 0.562293 1 0 0 0 0 0 0 0
211 1 0.1 5.2285 2.73427 0.319332 0.00274058 0.025333 0.0182134 0.428298 0.00891196 0.328951 1 0 0 0 0 0 0 0
212 1 0.1 4.71721 2.85407 0.294397 -0.0174814 0.0189356 -0.0766789 -0.328018 -0.934978 0.214453 1 0 0 0 0 0 0 0
213 1 0.1 4.95669 3.05278 0.323231 -0.0227584 -0.01986 -0.00617477 -0.0154838 0.388402 -0.115193 1 0 0 0 0 0 0 0
214 1 0.1 5.19896 3.33475 0.15121 0.0600673 0.0416221 0.0191302 0.313084 -0.940781 -0.227072 1 0 0 0 0 0 0 0
215 1 0.1 5.37025 3.47665 0.309352 -0.0251882 -0.0137236 0.0305403 -0.520681 0.262856 -0.915335 1 0 0 0 0 0 0 0
216 1 0.1 5.56333 3.53706 0.304837 0.0248328 0.0169726 -0.00433876 0.0983368 -0.0539131 -0.356732 1 0 0 0 0 0 0 0
217 1 0.1 5.40376 3.68305 0.290878 0.0692502 -0.028596 -0.0170441 -0.160108 0.709347 -0.300874 1 0 0 0 0 0 0 0
218 1 0.1 5.83816 3.80188 0.36727 0.02054 0.00687166 0.00100847 0.0448256 0.177871 0.0839808 1 0 0 0 0 0 0 0
219 1 0.1 5.93125 3.59878 0.313292 0.0315643 -0.0207226 0.028896 0.155521 -0.340941 -0.34898 1 0 0 0 0 0 0 0
220 1 0.1 5.85661 3.45259 0.48067 0.0214942 0.00397863 -0.00596803 -0.0552242 -0.0579971 -0.0706084 1 0 0 0 0 0 0 0
221 1 0.1 5.97243 3.79165 0.5151 0.027226 0.00677766 -0.000893737 0.0589658 0.0615107 0.0938706 1 0 0 0 0 0 0 0
222 1 0.1 5.88282 3.45953 0.178185 0.0321549 0.0141972 -0.00736112 0.160109 -0.191986 -0.0197294 1 0 0 0 0 0 0 0
223 1 0.1 6.12717 4.92233 0.322724 0.000900912 4.2564e-05 8.42356e-05 0.0229843 0.0166952 0.0364283 1 0 0 0 0 0 0 0
224 1 0.1 6.30368 5.00404 0.368947 0.00122416 0.00133735 -0.00441479 -0.00369974 0.0137038 0.0338411 1 0 0 0 0 0 0 0
225 1 0.1 6.21685 1.31216 0.377243 -0.0179408 0.0589733 -0.00867031 0.470366 -0.117048 0.941105 1 0 0 0 0 0 0 0
226 1 0.1 5.92818 2.11568 0.137462 -0.000201029 0.00636138 -0.000322517 -0.00157526 -0.0834747 0.250696 1 0 0 0 0 0 0 0
227 1 0.1 6.03888 1.52907 0.32325 -0.0217906 0.0383079 -0.00661331 -0.15651 -0.449291 0.731041 1 0 0 0 0 0 0 0
228 1 0.1 5.93935 2.63813 0.137481 -0.0573025 -0.0530743 0.000509293 0.300063 0.00624237 -0.584665 1 0 0 0 0 0 0 0
229 1 0.1 5.47627 2.96773 0.140825 -0.10928 -0.0219596 0.0130408 -0.0368501 -0.0202547 -0.493677 1 0 0 0 0 0 0 0
230 1 0.1 5.87158 3.23215 0.263045 0.0385517 -0.00173639 -0.00765734 -0.0337532 -0.0157557 0.0265714 1 0 0 0 0 0 0 0
231 1 0.1 5.74953 2.40712 0.326535 0.0222529 0.0186553 0.0120364 0.246551 -0.174007 0.0015396 1 0 0 0 0 0 0 0
232 1 0.1 5.56332 2.46505 0.282775 0.0199012 0.00457057 -0.00390207 -0.137103 -0.0231539 0.1726 1 0 0 0 0 0 0 0
233 1 0.1 5.83342 2.71702 0.287568 -0.0191911 -0.00604022 0.00629703 -0.175581 -0.138906 -0.37816 1 0 0 0 0 0 0 0
234 1 0.1 5.61189 2.70371 0.300983 0.0126163 -0.0190634 -0.00465114 -0.0262995 -0.129202 0.326138 1 0 0 0 0 0 0 0
235 1 0.1 5.71313 2.87614 0.301467 -0.0257527 3.06096e-05 0.000544838 -0.102252 -0.308552 0.0487552 1 0 0 0 0 0 0 0
236 1 0.1 5.55106 3.05154 0.571916 0.0145209 -0.0222115 -0.00101104 -0.0330844 -0.121405 -0.211465 1 0 0 0 0 0 0 0
237 1 0.1 5.29564 2.89452 0.416409 -0.0217371 0.00722224 0.071391 0.109408 -0.132232 0.206852 1 0 0 0 0 0 0 0
238 1 0.1 5.23921 3.07394 0.330322 -0.0202704 -0.00903995 0.0404536 -0.425359 -0.00623785 0.0979428 1 0 0 0 0 0 0 0
239 1 0.1 5.40993 3.05737 0.431204 0.00518291 -0.00174283 0.00263576 0.538499 0.436466 0.0960708 1 0 0 0 0 0 0 0
240 1 0.1 5.57602 3.01879 0.327963 -0.01644 0.0190215 -0.0425759 0.141896 -0.0821795 -0.24112 1 0 0 0 0 0 0 0
241 1 0.1 5.54969 3.24994 0.584074 0.0285825 -0.0212631 -0.00171908 0.0731094 0.056662 0.257539 1 0 0 0 0 0 0 0
242 1 0.1 5.55611 3.20748 0.389992 0.0273354 0.00902012 -0.00256274 0.258257 -0.012026 -0.255224 1 0 0 0 0 0 0 0
243 1 0.1 5.58162 3.39956 0.44797 0.0140609 0.00914097 -0.00978193 0.0203733 0.118544 -0.0108924 1 0 0 0 0 0 0 0
244 1 0.1 5.73525 3.63688 0.322636 0.0342948 -0.00210288 0.00457593 0.0404779 0.0555989 0.15253 1 0 0 0 0 0 0 0
245 1 0.1 5.68481 3.16335 0.244105 0.0334969 0.00720655 0.00421171 0.175123 -0.310185 -0.164379 1 0 0 0 0 0 0 0
246 1 0.1 5.73899 3.43738 0.319678 0.0283682 8.02416e-05 -0.0103124 0.102125 0.223394 -0.206378 1 0 0 0 0 0 0 0
247 1 0.1 6.03989 4.35162 0.461214 0.0135853 0.00421291 -0.00538294 0.066541 -0.00450875 0.0683887 1 0 0 0 0 0 0 0
248 1 0.1 6.09466 4.53764 0.413115 0.00229695 0.00559083 0.000197496 -0.0150229 -0.00441216 0.0572174 1 0 0 0 0 0 0 0
249 1 0.1 6.16104 4.7371 0.395469 0.00721599 0.00210162 -0.00224597 0.00298229 -0.0038727 0.0216207 1 0 0 0 0 0 0 0
250 1 0.1 6.01104 1.01086 0.525276 0.0147575 -0.00761074 -0.0143892 0.262796 0.106557 0.0379611 1 0 0 0 0 0 0 0
251 1 0.1 5.85697 1.1621 0.550046 0.00741307 -0.0108064 0.000243457 -0.0464788 -0.0399548 -0.147488 1 0 0 0 0 0 0 0
252 1 0.1 5.71787 1.30476 0.534225 0.00954596 -0.00947563 -0.0122519 -0.203909 0.0114968 -0.165976 1 0 0 0 0 0 0 0
253 1 0.1 5.4791 1.54473 0.550073 -0.00594201 0.00408178 -0.00424331 0.115648 0.178451 0.0157969 1 0 0 0 0 0 0 0
254 1 0.1 5.33878 1.68705 0.556085 -0.00114621 0.00819863 0.021921 0.149393 -0.16979 0.0702253 1 0 0 0 0 0 0 0
255 1 0.1 5.1576 1.85687 0.549997 0.000745947 -0.000928228 0.00338472 0.123327 0.174619 0.0346525 1 0 0 0 0 0 0 0
256 1 0.1 5.0234 2.00053 0.515955 0.00145225 -0.00173529 0.0110569 -0.0381387 -0.19543 -0.00281974 1 0 0 0 0 0 0 0
257 1 0.1 4.88101 2.13602 0.551074 0.00397552 0.00360195 0.00604976 0.149576 0.103041 0.019173 1 0 0 0 0 0 0 0
258 1 0.1 4.73972 2.27674 0.550861 -0.0033461 0.00435695 -0.0103599 -0.132357 -0.158997 -0.145616 1 0 0 0 0 0 0 0
259 1 0.1 4.80351 2.67572 0.631942 0.046327 -0.0592249 0.0177548 0.304314 0.174446 0.0556814 1 0 0 0 0 0 0 0
260 1 0.1 4.6167 2.58578 0.50667 -0.000101744 0.0126597 -0.0340575 -0.0169471 -0.362617 -0.776987 1 0 0 0 0 0 0 0
261 1 0.1 4.36279 2.83302 0.487603 0.00377355 -0.0025704 0.00772065 0.13198 0.0740328 0.210459 1 0 0 0 0 0 0 0
262 1 0.1 4.18825 2.90071 0.555517 -0.00074017 -0.00245881 -0.00218436 -0.282598 -0.0673764 -0.0203463 1 0 0 0 0 0 0 0
263 1 0.1 4.19109 3.11438 0.568602 -0.0035726 -0.0223917 0.00705112 -0.0156319 -0.449283 -0.174726 1 0 0 0 0 0 0 0
264 1 0.1 4.30157 3.27866 0.540242 -0.01468 -0.0166835 0.00922412 0.000299108 -0.11551 -0.21238 1 0 0 0 0 0 0 0
265 1 0.1 4.53036 3.50874 0.600609 0.0525449 0.0140705 0.0878038 -0.600548 0.185649 0.300931 1 0 0 0 0 0 0 0
266 1 0.1 4.66243 3.63901 0.526321 0.00136571 0.0035438 -0.00460026 -0.0962234 0.11474 0.119557 1 0 0 0 0 0 0 0
267 1 0.1 4.79964 3.78218 0.550497 -0.00782962 -0.00382775 -0.0104462 0.16042 0.0119075 -0.0893246 1 0 0 0 0 0 0 0
268 1 0.1 4.94935 3.93166 0.537582 -0.0140259 -0.00848213 0.00401746 0.259553 0.0865922 0.119647 1 0 0 0 0 0 0 0
269 1 0.1 5.09035 4.07059 0.574945 0.00566335 0.0150441 -0.0275123 0.300209 -0.00773785 0.270806 1 0 0 0 0 0 0 0
270 1 0.1 5.22784 4.21011 0.542067 0.00835269 0.0109319 -0.00184504 0.201213 -0.0714801 0.0491994 1 0 0 0 0 0 0 0
271 1 0.1 5.36913 4.35075 0.545105 0.00601046 0.00778855 0.00866004 -0.0378446 0.0959375 -0.0485115 1 0 0 0 0 0 0 0
272 1 0.1 5.51004 4.49139 0.557862 0.00398128 0.00540028 0.00123833 0.0123062 -0.0160383 0.0448556 1 0 0 0 0 0 0 0
273 1 0.1 5.65035 4.63358 0.551717 0.00449321 0.00422177 0.00321443 -0.0032094 -0.0407365 0.0229321 1 0 0 0 0 0 0 0
274 1 0.1 5.84968 4.82747 0.551861 0.00179205 0.00147553 0.00075803 0.0244661 -0.0377066 0.0231597 1 0 0 0 0 0 0 0
275 1 0.1 6.15047 0.868565 0.537154 0.0184652 -0.00437312 -0.0217534 -0.204752 -0.0617061 0.0194906 1 0 0 0 0 0 0 0
276 1 0.1 5.90113 1.37054 0.577409 0.00151443 0.00599236 -0.000588172 0.212302 -0.130563 0.341516 1 0 0 0 0 0 0 0
277 1 0.1 5.76202 1.48458 0.462402 0.0125637 -0.00902539 -0.0143736 0.160104 -0.0798933 0.157489 1 0 0 0 0 0 0 0
278 1 0.1 5.62158 1.63899 0.433754 -0.0152973 0.00932648 0.0112285 -0.0317845 -0.0840171 0.081095 1 0 0 0 0 0 0 0
279 1 0.1 5.54485 1.75504 0.57704 -0.0101299 0.0133703 0.019148 -0.0437089 0.304063 -0.0692354 1 0 0 0 0 0 0 0
280 1 0.1 5.33759 1.91597 0.612565 -0.000786278 0.0181837 -0.00404516 -0.0715789 -0.0571689 0.163861 1 0 0 0 0 0 0 0
281 1 0.1 5.24829 2.01065 0.460188 -0.0142213 -0.00274791 -0.00670588 -0.122149 0.00867961 0.00890921 1 0 0 0 0 0 0 0
282 1 0.1 5.15825 2.05731 0.651641 -0.00242873 0.0227041 0.00727218 -0.235468 0.178318 0.0858401 1 0 0 0 0 0 0 0
283 1 0.1 4.9774 2.30053 0.609449 0.0110643 0.00667644 -0.00317418 -0.154583 0.0633114 -0.0111736 1 0 0 0 0 0 0 0
284 1 0.1 4.98542 2.71644 0.567232 0.0340765 -0.0300334 0.0213225 -0.330756 -0.119911 -0.0243451 1 0 0 0 0 0 0 0
285 1 0.1 4.43206 2.58871 0.75259 0.0179769 -0.0292738 -0.0203088 -0.192174 -0.314018 -0.709457 1 0 0 0 0 0 0 0
286 1 0.1 4.54146 2.70364 0.636913 0.0252666 -0.0240506 0.00944202 0.754937 0.328359 0.412677 1 0 0 0 0 0 0 0
287 1 0.1 4.53736 2.99401 0.683915 -0.0246571 -0.00464717 -0.0192136 -0.448917 0.346374 0.545499 1 0 0 0 0 0 0 0
288 1 0.1 4.3777 3.03973 0.56638 -0.0343393 -0.0320317 0.0162483 0.478925 -0.201735 0.37741 1 0 0 0 0 0 0 0
289 1 0.1 4.67256 3.38988 0.536066 0.0416342 0.0107828 0.0589909 -0.348802 0.721055 0.133847 1 0 0 0 0 0 0 0
290 1 0.1 4.78545 3.44768 0.384304 -0.00668147 -0.00140617 0.014033 0.0071359 -0.141194 0.0449944 1 0 0 0 0 0 0 0
291 1 0.1 4.98725 3.52211 0.619209 -0.073848 -0.0328551 0.0284237 -0.320548 0.0348162 -0.694033 1 0 0 0 0 0 0 0
292 1 0.1 5.13745 3.66217 0.604881 0.0176969 -0.0278316 0.0234007 -0.483821 0.611364 0.70503 1 0 0 0 0 0 0 0
293 1 0.1 5.10737 3.82048 0.486527 -0.0307548 -0.043303 0.0150642 -0.335588 -0.167241 -0.432097 1 0 0 0 0 0 0 0
294 1 0.1 5.26367 3.97961 0.587327 -0.0402606 -0.0605185 -0.0746326 1.13627 -0.192324 -0.518363 1 0 0 0 0 0 0 0
295 1 0.1 5.41432 4.15237 0.583642 0.00516306 -0.00121052 -0.00118075 -0.00233516 -0.0197124 -0.173937 1 0 0 0 0 0 0 0
296 1 0.1 5.55682 4.29265 0.582068 0.00529976 -0.00142754 -0.000742195 0.0358284 0.0071545 -0.0512707 1 0 0 0 0 0 0 0
297 1 0.1 5.70131 4.43812 0.536484 0.00307341 0.00530123 -0.00303059 0.0715158 0.042206 -0.0502543 1 0 0 0 0 0 0 0
298 1 0.1 5.81571 4.57937 0.453317 0.00533726 0.00485417 0.000942016 0.0626413 0.0422669 -0.0367056 1 0 0 0 0 0 0 0
299 1 0.1 6.13243 5.10142 0.584089 0.00219938 0.000639073 -0.000371687 0.00076723 -0.0125916 0.00400856 1 0 0 0 0 0 0 0
300 1 0.1 6.28922 0.72541 0.549985 0.0113353 -0.00696025 -0.000307489 -0.0157032 -0.0173722 -0.103327 1 0 0 0 0 0 0 0
301 1 0.1 6.04814 1.2417 0.536491 0.0131687 0.0151725 0.010951 -0.0705086 -0.147193 -0.252208 1 0 0 0 0 0 0 0
302 1 0.1 5.9423 1.58643 0.488483 -0.0475688 -0.029421 0.00265565 0.18137 0.612994 0.63059 1 0 0 0 0 0 0 0
303 1 0.1 5.83881 1.71768 0.597609 -0.0326164 -0.0310292 0.0214414 -0.353462 -0.0439886 -0.399063 1 0 0 0 0 0 0 0
304 1 0.1 5.7084 1.86862 0.590761 0.00330011 0.000652118 0.00439512 0.238674 -0.096801 -0.0766831 1 0 0 0 0 0 0 0
305 1 0.1 5.61495 2.04453 0.584018 -0.00626423 -0.00717311 0.000498694 -0.140602 -0.0926739 0.168817 1 0 0 0 0 0 0 0
306 1 0.1 5.35856 2.28708 0.502131 -0.100845 0.0480618 0.0234773 0.975401 1.11577 0.454344 1 0 0 0 0 0 0 0
307 1 0.1 5.19724 2.33153 0.654811 -0.0900462 0.151582 0.0797066 1.39792 -0.186078 0.42248 1 0 0 0 0 0 0 0
308 1 0.1 5.21006 2.51914 0.303501 0.0160426 -0.010782 -0.0076448 -0.06348 0.0603533 0.0476418 1 0 0 0 0 0 0 0
309 1 0.1 4.87575 2.51202 0.545009 0.0688968 -0.0467246 0.0248185 0.0894896 0.528754 0.105494 1 0 0 0 0 0 0 0
310 1 0.1 5.17987 2.69919 0.594043 0.0367197 -0.00625557 -0.00892983 -0.228934 0.00366099 0.500936 1 0 0 0 0 0 0 0
311 1 0.1 4.67367 2.8331 0.562226 -0.0198921 0.0075831 -0.0159861 0.36426 -0.0131552 -0.0765754 1 0 0 0 0 0 0 0
312 1 0.1 4.59055 2.94425 0.418306 0.029959 0.0131418 -0.0434315 0.511623 1.44669 -0.41539 1 0 0 0 0 0 0 0
313 1 0.1 4.76127 3.22586 0.473911 0.0202846 0.00887698 0.0273464 -0.122306 0.807795 0.157402 1 0 0 0 0 0 0 0
314 1 0.1 4.95595 3.19669 0.460091 0.0174793 -0.00950303 -0.0233131 -0.155633 -0.301003 -0.351554 1 0 0 0 0 0 0 0
315 1 0.1 5.06445 3.32286 0.567279 0.0291699 -0.0470504 0.00437092 0.436747 -0.0691417 -0.0473699 1 0 0 0 0 0 0 0
316 1 0.1 5.21386 3.38711 0.39414 -0.00696898 0.0241593 0.120199 0.171951 0.665528 0.36963 1 0 0 0 0 0 0 0
317 1 0.1 5.30613 3.55716 0.597597 0.04456 0.0155183 -0.00646907 -0.108428 -0.0221006 -0.587888 1 0 0 0 0 0 0 0
318 1 0.1 5.36986 3.81982 0.429639 0.024426 -0.0895411 0.0241261 0.445078 -0.0819668 1.47865 1 0 0 0 0 0 0 0
319 1 0.1 5.45749 3.91252 0.583611 -0.0245194 -0.00313672 -0.00458129 0.0889442 0.21318 -0.245804 1 0 0 0 0 0 0 0
320 1 0.1 5.59152 4.06065 0.579974 -0.00385615 -0.0205164 0.00197643 0.121538 -0.0785659 -0.0382001 1 0 0 0 0 0 0 0
321 1 0.1 5.86486 4.10621 0.614323 0.0196938 0.00254912 -0.0014005 -0.138043 0.206799 0.177408 1 0 0 0 0 0 0 0
322 1 0.1 5.84124 4.29763 0.561688 -0.00180841 -0.00300959 -0.0141353 -0.0300857 0.0784447 -0.047381 1 0 0 0 0 0 0 0
323 1 0.1 5.96908 4.70724 0.442383 0.00796808 0.000705452 0.000671994 -0.00909459 0.0307756 -0.00756876 1 0 0 0 0 0 0 0
324 1 0.1 6.2677 5.24458 0.549974 0.00116107 0.0013311 0.000175147 -0.00428633 0.00111753 0.0103738 1 0 0 0 0 0 0 0
325 1 0.1 6.31873 0.957333 0.475687 -0.00183825 0.0198353 -0.0434762 0.139991 0.285038 0.289613 1 0 0 0 0 0 0 0
326 1 0.1 6.18931 1.10059 0.527885 0.00631595 0.00822609 0.0111098 0.307778 -0.0975038 0.141791 1 0 0 0 0 0 0 0
327 1 0.1 5.87395 1.92426 0.493634 0.00259676 -0.00532332 -0.000825614 -0.0812447 0.168456 -0.0689571 1 0 0 0 0 0 0 0
328 1 0.1 5.95388 2.2497 0.583134 -0.015511 0.0295947 0.00608111 -0.0843804 -0.00749113 0.633738 1 0 0 0 0 0 0 0
329 1 0.1 5.80684 2.11479 0.571226 0.0172689 -0.00633616 0.00570284 -0.00346258 -0.058405 -0.169858 1 0 0 0 0 0 0 0
330 1 0.1 5.51905 2.23323 0.608493 -0.105992 -0.04647 -6.44967e-05 -0.265124 -0.586371 -1.05373 1 0 0 0 0 0 0 0
331 1 0.1 5.71239 2.28046 0.511505 -0.0190012 -0.0275471 0.0102715 -0.281632 0.635901 0.323315 1 0 0 0 0 0 0 0
332 1 0.1 5.86303 2.42646 0.561235 -0.01355 0.0247028 -0.0376367 -0.129015 -0.538204 -0.578564 1 0 0 0 0 0 0 0
333 1 0.1 5.76568 2.58332 0.419546 -0.102411 0.0357398 0.00829112 -0.202425 -0.533436 -0.18675 1 0 0 0 0 0 0 0
334 1 0.1 5.52001 2.6158 0.581945 -0.043488 -0.0436508 0.0123959 -0.639837 -0.877745 -0.595387 1 0 0 0 0 0 0 0
335 1 0.1 5.29839 2.61034 0.464107 0.02879 0.010687 -0.0153721 -0.0763631 0.383488 0.109064 1 0 0 0 0 0 0 0
336 1 0.1 5.42692 2.76035 0.481493 0.0302563 -0.00206585 -0.0253145 0.859241 0.712003 -0.0311623 1 0 0 0 0 0 0 0
337 1 0.1 4.80928 2.978 0.583596 0.00845016 -0.0326408 0.0680268 0.81082 0.0504942 -0.308056 1 0 0 0 0 0 0 0
338 1 0.1 5.10499 2.95036 0.405664 -0.0315522 -0.0272005 0.00165065 0.312268 -0.691827 0.193037 1 0 0 0 0 0 0 0
339 1 0.1 5.20304 3.2059 0.475905 -0.00314493 -0.00943884 0.0451035 0.752066 0.1928 -0.591037 1 0 0 0 0 0 0 0
340 1 0.1 5.38492 3.29625 0.443424 -0.00106588 -0.0252969 0.0170337 0.483094 0.204847 -0.740271 1 0 0 0 0 0 0 0
341 1 0.1 5.45097 3.42142 0.602252 0.00470256 -0.0311608 0.00279538 -0.117458 0.0707322 0.00184023 1 0 0 0 0 0 0 0
342 1 0.1 5.45073 3.57231 0.46393 0.0324358 0.000477655 -0.00441288 0.0780121 0.106588 0.395184 1 0 0 0 0 0 0 0
343 1 0.1 5.5514 3.73754 0.413578 0.0550217 -0.0150192 -0.003989 -0.42782 -1.00583 0.0842149 1 0 0 0 0 0 0 0
344 1 0.1 5.67971 3.73663 0.593064 0.0349326 0.00399644 0.00345454 0.126443 0.00181918 -0.0617571 1 0 0 0 0 0 0 0
345 1 0.1 5.81256 3.37609 0.762917 0.00442339 0.00483995 -0.00196566 0.0477858 -0.0564458 -0.0436199 1 0 0 0 0 0 0 0
346 1 0.1 5.8288 3.91192 0.584943 0.0260144 0.00119841 0.00260428 0.105426 -0.140989 -0.106096 1 0 0 0 0 0 0 0
347 1 0.1 6.01715 3.9775 0.598199 0.024937 0.00710289 0.00415243 -0.118317 0.116914 0.164277 1 0 0 0 0 0 0 0
348 1 0.1 5.99236 4.96664 0.538257 0.00136556 0.00164238 0.00184299 -0.0244128 0.0187641 -0.0157278 1 0 0 0 0 0 0 0
349 1 0.1 6.19213 4.91946 0.511743 0.00456785 0.00132733 -0.00102138 -0.0223976 0.0194568 0.0121863 1 0 0 0 0 0 0 0
350 1 0.1 6.36039 1.18462 0.587849 0.00845075 0.00752853 0.00562782 -0.27687 0.211749 -0.154697 1 0 0 0 0 0 0 0
351 1 0.1 6.22625 1.33239 0.575978 -0.0041528 -0.00452748 -0.00288888 -0.108879 0.0536093 0.308388 1 0 0 0 0 0 0 0
352 1 0.1 6.07703 1.46527 0.57259 0.00227601 0.00233513 -0.0288499 -0.606193 0.24066 -0.411449 1 0 0 0 0 0 0 0
353 1 0.1 5.94966 1.96072 0.762539 0.0225947 0.0322473 0.000329127 -0.109304 0.0213552 0.22024 1 0 0 0 0 0 0 0
354 1 0.1 5.88551 2.85871 0.137514 -0.0100807 0.0218534 0.00314504 0.0612613 0.0187991 0.196109 1 0 0 0 0 0 0 0
355 1 0.1 5.79709 3.03813 0.13719 0.0138518 0.000460935 -0.00195768 0.0620412 0.220422 -0.201238 1 0 0 0 0 0 0 0
356 1 0.1 5.78973 2.65636 0.722422 -0.164363 0.0747202 0.0746191 0.480822 0.799336 -0.720688 1 0 0 0 0 0 0 0
357 1 0.1 5.83714 2.81433 0.462078 -0.0252527 -0.0389207 0.0234511 0.509311 -0.726002 -1.04418 1 0 0 0 0 0 0 0
358 1 0.1 5.28302 2.68197 0.76308 0.0236695 0.0178728 0.000315085 0.188355 -0.236147 -0.0359275 1 0 0 0 0 0 0 0
359 1 0.1 5.69377 2.71103 0.555686 -0.0898729 0.0459447 0.0185765 -0.901652 -0.00652008 1.87413 1 0 0 0 0 0 0 0
360 1 0.1 5.76964 2.96429 0.575604 0.0889635 0.0083463 0.0264151 -0.206083 0.176008 -0.885535 1 0 0 0 0 0 0 0
361 1 0.1 5.61509 2.87102 0.660791 0.0278814 0.0424734 -0.0477204 1.18209 -0.556496 -0.0636073 1 0 0 0 0 0 0 0
362 1 0.1 5.42293 2.90584 0.617653 0.0075501 -0.0178976 -0.00792526 -0.637794 -0.609285 0.315651 1 0 0 0 0 0 0 0
363 1 0.1 5.19563 2.93756 0.586489 0.00349548 0.00905927 0.0117778 0.254231 -0.424425 0.169058 1 0 0 0 0 0 0 0
364 1 0.1 5.51415 3.00965 0.763029 0.00379755 -0.0073599 0.000307913 -0.0485305 -0.0384248 -0.0585965 1 0 0 0 0 0 0 0
365 1 0.1 5.3603 3.16461 0.591872 0.00914421 -0.0276631 0.0187239 -0.445051 0.0512493 0.590371 1 0 0 0 0 0 0 0
366 1 0.1 5.7309 3.15974 0.586813 0.105054 0.0110288 0.00137411 -0.140268 0.272735 0.748762 1 0 0 0 0 0 0 0
367 1 0.1 5.63424 3.23252 0.763086 0.0187193 -0.00863086 0.00128192 -0.0818286 -0.18102 0.0358759 1 0 0 0 0 0 0 0
368 1 0.1 5.6123 3.54762 0.57861 0.0325459 0.00025826 -0.00544172 0.0800736 -0.120026 -0.281715 1 0 0 0 0 0 0 0
369 1 0.1 5.83211 3.65038 0.496859 0.0337693 0.00416159 0.00220169 -0.0352696 -0.0425471 -0.00428146 1 0 0 0 0 0 0 0
370 1 0.1 5.71691 3.35886 0.588672 0.016728 0.00303496 -0.013055 -0.00716363 -0.0914355 0.135986 1 0 0 0 0 0 0 0
371 1 0.1 5.7465 3.26246 0.416059 0.0334297 -0.00204799 -0.0115855 -0.0838007 0.0440413 0.114085 1 0 0 0 0 0 0 0
372 1 0.1 5.92516 4.04185 0.427869 0.0071652 0.00697551 -0.0100744 -0.164045 0.0157311 -0.166169 1 0 0 0 0 0 0 0
373 1 0.1 6.01237 4.50075 0.591172 0.0041582 0.00217401 0.000670348 -0.0119716 -0.000281114 0.0356857 1 0 0 0 0 0 0 0
374 1 0.1 6.09785 4.68137 0.592952 0.0079302 0.000958479 0.000702617 0.0198089 -0.0335505 0.0320636 1 0 0 0 0 0 0 0
375 1 0.1 6.12568 0.897666 0.750801 0.000117944 -0.000162734 0.00150586 0.00920796 -0.00738042 0.000394024 1 0 0 0 0 0 0 0
376 1 0.1 5.84878 1.17768 0.762776 -0.00145342 0.0024301 -0.000187912 0.0542211 0.0274968 -0.00397385 1 0 0 0 0 0 0 0
377 1 0.1 5.70486 1.31773 0.750848 -0.0358935 -0.0378003 -0.0203575 -0.0416999 0.223727 -0.0824498 1 0 0 0 0 0 0 0
378 1 0.1 5.56344 1.45917 0.749881 -0.030573 0.0416635 0.00180835 -0.200642 -0.16502 0.0951485 1 0 0 0 0 0 0 0
379 1 0.1 5.46031 1.62994 0.763142 0.0188521 0.0783147 -0.00359274 1.09736 -0.919119 -0.157833 1 0 0 0 0 0 0 0
380 1 0.1 5.28973 1.73024 0.756312 -0.0150453 0.0259197 -0.00270439 0.423248 0.459541 0.335834 1 0 0 0 0 0 0 0
381 1 0.1 5.13552 1.89157 0.761271 -0.00991641 0.00949651 -0.00468912 0.0106341 0.0608289 0.132675 1 0 0 0 0 0 0 0
382 1 0.1 4.99411 2.03293 0.762566 -0.00941333 0.0106356 -0.00159422 -0.0498478 -0.00956415 0.159604 1 0 0 0 0 0 0 0
383 1 0.1 4.8434 2.18059 0.74953 -0.253884 0.223482 0.0779038 -0.00885668 -0.664801 1.89625 1 0 0 0 0 0 0 0
384 1 0.1 4.70995 2.34413 0.750704 -1.13344 -0.0851351 0.0874968 -0.128793 1.12765 2.74609 1 0 0 0 0 0 0 0
385 1 0.1 4.37606 2.6426 0.544373 0.00328151 -0.00422507 0.0182011 -0.27797 -0.356935 -0.182685 1 0 0 0 0 0 0 0
386 1 0.1 4.18721 2.89806 0.754858 0.000955883 -0.0223698 -0.00173754 0.982617 0.230233 -0.438443 1 0 0 0 0 0 0 0
387 1 0.1 4.1893 3.1001 0.763196 -0.00984298 -0.0394855 0.0041392 0.00775168 -0.422045 -0.526616 1 0 0 0 0 0 0 0
388 1 0.1 4.29304 3.2705 0.748714 -0.0312416 -0.0225138 0.0393758 -0.135076 -0.413215 -0.338434 1 0 0 0 0 0 0 0
389 1 0.1 4.54527 3.40041 0.762065 -0.114611 -0.25362 -0.0301148 3.65012 -3.91962 1.70324 1 0 0 0 0 0 0 0
390 1 0.1 4.63104 3.57615 0.762786 -0.137134 -0.163018 0.199299 -1.7273 1.13439 -0.711565 1 0 0 0 0 0 0 0
391 1 0.1 4.75136 3.73019 0.756791 -0.0374084 -0.0836175 0.0172586 -0.194189 0.0638428 0.0353628 1 0 0 0 0 0 0 0
392 1 0.1 4.89685 3.85254 0.709877 -0.00601586 -0.0633313 -0.0112581 -0.171262 -0.0663554 -0.136447 1 0 0 0 0 0 0 0
393 1 0.1 5.03243 3.98916 0.756166 0.000267964 -0.0427467 -0.0105065 0.0732261 -0.053518 0.187852 1 0 0 0 0 0 0 0
394 1 0.1 5.15884 4.14133 0.759277 -0.00912661 -0.00936397 0.00216561 0.0333854 -0.0230283 0.113086 1 0 0 0 0 0 0 0
395 1 0.1 5.29836 4.28379 0.750476 -0.0038467 -0.00640574 0.00016158 -0.0402887 0.0272863 -0.126569 1 0 0 0 0 0 0 0
396 1 0.1 5.4402 4.42426 0.750183 0.0022 -0.00760984 -0.000934151 -0.00414984 -0.0366014 0.0907357 1 0 0 0 0 0 0 0
397 1 0.1 5.58092 4.56591 0.749892 -0.00105471 -0.0016343 0.000485781 -0.00879249 0.00294121 -0.0220323 1 0 0 0 0 0 0 0
398 1 0.1 5.7229 4.70651 0.753145 -0.00352581 0.00312612 0.000631422 -0.0095117 -0.00400109 0.0228365 1 0 0 0 0 0 0 0
399 1 0.1 5.86375 4.84836 0.750791 0.000598018 -8.70597e-05 -0.000307142 0.00619216 0.00403209 0.00105625 1 0 0 0 0 0 0 0
400 1 0.1 6.26803 0.75737 0.756569 0.000142678 -5.5606e-05 0.000604968 0.00726656 -0.000745506 -0.000590852 1 0 0 0 0 0 0 0
401 1 0.1 5.98856 1.04189 0.720925 -0.00383975 0.00670957 -0.0189149 -0.11562 -0.00946024 -0.0311116 1 0 0 0 0 0 0 0
402 1 0.1 5.80456 1.49503 0.762639 0.000218816 -0.037003 0.00165179 -0.358874 0.00603804 0.0156816 1 0 0 0 0 0 0 0
403 1 0.1 5.69432 1.58144 0.620337 -0.0107053 -0.0572983 0.00206412 0.266068 0.0224222 0.208692 1 0 0 0 0 0 0 0
404 1 0.1 5.64127 1.70992 0.760331 0.0382053 0.0193511 -0.0497605 -1.46712 0.980257 0.150676 1 0 0 0 0 0 0 0
405 1 0.1 5.4616 1.8294 0.742412 -0.0136335 0.0378227 0.0154514 -0.184438 -0.119275 -0.188281 1 0 0 0 0 0 0 0
406 1 0.1 5.41865 2.02356 0.762537 -0.0288467 0.0513255 -0.00319454 -0.0320929 -0.195692 0.150566 1 0 0 0 0 0 0 0
407 1 0.1 5.34272 2.11521 0.601955 -0.00792622 0.0158478 -0.0314155 -0.233241 0.0940901 -0.0641592 1 0 0 0 0 0 0 0
408 1 0.1 5.07649 2.21481 0.762709 -0.0415964 0.0248124 -0.000695301 0.242545 0.422999 0.19383 1 0 0 0 0 0 0 0
409 1 0.1 4.82225 2.5185 0.761695 -0.269407 -0.350788 -0.0136916 0.108085 0.334594 -2.50673 1 0 0 0 0 0 0 0
410 1 0.1 4.29709 2.73467 0.75524 0.039564 -0.00485862 -0.0608756 0.257293 -0.501226 0.256369 1 0 0 0 0 0 0 0
411 1 0.1 4.47027 2.82902 0.763739 0.0357527 -0.00910364 -0.000579077 -0.84111 -0.374954 -0.551526 1 0 0 0 0 0 0 0
412 1 0.1 4.37482 3.0621 0.764863 -0.0483757 -0.0858923 0.0149041 -0.176309 0.577691 0.684243 1 0 0 0 0 0 0 0
413 1 0.1 4.49397 3.21536 0.764837 -0.00915607 -0.21927 -0.0471291 -1.28182 0.00732932 -1.53535 1 0 0 0 0 0 0 0
414 1 0.1 4.86477 3.35904 0.581387 0.0441469 -0.000741881 0.028637 0.0953643 -0.308557 -0.270484 1 0 0 0 0 0 0 0
415 1 0.1 4.78994 3.53982 0.645862 -0.0774713 0.094882 0.0122022 -0.423822 -0.262712 -0.226221 1 0 0 0 0 0 0 0
416 1 0.1 5.12334 3.54256 0.764361 -0.0356491 -0.0265262 0.0071315 0.12683 0.362209 0.153691 1 0 0 0 0 0 0 0
417 1 0.1 5.0541 3.74792 0.763711 0.00538193 -0.010763 0.0036495 0.0369733 -0.192373 -0.0454235 1 0 0 0 0 0 0 0
418 1 0.1 5.20148 3.88284 0.762505 0.0151339 -0.0219374 9.89507e-05 -0.0390005 -0.0342483 0.0701839 1 0 0 0 0 0 0 0
419 1 0.1 5.35134 4.09003 0.762628 -0.00327399 0.00358292 -0.000437378 0.0280417 0.0286022 -0.0957071 1 0 0 0 0 0 0 0
420 1 0.1 5.49212 4.23165 0.761196 0.00656345 -0.00483105 -0.00136763 0.00976333 0.0271646 -0.0195808 1 0 0 0 0 0 0 0
421 1 0.1 5.6332 4.3733 0.762131 0.00344892 -0.000720949 0.00160662 0.0318798 -0.0197098 0.0509114 1 0 0 0 0 0 0 0
422 1 0.1 5.7693 4.51402 0.708591 -0.000682093 -0.00341239 -0.00312191 -0.0163611 0.0439359 0.0127069 1 0 0 0 0 0 0 0
423 1 0.1 5.89439 4.6542 0.640326 -0.000690908 -0.000976978 -0.00140888 0.0281519 -0.0663912 0.00605659 1 0 0 0 0 0 0 0
424 1 0.1 6.19437 5.16679 0.762533 0.000407199 0.000250293 5.47383e-05 0.00337371 -0.00353955 0.00155269 1 0 0 0 0 0 0 0
425 1 0.1 6.40826 0.614997 0.750005 0.000153683 -0.000249035 0.000314202 -0.00438587 0.00130024 0.000137837 1 0 0 0 0 0 0 0
426 1 0.1 6.12541 1.18142 0.762493 -0.00358611 0.000304365 2.5462e-05 -0.0386746 -0.426585 -0.108637 1 0 0 0 0 0 0 0
427 1 0.1 5.9704 1.34203 0.762607 -0.000453245 0.00140004 -9.80197e-05 -0.00020116 0.0369947 0.0107672 1 0 0 0 0 0 0 0
428 1 0.1 5.96434 1.71497 0.762554 0.0113631 0.00432575 0.000118524 0.0702921 -0.00850402 -0.0615846 1 0 0 0 0 0 0 0
429 1 0.1 5.80005 1.82819 0.763312 0.026235 0.0275 -0.00117749 0.638332 -1.0964 -0.33785 1 0 0 0 0 0 0 0
430 1 0.1 5.63087 1.9326 0.762783 0.00454231 -0.00259121 0.00512244 -0.1089 0.0712824 -0.170834 1 0 0 0 0 0 0 0
431 1 0.1 5.59005 2.12801 0.762994 0.0019956 -0.000696335 -0.00346819 -0.0564773 0.0606471 0.025112 1 0 0 0 0 0 0 0
432 1 0.1 5.39207 2.22342 0.762578 -0.116276 0.0166398 0.00348859 0.160352 0.203561 0.0857902 1 0 0 0 0 0 0 0
433 1 0.1 5.38342 2.47005 0.577927 -0.108527 0.0155828 0.0875019 -0.405339 -2.00067 -0.749795 1 0 0 0 0 0 0 0
434 1 0.1 5.00693 2.42386 0.762962 0.0132919 0.0109082 -0.000686639 0.117355 -0.134725 -0.116558 1 0 0 0 0 0 0 0
435 1 0.1 4.99889 2.70339 0.763786 0.0107997 -0.000225443 0.00808654 -0.0174906 -0.0677573 -0.0118303 1 0 0 0 0 0 0 0
436 1 0.1 4.67769 2.65638 0.769632 0.0306215 -0.0370412 0.00124049 -0.365753 -0.452668 -0.248465 1 0 0 0 0 0 0 0
437 1 0.1 4.6452 3.08358 0.545479 0.0276281 -0.027584 -0.00492131 0.00295815 -1.50386 0.420176 1 0 0 0 0 0 0 0
438 1 0.1 4.69295 3.20204 0.756227 -0.00392194 0.0077593 -0.0386566 0.101985 -0.038458 0.738835 1 0 0 0 0 0 0 0
439 1 0.1 4.7832 3.37936 0.762945 -0.0688497 0.0628578 -0.00111102 0.639636 0.633413 0.0639698 1 0 0 0 0 0 0 0
440 1 0.1 5.06725 3.35237 0.763081 0.0107464 -0.0366576 0.00069105 -0.449235 -0.138628 0.502905 1 0 0 0 0 0 0 0
441 1 0.1 5.27663 3.66453 0.761654 -0.0568489 -0.0280791 -0.00402285 0.368594 -0.448874 0.417633 1 0 0 0 0 0 0 0
442 1 0.1 5.29288 3.78721 0.6089 0.008719 -0.0203052 0.0289231 -1.31532 -0.782651 0.256855 1 0 0 0 0 0 0 0
443 1 0.1 5.39896 3.84712 0.762814 0.0359592 -0.0424426 0.000959723 0.203115 0.255064 0.635123 1 0 0 0 0 0 0 0
444 1 0.1 5.52948 3.99708 0.76273 0.01259 -0.0185088 -0.00590237 -0.0138608 -0.151011 0.191723 1 0 0 0 0 0 0 0
445 1 0.1 5.66846 4.1389 0.746962 0.00346296 -0.0095667 -0.00235237 -0.034727 -0.00109776 -0.037681 1 0 0 0 0 0 0 0
446 1 0.1 5.81023 4.27822 0.758687 0.00367399 -0.00868042 -0.00928656 -0.0538111 0.012207 0.0371183 1 0 0 0 0 0 0 0
447 1 0.1 5.9414 4.42806 0.762778 -0.000307676 -0.00480348 -0.0024861 0.0907071 -0.0898327 0.0281767 1 0 0 0 0 0 0 0
448 1 0.1 6.04931 4.77513 0.762605 0.00272055 0.000234235 -0.000306985 0.00456941 -0.00491289 0.0038013 1 0 0 0 0 0 0 0
449 1 0.1 6.33351 5.30983 0.749997 0.000184192 0.000289812 0.000157613 -0.00273683 0.0007269 0.00157251 1 0 0 0 0 0 0 0
450 1 0.1 6.41308 0.845602 0.650962 0.00639978 -0.00574296 0.00418879 0.0412594 -0.0276262 0.121595 1 0 0 0 0 0 0 0
451 1 0.1 6.28078 0.994295 0.669981 0.00357476 -0.00786544 0.00130047 -0.0368867 4.6225e-08 -0.0750988 1 0 0 0 0 0 0 0
452 1 0.1 6.16733 1.37684 0.761793 0.00163663 -0.00110893 -0.00134959 -0.0477832 0.0946901 0.0531584 1 0 0 0 0 0 0 0
453 1 0.1 6.03889 1.52979 0.760373 0.00147335 -0.000299034 -0.00255084 -0.0354119 -0.0107686 -0.0499729 1 0 0 0 0 0 0 0
454 1 0.1 5.7793 2.0655 0.762946 0.0012603 -0.00261467 0.000626139 0.00563326 -0.0464483 -0.0493118 1 0 0 0 0 0 0 0
455 1 0.1 5.70742 2.28092 0.711239 0.0297284 -0.0196653 0.00990143 0.154439 -0.160949 -0.377486 1 0 0 0 0 0 0 0
456 1 0.1 5.51847 2.37752 0.747116 -0.0880673 0.000297603 -0.0140653 -0.444885 0.388205 -0.0587511 1 0 0 0 0 0 0 0
457 1 0.1 5.54348 2.37758 0.467913 -0.0190904 -0.0232202 0.0270005 0.227162 -0.416955 -0.388876 1 0 0 0 0 0 0 0
458 1 0.1 5.18956 2.50517 0.762477 0.0116139 0.020828 -0.000243239 -0.140551 0.100121 0.158794 1 0 0 0 0 0 0 0
459 1 0.1 5.45097 2.56506 0.762565 -0.128058 -0.000232996 -0.00628732 0.073404 0.822655 0.489994 1 0 0 0 0 0 0 0
460 1 0.1 5.06345 2.53734 0.608768 0.0740519 -0.0266795 -0.00459405 -0.628884 -0.550548 -0.308707 1 0 0 0 0 0 0 0
461 1 0.1 4.81361 2.82073 0.764357 0.0452622 -0.0662371 0.00701732 -0.940284 -0.486219 0.306798 1 0 0 0 0 0 0 0
462 1 0.1 4.71806 3.00488 0.763492 -0.0340836 -0.00268721 -0.00128855 -0.17841 -0.313463 -1.13068 1 0 0 0 0 0 0 0
463 1 0.1 5.07481 3.09685 0.582178 -0.0266856 -0.0171785 0.00503886 0.0250782 -0.165925 0.0886541 1 0 0 0 0 0 0 0
464 1 0.1 4.89088 3.21346 0.730721 -0.0210773 0.0267001 -0.124166 0.248519 0.927008 -0.43211 1 0 0 0 0 0 0 0
465 1 0.1 5.25975 3.3567 0.593636 0.0210983 -0.0029091 0.0165161 -0.432508 0.0655616 0.368601 1 0 0 0 0 0 0 0
466 1 0.1 5.46259 3.59127 0.762272 -0.0657781 -0.0547506 -0.00675649 0.0982823 -0.160449 -0.336006 1 0 0 0 0 0 0 0
467 1 0.1 5.47888 3.71463 0.601225 0.0191746 -0.00261303 0.0143275 0.266502 0.642267 0.531171 1 0 0 0 0 0 0 0
468 1 0.1 5.58129 3.77056 0.763497 0.0387905 0.00554638 0.00494887 0.226731 -0.0867237 -0.584626 1 0 0 0 0 0 0 0
469 1 0.1 5.71305 3.91946 0.747601 0.0266869 0.00926262 0.00173011 -0.230677 0.161348 0.140929 1 0 0 0 0 0 0 0
470 1 0.1 5.90331 3.97789 0.762618 0.0220501 0.00792695 0.00133865 0.0748731 -0.209871 -0.136764 1 0 0 0 0 0 0 0
471 1 0.1 5.98019 4.17299 0.762729 0.0162442 0.0141717 -0.00106552 0.152603 -0.168103 0.0437445 1 0 0 0 0 0 0 0
472 1 0.1 6.07313 4.32177 0.656463 0.00489915 0.000412174 -0.00473377 0.0459301 -0.0127721 -0.0283718 1 0 0 0 0 0 0 0
473 1 0.1 6.04939 5.02176 0.762395 0.000862252 0.000972274 1.00433e-05 0.000396945 -0.00646973 0.00598475 1 0 0 0 0 0 0 0
474 1 0.1 6.19775 4.89833 0.71042 0.00166664 0.00206195 -0.000102426 0.0109028 -0.00709322 -0.00337282 1 0 0 0 0 0 0 0
475 1 0.1 6.42598 1.0956 0.762577 0.00134521 -0.00259279 -0.000271451 -0.0253466 -0.0152006 0.108535 1 0 0 0 0 0 0 0
476 1 0.1 6.34217 1.27999 0.762581 0.0133125 0.0177435 0.000122405 0.172134 -0.138556 0.179996 1 0 0 0 0 0 0 0
477 1 0.1 6.01 1.84074 0.613989 0.00722848 0.00631036 0.000871584 -0.142226 -0.0816767 0.0481461 1 0 0 0 0 0 0 0
478 1 0.1 5.95475 2.16136 0.762519 -0.0108718 0.0163045 -0.000150045 0.137886 -0.00979101 0.189146 1 0 0 0 0 0 0 0
479 1 0.1 5.88386 2.35965 0.762538 0.0364275 -0.0309571 2.54731e-05 -0.298053 0.233477 0.237775 1 0 0 0 0 0 0 0
480 1 0.1 5.85747 3.18214 0.744198 -0.0153126 0.00448265 -0.0429565 0.180631 0.535882 0.241544 1 0 0 0 0 0 0 0
481 1 0.1 5.78473 2.85913 0.763216 -0.00901688 -0.0127047 0.00141 -0.201355 0.0132806 0.128667 1 0 0 0 0 0 0 0
482 1 0.1 5.7195 2.47353 0.762879 0.0440735 -0.018303 0.00178972 -0.175655 -0.430018 0.0678815 1 0 0 0 0 0 0 0
483 1 0.1 5.67361 2.48938 0.569731 -0.0230702 -0.0169206 0.019216 0.414394 1.04077 0.989129 1 0 0 0 0 0 0 0
484 1 0.1 5.5987 2.69968 0.762472 -0.18347 0.0889018 0.00570035 -0.589722 -1.50487 0.585043 1 0 0 0 0 0 0 0
485 1 0.1 5.31038 2.99074 0.763069 -0.00600116 -0.0134317 0.000194848 -0.158221 0.0848794 0.125536 1 0 0 0 0 0 0 0
486 1 0.1 5.15043 2.83332 0.753587 0.0102961 -0.00250274 -0.0273059 0.181162 0.213019 0.0194333 1 0 0 0 0 0 0 0
487 1 0.1 4.91739 2.99148 0.756252 -0.034151 -0.0162519 -0.0182 0.251247 -0.0623751 0.652726 1 0 0 0 0 0 0 0
488 1 0.1 5.11548 3.02992 0.763172 -0.00324469 -0.00643169 0.00130965 -0.123426 0.366091 -0.0206938 1 0 0 0 0 0 0 0
489 1 0.1 5.1901 3.20589 0.704888 0.0290741 -0.0206775 -0.00130375 0.53094 0.109086 -0.388313 1 0 0 0 0 0 0 0
490 1 0.1 5.41585 3.25048 0.762863 -0.00643039 0.0145645 0.000486793 0.134965 0.0762857 0.0112836 1 0 0 0 0 0 0 0
491 1 0.1 5.31784 3.44533 0.762738 0.00666825 0.022596 0.00151854 0.2066 -0.0521315 -0.0501096 1 0 0 0 0 0 0 0
492 1 0.1 5.57005 3.42263 0.76261 0.00565516 -0.0106598 0.00029196 -0.111041 -0.0466219 0.0291332 1 0 0 0 0 0 0 0
493 1 0.1 5.71028 3.04761 0.758439 0.00479778 -0.0138846 -0.0082173 0.033039 0.131694 -0.0134533 1 0 0 0 0 0 0 0
494 1 0.1 5.67461 3.59375 0.762625 0.0134832 -0.00797651 0.000831536 -0.0839766 -0.139861 0.0193385 1 0 0 0 0 0 0 0
495 1 0.1 5.80698 3.74358 0.762512 0.00638037 -0.0018408 0.000111902 -0.0467382 0.00636923 0.0850859 1 0 0 0 0 0 0 0
496 1 0.1 5.84583 3.54793 0.667382 0.0191784 0.00636705 0.00485665 0.00847964 -0.102181 -0.0304846 1 0 0 0 0 0 0 0
497 1 0.1 6.03846 4.16625 0.535738 0.0110548 0.00419376 -0.0110352 -0.0091585 -0.192003 -0.0508478 1 0 0 0 0 0 0 0
498 1 0.1 6.08066 4.57697 0.762639 0.00147275 0.001765 0.000370001 0.0220763 -0.0151139 -0.0035031 1 0 0 0 0 0 0 0
499 1 0.1 6.2349 4.70297 0.744848 0.00258153 -0.00123304 -0.00129997 -0.0283995 0.0259645 -0.0195102 1 0 0 0 0 0 0 0
