500
0 1 0.1 5.93315 1.08297 0.1498 -0.000816706 0.000885771 8.91201e-05 -0.000934227 -0.00293181 0.00152173 1 0 0 0 0 0 0 0
1 1 0.1 5.79368 1.22578 0.161249 -0.000692956 0.00139855 0.000570079 0.00201105 0.00213783 0.0157354 1 0 0 0 0 0 0 0
2 1 0.1 5.65042 1.36558 0.148645 -0.00425933 0.00968037 -0.00399693 -0.0531045 0.016794 0.0957571 1 0 0 0 0 0 0 0
3 1 0.1 5.29323 1.72489 0.149967 0.00297012 -0.00400697 0.000222378 -0.00236322 -0.00374801 -0.0204863 1 0 0 0 0 0 0 0
4 1 0.1 5.47703 1.77963 0.394723 -0.00624273 0.015236 0.0034008 0.0721849 0.0303443 -0.133015 1 0 0 0 0 0 0 0
5 1 0.1 5.18025 1.88914 0.13526 0.0129668 0.00364991 -0.00383548 -0.157206 0.122146 0.218492 1 0 0 0 0 0 0 0
6 1 0.1 4.94532 2.07451 0.137167 0.0017399 -0.00512716 -0.000914996 0.0666598 0.0111516 -0.00809094 1 0 0 0 0 0 0 0
7 1 0.1 4.7963 2.22274 0.14991 -0.00157423 0.00279267 -0.00100552 -0.0133444 2.4714e-07 0.0478904 1 0 0 0 0 0 0 0
8 1 0.1 4.65868 2.69621 0.137115 0.00369707 -0.00382297 -0.00232143 0.0872537 0.0653675 -0.00121036 1 0 0 0 0 0 0 0
9 1 0.1 4.66896 2.54787 0.269832 0.0070859 -0.00142626 -0.00458124 -0.218497 -0.282404 0.148499 1 0 0 0 0 0 0 0
10 1 0.1 4.19852 2.85046 0.136418 0.0291978 0.00328805 0.0147273 0.0430988 0.288368 0.0563203 1 0 0 0 0 0 0 0
11 1 0.1 4.19527 2.82726 0.332849 -0.0165724 0.00652152 0.0387664 -0.0120305 -0.838848 0.612184 1 0 0 0 0 0 0 0
12 1 0.1 4.19247 3.09063 0.135715 0.0056149 0.045766 0.0174675 -0.303274 0.0880263 0.0167231 1 0 0 0 0 0 0 0
13 1 0.1 4.21865 3.18821 0.30435 0.0463716 0.035143 0.0633014 0.572045 0.133904 0.18637 1 0 0 0 0 0 0 0
14 1 0.1 4.35713 3.32924 0.182534 -0.0361736 -0.0407515 0.0369009 -0.296851 -0.0583832 -0.340548 1 0 0 0 0 0 0 0
15 1 0.1 4.53054 3.51289 0.150769 0.00603401 0.00461174 -0.000763897 -0.00553903 -0.012412 0.0650247 1 0 0 0 0 0 0 0
16 1 0.1 4.55653 3.31667 0.137298 0.00362498 0.0074244 -0.000825736 -0.0185095 -0.04338 -0.133342 1 0 0 0 0 0 0 0
17 1 0.1 4.71356 3.57899 0.250877 0.0228938 -0.216548 0.0306997 -0.718361 -2.59198 0.818374 1 0 0 0 0 0 0 0
18 1 0.1 4.78699 3.75523 0.189916 -0.196186 -0.22994 0.0590187 -0.490325 -0.357261 -3.01948 1 0 0 0 0 0 0 0
19 1 0.1 4.99814 3.97262 0.131297 0.0277139 0.0582533 0.000808987 -0.772934 0.10895 -0.0151012 1 0 0 0 0 0 0 0
20 1 0.1 5.13663 4.10972 0.161102 0.0499674 0.0600235 -0.0424168 -0.320668 -0.403976 -0.374645 1 0 0 0 0 0 0 0
21 1 0.1 5.30402 4.21123 0.137167 0.0937964 0.0155816 0.000311597 -0.488838 -0.590136 -0.0932036 1 0 0 0 0 0 0 0
22 1 0.1 5.51446 4.49882 0.150933 0.00354363 0.0014995 0.00309769 -0.043612 0.00318957 0.049666 1 0 0 0 0 0 0 0
23 1 0.1 5.65535 4.63977 0.150002 0.000987998 0.0011778 -0.00141928 -0.00217043 0.026359 -0.00520919 1 0 0 0 0 0 0 0
24 1 0.1 5.93769 4.92226 0.150153 0.000809529 0.000587852 0.000174669 0.0026082 -0.0111871 0.00707714 1 0 0 0 0 0 0 0
25 1 0.1 6.07454 0.941562 0.150063 -0.000572507 0.00109221 0.000437867 0.00887094 0.00639853 0.00350622 1 0 0 0 0 0 0 0
26 1 0.1 5.84576 1.41828 0.137466 0.00101288 0.00243626 -0.000601183 -0.0195199 0.0110571 -0.0100371 1 0 0 0 0 0 0 0
27 1 0.1 5.70265 1.55771 0.137966 0.00575167 0.0076887 -0.00349304 -0.0290512 0.00107184 -0.0209389 1 0 0 0 0 0 0 0
28 1 0.1 5.49775 1.52619 0.143058 0.000607842 -0.00101519 0.00116509 0.0169305 -0.00166997 -0.0132573 1 0 0 0 0 0 0 0
29 1 0.1 5.60908 1.87015 0.136974 0.00792718 0.00286501 -0.00126075 -0.0892964 -0.100843 0.0703359 1 0 0 0 0 0 0 0
30 1 0.1 5.41119 1.88988 0.141582 0.010316 0.00101165 0.00740124 -0.127326 0.0630118 -0.0906646 1 0 0 0 0 0 0 0
31 1 0.1 5.14439 2.08504 0.13735 0.000476231 0.000311555 0.00127108 0.0187286 0.0115594 0.0149159 1 0 0 0 0 0 0 0
32 1 0.1 4.98201 2.29568 0.137489 0.00153845 -0.00377688 -0.000636919 0.0774756 0.0226018 -0.105722 1 0 0 0 0 0 0 0
33 1 0.1 4.46934 2.55411 0.133989 -0.00259964 -0.00456923 -0.00196069 0.104858 -0.0902641 -0.0221733 1 0 0 0 0 0 0 0
34 1 0.1 4.896 2.68032 0.135723 0.0157865 -0.00772889 -0.00622386 0.220452 -0.0671843 -0.125548 1 0 0 0 0 0 0 0
35 1 0.1 4.32785 2.69731 0.137489 -0.118915 0.00208109 0.00371836 -0.0151064 -0.637659 0.0256369 1 0 0 0 0 0 0 0
36 1 0.1 5.1637 2.83724 0.314082 0.0276706 0.0234875 -0.0251091 -0.276375 0.16587 -0.127917 1 0 0 0 0 0 0 0
37 1 0.1 4.40409 2.90615 0.137291 -0.00159637 0.00588615 0.0138282 0.0445559 0.0310192 -0.00731889 1 0 0 0 0 0 0 0
38 1 0.1 4.40315 3.14563 0.135373 0.0687935 -0.0201463 0.073517 0.3945 0.391311 1.02335 1 0 0 0 0 0 0 0
39 1 0.1 4.454 3.20044 0.319329 -0.131352 -0.00864875 0.312271 0.958508 -1.13361 1.59654 1 0 0 0 0 0 0 0
40 1 0.1 5.02904 3.31385 0.135475 0.0197028 -0.0126596 -0.00389122 0.334597 -0.373542 0.0391978 1 0 0 0 0 0 0 0
41 1 0.1 4.85472 3.57511 0.130532 -0.0232869 -0.189708 -0.00994324 2.52321 0.731216 1.25465 1 0 0 0 0 0 0 0
42 1 0.1 5.16285 3.68022 0.1374 -0.0346244 0.0318162 -0.00761812 0.0664504 -0.252211 -0.450266 1 0 0 0 0 0 0 0
43 1 0.1 4.95073 3.90045 0.295195 -0.0189116 0.16206 0.0227859 0.0646425 0.0971689 -1.22854 1 0 0 0 0 0 0 0
44 1 0.1 5.39866 3.93589 0.150325 0.0658806 0.00307064 0.00560669 0.200039 -0.242976 -0.496969 1 0 0 0 0 0 0 0
45 1 0.1 5.47814 4.11655 0.135685 0.0754976 -0.0074263 -0.00582004 0.179742 0.00171066 0.220089 1 0 0 0 0 0 0 0
46 1 0.1 5.54542 4.30319 0.137315 0.0298159 0.00755567 -0.00114236 -0.01591 0.512181 0.254171 1 0 0 0 0 0 0 0
47 1 0.1 5.76723 4.47449 0.136892 -0.000978495 -0.0065488 0.00154901 0.0425795 -0.0199803 0.0245182 1 0 0 0 0 0 0 0
48 1 0.1 5.79688 4.78061 0.149954 0.00166743 0.000234272 -0.00209301 0.0111857 -0.00402932 0.00230274 1 0 0 0 0 0 0 0
49 1 0.1 6.11598 5.08961 0.142112 -0.00148162 -0.00152561 -0.00179387 0.0192173 0.0100682 -0.0263094 1 0 0 0 0 0 0 0
50 1 0.1 6.21595 0.800168 0.149984 -0.000579398 0.00104306 -1.84019e-05 -0.00258349 -0.00183267 0.00857231 1 0 0 0 0 0 0 0
51 1 0.1 5.98568 1.27556 0.137433 -0.000555776 0.00142954 0.000486544 -0.0117413 -0.00345542 -0.0172196 1 0 0 0 0 0 0 0
52 1 0.1 5.94908 1.82444 0.150854 0.0109385 0.00207854 0.00135596 0.00263623 -0.0345172 -0.0413685 1 0 0 0 0 0 0 0
53 1 0.1 5.76549 1.74697 0.137467 0.00919381 0.00758514 0.000518181 0.101739 0.0702917 -0.0152162 1 0 0 0 0 0 0 0
54 1 0.1 5.75935 1.99485 0.179396 0.00561374 0.00531405 0.00495941 0.104339 0.013852 -0.105522 1 0 0 0 0 0 0 0
55 1 0.1 5.37924 2.08673 0.137419 0.00841541 -0.000482539 -0.000818618 0.0163599 0.0719733 0.119824 1 0 0 0 0 0 0 0
56 1 0.1 5.2607 2.247 0.138543 0.00602955 -0.00368868 -0.0118597 -0.191472 -0.0111002 -0.0801881 1 0 0 0 0 0 0 0
57 1 0.1 5.37578 2.30967 0.383747 0.00892639 0.00109135 0.0193164 -0.0820258 0.0202534 -0.063292 1 0 0 0 0 0 0 0
58 1 0.1 4.85591 2.36628 0.275697 0.00990986 -0.00162124 0.00173409 0.0337764 -0.0736595 -0.214014 1 0 0 0 0 0 0 0
59 1 0.1 4.63954 2.38781 0.136647 0.0137941 -0.0163257 -0.00243979 0.169384 0.143379 -0.15698 1 0 0 0 0 0 0 0
60 1 0.1 5.36726 2.72765 0.269718 0.00610862 0.00971486 -0.00364652 -0.135777 -0.019046 0.0759892 1 0 0 0 0 0 0 0
61 1 0.1 4.66426 2.94007 0.134928 0.0701116 0.0271149 0.00286275 -0.216483 0.646212 -0.545508 1 0 0 0 0 0 0 0
62 1 0.1 4.85295 2.87521 0.138424 0.0566042 0.00942693 -0.0209101 -0.000462804 -0.300661 0.181476 1 0 0 0 0 0 0 0
63 1 0.1 4.59765 3.12292 0.136724 0.0557804 0.0146865 -0.00271191 0.208942 -0.596469 0.577445 1 0 0 0 0 0 0 0
64 1 0.1 4.77207 3.22015 0.13714 0.0843747 -0.0995929 -0.0124282 0.753058 0.73753 -0.720932 1 0 0 0 0 0 0 0
65 1 0.1 4.76109 3.47297 0.408123 0.145059 -0.169849 -0.0145316 1.52381 1.86138 2.36417 1 0 0 0 0 0 0 0
66 1 0.1 5.3277 3.56705 0.139762 -0.0273689 0.046587 -0.002063 -0.426161 -0.195703 -1.03409 1 0 0 0 0 0 0 0
67 1 0.1 5.42291 3.74005 0.135958 0.0252445 0.00405965 -0.00839313 -0.0262438 -0.176767 0.0681017 1 0 0 0 0 0 0 0
68 1 0.1 5.17448 3.87951 0.13734 0.0216132 0.0265832 -0.000303165 -0.0524962 -0.0197576 -0.116976 1 0 0 0 0 0 0 0
69 1 0.1 5.50854 4.00227 0.423926 -0.0145373 0.0623346 -0.0953142 -0.176241 -0.30934 1.18493 1 0 0 0 0 0 0 0
70 1 0.1 5.59026 4.16733 0.290969 -0.00500131 -0.00744215 0.0426219 -0.369583 0.060906 -0.191049 1 0 0 0 0 0 0 0
71 1 0.1 5.72196 4.21057 0.13791 0.025359 0.000139601 -0.00163764 0.207308 -0.467991 -0.412392 1 0 0 0 0 0 0 0
72 1 0.1 5.90059 4.32548 0.13745 -0.00103132 -0.00513741 -0.000868477 0.0152043 0.00398666 0.0148324 1 0 0 0 0 0 0 0
73 1 0.1 6.09582 4.8007 0.137422 -0.000393905 -0.000611444 -4.06588e-05 0.0214536 -0.00501803 -0.0249026 1 0 0 0 0 0 0 0
74 1 0.1 6.32518 5.30147 0.150031 -0.00083597 -0.000841074 0.000396402 -0.00316627 -0.00149822 -0.0122793 1 0 0 0 0 0 0 0
75 1 0.1 6.23306 1.02086 0.26505 -0.000450018 0.00269277 0.00252463 -0.0118981 -0.0006092 0.0132571 1 0 0 0 0 0 0 0
76 1 0.1 6.13021 1.13527 0.137429 0.000114335 0.000477623 7.78625e-05 -0.00962388 -0.00958262 0.025207 1 0 0 0 0 0 0 0
77 1 0.1 6.06793 1.66452 0.137408 0.00576205 -0.00161824 6.47949e-06 0.0156147 0.0404545 -0.0166371 1 0 0 0 0 0 0 0
78 1 0.1 5.95266 2.02362 0.137421 0.00549162 0.00291973 0.000152889 -0.0139086 0.0641021 0.0891103 1 0 0 0 0 0 0 0
79 1 0.1 5.86046 2.29605 0.316527 0.00559851 0.000633884 0.000716984 0.0160638 0.0972379 0.0241797 1 0 0 0 0 0 0 0
80 1 0.1 5.57809 2.0679 0.137477 0.0105383 0.0150523 0.000628959 -0.033773 -0.0933877 0.0306453 1 0 0 0 0 0 0 0
81 1 0.1 5.67081 2.3216 0.137464 -0.0094539 -0.0153918 -6.35796e-06 -0.27872 0.133402 0.0576573 1 0 0 0 0 0 0 0
82 1 0.1 5.78661 2.78782 0.137936 -0.0225091 -0.00538644 0.00957945 0.0331211 0.0469297 -0.0407419 1 0 0 0 0 0 0 0
83 1 0.1 5.38513 2.39196 0.200579 0.0134406 -0.0108897 -0.00233873 -0.0471802 -0.274147 -0.0266552 1 0 0 0 0 0 0 0
84 1 0.1 4.80969 2.50151 0.136807 0.010199 0.00612233 0.00165101 0.00549394 0.204313 0.0819045 1 0 0 0 0 0 0 0
85 1 0.1 5.06835 2.58396 0.136281 0.0143414 -0.00476146 -0.00573624 -0.250563 -0.251317 0.0351274 1 0 0 0 0 0 0 0
86 1 0.1 5.60393 2.90349 0.336164 -0.0168963 0.0185203 0.000205307 -0.173051 0.224178 -0.923802 1 0 0 0 0 0 0 0
87 1 0.1 5.05196 2.92154 0.136022 0.0502675 0.0563404 -0.00853775 -0.574719 0.483232 -0.157568 1 0 0 0 0 0 0 0
88 1 0.1 5.21957 3.27734 0.179113 0.0203859 0.0198236 0.00491687 0.128379 0.221558 0.429892 1 0 0 0 0 0 0 0
89 1 0.1 4.73019 3.41552 0.137444 0.113577 -0.144151 0.00204355 0.749086 0.521447 -0.982329 1 0 0 0 0 0 0 0
90 1 0.1 5.13494 3.48246 0.137105 -0.0290163 0.0269242 -0.0057175 -0.427818 -0.155145 0.506864 1 0 0 0 0 0 0 0
91 1 0.1 5.52343 3.52617 0.137388 -0.0168261 0.0659215 -0.00349779 -0.366797 0.0828041 0.213255 1 0 0 0 0 0 0 0
92 1 0.1 5.65831 3.67617 0.136659 0.0194428 0.00107874 1.48194e-05 -0.0093016 0.138251 -0.0783875 1 0 0 0 0 0 0 0
93 1 0.1 5.77302 3.87704 0.280407 0.0202815 0.00402933 0.0112773 -0.0188229 -0.102717 0.16505 1 0 0 0 0 0 0 0
94 1 0.1 5.5913 3.97889 0.225653 0.0239082 -0.00884856 0.0478975 0.336529 -0.597789 0.275208 1 0 0 0 0 0 0 0
95 1 0.1 5.77013 4.01669 0.13745 0.000349601 -0.00722117 0.000837995 -0.146926 0.0867778 0.157369 1 0 0 0 0 0 0 0
96 1 0.1 5.93933 4.1254 0.137433 0.0044341 -0.00308097 0.00105719 0.0367592 0.0497643 -0.0573959 1 0 0 0 0 0 0 0
97 1 0.1 6.00842 4.44013 0.260778 0.000749825 -0.00354872 -0.00211482 0.0390434 0.11553 0.073761 1 0 0 0 0 0 0 0
98 1 0.1 6.22745 4.93561 0.204004 -0.00244587 -6.53122e-05 0.00270421 -0.056535 -0.0265962 0.0180868 1 0 0 0 0 0 0 0
99 1 0.1 6.31553 5.10221 0.13746 -0.00196636 -0.000891189 9.47713e-05 0.00687679 -0.0207991 -0.00135409 1 0 0 0 0 0 0 0
100 1 0.1 6.34893 0.671442 0.349976 -0.000311729 0.000422844 -5.57337e-05 -0.00266772 -0.00177156 0.00620833 1 0 0 0 0 0 0 0
101 1 0.1 6.177 1.33352 0.137495 0.00124946 -0.00515251 3.85146e-05 -0.00864919 0.00841865 -0.0168537 1 0 0 0 0 0 0 0
102 1 0.1 6.0393 1.47173 0.181249 0.00273877 -0.00210618 -0.000489899 -0.00160401 0.00762104 -0.0294291 1 0 0 0 0 0 0 0
103 1 0.1 5.98897 2.44912 0.310658 -0.0087139 0.011983 -0.0130385 0.0570171 0.203782 0.137461 1 0 0 0 0 0 0 0
104 1 0.1 5.88342 2.84336 0.549125 -0.0139332 0.0115634 0.00270469 -0.235996 -0.102761 -0.270864 1 0 0 0 0 0 0 0
105 1 0.1 5.85084 2.40883 0.137492 -0.00671849 0.000450181 0.00071271 0.0364394 0.0233256 0.0515829 1 0 0 0 0 0 0 0
106 1 0.1 5.76552 2.5894 0.138425 -0.0182176 -0.00529 0.00752991 -0.0045932 0.0539733 0.0835216 1 0 0 0 0 0 0 0
107 1 0.1 5.77682 3.09199 0.484231 -0.00954075 0.0329873 -0.0368407 -0.184917 -0.0374211 -0.440685 1 0 0 0 0 0 0 0
108 1 0.1 5.51641 2.7187 0.13734 0.00752561 0.003886 -0.00173575 -0.0316106 0.000676828 -0.00456279 1 0 0 0 0 0 0 0
109 1 0.1 5.58599 2.50251 0.136408 -0.0114376 -0.0139812 -0.00114591 0.119551 -0.0881149 0.0111677 1 0 0 0 0 0 0 0
110 1 0.1 5.33912 2.58099 0.13738 0.0157658 0.00222805 0.000621086 0.0722387 0.0144503 0.0440383 1 0 0 0 0 0 0 0
111 1 0.1 5.2251 2.77176 0.136763 0.00467164 -0.00404985 -0.00828011 0.0226947 0.017631 -0.00048153 1 0 0 0 0 0 0 0
112 1 0.1 5.49662 3.05145 0.177556 -0.00427769 0.00286801 0.019735 0.154024 0.2835 -0.180893 1 0 0 0 0 0 0 0
113 1 0.1 4.91015 3.06661 0.137446 -0.000552765 0.0416593 0.00172662 0.117838 0.047676 0.290732 1 0 0 0 0 0 0 0
114 1 0.1 5.534 3.25607 0.23057 0.0070787 0.0278001 -0.00133126 0.0453012 0.320866 0.370011 1 0 0 0 0 0 0 0
115 1 0.1 5.66006 3.38014 0.137459 -0.0257293 0.0546472 -0.00174282 0.0176451 -0.203052 0.0213465 1 0 0 0 0 0 0 0
116 1 0.1 5.68167 3.11511 0.137476 -0.00516117 -0.00998992 -0.000987567 0.0502049 0.0163919 -0.007722 1 0 0 0 0 0 0 0
117 1 0.1 5.8623 3.358 0.137463 0.00359957 -0.00789501 -0.000400613 0.0329116 0.0360035 -0.080299 1 0 0 0 0 0 0 0
118 1 0.1 5.84195 3.75487 0.137486 0.0153516 0.00372276 -0.000873184 -0.00812854 -0.128762 0.13013 1 0 0 0 0 0 0 0
119 1 0.1 5.94759 3.92463 0.137396 0.00759255 0.00608607 -0.000663062 -0.0537977 0.062732 -0.0311712 1 0 0 0 0 0 0 0
120 1 0.1 5.81396 3.55168 0.137351 0.0166399 -0.0061584 -0.000906435 -0.0633449 0.00103972 -0.0262042 1 0 0 0 0 0 0 0
121 1 0.1 6.04225 3.27088 0.137505 -0.00193167 -0.0159117 -0.0168227 -0.0526277 0.155623 -0.0374621 1 0 0 0 0 0 0 0
122 1 0.1 6.03449 4.23684 0.531979 -0.0326476 0.0776972 0.112654 0.100764 -1.83825 1.5336 1 0 0 0 0 0 0 0
123 1 0.1 6.05977 4.58904 0.137402 -0.0079003 -0.00574415 -0.000268603 0.0802474 -0.100198 -0.069499 1 0 0 0 0 0 0 0
124 1 0.1 6.22168 4.67029 0.221937 -0.00602123 -0.00782011 -0.00251105 -0.0669346 0.133872 0.0570526 1 0 0 0 0 0 0 0
125 1 0.1 5.9248 1.09551 0.350024 -0.000684565 0.000758172 0.000502187 0.0018736 -0.00317513 0.00922545 1 0 0 0 0 0 0 0
126 1 0.1 5.78652 1.23879 0.368308 -0.00106625 0.00168788 0.000575259 0.0117852 -0.00475077 0.0270729 1 0 0 0 0 0 0 0
127 1 0.1 5.60052 1.4206 0.351109 -0.000687758 0.00107666 -0.00220648 -0.01228 0.0207385 0.0164586 1 0 0 0 0 0 0 0
128 1 0.1 5.43046 1.58948 0.350148 0.00104156 -0.00304066 0.00276209 0.000234079 -0.0148803 -0.0291906 1 0 0 0 0 0 0 0
129 1 0.1 5.28816 1.73211 0.349761 -0.00553453 0.0108489 -0.000579506 -0.0301515 -0.0676104 0.212577 1 0 0 0 0 0 0 0
130 1 0.1 5.05004 1.9792 0.326748 0.000776442 0.000697194 0.00194696 -0.00586145 0.00249121 -0.0201854 1 0 0 0 0 0 0 0
131 1 0.1 4.90862 2.12033 0.32733 -0.000940111 0.00399657 -0.00806593 -0.169556 -0.0693395 -0.0478063 1 0 0 0 0 0 0 0
132 1 0.1 4.79583 2.25087 0.426681 0.00723899 0.000322956 0.00743647 0.0285612 0.255699 -0.0647861 1 0 0 0 0 0 0 0
133 1 0.1 4.66095 2.3603 0.331772 0.00660151 -0.00810108 -0.00867893 -0.382306 -0.222306 -0.00516216 1 0 0 0 0 0 0 0
134 1 0.1 4.57285 2.4582 0.48199 0.00562932 -0.0120501 -0.0152781 -0.326233 -0.237883 0.103551 1 0 0 0 0 0 0 0
135 1 0.1 4.47987 2.54511 0.325456 0.00794751 0.00154249 -0.0210119 -0.11445 0.105857 0.0134485 1 0 0 0 0 0 0 0
136 1 0.1 4.33865 2.6879 0.33695 -0.00344052 -0.000205867 0.0043484 0.0272731 -0.0487166 -0.0154141 1 0 0 0 0 0 0 0
137 1 0.1 4.52319 2.96651 0.288088 0.0270989 -0.0551952 0.00357597 -0.177606 0.0657779 -0.419853 1 0 0 0 0 0 0 0
138 1 0.1 4.33384 3.02979 0.277212 0.0535174 0.0318515 0.0555133 -0.251556 0.173239 -0.827263 1 0 0 0 0 0 0 0
139 1 0.1 4.29797 3.27333 0.46223 -0.00472084 -0.0263183 0.186661 0.313324 -1.24441 -0.03946 1 0 0 0 0 0 0 0
140 1 0.1 4.61158 3.3349 0.32868 -0.0818436 -0.196402 0.0357139 0.911991 -0.69264 -1.5249 1 0 0 0 0 0 0 0
141 1 0.1 4.5667 3.539 0.373184 -0.0519881 -0.0364761 0.0564406 -0.667309 0.455068 -1.05805 1 0 0 0 0 0 0 0
142 1 0.1 4.73623 3.71537 0.384093 -0.153812 -0.137487 -0.0595955 -1.60485 2.08577 -2.11467 1 0 0 0 0 0 0 0
143 1 0.1 5.09961 4.07298 0.400164 -0.000711712 -0.00118122 0.00412507 -0.00546622 -0.0425443 -0.0268152 1 0 0 0 0 0 0 0
144 1 0.1 5.37448 4.09095 0.30476 0.0152055 0.0212223 -0.0357356 -0.418853 0.0823718 0.478535 1 0 0 0 0 0 0 0
145 1 0.1 5.24059 4.21446 0.387003 -0.00195954 0.000199035 -0.0291282 0.360348 0.0716522 -0.0654956 1 0 0 0 0 0 0 0
146 1 0.1 5.37284 4.35825 0.246941 0.042363 0.0306064 -0.00567273 0.0714499 -0.157451 0.310695 1 0 0 0 0 0 0 0
147 1 0.1 5.49618 4.47269 0.354492 0.0429291 0.0425219 0.0117999 0.119031 -0.0884215 0.0206462 1 0 0 0 0 0 0 0
148 1 0.1 5.70849 4.68549 0.354015 -0.00150148 -0.00447698 0.00378123 -0.0422119 -0.020956 -0.0462339 1 0 0 0 0 0 0 0
149 1 0.1 5.90304 4.87642 0.359455 -0.0040405 -0.00439529 -0.000631107 -0.0126009 0.0189464 -0.0571411 1 0 0 0 0 0 0 0
150 1 0.1 6.06685 0.95483 0.354269 -0.000160142 0.000892723 0.00156925 0.00922386 -0.0125317 0.00821901 1 0 0 0 0 0 0 0
151 1 0.1 5.81946 1.69088 0.321253 0.00645596 0.00241901 -0.0015288 -0.0361701 -0.0821619 -0.00313906 1 0 0 0 0 0 0 0
152 1 0.1 5.48517 1.71573 0.205357 0.00196101 -0.00218565 0.00572306 0.0306232 0.0154198 0.00285935 1 0 0 0 0 0 0 0
153 1 0.1 5.99619 2.25345 0.456935 0.00643923 0.0019253 0.00121787 -0.00511912 -0.101734 0.0135715 1 0 0 0 0 0 0 0
154 1 0.1 5.67614 1.99606 0.361416 -0.000686814 -0.00245206 0.0130057 -0.0388495 0.126484 0.0257563 1 0 0 0 0 0 0 0
155 1 0.1 5.2887 1.93604 0.291205 0.00295817 0.00566536 -0.00427042 -0.113709 0.031025 -0.110043 1 0 0 0 0 0 0 0
156 1 0.1 5.13086 2.20783 0.586708 0.0091268 0.0169921 -0.00766474 0.0439301 -0.0813748 -0.00945661 1 0 0 0 0 0 0 0
157 1 0.1 4.87987 2.13991 0.566406 0.0118849 -0.00909413 -0.000204273 -0.0455357 -0.0216032 -0.12242 1 0 0 0 0 0 0 0
158 1 0.1 4.78689 2.48886 0.418902 -0.000506995 -0.014405 -0.00307361 -0.0294747 0.21948 -0.450594 1 0 0 0 0 0 0 0
159 1 0.1 4.99886 2.758 0.600352 0.0959622 -0.0319548 -0.0486393 0.00956214 -0.0319159 0.0949835 1 0 0 0 0 0 0 0
160 1 0.1 4.79306 2.69799 0.302571 -0.00407625 0.0137105 -0.00983494 0.627678 0.178872 0.0773463 1 0 0 0 0 0 0 0
161 1 0.1 4.7273 2.88325 0.308635 -0.0782504 -0.00516613 0.0543531 0.502318 -2.30026 0.232804 1 0 0 0 0 0 0 0
162 1 0.1 4.72439 2.78662 0.476403 -0.114644 0.015053 0.0267058 0.590742 2.35265 -2.11248 1 0 0 0 0 0 0 0
163 1 0.1 4.84464 2.878 0.589062 0.0767231 -0.110119 -0.0817457 0.0147183 -0.220354 0.576925 1 0 0 0 0 0 0 0
164 1 0.1 4.34773 3.22112 0.667228 0.161193 0.348658 0.4701 -0.640662 -0.605697 1.1335 1 0 0 0 0 0 0 0
165 1 0.1 4.73037 3.42119 0.593552 0.457139 -0.0662973 0.0164895 -3.04503 0.0259794 1.44467 1 0 0 0 0 0 0 0
166 1 0.1 4.94148 3.35079 0.476194 0.0707869 0.130084 0.0873463 -1.26853 1.82989 -0.121062 1 0 0 0 0 0 0 0
167 1 0.1 5.11779 3.58407 0.30664 -0.00751361 0.0474477 -0.0290975 0.148193 0.683656 0.176118 1 0 0 0 0 0 0 0
168 1 0.1 5.23228 3.9509 0.314587 0.019438 0.0178992 0.0102848 0.149102 -0.160304 0.198956 1 0 0 0 0 0 0 0
169 1 0.1 5.40689 3.85583 0.333386 0.0113542 -0.013029 -0.00116226 -0.835191 0.706598 -0.587167 1 0 0 0 0 0 0 0
170 1 0.1 5.44846 4.25613 0.398237 0.0138029 0.0461894 0.0186982 -0.312836 -0.312601 -0.177466 1 0 0 0 0 0 0 0
171 1 0.1 5.63981 4.29798 0.43305 0.0198642 0.0073715 0.0141262 0.00138958 0.102208 -0.147192 1 0 0 0 0 0 0 0
172 1 0.1 5.76512 4.33977 0.283731 0.0114304 -0.00473665 0.00810222 -0.129146 -0.0250128 0.176007 1 0 0 0 0 0 0 0
173 1 0.1 5.84952 4.55517 0.299337 -0.00346333 -0.00984849 0.00650461 0.0134185 2.3445e-05 0.00290565 1 0 0 0 0 0 0 0
174 1 0.1 6.07364 5.05689 0.3495 -0.000880788 -0.00155373 -0.000347333 0.00593772 -0.000158108 -0.0171975 1 0 0 0 0 0 0 0
175 1 0.1 6.20762 0.812916 0.350521 -3.29729e-05 0.000511446 0.000688463 0.0133379 0.00294921 -0.00843514 1 0 0 0 0 0 0 0
176 1 0.1 5.78139 1.49512 0.310622 0.000452493 0.00350936 -0.0023889 0.0209927 -0.0179738 -0.00614579 1 0 0 0 0 0 0 0
177 1 0.1 5.84202 1.88924 0.329955 -0.000179031 0.00349681 -0.00379619 -0.0259171 0.120573 0.0575708 1 0 0 0 0 0 0 0
178 1 0.1 5.87446 2.08777 0.317184 0.0116462 0.00245055 0.00709654 0.0110445 0.0975846 -0.0391741 1 0 0 0 0 0 0 0
179 1 0.1 5.48573 1.96177 0.312351 0.000839071 0.00425082 0.00879037 -0.0394814 -0.190606 -0.121892 1 0 0 0 0 0 0 0
180 1 0.1 5.52687 2.15368 0.443703 0.00699558 0.00589544 0.000511849 0.0441695 0.152839 0.150012 1 0 0 0 0 0 0 0
181 1 0.1 5.36123 2.11584 0.338506 0.00557175 0.00347718 0.00580115 0.209646 -0.0450559 0.0466507 1 0 0 0 0 0 0 0
182 1 0.1 5.06846 2.21613 0.397261 0.00719672 -0.00775116 -0.0118469 -0.0525727 -0.0244458 -0.171081 1 0 0 0 0 0 0 0
183 1 0.1 4.93551 2.55444 0.282744 0.0164184 0.00114619 -0.00889063 -0.0791822 0.114887 -0.155549 1 0 0 0 0 0 0 0
184 1 0.1 5.20477 2.65341 0.381434 0.0499413 0.00571814 -0.0361468 -0.0543794 -0.322355 0.293088 1 0 0 0 0 0 0 0
185 1 0.1 5.14832 2.85318 0.511709 0.0587842 0.0122201 -0.0341605 0.322916 0.132041 0.319959 1 0 0 0 0 0 0 0
186 1 0.1 4.97246 2.78746 0.284545 0.0361578 0.0332791 -0.0616481 -1.23457 -0.404154 -0.621231 1 0 0 0 0 0 0 0
187 1 0.1 4.49529 2.75731 0.234401 0.00148183 -0.00128008 0.00812825 0.00910689 0.00054381 -0.0128902 1 0 0 0 0 0 0 0
188 1 0.1 4.76588 3.07652 0.275844 -0.0192336 -0.0208361 0.0618046 -1.33601 -0.759585 -0.36904 1 0 0 0 0 0 0 0
189 1 0.1 5.29236 3.32774 0.36823 0.0179583 0.0657702 0.0225167 0.690732 -0.972735 0.359951 1 0 0 0 0 0 0 0
190 1 0.1 5.0506 3.38872 0.316163 -0.0105516 -0.00446086 -0.0093873 -0.481133 -0.0501741 -0.208686 1 0 0 0 0 0 0 0
191 1 0.1 5.30489 3.51954 0.330118 -0.010972 0.0468537 -0.0160746 -0.246848 0.56477 -0.176753 1 0 0 0 0 0 0 0
192 1 0.1 5.22161 3.75243 0.334301 0.0113661 0.0180863 -0.0441476 0.435698 0.619242 -0.333758 1 0 0 0 0 0 0 0
193 1 0.1 5.59375 3.78904 0.285758 0.0320554 -0.0168679 0.0103796 0.225741 0.00426194 0.153244 1 0 0 0 0 0 0 0
194 1 0.1 5.5787 3.90086 0.599936 0.0308811 -0.00102723 0.00471428 -0.0902274 -0.0197012 0.0545243 1 0 0 0 0 0 0 0
195 1 0.1 5.69266 4.10551 0.450731 0.014074 0.00357278 0.0344596 0.310377 0.100493 0.264703 1 0 0 0 0 0 0 0
196 1 0.1 5.87216 4.1749 0.319018 0.0230231 -0.00426856 0.0109662 0.0454434 0.121152 -0.0989329 1 0 0 0 0 0 0 0
197 1 0.1 5.86223 3.9984 0.411971 0.0308915 -0.00775637 0.0150037 -0.0569219 0.0889568 0.0638576 1 0 0 0 0 0 0 0
198 1 0.1 5.96668 4.71308 0.263467 -0.0082445 -0.00767373 0.000374048 -0.0372988 0.0709402 0.059486 1 0 0 0 0 0 0 0
199 1 0.1 6.21678 5.19604 0.33797 -0.00110081 -0.00122183 0.00112468 -9.09107e-05 -0.0137947 -0.0150256 1 0 0 0 0 0 0 0
200 1 0.1 6.07399 1.22203 0.308548 -0.000192605 0.000573304 -2.86562e-05 0.00694302 0.0173658 -0.0142373 1 0 0 0 0 0 0 0
201 1 0.1 5.93145 1.36295 0.309476 -0.000456992 0.00201548 0.000549859 -0.0153438 -0.00609912 -0.0267408 1 0 0 0 0 0 0 0
202 1 0.1 6.03916 1.86105 0.488932 0.00718433 0.00083324 0.0060865 0.0286844 -0.0184877 -0.0304359 1 0 0 0 0 0 0 0
203 1 0.1 5.91525 2.34724 0.613752 -0.0029771 -0.00168388 -0.00117281 0.043788 -0.007716 0.00312472 1 0 0 0 0 0 0 0
204 1 0.1 5.8558 2.59816 0.31651 -0.0157588 0.00522602 0.00493729 -0.00450719 -0.00789524 0.122164 1 0 0 0 0 0 0 0
205 1 0.1 5.70002 2.16721 0.261004 0.0083741 0.000177042 0.0172432 0.0358258 -0.00685398 0.0761724 1 0 0 0 0 0 0 0
206 1 0.1 5.52404 2.26111 0.259014 0.0045098 -0.00853005 0.0193789 -0.0283525 0.028404 0.0211641 1 0 0 0 0 0 0 0
207 1 0.1 5.53221 2.42559 0.426418 0.0158932 -0.00317844 0.00693405 -0.0131535 0.0303442 -0.0328301 1 0 0 0 0 0 0 0
208 1 0.1 5.20132 2.43682 0.137378 0.0164798 -0.000864948 -0.00124461 0.246542 0.245341 -0.0204314 1 0 0 0 0 0 0 0
209 1 0.1 5.50411 2.5766 0.300567 0.0224179 -0.00656859 0.00973523 -0.0451471 0.357921 -0.332456 1 0 0 0 0 0 0 0
210 1 0.1 5.69866 2.91011 0.512026 -0.00336977 0.0331739 -0.00810823 -0.177252 -0.0750946 0.524294 1 0 0 0 0 0 0 0
211 1 0.1 5.38725 2.88845 0.139834 -0.00830871 0.0104182 0.00428315 0.259218 0.0470051 0.198594 1 0 0 0 0 0 0 0
212 1 0.1 4.89699 2.92527 0.406048 0.0621444 0.0421881 -0.0720956 1.33699 0.13191 0.0554794 1 0 0 0 0 0 0 0
213 1 0.1 5.05321 3.00364 0.315299 0.0580051 0.057415 -0.0271209 0.533637 -0.537996 -0.119527 1 0 0 0 0 0 0 0
214 1 0.1 5.39089 3.37888 0.163644 -0.0027797 0.0565436 0.0095923 0.164891 -0.0956504 -0.0257888 1 0 0 0 0 0 0 0
215 1 0.1 5.66407 3.34121 0.399418 0.003599 0.0211947 -0.0405475 -0.626198 -0.253612 0.0489197 1 0 0 0 0 0 0 0
216 1 0.1 5.63324 3.51404 0.303868 0.0144326 0.0311414 -0.0309793 0.776513 0.291655 -0.207753 1 0 0 0 0 0 0 0
217 1 0.1 5.4477 3.6566 0.314309 0.00845514 0.0149829 -0.00871869 -0.0318831 -0.0691843 -0.579435 1 0 0 0 0 0 0 0
218 1 0.1 5.9627 3.79755 0.291027 -0.0144679 0.0211039 0.0157507 -0.0109256 -0.172507 0.123754 1 0 0 0 0 0 0 0
219 1 0.1 5.98871 3.61693 0.209232 -0.0145379 -0.0154401 0.0934183 -0.492056 -1.27437 -0.324228 1 0 0 0 0 0 0 0
220 1 0.1 5.97799 3.54976 0.573354 0.00754247 0.0316993 0.106757 -0.809881 -1.29221 0.63111 1 0 0 0 0 0 0 0
221 1 0.1 5.91151 3.69787 0.45658 0.0438227 -0.0388185 -0.00253628 -0.0414866 0.223305 -0.3994 1 0 0 0 0 0 0 0
222 1 0.1 5.97743 3.36663 0.300667 0.0049433 -0.0283617 -0.00504075 0.0693527 -0.0145529 -0.118933 1 0 0 0 0 0 0 0
223 1 0.1 6.09911 4.85043 0.331161 -0.00300127 -0.00321586 0.000511021 0.0248677 -0.0299323 0.0662677 1 0 0 0 0 0 0 0
224 1 0.1 6.22114 4.96892 0.451799 -0.00376524 -0.00659105 -0.000694617 0.0212216 -0.0122763 -0.0334243 1 0 0 0 0 0 0 0
225 1 0.1 5.96275 1.55905 0.365533 0.00274485 -0.000394175 -0.00106331 0.034345 0.0771747 -0.0420567 1 0 0 0 0 0 0 0
226 1 0.1 5.88821 2.21261 0.137364 -0.00197916 0.000974292 -0.000560925 -0.0169212 -0.0092234 -0.00968544 1 0 0 0 0 0 0 0
227 1 0.1 6.01057 1.74939 0.325611 0.00653722 0.00396654 0.0037926 -0.0242107 0.00865224 0.00934946 1 0 0 0 0 0 0 0
228 1 0.1 5.96536 2.58494 0.137563 -0.019239 -0.0242781 0.00208111 0.0116985 0.00268798 -0.274163 1 0 0 0 0 0 0 0
229 1 0.1 5.62304 2.90237 0.137304 -0.0199971 -0.00378661 0.000230271 0.0331931 -0.201095 0.0116948 1 0 0 0 0 0 0 0
230 1 0.1 5.93966 3.08368 0.312006 -0.0108707 -0.0192412 -0.0299374 0.339079 -0.0488508 -0.497787 1 0 0 0 0 0 0 0
231 1 0.1 5.85335 2.45663 0.457599 0.00284622 0.0072404 0.00607975 -0.0237031 0.012398 0.119378 1 0 0 0 0 0 0 0
232 1 0.1 5.69275 2.47272 0.302727 -0.0076674 -0.00908754 -0.00168452 -0.0981623 -0.0533842 0.309819 1 0 0 0 0 0 0 0
233 1 0.1 5.81141 2.65886 0.521601 0.0102874 0.0027822 -0.00136669 0.139883 -0.256001 0.480424 1 0 0 0 0 0 0 0
234 1 0.1 5.72391 2.74442 0.35124 -0.0407474 -0.00343032 -0.049964 0.0665015 0.731676 0.497023 1 0 0 0 0 0 0 0
235 1 0.1 5.92011 2.78542 0.343901 0.0026591 -0.0055742 0.035447 0.242663 -0.245175 -0.357195 1 0 0 0 0 0 0 0
236 1 0.1 5.59005 3.07516 0.553383 -0.0059505 0.0662342 -0.0163182 -0.105683 0.226202 0.198269 1 0 0 0 0 0 0 0
237 1 0.1 5.44481 3.01546 0.380298 0.0183409 0.0502398 0.0224881 0.580977 -0.201072 0.344648 1 0 0 0 0 0 0 0
238 1 0.1 5.35939 3.16567 0.266143 0.0166246 0.0265316 0.0137644 0.00636474 -0.477067 -0.278861 1 0 0 0 0 0 0 0
239 1 0.1 5.64545 3.09908 0.333503 -0.0555234 0.0257848 -0.00779877 0.284705 0.920196 0.204138 1 0 0 0 0 0 0 0
240 1 0.1 5.79935 2.94467 0.342772 -0.0108009 -0.016822 -0.0225704 -0.658554 -0.166765 0.536224 1 0 0 0 0 0 0 0
241 1 0.1 5.42905 3.36589 0.55835 0.0587747 -0.0626155 -0.00396948 -0.509894 -0.576252 -0.630687 1 0 0 0 0 0 0 0
242 1 0.1 5.80337 3.22987 0.309351 0.0126159 0.00201799 0.000219058 -0.180169 0.315724 0.179136 1 0 0 0 0 0 0 0
243 1 0.1 5.85316 3.37023 0.457213 0.00334146 -0.0251513 -0.0095572 0.0758408 -0.0127764 -0.118439 1 0 0 0 0 0 0 0
244 1 0.1 5.73204 3.67369 0.371994 0.0352682 -0.006937 0.0133783 -0.0527411 -0.0393923 0.025615 1 0 0 0 0 0 0 0
245 1 0.1 5.87667 3.15881 0.137454 -0.00478106 -0.0103532 -0.00126118 -0.00954347 -0.00552955 -0.000431424 1 0 0 0 0 0 0 0
246 1 0.1 5.85821 3.5244 0.330299 0.0218814 -0.0140274 0.00122893 0.0991671 0.0608778 -0.141224 1 0 0 0 0 0 0 0
247 1 0.1 5.91768 4.34599 0.412019 0.00658953 0.00325152 0.00629022 -0.0391575 0.029768 -0.231926 1 0 0 0 0 0 0 0
248 1 0.1 6.0514 4.48835 0.454154 0.0116165 -0.00436325 0.001848 -0.0295723 -0.0447422 0.133837 1 0 0 0 0 0 0 0
249 1 0.1 6.12784 4.66446 0.398358 0.000931228 -0.00165682 0.00153225 -0.0210509 -0.0577878 0.011153 1 0 0 0 0 0 0 0
250 1 0.1 5.99015 1.03624 0.537065 -0.000700017 0.000712195 8.16713e-05 0.0169849 0.00391366 0.0183908 1 0 0 0 0 0 0 0
251 1 0.1 5.79844 1.22212 0.567126 0.000496334 0.00187145 0.000881931 -0.0124922 0.0159891 0.0344107 1 0 0 0 0 0 0 0
252 1 0.1 5.65742 1.36141 0.540627 -0.000344618 0.00103216 -0.00184021 -0.0223377 0.00443001 0.0144025 1 0 0 0 0 0 0 0
253 1 0.1 5.51483 1.50126 0.550465 -0.000169683 0.00049262 0.00469799 0.0133668 -0.0418525 0.0281431 1 0 0 0 0 0 0 0
254 1 0.1 5.41806 1.67193 0.589019 -0.0146746 -0.00332638 -0.0161207 0.158765 0.319502 -0.328535 1 0 0 0 0 0 0 0
255 1 0.1 5.17601 1.87209 0.437817 0.0152285 0.0195058 0.00552715 0.217712 -0.359562 0.368043 1 0 0 0 0 0 0 0
256 1 0.1 5.01902 1.9978 0.546149 0.0122634 -0.00923757 0.00704668 0.0545292 -0.0405685 -0.171154 1 0 0 0 0 0 0 0
257 1 0.1 4.78676 2.3771 0.583647 0.0309644 0.0222701 0.0198001 -0.390289 0.705471 -0.275844 1 0 0 0 0 0 0 0
258 1 0.1 4.70799 2.53204 0.679906 0.0084843 0.0407323 -0.0402456 -0.53959 -0.374725 0.777604 1 0 0 0 0 0 0 0
259 1 0.1 4.82525 2.63213 0.552901 -0.0167355 0.0377154 -0.0607306 -0.74864 -0.297643 0.608776 1 0 0 0 0 0 0 0
260 1 0.1 4.55782 2.67793 0.435158 -0.0971135 0.00979448 0.0136716 0.738089 -0.832897 1.0278 1 0 0 0 0 0 0 0
261 1 0.1 4.38056 2.8746 0.393848 0.00692855 -0.00572352 0.0168518 0.00703697 -0.0420726 -0.141347 1 0 0 0 0 0 0 0
262 1 0.1 4.41211 2.86842 0.590827 -0.0392999 0.0272359 0.0304069 -0.555018 -0.768106 0.45314 1 0 0 0 0 0 0 0
263 1 0.1 4.19575 3.00244 0.411546 0.0898584 0.00499307 0.056022 0.214323 -0.738254 -0.483826 1 0 0 0 0 0 0 0
264 1 0.1 4.186 3.16373 0.635039 0.0666268 0.107648 0.206718 -1.10105 -1.7782 0.754455 1 0 0 0 0 0 0 0
265 1 0.1 4.43591 3.36175 0.571107 0.0867819 0.104005 0.0373205 -3.68861 1.80925 -1.04546 1 0 0 0 0 0 0 0
266 1 0.1 4.42723 3.39707 0.374705 -0.0613367 -0.0963112 -0.00253265 0.0331275 0.013981 0.219499 1 0 0 0 0 0 0 0
267 1 0.1 4.6966 3.6387 0.557204 -0.0694053 0.185615 0.0670735 -1.39076 0.0365943 0.473325 1 0 0 0 0 0 0 0
268 1 0.1 4.92201 3.89125 0.482364 0.0201563 0.0139368 0.00934268 1.46354 0.302757 0.847074 1 0 0 0 0 0 0 0
269 1 0.1 5.02899 4.00043 0.607409 -0.00362686 -0.00648791 0.0315566 0.186487 0.826613 0.836065 1 0 0 0 0 0 0 0
270 1 0.1 5.1667 4.14316 0.574858 -0.0015811 -0.000418101 0.0037904 -0.0262891 0.00425394 -0.0289137 1 0 0 0 0 0 0 0
271 1 0.1 5.30756 4.28627 0.561103 -0.0325271 0.0143415 -0.0210435 -0.22017 -0.116181 0.840403 1 0 0 0 0 0 0 0
272 1 0.1 5.45737 4.43747 0.547398 0.0107345 0.0114815 3.57736e-05 -0.0908371 0.123823 0.0386215 1 0 0 0 0 0 0 0
273 1 0.1 5.60073 4.57469 0.570489 0.011738 0.00872083 0.00594258 0.0857833 -0.165994 0.103622 1 0 0 0 0 0 0 0
274 1 0.1 5.78992 4.7712 0.554689 -0.00200054 -0.00178674 0.000992396 -0.0197327 -0.00159128 -0.0218 1 0 0 0 0 0 0 0
275 1 0.1 6.13001 0.894673 0.555938 -0.000789554 0.00113206 -0.00115727 0.0296557 -0.0362079 -0.0440072 1 0 0 0 0 0 0 0
276 1 0.1 5.73674 1.53483 0.599889 0.000346194 0.000774265 -0.00248463 0.0272434 0.0143383 -0.0136625 1 0 0 0 0 0 0 0
277 1 0.1 5.61728 1.61032 0.417994 -0.00230499 -0.00081331 0.00428154 -0.0647896 -0.0192751 0.0306469 1 0 0 0 0 0 0 0
278 1 0.1 5.67554 1.80114 0.405761 -0.00306678 -0.00293867 0.00872185 0.0788468 -0.0953244 -0.0375486 1 0 0 0 0 0 0 0
279 1 0.1 5.52918 1.85787 0.589351 0.00781058 0.00385123 0.00192887 -0.010205 -0.0354707 -0.0790619 1 0 0 0 0 0 0 0
280 1 0.1 5.36326 1.91169 0.492705 0.0154452 0.0321817 0.00396736 -0.0322986 0.0877983 -0.296364 1 0 0 0 0 0 0 0
281 1 0.1 5.22011 2.05069 0.507915 -0.0104963 0.0133762 0.0153149 -0.20059 -0.0476894 -0.241952 1 0 0 0 0 0 0 0
282 1 0.1 5.03336 1.99046 0.761616 0.00621098 -0.0013324 0.00132319 -0.0026467 0.0684132 0.114227 1 0 0 0 0 0 0 0
283 1 0.1 4.97031 2.31493 0.540578 0.00235355 -0.00988872 -0.0165593 -0.178144 0.0473451 0.271277 1 0 0 0 0 0 0 0
284 1 0.1 5.01492 2.64032 0.441762 0.0590209 -0.0261891 -0.0333024 -0.065591 0.267607 -0.170159 1 0 0 0 0 0 0 0
285 1 0.1 4.4625 2.58965 0.583969 -0.0551382 -0.0591174 -0.0353754 0.114038 0.745799 -0.446526 1 0 0 0 0 0 0 0
286 1 0.1 4.57879 2.77163 0.598658 -0.0712404 -0.0160242 0.0105608 0.0853963 0.253411 -0.317351 1 0 0 0 0 0 0 0
287 1 0.1 4.65842 3.1544 0.765784 0.866384 -0.138318 -0.00941745 -1.76509 -10.3547 -4.27752 1 0 0 0 0 0 0 0
288 1 0.1 4.45111 3.15097 0.512078 -0.0635202 -0.167859 0.422251 0.657553 1.08441 0.473755 1 0 0 0 0 0 0 0
289 1 0.1 4.62148 3.1316 0.40326 -0.00786364 0.0343697 0.114628 1.56227 2.44859 0.288467 1 0 0 0 0 0 0 0
290 1 0.1 4.83207 3.32536 0.295307 0.182715 -0.0683524 -0.0712671 -1.48932 -0.159694 -0.340488 1 0 0 0 0 0 0 0
291 1 0.1 4.89118 3.53892 0.593782 0.240259 0.194988 -0.0749735 -1.06139 1.8339 0.900989 1 0 0 0 0 0 0 0
292 1 0.1 4.95071 3.53492 0.404736 0.0337857 0.0788756 -0.110259 -0.204295 -0.452694 0.495237 1 0 0 0 0 0 0 0
293 1 0.1 4.98071 3.72346 0.368146 -0.0620197 0.112986 -0.0664503 0.782469 0.784823 0.322716 1 0 0 0 0 0 0 0
294 1 0.1 5.10799 3.81991 0.484855 0.0148436 0.00352768 -0.0477105 -0.681001 -0.120137 -0.989728 1 0 0 0 0 0 0 0
295 1 0.1 5.22444 3.96311 0.639462 0.0442045 0.00939318 -0.0178897 0.0315165 0.708933 0.270882 1 0 0 0 0 0 0 0
296 1 0.1 5.50614 4.22694 0.584399 -0.0173113 0.0433068 0.0216982 0.235402 0.0123028 -0.118219 1 0 0 0 0 0 0 0
297 1 0.1 5.69728 4.39559 0.596102 0.0214505 0.00777988 0.00480137 -0.0772731 -0.0933367 0.0299597 1 0 0 0 0 0 0 0
298 1 0.1 5.68721 4.49444 0.409037 0.0509951 -0.00204441 0.0331563 0.0393916 -0.0885032 -0.45712 1 0 0 0 0 0 0 0
299 1 0.1 6.07312 5.05304 0.556713 -0.000522458 -0.00421763 0.00213418 -0.00646711 0.0156847 0.0391333 1 0 0 0 0 0 0 0
300 1 0.1 6.27029 0.752358 0.549976 -0.00148331 0.00146981 2.14234e-05 -0.00296559 -0.00371846 0.024137 1 0 0 0 0 0 0 0
301 1 0.1 5.84174 1.41196 0.482123 -0.0011681 0.000974077 -0.00353776 0.00111052 0.0143881 -0.0139542 1 0 0 0 0 0 0 0
302 1 0.1 5.85485 1.67334 0.517138 0.000196646 0.00246779 -0.00166201 0.0313448 0.0135152 0.00224913 1 0 0 0 0 0 0 0
303 1 0.1 5.79865 1.88374 0.539944 0.0317371 0.0568576 -0.0628577 -0.165488 1.19297 0.912566 1 0 0 0 0 0 0 0
304 1 0.1 5.65892 2.00824 0.610266 0.0110659 -0.000264125 0.00490267 -0.029099 -0.0636204 0.0247998 1 0 0 0 0 0 0 0
305 1 0.1 5.46076 2.04679 0.602743 0.0175455 0.0249952 0.00702201 0.0648557 -0.113285 0.226417 1 0 0 0 0 0 0 0
306 1 0.1 5.31387 2.39355 0.554263 0.000442679 0.0183725 0.0105241 -0.107997 -0.131357 0.00246038 1 0 0 0 0 0 0 0
307 1 0.1 5.13755 2.39681 0.648066 -0.00614279 0.00829912 0.00207456 0.0559779 0.0472736 0.18731 1 0 0 0 0 0 0 0
308 1 0.1 5.19276 2.34848 0.315658 0.0194977 -0.0158778 -0.00751234 -0.107172 -0.272949 0.176224 1 0 0 0 0 0 0 0
309 1 0.1 4.98746 2.51569 0.593746 0.0105874 0.0275447 -0.00294708 -0.419557 -0.17538 -0.908334 1 0 0 0 0 0 0 0
310 1 0.1 5.33575 2.85324 0.421521 0.0401911 0.0290479 -0.00894049 -0.0814762 0.484507 -0.0652881 1 0 0 0 0 0 0 0
311 1 0.1 4.64743 2.86918 0.759252 -0.09236 -0.0366796 0.0374959 -0.296446 -0.91094 -0.696266 1 0 0 0 0 0 0 0
312 1 0.1 4.56095 2.98445 0.524961 0.0917022 -0.117531 0.03685 1.26825 1.14126 -0.271221 1 0 0 0 0 0 0 0
313 1 0.1 4.97403 3.1854 0.284941 0.127409 -0.0864346 0.0462428 -0.118289 0.205935 -0.118146 1 0 0 0 0 0 0 0
314 1 0.1 5.10321 3.1176 0.148389 0.0437825 -0.006677 -0.059287 0.821819 0.879087 0.355116 1 0 0 0 0 0 0 0
315 1 0.1 5.12556 3.27698 0.463396 0.0110917 -0.0115421 -0.02216 0.0613568 0.338791 -0.515562 1 0 0 0 0 0 0 0
316 1 0.1 5.47791 3.40029 0.357182 0.0126188 0.0475658 -0.0268232 0.34273 0.670167 -0.28142 1 0 0 0 0 0 0 0
317 1 0.1 5.13278 3.61839 0.501289 0.0919297 0.0918118 -0.0427986 -0.378746 1.02156 0.648694 1 0 0 0 0 0 0 0
318 1 0.1 5.32686 3.65676 0.474824 0.0861789 0.0500741 -0.0773528 -0.483293 -0.861503 -0.929297 1 0 0 0 0 0 0 0
319 1 0.1 5.37551 3.87523 0.543001 0.0294206 0.0265072 -0.0424927 -0.107059 -0.288062 -0.0207866 1 0 0 0 0 0 0 0
320 1 0.1 5.34171 4.07574 0.505951 -0.0339146 -0.0179549 -0.0623828 0.193938 0.693839 -0.232583 1 0 0 0 0 0 0 0
321 1 0.1 5.76336 3.97445 0.583673 0.0335656 -0.00270736 0.0132733 -0.0414994 -0.0839085 -0.0186269 1 0 0 0 0 0 0 0
322 1 0.1 5.80701 4.23455 0.551742 0.00364564 -0.0233759 0.084361 -0.162703 -0.794803 -0.614336 1 0 0 0 0 0 0 0
323 1 0.1 5.91348 4.64099 0.467511 -0.00313347 -0.0066422 0.00540064 -0.0464308 -0.0013207 -0.00166366 1 0 0 0 0 0 0 0
324 1 0.1 6.21323 5.19552 0.549999 -0.00200139 -0.00315564 4.93953e-05 -0.00473514 0.00235308 -0.037473 1 0 0 0 0 0 0 0
325 1 0.1 6.15547 1.11347 0.455375 -0.000809325 -0.000442478 -0.000524952 0.00649398 -0.0285358 0.0146256 1 0 0 0 0 0 0 0
326 1 0.1 5.97517 1.25318 0.479435 0.000684521 0.00171279 0.000603859 0.0117577 -0.0184539 -0.0399652 1 0 0 0 0 0 0 0
327 1 0.1 6.02349 2.05568 0.446374 0.0110105 0.00160915 0.00644205 -0.0187133 -0.0936244 0.0187667 1 0 0 0 0 0 0 0
328 1 0.1 5.70097 2.26617 0.629687 0.00447252 -0.000616284 0.00301365 0.0424226 -0.0189714 -0.0190717 1 0 0 0 0 0 0 0
329 1 0.1 5.90347 2.10006 0.603233 0.00990702 -0.00595618 -0.00122365 0.00706519 0.0127675 -0.0648868 1 0 0 0 0 0 0 0
330 1 0.1 5.5001 2.30009 0.577139 0.00985803 0.00217954 0.00374209 -0.00663827 -0.0301613 -0.0801471 1 0 0 0 0 0 0 0
331 1 0.1 5.74682 2.13623 0.484775 0.00906314 -0.000620322 0.00424248 0.00383986 0.0466091 -0.000188529 1 0 0 0 0 0 0 0
332 1 0.1 5.85295 2.60658 0.710089 0.00338109 -0.00141832 -0.00130248 0.0121443 0.0487953 0.00637181 1 0 0 0 0 0 0 0
333 1 0.1 5.63596 2.59489 0.450393 0.0123673 -0.000606453 -0.000432524 -0.149978 0.260742 -0.442047 1 0 0 0 0 0 0 0
334 1 0.1 5.46412 2.51255 0.611252 0.0403614 -0.0281936 0.00330431 0.164928 0.118064 -0.107341 1 0 0 0 0 0 0 0
335 1 0.1 5.04947 2.44659 0.413852 0.00885294 -0.027327 -0.0261931 -0.0389288 0.0960648 -0.243723 1 0 0 0 0 0 0 0
336 1 0.1 5.27708 2.78958 0.65827 -0.0199573 -0.0389706 -0.115533 0.295212 1.62787 -0.284445 1 0 0 0 0 0 0 0
337 1 0.1 5.01123 2.97712 0.601017 0.0234369 -0.0342836 -0.0214316 -0.28852 -0.445098 0.219427 1 0 0 0 0 0 0 0
338 1 0.1 5.24926 3.01704 0.341239 0.0275748 0.0350723 0.0150544 0.452096 0.0223871 0.0402684 1 0 0 0 0 0 0 0
339 1 0.1 5.32448 3.15585 0.462267 -0.0236159 0.0585661 0.00561655 -0.434411 0.125022 0.548787 1 0 0 0 0 0 0 0
340 1 0.1 5.51106 3.21543 0.424982 -0.023574 0.0551899 0.00036001 -0.7473 -0.350531 -0.291771 1 0 0 0 0 0 0 0
341 1 0.1 5.26079 3.46532 0.516994 0.138811 0.042107 -0.00562248 0.596539 0.46834 -0.534586 1 0 0 0 0 0 0 0
342 1 0.1 5.49966 3.5567 0.479066 0.0615646 0.023694 -0.020129 -0.0191687 0.50286 0.585534 1 0 0 0 0 0 0 0
343 1 0.1 5.52142 3.76307 0.468253 0.0253871 0.0040966 0.00470549 0.0378506 -0.181105 -0.347132 1 0 0 0 0 0 0 0
344 1 0.1 5.64823 3.66174 0.584257 0.0293754 -0.00693779 -0.00538451 -0.28536 0.549096 -0.0424254 1 0 0 0 0 0 0 0
345 1 0.1 5.75909 3.31984 0.762162 -0.0244539 0.0469772 -0.011122 0.0142467 0.121171 0.357532 1 0 0 0 0 0 0 0
346 1 0.1 5.8071 3.7807 0.605469 0.0337203 -0.00819893 -0.0244126 -0.0613973 -0.573627 -0.0186713 1 0 0 0 0 0 0 0
347 1 0.1 5.96486 3.88493 0.540707 0.0467345 0.000361149 0.0150592 0.0185948 0.0118464 0.121203 1 0 0 0 0 0 0 0
348 1 0.1 5.93235 4.91124 0.561018 -0.00124478 -0.00321976 0.00273962 -0.00550661 -0.0113942 -0.0407937 1 0 0 0 0 0 0 0
349 1 0.1 6.10864 4.82274 0.528896 -0.0038896 -0.0052834 0.000259439 -0.00778907 0.0522349 0.00827485 1 0 0 0 0 0 0 0
350 1 0.1 6.08362 1.41403 0.431261 0.00331302 -0.000837884 -0.00349386 -0.0726738 0.0074891 0.0119293 1 0 0 0 0 0 0 0
351 1 0.1 6.02505 1.55949 0.555385 0.00222772 -0.00308902 -0.000635244 -0.0164521 -0.083727 -0.00556942 1 0 0 0 0 0 0 0
352 1 0.1 5.99802 1.73792 0.640769 0.000396352 -0.00358706 0.000712149 0.0422101 -0.0228329 -0.02604 1 0 0 0 0 0 0 0
353 1 0.1 5.799 2.035 0.761031 0.000872704 -0.00213513 -0.000625838 0.00359983 0.0252655 -0.00522697 1 0 0 0 0 0 0 0
354 1 0.1 5.98584 2.78369 0.153739 -0.0231397 -0.0247385 0.00951534 0.0558891 -0.0474149 -0.146353 1 0 0 0 0 0 0 0
355 1 0.1 5.88876 2.95944 0.138399 -0.012483 -0.0111669 0.00409398 -0.0452897 0.0397953 -0.076154 1 0 0 0 0 0 0 0
356 1 0.1 5.69268 2.71371 0.762799 0.00252769 -0.00195551 -0.00159801 -0.0182363 -0.0476201 0.00805922 1 0 0 0 0 0 0 0
357 1 0.1 5.60212 2.75332 0.589729 0.0155401 0.0220216 -0.00778865 0.12818 -0.0651491 -0.308381 1 0 0 0 0 0 0 0
358 1 0.1 5.13095 2.94663 0.758308 -0.0115944 0.00167494 0.0166702 -0.111693 -0.424264 0.093844 1 0 0 0 0 0 0 0
359 1 0.1 5.48766 2.72655 0.428703 0.0327941 0.0203784 -0.0223376 -0.368668 -0.304867 0.2003 1 0 0 0 0 0 0 0
360 1 0.1 5.8628 3.01587 0.648071 -0.00827406 0.0282518 -0.0245135 -0.110213 0.342257 0.338659 1 0 0 0 0 0 0 0
361 1 0.1 5.6843 2.91827 0.711281 -0.00799814 0.0167333 -0.00801463 0.27141 0.0611331 0.339916 1 0 0 0 0 0 0 0
362 1 0.1 5.48223 2.90702 0.546516 0.0330542 0.0391003 -0.00130164 0.04044 -0.0540517 0.105873 1 0 0 0 0 0 0 0
363 1 0.1 5.29522 2.97054 0.5751 0.0279668 0.0122069 0.00241964 0.419505 -0.0674198 0.135782 1 0 0 0 0 0 0 0
364 1 0.1 5.53717 3.04341 0.763197 -0.00901719 0.0229052 -0.00149232 -0.0872827 -0.000297832 -0.0386425 1 0 0 0 0 0 0 0
365 1 0.1 5.42138 3.1441 0.635505 -0.00814804 0.056404 -0.00499591 0.442301 -0.0404664 -0.187033 1 0 0 0 0 0 0 0
366 1 0.1 5.65897 3.2606 0.582328 -0.0520638 0.0842954 -0.0119611 0.219689 -0.0432909 0.32789 1 0 0 0 0 0 0 0
367 1 0.1 5.57619 3.23933 0.763088 -0.0139344 0.0224466 -0.000217148 0.188801 -0.00698202 -0.0146399 1 0 0 0 0 0 0 0
368 1 0.1 5.59575 3.45539 0.622734 0.0230913 -0.0156378 0.001608 -0.494409 -0.0267402 0.244035 1 0 0 0 0 0 0 0
369 1 0.1 5.78151 3.51315 0.577023 0.0167501 -0.0174814 -0.00972909 -0.0833324 -0.0453138 -0.106905 1 0 0 0 0 0 0 0
370 1 0.1 5.92775 3.33591 0.639286 -0.0229147 0.00197585 0.00290744 -0.100079 -0.387759 0.742819 1 0 0 0 0 0 0 0
371 1 0.1 5.94776 3.19544 0.478772 0.0218084 -0.015078 -0.00473197 0.101606 -0.388828 -0.128501 1 0 0 0 0 0 0 0
372 1 0.1 6.0299 3.9997 0.303317 0.0101583 0.0328806 -0.014128 -0.0373149 0.224348 0.518037 1 0 0 0 0 0 0 0
373 1 0.1 5.88678 4.45576 0.575782 0.0172209 0.00934708 0.00241568 0.00346878 -0.0413104 0.0277967 1 0 0 0 0 0 0 0
374 1 0.1 6.07222 4.63535 0.588059 -0.000194716 -0.0047135 0.0016938 0.0440922 0.0458447 0.0210272 1 0 0 0 0 0 0 0
375 1 0.1 6.07057 0.963082 0.762561 0.000764069 0.00161837 0.000538392 0.0159506 -0.00377964 -0.0342592 1 0 0 0 0 0 0 0
376 1 0.1 5.74357 1.2778 0.750945 -0.0023831 0.000787639 0.000929618 0.00630063 -0.0105328 0.026731 1 0 0 0 0 0 0 0
377 1 0.1 5.60275 1.41948 0.748645 -0.00111881 0.0015407 -0.00358968 -0.0495976 -0.0118797 -0.0403163 1 0 0 0 0 0 0 0
378 1 0.1 5.46338 1.56181 0.762749 -0.00128927 0.00037027 6.52251e-05 0.0768844 0.03131 0.0560795 1 0 0 0 0 0 0 0
379 1 0.1 5.32278 1.70315 0.762012 0.00303319 0.00432109 -0.00769973 0.00405131 -0.0573818 -0.0357976 1 0 0 0 0 0 0 0
380 1 0.1 5.17336 1.8495 0.762768 0.00264233 -0.00236406 0.00165815 -0.0860136 0.0132593 -0.125848 1 0 0 0 0 0 0 0
381 1 0.1 5.24889 1.77833 0.593183 -0.00810504 0.00225656 -0.00180257 0.104735 0.198394 -0.0306517 1 0 0 0 0 0 0 0
382 1 0.1 4.89309 2.13096 0.76353 0.00438809 -0.00367672 -5.14645e-05 -0.0622274 -0.0115657 -0.0733142 1 0 0 0 0 0 0 0
383 1 0.1 4.70611 2.32026 0.757739 -0.313368 0.317453 -0.0204504 -0.0786825 0.100293 3.53231 1 0 0 0 0 0 0 0
384 1 0.1 4.52456 2.49071 0.742968 0.00767845 0.00407477 -0.0525877 -0.837124 0.137649 0.229104 1 0 0 0 0 0 0 0
385 1 0.1 4.31099 2.70734 0.534993 -0.00965509 -0.000762221 0.0300003 0.269578 -0.196817 -0.332214 1 0 0 0 0 0 0 0
386 1 0.1 4.20839 2.82254 0.71875 0.0170639 -0.0194207 0.0103286 0.166782 0.00749661 -0.223607 1 0 0 0 0 0 0 0
387 1 0.1 4.28703 3.01386 0.580426 -0.0195 0.0514109 0.129445 1.13441 1.53661 -0.767365 1 0 0 0 0 0 0 0
388 1 0.1 4.1973 3.01598 0.764059 0.0203092 -0.0229392 0.0145862 -0.0941802 -0.169347 0.163932 1 0 0 0 0 0 0 0
389 1 0.1 4.60799 3.26838 0.548426 0.0138082 -0.0176403 0.0649646 -3.57848 1.63593 0.388693 1 0 0 0 0 0 0 0
390 1 0.1 4.4665 3.44424 0.764134 -0.0549435 -0.052151 -0.0091755 0.351497 0.437356 -0.985198 1 0 0 0 0 0 0 0
391 1 0.1 4.60819 3.57826 0.750228 0.000767882 -0.037699 -0.0407893 0.429516 0.857482 0.729619 1 0 0 0 0 0 0 0
392 1 0.1 4.81251 3.7883 0.601341 0.0636693 0.0324998 0.0339657 -1.16633 0.131158 -1.27836 1 0 0 0 0 0 0 0
393 1 0.1 4.88825 3.86678 0.763172 0.103068 0.0574741 -0.00073389 0.675685 -1.21026 1.23257 1 0 0 0 0 0 0 0
394 1 0.1 5.11434 4.08811 0.763096 0.00901798 0.00653505 0.00184244 0.0423305 -0.0650071 0.0529177 1 0 0 0 0 0 0 0
395 1 0.1 5.25281 4.22926 0.744712 0.00700887 0.00103107 -0.0137134 -0.0216325 0.298651 -0.0806111 1 0 0 0 0 0 0 0
396 1 0.1 5.39753 4.36538 0.721239 0.00967943 -0.0181444 -0.0247479 0.137355 -0.332376 0.304345 1 0 0 0 0 0 0 0
397 1 0.1 5.53199 4.51053 0.750068 -0.00603256 -0.00450959 -0.000683554 -0.0184362 0.0316669 -0.059128 1 0 0 0 0 0 0 0
398 1 0.1 5.70564 4.67943 0.762159 0.00247813 0.00286138 0.00167502 -0.00249673 -0.0076799 0.0307594 1 0 0 0 0 0 0 0
399 1 0.1 5.84484 4.82198 0.749549 0.000442729 0.00207003 0.00109849 -0.00830042 -0.00737213 0.00568113 1 0 0 0 0 0 0 0
400 1 0.1 6.20647 0.816657 0.756065 -0.000956885 0.000301237 -0.0013394 -0.0129686 0.00724607 0.0104356 1 0 0 0 0 0 0 0
401 1 0.1 5.92994 1.09754 0.717447 0.000117767 -0.000836848 -0.000992303 -0.0180939 -0.0232448 0.0601442 1 0 0 0 0 0 0 0
402 1 0.1 5.65509 1.61775 0.762296 -0.000411349 -0.00173802 -0.00193164 0.0358354 -0.0510359 -0.0183554 1 0 0 0 0 0 0 0
403 1 0.1 5.679 1.72612 0.59611 0.00211106 0.000441623 0.0023159 0.00943819 0.0285387 0.00207802 1 0 0 0 0 0 0 0
404 1 0.1 5.51421 1.75942 0.762739 0.00200867 0.000198037 0.000340778 -0.0257696 0.0290002 0.00247702 1 0 0 0 0 0 0 0
405 1 0.1 5.35737 1.90205 0.706351 0.00252244 -0.00551113 -0.00148246 0.00554474 0.0420442 0.0112224 1 0 0 0 0 0 0 0
406 1 0.1 5.21448 2.05823 0.711011 -0.0661872 0.0511539 -0.188233 1.51233 2.58937 0.0418768 1 0 0 0 0 0 0 0
407 1 0.1 5.32999 2.197 0.587235 0.00645614 0.0129345 0.000495575 -0.058268 -0.0236879 -0.0170678 1 0 0 0 0 0 0 0
408 1 0.1 4.97683 2.3119 0.748443 -0.0718345 0.0257543 -0.0604995 -0.179429 0.657089 -0.150303 1 0 0 0 0 0 0 0
409 1 0.1 4.88425 2.48854 0.762676 0.000894974 0.0592602 0.00195446 0.6122 -0.158698 -0.539902 1 0 0 0 0 0 0 0
410 1 0.1 4.34458 2.68149 0.757547 0.0215302 -0.0196579 -0.00111223 -0.00379353 -0.00132879 -0.000971772 1 0 0 0 0 0 0 0
411 1 0.1 4.46253 2.94482 0.764383 -0.0602239 0.042745 0.00946443 0.395131 0.580503 -0.12534 1 0 0 0 0 0 0 0
412 1 0.1 4.4966 3.25116 0.763502 0.794412 -0.0479052 -0.00772507 13.4018 9.96391 2.19947 1 0 0 0 0 0 0 0
413 1 0.1 4.65439 3.36183 0.763537 0.523861 0.160237 0.00624943 -0.0490486 -0.476359 1.05158 1 0 0 0 0 0 0 0
414 1 0.1 4.78515 3.2307 0.471627 0.0917141 0.0162793 0.084496 1.69231 -1.63982 1.07708 1 0 0 0 0 0 0 0
415 1 0.1 4.54429 3.51883 0.572211 0.0576792 0.0759536 -0.103718 1.83244 -1.70254 1.3359 1 0 0 0 0 0 0 0
416 1 0.1 5.01251 3.51845 0.762801 0.272072 0.180111 0.00925528 -0.301168 0.261922 0.0196785 1 0 0 0 0 0 0 0
417 1 0.1 4.75947 3.70067 0.765733 -0.00394964 0.0673755 0.01453 0.957547 -0.430025 0.174214 1 0 0 0 0 0 0 0
418 1 0.1 4.99338 3.71105 0.606887 0.0919237 0.0309906 0.0383957 -0.636946 0.632117 1.11035 1 0 0 0 0 0 0 0
419 1 0.1 5.08599 3.89015 0.763152 0.0855136 -0.000668285 0.0052017 0.00948153 -0.285257 -0.124077 1 0 0 0 0 0 0 0
420 1 0.1 5.44425 4.17852 0.765127 0.00682369 0.0010291 0.00823824 0.307085 0.273133 0.181912 1 0 0 0 0 0 0 0
421 1 0.1 5.58718 4.31872 0.762527 0.00740092 0.000981276 0.000605986 0.0455012 0.0210129 -0.0559643 1 0 0 0 0 0 0 0
422 1 0.1 5.75483 4.48628 0.763099 0.00640882 0.00704092 0.00166089 0.0521173 -0.0339511 0.0231923 1 0 0 0 0 0 0 0
423 1 0.1 5.87611 4.63197 0.669318 0.00574887 0.00576745 0.00272612 0.0100021 0.0113137 0.0728609 1 0 0 0 0 0 0 0
424 1 0.1 6.12715 5.10421 0.749984 0.000282641 0.000196599 -0.000390778 0.00190093 -0.00690414 -0.00108431 1 0 0 0 0 0 0 0
425 1 0.1 6.34682 0.674381 0.749769 -0.000609125 0.000479977 0.000930009 -0.00791482 -0.0181105 0.00325867 1 0 0 0 0 0 0 0
426 1 0.1 5.94261 1.292 0.762512 -0.00204919 -0.00141084 9.48216e-05 -0.0137389 0.010467 -0.0467044 1 0 0 0 0 0 0 0
427 1 0.1 5.82541 1.45981 0.76254 -0.00359607 0.00196391 -0.000447124 -0.00764945 -0.104807 0.0280538 1 0 0 0 0 0 0 0
428 1 0.1 5.91061 1.86955 0.762662 0.000408596 -0.00283269 0.00017882 -0.030506 -0.000261624 -0.00366493 1 0 0 0 0 0 0 0
429 1 0.1 5.69902 1.83569 0.7624 0.00302082 -0.000479041 0.00406021 0.0412863 -0.0639495 -0.014913 1 0 0 0 0 0 0 0
430 1 0.1 5.54043 1.95746 0.762751 0.00323882 -0.00134799 -0.00074718 0.00292549 -0.0387542 0.0160524 1 0 0 0 0 0 0 0
431 1 0.1 5.42424 2.17967 0.762579 0.00214017 0.00826695 0.000826119 0.0817516 -0.0198844 -0.0387308 1 0 0 0 0 0 0 0
432 1 0.1 5.21015 2.25118 0.763339 0.00177898 0.00250419 -0.00135156 0.00303503 -0.0550547 -0.127377 1 0 0 0 0 0 0 0
433 1 0.1 5.36512 2.55065 0.441742 0.0310596 0.0164949 0.0183763 0.0916058 -0.30299 -0.102712 1 0 0 0 0 0 0 0
434 1 0.1 5.08589 2.55028 0.763522 0.00439847 0.0020595 0.0088307 0.0654083 -0.00940189 -0.370937 1 0 0 0 0 0 0 0
435 1 0.1 4.76329 2.70625 0.76124 -0.0283542 0.00672316 -0.0116487 0.33133 0.40952 0.541448 1 0 0 0 0 0 0 0
436 1 0.1 4.56508 2.68106 0.767724 -0.0284985 -0.0100999 0.0141105 -0.325651 0.370062 -0.0632852 1 0 0 0 0 0 0 0
437 1 0.1 4.75276 3.04148 0.523687 0.113765 -0.0751105 -0.105157 0.0223152 -0.111343 -0.866243 1 0 0 0 0 0 0 0
438 1 0.1 4.83685 3.24155 0.763192 0.718915 0.154711 -0.00187134 -1.50529 -0.771983 3.20496 1 0 0 0 0 0 0 0
439 1 0.1 4.82264 3.46317 0.764116 0.392743 0.231451 0.0126935 0.105528 -0.273318 0.0464134 1 0 0 0 0 0 0 0
440 1 0.1 4.9854 3.23274 0.63089 0.639951 0.113724 -0.0856482 -0.775516 2.1412 -1.62443 1 0 0 0 0 0 0 0
441 1 0.1 5.11097 3.69101 0.763768 0.156291 0.15033 0.0114726 0.382076 -0.286098 0.361556 1 0 0 0 0 0 0 0
442 1 0.1 5.2357 3.75734 0.621513 0.0478307 0.000169625 -0.0660246 0.870647 0.470414 0.614907 1 0 0 0 0 0 0 0
443 1 0.1 5.34493 3.84028 0.763688 0.00993612 -0.0220959 -0.00423437 -0.204448 -0.120648 0.202997 1 0 0 0 0 0 0 0
444 1 0.1 5.50388 3.989 0.76256 0.0148605 -0.0012164 0.000367985 -0.0611889 -0.0635976 -0.0282786 1 0 0 0 0 0 0 0
445 1 0.1 5.66267 4.12979 0.662052 -0.282263 -0.226242 0.222375 0.137255 -2.72173 -3.1119 1 0 0 0 0 0 0 0
446 1 0.1 5.78381 4.28348 0.76253 0.00808026 0.00121959 -0.000279537 0.0129266 -0.0194246 0.0550744 1 0 0 0 0 0 0 0
447 1 0.1 5.93926 4.40931 0.7627 0.00639982 0.00478122 0.00124379 0.0472907 -0.0584536 -0.0126396 1 0 0 0 0 0 0 0
448 1 0.1 6.02247 4.73121 0.762541 0.0021279 0.00651637 0.00169112 0.0268945 -0.00925069 -0.0148298 1 0 0 0 0 0 0 0
449 1 0.1 6.26856 5.24556 0.749989 8.50697e-05 8.7346e-05 -0.000143276 0.00215025 -4.04135e-05 0.00261423 1 0 0 0 0 0 0 0
450 1 0.1 6.22644 1.03535 0.66028 0.000154281 -0.000377287 -0.000781799 -0.0265836 0.0172079 0.0136749 1 0 0 0 0 0 0 0
451 1 0.1 6.09108 1.17985 0.632713 0.000776825 -0.00018894 0.000414993 0.00592096 -0.00838532 -0.0464521 1 0 0 0 0 0 0 0
452 1 0.1 6.00239 1.55277 0.761383 -0.0408109 0.0733193 -0.00051413 -0.0578132 0.0708021 0.778246 1 0 0 0 0 0 0 0
453 1 0.1 5.84474 1.68075 0.76254 -0.00085121 -0.0023055 0.000451871 -0.0278342 0.021338 0.0126265 1 0 0 0 0 0 0 0
454 1 0.1 5.62732 2.13676 0.762658 0.0011996 -0.00142915 7.89173e-06 -0.0218163 -0.0133771 -0.00609706 1 0 0 0 0 0 0 0
455 1 0.1 5.5647 2.32614 0.76313 0.00380765 -0.000845054 0.00190521 -0.026928 -0.0377668 -0.0425004 1 0 0 0 0 0 0 0
456 1 0.1 5.35278 2.39101 0.762628 0.0421133 -0.0424697 0.00151327 0.0466798 -0.0323803 -0.114158 1 0 0 0 0 0 0 0
457 1 0.1 5.70416 2.32519 0.43709 0.0102598 -0.00230805 0.00626241 0.00553325 -0.0235801 -0.00466879 1 0 0 0 0 0 0 0
458 1 0.1 5.29803 2.57381 0.704061 0.0277056 -0.0561177 -0.00352719 -0.0505768 -0.248828 0.371281 1 0 0 0 0 0 0 0
459 1 0.1 5.47554 2.64324 0.762588 0.00151781 -0.00370845 -0.0014955 -0.0594599 0.00244751 -0.0351088 1 0 0 0 0 0 0 0
460 1 0.1 5.16001 2.64286 0.578434 0.0670768 -0.0613036 -0.0356013 -0.0821904 -0.192846 -0.488291 1 0 0 0 0 0 0 0
461 1 0.1 4.91364 2.84342 0.765927 0.0327544 -0.0432207 -0.020979 -0.261352 -0.183391 0.106907 1 0 0 0 0 0 0 0
462 1 0.1 4.788 3.00994 0.725898 0.55653 -0.464253 0.370419 3.99639 2.94469 -1.90379 1 0 0 0 0 0 0 0
463 1 0.1 5.1514 3.09849 0.539476 0.00430247 -0.0169976 -0.00454082 -0.221823 -0.264297 0.259519 1 0 0 0 0 0 0 0
464 1 0.1 4.94133 3.10877 0.466714 0.0882272 -0.005217 0.0734364 0.654945 -0.476109 -0.856257 1 0 0 0 0 0 0 0
465 1 0.1 5.0752 3.44786 0.587329 0.175667 0.110939 0.0312245 -0.177678 0.21912 -0.378398 1 0 0 0 0 0 0 0
466 1 0.1 5.30024 3.63173 0.762802 0.110498 0.109438 -0.00127393 -0.0906876 0.453743 -0.626546 1 0 0 0 0 0 0 0
467 1 0.1 5.44886 3.66917 0.635592 0.0743724 0.0177869 -0.0244379 -0.0881629 -0.201691 -0.314976 1 0 0 0 0 0 0 0
468 1 0.1 5.5392 3.79295 0.762821 0.0255096 -0.000575719 -0.00140745 0.134516 -0.285358 0.192627 1 0 0 0 0 0 0 0
469 1 0.1 5.69206 3.92179 0.762742 0.0174783 0.0035693 0.00407875 0.0308637 -0.0830281 -0.0384915 1 0 0 0 0 0 0 0
470 1 0.1 5.88695 3.87469 0.762613 -0.00621003 -0.00192735 -0.00273953 -0.00474119 0.059275 0.0221467 1 0 0 0 0 0 0 0
471 1 0.1 5.82647 4.06961 0.762635 0.0126182 0.00505881 0.000595281 -0.124268 -2.37756e-05 0.113003 1 0 0 0 0 0 0 0
472 1 0.1 5.96797 4.20911 0.74007 0.0115035 0.00621824 0.00900768 -0.0161969 -0.0840216 0.00319597 1 0 0 0 0 0 0 0
473 1 0.1 5.99141 4.95759 0.750528 0.00252213 -0.0010652 -0.00020532 0.0156552 0.0318955 -0.0308791 1 0 0 0 0 0 0 0
474 1 0.1 6.1764 4.90137 0.699808 0.00157388 -0.00428715 -0.00237342 -0.0100372 -0.0109669 0.00163763 1 0 0 0 0 0 0 0
475 1 0.1 6.22947 1.24268 0.762536 -0.0300823 0.0659394 0.0003041 0.657653 0.303211 1.62619 1 0 0 0 0 0 0 0
476 1 0.1 6.06304 1.3774 0.627658 0.000861188 -0.00138624 0.00207649 0.0119713 -0.0483839 0.0452592 1 0 0 0 0 0 0 0
477 1 0.1 6.02298 2.11529 0.762592 0.00602528 -0.00520252 0.000352218 -0.0523078 -0.0569904 0.0170238 1 0 0 0 0 0 0 0
478 1 0.1 5.85471 2.22691 0.761773 -0.00321538 -0.000885939 -0.00061685 0.0104553 0.0219095 0.0466171 1 0 0 0 0 0 0 0
479 1 0.1 5.80363 2.42011 0.76259 -0.000797958 -0.000298272 7.3732e-07 -0.00877545 0.00684761 -0.0697794 1 0 0 0 0 0 0 0
480 1 0.1 5.91273 3.17951 0.762617 0.00334513 0.00216459 0.00148522 0.0417901 -0.0311975 -0.0671078 1 0 0 0 0 0 0 0
481 1 0.1 5.85587 2.82923 0.762504 -0.0109522 0.0173516 -0.000332982 -0.0142585 -0.01527 0.173126 1 0 0 0 0 0 0 0
482 1 0.1 5.62814 2.51529 0.762674 0.000315843 -0.000718489 0.00108609 -0.0093792 0.0135239 0.0677081 1 0 0 0 0 0 0 0
483 1 0.1 5.69854 2.4605 0.583979 0.00284381 -0.00069423 0.00407728 -0.0389467 -0.0220549 0.0435103 1 0 0 0 0 0 0 0
484 1 0.1 5.5078 2.83987 0.762664 0.0072317 -0.00835399 0.000106551 0.116077 0.195261 -0.158971 1 0 0 0 0 0 0 0
485 1 0.1 5.35387 2.96599 0.763191 0.00814747 -0.00911637 0.000512753 -0.108008 -0.0917252 0.263806 1 0 0 0 0 0 0 0
486 1 0.1 5.112 2.74763 0.762927 0.0387429 -0.0068333 -0.00890022 -0.0287665 -0.452759 -0.309965 1 0 0 0 0 0 0 0
487 1 0.1 4.98529 3.08341 0.764479 -0.0109778 0.000876367 -0.0230838 -0.0266994 0.0799614 -0.0605135 1 0 0 0 0 0 0 0
488 1 0.1 5.16539 3.15811 0.732541 -0.00534799 0.00384572 -0.0399393 -0.0723941 -0.0413713 0.0861236 1 0 0 0 0 0 0 0
489 1 0.1 5.25239 3.29174 0.615594 -0.0105917 0.0372309 -0.0167532 -0.0882537 -0.379444 1.1231 1 0 0 0 0 0 0 0
490 1 0.1 5.38546 3.29313 0.762348 -0.0127573 0.0536933 0.00204858 0.394562 -0.00684258 -0.209827 1 0 0 0 0 0 0 0
491 1 0.1 5.12228 3.35155 0.758542 -0.000726119 -0.000932774 0.00688171 0.297938 -0.21572 -1.4389 1 0 0 0 0 0 0 0
492 1 0.1 5.42769 3.48338 0.727235 0.0290666 0.0386724 -0.0022523 -0.434869 0.166735 -0.301053 1 0 0 0 0 0 0 0
493 1 0.1 5.72651 3.10689 0.762533 -0.00149636 0.0120722 -0.00130149 0.0505241 0.0324606 -0.0382513 1 0 0 0 0 0 0 0
494 1 0.1 5.58571 3.59875 0.762843 0.0392026 0.00654453 0.000142393 0.144752 -0.404065 -0.0832209 1 0 0 0 0 0 0 0
495 1 0.1 5.77625 3.65899 0.761107 0.0183558 0.0631052 0.0301417 -0.309939 0.0338927 0.679498 1 0 0 0 0 0 0 0
496 1 0.1 5.87309 3.48407 0.762505 -0.0177952 0.0430209 -0.000332259 0.342379 0.205865 -0.434382 1 0 0 0 0 0 0 0
497 1 0.1 5.93567 4.07505 0.595276 0.0294537 -0.000154663 0.0103498 -0.0593785 -0.16394 0.0121664 1 0 0 0 0 0 0 0
498 1 0.1 6.13806 4.56583 0.762833 0.00218679 -0.0043411 0.000288882 -0.0446584 -0.0187824 0.000559227 1 0 0 0 0 0 0 0
499 1 0.1 6.25451 4.72834 0.76251 0.000959703 -0.00375729 0.000152663 -0.00575952 -0.0183612 0.000692777 1 0 0 0 0 0 0 0
