500
0 1 0.1 5.96455 1.0584 0.150134 0.000616955 -0.000685375 -0.000635868 -0.0278368 -0.0274278 0.00777513 1 0 0 0 0 0 0 0
1 1 0.1 5.80531 1.21459 0.146036 -0.000336266 -0.000524937 0.00132558 0.00573252 -0.00996731 0.000723169 1 0 0 0 0 0 0 0
2 1 0.1 5.65037 1.36848 0.143866 -0.000383476 -0.000157067 0.00138332 0.00626737 -0.0131191 -0.000484765 1 0 0 0 0 0 0 0
3 1 0.1 5.3601 1.6608 0.147639 -0.0165451 0.0104174 0.030114 0.0966733 -0.311135 0.161971 1 0 0 0 0 0 0 0
4 1 0.1 5.48215 1.83855 0.332556 0.055165 0.00729231 -0.0181316 0.433885 0.0739011 -0.0591858 1 0 0 0 0 0 0 0
5 1 0.1 5.16791 1.8542 0.133553 0.0233711 -0.014416 -0.000897758 0.044215 0.194212 0.0148757 1 0 0 0 0 0 0 0
6 1 0.1 4.99896 2.0417 0.134513 0.0329114 -0.031092 -0.0142528 0.25523 0.327174 -0.00503964 1 0 0 0 0 0 0 0
7 1 0.1 4.80225 2.21197 0.145601 0.0230958 -0.0299674 0.00253305 0.0768014 -0.182611 0.0450163 1 0 0 0 0 0 0 0
8 1 0.1 4.666 2.71932 0.136923 0.14543 -0.0720053 -7.9506e-05 0.652453 1.00194 1.13431 1 0 0 0 0 0 0 0
9 1 0.1 4.64086 2.53667 0.212891 0.0932794 -0.0651492 -0.0259044 0.36712 -0.443873 -0.663599 1 0 0 0 0 0 0 0
10 1 0.1 4.19162 2.86452 0.151718 -0.0102286 -0.0158431 -0.0347739 -0.623291 0.332886 -0.209629 1 0 0 0 0 0 0 0
11 1 0.1 4.19362 2.86156 0.351654 0.00112745 -0.170376 -0.0380772 1.11952 -0.323394 0.308301 1 0 0 0 0 0 0 0
12 1 0.1 4.1951 3.06333 0.138483 0.0024399 -0.0254365 0.000263505 0.762072 -0.0142444 -0.302417 1 0 0 0 0 0 0 0
13 1 0.1 4.25763 3.22311 0.237827 0.0663735 -0.103747 0.066252 -0.801578 0.0648471 -0.660643 1 0 0 0 0 0 0 0
14 1 0.1 4.37868 3.3421 0.136281 0.0180399 -0.109983 -0.00360078 1.19884 0.419855 1.23057 1 0 0 0 0 0 0 0
15 1 0.1 4.52088 3.50155 0.139596 -0.00176784 -0.00874306 0.0022618 -0.00411382 -0.0323223 -0.0544057 1 0 0 0 0 0 0 0
16 1 0.1 4.58222 3.3113 0.137483 -0.0131937 -0.019537 -9.0457e-05 -0.047193 0.264892 -0.114794 1 0 0 0 0 0 0 0
17 1 0.1 4.69622 3.60284 0.240686 0.00645727 0.0276418 0.0279904 0.98802 -0.0729386 -0.510272 1 0 0 0 0 0 0 0
18 1 0.1 4.76248 3.74685 0.123093 -0.0262259 -0.00911463 0.001323 -2.19749 0.135199 -1.05579 1 0 0 0 0 0 0 0
19 1 0.1 4.93942 3.91619 0.135693 0.00837245 0.00808773 -0.00530492 -0.103187 0.13156 0.176935 1 0 0 0 0 0 0 0
20 1 0.1 5.07858 4.05847 0.147199 0.00354383 0.00333173 0.00448119 -0.0416258 0.00876218 0.00711991 1 0 0 0 0 0 0 0
21 1 0.1 5.22043 4.19901 0.144361 0.00236313 0.00197171 -0.000688651 -0.0188921 0.000748526 -0.00528328 1 0 0 0 0 0 0 0
22 1 0.1 5.54259 4.51928 0.150028 -0.000279294 -0.000176345 -0.000184849 0.000782037 0.000168325 -0.00550723 1 0 0 0 0 0 0 0
23 1 0.1 5.69542 4.67129 0.151259 0.0018385 0.00304785 -0.00377511 0.0245557 0.0284853 0.0384945 1 0 0 0 0 0 0 0
24 1 0.1 5.98173 4.95826 0.150023 -0.000190139 -0.000339209 0.00186096 -0.013168 -0.0130295 -0.0030984 1 0 0 0 0 0 0 0
25 1 0.1 6.10588 0.917157 0.14993 0.000972204 -0.00106528 0.000394765 0.019904 0.0189455 -0.0108344 1 0 0 0 0 0 0 0
26 1 0.1 5.87992 1.39983 0.137091 0.00813485 -0.0048376 -0.00215645 0.0432257 0.0592926 -0.00279966 1 0 0 0 0 0 0 0
27 1 0.1 5.69598 1.58262 0.137456 0.0125122 -0.0312429 -0.000283315 0.0041057 -0.0622961 -0.0256792 1 0 0 0 0 0 0 0
28 1 0.1 5.50956 1.51039 0.13976 5.65049e-05 0.000317937 0.000454109 -0.00368655 -0.00611524 0.0019955 1 0 0 0 0 0 0 0
29 1 0.1 5.56604 1.88458 0.137583 0.0183031 -0.0101316 -0.0140112 -0.0748605 -0.471989 0.0924069 1 0 0 0 0 0 0 0
30 1 0.1 5.36776 1.86012 0.133617 0.0171619 0.00622221 -0.00621134 0.0471755 0.0680798 0.290617 1 0 0 0 0 0 0 0
31 1 0.1 5.20824 2.04952 0.136752 -0.014335 -0.00161144 0.00243681 -0.0316066 -0.118315 0.0130269 1 0 0 0 0 0 0 0
32 1 0.1 5.00697 2.24143 0.137441 -0.0113403 -0.0336425 -0.00153873 0.330102 -0.124379 0.184463 1 0 0 0 0 0 0 0
33 1 0.1 4.45031 2.56685 0.136765 -0.0149522 0.00350843 0.0146673 0.47468 -0.130757 0.116378 1 0 0 0 0 0 0 0
34 1 0.1 4.9015 2.72471 0.13729 -0.00602626 -0.00367354 0.0012151 -0.0419385 -0.130176 0.0206138 1 0 0 0 0 0 0 0
35 1 0.1 4.31708 2.71172 0.13545 0.0266931 0.0222149 -0.0118328 -0.182527 0.321641 -0.110962 1 0 0 0 0 0 0 0
36 1 0.1 5.1673 2.89785 0.303358 0.062373 -8.44351e-05 -0.00116439 -0.0545887 0.0223238 -0.0045183 1 0 0 0 0 0 0 0
37 1 0.1 4.38276 2.90222 0.129519 -0.0203042 -0.104184 -0.00638289 0.700706 -0.180526 -1.34775 1 0 0 0 0 0 0 0
38 1 0.1 4.42605 3.08874 0.165809 0.189401 -0.19286 0.156534 -2.55136 1.96479 -2.01011 1 0 0 0 0 0 0 0
39 1 0.1 4.46681 3.24319 0.285834 0.0290225 -0.047575 0.0194142 0.455477 -2.47267 2.15052 1 0 0 0 0 0 0 0
40 1 0.1 4.92137 3.32826 0.137485 0.152394 0.113316 0.00450781 0.230691 0.654689 0.159775 1 0 0 0 0 0 0 0
41 1 0.1 4.88555 3.66396 0.257417 -0.0249422 0.102901 -0.0234114 0.986767 1.65147 1.06694 1 0 0 0 0 0 0 0
42 1 0.1 5.2043 3.70113 0.13704 0.0259626 -0.00218211 -0.00610191 -0.0130178 0.280978 0.0451414 1 0 0 0 0 0 0 0
43 1 0.1 5.06248 3.8849 0.285219 -0.0176994 0.0479434 0.0160773 0.0190961 -0.332349 0.301784 1 0 0 0 0 0 0 0
44 1 0.1 5.39213 3.95686 0.137458 0.00422343 -0.00190506 -0.000506004 0.0166485 0.0565124 -0.00842522 1 0 0 0 0 0 0 0
45 1 0.1 5.41533 4.15541 0.137523 0.00299748 -0.00105845 -0.000379789 -0.00479473 0.00249263 0.00989094 1 0 0 0 0 0 0 0
46 1 0.1 5.52813 4.31992 0.150001 0.000932141 8.88743e-05 -0.000611481 0.00156276 -0.00306453 0.0166277 1 0 0 0 0 0 0 0
47 1 0.1 5.75992 4.48267 0.136901 0.00948795 0.00505983 -0.00172051 -0.0325743 0.0637658 -0.0187081 1 0 0 0 0 0 0 0
48 1 0.1 5.83701 4.81266 0.148106 0.00559377 0.00429891 -0.00418831 -0.0102501 0.0699676 0.0588668 1 0 0 0 0 0 0 0
49 1 0.1 6.13263 5.11098 0.150157 -0.000107893 -0.000129358 0.000232757 -0.00815918 0.00158108 0.0192231 1 0 0 0 0 0 0 0
50 1 0.1 6.24717 0.775809 0.149938 0.000968273 -0.000983293 -0.000775745 -0.00548383 -0.00246342 0.00956102 1 0 0 0 0 0 0 0
51 1 0.1 6.01363 1.25169 0.138736 0.00826594 -0.00375068 -0.00170296 -0.0387558 -0.0639545 0.00751093 1 0 0 0 0 0 0 0
52 1 0.1 6.0141 1.84615 0.137428 0.0313298 0.0167918 -0.00134928 -0.168761 0.311537 0.468774 1 0 0 0 0 0 0 0
53 1 0.1 5.82097 1.7898 0.137287 0.00480621 0.00529093 -0.000937354 -0.0458486 0.0498858 0.0192436 1 0 0 0 0 0 0 0
54 1 0.1 5.73847 1.97642 0.18008 -0.0290994 0.0302453 0.0866629 -0.233068 -0.857985 0.301613 1 0 0 0 0 0 0 0
55 1 0.1 5.40867 2.0529 0.162356 -0.0057212 0.019644 -0.0294584 0.298857 0.0331005 0.375403 1 0 0 0 0 0 0 0
56 1 0.1 5.30233 2.24554 0.13743 -0.0231655 0.0119919 0.00180949 0.0143828 -0.0207434 0.0172563 1 0 0 0 0 0 0 0
57 1 0.1 5.19593 2.30681 0.295286 0.000570951 0.0114845 0.0180397 0.0127734 0.102625 0.0117053 1 0 0 0 0 0 0 0
58 1 0.1 4.88341 2.36684 0.231956 0.0125164 -0.0277087 0.0123221 -0.0970426 0.0155417 0.0639953 1 0 0 0 0 0 0 0
59 1 0.1 4.6637 2.35418 0.137037 0.0235738 -0.0323714 -0.0128553 -0.41883 0.171771 0.0919034 1 0 0 0 0 0 0 0
60 1 0.1 5.27059 2.73207 0.345455 0.113644 0.0156975 -0.0407173 -0.0381373 -0.369299 0.289221 1 0 0 0 0 0 0 0
61 1 0.1 4.76965 2.88912 0.154212 -0.140769 0.105375 -0.0625172 -0.336536 0.724533 2.31863 1 0 0 0 0 0 0 0
62 1 0.1 4.96482 2.929 0.137488 -0.169795 0.26078 -0.000384446 -1.28913 -1.68514 -0.548486 1 0 0 0 0 0 0 0
63 1 0.1 4.64886 3.04716 0.134562 0.00548468 0.237423 0.0130477 -2.42378 0.0597904 -0.514689 1 0 0 0 0 0 0 0
64 1 0.1 4.75723 3.21457 0.137363 0.10306 0.178728 0.00135244 0.492665 -0.197076 -0.98617 1 0 0 0 0 0 0 0
65 1 0.1 4.80579 3.52953 0.397576 -0.524566 -0.253511 0.411259 0.838521 -2.34444 -1.25167 1 0 0 0 0 0 0 0
66 1 0.1 5.30892 3.5315 0.137329 0.0186952 -0.00265814 -0.00599695 -0.0482248 -0.0517507 0.0500793 1 0 0 0 0 0 0 0
67 1 0.1 5.47222 3.64604 0.137076 0.00087147 0.00741575 -0.00313993 -0.0559676 -0.0502107 0.111476 1 0 0 0 0 0 0 0
68 1 0.1 5.2005 3.90074 0.137406 0.00565841 -0.00159886 0.00545946 0.0608679 0.0248462 0.00906895 1 0 0 0 0 0 0 0
69 1 0.1 5.61319 4.01844 0.423751 -0.0539083 0.0108632 0.0219742 -0.153771 -0.421983 -0.0321022 1 0 0 0 0 0 0 0
70 1 0.1 5.58723 4.16462 0.28075 0.00989676 0.00144955 -0.0020447 0.0215357 -0.0263692 0.13561 1 0 0 0 0 0 0 0
71 1 0.1 5.72109 4.20056 0.137393 0.00440092 0.00550385 0.000260428 -0.0437477 0.0275373 -0.0273991 1 0 0 0 0 0 0 0
72 1 0.1 5.87924 4.32224 0.137269 0.00345075 0.00118088 -0.00130997 0.00478895 0.00399625 -0.00126607 1 0 0 0 0 0 0 0
73 1 0.1 6.12002 4.81441 0.138354 -0.00180812 -0.00245277 0.00324857 -0.00213343 0.01752 -0.0200991 1 0 0 0 0 0 0 0
74 1 0.1 6.35702 5.34069 0.150003 0.000403247 0.000657427 -3.76425e-05 0.00054255 0.000176418 0.00799625 1 0 0 0 0 0 0 0
75 1 0.1 6.25046 0.990764 0.26676 0.001912 -0.00339345 -0.00068037 -0.0487793 -0.0288642 -0.0227503 1 0 0 0 0 0 0 0
76 1 0.1 6.15698 1.1113 0.137475 0.00156784 -0.00300823 0.000106364 0.0450289 0.017861 0.0436512 1 0 0 0 0 0 0 0
77 1 0.1 6.08315 1.65874 0.137327 0.0388183 0.0202927 -0.000381276 -0.234397 0.406241 -0.427594 1 0 0 0 0 0 0 0
78 1 0.1 5.9365 2.03221 0.137385 0.0080521 -0.00184799 -7.1454e-05 0.0221061 0.0789428 0.209352 1 0 0 0 0 0 0 0
79 1 0.1 5.72563 2.26199 0.300338 0.00338994 -0.0042981 -0.00118003 0.0205974 -0.0999777 -0.0913615 1 0 0 0 0 0 0 0
80 1 0.1 5.59686 2.11094 0.137256 -0.00614591 0.0271581 -0.00109014 0.170077 -0.190808 -0.318828 1 0 0 0 0 0 0 0
81 1 0.1 5.60702 2.31885 0.136692 -0.00677927 0.00992269 -0.00115134 -0.121383 -0.0691148 -0.0795589 1 0 0 0 0 0 0 0
82 1 0.1 5.75615 2.75937 0.138507 0.104096 0.0182235 0.0131001 0.239628 -0.76306 -0.232817 1 0 0 0 0 0 0 0
83 1 0.1 5.40552 2.43846 0.150137 -0.0441616 0.0328683 0.0785671 -0.174474 -0.521515 0.112831 1 0 0 0 0 0 0 0
84 1 0.1 4.82562 2.53305 0.137389 0.102016 -0.00315968 -0.000407771 0.238029 0.213932 0.433571 1 0 0 0 0 0 0 0
85 1 0.1 5.07899 2.6264 0.136837 -0.000895299 0.0126068 -0.00173486 -0.128353 -0.0330134 -0.109007 1 0 0 0 0 0 0 0
86 1 0.1 5.59782 2.88319 0.33923 0.0488717 -0.0313266 0.0147215 -0.18067 -0.172604 -0.381912 1 0 0 0 0 0 0 0
87 1 0.1 5.208 2.99722 0.135894 0.0404633 0.0176744 -0.00226327 -0.268539 0.405227 -0.155546 1 0 0 0 0 0 0 0
88 1 0.1 5.12114 3.32525 0.142863 0.151599 0.00804106 -0.00490888 0.0308156 -0.558349 -1.21423 1 0 0 0 0 0 0 0
89 1 0.1 4.84042 3.51081 0.137373 0.0191659 0.0630237 0.00263418 -0.633414 0.19922 1.27222 1 0 0 0 0 0 0 0
90 1 0.1 5.10915 3.52505 0.13518 0.0157109 0.00961964 -0.0025574 -0.110014 0.171577 -0.0501315 1 0 0 0 0 0 0 0
91 1 0.1 5.4903 3.44771 0.137477 0.0199703 0.00341432 -0.00294834 0.0963347 -0.0749905 0.253843 1 0 0 0 0 0 0 0
92 1 0.1 5.68291 3.61683 0.137329 -0.00505852 0.00653435 -0.000353892 -0.0408485 -0.0444972 -0.0222521 1 0 0 0 0 0 0 0
93 1 0.1 5.75154 3.87515 0.25757 0.00168222 0.00482099 0.00516566 -0.0447347 0.0386231 0.0269409 1 0 0 0 0 0 0 0
94 1 0.1 5.57999 3.96304 0.205177 0.00228761 -0.00230634 -6.31781e-05 0.000673958 -0.0784892 0.0275253 1 0 0 0 0 0 0 0
95 1 0.1 5.8525 3.99881 0.137446 -0.00237759 0.00256765 -5.9784e-05 -0.0150533 -0.0119734 0.00443096 1 0 0 0 0 0 0 0
96 1 0.1 5.97934 4.15115 0.162938 -0.00454242 0.000227238 0.0216718 -0.0316374 -0.384804 -0.0439003 1 0 0 0 0 0 0 0
97 1 0.1 6.00495 4.4574 0.213132 0.00648271 -0.00284726 0.00123095 -0.0630792 -0.0823021 -0.0936381 1 0 0 0 0 0 0 0
98 1 0.1 6.25286 4.95562 0.186748 -0.0247926 -0.0032209 0.0690398 -0.0616726 -1.07176 -0.0440277 1 0 0 0 0 0 0 0
99 1 0.1 6.32998 5.14258 0.15098 -0.000146739 0.000720534 0.000102114 -0.00230993 -0.00165542 -0.0139853 1 0 0 0 0 0 0 0
100 1 0.1 6.35843 0.656981 0.349972 -0.000286161 0.000360778 -0.000177031 -0.00284327 -0.00460005 0.0048432 1 0 0 0 0 0 0 0
101 1 0.1 6.18437 1.35566 0.137484 -0.0129643 0.0306739 -0.000308885 -0.286789 -0.150173 0.412173 1 0 0 0 0 0 0 0
102 1 0.1 6.04703 1.47838 0.215355 -0.00615869 0.0325465 0.0077105 0.289111 0.300397 -0.375167 1 0 0 0 0 0 0 0
103 1 0.1 5.92578 2.26942 0.294152 0.00193548 0.00963111 -0.0308108 -0.053645 0.183784 0.190867 1 0 0 0 0 0 0 0
104 1 0.1 5.94116 2.93408 0.479206 0.0382726 0.00951401 0.000611485 0.0499515 0.221426 -0.339092 1 0 0 0 0 0 0 0
105 1 0.1 5.80684 2.36405 0.148831 -0.0151553 0.00104531 -0.00779516 0.0302883 0.260531 0.145218 1 0 0 0 0 0 0 0
106 1 0.1 5.78719 2.56233 0.137411 0.024123 0.0058743 -0.000567529 -0.0151396 0.259501 -0.569286 1 0 0 0 0 0 0 0
107 1 0.1 5.84663 3.11002 0.470136 0.0581018 0.0222406 0.0153598 -0.108492 0.224406 0.195866 1 0 0 0 0 0 0 0
108 1 0.1 5.57125 2.73491 0.207756 0.0915635 0.00692983 -0.0392586 0.865697 0.367268 -0.0380384 1 0 0 0 0 0 0 0
109 1 0.1 5.58032 2.54862 0.136754 0.0113715 -0.0100052 -0.00123603 0.126495 0.105044 -0.0199862 1 0 0 0 0 0 0 0
110 1 0.1 5.325 2.64087 0.137782 -0.435385 -0.411912 -0.00631243 -0.0608691 -0.168655 -5.56253 1 0 0 0 0 0 0 0
111 1 0.1 5.19251 2.79064 0.137162 0.0271093 -0.00467415 -0.000723902 0.0333926 0.266084 -0.171067 1 0 0 0 0 0 0 0
112 1 0.1 5.40252 3.04349 0.137368 0.0385415 0.0477953 -0.00407626 -0.0472988 0.0376299 0.0211656 1 0 0 0 0 0 0 0
113 1 0.1 4.9835 3.13827 0.137466 -0.14418 0.0047606 0.000281277 -0.137224 -0.725752 -3.2915 1 0 0 0 0 0 0 0
114 1 0.1 5.45076 3.23669 0.261266 0.0276274 0.0108553 0.00316223 0.0218325 -0.0453585 -0.0450091 1 0 0 0 0 0 0 0
115 1 0.1 5.62967 3.30979 0.174172 0.0254939 0.0134533 0.0139222 -0.124727 -0.136959 -0.129012 1 0 0 0 0 0 0 0
116 1 0.1 5.59717 3.11627 0.137391 -0.0226327 0.0251137 -0.000780437 0.232843 -0.179896 -0.420636 1 0 0 0 0 0 0 0
117 1 0.1 5.82285 3.34575 0.137482 0.0246337 0.0111532 0.00028812 -0.108343 0.233193 0.143179 1 0 0 0 0 0 0 0
118 1 0.1 5.85077 3.75002 0.137424 -0.0033966 0.00708706 -0.000212291 -0.0392463 0.108835 0.0984321 1 0 0 0 0 0 0 0
119 1 0.1 6.01019 3.87582 0.13747 0.00215715 0.00923632 0.000284498 -0.0980868 0.0260848 0.0558333 1 0 0 0 0 0 0 0
120 1 0.1 5.86757 3.54062 0.141681 -0.000356426 0.0187107 -0.0137724 0.0846196 0.147489 0.139709 1 0 0 0 0 0 0 0
121 1 0.1 6.01123 3.24193 0.137374 0.0235171 0.00699252 -0.00201306 -0.0648821 0.211748 -0.112974 1 0 0 0 0 0 0 0
122 1 0.1 6.03082 4.24379 0.349265 -0.00407032 -0.0331819 0.147157 -0.57367 -1.5986 -0.466267 1 0 0 0 0 0 0 0
123 1 0.1 6.09977 4.61585 0.137377 0.00639968 -0.00255129 0.00020515 0.0508293 0.0691083 0.106697 1 0 0 0 0 0 0 0
124 1 0.1 6.25004 4.70032 0.238689 0.00336189 0.00133122 0.00133309 -0.0415109 0.0134798 0.0433736 1 0 0 0 0 0 0 0
125 1 0.1 5.93469 1.08113 0.347113 0.00018377 6.05705e-05 -0.000475948 0.0181402 -0.0262232 -0.0373067 1 0 0 0 0 0 0 0
126 1 0.1 5.79458 1.2232 0.34555 0.00595102 0.00644942 0.00168678 -0.0328375 0.114918 0.0531523 1 0 0 0 0 0 0 0
127 1 0.1 5.65306 1.36372 0.343789 -0.000282909 0.00120175 0.00131195 -0.0399018 -0.0468028 0.0241723 1 0 0 0 0 0 0 0
128 1 0.1 5.51533 1.5058 0.370762 -0.00624488 0.000524191 -0.00902031 -0.06169 0.00117938 0.0346299 1 0 0 0 0 0 0 0
129 1 0.1 5.37706 1.64696 0.399173 -0.00232071 0.00409543 0.00187348 0.31872 -0.0713696 -0.405473 1 0 0 0 0 0 0 0
130 1 0.1 5.08322 1.9438 0.280363 0.0241604 -0.00729218 -0.0196413 -0.373754 -0.248723 0.0621519 1 0 0 0 0 0 0 0
131 1 0.1 4.95258 2.08606 0.319954 -0.00863683 0.0130836 -0.0705497 0.376358 0.168503 0.143788 1 0 0 0 0 0 0 0
132 1 0.1 4.81712 2.20739 0.384534 0.0141503 -0.00723909 0.00993472 0.148235 0.65163 -0.166061 1 0 0 0 0 0 0 0
133 1 0.1 4.70761 2.36291 0.332771 -0.121735 -0.0733005 0.0682757 0.174683 0.69934 1.57783 1 0 0 0 0 0 0 0
134 1 0.1 4.63899 2.52052 0.429137 -0.0606777 -0.128404 0.211654 -0.125147 0.776624 -0.0208479 1 0 0 0 0 0 0 0
135 1 0.1 4.47825 2.55017 0.327077 0.10863 -0.0840863 -0.0205125 0.435526 -1.12924 -0.680396 1 0 0 0 0 0 0 0
136 1 0.1 4.31439 2.70241 0.349327 0.129059 -0.0762329 -0.0104922 -0.00587313 -0.00344683 -0.00168963 1 0 0 0 0 0 0 0
137 1 0.1 4.43083 2.9025 0.311317 0.0991151 -0.0573286 -0.0533797 -1.13436 1.71195 2.63265 1 0 0 0 0 0 0 0
138 1 0.1 4.34474 3.07933 0.342315 0.0889175 -0.0819656 0.106778 1.66741 -3.10306 2.88939 1 0 0 0 0 0 0 0
139 1 0.1 4.31705 3.296 0.407862 -5.08316e-05 0.0123419 0.0205869 -1.30985 0.350937 0.246001 1 0 0 0 0 0 0 0
140 1 0.1 4.64788 3.39126 0.395923 -6.69621e-05 -0.00988211 -0.11803 1.5249 0.357821 0.288543 1 0 0 0 0 0 0 0
141 1 0.1 4.60196 3.57946 0.412058 -0.0141206 -0.0138102 0.017391 -0.22569 -0.051464 -0.158285 1 0 0 0 0 0 0 0
142 1 0.1 4.74876 3.72113 0.393112 -0.181777 -0.141835 0.230354 -1.406 -1.98123 -2.2304 1 0 0 0 0 0 0 0
143 1 0.1 5.08484 4.06543 0.358922 0.0217911 -0.0140381 0.140544 1.0356 -1.2632 -0.92895 1 0 0 0 0 0 0 0
144 1 0.1 5.43258 4.0432 0.313554 -0.00237805 0.0164124 -0.0247874 -0.0140396 -0.245056 -0.305498 1 0 0 0 0 0 0 0
145 1 0.1 5.22262 4.20545 0.349658 -0.00644986 -0.00455406 0.0381864 -2.63001 0.998981 0.302187 1 0 0 0 0 0 0 0
146 1 0.1 5.34622 4.31998 0.24193 -0.0128155 -0.00505178 0.0284177 0.0559777 -0.446954 -0.0509873 1 0 0 0 0 0 0 0
147 1 0.1 5.54145 4.51818 0.350862 -0.00358501 -0.00383243 0.00144428 -0.0360328 -0.0135072 -0.0330183 1 0 0 0 0 0 0 0
148 1 0.1 5.74435 4.72229 0.352182 0.00980765 0.011671 -0.011578 0.121795 0.0384607 0.141432 1 0 0 0 0 0 0 0
149 1 0.1 5.91059 4.88402 0.359383 -0.00112863 -0.000520083 0.000277962 0.00197465 -0.00620095 -0.0132328 1 0 0 0 0 0 0 0
150 1 0.1 6.07572 0.939748 0.349424 0.000112512 0.00065262 -0.00152658 -0.0278669 0.0112129 -0.011699 1 0 0 0 0 0 0 0
151 1 0.1 5.81923 1.71834 0.32361 0.038601 -0.00411244 -0.00632598 0.155339 0.316545 -0.0250597 1 0 0 0 0 0 0 0
152 1 0.1 5.547 1.69291 0.212205 0.0264858 0.00747993 -0.0313001 -0.366762 -0.0880299 -0.327494 1 0 0 0 0 0 0 0
153 1 0.1 5.97901 2.18567 0.467748 -0.00998819 0.0337512 -0.0160493 -0.113849 0.356384 0.169699 1 0 0 0 0 0 0 0
154 1 0.1 5.73607 1.92657 0.40582 0.0422195 -0.0202099 0.013303 -0.0538602 0.0678683 0.219244 1 0 0 0 0 0 0 0
155 1 0.1 5.29313 1.79224 0.29675 0.0436597 0.0377965 -0.00121089 -0.343492 0.0973804 -0.198488 1 0 0 0 0 0 0 0
156 1 0.1 5.1501 2.255 0.520317 0.0392509 0.0480995 0.0329615 0.424196 0.0781933 0.384717 1 0 0 0 0 0 0 0
157 1 0.1 4.88263 2.13678 0.558075 0.110041 -0.0908643 -0.0783222 -0.645014 -0.432056 1.35249 1 0 0 0 0 0 0 0
158 1 0.1 4.84857 2.44322 0.449687 -0.130355 0.0298494 0.00762329 -0.0387936 0.509194 -0.232343 1 0 0 0 0 0 0 0
159 1 0.1 4.75064 2.77559 0.573534 -0.16164 0.0328394 -0.133104 -0.256812 0.939254 -0.175692 1 0 0 0 0 0 0 0
160 1 0.1 4.69462 2.68734 0.33223 0.00590871 -0.0871638 0.0170796 -0.711561 -2.40397 -0.419962 1 0 0 0 0 0 0 0
161 1 0.1 4.63306 2.85493 0.421631 -0.0478732 -0.0266149 -0.196008 -1.16147 1.20424 0.447549 1 0 0 0 0 0 0 0
162 1 0.1 4.58731 3.01451 0.315217 -0.0600172 0.123981 -0.00266489 3.81921 -0.570175 -0.243986 1 0 0 0 0 0 0 0
163 1 0.1 4.74645 3.03014 0.421356 -0.0902009 -0.0335708 0.0413304 0.654167 1.03799 -1.16709 1 0 0 0 0 0 0 0
164 1 0.1 4.30617 3.28477 0.762688 0.0593233 0.0572092 0.001166 -0.02027 -0.00668743 -0.0582705 1 0 0 0 0 0 0 0
165 1 0.1 4.72802 3.44006 0.572558 -0.0800473 -0.118658 -0.0539869 -0.230528 0.665417 -0.992539 1 0 0 0 0 0 0 0
166 1 0.1 4.9655 3.38161 0.462529 0.0512449 -0.00560962 -0.0105526 -0.71591 -0.114449 1.23888 1 0 0 0 0 0 0 0
167 1 0.1 5.11138 3.63549 0.299876 0.021842 0.0270199 -0.00719077 -0.153373 -0.326759 -0.311748 1 0 0 0 0 0 0 0
168 1 0.1 5.25081 3.96172 0.3209 2.31135e-05 0.00317702 0.0182749 1.47606 1.40515 0.356645 1 0 0 0 0 0 0 0
169 1 0.1 5.49205 3.86539 0.38168 -0.0326036 0.00684406 -0.0131524 -0.0569748 -0.422157 0.0480373 1 0 0 0 0 0 0 0
170 1 0.1 5.40395 4.2028 0.429628 0.00778804 0.0148002 -0.0162762 0.239997 -0.490273 -0.471446 1 0 0 0 0 0 0 0
171 1 0.1 5.55798 4.3246 0.397147 0.0232963 -0.00227313 0.00381279 -0.107619 0.161063 0.33359 1 0 0 0 0 0 0 0
172 1 0.1 5.71376 4.34585 0.274501 0.0104313 0.0106925 -0.00304569 -0.0044125 -0.0374529 -0.042395 1 0 0 0 0 0 0 0
173 1 0.1 5.85823 4.57251 0.285072 0.0154353 0.0173345 -0.0125704 -0.164097 0.0349274 -0.0254349 1 0 0 0 0 0 0 0
174 1 0.1 6.09312 5.07289 0.350033 -0.00146911 -0.00082284 0.000470865 -0.0140061 0.0243644 -0.0143075 1 0 0 0 0 0 0 0
175 1 0.1 6.21708 0.798421 0.35043 -0.000349411 0.000390961 0.000193664 0.0108188 0.00465212 0.00693135 1 0 0 0 0 0 0 0
176 1 0.1 5.81036 1.48089 0.305069 0.0135244 -0.0176081 -1.12253e-06 0.0781747 -0.0160586 0.0164599 1 0 0 0 0 0 0 0
177 1 0.1 5.89328 1.90472 0.284971 0.0385374 -0.000621118 0.00958536 -0.118778 0.0283622 0.16661 1 0 0 0 0 0 0 0
178 1 0.1 5.83475 2.09299 0.316246 0.0236806 -0.00113858 -0.0103775 -0.0203101 0.0972907 0.0175415 1 0 0 0 0 0 0 0
179 1 0.1 5.55681 2.02198 0.311255 0.0269735 0.0191407 -0.00272022 -0.0441503 0.54736 0.277029 1 0 0 0 0 0 0 0
180 1 0.1 5.43298 2.12042 0.43556 -0.00132089 0.0068601 -0.00142412 -0.00519034 -0.186232 0.0471846 1 0 0 0 0 0 0 0
181 1 0.1 5.28682 2.13026 0.299966 -0.00230349 -0.000359812 0.000423603 -0.0190734 0.260824 -0.0915877 1 0 0 0 0 0 0 0
182 1 0.1 5.00188 2.28175 0.368632 0.0182666 -0.0156369 0.0204584 -0.101977 -0.528628 0.43093 1 0 0 0 0 0 0 0
183 1 0.1 4.95574 2.61025 0.291518 0.03315 0.0449564 0.0275429 -0.466393 0.438127 0.299948 1 0 0 0 0 0 0 0
184 1 0.1 5.11027 2.63761 0.414674 0.0814035 0.0881292 -0.0411124 -1.18456 -0.30546 -0.669799 1 0 0 0 0 0 0 0
185 1 0.1 5.00395 2.86915 0.600314 0.079731 0.0826956 -0.019179 1.3117 -0.268674 0.40913 1 0 0 0 0 0 0 0
186 1 0.1 4.99503 2.80103 0.316529 0.034244 0.053462 0.00147999 -0.0327437 -0.0339852 -0.57656 1 0 0 0 0 0 0 0
187 1 0.1 4.49755 2.72958 0.24166 0.173963 -0.0679812 0.042602 -0.439349 -0.547645 -1.30601 1 0 0 0 0 0 0 0
188 1 0.1 4.83918 3.05247 0.245827 -0.270449 0.152916 -0.0354639 1.33139 0.897099 0.248826 1 0 0 0 0 0 0 0
189 1 0.1 5.23824 3.33696 0.314704 0.0322215 0.0162055 -0.00498128 -0.013498 -0.0301256 -0.0271387 1 0 0 0 0 0 0 0
190 1 0.1 5.06661 3.43484 0.304086 0.0290123 0.0100697 -0.010742 0.0714876 -0.0716188 0.148868 1 0 0 0 0 0 0 0
191 1 0.1 5.29023 3.55521 0.33867 -0.0016622 -0.00507018 0.0194658 0.188302 -0.00373768 -0.0487774 1 0 0 0 0 0 0 0
192 1 0.1 5.26512 3.76209 0.317436 0.0785261 -0.0366127 -0.0277204 0.218679 0.169977 0.00982432 1 0 0 0 0 0 0 0
193 1 0.1 5.59355 3.7537 0.251979 -0.00308655 0.00795308 0.00364034 0.109114 0.00199215 -0.0631036 1 0 0 0 0 0 0 0
194 1 0.1 5.62195 3.86897 0.577443 -0.0381458 0.0021486 -0.0100638 -0.0434473 -0.390903 -0.761262 1 0 0 0 0 0 0 0
195 1 0.1 5.69479 4.19616 0.464404 0.00514472 -0.0148595 0.0057602 -0.157668 0.130603 -0.703127 1 0 0 0 0 0 0 0
196 1 0.1 5.83787 4.19761 0.324804 0.00358408 0.00738662 0.00484582 -0.0510301 -0.0258605 -0.0344626 1 0 0 0 0 0 0 0
197 1 0.1 5.81566 4.01006 0.389945 -0.00292589 0.00803942 0.00607524 0.0265597 -0.0833573 0.00458895 1 0 0 0 0 0 0 0
198 1 0.1 5.98131 4.72745 0.257079 0.0177783 0.0156367 -0.0113312 0.0651448 0.000480753 0.192986 1 0 0 0 0 0 0 0
199 1 0.1 6.23635 5.2116 0.335342 -0.00137675 -0.0011262 -0.000598937 0.00995999 -0.00471325 0.0204894 1 0 0 0 0 0 0 0
200 1 0.1 6.097 1.1919 0.310292 0.00401101 -0.00235468 0.000211228 -0.0225794 -0.00421432 -0.0457419 1 0 0 0 0 0 0 0
201 1 0.1 5.95684 1.33763 0.324738 -0.00588139 0.0219543 -0.00524585 0.0933538 0.0124962 0.136143 1 0 0 0 0 0 0 0
202 1 0.1 6.0109 1.82699 0.479883 0.0231053 0.0151803 0.00895809 -0.0492869 0.0509022 -0.214603 1 0 0 0 0 0 0 0
203 1 0.1 5.93769 2.48532 0.590668 0.0437889 0.0197097 0.0243265 0.080478 -0.462007 0.335457 1 0 0 0 0 0 0 0
204 1 0.1 5.91614 2.46876 0.285441 -0.034971 0.00984583 -0.0271892 0.0735692 0.21014 0.167764 1 0 0 0 0 0 0 0
205 1 0.1 5.53076 2.21877 0.2917 -0.00173894 0.0177384 0.00658581 0.0731758 0.0540553 -0.0352982 1 0 0 0 0 0 0 0
206 1 0.1 5.38636 2.34967 0.331142 0.00389739 0.0167915 0.0191821 0.0655134 -0.0700024 0.00124371 1 0 0 0 0 0 0 0
207 1 0.1 5.45858 2.48813 0.454437 0.0326516 0.02743 0.00797607 -0.285243 -0.184424 -0.45738 1 0 0 0 0 0 0 0
208 1 0.1 5.2064 2.42875 0.135449 -0.0366865 0.0131179 -6.12176e-05 -0.265588 -0.423109 -0.107747 1 0 0 0 0 0 0 0
209 1 0.1 5.44592 2.6401 0.327577 0.104414 0.00260458 -0.0302755 -0.210945 0.275961 -0.545652 1 0 0 0 0 0 0 0
210 1 0.1 5.72433 2.93445 0.508469 0.0313672 0.0455501 -0.0170075 -0.281229 -0.265373 -0.846963 1 0 0 0 0 0 0 0
211 1 0.1 5.35432 2.87645 0.235732 0.0708589 0.0356966 -0.0262568 0.574419 1.14139 -0.332933 1 0 0 0 0 0 0 0
212 1 0.1 4.83228 2.85665 0.410594 -0.0491577 -0.000172917 -0.101257 1.21037 -1.45689 1.46175 1 0 0 0 0 0 0 0
213 1 0.1 4.97106 2.99965 0.426207 -0.217548 0.175232 -0.199506 0.849344 4.22337 0.777653 1 0 0 0 0 0 0 0
214 1 0.1 5.32722 3.33298 0.136964 0.0191713 -0.00186288 0.000618006 -0.130391 0.175828 -0.2314 1 0 0 0 0 0 0 0
215 1 0.1 5.60064 3.35901 0.369737 0.0320652 0.0052247 0.00616489 -0.174197 -0.139933 0.0226742 1 0 0 0 0 0 0 0
216 1 0.1 5.72947 3.47519 0.270601 0.0180143 0.00696241 -0.00562583 0.0389279 0.227703 0.128159 1 0 0 0 0 0 0 0
217 1 0.1 5.49677 3.56508 0.318164 -0.00502416 0.0368445 0.00414981 -0.000113758 -0.380659 0.66381 1 0 0 0 0 0 0 0
218 1 0.1 5.93893 3.85179 0.322701 0.00578561 0.0212605 0.00376929 -0.0915918 -0.00331006 0.103558 1 0 0 0 0 0 0 0
219 1 0.1 5.99633 3.67403 0.251338 0.010639 0.0271948 -0.0074741 -0.138041 0.0700475 0.0253853 1 0 0 0 0 0 0 0
220 1 0.1 6.01838 3.4018 0.455729 0.01816 0.0409995 -0.0135392 -0.0500005 0.138698 0.27009 1 0 0 0 0 0 0 0
221 1 0.1 6.02221 3.80397 0.497991 0.0196378 -0.0134822 -0.0112968 0.737929 0.0118325 0.426522 1 0 0 0 0 0 0 0
222 1 0.1 6.02833 3.43332 0.192736 -0.109845 -0.0410401 0.203939 1.2111 -3.71336 -0.474602 1 0 0 0 0 0 0 0
223 1 0.1 6.10777 4.87471 0.328524 -0.00165067 -0.000889257 0.0021922 0.0127669 -0.0126398 -0.00259484 1 0 0 0 0 0 0 0
224 1 0.1 6.23638 4.99291 0.464221 -0.000775616 -0.00121153 -0.00123038 -0.0131888 0.0368119 -0.0128992 1 0 0 0 0 0 0 0
225 1 0.1 5.99259 1.52582 0.401864 -0.0983645 0.0509751 -0.0240185 -0.0539676 0.645786 0.98048 1 0 0 0 0 0 0 0
226 1 0.1 5.78744 2.1657 0.136819 -0.00183947 -0.00198803 -0.00196502 -0.0539271 0.263794 0.0289739 1 0 0 0 0 0 0 0
227 1 0.1 6.01867 1.70656 0.32041 0.041036 0.0373367 -0.00549984 0.0240178 -0.336955 0.433542 1 0 0 0 0 0 0 0
228 1 0.1 5.99272 2.57872 0.137449 -0.0188041 0.0343732 -0.000440953 0.527966 -0.0266999 -0.707221 1 0 0 0 0 0 0 0
229 1 0.1 5.5603 2.92014 0.137089 0.00871651 0.0194844 0.00208967 -0.443267 0.148879 0.738711 1 0 0 0 0 0 0 0
230 1 0.1 5.98708 3.02097 0.261897 0.0439159 0.0561367 -0.0918017 -0.62062 1.1451 0.165674 1 0 0 0 0 0 0 0
231 1 0.1 5.81776 2.37812 0.433755 0.0069746 -0.00286456 -0.0093133 -0.0660001 0.173321 0.100583 1 0 0 0 0 0 0 0
232 1 0.1 5.5655 2.43058 0.295983 0.00910682 0.00180878 0.00359544 -0.0609543 -0.0879427 -0.287326 1 0 0 0 0 0 0 0
233 1 0.1 5.85176 2.60469 0.455116 0.0245606 0.0129299 0.0301729 -0.320477 -0.537764 0.420933 1 0 0 0 0 0 0 0
234 1 0.1 5.72566 2.72787 0.334311 0.0440833 0.000111575 0.0177865 0.173233 -1.15372 0.801691 1 0 0 0 0 0 0 0
235 1 0.1 5.91035 2.80422 0.330269 0.0401176 0.00486843 0.00492218 -0.855425 1.01217 -0.721249 1 0 0 0 0 0 0 0
236 1 0.1 5.64059 3.12668 0.591237 0.044015 0.0205862 0.0112919 -0.254305 -0.0734357 0.0751307 1 0 0 0 0 0 0 0
237 1 0.1 5.46841 3.01021 0.423412 0.0626554 -0.00570271 -0.000554166 0.124123 -0.0287185 0.0639193 1 0 0 0 0 0 0 0
238 1 0.1 5.26845 3.16332 0.224527 0.0257513 0.00478386 0.0192901 -0.0390104 0.303326 0.302281 1 0 0 0 0 0 0 0
239 1 0.1 5.65171 3.084 0.395481 0.0596517 0.00134986 0.00572706 0.0826047 -0.0364298 0.0280921 1 0 0 0 0 0 0 0
240 1 0.1 5.80501 2.97418 0.329964 0.0831191 0.0312384 0.00185392 0.33083 -0.198524 0.211253 1 0 0 0 0 0 0 0
241 1 0.1 5.57979 3.33643 0.581326 0.0101296 0.0136351 -0.00153981 -0.0392421 0.039989 -0.0353706 1 0 0 0 0 0 0 0
242 1 0.1 5.75049 3.23841 0.31638 0.0353535 0.0160786 0.00704859 0.0862941 0.258846 0.137285 1 0 0 0 0 0 0 0
243 1 0.1 5.79134 3.38944 0.440337 0.0255794 0.022576 0.000167349 -0.0649599 0.165582 0.330981 1 0 0 0 0 0 0 0
244 1 0.1 5.75325 3.66405 0.331746 0.00347357 0.00983999 -0.00647397 -0.0308214 0.0782119 0.132341 1 0 0 0 0 0 0 0
245 1 0.1 5.84701 3.13479 0.175807 -0.00250209 0.0411851 -0.0319736 0.207608 0.267194 -0.089369 1 0 0 0 0 0 0 0
246 1 0.1 5.90334 3.53289 0.357929 0.00492464 0.0350725 -0.00416434 0.102097 -0.0353748 -0.131162 1 0 0 0 0 0 0 0
247 1 0.1 5.90473 4.39688 0.374879 0.00123286 -0.00460676 -0.00110704 0.0737196 -0.0823775 0.157514 1 0 0 0 0 0 0 0
248 1 0.1 6.07024 4.50533 0.402103 -0.00316294 0.00129616 0.00629758 -0.0612482 0.0029924 -0.0901635 1 0 0 0 0 0 0 0
249 1 0.1 6.1394 4.69275 0.405106 0.00319463 -0.000574492 0.00129797 0.0112846 0.00259206 0.0244411 1 0 0 0 0 0 0 0
250 1 0.1 5.99561 1.03166 0.530627 0.00247372 0.00247682 -0.000820807 -0.0116009 0.006657 -0.102467 1 0 0 0 0 0 0 0
251 1 0.1 5.72438 1.29245 0.556506 0.00150071 -0.00295362 -0.00418388 -0.0277527 0.0303316 -0.0307406 1 0 0 0 0 0 0 0
252 1 0.1 5.58247 1.43292 0.546307 0.00377456 -0.00313951 -0.00260132 -0.0198093 0.0202131 -0.034274 1 0 0 0 0 0 0 0
253 1 0.1 5.44525 1.57602 0.572151 0.00408505 -0.00466923 -0.00571115 -0.172633 0.0195988 0.00917987 1 0 0 0 0 0 0 0
254 1 0.1 5.29965 1.72165 0.567723 -0.00315751 0.00376313 -2.85896e-06 0.0139968 0.00993355 0.0422854 1 0 0 0 0 0 0 0
255 1 0.1 5.16514 1.855 0.426863 0.0134195 -0.0112808 -0.0265366 0.905338 -0.527816 0.666421 1 0 0 0 0 0 0 0
256 1 0.1 5.06935 2.07634 0.558506 0.124938 -0.00822605 -0.0234715 -0.168119 0.10901 -0.584804 1 0 0 0 0 0 0 0
257 1 0.1 4.75374 2.28428 0.551809 0.196397 -0.0236084 0.0911251 2.47354 1.23863 -2.40812 1 0 0 0 0 0 0 0
258 1 0.1 4.6595 2.4405 0.604647 0.229327 -0.0644084 0.199082 -1.10173 -0.88584 2.32277 1 0 0 0 0 0 0 0
259 1 0.1 4.7921 2.58114 0.583071 0.0457951 0.073916 0.0452981 -1.89 0.620999 2.18717 1 0 0 0 0 0 0 0
260 1 0.1 4.54681 2.68599 0.473626 0.0448577 -0.0241805 0.0930661 -1.32181 -0.57083 -0.397049 1 0 0 0 0 0 0 0
261 1 0.1 4.45577 2.90409 0.497677 0.013807 -0.0697993 -0.0356055 1.39595 -2.63161 -2.12998 1 0 0 0 0 0 0 0
262 1 0.1 4.35397 2.86363 0.65097 -0.012447 0.03429 -0.0241002 -1.95546 0.374885 1.10116 1 0 0 0 0 0 0 0
263 1 0.1 4.19086 3.0313 0.456873 -0.0288747 -0.153749 -0.0633328 -4.99107 1.12178 -0.429664 1 0 0 0 0 0 0 0
264 1 0.1 4.2373 3.21534 0.569725 -0.00819639 -0.00920915 -0.0110083 1.50577 -0.63923 -0.0922368 1 0 0 0 0 0 0 0
265 1 0.1 4.39656 3.36854 0.605747 0.0308 0.013802 -0.0313572 -0.368186 0.400572 -0.0771087 1 0 0 0 0 0 0 0
266 1 0.1 4.45764 3.43618 0.428032 0.0108712 -0.00377006 -0.037486 0.355608 0.0296731 -0.537497 1 0 0 0 0 0 0 0
267 1 0.1 4.68358 3.65567 0.577965 -0.0323913 -0.0281537 0.0310191 -0.091448 -0.0832087 -0.0383418 1 0 0 0 0 0 0 0
268 1 0.1 4.95876 3.9399 0.451524 -0.0149698 -0.00614885 0.00953755 -0.0906551 0.00782722 -0.117898 1 0 0 0 0 0 0 0
269 1 0.1 5.07475 4.04632 0.574168 -0.0183865 -0.00944207 0.000869086 -0.0359409 0.0246338 -0.0378412 1 0 0 0 0 0 0 0
270 1 0.1 5.21184 4.18982 0.549925 -0.012432 -0.0216652 0.00083142 -0.00164392 -0.00405499 -0.290136 1 0 0 0 0 0 0 0
271 1 0.1 5.35977 4.3334 0.573043 0.00282721 0.00318997 -0.00377711 0.0418378 -0.0266278 0.0363765 1 0 0 0 0 0 0 0
272 1 0.1 5.50029 4.47873 0.545914 0.0157518 0.0258581 -0.00109858 -0.0572002 0.0460462 0.298612 1 0 0 0 0 0 0 0
273 1 0.1 5.64351 4.61459 0.58185 0.0068188 0.00875849 0.000426078 0.0565537 -0.0666227 0.11225 1 0 0 0 0 0 0 0
274 1 0.1 5.78195 4.76123 0.549882 0.00039792 0.000674044 -0.00399066 0.0236844 0.0362116 0.00991329 1 0 0 0 0 0 0 0
275 1 0.1 6.1347 0.888689 0.544121 -0.000552878 -0.000297528 0.00071503 0.00975323 -0.00529741 0.00671707 1 0 0 0 0 0 0 0
276 1 0.1 5.76002 1.48793 0.617627 0.0012861 -7.0571e-05 -0.000694332 -0.12368 -0.09573 0.0558658 1 0 0 0 0 0 0 0
277 1 0.1 5.69494 1.56283 0.444959 0.0148325 -0.0157796 -0.00714348 -0.0690068 -0.0446605 -0.0948721 1 0 0 0 0 0 0 0
278 1 0.1 5.64211 1.75096 0.408986 0.0348388 -0.0155086 -0.0125815 0.14474 -0.443295 0.0294918 1 0 0 0 0 0 0 0
279 1 0.1 5.53907 1.80481 0.572769 0.0125652 -0.0178467 0.00020535 -0.100027 0.0315057 -0.127389 1 0 0 0 0 0 0 0
280 1 0.1 5.37714 1.89025 0.49323 0.0318708 -0.0318252 -0.0344395 -0.0186018 -0.418714 0.221139 1 0 0 0 0 0 0 0
281 1 0.1 5.24241 2.03402 0.467359 0.0417352 -0.0411537 0.00428023 0.514809 0.319154 0.0181411 1 0 0 0 0 0 0 0
282 1 0.1 5.05772 2.10919 0.756274 0.0114044 0.0421585 -0.034539 0.0433151 0.181635 0.308726 1 0 0 0 0 0 0 0
283 1 0.1 4.96666 2.32948 0.564175 -0.180176 -0.0341778 0.00196741 -0.364709 0.0477061 -1.17816 1 0 0 0 0 0 0 0
284 1 0.1 4.94332 2.7139 0.4904 0.086498 0.129241 -0.0894163 -0.750482 0.578621 0.935902 1 0 0 0 0 0 0 0
285 1 0.1 4.43922 2.58301 0.718529 -0.0129244 0.0126046 0.00688491 0.775608 0.0361221 0.565263 1 0 0 0 0 0 0 0
286 1 0.1 4.51664 2.75377 0.654495 -0.0236525 0.0541553 0.0404526 0.364027 -0.376413 -0.0466789 1 0 0 0 0 0 0 0
287 1 0.1 4.61128 3.14881 0.764354 0.0360542 -0.0449215 -0.00784044 -0.458495 -0.324814 0.467596 1 0 0 0 0 0 0 0
288 1 0.1 4.45767 3.17231 0.472347 0.0201081 0.078896 0.0558626 -3.11991 2.91999 -1.44825 1 0 0 0 0 0 0 0
289 1 0.1 4.73005 3.21984 0.42951 0.0220291 -0.0160399 -0.0829161 -1.85919 -0.471358 0.0139671 1 0 0 0 0 0 0 0
290 1 0.1 4.82386 3.3504 0.310555 0.0477088 0.00688383 -0.036727 1.67314 -2.0039 -1.31113 1 0 0 0 0 0 0 0
291 1 0.1 4.91829 3.5861 0.647077 0.0042717 -0.0286909 0.0156501 0.500104 0.476175 -0.740224 1 0 0 0 0 0 0 0
292 1 0.1 5.01065 3.57131 0.477457 -0.0654093 0.0172351 -0.0221161 0.469594 0.22882 -0.0030382 1 0 0 0 0 0 0 0
293 1 0.1 4.98924 3.74972 0.404888 0.0149318 0.0173913 -0.0174611 0.577767 -0.200449 0.0142019 1 0 0 0 0 0 0 0
294 1 0.1 5.15638 3.85233 0.458693 0.0252408 -0.0971358 -0.0370072 -0.0213107 -0.381869 0.75729 1 0 0 0 0 0 0 0
295 1 0.1 5.26577 3.99779 0.541186 -0.0557241 -0.0463719 0.00183385 0.0546443 -0.10619 -0.335494 1 0 0 0 0 0 0 0
296 1 0.1 5.54657 4.26694 0.588176 0.0107222 0.0189957 0.00344647 -0.0609943 -0.0345839 0.118847 1 0 0 0 0 0 0 0
297 1 0.1 5.6832 4.41224 0.589477 0.0092743 0.0202201 -0.00741315 0.127768 -0.013093 -0.386381 1 0 0 0 0 0 0 0
298 1 0.1 5.72954 4.52023 0.428216 0.0244394 0.0224183 -0.000731794 -0.0415593 0.0421526 0.186365 1 0 0 0 0 0 0 0
299 1 0.1 6.06569 5.04291 0.555503 0.000767915 0.000209745 0.000837769 0.00119489 -0.0147118 0.00967362 1 0 0 0 0 0 0 0
300 1 0.1 6.27506 0.746401 0.550015 -8.24214e-05 0.000335591 0.000234335 0.00479529 0.00185075 -0.00350126 1 0 0 0 0 0 0 0
301 1 0.1 5.89288 1.38825 0.507224 8.89468e-05 0.00145523 0.00241356 0.121993 0.044963 -0.0505404 1 0 0 0 0 0 0 0
302 1 0.1 5.88721 1.67206 0.505333 0.0183645 0.0187308 0.00482529 -0.319322 -0.579018 0.2426 1 0 0 0 0 0 0 0
303 1 0.1 5.8433 1.84843 0.590225 -0.0407202 0.0323739 -0.0267953 0.237893 0.428941 0.543335 1 0 0 0 0 0 0 0
304 1 0.1 5.65704 1.96549 0.588474 -0.0107655 -0.000291081 -0.00335944 0.040281 0.108884 -0.196921 1 0 0 0 0 0 0 0
305 1 0.1 5.4553 2.03685 0.615605 -0.00950245 0.000646574 -0.00349513 0.0807442 0.0223556 0.0928963 1 0 0 0 0 0 0 0
306 1 0.1 5.29177 2.39496 0.508232 0.0176569 0.0607211 0.0196849 0.557261 -0.0434353 -0.165027 1 0 0 0 0 0 0 0
307 1 0.1 5.14727 2.41041 0.64404 -0.000542132 0.0582268 0.00741707 -0.518773 0.109157 -0.0803833 1 0 0 0 0 0 0 0
308 1 0.1 5.05894 2.44569 0.263729 -0.0100194 0.0132884 0.0270892 0.216622 -0.100313 0.0592588 1 0 0 0 0 0 0 0
309 1 0.1 4.98199 2.53919 0.573852 0.0534102 0.174353 -0.00333601 -0.505144 0.28428 -1.75116 1 0 0 0 0 0 0 0
310 1 0.1 5.16652 2.80918 0.500626 0.0272701 0.166867 -0.15929 0.0682763 1.47796 -0.212921 1 0 0 0 0 0 0 0
311 1 0.1 4.67349 2.82544 0.750414 0.0337497 0.00754292 -0.033253 0.345357 1.47744 -0.0808051 1 0 0 0 0 0 0 0
312 1 0.1 4.53857 3.04635 0.612071 -0.0425447 -0.0708849 0.0456412 -0.115395 0.6836 -0.516645 1 0 0 0 0 0 0 0
313 1 0.1 4.92386 3.19606 0.413967 0.0296148 0.00108872 0.00501699 0.90458 -0.0690599 -0.945241 1 0 0 0 0 0 0 0
314 1 0.1 5.10856 3.18064 0.341707 0.0305961 -0.0364849 0.031297 0.305661 -0.228585 0.0440613 1 0 0 0 0 0 0 0
315 1 0.1 5.13103 3.28426 0.511245 0.074245 0.0513914 -0.013577 0.556167 0.110228 -0.711358 1 0 0 0 0 0 0 0
316 1 0.1 5.40753 3.40286 0.393396 0.0325072 0.00980157 -0.00830184 -0.113252 0.00881068 -0.0460923 1 0 0 0 0 0 0 0
317 1 0.1 5.19119 3.6567 0.481743 -0.000223678 -0.132268 0.0331803 0.823323 -0.214971 -1.43524 1 0 0 0 0 0 0 0
318 1 0.1 5.38804 3.6775 0.508847 0.00944821 -0.173763 0.0262055 0.557009 0.441295 1.23407 1 0 0 0 0 0 0 0
319 1 0.1 5.42247 3.87712 0.568061 -0.0365416 -0.00284863 -0.0109999 -0.175208 0.385046 0.787523 1 0 0 0 0 0 0 0
320 1 0.1 5.43575 4.08998 0.59165 -0.101813 0.0243067 0.0092354 0.00245383 0.075 1.18872 1 0 0 0 0 0 0 0
321 1 0.1 5.77806 4.03128 0.58497 0.00270485 0.000443875 0.00826749 -0.0159938 0.175505 0.330327 1 0 0 0 0 0 0 0
322 1 0.1 5.84411 4.30408 0.54075 -0.0039748 -0.00168349 0.000563218 -0.332285 -0.395005 0.578348 1 0 0 0 0 0 0 0
323 1 0.1 5.92307 4.65756 0.453603 0.00704479 0.0151199 -0.00803031 0.197797 -0.135202 0.0296691 1 0 0 0 0 0 0 0
324 1 0.1 6.20682 5.18403 0.544498 -1.4802e-05 0.000621579 0.00122764 -0.019356 -0.0108587 -0.00134472 1 0 0 0 0 0 0 0
325 1 0.1 6.18931 1.06419 0.457016 -0.032128 0.0522459 -0.0293041 0.239446 0.705464 1.13631 1 0 0 0 0 0 0 0
326 1 0.1 6.00728 1.22601 0.485602 -0.00208291 0.00147787 -0.00447761 -0.00503379 -0.0837299 0.021287 1 0 0 0 0 0 0 0
327 1 0.1 5.9086 1.99863 0.475511 0.0328585 0.0189452 -0.00396655 -0.153267 0.0454878 0.0994966 1 0 0 0 0 0 0 0
328 1 0.1 5.67693 2.26893 0.617414 0.00193763 0.0171303 0.00195199 0.417276 -0.213381 0.316846 1 0 0 0 0 0 0 0
329 1 0.1 5.83006 2.13927 0.592766 0.0118367 0.00145224 -0.00121724 0.19527 -0.197156 0.163306 1 0 0 0 0 0 0 0
330 1 0.1 5.43348 2.29772 0.608282 -0.0123313 -0.0161094 -0.0100304 0.469311 -0.223505 -0.197983 1 0 0 0 0 0 0 0
331 1 0.1 5.62803 2.12975 0.478213 -0.00482056 0.0114954 0.0133759 0.133649 0.0392494 0.0256395 1 0 0 0 0 0 0 0
332 1 0.1 5.82137 2.62728 0.683619 0.0404706 0.0139273 -0.00980102 0.0794601 0.480965 0.300385 1 0 0 0 0 0 0 0
333 1 0.1 5.66143 2.55739 0.41645 0.0377056 -0.00886212 -0.0100984 -0.334243 -0.0444165 -0.328443 1 0 0 0 0 0 0 0
334 1 0.1 5.5696 2.57879 0.592141 0.0607269 0.0286271 -0.00454148 0.0358892 0.265805 0.0812492 1 0 0 0 0 0 0 0
335 1 0.1 5.09733 2.43514 0.454103 -0.0443662 0.0191796 0.0237991 -0.268817 -0.125752 -0.090641 1 0 0 0 0 0 0 0
336 1 0.1 5.28878 2.79037 0.660913 -0.0147387 0.0126706 -0.0790556 -0.92332 2.8189 0.612393 1 0 0 0 0 0 0 0
337 1 0.1 4.8266 2.95985 0.588003 0.0099978 -0.0428201 -0.00989986 -0.208182 0.795817 -0.143933 1 0 0 0 0 0 0 0
338 1 0.1 5.27657 3.04332 0.381912 0.0641519 -0.00184806 0.000523046 0.0749681 -0.00355511 -0.0300958 1 0 0 0 0 0 0 0
339 1 0.1 5.30997 3.19867 0.502428 0.0467298 0.000307733 -0.0187519 -0.209112 -0.150491 0.0993577 1 0 0 0 0 0 0 0
340 1 0.1 5.50296 3.20501 0.451704 0.048994 -0.00461199 -0.00345999 -0.139735 -0.0371146 -0.0248688 1 0 0 0 0 0 0 0
341 1 0.1 5.32472 3.38809 0.57452 -0.0474549 0.0081432 -0.0152325 0.37142 -0.176388 -1.24903 1 0 0 0 0 0 0 0
342 1 0.1 5.52333 3.51439 0.509803 0.0262 0.0147345 -0.0129378 -0.0560954 -0.148522 -0.0346983 1 0 0 0 0 0 0 0
343 1 0.1 5.57695 3.69622 0.446162 -0.0106315 0.0325833 0.0154239 0.195654 -0.270514 0.683919 1 0 0 0 0 0 0 0
344 1 0.1 5.76927 3.67603 0.530585 0.0256792 0.0136483 -0.00850594 0.00338415 0.0811794 -0.0834758 1 0 0 0 0 0 0 0
345 1 0.1 5.72196 3.39008 0.755861 0.0387255 0.0157022 -0.00370111 -0.126345 -0.0665959 0.110761 1 0 0 0 0 0 0 0
346 1 0.1 5.84856 3.84531 0.600631 0.0296097 0.00991344 -0.00369304 0.113489 -0.0843633 -0.0557121 1 0 0 0 0 0 0 0
347 1 0.1 6.05021 3.97351 0.60019 -0.011793 -0.00383899 -0.0180114 -0.778929 0.240139 0.0971532 1 0 0 0 0 0 0 0
348 1 0.1 5.92484 4.90117 0.558931 0.000673519 0.000507535 0.00061465 -0.00737669 -0.00527094 -0.0172719 1 0 0 0 0 0 0 0
349 1 0.1 6.1152 4.84775 0.529016 0.00113483 -0.000853855 0.00181781 -0.0151519 -0.00869446 0.0169708 1 0 0 0 0 0 0 0
350 1 0.1 6.20397 1.2592 0.498828 -0.00755074 0.0447 -0.0131863 0.323574 0.23291 0.427521 1 0 0 0 0 0 0 0
351 1 0.1 6.08756 1.41555 0.543469 -0.0124822 0.0226857 0.0419191 -0.090572 -0.443477 0.266702 1 0 0 0 0 0 0 0
352 1 0.1 6.02861 1.59067 0.619952 0.000228846 0.0306752 0.0316353 0.395451 0.136961 -0.0316602 1 0 0 0 0 0 0 0
353 1 0.1 5.90238 2.0647 0.762912 0.000170149 -0.00268659 0.000716092 0.000635224 0.0183624 0.115154 1 0 0 0 0 0 0 0
354 1 0.1 5.95549 2.77498 0.13736 0.0979813 0.0588693 -0.000882973 -0.630977 0.957929 -0.459075 1 0 0 0 0 0 0 0
355 1 0.1 5.84155 2.93907 0.137104 0.0593962 0.035693 -0.00145607 -0.490953 0.640236 0.890735 1 0 0 0 0 0 0 0
356 1 0.1 5.67451 2.73894 0.76252 0.0416603 0.0158461 0.000152874 -0.0514914 0.165194 0.111352 1 0 0 0 0 0 0 0
357 1 0.1 5.84059 2.77824 0.553878 0.00340318 0.0291385 -0.000929555 0.111578 -0.0175564 -0.197686 1 0 0 0 0 0 0 0
358 1 0.1 5.14978 2.91715 0.728229 0.0484687 0.0147998 0.0392269 -0.110462 -0.157503 -0.275252 1 0 0 0 0 0 0 0
359 1 0.1 5.64423 2.75227 0.527158 -0.000910711 0.0591104 -0.00337706 0.207272 0.420931 0.474743 1 0 0 0 0 0 0 0
360 1 0.1 5.87375 3.03629 0.653924 0.0419331 -0.00210924 0.00816409 0.3552 -0.359445 -0.307169 1 0 0 0 0 0 0 0
361 1 0.1 5.71556 2.92679 0.708119 0.0207455 0.0146537 -0.0184387 -0.0604711 0.225195 -0.00380945 1 0 0 0 0 0 0 0
362 1 0.1 5.54508 2.94625 0.596026 0.0397655 -0.00558155 0.00765728 -0.166662 -0.198276 -0.165599 1 0 0 0 0 0 0 0
363 1 0.1 5.32495 3.00118 0.569309 0.0442499 -0.00637153 0.00439344 -0.000612908 -0.224608 -0.0114949 1 0 0 0 0 0 0 0
364 1 0.1 5.57039 3.05267 0.762909 0.0225296 0.0095923 -0.000967104 0.0916424 -0.203923 -0.0998383 1 0 0 0 0 0 0 0
365 1 0.1 5.44694 3.14475 0.636303 0.0376138 0.0190158 -0.00859497 0.0323344 0.000164189 0.0282902 1 0 0 0 0 0 0 0
366 1 0.1 5.79057 3.25843 0.591306 0.0433864 0.0233939 0.00471615 -0.0203784 -0.20341 0.010958 1 0 0 0 0 0 0 0
367 1 0.1 5.57775 3.25216 0.762623 0.0448195 0.00954225 -0.000715698 0.063591 0.0490677 -0.018959 1 0 0 0 0 0 0 0
368 1 0.1 5.70622 3.49523 0.586685 0.0225015 0.0172319 -6.78474e-05 -0.0571159 0.0315578 0.010518 1 0 0 0 0 0 0 0
369 1 0.1 5.95652 3.63899 0.589734 0.0221906 -0.0182238 -0.0158587 -0.624798 0.115073 -0.461608 1 0 0 0 0 0 0 0
370 1 0.1 5.89327 3.42855 0.609276 0.0285973 0.0306133 -0.00428422 -0.156484 0.0695479 0.1439 1 0 0 0 0 0 0 0
371 1 0.1 5.94791 3.26786 0.325132 0.0332335 0.025159 -0.00382909 -0.0797673 -0.139603 -0.0456741 1 0 0 0 0 0 0 0
372 1 0.1 6.01276 4.03842 0.372399 -0.0371618 0.155478 -0.141683 0.32208 1.63325 1.45721 1 0 0 0 0 0 0 0
373 1 0.1 5.92642 4.48558 0.555521 -0.0321151 0.0109491 -0.0161201 0.0670623 0.229165 -0.281087 1 0 0 0 0 0 0 0
374 1 0.1 6.06642 4.66453 0.592338 -0.00146487 -0.000449011 0.000591402 0.0126878 0.0244796 -0.0357737 1 0 0 0 0 0 0 0
375 1 0.1 6.07816 0.940903 0.762182 -3.8955e-05 -0.000864218 -0.00267691 0.248218 -0.256381 0.0490391 1 0 0 0 0 0 0 0
376 1 0.1 5.76985 1.25364 0.749991 -0.00078141 0.000841373 9.69783e-06 -5.12079e-05 -0.000592795 0.0104611 1 0 0 0 0 0 0 0
377 1 0.1 5.62939 1.39582 0.754719 -0.000448325 0.00181972 -0.00116993 0.0188625 -0.0334397 -0.0208413 1 0 0 0 0 0 0 0
378 1 0.1 5.48989 1.5387 0.762813 0.00305071 0.00585081 -0.0010612 0.0522458 -0.0326762 -0.0367342 1 0 0 0 0 0 0 0
379 1 0.1 5.34515 1.68106 0.758191 0.00554584 -0.00698749 -0.00437294 -0.0716576 -7.1348e-05 -0.0778456 1 0 0 0 0 0 0 0
380 1 0.1 5.20987 1.83775 0.769826 0.00985993 -0.024703 -0.000813517 -0.366127 -0.0268586 -0.175234 1 0 0 0 0 0 0 0
381 1 0.1 5.16754 1.91279 0.605385 0.0186648 -0.0581356 -0.0149154 -0.293214 0.383954 -0.740308 1 0 0 0 0 0 0 0
382 1 0.1 4.86461 2.15999 0.762435 -0.000658742 0.00115698 -0.00601222 -0.00212619 0.12495 0.0800851 1 0 0 0 0 0 0 0
383 1 0.1 4.71942 2.30193 0.74967 -0.00271751 0.00131275 -0.00393461 -0.0241711 0.0230224 0.0124 1 0 0 0 0 0 0 0
384 1 0.1 4.57046 2.45402 0.769832 -0.0157501 0.0326435 0.0178224 -1.31984 -1.57616 -1.42141 1 0 0 0 0 0 0 0
385 1 0.1 4.32767 2.6932 0.550049 -0.000110824 0.00376964 -0.00112845 0.0100596 -0.00434104 -0.00487061 1 0 0 0 0 0 0 0
386 1 0.1 4.19165 2.92376 0.749626 0.00050311 0.0678731 -0.018776 0.244861 0.255166 0.0498547 1 0 0 0 0 0 0 0
387 1 0.1 4.34408 3.04725 0.57796 -0.0154441 -0.020818 -0.1166 1.03155 -2.48986 0.248408 1 0 0 0 0 0 0 0
388 1 0.1 4.19144 3.12246 0.748869 0.028432 0.0844284 0.0100802 -0.0224089 0.0311888 -0.207519 1 0 0 0 0 0 0 0
389 1 0.1 4.5887 3.27073 0.579461 0.110464 0.126095 -0.10867 0.556561 -2.47667 -0.00745054 1 0 0 0 0 0 0 0
390 1 0.1 4.51172 3.41873 0.762918 -0.022101 -0.0258915 0.00136626 -0.303902 0.271037 -0.00441302 1 0 0 0 0 0 0 0
391 1 0.1 4.6151 3.58987 0.761272 -0.0284007 -0.0214868 -0.00255889 0.0128917 0.0109654 -0.118321 1 0 0 0 0 0 0 0
392 1 0.1 4.87171 3.84797 0.605678 0.0371708 0.0577623 0.0701773 -0.722342 1.30878 0.959786 1 0 0 0 0 0 0 0
393 1 0.1 4.96166 3.93893 0.759045 0.0767527 0.0370705 0.0658394 0.370189 -0.588591 0.227407 1 0 0 0 0 0 0 0
394 1 0.1 5.12088 4.09348 0.762636 -0.00550156 -0.00300157 -0.000283055 -0.0197632 0.0362809 -0.0211096 1 0 0 0 0 0 0 0
395 1 0.1 5.25985 4.23658 0.750247 -0.00211851 -0.00188633 -0.00187867 0.00819573 0.00893835 0.00101255 1 0 0 0 0 0 0 0
396 1 0.1 5.4243 4.40257 0.748592 0.0030947 0.00306197 -0.00417232 0.0262802 0.083257 -0.0553161 1 0 0 0 0 0 0 0
397 1 0.1 5.566 4.54334 0.751814 0.0020947 0.00271116 -0.00216198 -0.00822946 -0.0227706 -0.0370257 1 0 0 0 0 0 0 0
398 1 0.1 5.70869 4.68248 0.76139 0.00195189 0.000707068 0.00101458 0.0150859 -0.0154148 0.0246426 1 0 0 0 0 0 0 0
399 1 0.1 5.84794 4.82488 0.747394 -0.000141015 0.000907137 0.00121501 -0.0231226 0.00159465 -0.0048552 1 0 0 0 0 0 0 0
400 1 0.1 6.21954 0.799493 0.762512 0.000146781 -0.000313215 8.49032e-06 -0.00198058 -0.000231537 0.000696365 1 0 0 0 0 0 0 0
401 1 0.1 5.94293 1.08097 0.716896 0.000270154 -0.000463603 -0.000754168 0.0151271 0.0324013 0.063544 1 0 0 0 0 0 0 0
402 1 0.1 5.68784 1.60288 0.763149 0.0163391 -0.00379524 0.00318884 -0.057028 -0.165809 0.117167 1 0 0 0 0 0 0 0
403 1 0.1 5.70863 1.70069 0.590361 0.00976673 -0.0144713 -0.00205296 -0.0969583 0.098414 0.141925 1 0 0 0 0 0 0 0
404 1 0.1 5.53605 1.74263 0.762627 0.00409098 -0.00248148 0.00204149 -0.0221438 -0.0291837 -0.0799275 1 0 0 0 0 0 0 0
405 1 0.1 5.39271 1.86445 0.694863 0.00530046 -0.00887571 -0.0108321 -0.0383669 -0.123716 0.127098 1 0 0 0 0 0 0 0
406 1 0.1 5.24355 2.03345 0.76281 -0.00328814 -0.0176338 0.000668532 -0.0814909 -0.0184016 0.0171988 1 0 0 0 0 0 0 0
407 1 0.1 5.29425 2.15581 0.614571 0.00606524 -0.0315915 -0.00872405 -0.118962 -0.286081 0.0159211 1 0 0 0 0 0 0 0
408 1 0.1 4.98984 2.31583 0.762507 -0.00754827 0.00789083 -0.000862102 0.178871 0.00765992 0.0173146 1 0 0 0 0 0 0 0
409 1 0.1 4.84863 2.45228 0.725194 -0.0140266 0.0125342 0.0371446 0.507691 -0.112416 0.102575 1 0 0 0 0 0 0 0
410 1 0.1 4.26883 2.74213 0.770238 -0.0553813 0.0438588 -0.00417589 2.49909 -1.61362 2.20238 1 0 0 0 0 0 0 0
411 1 0.1 4.49116 2.92543 0.767168 -0.070654 0.103994 0.0022703 1.75722 -0.0704608 -0.753719 1 0 0 0 0 0 0 0
412 1 0.1 4.3964 3.10659 0.762097 -0.231751 -0.150245 -0.00428013 -0.176878 0.341149 -2.68412 1 0 0 0 0 0 0 0
413 1 0.1 4.69867 3.32387 0.73273 -0.019125 -0.00934133 0.0268211 1.11868 0.842781 0.0502488 1 0 0 0 0 0 0 0
414 1 0.1 4.86207 3.28738 0.602122 0.111828 -0.00254116 0.027954 0.16196 0.436924 -0.57513 1 0 0 0 0 0 0 0
415 1 0.1 4.54317 3.51393 0.59084 -0.0371038 -0.0262131 0.0019691 0.328512 -0.0946525 -0.0209187 1 0 0 0 0 0 0 0
416 1 0.1 5.05299 3.50023 0.763454 0.00860726 -0.0316413 0.00482712 -0.419539 -0.358999 0.647582 1 0 0 0 0 0 0 0
417 1 0.1 4.91646 3.74275 0.764476 0.11245 -0.00944649 0.000600913 -0.077703 -1.11437 -1.80325 1 0 0 0 0 0 0 0
418 1 0.1 5.06077 3.78923 0.62197 0.0323219 -0.0137977 -0.0080954 -0.392355 0.889347 -1.79077 1 0 0 0 0 0 0 0
419 1 0.1 5.15684 3.89592 0.762513 0.0661665 -0.0277511 -0.00111489 0.292338 1.14237 -0.880386 1 0 0 0 0 0 0 0
420 1 0.1 5.45423 4.19218 0.762514 0.000965253 0.0142127 0.000592127 0.0620213 -0.0373648 0.15885 1 0 0 0 0 0 0 0
421 1 0.1 5.61278 4.34063 0.762817 0.0039069 0.00666209 0.000253413 0.0353104 -0.0821583 0.071879 1 0 0 0 0 0 0 0
422 1 0.1 5.75635 4.47982 0.762624 0.0109364 -0.00160618 0.000276095 -0.0165563 -0.107821 0.0250076 1 0 0 0 0 0 0 0
423 1 0.1 5.88327 4.64111 0.673406 0.00302806 0.00710108 0.00157946 0.0989679 -0.0159391 -0.0124495 1 0 0 0 0 0 0 0
424 1 0.1 6.13028 5.10787 0.750344 -0.000492429 -0.000175694 4.73394e-05 -0.0315606 0.0267966 0.00105386 1 0 0 0 0 0 0 0
425 1 0.1 6.35873 0.656481 0.749982 4.53731e-05 -7.91838e-05 5.26618e-05 0.000832455 0.0023424 0.00283652 1 0 0 0 0 0 0 0
426 1 0.1 6.0012 1.2666 0.76233 -0.00135203 -0.000807113 0.00181798 0.00881953 -0.0392788 -0.0430456 1 0 0 0 0 0 0 0
427 1 0.1 5.88287 1.42755 0.762727 0.00155746 0.000960345 5.10515e-05 0.0111649 -0.0208541 0.0092408 1 0 0 0 0 0 0 0
428 1 0.1 5.96205 1.81225 0.76252 -0.00976155 0.0116925 0.00011101 -0.424399 -0.377882 0.379591 1 0 0 0 0 0 0 0
429 1 0.1 5.74683 1.8799 0.762512 -0.00862093 -0.00723741 -0.000340781 0.00206999 0.0236109 -0.141583 1 0 0 0 0 0 0 0
430 1 0.1 5.55984 1.95047 0.762552 -0.00539947 0.00534511 -0.000199554 0.00106288 -0.0253835 0.0119935 1 0 0 0 0 0 0 0
431 1 0.1 5.425 2.16799 0.763325 -0.00223289 4.50824e-05 -0.00260528 0.0421696 0.0735686 -0.0248033 1 0 0 0 0 0 0 0
432 1 0.1 5.19004 2.25883 0.76376 -0.00940917 0.0625941 0.00418736 0.793075 0.079001 -0.0249423 1 0 0 0 0 0 0 0
433 1 0.1 5.28706 2.59458 0.497506 0.0662696 0.0587353 -0.0239371 -0.436489 0.393968 -0.320705 1 0 0 0 0 0 0 0
434 1 0.1 5.03367 2.52187 0.763909 0.0284155 0.0802166 0.00169768 0.763809 -0.328086 -0.672906 1 0 0 0 0 0 0 0
435 1 0.1 4.86181 2.64806 0.762477 0.00122395 0.0145615 -0.0110142 -1.04848 -0.206319 -0.295936 1 0 0 0 0 0 0 0
436 1 0.1 4.66289 2.62814 0.763706 0.00395416 0.0115136 0.00424272 -0.166582 -0.0837723 0.0814165 1 0 0 0 0 0 0 0
437 1 0.1 4.73379 3.13695 0.608944 0.0269593 0.0682302 -0.0388751 1.61849 0.229285 -0.278098 1 0 0 0 0 0 0 0
438 1 0.1 4.85659 3.17426 0.764054 0.0493897 -0.0133429 0.00559846 0.325237 -0.590586 -0.446832 1 0 0 0 0 0 0 0
439 1 0.1 4.84499 3.44871 0.764955 -0.00967667 -0.0191755 0.00819729 -0.187839 0.0599386 0.0357142 1 0 0 0 0 0 0 0
440 1 0.1 5.00215 3.30861 0.754689 0.0753304 -0.0457102 0.0352453 0.216628 0.731562 0.0305851 1 0 0 0 0 0 0 0
441 1 0.1 5.14614 3.67707 0.762824 0.00436127 -0.0329442 -0.00119556 -0.476854 0.137068 -0.0800975 1 0 0 0 0 0 0 0
442 1 0.1 5.25979 3.77716 0.625699 0.0272257 -0.102663 0.00241648 -1.07357 -0.962749 0.880719 1 0 0 0 0 0 0 0
443 1 0.1 5.43521 3.91926 0.762713 -0.0103171 0.0112272 -0.00488469 0.117614 0.0923714 0.115228 1 0 0 0 0 0 0 0
444 1 0.1 5.61292 4.07067 0.762266 -0.00573942 0.00616438 0.0030888 0.103364 -0.078946 -0.140209 1 0 0 0 0 0 0 0
445 1 0.1 5.72036 4.20565 0.66242 -0.000892847 0.00056533 0.00574316 -0.0730918 0.00468677 -0.206002 1 0 0 0 0 0 0 0
446 1 0.1 5.86282 4.30288 0.762715 0.00293461 -0.00264724 0.000388736 -0.0419516 -0.0185342 0.0970647 1 0 0 0 0 0 0 0
447 1 0.1 5.95827 4.47849 0.762296 -0.00268898 0.00135381 -0.00208012 -0.0175659 -0.0464721 -0.0323458 1 0 0 0 0 0 0 0
448 1 0.1 6.0382 4.76556 0.762557 -0.000974534 0.000513695 0.000183981 0.00841657 0.0167265 -0.00620498 1 0 0 0 0 0 0 0
449 1 0.1 6.27167 5.24929 0.749988 -0.000286877 -0.000332086 8.57955e-05 0.029566 -0.0260601 0.006509 1 0 0 0 0 0 0 0
450 1 0.1 6.26772 0.96976 0.669517 0.00324481 -0.00239085 -0.00214016 -0.00973315 0.0462575 -0.0590803 1 0 0 0 0 0 0 0
451 1 0.1 6.13668 1.11818 0.642204 0.00469461 -0.00124994 -0.00196063 -0.0132569 -0.0142916 0.03328 1 0 0 0 0 0 0 0
452 1 0.1 6.08536 1.46351 0.762742 0.0035657 0.000476014 0.000637211 0.0107764 -0.0305797 -0.0263294 1 0 0 0 0 0 0 0
453 1 0.1 5.88607 1.62743 0.758574 0.0162881 0.000536396 0.0130188 0.0741201 -0.13662 -0.107071 1 0 0 0 0 0 0 0
454 1 0.1 5.62295 2.14023 0.761964 -0.00201033 0.0056461 -0.00614389 -0.0505382 0.0704405 0.00357228 1 0 0 0 0 0 0 0
455 1 0.1 5.55482 2.32951 0.763117 -0.0194183 -0.0320041 0.00129565 -0.324891 0.187489 0.282125 1 0 0 0 0 0 0 0
456 1 0.1 5.32563 2.40566 0.762473 0.0113381 0.0421557 -0.00392424 -0.439765 -0.0350576 -0.144945 1 0 0 0 0 0 0 0
457 1 0.1 5.56518 2.31877 0.460526 0.00404535 0.0128961 0.00689304 -0.0900307 0.0245629 0.232228 1 0 0 0 0 0 0 0
458 1 0.1 5.31242 2.59912 0.71387 0.0686711 0.0395685 -0.0275584 0.195159 0.0220518 -0.440067 1 0 0 0 0 0 0 0
459 1 0.1 5.49674 2.64788 0.763649 0.0466548 0.00713988 0.000775813 0.0993592 -0.374148 0.164825 1 0 0 0 0 0 0 0
460 1 0.1 5.14139 2.64201 0.625957 0.089519 0.0724164 -0.00374248 0.151075 0.0594935 0.283815 1 0 0 0 0 0 0 0
461 1 0.1 4.87156 2.84715 0.749525 0.0370276 0.00110696 -0.0840781 0.286621 -0.897705 -0.00895933 1 0 0 0 0 0 0 0
462 1 0.1 4.74993 3.00606 0.76423 0.0621206 -0.0177785 0.00552352 0.478264 -0.774711 -0.21468 1 0 0 0 0 0 0 0
463 1 0.1 5.14195 3.07841 0.525333 0.0265363 -0.03962 -0.020485 0.179466 -0.405266 0.322862 1 0 0 0 0 0 0 0
464 1 0.1 4.95632 3.11173 0.591118 0.0196877 -0.0517919 -0.0228914 -0.498671 0.426467 -0.0671637 1 0 0 0 0 0 0 0
465 1 0.1 5.14227 3.46866 0.587462 -0.0231721 0.0638709 -0.0192911 -0.168607 0.136198 0.79433 1 0 0 0 0 0 0 0
466 1 0.1 5.34469 3.65656 0.76027 0.0167464 -0.0131319 0.0783834 0.475035 -0.0368832 0.117035 1 0 0 0 0 0 0 0
467 1 0.1 5.51688 3.64504 0.659949 -0.0303011 0.0249639 -0.0177811 -0.0317222 -0.239674 0.399231 1 0 0 0 0 0 0 0
468 1 0.1 5.59346 3.79708 0.762674 -0.0122699 0.0123717 -0.00345621 0.10473 0.128305 -0.675652 1 0 0 0 0 0 0 0
469 1 0.1 5.7473 3.9236 0.762754 -0.00873482 0.00835092 0.000853937 0.129961 0.115774 0.515663 1 0 0 0 0 0 0 0
470 1 0.1 5.9471 3.91875 0.762507 -0.00666693 0.038285 -0.000121191 0.299594 -0.154202 -0.157978 1 0 0 0 0 0 0 0
471 1 0.1 5.85584 4.09945 0.762866 -0.00397667 -0.00256151 0.00120337 0.0140362 0.0981436 -0.0130767 1 0 0 0 0 0 0 0
472 1 0.1 6.01716 4.32764 0.638062 -0.00653949 0.0316643 -0.00498839 0.386775 0.14445 0.0658443 1 0 0 0 0 0 0 0
473 1 0.1 5.98924 4.96621 0.747824 -0.000159385 -1.54729e-05 0.00108308 0.00116889 -0.020283 4.08258e-05 1 0 0 0 0 0 0 0
474 1 0.1 6.1775 4.91264 0.707582 -0.000324504 -0.000835434 0.00205004 0.0155654 0.00706685 -0.0119312 1 0 0 0 0 0 0 0
475 1 0.1 6.29253 1.15192 0.762576 0.00199142 0.000926622 0.00012567 0.0116795 -0.0148663 -0.00506724 1 0 0 0 0 0 0 0
476 1 0.1 6.18521 1.3054 0.692502 0.00189972 -0.000329621 -0.00116733 0.0173991 0.00561456 -0.00706129 1 0 0 0 0 0 0 0
477 1 0.1 6.01741 1.95882 0.638381 0.0143258 0.00678524 0.00501137 0.213801 -0.287196 -0.170298 1 0 0 0 0 0 0 0
478 1 0.1 5.81073 2.24215 0.762615 -0.00498543 -0.00577023 6.78196e-06 0.203124 0.0827776 -0.0119797 1 0 0 0 0 0 0 0
479 1 0.1 5.83668 2.44006 0.762821 0.0346071 -0.0113562 0.0018935 -0.508858 -0.0699752 -0.480505 1 0 0 0 0 0 0 0
480 1 0.1 5.89166 3.28459 0.762512 0.0341524 0.00718029 -0.000968959 0.0379344 0.0410068 -0.129471 1 0 0 0 0 0 0 0
481 1 0.1 5.86504 2.80571 0.762509 0.0144665 0.015581 2.34713e-05 0.0368488 -0.451339 0.00342471 1 0 0 0 0 0 0 0
482 1 0.1 5.66197 2.53664 0.763203 0.0455506 0.00962671 0.000695078 0.10104 -0.411149 -0.279038 1 0 0 0 0 0 0 0
483 1 0.1 5.73835 2.47044 0.591488 0.0443862 0.00445038 0.0023065 0.0068298 0.247334 -0.18321 1 0 0 0 0 0 0 0
484 1 0.1 5.49885 2.84674 0.762405 0.0214285 0.00591252 0.00711857 -0.0500345 0.00673925 0.0839603 1 0 0 0 0 0 0 0
485 1 0.1 5.36425 2.99406 0.763388 0.0109 -0.00312346 0.00358895 -0.0279487 -0.0904335 0.0554346 1 0 0 0 0 0 0 0
486 1 0.1 5.04577 2.75064 0.762774 0.0405011 0.0202245 0.00207717 0.226887 -0.396368 0.274975 1 0 0 0 0 0 0 0
487 1 0.1 4.97889 3.01468 0.763032 0.0289837 -0.00337559 0.00035078 -0.0525185 -0.277077 0.0243929 1 0 0 0 0 0 0 0
488 1 0.1 5.16017 3.11311 0.762587 0.0692741 0.00910943 0.002592 -0.263406 -0.430751 -0.0490178 1 0 0 0 0 0 0 0
489 1 0.1 5.19334 3.29941 0.700037 0.0608798 -0.0056202 -0.0166477 -0.0752406 -0.202244 0.337641 1 0 0 0 0 0 0 0
490 1 0.1 5.38201 3.28987 0.762608 0.0477021 0.0149385 0.00327431 0.20953 -0.0648122 -0.0578488 1 0 0 0 0 0 0 0
491 1 0.1 5.2519 3.4798 0.76262 0.0190264 -0.00800069 0.00217836 0.178886 -0.258789 -0.0842771 1 0 0 0 0 0 0 0
492 1 0.1 5.4514 3.47619 0.74415 0.019139 0.0199899 0.000193593 -0.337593 -0.148969 0.362876 1 0 0 0 0 0 0 0
493 1 0.1 5.74717 3.14637 0.762575 0.0390263 0.000984764 0.000384983 0.0757376 -0.134772 -0.115267 1 0 0 0 0 0 0 0
494 1 0.1 5.67805 3.58484 0.762784 0.0147089 0.0113247 0.000690857 0.11952 -0.102356 0.173875 1 0 0 0 0 0 0 0
495 1 0.1 5.81103 3.73415 0.762512 0.0111313 0.018725 -0.0012297 -0.20665 -0.0674168 -0.134152 1 0 0 0 0 0 0 0
496 1 0.1 5.90117 3.55578 0.762754 0.0100485 0.023052 0.00080595 0.246814 -0.0914891 0.131077 1 0 0 0 0 0 0 0
497 1 0.1 5.94457 4.13129 0.537624 -0.00498537 0.000348281 -0.0171096 0.389411 0.356091 -0.416835 1 0 0 0 0 0 0 0
498 1 0.1 6.12968 4.58138 0.762611 -0.000813161 -0.00169173 -0.000154143 -0.0166289 0.00763113 -0.00441418 1 0 0 0 0 0 0 0
499 1 0.1 6.25537 4.73686 0.762505 -0.0010236 -0.00167077 2.63071e-05 0.0125975 -0.0194452 0.00798077 1 0 0 0 0 0 0 0
