500
0 1 0.1 5.96032 1.06188 0.149781 -0.000648573 0.00048826 0.000670877 -0.0114663 -0.0238798 0.00278069 1 0 0 0 0 0 0 0
1 1 0.1 5.79862 1.2179 0.15098 -9.6708e-05 0.00146513 0.00327523 0.0414037 -0.015532 0.00730066 1 0 0 0 0 0 0 0
2 1 0.1 5.65786 1.36056 0.143625 -0.000795631 0.000348961 0.000167456 -0.00166375 -0.00445662 -0.015588 1 0 0 0 0 0 0 0
3 1 0.1 5.28805 1.73662 0.13744 0.0116027 -0.0117984 -0.00294164 -0.000674259 0.0660474 -0.171851 1 0 0 0 0 0 0 0
4 1 0.1 5.48321 1.79104 0.356522 0.0138438 -0.0321095 0.0369869 0.261489 -0.206385 -0.0902164 1 0 0 0 0 0 0 0
5 1 0.1 5.1442 1.88134 0.136639 0.0142438 -0.0237107 -0.00642956 0.23956 0.0801233 -0.113383 1 0 0 0 0 0 0 0
6 1 0.1 4.99419 2.0566 0.134366 0.00459246 -0.0352075 0.0017291 0.319271 0.00252314 -0.0143106 1 0 0 0 0 0 0 0
7 1 0.1 4.80554 2.21062 0.146365 0.0367964 0.0127421 -0.124899 -0.126008 0.949096 -0.156813 1 0 0 0 0 0 0 0
8 1 0.1 4.69773 2.69875 0.137302 -0.0233354 0.0081883 0.00614725 -0.0995073 -0.177233 0.0344933 1 0 0 0 0 0 0 0
9 1 0.1 4.6432 2.52617 0.221575 -0.0226384 -0.00601365 -0.0373121 0.893699 0.11101 0.336749 1 0 0 0 0 0 0 0
10 1 0.1 4.19316 2.86251 0.149739 0.00240575 -0.0269883 -0.00662768 -0.29383 0.0912416 0.5641 1 0 0 0 0 0 0 0
11 1 0.1 4.1928 2.83455 0.350526 0.00236831 0.00895819 -0.00457775 0.0356541 0.0664691 0.00212835 1 0 0 0 0 0 0 0
12 1 0.1 4.19789 3.06177 0.134847 -0.0388634 -0.0252741 -0.00141106 0.676926 -0.611358 0.0873554 1 0 0 0 0 0 0 0
13 1 0.1 4.22979 3.21055 0.25721 -0.0488087 -0.0575794 0.0403122 -0.400833 0.303738 -0.328382 1 0 0 0 0 0 0 0
14 1 0.1 4.34724 3.3196 0.137691 -0.0895186 -0.0896831 -0.0123166 0.0536623 0.208717 -0.462662 1 0 0 0 0 0 0 0
15 1 0.1 4.5158 3.4967 0.147047 0.00663201 0.00785815 -0.00576809 0.0554323 0.0104224 0.0791591 1 0 0 0 0 0 0 0
16 1 0.1 4.55519 3.30102 0.13736 0.0103557 0.0100584 -0.00567703 -0.0727153 0.0542646 -0.0296759 1 0 0 0 0 0 0 0
17 1 0.1 4.69193 3.62132 0.218933 -0.121359 0.076899 -0.131846 -2.69483 -2.30829 -6.81755 1 0 0 0 0 0 0 0
18 1 0.1 4.84196 3.81768 0.245493 0.0341438 0.0198104 -0.0250972 0.119239 0.35136 0.272518 1 0 0 0 0 0 0 0
19 1 0.1 4.9617 3.93872 0.136529 0.00587309 0.0158673 0.00675464 -0.159767 0.020367 0.0994145 1 0 0 0 0 0 0 0
20 1 0.1 5.10199 4.08059 0.14505 0.00173814 0.00627469 0.00642153 -0.158354 0.115076 0.0105675 1 0 0 0 0 0 0 0
21 1 0.1 5.24227 4.22276 0.149861 -0.00443726 0.00387298 -0.0193237 0.0971969 0.173979 0.00153174 1 0 0 0 0 0 0 0
22 1 0.1 5.52253 4.50116 0.140785 -0.0559068 -0.0282191 0.0347018 -0.0435525 -0.167836 -0.124118 1 0 0 0 0 0 0 0
23 1 0.1 5.66681 4.64712 0.150046 -0.161837 -0.114245 -0.000372738 -0.272922 0.400388 -1.95737 1 0 0 0 0 0 0 0
24 1 0.1 5.94957 4.92989 0.150015 -0.160342 -0.112374 2.91439e-05 -0.206972 0.294199 -1.9203 1 0 0 0 0 0 0 0
25 1 0.1 6.10161 0.920654 0.150015 -0.000188018 0.000360137 0.00171352 0.017609 -0.00112643 0.0026926 1 0 0 0 0 0 0 0
26 1 0.1 5.87316 1.40257 0.137126 -0.00302705 0.00133671 -0.00050751 -0.102737 -0.0396068 0.0297349 1 0 0 0 0 0 0 0
27 1 0.1 5.71043 1.55486 0.137487 0.00165846 -0.00541723 8.92465e-05 -0.00872846 -0.007829 -0.064701 1 0 0 0 0 0 0 0
28 1 0.1 5.51749 1.50267 0.137309 -0.000734757 0.00108114 0.00290737 -0.00483263 0.0179338 -0.0143713 1 0 0 0 0 0 0 0
29 1 0.1 5.59932 1.87193 0.137415 0.0165706 -0.00292246 0.000353828 0.0208133 -0.00602326 -0.0320391 1 0 0 0 0 0 0 0
30 1 0.1 5.40198 1.90024 0.137496 0.0165864 -0.0135825 0.00349738 0.174367 0.00848414 0.136615 1 0 0 0 0 0 0 0
31 1 0.1 5.19102 2.08692 0.13734 -0.00155214 -0.0335996 -0.00331968 0.332011 -0.121059 0.121221 1 0 0 0 0 0 0 0
32 1 0.1 4.97535 2.33952 0.137449 0.165441 -0.0686805 -0.000262663 0.691593 1.66379 -0.84583 1 0 0 0 0 0 0 0
33 1 0.1 4.46581 2.55632 0.136825 -0.0109186 -0.000778391 -0.0144678 -0.0267785 -0.0664395 -0.0634724 1 0 0 0 0 0 0 0
34 1 0.1 4.91936 2.72056 0.137118 -0.0433152 -0.0155183 -0.0124071 0.0221782 -0.362115 0.0863983 1 0 0 0 0 0 0 0
35 1 0.1 4.32465 2.69615 0.144073 -0.0154975 -0.0120121 0.00222646 0.119568 0.0520056 0.200121 1 0 0 0 0 0 0 0
36 1 0.1 5.14763 2.87099 0.315702 -0.0858618 -0.0111995 -0.00631795 0.0371916 -0.555841 -0.832759 1 0 0 0 0 0 0 0
37 1 0.1 4.39421 2.88079 0.135471 -0.0146966 -0.0413615 -0.0241613 -0.191507 -0.0944079 -0.418383 1 0 0 0 0 0 0 0
38 1 0.1 4.38668 3.12199 0.137382 -0.0399085 -0.0114368 0.00691674 -0.1673 0.694288 0.179835 1 0 0 0 0 0 0 0
39 1 0.1 4.4545 3.22594 0.292446 0.00979114 0.0129895 -0.0152061 0.00360677 -0.104426 0.0852455 1 0 0 0 0 0 0 0
40 1 0.1 4.97411 3.31335 0.134539 0.0978442 -0.0111394 -0.000412297 0.0910226 0.909155 -0.267882 1 0 0 0 0 0 0 0
41 1 0.1 4.93131 3.52257 0.212162 0.0827455 0.801103 -0.251607 -1.92114 0.270805 -10.7053 1 0 0 0 0 0 0 0
42 1 0.1 5.17444 3.6874 0.137285 -0.0211141 -0.0283347 0.0115278 0.329265 -0.226948 0.0918959 1 0 0 0 0 0 0 0
43 1 0.1 5.04406 3.91423 0.313872 -0.0964772 0.127366 0.0791609 0.275794 -1.61096 2.21749 1 0 0 0 0 0 0 0
44 1 0.1 5.34788 3.9373 0.139091 -0.0279871 -0.0178538 0.0186602 -0.140332 0.118443 0.453938 1 0 0 0 0 0 0 0
45 1 0.1 5.41614 4.12541 0.137288 -0.0327816 -0.00247223 -0.0143764 0.0299276 -0.358893 -0.227701 1 0 0 0 0 0 0 0
46 1 0.1 5.52171 4.30126 0.137456 -0.00729038 -0.027092 -5.9224e-05 0.276406 -0.0406287 -0.294537 1 0 0 0 0 0 0 0
47 1 0.1 5.77136 4.47721 0.136903 -0.00569291 -0.0217182 0.00567568 0.152538 -0.019108 0.171957 1 0 0 0 0 0 0 0
48 1 0.1 5.80835 4.78832 0.149078 -0.159742 -0.114139 -0.00608094 0.286435 -0.301017 1.93948 1 0 0 0 0 0 0 0
49 1 0.1 6.12446 5.10072 0.148592 -0.00131953 -0.00206061 -0.0010368 0.0111291 0.00658479 -0.0254501 1 0 0 0 0 0 0 0
50 1 0.1 6.24301 0.7793 0.149987 -1.43588e-05 0.000152125 0.000333862 0.00233957 -0.000150705 -0.00156393 1 0 0 0 0 0 0 0
51 1 0.1 6.00775 1.25535 0.138555 -0.00389367 0.00180033 0.00700008 0.0744704 0.0284997 0.025338 1 0 0 0 0 0 0 0
52 1 0.1 5.94864 1.80422 0.148195 0.00790171 0.000528432 0.00493425 0.05032 -0.0385517 0.122445 1 0 0 0 0 0 0 0
53 1 0.1 5.75683 1.74935 0.137483 0.0115042 -0.00795583 -0.000344967 0.00368404 -0.00145308 -0.0358634 1 0 0 0 0 0 0 0
54 1 0.1 5.75022 1.98053 0.211005 -0.00707287 0.00695094 0.0314399 -0.0672268 -0.369095 0.0651651 1 0 0 0 0 0 0 0
55 1 0.1 5.39034 2.09962 0.13751 -0.003681 -0.0140051 0.00421403 -0.116423 0.0635344 0.0632616 1 0 0 0 0 0 0 0
56 1 0.1 5.28035 2.26627 0.137045 -0.00808595 -0.0133802 -0.00321331 0.156462 -0.173792 -0.0628183 1 0 0 0 0 0 0 0
57 1 0.1 5.19277 2.32485 0.306275 -0.022396 -0.0273022 -0.00306411 0.0418075 0.0371192 0.00784033 1 0 0 0 0 0 0 0
58 1 0.1 4.83238 2.3908 0.2673 0.112793 -0.0796086 -0.052602 -0.00691392 -2.64758 0.378995 1 0 0 0 0 0 0 0
59 1 0.1 4.66461 2.35127 0.130333 -0.00451943 -0.00538917 -0.0263609 0.639982 -1.51421 -0.573669 1 0 0 0 0 0 0 0
60 1 0.1 5.27475 2.71738 0.30208 -0.127599 -0.0569099 0.0402522 0.364521 -0.656209 0.14605 1 0 0 0 0 0 0 0
61 1 0.1 4.59513 2.90645 0.137068 -0.036973 -0.0229766 0.00150352 0.148874 -0.174285 -0.143966 1 0 0 0 0 0 0 0
62 1 0.1 4.79222 2.87446 0.137468 -0.023993 0.0088062 0.00600299 0.0604447 0.0643137 -0.0247042 1 0 0 0 0 0 0 0
63 1 0.1 4.5833 3.10405 0.16426 -0.0244039 -0.00539794 -0.0182093 -0.0364369 -0.383201 -0.105391 1 0 0 0 0 0 0 0
64 1 0.1 4.76019 3.19176 0.136579 -0.00970047 0.00488666 0.00968814 -0.0457815 -0.0474927 0.0773114 1 0 0 0 0 0 0 0
65 1 0.1 4.7574 3.45737 0.390812 0.00246458 0.0424852 0.0039363 -0.126746 -0.134472 0.00417425 1 0 0 0 0 0 0 0
66 1 0.1 5.34078 3.54332 0.139115 0.0060438 0.091673 0.00065123 0.271991 -0.259874 0.392575 1 0 0 0 0 0 0 0
67 1 0.1 5.49161 3.67228 0.137073 -0.0129735 0.107453 -0.00979595 -1.17176 -0.223011 -0.0898642 1 0 0 0 0 0 0 0
68 1 0.1 5.15454 3.88637 0.139789 -0.0186301 -0.0263818 0.0264826 -0.135731 -0.112465 -0.365259 1 0 0 0 0 0 0 0
69 1 0.1 5.58264 4.01562 0.440038 -0.172208 0.058798 -0.0730312 0.395919 0.403326 -1.19782 1 0 0 0 0 0 0 0
70 1 0.1 5.59144 4.18243 0.286248 0.0120919 -0.137643 -0.0385906 1.92599 -0.367471 -0.920555 1 0 0 0 0 0 0 0
71 1 0.1 5.72272 4.20486 0.137335 0.0269773 -0.0394717 -0.00147153 0.250858 0.261849 -0.0845713 1 0 0 0 0 0 0 0
72 1 0.1 5.89594 4.3203 0.137296 0.0165488 -0.00889938 -0.00627911 0.0682262 0.113284 0.0529289 1 0 0 0 0 0 0 0
73 1 0.1 6.1164 4.81282 0.137386 -0.00707983 -0.00246319 -0.000365681 0.0605607 -0.0778397 -0.0888813 1 0 0 0 0 0 0 0
74 1 0.1 6.34567 5.32419 0.149974 -0.00111063 -0.0014967 -0.000257761 0.000492107 -0.00380757 -0.00297108 1 0 0 0 0 0 0 0
75 1 0.1 6.24611 0.995787 0.266079 -0.00157015 0.00330551 0.00246994 -0.0496447 0.00193489 -0.0166462 1 0 0 0 0 0 0 0
76 1 0.1 6.15214 1.11656 0.137424 -0.000139568 0.000690433 -0.00023845 -0.00119107 -0.00389761 -0.00842766 1 0 0 0 0 0 0 0
77 1 0.1 6.0647 1.64202 0.137465 0.00828885 0.00188811 3.20225e-05 -0.0210212 0.082639 -0.107474 1 0 0 0 0 0 0 0
78 1 0.1 5.95301 2.00368 0.137486 0.0110551 0.000272261 -0.000109747 -0.101742 0.0218529 -0.152726 1 0 0 0 0 0 0 0
79 1 0.1 5.73611 2.21343 0.307061 0.00187641 -0.0113642 -0.000495174 -0.11737 -0.134529 0.896409 1 0 0 0 0 0 0 0
80 1 0.1 5.58816 2.07158 0.137481 3.07524e-05 -0.00320971 -0.000271569 0.0321409 3.76988e-05 0.0467995 1 0 0 0 0 0 0 0
81 1 0.1 5.57491 2.27996 0.135395 0.0142332 -0.0202215 -0.00134286 0.180723 0.15724 -0.105836 1 0 0 0 0 0 0 0
82 1 0.1 5.76692 2.76047 0.137419 -0.0564168 0.0415804 -0.000658843 0.0548567 -0.0636858 0.0034042 1 0 0 0 0 0 0 0
83 1 0.1 5.39275 2.43102 0.142454 -0.0465096 0.0129751 -0.00825361 -0.297681 0.0582753 0.531965 1 0 0 0 0 0 0 0
84 1 0.1 4.82311 2.54307 0.137221 -0.0157703 0.00217984 -0.00681606 0.018459 -0.18696 -0.376528 1 0 0 0 0 0 0 0
85 1 0.1 5.09945 2.62176 0.172752 -0.0397172 -0.0142909 -0.0189191 0.0567262 0.221495 0.231685 1 0 0 0 0 0 0 0
86 1 0.1 5.62516 2.88042 0.328537 0.00976552 0.0355324 -0.00317728 0.185839 -0.115324 -0.332415 1 0 0 0 0 0 0 0
87 1 0.1 5.01948 2.89146 0.164234 -0.0364212 -0.0141908 -0.0421606 0.163796 0.459632 -0.336871 1 0 0 0 0 0 0 0
88 1 0.1 5.17459 3.28934 0.137393 -0.0189482 -0.0330356 -0.00270013 0.41426 0.055412 -0.719662 1 0 0 0 0 0 0 0
89 1 0.1 4.70645 3.43173 0.138507 -0.0017404 0.0273238 0.0146751 0.869544 0.363975 0.246214 1 0 0 0 0 0 0 0
90 1 0.1 5.15059 3.48802 0.136314 0.0352859 -0.0171745 0.0030109 0.11854 0.363686 0.755812 1 0 0 0 0 0 0 0
91 1 0.1 5.52432 3.46519 0.139454 0.00873265 0.0926569 -0.0030678 0.382982 -0.00896079 -0.390385 1 0 0 0 0 0 0 0
92 1 0.1 5.68857 3.64098 0.13955 -0.0155177 0.0402638 0.0279292 0.00562719 0.0440145 -0.635592 1 0 0 0 0 0 0 0
93 1 0.1 5.76848 3.87963 0.28746 -0.0165248 0.00362428 0.0477193 -0.337102 0.531052 -1.01236 1 0 0 0 0 0 0 0
94 1 0.1 5.56675 3.98537 0.226648 -0.279133 0.0524953 -0.234757 0.469033 1.94762 0.985739 1 0 0 0 0 0 0 0
95 1 0.1 5.77349 4.01159 0.137411 0.0109158 -0.0480399 0.000242245 -0.337972 0.0639232 -0.0538788 1 0 0 0 0 0 0 0
96 1 0.1 5.93892 4.12487 0.137471 0.00445837 0.0058829 -0.00120887 0.732902 0.802655 0.577166 1 0 0 0 0 0 0 0
97 1 0.1 6.02112 4.44651 0.236387 -0.196059 0.00407353 -0.0417934 0.557205 2.99505 0.792438 1 0 0 0 0 0 0 0
98 1 0.1 6.24147 4.9508 0.20998 -0.00654364 -0.00444144 0.00555323 -0.0792788 0.0225637 0.0255753 1 0 0 0 0 0 0 0
99 1 0.1 6.32278 5.12554 0.148742 -0.00105675 -0.00200102 -0.00222622 0.0244994 0.0072087 0.0187746 1 0 0 0 0 0 0 0
100 1 0.1 6.35503 0.662488 0.350011 -0.00201736 0.00309242 -0.000611746 -0.00133035 0.00423101 0.0225507 1 0 0 0 0 0 0 0
101 1 0.1 6.19989 1.31068 0.137497 -0.00600122 0.00295091 1.08533e-05 0.0085818 0.0277643 0.0756472 1 0 0 0 0 0 0 0
102 1 0.1 6.06707 1.44982 0.191811 -0.00482745 0.00301136 0.00456331 -0.0259883 0.0568382 -0.0677911 1 0 0 0 0 0 0 0
103 1 0.1 5.92413 2.27062 0.262918 -0.0411281 0.029356 0.0349939 -0.282717 -1.30728 -0.0978389 1 0 0 0 0 0 0 0
104 1 0.1 5.90302 2.9417 0.474031 -0.0506103 -0.0553166 0.046284 0.1983 -0.618193 -1.22489 1 0 0 0 0 0 0 0
105 1 0.1 5.75779 2.36066 0.137577 -0.0147112 0.0444433 0.00762875 -0.0315726 -0.0474507 0.68567 1 0 0 0 0 0 0 0
106 1 0.1 5.76078 2.56068 0.137455 -0.0679124 0.0419571 0.00161587 -0.0720887 0.36671 -0.103019 1 0 0 0 0 0 0 0
107 1 0.1 5.81265 3.12663 0.477983 -0.0240211 0.00620233 0.007016 -0.379412 -0.298503 -0.344891 1 0 0 0 0 0 0 0
108 1 0.1 5.56881 2.7294 0.195624 -0.0605753 0.0346395 0.00135119 0.359733 -0.146868 -0.737122 1 0 0 0 0 0 0 0
109 1 0.1 5.56259 2.53574 0.137412 -0.0728061 0.0545934 0.00048223 -0.0603645 -0.392318 -0.021742 1 0 0 0 0 0 0 0
110 1 0.1 5.29613 2.60664 0.137135 -0.0561312 0.00328544 0.00354147 0.0459292 -0.831784 0.168221 1 0 0 0 0 0 0 0
111 1 0.1 5.19296 2.79434 0.137063 -0.0379671 -0.0145047 0.00638637 0.124975 -0.404018 -0.23792 1 0 0 0 0 0 0 0
112 1 0.1 5.4284 3.0452 0.13729 -0.00285832 -0.0418617 0.00296526 0.316049 0.0479394 0.586074 1 0 0 0 0 0 0 0
113 1 0.1 4.89538 3.04526 0.137293 -0.0124663 0.00575308 0.00490242 0.0217408 0.0391136 -0.0743364 1 0 0 0 0 0 0 0
114 1 0.1 5.48291 3.22702 0.25624 -0.081049 -0.0829036 -0.023037 0.283405 0.507635 -2.05297 1 0 0 0 0 0 0 0
115 1 0.1 5.64789 3.31085 0.166726 -0.0497546 0.0444602 0.00844336 -0.285734 -0.261548 -0.337823 1 0 0 0 0 0 0 0
116 1 0.1 5.6151 3.11606 0.1374 -0.0346544 0.0432209 0.000933216 0.364334 0.136468 0.462881 1 0 0 0 0 0 0 0
117 1 0.1 5.84263 3.34479 0.137549 -0.0410156 -0.00766222 0.00389529 -0.282241 0.23104 -0.135187 1 0 0 0 0 0 0 0
118 1 0.1 5.85332 3.75386 0.137436 0.0132252 0.00955691 0.00335008 -0.109003 0.153202 0.233086 1 0 0 0 0 0 0 0
119 1 0.1 5.95487 3.92577 0.145437 0.0270526 0.00603516 -0.0434055 -0.373375 -0.0530271 -0.378201 1 0 0 0 0 0 0 0
120 1 0.1 5.86266 3.54341 0.14869 -0.0386778 -0.00421715 -0.00702151 0.218893 0.240976 0.145553 1 0 0 0 0 0 0 0
121 1 0.1 6.00727 3.23137 0.138266 -0.24621 -0.304209 0.00973562 0.723904 -0.60368 -3.46707 1 0 0 0 0 0 0 0
122 1 0.1 6.02623 4.19947 0.425588 -0.0418481 -0.0668133 0.171741 0.313049 -1.47381 0.12615 1 0 0 0 0 0 0 0
123 1 0.1 6.08744 4.60772 0.137431 -0.0257479 -0.0277636 0.000937271 -0.0046698 -0.00987226 -0.0151351 1 0 0 0 0 0 0 0
124 1 0.1 6.23968 4.69087 0.236869 -0.0222921 -0.0205079 -0.00711211 0.121967 -0.0314489 -0.0741424 1 0 0 0 0 0 0 0
125 1 0.1 5.93073 1.0868 0.350017 -0.000714873 0.00163027 0.000884095 0.0238487 -0.00257587 0.0260366 1 0 0 0 0 0 0 0
126 1 0.1 5.78925 1.22813 0.350291 -0.00131865 0.000377578 0.0013319 -0.0147386 -0.00421907 0.0115957 1 0 0 0 0 0 0 0
127 1 0.1 5.62665 1.39755 0.348406 -0.0769285 0.0836726 -0.00958731 -0.0638966 0.0689605 1.16274 1 0 0 0 0 0 0 0
128 1 0.1 5.44211 1.57815 0.333501 0.00610597 -0.0114425 0.00408662 0.00454938 -0.00279527 -0.0028775 1 0 0 0 0 0 0 0
129 1 0.1 5.29883 1.71626 0.352583 0.00821616 -0.00843208 0.0035231 0.0232989 -0.03305 -0.125014 1 0 0 0 0 0 0 0
130 1 0.1 5.06508 1.96908 0.295702 0.0013008 -0.064688 -0.0125674 0.175641 -0.26949 0.155084 1 0 0 0 0 0 0 0
131 1 0.1 4.90943 2.12599 0.294535 -0.0411919 0.0232428 -0.0616789 -0.665779 -1.05592 -0.796359 1 0 0 0 0 0 0 0
132 1 0.1 4.7912 2.23878 0.399413 0.00260385 0.000226933 1.09735e-05 1.5854 1.11658 0.227671 1 0 0 0 0 0 0 0
133 1 0.1 4.64965 2.37108 0.345501 0.0743583 -0.0479216 -0.132304 -0.145276 1.7239 -0.646694 1 0 0 0 0 0 0 0
134 1 0.1 4.59048 2.49754 0.488512 -0.0510649 -0.158267 -0.0545009 2.65332 -1.02671 0.684004 1 0 0 0 0 0 0 0
135 1 0.1 4.47366 2.55173 0.336026 0.00975961 -0.00111733 -0.0230073 -0.13168 0.113985 -0.0587369 1 0 0 0 0 0 0 0
136 1 0.1 4.33161 2.69197 0.341888 0.00491993 -0.00134845 -0.0111783 -0.177247 0.179818 -0.0869799 1 0 0 0 0 0 0 0
137 1 0.1 4.48578 2.93539 0.301545 -0.104049 -0.0402059 -0.00815374 -0.428768 -1.40564 0.515953 1 0 0 0 0 0 0 0
138 1 0.1 4.32988 3.05239 0.315599 -0.0897292 -0.0782698 -0.0396486 0.503899 0.873967 -0.415777 1 0 0 0 0 0 0 0
139 1 0.1 4.31216 3.29079 0.417113 -0.000128873 -0.00115641 -0.00448349 0.219092 0.295782 -0.263061 1 0 0 0 0 0 0 0
140 1 0.1 4.61832 3.32089 0.352926 0.00598809 0.0248246 -0.006943 -0.0843022 -0.090553 0.0237111 1 0 0 0 0 0 0 0
141 1 0.1 4.59208 3.56691 0.403563 -0.00549542 0.00520537 -0.00910645 0.11291 0.126574 -0.108231 1 0 0 0 0 0 0 0
142 1 0.1 4.73723 3.71322 0.39265 -0.047767 -0.0783463 -0.0179449 0.0865204 0.158023 -0.914509 1 0 0 0 0 0 0 0
143 1 0.1 5.13943 4.06738 0.38882 -0.0566539 0.0892019 0.212543 0.448175 0.471883 -2.88947 1 0 0 0 0 0 0 0
144 1 0.1 5.41374 4.06484 0.32737 -0.190026 0.0160364 -0.0472455 0.0228441 0.126584 -0.882619 1 0 0 0 0 0 0 0
145 1 0.1 5.25136 4.22657 0.367438 0.0312362 -0.00239207 0.0373814 -1.2976 1.28049 1.45991 1 0 0 0 0 0 0 0
146 1 0.1 5.36364 4.34465 0.251775 -0.00642035 -0.0110724 -0.00478698 0.188552 -0.152987 -0.227947 1 0 0 0 0 0 0 0
147 1 0.1 5.4924 4.46732 0.343442 -0.0790591 -0.0449683 0.169744 -0.112435 -2.05256 -0.451739 1 0 0 0 0 0 0 0
148 1 0.1 5.7121 4.69091 0.348136 -0.0148163 -0.0162136 0.00371992 0.140924 -0.152392 -0.182668 1 0 0 0 0 0 0 0
149 1 0.1 5.90869 4.88144 0.361568 -0.0073411 -0.00695362 -0.00498941 0.0114896 0.0538895 -0.0808025 1 0 0 0 0 0 0 0
150 1 0.1 6.07237 0.945378 0.351093 -0.00183862 0.00440627 0.00270639 0.0185467 -0.00506841 0.0580186 1 0 0 0 0 0 0 0
151 1 0.1 5.82132 1.68862 0.316635 0.00388462 0.0136366 0.00962244 -0.0627854 -0.268606 0.566279 1 0 0 0 0 0 0 0
152 1 0.1 5.55862 1.68572 0.204915 0.0116664 -0.00557492 0.0162828 0.181204 0.126776 -0.0706562 1 0 0 0 0 0 0 0
153 1 0.1 5.94276 2.24785 0.474965 -0.0473688 -0.0545021 -0.152964 0.451256 0.995386 -0.546277 1 0 0 0 0 0 0 0
154 1 0.1 5.70551 1.96382 0.405652 0.00635564 0.0151563 0.00441658 0.137591 0.128693 0.0832776 1 0 0 0 0 0 0 0
155 1 0.1 5.2684 1.94792 0.277854 0.00729612 -0.0435319 0.00601568 0.160728 -0.0818085 0.11988 1 0 0 0 0 0 0 0
156 1 0.1 5.1601 2.20553 0.46337 -0.00245807 -0.00891706 0.0152951 -0.0970921 -0.0253015 0.098595 1 0 0 0 0 0 0 0
157 1 0.1 4.88502 2.13534 0.540969 0.00606827 -0.00283057 -0.000277793 0.0956501 0.0229977 -0.0101103 1 0 0 0 0 0 0 0
158 1 0.1 4.78995 2.46279 0.451088 0.0514025 -0.0665249 -0.108596 -1.17137 -3.11577 -0.604765 1 0 0 0 0 0 0 0
159 1 0.1 4.8003 2.79446 0.603892 -0.175378 -0.0444569 -0.0515741 0.654097 0.0947991 0.310611 1 0 0 0 0 0 0 0
160 1 0.1 4.71764 2.63116 0.372315 -0.0837183 -0.0483926 0.0201257 0.058319 -0.412557 0.380753 1 0 0 0 0 0 0 0
161 1 0.1 4.6447 2.80981 0.333461 -0.177218 -0.0404699 0.0440993 0.287347 -0.740174 0.319303 1 0 0 0 0 0 0 0
162 1 0.1 4.56668 2.91677 0.478643 -0.194262 -0.042437 0.0239592 0.184724 -0.521617 0.0774518 1 0 0 0 0 0 0 0
163 1 0.1 4.72401 2.97195 0.58035 -0.189432 -0.0397375 0.0150719 -0.16486 0.545062 -0.165468 1 0 0 0 0 0 0 0
164 1 0.1 4.30399 3.287 0.74983 -0.00272922 -0.00476355 0.00127627 0.238687 -0.0306434 -0.0494169 1 0 0 0 0 0 0 0
165 1 0.1 4.72624 3.4699 0.587394 -0.0414406 -0.00418623 0.00921187 -0.302054 -0.318297 -0.595192 1 0 0 0 0 0 0 0
166 1 0.1 4.95393 3.36806 0.433826 -0.0133564 0.052266 0.021574 0.135455 -0.888558 0.0187006 1 0 0 0 0 0 0 0
167 1 0.1 5.102 3.59328 0.297884 0.00688722 -0.0549003 0.020137 0.213726 -0.292033 -0.20395 1 0 0 0 0 0 0 0
168 1 0.1 5.26795 3.92833 0.326442 -0.202407 -0.00528395 0.046527 0.221937 1.27149 1.12898 1 0 0 0 0 0 0 0
169 1 0.1 5.45358 3.87607 0.378172 -0.156838 0.0389244 -0.0671479 0.0133799 0.041306 1.12839 1 0 0 0 0 0 0 0
170 1 0.1 5.44433 4.24547 0.405654 0.0557428 -0.0482404 -0.0501101 0.122331 -0.569837 -1.98778 1 0 0 0 0 0 0 0
171 1 0.1 5.62371 4.3266 0.425663 0.0644157 -0.113773 0.00873529 -0.610538 -0.282429 1.23623 1 0 0 0 0 0 0 0
172 1 0.1 5.75817 4.3396 0.280352 0.0462299 -0.0461566 0.0082898 0.00161829 0.263552 0.37817 1 0 0 0 0 0 0 0
173 1 0.1 5.86079 4.57162 0.287722 -0.0158779 -0.0222986 0.0137367 -0.00424396 -0.0024919 0.0347807 1 0 0 0 0 0 0 0
174 1 0.1 6.08461 5.06634 0.352458 -0.0109144 -0.00675181 0.00310225 -0.0672264 0.094892 -0.148026 1 0 0 0 0 0 0 0
175 1 0.1 6.21363 0.803883 0.350029 -0.00245552 0.00346254 -0.000213738 0.00230955 0.00231202 -0.000965394 1 0 0 0 0 0 0 0
176 1 0.1 5.80621 1.48985 0.30359 0.0195904 0.0101243 0.00081981 0.134183 0.114972 -0.424066 1 0 0 0 0 0 0 0
177 1 0.1 5.8755 1.87926 0.342741 -0.0328654 0.0240568 0.0100592 -0.0988443 -0.33045 -0.244109 1 0 0 0 0 0 0 0
178 1 0.1 5.88193 2.07829 0.325329 0.03551 0.0185023 -0.0277238 -0.270131 0.876308 -0.519784 1 0 0 0 0 0 0 0
179 1 0.1 5.52072 1.9846 0.332298 -0.00536219 -0.0342523 0.0156804 -0.523218 0.0497954 0.30484 1 0 0 0 0 0 0 0
180 1 0.1 5.41902 2.11552 0.44469 0.00559308 -0.00290446 -0.00443495 -0.321966 0.100146 -0.0253374 1 0 0 0 0 0 0 0
181 1 0.1 5.27712 2.14453 0.307942 -0.0105039 -0.0357449 0.00246808 -0.171618 0.0826472 0.0728375 1 0 0 0 0 0 0 0
182 1 0.1 5.00352 2.28727 0.365445 -0.0687384 0.00987665 0.00196987 0.0813669 -1.30065 0.158675 1 0 0 0 0 0 0 0
183 1 0.1 4.902 2.5885 0.314854 -0.0464442 -0.00462256 -0.000860153 -0.256311 0.595756 0.265854 1 0 0 0 0 0 0 0
184 1 0.1 5.09099 2.63362 0.393952 -0.116124 -0.0543565 -0.13653 1.83164 0.0265055 -0.935583 1 0 0 0 0 0 0 0
185 1 0.1 5.06466 2.81579 0.542146 -0.334011 -0.257072 -0.140358 -1.00128 0.430651 -0.992133 1 0 0 0 0 0 0 0
186 1 0.1 4.97213 2.77647 0.320869 -0.0944019 0.0209719 -0.0329096 -0.396351 -0.0265448 0.543532 1 0 0 0 0 0 0 0
187 1 0.1 4.51341 2.73688 0.203564 -0.0597215 -0.0319799 -0.0202697 0.239536 -0.257199 0.313051 1 0 0 0 0 0 0 0
188 1 0.1 4.70248 2.99368 0.280617 -0.0693132 -0.0578352 0.00787999 -0.382836 -0.546367 -0.429315 1 0 0 0 0 0 0 0
189 1 0.1 5.25001 3.30919 0.35191 -0.0269294 -0.0832062 0.0141551 0.341863 0.651064 -0.666231 1 0 0 0 0 0 0 0
190 1 0.1 5.07651 3.38161 0.284891 0.0305625 0.00366676 0.0310019 -0.935485 -1.09898 0.244968 1 0 0 0 0 0 0 0
191 1 0.1 5.27823 3.50618 0.333327 0.00769359 -0.0734858 0.000856108 -0.164986 0.498701 0.0463184 1 0 0 0 0 0 0 0
192 1 0.1 5.24512 3.7305 0.318951 -0.0273847 -0.0298749 0.0319367 0.0758908 0.296865 0.692535 1 0 0 0 0 0 0 0
193 1 0.1 5.59178 3.79035 0.262387 -0.0730592 0.124143 -0.00590388 0.388369 -1.08754 -0.392323 1 0 0 0 0 0 0 0
194 1 0.1 5.59204 3.88594 0.591989 -0.152273 0.0306735 -0.0776595 -0.13163 0.0206793 -0.445972 1 0 0 0 0 0 0 0
195 1 0.1 5.7191 4.15773 0.473995 0.0394732 -0.143887 -0.0274315 0.811458 0.142934 -1.50447 1 0 0 0 0 0 0 0
196 1 0.1 5.86151 4.17231 0.315562 0.0487415 -0.0425373 0.0286959 -0.236769 -0.244518 -0.358889 1 0 0 0 0 0 0 0
197 1 0.1 5.84307 4.00519 0.423656 0.0248346 -0.0213865 0.0575787 0.191381 -0.915394 -0.00786936 1 0 0 0 0 0 0 0
198 1 0.1 5.98405 4.72648 0.260526 -0.0210404 -0.018944 -0.00227559 -0.134556 0.101551 0.0176401 1 0 0 0 0 0 0 0
199 1 0.1 6.22718 5.20556 0.33617 -0.00896913 -0.00640755 -0.00149586 0.0472083 -0.0346378 0.115634 1 0 0 0 0 0 0 0
200 1 0.1 6.09221 1.1979 0.310345 -0.00734041 0.0174483 0.014136 -0.114957 -0.160869 0.263718 1 0 0 0 0 0 0 0
201 1 0.1 5.95027 1.33939 0.310489 -0.00602666 0.00567234 0.00594899 -0.0329504 -0.0896749 0.0858451 1 0 0 0 0 0 0 0
202 1 0.1 6.05604 1.83215 0.527984 -0.119832 0.0677865 0.00722466 1.51506 2.45223 -1.4635 1 0 0 0 0 0 0 0
203 1 0.1 5.9327 2.42724 0.562768 -0.075607 -0.0906916 -0.0833948 0.14738 1.09308 -1.23484 1 0 0 0 0 0 0 0
204 1 0.1 5.86239 2.46026 0.277143 -0.053377 0.0295597 -0.01472 0.239939 -0.17087 0.116951 1 0 0 0 0 0 0 0
205 1 0.1 5.53987 2.17979 0.300884 0.00745412 -0.042412 -0.0164857 0.19129 0.127602 -0.47743 1 0 0 0 0 0 0 0
206 1 0.1 5.39248 2.31589 0.307595 -0.0223459 -0.0351795 -0.0151711 -0.36211 0.0964335 -0.0851612 1 0 0 0 0 0 0 0
207 1 0.1 5.46357 2.47088 0.421989 0.00858386 -0.018052 -0.0380428 0.923119 -0.170771 0.00396877 1 0 0 0 0 0 0 0
208 1 0.1 5.18117 2.43923 0.136651 -0.0105425 -0.0154484 0.00165141 0.128766 -0.0405787 0.0142271 1 0 0 0 0 0 0 0
209 1 0.1 5.43762 2.60432 0.277458 -0.0601466 0.0435997 0.0181276 -0.0701163 0.678521 0.411278 1 0 0 0 0 0 0 0
210 1 0.1 5.69315 2.96721 0.494927 -0.0116334 -0.00420464 0.0134038 0.302865 -0.0622277 0.436328 1 0 0 0 0 0 0 0
211 1 0.1 5.36595 2.86766 0.20539 -0.0613548 -0.0190622 0.0735902 -0.356944 -0.469729 0.088333 1 0 0 0 0 0 0 0
212 1 0.1 4.80833 2.8893 0.415275 -0.413545 0.000746174 0.460943 2.28189 -2.88521 1.476 1 0 0 0 0 0 0 0
213 1 0.1 4.99728 2.97113 0.407507 -0.401956 -0.31608 -0.276385 -1.93115 1.29456 -0.350306 1 0 0 0 0 0 0 0
214 1 0.1 5.36811 3.33954 0.137449 -0.0255392 0.0336583 0.00940482 -0.107936 0.0942086 0.318087 1 0 0 0 0 0 0 0
215 1 0.1 5.61759 3.32011 0.401664 -0.0450703 -0.0730673 -0.0519231 -0.755396 -0.704968 0.0753588 1 0 0 0 0 0 0 0
216 1 0.1 5.66134 3.48105 0.284218 -0.344351 0.0056971 0.33953 -0.615933 -4.69921 -0.970304 1 0 0 0 0 0 0 0
217 1 0.1 5.45869 3.5905 0.316331 -0.0481729 0.0698041 -0.0135836 0.936557 0.0189794 1.40884 1 0 0 0 0 0 0 0
218 1 0.1 5.95947 3.83806 0.329383 -0.0386995 -0.0922689 0.023233 0.76408 -0.431392 0.0739603 1 0 0 0 0 0 0 0
219 1 0.1 5.99417 3.66051 0.244187 0.0018076 -0.0585811 -0.0336307 -0.211215 0.631402 -1.41591 1 0 0 0 0 0 0 0
220 1 0.1 6.00763 3.40324 0.438791 -0.347915 -0.0110702 0.0519303 0.330969 -1.88983 -0.0957469 1 0 0 0 0 0 0 0
221 1 0.1 6.00625 3.75256 0.503959 -0.385767 -0.126029 0.0686742 -0.876962 -2.21075 -2.43089 1 0 0 0 0 0 0 0
222 1 0.1 5.99453 3.42443 0.240402 -0.0665988 0.00109736 0.0365288 -0.220166 -0.914731 -0.0862091 1 0 0 0 0 0 0 0
223 1 0.1 6.10582 4.86863 0.331514 -0.00397537 -0.00846472 0.00531235 0.152294 -0.0667168 -0.048133 1 0 0 0 0 0 0 0
224 1 0.1 6.23438 4.98693 0.458478 -0.008142 -0.0148827 0.000610306 0.0554615 -0.0143338 0.0118339 1 0 0 0 0 0 0 0
225 1 0.1 5.98652 1.542 0.37238 0.0140985 0.0204242 0.000314323 0.131954 -0.0685064 0.685102 1 0 0 0 0 0 0 0
226 1 0.1 5.82144 2.15397 0.137162 0.0217854 0.00968299 0.000841985 -0.0938268 0.21747 0.0106038 1 0 0 0 0 0 0 0
227 1 0.1 6.01506 1.73711 0.325323 -0.00616879 0.0452726 0.0440401 -0.0422672 -0.111728 -0.246412 1 0 0 0 0 0 0 0
228 1 0.1 5.9593 2.58402 0.137503 -0.0572571 -0.0228231 -0.000793071 0.0680596 -0.340577 -0.567145 1 0 0 0 0 0 0 0
229 1 0.1 5.58359 2.91895 0.137182 0.0159172 0.0284268 -0.00170041 -0.389571 0.145031 -0.0697449 1 0 0 0 0 0 0 0
230 1 0.1 5.97367 3.04029 0.260346 -0.030741 0.130193 -0.0506727 0.172203 0.773333 1.71453 1 0 0 0 0 0 0 0
231 1 0.1 5.78395 2.3614 0.432053 -0.0372701 0.0121553 -0.0169904 -0.000929888 0.390686 -0.157102 1 0 0 0 0 0 0 0
232 1 0.1 5.59682 2.40218 0.290789 0.0279519 -0.0104401 -0.0170511 -0.435845 -0.344123 -0.391174 1 0 0 0 0 0 0 0
233 1 0.1 5.8253 2.64302 0.486181 -0.0359877 0.0210751 0.00917253 0.361486 0.447372 0.160698 1 0 0 0 0 0 0 0
234 1 0.1 5.7253 2.70787 0.325679 -0.0278048 0.00955189 -0.00493741 -0.189505 0.231737 -0.119557 1 0 0 0 0 0 0 0
235 1 0.1 5.89233 2.81732 0.317891 -0.0501011 0.0358436 -0.0195264 0.50565 0.152343 0.450554 1 0 0 0 0 0 0 0
236 1 0.1 5.60409 3.1298 0.58952 -0.0285973 -0.00959338 -0.011883 -0.204606 0.0923881 -0.103785 1 0 0 0 0 0 0 0
237 1 0.1 5.4752 2.99468 0.394047 -0.0238165 -0.0191627 0.0255924 0.258081 0.143011 0.880885 1 0 0 0 0 0 0 0
238 1 0.1 5.29125 3.15634 0.230127 -0.0655155 -0.0844948 -0.00221893 -0.262661 -0.304619 0.0996061 1 0 0 0 0 0 0 0
239 1 0.1 5.64158 3.12033 0.374568 -0.020607 -0.0264569 0.00903134 -0.129705 -0.160281 0.511695 1 0 0 0 0 0 0 0
240 1 0.1 5.78799 2.99586 0.319718 0.0220638 0.0206538 0.0164203 0.0970621 0.0811858 0.141661 1 0 0 0 0 0 0 0
241 1 0.1 5.52476 3.33344 0.584927 -0.0172017 -0.0166574 -0.0692212 -0.507089 0.0579291 -1.11263 1 0 0 0 0 0 0 0
242 1 0.1 5.77882 3.24718 0.303523 -0.0699965 0.0540287 0.0309134 -0.556462 0.259137 -0.338515 1 0 0 0 0 0 0 0
243 1 0.1 5.8012 3.38384 0.447523 -0.153347 0.111633 -0.00150317 0.0757794 -0.0758345 1.82637 1 0 0 0 0 0 0 0
244 1 0.1 5.72875 3.6638 0.334227 -0.224787 0.0492674 0.118147 0.459304 -1.72443 -0.0454078 1 0 0 0 0 0 0 0
245 1 0.1 5.81479 3.14195 0.137455 -0.504852 -0.0977767 0.00973647 -0.0782394 0.0675481 -0.362497 1 0 0 0 0 0 0 0
246 1 0.1 5.88667 3.54578 0.367589 -0.150862 0.121902 0.0107532 0.0571519 -0.0350215 -1.83342 1 0 0 0 0 0 0 0
247 1 0.1 5.92235 4.36679 0.390889 0.0110457 -0.0604344 0.056513 0.0525807 -0.857619 -0.490251 1 0 0 0 0 0 0 0
248 1 0.1 6.06404 4.49866 0.441069 -0.02665 -0.0166798 0.0354361 -0.469584 0.0405578 1.05528 1 0 0 0 0 0 0 0
249 1 0.1 6.13009 4.68384 0.403871 -0.0195515 -0.0166797 -0.00547859 0.00497745 0.0567715 -0.138442 1 0 0 0 0 0 0 0
250 1 0.1 5.99348 1.03303 0.533786 -0.0027415 0.00019506 0.000253245 0.0241109 -0.0116822 0.0204822 1 0 0 0 0 0 0 0
251 1 0.1 5.80308 1.21501 0.550336 0.0402078 -0.020788 0.0162409 0.200083 0.0909647 -0.086727 1 0 0 0 0 0 0 0
252 1 0.1 5.66158 1.35612 0.549841 0.0376091 -0.0229417 0.00307498 -0.478481 -0.616406 -0.407461 1 0 0 0 0 0 0 0
253 1 0.1 5.52466 1.49902 0.539892 0.0441365 -0.0112733 -0.026436 0.548254 0.0859692 0.306711 1 0 0 0 0 0 0 0
254 1 0.1 5.43524 1.67076 0.580574 0.0335235 -0.0201523 0.0123367 0.0533422 -0.418672 -0.270042 1 0 0 0 0 0 0 0
255 1 0.1 5.16423 1.85584 0.421437 -0.00307292 -0.00102523 0.0415885 0.355669 -0.322868 -0.143522 1 0 0 0 0 0 0 0
256 1 0.1 5.02501 1.99294 0.550103 0.0089702 -0.00522835 -0.00302023 -0.0117811 0.00811561 -0.0563866 1 0 0 0 0 0 0 0
257 1 0.1 4.80269 2.31289 0.580179 0.00767587 0.00170446 -0.00365866 -0.358449 1.28626 1.57309 1 0 0 0 0 0 0 0
258 1 0.1 4.68302 2.44713 0.657966 0.00124513 0.00752665 -0.0354748 -3.10143 0.705619 2.00945 1 0 0 0 0 0 0 0
259 1 0.1 4.74203 2.61238 0.571471 -0.153223 -0.0287138 -0.234411 0.806201 -0.988128 -0.104874 1 0 0 0 0 0 0 0
260 1 0.1 4.49788 2.71372 0.449432 -0.0457099 -0.0295721 0.0380853 0.720574 -0.919691 0.188379 1 0 0 0 0 0 0 0
261 1 0.1 4.35934 2.8841 0.456929 -1.15668 -0.136969 -0.390328 -0.813113 2.83962 -2.07383 1 0 0 0 0 0 0 0
262 1 0.1 4.3463 2.85018 0.657735 -0.0295079 0.0235548 -0.000851723 -0.0922702 0.143159 -0.0385424 1 0 0 0 0 0 0 0
263 1 0.1 4.1937 3.02781 0.458388 -0.0160312 -0.0487972 0.00580555 -0.150974 0.0315107 -0.410591 1 0 0 0 0 0 0 0
264 1 0.1 4.23383 3.20796 0.580507 0.00300631 0.0121902 -0.00145065 -0.0391687 0.028623 0.0759208 1 0 0 0 0 0 0 0
265 1 0.1 4.39025 3.36008 0.585952 0.00465766 -0.00229166 0.00279205 -0.197347 -0.0694707 0.0940233 1 0 0 0 0 0 0 0
266 1 0.1 4.45263 3.42671 0.384094 -0.00748611 0.00913662 -0.00741948 0.111544 0.109049 0.129015 1 0 0 0 0 0 0 0
267 1 0.1 4.66542 3.64877 0.570152 0.00310375 0.00890886 -0.0157473 0.133218 0.18052 0.0070826 1 0 0 0 0 0 0 0
268 1 0.1 4.92278 3.89303 0.472941 0.00147962 0.00722566 -0.00741044 0.417428 -0.316534 0.088684 1 0 0 0 0 0 0 0
269 1 0.1 5.0389 4.01018 0.58547 -0.0742038 -0.0625706 0.12508 -0.291716 -1.63209 -0.980053 1 0 0 0 0 0 0 0
270 1 0.1 5.19049 4.16572 0.554702 0.090922 -0.0167527 0.267148 0.0304283 -0.745978 -0.449491 1 0 0 0 0 0 0 0
271 1 0.1 5.34018 4.31373 0.561103 -0.326401 -0.368748 -0.213172 3.33527 -2.40427 -3.34883 1 0 0 0 0 0 0 0
272 1 0.1 5.48627 4.46252 0.550514 -0.134025 -0.154886 0.0234139 -0.185868 -0.159213 -2.10177 1 0 0 0 0 0 0 0
273 1 0.1 5.63368 4.60339 0.576842 -0.0100769 -0.00813319 -0.0114427 0.0649943 0.0987918 -0.128085 1 0 0 0 0 0 0 0
274 1 0.1 5.79256 4.77645 0.55251 -0.00423079 -0.00691587 0.00406771 -0.0475943 -0.01308 -0.0784179 1 0 0 0 0 0 0 0
275 1 0.1 6.13227 0.889931 0.549028 -0.000957152 0.000653931 -0.000602125 -0.00438442 0.000565523 0.00457292 1 0 0 0 0 0 0 0
276 1 0.1 5.78092 1.5075 0.60206 -0.00835579 0.0216966 -0.00210729 -0.127863 0.113201 0.876356 1 0 0 0 0 0 0 0
277 1 0.1 5.68034 1.56869 0.436756 0.0480016 0.0267235 0.016361 0.379488 -0.1723 -0.388986 1 0 0 0 0 0 0 0
278 1 0.1 5.67053 1.76765 0.421373 0.0220148 0.0181751 0.0307646 -0.239642 0.243654 0.623798 1 0 0 0 0 0 0 0
279 1 0.1 5.5638 1.82367 0.58094 -0.00021122 0.0229854 0.0103602 -0.241007 -0.287192 -0.0213945 1 0 0 0 0 0 0 0
280 1 0.1 5.40021 1.90394 0.498991 0.0199881 0.0218783 0.00127394 0.00384332 0.365247 0.11139 1 0 0 0 0 0 0 0
281 1 0.1 5.24292 2.02544 0.477671 0.00489948 -0.000955383 0.0471789 -0.282322 0.144019 -0.028328 1 0 0 0 0 0 0 0
282 1 0.1 5.01746 1.99762 0.74994 0.0452995 -0.0248761 0.000201071 0.0404464 0.0496347 -0.0431461 1 0 0 0 0 0 0 0
283 1 0.1 5.01051 2.28804 0.565413 0.000206516 -0.00291506 0.00262897 -0.137275 0.0504549 0.0280754 1 0 0 0 0 0 0 0
284 1 0.1 4.91813 2.68399 0.488829 -0.0871341 0.0349629 -0.0335936 -0.167501 -0.565662 0.717465 1 0 0 0 0 0 0 0
285 1 0.1 4.41635 2.65308 0.710108 -0.230957 -0.0748512 -0.0615157 -0.238455 -0.39733 1.65674 1 0 0 0 0 0 0 0
286 1 0.1 4.53382 2.79236 0.62822 -0.067555 -0.0791693 0.0468018 -0.0840366 1.26682 0.875693 1 0 0 0 0 0 0 0
287 1 0.1 4.60255 3.18264 0.763279 -0.00796596 0.0154426 0.000233055 0.152381 0.0124631 0.167399 1 0 0 0 0 0 0 0
288 1 0.1 4.44411 3.15437 0.478169 0.0100126 0.0160609 -0.00557204 -0.0461447 0.116586 -0.0351688 1 0 0 0 0 0 0 0
289 1 0.1 4.69149 3.14428 0.410355 -0.0459981 -0.0134809 -0.00796774 0.157459 -0.286495 -0.567136 1 0 0 0 0 0 0 0
290 1 0.1 4.82557 3.30362 0.286105 -0.00123241 0.0288884 0.0149396 -0.0524076 0.168153 0.0565978 1 0 0 0 0 0 0 0
291 1 0.1 4.92912 3.51971 0.610317 0.00467816 0.0280482 0.00173189 0.455242 0.0431627 -0.256644 1 0 0 0 0 0 0 0
292 1 0.1 4.92233 3.56142 0.418749 0.0172059 0.0463822 -0.00283518 -0.28755 -0.0506821 -0.233477 1 0 0 0 0 0 0 0
293 1 0.1 4.98048 3.73704 0.362589 0.0570985 0.0360489 -0.0231008 0.0209718 -0.359466 0.0702863 1 0 0 0 0 0 0 0
294 1 0.1 5.1295 3.86204 0.486589 -0.137773 -0.0173903 0.047594 2.14453 0.623308 -0.452882 1 0 0 0 0 0 0 0
295 1 0.1 5.23396 3.97842 0.611453 -0.111586 -0.217019 0.389728 -3.83175 -0.446387 -1.06178 1 0 0 0 0 0 0 0
296 1 0.1 5.52926 4.25648 0.591692 -0.32476 -0.286355 -0.0903186 0.0887413 -0.475508 4.50904 1 0 0 0 0 0 0 0
297 1 0.1 5.69151 4.41256 0.590896 -0.00932696 -0.00328505 -0.0226287 -0.0835503 0.122914 0.117788 1 0 0 0 0 0 0 0
298 1 0.1 5.7223 4.50289 0.415272 -0.089297 -0.0276665 -0.0322795 0.161741 0.872182 -0.856464 1 0 0 0 0 0 0 0
299 1 0.1 6.07632 5.05764 0.558511 -0.00389684 -0.00692692 0.00100855 -0.0318517 0.00878304 -0.0661536 1 0 0 0 0 0 0 0
300 1 0.1 6.27351 0.74839 0.550009 -0.000451482 0.000839187 -0.000158227 -0.00115292 -0.000432027 0.0067843 1 0 0 0 0 0 0 0
301 1 0.1 5.91384 1.40284 0.496274 0.000684622 0.0283392 0.00252237 -0.100509 -0.021884 -0.630648 1 0 0 0 0 0 0 0
302 1 0.1 5.88468 1.65391 0.503099 -0.0725443 -0.0931327 0.0166144 0.138659 0.377498 -1.39244 1 0 0 0 0 0 0 0
303 1 0.1 5.85735 1.83677 0.579518 0.022678 -0.043218 -0.0507186 0.0145982 1.01398 0.530308 1 0 0 0 0 0 0 0
304 1 0.1 5.7046 1.96302 0.605902 0.0454336 -0.0296925 0.0240028 0.0818178 -0.119325 -0.709979 1 0 0 0 0 0 0 0
305 1 0.1 5.4773 2.04227 0.61987 0.0232397 0.0159922 -0.000422468 0.189001 0.0154055 0.158871 1 0 0 0 0 0 0 0
306 1 0.1 5.26455 2.37351 0.485617 -0.0155971 -0.00779237 -0.00882689 -0.238233 -0.00241634 -0.0481559 1 0 0 0 0 0 0 0
307 1 0.1 5.15134 2.39649 0.658004 0.0037801 0.00655986 -0.0152032 -0.0640258 0.00614908 0.291332 1 0 0 0 0 0 0 0
308 1 0.1 5.05151 2.46321 0.283889 -0.0248735 -0.0100496 -0.0128927 -0.109439 -0.122879 -0.130058 1 0 0 0 0 0 0 0
309 1 0.1 4.93162 2.51605 0.593915 -0.0206762 0.0381251 -0.00454884 -0.138478 0.174091 0.080826 1 0 0 0 0 0 0 0
310 1 0.1 5.25497 2.8156 0.474584 -0.170222 -0.0331581 0.0352236 -0.598826 0.0291233 -0.316782 1 0 0 0 0 0 0 0
311 1 0.1 4.67067 2.86252 0.762547 -0.0146559 -0.0400521 -0.00788346 -0.0553455 -0.0515487 0.935735 1 0 0 0 0 0 0 0
312 1 0.1 4.54639 3.05701 0.618905 0.00336664 0.0149861 -0.00477323 -0.112371 0.043011 -0.248781 1 0 0 0 0 0 0 0
313 1 0.1 4.93178 3.15673 0.368213 -0.159547 -0.210621 -0.196344 2.18735 0.972792 -2.85617 1 0 0 0 0 0 0 0
314 1 0.1 5.12973 3.14419 0.347032 -0.156897 -0.240792 -0.148911 -0.514951 -1.54826 2.38533 1 0 0 0 0 0 0 0
315 1 0.1 5.11725 3.28474 0.499206 -0.0317355 -0.0086854 0.0121377 0.635117 0.718616 -0.382473 1 0 0 0 0 0 0 0
316 1 0.1 5.43015 3.38776 0.386886 -0.0253929 -0.126878 -0.0952896 -0.184669 0.511406 0.342427 1 0 0 0 0 0 0 0
317 1 0.1 5.14215 3.64725 0.48586 -0.000860931 -0.0459275 0.0111713 -0.322555 0.205958 0.085191 1 0 0 0 0 0 0 0
318 1 0.1 5.34132 3.6427 0.470333 -0.0174255 -0.10082 -0.0198932 0.864836 -0.195122 -0.580485 1 0 0 0 0 0 0 0
319 1 0.1 5.39855 3.84331 0.567167 -0.13801 -0.00434138 -0.0888986 -0.0274612 -0.212758 0.785842 1 0 0 0 0 0 0 0
320 1 0.1 5.38343 4.11739 0.574211 0.0525551 -0.299798 0.0188444 0.10785 3.30955 -2.47157 1 0 0 0 0 0 0 0
321 1 0.1 5.75202 4.00522 0.601476 -0.136171 -0.00893058 -0.0309519 -0.289422 -0.927903 0.00245314 1 0 0 0 0 0 0 0
322 1 0.1 5.8437 4.28614 0.563567 -0.0373679 -0.0346038 -0.00452388 -0.230742 -0.20884 -0.435143 1 0 0 0 0 0 0 0
323 1 0.1 5.92252 4.66038 0.45519 -0.0131338 -0.0178749 0.0102121 -0.048941 0.0227934 -0.0363926 1 0 0 0 0 0 0 0
324 1 0.1 6.21622 5.20028 0.549993 -0.00409405 -0.00684115 0.000231023 0.0148522 -0.0126662 -0.0864521 1 0 0 0 0 0 0 0
325 1 0.1 6.17009 1.08862 0.458521 -0.00381837 0.0197237 0.0136856 0.267884 -0.0473161 0.0795276 1 0 0 0 0 0 0 0
326 1 0.1 6.00964 1.2275 0.490277 -0.0468291 0.00334681 -0.00260315 0.0154311 0.304624 0.111044 1 0 0 0 0 0 0 0
327 1 0.1 5.99323 2.01541 0.478817 -0.0201128 0.116677 0.0552757 -1.32846 -1.44462 0.0997601 1 0 0 0 0 0 0 0
328 1 0.1 5.6666 2.28433 0.622398 -0.0350315 0.0333494 0.0127211 0.26228 -0.209264 0.643371 1 0 0 0 0 0 0 0
329 1 0.1 5.84007 2.10566 0.57085 0.0162009 -0.0223587 -0.0407659 -1.95757 -0.888104 1.34829 1 0 0 0 0 0 0 0
330 1 0.1 5.41794 2.32581 0.602974 0.00858195 0.0451732 -0.00889451 -0.433664 0.24774 0.265488 1 0 0 0 0 0 0 0
331 1 0.1 5.62635 2.11744 0.506148 0.0271283 -0.00967729 0.0511916 -0.122217 0.970711 0.362774 1 0 0 0 0 0 0 0
332 1 0.1 5.82051 2.63396 0.685834 -0.0523386 -0.0735679 0.00560054 0.601997 -0.570342 -0.891929 1 0 0 0 0 0 0 0
333 1 0.1 5.66946 2.53906 0.416247 -0.0123011 0.00167363 -0.00980107 0.207053 -0.330807 0.350794 1 0 0 0 0 0 0 0
334 1 0.1 5.54309 2.55626 0.584108 -0.0357961 -0.0768933 0.0164438 -0.391202 -0.590576 -0.420688 1 0 0 0 0 0 0 0
335 1 0.1 5.08177 2.45346 0.479865 -0.0244769 0.00297012 -0.0120585 -0.0707359 0.0752581 -0.132254 1 0 0 0 0 0 0 0
336 1 0.1 5.30374 2.78586 0.665823 -0.0706019 0.043196 -0.0129849 0.0215982 0.96449 0.329504 1 0 0 0 0 0 0 0
337 1 0.1 4.92597 2.94633 0.592456 -0.160726 -0.0808814 -0.106919 -0.141281 1.08568 -0.908223 1 0 0 0 0 0 0 0
338 1 0.1 5.2782 3.01222 0.367867 -0.0309754 -0.0776781 0.0244766 -0.184753 -0.171296 -0.255429 1 0 0 0 0 0 0 0
339 1 0.1 5.2785 3.1687 0.491393 -0.0510709 -0.0424138 -0.0214786 -0.440505 -0.417763 -0.0332522 1 0 0 0 0 0 0 0
340 1 0.1 5.47266 3.19262 0.452868 -0.0484834 -0.0568746 -0.0111781 -0.452079 0.173259 0.117992 1 0 0 0 0 0 0 0
341 1 0.1 5.29465 3.38297 0.533988 -0.06718 -0.0626582 -0.126814 -0.0200125 0.388979 0.662017 1 0 0 0 0 0 0 0
342 1 0.1 5.51655 3.51928 0.509917 -0.358905 -0.0126239 -0.0305361 -0.122279 0.605843 0.875845 1 0 0 0 0 0 0 0
343 1 0.1 5.53452 3.71234 0.45934 -0.345177 -0.103052 -0.159788 0.381812 1.51691 -4.14859 1 0 0 0 0 0 0 0
344 1 0.1 5.76709 3.66663 0.530429 -0.577766 -0.0112395 0.19246 0.420324 -1.22273 -1.11891 1 0 0 0 0 0 0 0
345 1 0.1 5.72119 3.38498 0.762609 -0.0166481 0.033428 0.00419391 0.410319 0.0150834 0.484037 1 0 0 0 0 0 0 0
346 1 0.1 5.85205 3.83213 0.603768 -0.321753 -0.0950772 0.0851605 -1.04863 0.530852 -2.13307 1 0 0 0 0 0 0 0
347 1 0.1 6.03013 3.93361 0.58539 -0.191201 -0.117133 -0.0347819 -0.248499 0.14555 -0.663121 1 0 0 0 0 0 0 0
348 1 0.1 5.93599 4.91528 0.559198 0.00179823 -0.0126841 0.000928863 -0.115758 -0.135003 0.108568 1 0 0 0 0 0 0 0
349 1 0.1 6.11859 4.8399 0.528901 3.52487e-06 -0.0201362 0.000350769 0.0136158 0.173825 -0.166221 1 0 0 0 0 0 0 0
350 1 0.1 6.12667 1.39882 0.383414 -0.000487691 -0.0254679 0.0183097 -0.281131 -0.156493 -0.569337 1 0 0 0 0 0 0 0
351 1 0.1 6.08092 1.49784 0.551011 0.0115964 0.0144213 -0.00151217 -0.12688 -0.0507365 0.377386 1 0 0 0 0 0 0 0
352 1 0.1 6.02988 1.6691 0.640574 -0.0443374 0.0200367 -0.042472 -0.44943 0.36546 0.442704 1 0 0 0 0 0 0 0
353 1 0.1 5.85625 2.05034 0.762465 -0.443677 -0.0908777 -0.00450743 0.0130749 0.00569429 -0.287815 1 0 0 0 0 0 0 0
354 1 0.1 5.97165 2.78361 0.137474 -0.0451771 -0.0198602 -0.00198217 -0.0243989 -0.0744436 -0.22238 1 0 0 0 0 0 0 0
355 1 0.1 5.85005 2.94233 0.137433 -0.00231005 0.0177691 0.00392377 -0.0787754 0.169645 -0.288905 1 0 0 0 0 0 0 0
356 1 0.1 5.6797 2.75322 0.762585 -0.0428542 -0.064245 -0.0021747 -0.448135 0.315282 0.601348 1 0 0 0 0 0 0 0
357 1 0.1 5.55093 2.76855 0.588294 -0.0230567 -0.0306826 -0.0582909 1.35063 1.42606 0.744169 1 0 0 0 0 0 0 0
358 1 0.1 5.16413 2.89082 0.762557 -0.07161 0.000970606 -0.00182654 0.0465197 -0.722594 0.0297271 1 0 0 0 0 0 0 0
359 1 0.1 5.42296 2.71113 0.445876 -0.114085 0.0783199 -0.017652 0.821175 0.484965 1.53595 1 0 0 0 0 0 0 0
360 1 0.1 5.86533 3.02933 0.649702 -0.0675645 -0.0600737 0.0379637 -0.0764417 0.131134 0.678268 1 0 0 0 0 0 0 0
361 1 0.1 5.69166 2.94 0.692689 -0.0751921 -0.0755314 -0.00479773 0.392308 -0.590712 -0.140784 1 0 0 0 0 0 0 0
362 1 0.1 5.48551 2.95726 0.591212 -0.099051 -0.0426016 0.0665089 -0.131883 -1.02724 0.0785197 1 0 0 0 0 0 0 0
363 1 0.1 5.2888 2.98636 0.571983 -0.0911399 -0.0250922 0.00320981 0.179064 0.370079 -0.316119 1 0 0 0 0 0 0 0
364 1 0.1 5.54218 3.05235 0.762749 -0.0227842 0.00389719 -0.00461699 0.168663 0.266379 -0.244388 1 0 0 0 0 0 0 0
365 1 0.1 5.40777 3.13556 0.640251 -0.11571 -0.0711324 0.0375181 -0.551988 -0.150034 -1.48474 1 0 0 0 0 0 0 0
366 1 0.1 5.74675 3.26917 0.601755 -0.0455434 0.0131727 -0.0100945 0.328439 -0.0698888 0.347629 1 0 0 0 0 0 0 0
367 1 0.1 5.57482 3.24928 0.762543 0.00788472 0.00599115 0.0028192 -0.0165616 0.348965 -0.0766583 1 0 0 0 0 0 0 0
368 1 0.1 5.7023 3.48769 0.591913 -0.657136 -0.0566619 -0.021576 1.66358 1.37939 0.360143 1 0 0 0 0 0 0 0
369 1 0.1 5.93989 3.58313 0.586636 -0.509645 0.0117942 0.0583569 -0.28591 1.6185 0.853498 1 0 0 0 0 0 0 0
370 1 0.1 5.91201 3.38703 0.613628 -0.275376 -0.0376575 0.0746749 0.852546 0.6038 0.670519 1 0 0 0 0 0 0 0
371 1 0.1 5.96616 3.21144 0.363501 -0.179391 -0.0784007 0.281942 1.99754 -3.04372 -1.06924 1 0 0 0 0 0 0 0
372 1 0.1 6.00372 4.03196 0.307686 0.00822697 -0.0845392 0.0222775 -0.512679 1.09557 -0.289335 1 0 0 0 0 0 0 0
373 1 0.1 5.90196 4.47729 0.556172 -0.0258887 -0.0343364 0.0341248 -0.282472 -0.146196 -0.34852 1 0 0 0 0 0 0 0
374 1 0.1 6.06787 4.65707 0.591794 -0.00452746 -0.0166688 0.000394849 0.0244944 0.121878 0.0159317 1 0 0 0 0 0 0 0
375 1 0.1 6.07447 0.94694 0.762505 0.00121563 -0.00129174 -8.23495e-06 0.00175091 -0.00953577 -0.0141322 1 0 0 0 0 0 0 0
376 1 0.1 5.77686 1.24546 0.749997 0.00158455 -0.00175785 0.000677076 -0.00364903 -0.00641224 -0.0371014 1 0 0 0 0 0 0 0
377 1 0.1 5.63573 1.38667 0.748224 0.00122509 -0.00263373 -0.00400284 -0.0946271 -0.00783026 0.00184461 1 0 0 0 0 0 0 0
378 1 0.1 5.49643 1.52866 0.761165 0.000790486 -0.00520135 0.00052171 0.139101 0.00874417 -0.0161878 1 0 0 0 0 0 0 0
379 1 0.1 5.35802 1.67011 0.763146 0.0091765 -0.00751667 -0.000882814 -0.187646 -0.0950291 -0.0829984 1 0 0 0 0 0 0 0
380 1 0.1 5.16573 1.8547 0.760068 -0.0961419 0.0528954 -0.0297405 -0.0733364 0.444182 1.04398 1 0 0 0 0 0 0 0
381 1 0.1 5.26742 1.77079 0.56428 0.0532126 0.0124843 0.00152253 0.411696 0.0850542 -0.0280477 1 0 0 0 0 0 0 0
382 1 0.1 4.8784 2.14042 0.761936 0.0399944 -0.0242577 0.0246148 0.16281 0.0839149 0.0785371 1 0 0 0 0 0 0 0
383 1 0.1 4.73706 2.28079 0.763076 0.0415968 -0.0261018 -0.00122959 -0.526583 -0.414462 -0.259123 1 0 0 0 0 0 0 0
384 1 0.1 4.52362 2.49353 0.762818 0.0118198 0.000373291 -0.0198893 -0.155958 0.292825 0.00775539 1 0 0 0 0 0 0 0
385 1 0.1 4.31733 2.69968 0.539771 -0.0194771 0.00848143 0.00332696 -0.201481 -0.244646 0.14828 1 0 0 0 0 0 0 0
386 1 0.1 4.1939 2.92216 0.76266 -0.0077598 0.0132717 0.00224551 0.0611196 -0.00840969 0.0781884 1 0 0 0 0 0 0 0
387 1 0.1 4.33547 3.03876 0.598871 -0.00709311 0.0198097 -0.00402813 0.103531 -0.0765066 -0.177281 1 0 0 0 0 0 0 0
388 1 0.1 4.1931 3.12167 0.758332 -0.00382787 0.00551692 -0.00272744 -0.0355714 0.030556 0.064539 1 0 0 0 0 0 0 0
389 1 0.1 4.57305 3.28654 0.554883 0.0193062 0.0365314 -0.030624 -0.10698 0.612031 0.449425 1 0 0 0 0 0 0 0
390 1 0.1 4.44995 3.43111 0.762555 0.00642779 0.00679692 -0.00347993 0.0145474 0.0142095 0.115329 1 0 0 0 0 0 0 0
391 1 0.1 4.59177 3.57181 0.762404 0.00557685 0.009843 -0.00544018 0.0305575 0.00887945 0.025809 1 0 0 0 0 0 0 0
392 1 0.1 4.80861 3.78505 0.596387 0.00132187 0.000780766 -0.0140085 0.0615303 0.143359 -0.0335844 1 0 0 0 0 0 0 0
393 1 0.1 4.94003 3.91746 0.762046 -0.0192544 -0.0303784 -0.00529232 0.031428 0.0490338 -0.392057 1 0 0 0 0 0 0 0
394 1 0.1 5.11787 4.09346 0.753478 -0.325867 -0.242853 -0.131801 0.371896 1.13181 -2.66664 1 0 0 0 0 0 0 0
395 1 0.1 5.2666 4.24165 0.753337 -0.205056 -0.179706 -0.0566729 -0.0162711 0.679207 -2.11393 1 0 0 0 0 0 0 0
396 1 0.1 5.42491 4.37115 0.730939 -0.291269 -0.174484 -0.0219519 -5.28236 1.21538 2.12385 1 0 0 0 0 0 0 0
397 1 0.1 5.55422 4.53058 0.749918 0.0199824 0.0214017 -0.0195741 0.172957 0.0775363 0.255385 1 0 0 0 0 0 0 0
398 1 0.1 5.70628 4.67999 0.762668 -0.000921709 0.000199623 -0.00172421 0.0430545 0.017134 -0.00525073 1 0 0 0 0 0 0 0
399 1 0.1 5.84579 4.82185 0.74638 -0.00052013 -0.00102878 0.000871937 -0.00208407 -0.0150689 -0.00315391 1 0 0 0 0 0 0 0
400 1 0.1 6.21554 0.805248 0.760361 0.000655081 -0.00110615 0.000171498 0.00554436 0.00699567 0.00349669 1 0 0 0 0 0 0 0
401 1 0.1 5.93768 1.08584 0.718289 0.00192966 -0.00132958 0.000634805 0.000133887 -0.00264218 -0.0210934 1 0 0 0 0 0 0 0
402 1 0.1 5.68812 1.58124 0.762858 -0.00565405 -0.00488675 0.00932232 0.00614043 -0.0728199 0.0590928 1 0 0 0 0 0 0 0
403 1 0.1 5.71655 1.69666 0.602339 -0.0210479 0.0169174 0.040507 0.27131 -0.155116 -0.163357 1 0 0 0 0 0 0 0
404 1 0.1 5.54354 1.74311 0.762818 0.000574523 0.000169267 0.00164736 -0.0323482 0.0629524 0.0347259 1 0 0 0 0 0 0 0
405 1 0.1 5.35037 1.90897 0.703391 -0.101347 -0.0951717 -0.151104 -0.230548 1.05455 -2.06597 1 0 0 0 0 0 0 0
406 1 0.1 5.21028 2.04801 0.7352 0.0335307 0.019106 -0.0437962 0.231669 0.471743 0.457193 1 0 0 0 0 0 0 0
407 1 0.1 5.30764 2.16211 0.602692 0.0421695 0.0276595 0.0031394 -0.162711 0.389662 0.0211334 1 0 0 0 0 0 0 0
408 1 0.1 5.02696 2.27422 0.763089 0.00564901 0.00649149 0.00150386 0.0405623 -0.0335252 0.0091678 1 0 0 0 0 0 0 0
409 1 0.1 4.85 2.45284 0.763626 -0.0188481 0.0880296 -0.00628182 0.951031 -0.181042 -2.30089 1 0 0 0 0 0 0 0
410 1 0.1 4.2593 2.71676 0.816589 -0.114632 -0.124464 0.201762 14.1911 -18.1979 -3.43241 1 0 0 0 0 0 0 0
411 1 0.1 4.48477 2.93605 0.764777 0.00244065 -0.00640052 -0.00845971 0.496515 -0.507404 -0.130701 1 0 0 0 0 0 0 0
412 1 0.1 4.41338 3.12221 0.763139 -0.00288553 -0.00838009 0.00166349 0.184231 0.0564773 -0.213311 1 0 0 0 0 0 0 0
413 1 0.1 4.6412 3.37751 0.756694 0.00878051 0.0154827 -0.00935752 -0.0425268 0.00330975 -0.0124478 1 0 0 0 0 0 0 0
414 1 0.1 4.83692 3.31549 0.579353 -0.105465 -0.0401407 -0.0791346 1.38898 0.21241 -0.253207 1 0 0 0 0 0 0 0
415 1 0.1 4.52831 3.50422 0.584959 0.0018189 0.00324355 -0.00410665 0.0263163 -0.00506917 -0.0235784 1 0 0 0 0 0 0 0
416 1 0.1 5.05118 3.48514 0.763161 0.00913762 -0.0198766 -0.00494213 -0.181875 0.0158322 -0.0501276 1 0 0 0 0 0 0 0
417 1 0.1 4.75449 3.68785 0.762514 0.00413536 0.0158763 -0.001009 0.0156305 -0.0328168 0.0299468 1 0 0 0 0 0 0 0
418 1 0.1 4.99324 3.71032 0.602989 -0.00261493 -0.0196171 -0.00467436 -0.00906172 -0.27464 -0.182461 1 0 0 0 0 0 0 0
419 1 0.1 5.13577 3.87785 0.762338 -0.026985 -0.0997817 -0.0113942 0.16946 -0.0237932 -0.30154 1 0 0 0 0 0 0 0
420 1 0.1 5.46042 4.17717 0.762571 -0.0761432 -0.118426 -0.00128245 0.217972 0.174469 -0.150414 1 0 0 0 0 0 0 0
421 1 0.1 5.61856 4.34206 0.763128 -0.00481558 0.0120336 -0.0613374 0.188442 0.0374181 -0.394303 1 0 0 0 0 0 0 0
422 1 0.1 5.75602 4.48686 0.763143 -0.00126589 0.00601159 -0.0148324 0.101313 -0.0453508 0.00722028 1 0 0 0 0 0 0 0
423 1 0.1 5.87867 4.63966 0.670231 -0.00311417 -0.00762855 0.0010371 -0.0853276 -0.0440662 -0.0615983 1 0 0 0 0 0 0 0
424 1 0.1 6.1277 5.10487 0.750033 -0.000656718 -0.00119173 -0.000223172 -0.00164933 0.00400487 0.00696894 1 0 0 0 0 0 0 0
425 1 0.1 6.35509 0.662407 0.74997 0.000495242 -0.00076358 0.000110976 -0.0076662 -0.00739424 -0.00827756 1 0 0 0 0 0 0 0
426 1 0.1 5.9736 1.27742 0.762558 0.000561404 -8.05865e-05 -0.000271573 -0.0193019 0.0136664 0.0732102 1 0 0 0 0 0 0 0
427 1 0.1 5.88966 1.45967 0.7626 0.00954943 0.0388332 -0.00187814 0.381043 -0.118049 -0.215469 1 0 0 0 0 0 0 0
428 1 0.1 5.93711 1.8482 0.762555 -0.104923 0.0398358 7.29655e-05 0.335329 0.764151 0.914817 1 0 0 0 0 0 0 0
429 1 0.1 5.72901 1.81773 0.76239 0.0044681 -0.01109 0.000667451 0.156216 0.00223599 -0.155113 1 0 0 0 0 0 0 0
430 1 0.1 5.58182 1.95308 0.763227 0.0176173 0.00449119 0.000829907 0.0383557 -0.179617 -0.04934 1 0 0 0 0 0 0 0
431 1 0.1 5.42625 2.17474 0.762688 0.0559542 0.0290932 -0.00198346 0.295707 -0.56639 -0.0129853 1 0 0 0 0 0 0 0
432 1 0.1 5.22605 2.24532 0.763285 0.0267098 0.014962 -0.00248459 0.146919 -0.285764 0.170196 1 0 0 0 0 0 0 0
433 1 0.1 5.28816 2.56402 0.435163 0.0056201 -0.0198406 -0.026591 -0.0166157 -0.320858 -0.0846467 1 0 0 0 0 0 0 0
434 1 0.1 5.03773 2.52247 0.762584 -0.00697337 -0.0179499 -0.00649053 0.404009 0.22109 -0.00976536 1 0 0 0 0 0 0 0
435 1 0.1 4.81023 2.64865 0.762527 0.126216 0.129508 -0.00217357 -0.660599 0.190369 0.874617 1 0 0 0 0 0 0 0
436 1 0.1 4.61175 2.67179 0.763557 0.0787484 -0.0558706 0.00711424 -0.0990757 -0.103218 -0.0936181 1 0 0 0 0 0 0 0
437 1 0.1 4.72113 3.16307 0.606361 -0.0406384 -0.0438767 -0.0147363 -0.188279 0.222854 -1.14093 1 0 0 0 0 0 0 0
438 1 0.1 4.81613 3.2317 0.764238 -0.0355264 -0.0354817 -0.00737792 -0.418506 0.297371 0.12965 1 0 0 0 0 0 0 0
439 1 0.1 4.8167 3.47091 0.764436 0.00434305 0.0123808 -0.00705709 0.0433924 -0.0397203 -0.0621073 1 0 0 0 0 0 0 0
440 1 0.1 5.00621 3.29081 0.746551 -0.0723374 0.045264 -0.130317 0.865816 0.3471 0.72008 1 0 0 0 0 0 0 0
441 1 0.1 5.10762 3.67645 0.762854 -0.0230634 -0.0208777 0.0106008 -0.16634 0.0945467 -0.0473032 1 0 0 0 0 0 0 0
442 1 0.1 5.22757 3.76124 0.628391 -0.0728154 -0.0817442 -0.0522626 -1.0319 0.227258 0.546616 1 0 0 0 0 0 0 0
443 1 0.1 5.33512 3.86378 0.762352 -0.0304973 -0.246652 -0.00698174 -0.0829598 -0.029098 -1.1609 1 0 0 0 0 0 0 0
444 1 0.1 5.49704 3.98099 0.761124 -0.133829 -0.0841235 -0.00604751 -0.18754 -0.0471939 -0.266285 1 0 0 0 0 0 0 0
445 1 0.1 5.69994 4.18492 0.671105 -0.0941567 -0.00287667 -0.072125 0.33444 -0.624229 -1.00619 1 0 0 0 0 0 0 0
446 1 0.1 5.83635 4.30377 0.762557 -0.0833216 -0.019064 -0.00157573 -0.00724548 -0.0106888 -0.0814687 1 0 0 0 0 0 0 0
447 1 0.1 5.95558 4.4798 0.762556 0.000267841 -0.00627474 -0.0027077 -0.0527629 -0.0220914 -0.110803 1 0 0 0 0 0 0 0
448 1 0.1 6.03465 4.75536 0.762591 0.00291714 -0.0115368 -0.000292126 -0.112942 -0.0301131 0.10745 1 0 0 0 0 0 0 0
449 1 0.1 6.26913 5.24622 0.749986 -0.00173642 -0.00168058 4.31992e-05 0.0069132 -0.00616989 0.0357651 1 0 0 0 0 0 0 0
450 1 0.1 6.2434 1.00265 0.671216 -0.0107123 0.0199314 -0.00958158 -0.0440713 0.110772 0.288165 1 0 0 0 0 0 0 0
451 1 0.1 6.11162 1.15062 0.644192 -0.0110323 0.0181498 -0.0163152 -0.0387503 0.238659 0.253483 1 0 0 0 0 0 0 0
452 1 0.1 6.08058 1.51888 0.762505 0.00208192 0.0657985 -0.000569042 0.179033 0.285546 0.493955 1 0 0 0 0 0 0 0
453 1 0.1 5.87191 1.65924 0.762547 -0.0119153 0.00917816 -0.00159704 -0.0282183 0.115516 0.067697 1 0 0 0 0 0 0 0
454 1 0.1 5.63027 2.14706 0.762695 0.00261269 0.0059894 -0.00140227 -0.0112297 0.0231263 -0.0170295 1 0 0 0 0 0 0 0
455 1 0.1 5.52798 2.34789 0.764208 -0.00232274 0.0388828 -0.000879793 0.613538 -0.372409 -0.224098 1 0 0 0 0 0 0 0
456 1 0.1 5.33881 2.41199 0.7633 -0.00553428 0.0389951 -0.00746223 0.543768 0.216789 1.04712 1 0 0 0 0 0 0 0
457 1 0.1 5.55114 2.29659 0.460048 -0.01046 -0.0344535 -0.0135006 -0.857816 -0.262101 -0.172903 1 0 0 0 0 0 0 0
458 1 0.1 5.33412 2.58888 0.674849 -0.0841301 0.0449596 -0.0278143 -0.619377 0.177041 -0.457326 1 0 0 0 0 0 0 0
459 1 0.1 5.50442 2.6579 0.751682 -0.0582314 -0.027235 -0.0184246 0.255711 -0.641306 -1.18404 1 0 0 0 0 0 0 0
460 1 0.1 5.17929 2.65813 0.571452 -0.178068 -0.142556 -0.0861551 0.316073 -0.400494 2.84203 1 0 0 0 0 0 0 0
461 1 0.1 4.90578 2.84699 0.763631 -0.0821429 -0.0380932 -0.0309768 -0.486408 0.531581 0.0811469 1 0 0 0 0 0 0 0
462 1 0.1 4.75989 3.04114 0.763173 -0.0662015 -0.0187965 -0.0035932 -0.125125 0.601535 -0.29446 1 0 0 0 0 0 0 0
463 1 0.1 5.11037 3.07442 0.554554 -0.0922916 -0.035512 -0.0718899 -1.53575 -0.552339 0.312178 1 0 0 0 0 0 0 0
464 1 0.1 4.92217 3.13989 0.566499 -0.114885 -0.0642055 -0.177986 -0.613173 0.180114 0.169159 1 0 0 0 0 0 0 0
465 1 0.1 5.11937 3.46985 0.575173 -0.0399176 -0.0620008 -0.0423982 0.838225 0.158688 -0.908983 1 0 0 0 0 0 0 0
466 1 0.1 5.30228 3.63164 0.762575 -0.0574218 -0.0469316 0.0270264 -0.14834 0.0760708 -0.061444 1 0 0 0 0 0 0 0
467 1 0.1 5.45286 3.66113 0.634839 -0.15204 -0.00387012 0.0302033 0.398964 0.433489 0.437203 1 0 0 0 0 0 0 0
468 1 0.1 5.54101 3.78653 0.76261 -0.168042 -0.0705967 0.0121962 0.0604356 0.0828187 -0.0895293 1 0 0 0 0 0 0 0
469 1 0.1 5.70858 3.89533 0.762566 -0.293382 0.102586 0.00397022 -0.549681 0.356832 -1.93691 1 0 0 0 0 0 0 0
470 1 0.1 5.93882 3.91734 0.76253 -0.136481 -0.0582541 -0.000962814 -0.216915 0.547073 0.231233 1 0 0 0 0 0 0 0
471 1 0.1 5.85564 4.09917 0.762509 -0.202397 -0.0951346 0.000472502 -0.280706 -0.391123 -0.195412 1 0 0 0 0 0 0 0
472 1 0.1 6.01219 4.31303 0.667792 -0.0641855 -0.0622515 0.0435878 -0.342393 -0.469683 -0.24675 1 0 0 0 0 0 0 0
473 1 0.1 5.98773 4.96228 0.748348 0.0017516 -0.00362994 0.000346417 0.00938056 0.0279272 -0.0229944 1 0 0 0 0 0 0 0
474 1 0.1 6.17626 4.91047 0.706901 -0.000413575 -0.00717677 -0.005193 -0.00249797 0.0287244 -0.0107672 1 0 0 0 0 0 0 0
475 1 0.1 6.26923 1.18413 0.762516 -0.0294013 0.0399008 0.000455039 0.229543 -0.414671 0.165488 1 0 0 0 0 0 0 0
476 1 0.1 6.13659 1.3473 0.670231 -0.00258489 0.0132211 0.00275651 0.213734 0.000499856 -0.129773 1 0 0 0 0 0 0 0
477 1 0.1 6.02965 2.00221 0.674934 -0.277644 0.204728 0.109126 0.754557 -1.2972 1.62568 1 0 0 0 0 0 0 0
478 1 0.1 5.80523 2.2437 0.762507 -0.00843959 0.0250796 0.000631053 0.141911 0.0187082 0.246949 1 0 0 0 0 0 0 0
479 1 0.1 5.8382 2.44091 0.762263 -0.024237 0.0280686 -0.0071734 -0.244575 -0.140876 -0.0919849 1 0 0 0 0 0 0 0
480 1 0.1 5.87625 3.25875 0.762537 -0.126609 -0.109584 0.00657516 0.156308 0.465501 0.219327 1 0 0 0 0 0 0 0
481 1 0.1 5.85531 2.84882 0.762508 -0.0541604 -0.0350437 -0.000109315 -0.138884 0.336185 0.41149 1 0 0 0 0 0 0 0
482 1 0.1 5.66325 2.5376 0.763005 -0.0675133 -0.0480223 0.000735048 -0.486818 0.639451 0.974445 1 0 0 0 0 0 0 0
483 1 0.1 5.74032 2.47364 0.590979 -0.0468224 -0.0143799 -0.00199502 0.265034 -0.344579 0.388993 1 0 0 0 0 0 0 0
484 1 0.1 5.50727 2.85631 0.762698 0.0047839 -0.0143273 -0.0050854 -0.144113 -0.0653979 0.526081 1 0 0 0 0 0 0 0
485 1 0.1 5.3534 2.98312 0.760765 -0.0333613 -0.0547694 -0.00652277 0.0171402 0.200264 0.0409244 1 0 0 0 0 0 0 0
486 1 0.1 5.06001 2.72049 0.762672 -0.0413239 -0.0199279 -0.0106768 -0.326592 0.206385 0.304167 1 0 0 0 0 0 0 0
487 1 0.1 4.99241 3.03072 0.762307 -0.197144 -0.0171281 -0.0214685 -0.0933042 0.071569 0.0752688 1 0 0 0 0 0 0 0
488 1 0.1 5.18473 3.08931 0.763184 -0.015835 -0.0148254 0.00313953 -0.0287711 -0.135037 -0.48682 1 0 0 0 0 0 0 0
489 1 0.1 5.21007 3.26249 0.66936 0.0383062 -0.0486037 -0.0378749 -0.383661 0.0940255 0.0185182 1 0 0 0 0 0 0 0
490 1 0.1 5.37996 3.29027 0.763835 0.00800659 -0.0125126 -0.00147324 -0.0305352 -0.371969 0.247912 1 0 0 0 0 0 0 0
491 1 0.1 5.24555 3.4399 0.762545 0.023229 -0.0640504 0.000369613 -0.230485 -0.0347696 -0.356786 1 0 0 0 0 0 0 0
492 1 0.1 5.43062 3.47162 0.694488 0.0158136 -0.00532174 -0.0505309 0.307427 0.544062 1.02261 1 0 0 0 0 0 0 0
493 1 0.1 5.72971 3.12312 0.76265 -0.0904001 -0.0975484 0.022082 -0.121875 -0.0656329 -0.0445662 1 0 0 0 0 0 0 0
494 1 0.1 5.58398 3.58036 0.762521 -0.00491703 0.00229817 -0.00706932 0.418874 -0.0182255 -1.69814 1 0 0 0 0 0 0 0
495 1 0.1 5.80202 3.71868 0.760563 -0.391207 0.0438828 0.0502408 0.0953928 -0.0738497 0.870566 1 0 0 0 0 0 0 0
496 1 0.1 5.86101 3.52767 0.761508 -0.188458 0.101428 0.0858094 -0.726367 0.616655 1.08329 1 0 0 0 0 0 0 0
497 1 0.1 5.92927 4.10582 0.573311 -0.0917065 -0.0498282 0.147591 -0.0573183 -0.822638 -0.27198 1 0 0 0 0 0 0 0
498 1 0.1 6.13086 4.57566 0.762706 0.00103691 -0.00903767 0.000888506 -0.0799077 -0.0972956 0.0685313 1 0 0 0 0 0 0 0
499 1 0.1 6.25261 4.73424 0.762506 -0.003369 -0.00666301 -0.000327273 -0.049752 -0.0371642 -0.0191106 1 0 0 0 0 0 0 0
