500
0 1 0.1 6.09338 0.926997 0.149974 -0.0839721 0.0628988 -0.00421531 -0.00957588 -0.0100163 -0.0724092 1 0 0 0 0 0 0 0
1 1 0.1 5.95189 1.06827 0.150165 -0.0539063 0.068651 0.00959995 0.193092 0.0968514 0.576091 1 0 0 0 0 0 0 0
2 1 0.1 5.81183 1.21042 0.143827 -0.0580013 0.057322 0.0392516 0.0636472 -0.117984 0.0563395 1 0 0 0 0 0 0 0
3 1 0.1 5.52886 1.49166 0.149625 -0.0461922 0.0342187 -0.000117883 -0.100035 -0.0443816 0.057111 1 0 0 0 0 0 0 0
4 1 0.1 5.37376 1.64511 0.139985 -0.00735931 -0.000400482 0.0111723 0.00728527 -0.158271 -0.00672975 1 0 0 0 0 0 0 0
5 1 0.1 5.23278 1.78671 0.137388 0.0021887 -0.000254913 0.00350466 0.0435772 0.00888812 0.00911199 1 0 0 0 0 0 0 0
6 1 0.1 5.08234 1.94021 0.137486 -0.00410973 0.00584045 0.000300267 -0.00768613 -0.013377 0.0612439 1 0 0 0 0 0 0 0
7 1 0.1 4.87247 2.14876 0.13753 -0.000193737 0.00317641 -0.0409973 0.198719 0.438747 0.186192 1 0 0 0 0 0 0 0
8 1 0.1 4.66524 2.56064 0.134519 0.0097264 -0.0292258 -0.00654763 0.355343 0.167142 0.173289 1 0 0 0 0 0 0 0
9 1 0.1 4.80274 2.45041 0.29737 0.0778034 -0.0596248 0.0252007 0.569218 -0.918639 -0.448947 1 0 0 0 0 0 0 0
10 1 0.1 4.33234 2.69062 0.135903 -0.0027114 -0.00156699 0.00208048 -0.0606409 0.0701768 0.0434815 1 0 0 0 0 0 0 0
11 1 0.1 4.1986 2.82674 0.268549 0.00375342 -0.00791836 0.0137505 -0.132854 -0.24825 -0.0128964 1 0 0 0 0 0 0 0
12 1 0.1 4.1885 2.97921 0.150567 0.00356516 -0.00345493 -0.00764944 0.00221178 0.655549 -0.618793 1 0 0 0 0 0 0 0
13 1 0.1 4.25241 3.15423 0.137151 0.0805884 -0.0250392 0.00366824 -0.533827 -2.67475 0.0601454 1 0 0 0 0 0 0 0
14 1 0.1 4.33924 3.32015 0.140427 0.0286549 0.0221813 0.0194058 -0.57121 0.317236 0.59543 1 0 0 0 0 0 0 0
15 1 0.1 4.48521 3.43146 0.190586 0.0648656 -0.0195837 -0.0445827 2.381 1.92724 -0.234674 1 0 0 0 0 0 0 0
16 1 0.1 4.60275 3.57614 0.135623 0.00617842 0.0286277 1.86583e-05 -0.338869 0.0418405 0.287431 1 0 0 0 0 0 0 0
17 1 0.1 4.74843 3.74156 0.122818 -0.00185845 0.0356438 -0.0369577 3.04779 2.53607 -1.69328 1 0 0 0 0 0 0 0
18 1 0.1 4.903 3.86141 0.161953 0.046569 -0.0337781 -0.0238551 -0.672506 -0.803279 0.489955 1 0 0 0 0 0 0 0
19 1 0.1 5.17432 4.14985 0.17837 0.00577828 -0.00452542 0.0513244 -0.0681614 -0.837229 -0.672002 1 0 0 0 0 0 0 0
20 1 0.1 5.33061 4.26079 0.135781 0.0177576 -0.0341032 0.00334606 0.08958 0.734697 0.566471 1 0 0 0 0 0 0 0
21 1 0.1 5.44274 4.42425 0.162297 -0.0156611 0.00214516 -0.0487086 0.0130301 -0.0136272 -0.0121524 1 0 0 0 0 0 0 0
22 1 0.1 5.58185 4.56701 0.149122 -0.000630397 -0.00578931 -0.00952248 0.265113 0.0291658 0.0303213 1 0 0 0 0 0 0 0
23 1 0.1 5.72731 4.70387 0.142329 -0.00250908 -0.00113331 0.00285338 0.0810791 0.127277 0.00207838 1 0 0 0 0 0 0 0
24 1 0.1 6.00562 4.99072 0.150009 -0.000680346 -0.000733111 0.000240648 -0.00192045 -0.00211319 -0.000746396 1 0 0 0 0 0 0 0
25 1 0.1 6.2678 0.755276 0.150012 -0.0884389 0.102349 -0.000193259 0.00948797 0.0135359 0.855789 1 0 0 0 0 0 0 0
26 1 0.1 5.99302 1.29426 0.148083 0.0364425 -0.0884732 0.117859 -0.795173 -1.08512 -1.8621 1 0 0 0 0 0 0 0
27 1 0.1 5.89429 1.483 0.137252 0.0877946 0.129193 0.00516552 -1.28565 0.889311 -0.0373353 1 0 0 0 0 0 0 0
28 1 0.1 5.67002 1.3507 0.15038 -0.0515994 0.0465235 0.0241962 -0.0371446 -0.112109 -0.0298474 1 0 0 0 0 0 0 0
29 1 0.1 5.56934 1.68644 0.137398 -0.028886 0.0226619 0.0055508 0.235801 0.160807 -0.161926 1 0 0 0 0 0 0 0
30 1 0.1 5.41941 1.85816 0.137643 -0.00129849 0.0452706 0.0054772 0.00894971 -0.0196002 0.458946 1 0 0 0 0 0 0 0
31 1 0.1 5.28706 2.0083 0.137392 -0.00261704 -0.0217221 0.000701449 0.153832 -0.0248249 -0.268631 1 0 0 0 0 0 0 0
32 1 0.1 5.06775 2.19153 0.13743 -0.0350793 0.116984 -0.00546764 -0.206591 -0.554517 0.919881 1 0 0 0 0 0 0 0
33 1 0.1 4.65925 2.36105 0.141497 0.0173712 -0.0264206 -0.0076153 -0.0880974 0.0394341 -0.286734 1 0 0 0 0 0 0 0
34 1 0.1 4.86445 2.55697 0.137016 0.0103388 -0.0252719 0.000617011 -0.146185 -0.182129 -0.133636 1 0 0 0 0 0 0 0
35 1 0.1 4.51998 2.75251 0.164206 0.00624814 -0.0443515 0.0151831 -0.386075 -0.132641 0.0118155 1 0 0 0 0 0 0 0
36 1 0.1 4.7798 2.66576 0.280417 0.00501742 -0.035332 0.00241544 0.523013 0.196647 -0.0424925 1 0 0 0 0 0 0 0
37 1 0.1 4.37159 2.88332 0.137743 0.0238678 -0.0210182 0.00219342 0.0415782 0.399845 -0.356156 1 0 0 0 0 0 0 0
38 1 0.1 4.42894 3.07136 0.136872 0.0621104 -0.0452031 0.0119991 0.594645 1.47382 -0.147706 1 0 0 0 0 0 0 0
39 1 0.1 4.52365 3.24416 0.135312 0.0169142 -0.0299279 -0.00747404 -0.176175 0.126278 0.26858 1 0 0 0 0 0 0 0
40 1 0.1 4.78755 3.46968 0.295855 0.026927 -0.0351143 0.00549987 -0.00476637 -0.0242176 -0.0713651 1 0 0 0 0 0 0 0
41 1 0.1 5.02052 3.64218 0.136245 -0.00840027 0.0152216 -0.000658562 -0.144932 -0.0852277 -0.142817 1 0 0 0 0 0 0 0
42 1 0.1 5.1002 3.82495 0.141425 0.0109632 0.00823801 -0.009228 -0.0175387 -0.0428614 -0.0646534 1 0 0 0 0 0 0 0
43 1 0.1 5.03268 4.01255 0.149715 0.00452785 0.00522693 -0.00458072 0.121293 -0.113434 0.138988 1 0 0 0 0 0 0 0
44 1 0.1 5.44329 4.05758 0.207853 0.0159494 -0.00544882 -0.020562 0.443588 -0.903515 -0.65642 1 0 0 0 0 0 0 0
45 1 0.1 5.57655 4.18066 0.13612 0.0293427 -0.0148342 0.00523703 -0.0434951 0.659928 0.921144 1 0 0 0 0 0 0 0
46 1 0.1 5.63368 4.37185 0.137208 -0.0117313 0.00060476 -0.00339135 0.0777573 -0.158781 -0.138932 1 0 0 0 0 0 0 0
47 1 0.1 5.78167 4.50614 0.137304 -0.00491161 -0.00342721 0.000696924 -0.0405705 0.0210539 0.0126899 1 0 0 0 0 0 0 0
48 1 0.1 5.86421 4.84934 0.14999 -0.00066108 -0.000650634 6.16904e-06 0.000293821 0.00163348 -0.00445778 1 0 0 0 0 0 0 0
49 1 0.1 6.14703 5.13214 0.15036 -0.00139082 -0.00303415 0.000519914 -0.0135314 -0.00049509 -0.0316662 1 0 0 0 0 0 0 0
50 1 0.1 6.40923 0.613885 0.149997 -0.088486 0.102431 0.00013394 -0.00342415 -1.91119e-05 0.771305 1 0 0 0 0 0 0 0
51 1 0.1 6.13803 1.13851 0.137484 -0.0507356 0.232097 -0.00197388 -0.0526971 0.0827167 0.867128 1 0 0 0 0 0 0 0
52 1 0.1 6.01002 1.65347 0.137974 -0.0190778 0.245425 0.00729705 1.36148 -1.76762 -0.132463 1 0 0 0 0 0 0 0
53 1 0.1 5.78403 1.6502 0.137591 -0.0861454 0.0603288 0.0242785 -0.69303 0.0132472 -0.135375 1 0 0 0 0 0 0 0
54 1 0.1 5.7026 1.83529 0.137379 -0.0619005 0.0489842 -0.00439195 -0.228925 -0.0162151 0.593595 1 0 0 0 0 0 0 0
55 1 0.1 5.56027 1.99465 0.178365 -0.284271 -0.0527876 0.0399583 -0.530985 0.789678 2.38726 1 0 0 0 0 0 0 0
56 1 0.1 5.50896 2.18331 0.137474 -0.111721 -0.00713445 0.00653797 0.249886 -0.558723 -1.96587 1 0 0 0 0 0 0 0
57 1 0.1 5.27267 2.20768 0.137404 0.0444364 -0.0220423 -0.00234892 0.122928 0.320276 -0.0849223 1 0 0 0 0 0 0 0
58 1 0.1 5.16331 2.29106 0.282171 0.0675405 -0.0116981 0.00116114 -0.207982 -0.227811 -0.208729 1 0 0 0 0 0 0 0
59 1 0.1 4.87806 2.35728 0.137282 0.0337578 -0.0210363 -0.00450813 0.20319 0.276198 0.01475 1 0 0 0 0 0 0 0
60 1 0.1 4.96308 2.72994 0.241224 0.00684709 -0.0386341 0.00666996 0.0318129 -0.0138156 -0.156956 1 0 0 0 0 0 0 0
61 1 0.1 4.7149 2.78437 0.136402 0.000685987 -0.0106304 0.00706627 -0.284126 -0.115605 0.000459075 1 0 0 0 0 0 0 0
62 1 0.1 4.8659 3.05418 0.133663 0.00615193 -0.0234188 -0.0107872 0.114575 0.120044 -0.184349 1 0 0 0 0 0 0 0
63 1 0.1 4.65593 3.07057 0.135742 -0.0632464 -0.0396288 0.000668037 0.378431 -0.469892 -0.0225352 1 0 0 0 0 0 0 0
64 1 0.1 4.67792 3.37098 0.13644 0.128665 -0.164146 0.00130789 1.6001 1.32271 -0.0648497 1 0 0 0 0 0 0 0
65 1 0.1 4.90192 3.63068 0.293514 0.0011637 -0.00636184 0.0055079 0.327613 0.400575 0.410323 1 0 0 0 0 0 0 0
66 1 0.1 5.2192 3.6645 0.137365 -0.00140751 0.00037226 5.80917e-05 0.0155393 -0.0345987 0.0139104 1 0 0 0 0 0 0 0
67 1 0.1 5.37165 3.79326 0.137404 0.0409667 -0.0453308 -0.000692514 0.443323 0.415368 -0.631452 1 0 0 0 0 0 0 0
68 1 0.1 5.24152 3.96614 0.137494 0.0137454 0.00708658 0.000805987 0.215411 0.101858 0.0322133 1 0 0 0 0 0 0 0
69 1 0.1 5.62031 4.0346 0.314382 0.0678792 -0.0302543 0.0256105 0.126793 0.0461843 0.0966974 1 0 0 0 0 0 0 0
70 1 0.1 5.73312 4.18921 0.259617 0.0353721 -0.0185534 0.0024827 0.0550997 0.270913 0.18324 1 0 0 0 0 0 0 0
71 1 0.1 5.85286 4.30296 0.147913 0.00509117 0.00105859 -0.00722257 0.136692 0.0677772 -0.0161546 1 0 0 0 0 0 0 0
72 1 0.1 6.00089 4.43618 0.136824 0.00239863 0.00130819 -0.00158284 -0.0182151 -0.0055255 -0.0164446 1 0 0 0 0 0 0 0
73 1 0.1 6.16352 4.86257 0.137156 -0.0027653 -0.0058576 -0.000388355 0.0522353 -0.028842 0.0428464 1 0 0 0 0 0 0 0
74 1 0.1 6.40137 5.37757 0.150191 -0.00342687 -0.00378632 0.00101525 -0.0276756 0.0120776 -0.045271 1 0 0 0 0 0 0 0
75 1 0.1 6.44586 0.845294 0.137494 -0.0902856 0.106205 0.000592611 0.055392 0.0101813 -0.817961 1 0 0 0 0 0 0 0
76 1 0.1 6.30643 0.989316 0.137763 -0.232133 0.0299965 0.0167136 -0.340111 -0.179502 0.177328 1 0 0 0 0 0 0 0
77 1 0.1 6.13862 1.47666 0.137394 -0.10484 0.157058 0.00188457 -1.59544 -1.05297 -1.34833 1 0 0 0 0 0 0 0
78 1 0.1 5.90196 1.82168 0.139352 -0.051684 0.22277 0.0162014 -0.0349102 -0.178316 1.12763 1 0 0 0 0 0 0 0
79 1 0.1 5.71763 2.14389 0.333267 0.0466637 -0.0183935 0.0379078 0.465755 0.460594 -0.236248 1 0 0 0 0 0 0 0
80 1 0.1 5.722 2.10404 0.137396 -0.422064 0.157746 -0.0125919 0.0525331 -0.374683 0.253869 1 0 0 0 0 0 0 0
81 1 0.1 5.66136 2.31472 0.158046 0.0170651 -0.121635 0.0968233 0.0768715 0.0468403 -0.849717 1 0 0 0 0 0 0 0
82 1 0.1 5.60563 2.75874 0.137356 -0.000522629 0.00253802 -0.000696826 0.000740239 0.00365484 0.01664 1 0 0 0 0 0 0 0
83 1 0.1 5.47345 2.37992 0.137437 0.0845643 0.034514 0.000184768 -0.0632009 -0.916992 -0.096301 1 0 0 0 0 0 0 0
84 1 0.1 5.0804 2.39339 0.135236 0.0434937 -0.0149954 0.00482182 0.1586 0.457177 0.185639 1 0 0 0 0 0 0 0
85 1 0.1 5.06049 2.59204 0.136759 0.00608354 -0.0225808 -0.00256274 0.317938 0.213561 0.160917 1 0 0 0 0 0 0 0
86 1 0.1 5.29191 2.87692 0.302013 0.0427558 -0.128247 0.0223338 1.21731 0.651096 -0.274685 1 0 0 0 0 0 0 0
87 1 0.1 4.98778 2.89654 0.136619 0.00987882 -0.0282258 0.00301801 0.106403 0.352903 0.088323 1 0 0 0 0 0 0 0
88 1 0.1 4.94939 3.2369 0.137283 -0.0129965 -0.0297423 0.00348905 0.297545 -0.0754972 -0.207197 1 0 0 0 0 0 0 0
89 1 0.1 4.89791 3.44117 0.135838 0.0153239 -0.0212918 -0.00211596 0.231253 0.155333 0.046667 1 0 0 0 0 0 0 0
90 1 0.1 5.20972 3.46506 0.137345 -0.017571 0.000194321 -0.000809995 -0.0059051 -0.177682 -0.172784 1 0 0 0 0 0 0 0
91 1 0.1 5.43365 3.60316 0.137498 -0.154133 -0.109555 0.000354626 -0.122909 -0.0918729 -0.414463 1 0 0 0 0 0 0 0
92 1 0.1 5.57113 3.77038 0.13745 0.0254511 -0.0186554 0.000527621 0.18876 0.255184 -1.3193 1 0 0 0 0 0 0 0
93 1 0.1 5.79109 3.85158 0.136917 0.00664283 -0.0168623 -0.000333236 0.0722797 -0.0650271 0.0419883 1 0 0 0 0 0 0 0
94 1 0.1 5.70841 4.03276 0.136586 0.0225602 -0.0135093 -0.00146826 0.286883 0.281958 -0.145601 1 0 0 0 0 0 0 0
95 1 0.1 5.90815 4.02543 0.137438 0.0213568 -0.00767374 0.000318153 0.083769 0.176578 0.239206 1 0 0 0 0 0 0 0
96 1 0.1 6.04637 4.16987 0.137404 -0.0190323 0.0323397 -0.00493002 -0.324599 -0.182383 0.209994 1 0 0 0 0 0 0 0
97 1 0.1 6.09756 4.58631 0.224629 3.58749e-05 -0.00137783 0.00190796 0.0305452 -0.0453731 -0.00474895 1 0 0 0 0 0 0 0
98 1 0.1 6.30203 5.00662 0.137496 -0.00356426 -0.00472799 -0.000229327 -0.0104591 0.0268401 0.0144157 1 0 0 0 0 0 0 0
99 1 0.1 6.40469 5.1781 0.137457 -0.00584586 -0.00363499 0.00023771 0.0343642 -0.0575238 0.017541 1 0 0 0 0 0 0 0
100 1 0.1 6.36135 0.657315 0.362064 -0.0446 0.0656397 -0.0518461 -0.0948659 0.53935 0.753922 1 0 0 0 0 0 0 0
101 1 0.1 6.34385 1.1858 0.137718 -0.394584 0.0567128 0.000928659 0.168426 -0.436704 1.13626 1 0 0 0 0 0 0 0
102 1 0.1 6.20892 1.30857 0.219653 -0.439192 0.007417 -0.00460818 -0.161768 0.174938 -1.10745 1 0 0 0 0 0 0 0
103 1 0.1 5.8574 2.24522 0.232534 -0.00110872 -0.0579426 -0.0618264 0.149847 1.43964 -0.724025 1 0 0 0 0 0 0 0
104 1 0.1 5.78572 2.93972 0.333002 0.0240305 -0.0463481 0.0246052 0.506789 -0.848154 -0.668008 1 0 0 0 0 0 0 0
105 1 0.1 5.83102 2.41904 0.137343 0.00455704 -0.0289793 -0.000415764 0.286232 0.0825374 -0.183793 1 0 0 0 0 0 0 0
106 1 0.1 5.70403 2.58473 0.137487 -0.0891441 -0.0508288 0.00109872 0.387711 -0.869816 0.15625 1 0 0 0 0 0 0 0
107 1 0.1 5.62758 3.0565 0.369345 0.0362246 -0.0309449 0.0232188 -0.142089 0.559516 0.389685 1 0 0 0 0 0 0 0
108 1 0.1 5.39892 2.77018 0.138504 -0.0452602 -0.187368 0.0117937 -0.36576 0.109136 -1.82606 1 0 0 0 0 0 0 0
109 1 0.1 5.45464 2.57825 0.154342 0.00643817 0.0308938 -0.010995 0.0491867 0.150687 0.383556 1 0 0 0 0 0 0 0
110 1 0.1 5.25884 2.61427 0.136411 -0.000248334 -0.00845381 -0.00807425 -0.0980148 0.177018 0.0279162 1 0 0 0 0 0 0 0
111 1 0.1 5.20256 2.80771 0.137298 -0.0147159 -0.00789031 0.00859447 -0.00449776 -0.0880074 -0.0220519 1 0 0 0 0 0 0 0
112 1 0.1 5.35605 2.97436 0.135946 0.0900963 -0.0783747 0.00827304 0.807189 0.896904 0.102421 1 0 0 0 0 0 0 0
113 1 0.1 5.16596 3.10064 0.136105 0.0151456 0.0144902 0.00216905 0.0384089 0.295946 -0.0322828 1 0 0 0 0 0 0 0
114 1 0.1 5.28918 3.18664 0.27048 -0.0204168 -0.00942139 -0.0218617 0.514155 -0.25298 -0.628517 1 0 0 0 0 0 0 0
115 1 0.1 5.38635 3.37143 0.13779 -0.186592 -0.319232 0.00636954 0.0634819 0.0658947 -3.43853 1 0 0 0 0 0 0 0
116 1 0.1 5.46657 3.14044 0.137304 0.0265571 -0.0325139 0.000790998 0.158838 0.31814 0.346694 1 0 0 0 0 0 0 0
117 1 0.1 5.54703 3.29568 0.232964 0.0129529 -0.0221875 -0.00257751 -0.071857 -0.0512351 -0.0155749 1 0 0 0 0 0 0 0
118 1 0.1 5.78191 3.64885 0.137129 0.0044797 -0.00357555 0.00191286 -0.00220731 0.0415926 0.0165601 1 0 0 0 0 0 0 0
119 1 0.1 5.96501 3.83293 0.233533 0.00298644 -0.00370691 0.00935903 -0.0330178 -0.0858291 0.166249 1 0 0 0 0 0 0 0
120 1 0.1 5.61488 3.47162 0.136875 0.0196285 -0.00708449 -0.000146972 0.0423598 0.198006 -0.0109797 1 0 0 0 0 0 0 0
121 1 0.1 5.76173 3.31783 0.137394 0.000859728 -0.000669935 -0.00151475 -0.0056295 0.00143414 -0.0104161 1 0 0 0 0 0 0 0
122 1 0.1 6.03675 4.28662 0.299297 -0.047085 0.131235 -0.0861241 -0.997521 1.06833 1.53938 1 0 0 0 0 0 0 0
123 1 0.1 6.24827 4.68161 0.136831 -0.00173538 -0.00460949 -0.00138304 0.0321679 -0.0983742 -0.0347735 1 0 0 0 0 0 0 0
124 1 0.1 6.33728 4.83393 0.231848 -0.00240931 -0.00450633 -0.000653474 0.0184238 0.054162 -0.035846 1 0 0 0 0 0 0 0
125 1 0.1 5.92598 1.09387 0.350001 -0.00400414 0.00607565 -0.000547533 -0.00712141 0.00220602 0.0656202 1 0 0 0 0 0 0 0
126 1 0.1 5.78455 1.23525 0.350156 -0.00467933 0.0053405 -0.000168155 0.0288253 0.0179848 0.0307015 1 0 0 0 0 0 0 0
127 1 0.1 5.64361 1.37701 0.347653 -0.00680205 0.00783276 0.0332216 0.344367 -0.108918 0.014392 1 0 0 0 0 0 0 0
128 1 0.1 5.50201 1.51812 0.348835 -0.00883964 -0.00222568 0.0295328 0.0202711 -0.302307 0.0824227 1 0 0 0 0 0 0 0
129 1 0.1 5.36221 1.66059 0.339655 -0.00495189 -0.00900328 0.00777132 0.0185699 -0.0196991 -0.0600706 1 0 0 0 0 0 0 0
130 1 0.1 5.1685 1.85888 0.311969 0.000442904 -0.0108139 0.0147976 0.0907581 -0.0553469 -0.0563209 1 0 0 0 0 0 0 0
131 1 0.1 5.026 1.99844 0.320294 0.0106864 -0.0031664 0.00829538 0.101688 0.0168494 -0.0500327 1 0 0 0 0 0 0 0
132 1 0.1 4.89193 2.13443 0.377086 0.0110972 -0.00747301 0.00990298 -0.0761827 -0.0364078 0.0743973 1 0 0 0 0 0 0 0
133 1 0.1 4.7732 2.25618 0.273738 0.0219752 -0.0263045 -0.0166456 -0.291066 -0.0258933 -0.269357 1 0 0 0 0 0 0 0
134 1 0.1 4.65243 2.37424 0.430066 0.0820215 -0.0932229 -0.0393684 0.0663952 -0.0264239 -0.225515 1 0 0 0 0 0 0 0
135 1 0.1 4.446 2.57642 0.373252 0.0326862 -0.0427696 0.0128895 -0.423308 0.0412284 -1.00119 1 0 0 0 0 0 0 0
136 1 0.1 4.37005 2.74723 0.318836 0.0513414 -0.00233858 -0.000207343 0.124783 0.615736 0.315793 1 0 0 0 0 0 0 0
137 1 0.1 4.19143 2.99922 0.369884 -0.000995908 -0.00115142 -0.00780912 0.025902 0.0868036 -0.0183663 1 0 0 0 0 0 0 0
138 1 0.1 4.21951 3.19589 0.347485 -6.6478e-05 -0.000725792 -0.00252477 0.0379198 0.00382518 0.000229773 1 0 0 0 0 0 0 0
139 1 0.1 4.37696 3.34896 0.397076 -0.0255732 -0.0377031 -0.0133701 -0.00852359 0.163546 -0.459647 1 0 0 0 0 0 0 0
140 1 0.1 4.59447 3.57615 0.332753 0.0111004 0.00915802 0.00370252 0.848966 -0.184747 -0.31765 1 0 0 0 0 0 0 0
141 1 0.1 4.7325 3.71813 0.34087 0.00483101 0.00410178 0.000221646 -0.173348 0.534849 -0.508802 1 0 0 0 0 0 0 0
142 1 0.1 4.8748 3.8563 0.359607 -0.000904862 0.0106067 -0.0306675 0.153154 0.309556 0.0142027 1 0 0 0 0 0 0 0
143 1 0.1 5.01473 3.99866 0.348827 0.00589323 0.00733907 -0.00475523 0.146953 -0.0297356 0.132106 1 0 0 0 0 0 0 0
144 1 0.1 5.31751 4.16682 0.311416 0.0335349 -0.0263643 0.0157665 -1.53347 1.49104 0.293964 1 0 0 0 0 0 0 0
145 1 0.1 5.37486 4.35508 0.336595 0.00514876 -0.00652248 -0.0467215 0.659608 -0.148137 0.117149 1 0 0 0 0 0 0 0
146 1 0.1 5.51385 4.49578 0.359377 -0.00525363 -0.00414041 0.00358839 -0.0658922 0.000565939 0.00465778 1 0 0 0 0 0 0 0
147 1 0.1 5.65322 4.63813 0.351342 -0.00549538 -0.00341439 -0.00280922 -0.00166951 0.0215293 -0.0109397 1 0 0 0 0 0 0 0
148 1 0.1 5.79607 4.77656 0.365433 -0.00567671 -0.00582019 -0.00321554 0.0576656 0.0303635 0.00789857 1 0 0 0 0 0 0 0
149 1 0.1 5.93408 4.91911 0.350795 -0.00421164 -0.00734699 0.00461964 0.0278157 0.0263852 -0.0434176 1 0 0 0 0 0 0 0
150 1 0.1 6.07437 0.941787 0.349938 -0.0503363 0.0821681 0.00166753 0.00588392 -0.015835 0.995543 1 0 0 0 0 0 0 0
151 1 0.1 5.8862 1.5071 0.335151 0.0773428 0.198641 0.0033557 0.57859 -0.917176 0.525274 1 0 0 0 0 0 0 0
152 1 0.1 5.68936 1.56322 0.290859 -0.0900089 0.0834397 0.0898004 0.131923 0.00624739 0.504884 1 0 0 0 0 0 0 0
153 1 0.1 5.78724 1.92697 0.29338 -0.000375919 0.0362713 -0.0409038 0.806721 0.949892 0.396572 1 0 0 0 0 0 0 0
154 1 0.1 5.56223 1.82394 0.281687 -0.00531411 -0.0203094 0.0479099 0.302257 0.174158 0.0644322 1 0 0 0 0 0 0 0
155 1 0.1 5.37264 1.85956 0.332509 0.00579097 -0.0259261 0.0606346 0.445282 -0.100187 -0.0908719 1 0 0 0 0 0 0 0
156 1 0.1 5.19807 2.09597 0.293332 0.0260586 -0.0159634 0.0194797 0.485777 0.109787 -0.320648 1 0 0 0 0 0 0 0
157 1 0.1 5.15282 2.2142 0.465578 0.010666 -0.00885405 -0.00096328 0.180267 -0.224517 -0.193077 1 0 0 0 0 0 0 0
158 1 0.1 4.89298 2.32799 0.427066 0.150955 -0.00748485 0.0397952 0.338118 -0.512195 1.14938 1 0 0 0 0 0 0 0
159 1 0.1 4.89148 2.74124 0.426821 -0.016647 -0.0308877 0.0111333 -0.26117 -0.180287 0.566892 1 0 0 0 0 0 0 0
160 1 0.1 4.63167 2.54218 0.324546 0.0468633 -0.0910911 -0.00959931 0.178872 0.261299 0.5945 1 0 0 0 0 0 0 0
161 1 0.1 4.58157 2.73836 0.353928 -0.151423 -0.178371 0.0554222 -0.157623 0.32211 -1.44318 1 0 0 0 0 0 0 0
162 1 0.1 4.41179 3.00213 0.327553 -0.831718 0.0741395 0.161153 0.406267 1.20683 0.540411 1 0 0 0 0 0 0 0
163 1 0.1 4.48057 3.19467 0.321436 -0.00294482 -0.0959944 -0.0153513 0.76386 -0.646385 0.0339861 1 0 0 0 0 0 0 0
164 1 0.1 4.60653 3.35197 0.320007 0.0369042 0.00122417 -0.0151504 -2.64354 -2.11412 -1.84813 1 0 0 0 0 0 0 0
165 1 0.1 4.83374 3.58839 0.474901 -0.0878914 0.103074 -0.00447047 -1.9913 -1.07454 1.04943 1 0 0 0 0 0 0 0
166 1 0.1 5.05175 3.59822 0.415989 0.0162836 0.00543825 -0.0014646 -0.292927 -0.314521 -0.292355 1 0 0 0 0 0 0 0
167 1 0.1 5.06326 3.79292 0.373352 -0.00370608 -0.00258466 -0.0449993 0.519006 -0.281725 -0.1818 1 0 0 0 0 0 0 0
168 1 0.1 5.28078 4.02592 0.437372 0.0899507 -0.0265066 0.0297153 1.63508 -0.12489 -0.793348 1 0 0 0 0 0 0 0
169 1 0.1 5.47261 4.07028 0.441138 0.0922502 -0.068938 0.0468234 -0.132137 0.319589 0.415302 1 0 0 0 0 0 0 0
170 1 0.1 5.5386 4.24848 0.378909 -0.0263086 -0.035845 -0.00219193 -0.217481 -0.358293 0.122323 1 0 0 0 0 0 0 0
171 1 0.1 5.67757 4.38438 0.33191 -0.024109 -0.0314721 0.00184484 0.0421651 0.0307359 -0.231744 1 0 0 0 0 0 0 0
172 1 0.1 5.88957 4.43619 0.302309 0.00330161 0.0108377 -0.00398155 -0.071913 0.00262703 -0.0726438 1 0 0 0 0 0 0 0
173 1 0.1 5.87956 4.63054 0.258756 -0.00200132 0.00425108 -0.00811213 0.0172036 0.0968331 0.114261 1 0 0 0 0 0 0 0
174 1 0.1 6.15298 5.13364 0.359768 -0.0371617 -0.020634 -0.00275054 -0.00485113 0.00668792 0.00196758 1 0 0 0 0 0 0 0
175 1 0.1 6.21834 0.796946 0.351988 -0.0537305 0.0670138 -0.0305514 -0.0335862 0.337593 0.815316 1 0 0 0 0 0 0 0
176 1 0.1 5.96515 1.32081 0.344716 -0.00905264 0.0226526 0.148188 0.211688 -1.54578 0.152675 1 0 0 0 0 0 0 0
177 1 0.1 5.83031 1.72747 0.319242 -0.0924144 0.027992 -0.345747 1.88901 -0.176214 3.39922 1 0 0 0 0 0 0 0
178 1 0.1 5.88647 2.06533 0.405967 0.0228396 -0.0448196 0.0645471 0.121564 -1.04452 0.156461 1 0 0 0 0 0 0 0
179 1 0.1 5.62203 1.97885 0.392799 0.016698 -0.00607748 0.0319293 -0.260069 -0.217184 -0.198883 1 0 0 0 0 0 0 0
180 1 0.1 5.46416 2.0703 0.473906 0.000885258 0.0176054 0.00110788 -0.299691 0.0437572 0.178534 1 0 0 0 0 0 0 0
181 1 0.1 5.39754 2.08584 0.284994 0.0195157 -0.07252 -0.0458892 -0.0192456 0.51626 -0.194065 1 0 0 0 0 0 0 0
182 1 0.1 5.27797 2.36967 0.462118 0.00583535 -0.0117176 -0.0189169 -1.35861 -0.894305 0.188959 1 0 0 0 0 0 0 0
183 1 0.1 4.99933 2.45793 0.301559 0.0944512 -0.0979996 0.0690889 0.592203 0.455344 0.176155 1 0 0 0 0 0 0 0
184 1 0.1 5.05529 2.59308 0.432799 0.0382638 -0.0382707 0.0178235 -1.1181 -0.204108 0.896483 1 0 0 0 0 0 0 0
185 1 0.1 4.91902 2.86408 0.580258 0.0326485 -0.0243891 -0.000683346 0.195774 0.953137 -0.456825 1 0 0 0 0 0 0 0
186 1 0.1 4.78688 2.5741 0.455239 0.048239 -0.0781996 -0.0212314 -0.0654011 0.0192351 0.351338 1 0 0 0 0 0 0 0
187 1 0.1 4.5844 2.92121 0.250037 -0.654089 0.185426 0.0670186 -0.0394837 -1.02024 2.2061 1 0 0 0 0 0 0 0
188 1 0.1 4.68223 3.09399 0.328951 -0.152522 0.0628282 -0.000783308 -0.963432 -0.175594 -0.475102 1 0 0 0 0 0 0 0
189 1 0.1 4.90595 3.33132 0.374322 0.0127577 -0.0498 -0.00493068 0.234303 -0.19596 -0.0512787 1 0 0 0 0 0 0 0
190 1 0.1 5.07958 3.45103 0.287922 -0.0168278 0.000392083 -0.000419368 0.315686 0.228411 -0.19414 1 0 0 0 0 0 0 0
191 1 0.1 5.23201 3.61612 0.332995 0.0151883 -0.00221647 -0.0191784 -0.0102652 0.456436 0.335288 1 0 0 0 0 0 0 0
192 1 0.1 5.23633 3.87416 0.314959 0.0052138 0.0153801 0.0055658 -0.319943 -0.282127 0.312823 1 0 0 0 0 0 0 0
193 1 0.1 5.48182 3.87689 0.281072 0.0215686 -0.00617953 -0.00899009 -0.396234 -0.249866 1.38402 1 0 0 0 0 0 0 0
194 1 0.1 5.68927 3.90402 0.448193 0.0820243 -0.0309542 0.0231943 -0.121822 0.183874 -0.116756 1 0 0 0 0 0 0 0
195 1 0.1 5.74846 4.10669 0.449028 0.0466626 0.0065701 0.018437 -0.492783 -0.145638 0.120624 1 0 0 0 0 0 0 0
196 1 0.1 5.86228 4.26107 0.393306 0.0199033 0.0140752 -0.000683635 -0.0227532 -0.209674 0.35725 1 0 0 0 0 0 0 0
197 1 0.1 5.80739 3.96625 0.299603 0.0623152 -0.0348084 0.00919511 0.211232 0.229874 -0.13853 1 0 0 0 0 0 0 0
198 1 0.1 6.03434 4.77262 0.259666 -0.0055941 -0.0031616 -0.00244825 0.0606681 -0.0237467 0.0140225 1 0 0 0 0 0 0 0
199 1 0.1 6.29304 5.27568 0.345973 -0.0357182 -0.0241323 -0.00913555 -0.022165 0.0564526 -0.0401589 1 0 0 0 0 0 0 0
200 1 0.1 6.30186 0.977986 0.337462 -0.0688802 0.0632241 -0.0326231 0.597655 0.892137 -0.802656 1 0 0 0 0 0 0 0
201 1 0.1 6.14324 1.12904 0.33725 -0.383182 0.204839 0.007638 0.481606 1.16984 2.4779 1 0 0 0 0 0 0 0
202 1 0.1 6.07784 1.5598 0.308674 0.0736566 0.310325 -0.011646 0.42067 2.29235 -0.388352 1 0 0 0 0 0 0 0
203 1 0.1 5.89501 2.40658 0.439265 0.0207632 -0.050753 0.00909911 0.112961 0.0409456 -0.0441755 1 0 0 0 0 0 0 0
204 1 0.1 5.83716 2.53652 0.298748 -0.0120601 -0.0548754 0.0198788 0.0453185 -0.0212684 0.541357 1 0 0 0 0 0 0 0
205 1 0.1 5.53785 2.22335 0.368713 0.0627223 0.022192 0.0515841 0.615653 -0.845423 -0.400829 1 0 0 0 0 0 0 0
206 1 0.1 5.36196 2.28798 0.300145 0.0769753 0.025133 0.0102092 0.220695 0.108661 0.653928 1 0 0 0 0 0 0 0
207 1 0.1 5.42204 2.48275 0.381924 -0.308829 0.269031 -0.193024 -0.533018 1.66762 4.72702 1 0 0 0 0 0 0 0
208 1 0.1 5.27769 2.41308 0.159197 0.0598997 0.00162047 -0.124045 0.114969 -0.376014 0.452588 1 0 0 0 0 0 0 0
209 1 0.1 5.34504 2.68358 0.337041 0.0155456 -0.0654414 -0.0160406 0.231695 0.12344 0.0142799 1 0 0 0 0 0 0 0
210 1 0.1 5.43519 2.85568 0.440339 -0.127482 -0.233293 -0.0200169 0.248536 -1.75641 -1.45801 1 0 0 0 0 0 0 0
211 1 0.1 5.15238 2.68579 0.287245 0.0115753 -0.0498298 0.00603591 0.411799 -0.043608 -0.0844594 1 0 0 0 0 0 0 0
212 1 0.1 4.76922 2.91467 0.326832 -0.397672 0.113291 0.0484151 0.0862987 0.771423 -1.31704 1 0 0 0 0 0 0 0
213 1 0.1 4.87114 3.15036 0.299583 -0.0565271 -0.0543856 -0.0144797 0.150289 -0.817225 -0.34699 1 0 0 0 0 0 0 0
214 1 0.1 5.13431 3.28689 0.193399 -0.014874 0.00997541 -0.0136552 -0.317607 0.302332 0.538384 1 0 0 0 0 0 0 0
215 1 0.1 5.2714 3.4144 0.330467 -0.0238049 -0.0738746 -0.0406728 -0.170365 0.156756 -0.543417 1 0 0 0 0 0 0 0
216 1 0.1 5.50003 3.47801 0.298804 0.0165024 -0.0178622 -0.00263384 0.144241 -0.228432 -0.135965 1 0 0 0 0 0 0 0
217 1 0.1 5.42614 3.66117 0.328805 0.0238632 -0.0139229 -0.00601125 0.194789 -0.545961 -0.470665 1 0 0 0 0 0 0 0
218 1 0.1 5.76567 3.77156 0.317801 0.0139357 -0.0253016 -0.00198262 -0.0427838 0.00504068 0.0538233 1 0 0 0 0 0 0 0
219 1 0.1 5.96071 3.68268 0.365398 0.0172281 -0.00201573 0.0128765 -0.0122452 -0.0888048 0.176235 1 0 0 0 0 0 0 0
220 1 0.1 5.84209 3.42284 0.463825 0.0160671 -0.0269246 -0.00591927 -0.0251425 0.059623 -0.0981213 1 0 0 0 0 0 0 0
221 1 0.1 5.94114 3.87165 0.428213 0.0572274 0.0147532 0.0130132 -0.0813295 0.522417 -0.754301 1 0 0 0 0 0 0 0
222 1 0.1 5.87058 3.53065 0.271826 -0.00014435 0.00664271 0.016883 -0.0445424 -0.249411 0.177635 1 0 0 0 0 0 0 0
223 1 0.1 6.13025 4.93931 0.31873 -0.00230794 -0.0246863 0.00559723 -0.00514071 0.0318813 0.00370516 1 0 0 0 0 0 0 0
224 1 0.1 6.31368 5.01684 0.336851 -0.0153859 0.0117048 -0.000734292 -0.0515972 0.00520349 0.385776 1 0 0 0 0 0 0 0
225 1 0.1 6.30131 1.24219 0.384083 -0.383665 0.189202 0.0454639 0.480347 0.371162 -0.445357 1 0 0 0 0 0 0 0
226 1 0.1 5.90306 2.02313 0.161641 -0.349611 0.286707 -0.227536 -0.0189469 2.53886 1.7644 1 0 0 0 0 0 0 0
227 1 0.1 6.20908 1.42719 0.380666 -0.085863 0.113278 -0.0856214 -0.631673 0.934827 -3.34555 1 0 0 0 0 0 0 0
228 1 0.1 5.95741 2.57397 0.139013 -0.0132628 -0.0202093 -0.0332042 -0.139511 0.619844 0.399597 1 0 0 0 0 0 0 0
229 1 0.1 5.55459 2.95354 0.137466 0.0997036 0.0213368 -0.0020154 0.024571 0.0410327 0.77533 1 0 0 0 0 0 0 0
230 1 0.1 5.80366 3.1408 0.412462 0.0229059 0.00798774 -0.00905371 0.377242 -0.0829739 0.163871 1 0 0 0 0 0 0 0
231 1 0.1 5.69835 2.34172 0.356341 0.0656487 0.0182442 -0.011245 -1.0277 1.37033 0.342668 1 0 0 0 0 0 0 0
232 1 0.1 5.59009 2.48448 0.26768 -0.0765519 -0.0744889 -0.00133451 -0.438853 0.765975 0.290674 1 0 0 0 0 0 0 0
233 1 0.1 5.73645 2.71679 0.291501 0.0115456 -0.0127885 -0.00240001 0.457784 0.0824623 -0.00220874 1 0 0 0 0 0 0 0
234 1 0.1 5.54176 2.67448 0.30676 0.0179541 -0.0391887 -0.0164094 0.0672452 -0.114624 0.234655 1 0 0 0 0 0 0 0
235 1 0.1 5.59966 2.86559 0.316796 -0.0255502 -0.0228179 0.00653802 0.207165 0.305586 0.197539 1 0 0 0 0 0 0 0
236 1 0.1 5.47569 3.02039 0.556471 0.0360527 -0.0323747 -0.00160137 -0.0845047 0.166256 -0.00518614 1 0 0 0 0 0 0 0
237 1 0.1 5.0795 2.86483 0.328601 -0.000807636 -0.0472777 0.00669604 -0.300695 -0.603113 -0.0369735 1 0 0 0 0 0 0 0
238 1 0.1 5.15707 3.04737 0.326487 0.062933 -0.0833094 -0.0255739 0.667719 0.663727 -0.573745 1 0 0 0 0 0 0 0
239 1 0.1 5.30672 3.00845 0.45169 0.0221436 -0.10403 0.0012092 -1.30969 -1.11281 -0.4414 1 0 0 0 0 0 0 0
240 1 0.1 5.44395 3.00656 0.309475 0.0638336 -0.16193 0.0515976 0.524643 -0.138664 1.19076 1 0 0 0 0 0 0 0
241 1 0.1 5.54807 3.20512 0.577077 0.0229937 -0.0266619 -5.47334e-05 0.138988 0.0927488 0.193623 1 0 0 0 0 0 0 0
242 1 0.1 5.44359 3.182 0.405437 -0.0359171 -0.130363 -0.0107665 -0.287129 0.70327 -0.313412 1 0 0 0 0 0 0 0
243 1 0.1 5.56631 3.42427 0.479256 -0.0235241 -0.0261312 0.0102744 -0.291925 0.0214158 -0.530666 1 0 0 0 0 0 0 0
244 1 0.1 5.65825 3.59889 0.285087 0.00648236 -0.00488637 0.00537561 -0.0257383 -0.0267237 0.00499194 1 0 0 0 0 0 0 0
245 1 0.1 5.66016 3.11752 0.181672 0.0239021 0.0556319 0.0547887 -0.0524797 -0.876762 0.567828 1 0 0 0 0 0 0 0
246 1 0.1 5.71618 3.40925 0.309095 0.00650114 -0.00846593 0.000200411 0.0872832 0.0490213 -0.00834474 1 0 0 0 0 0 0 0
247 1 0.1 6.02958 4.4239 0.444452 -0.0301862 0.00733953 0.0263731 -0.334303 -0.383385 -0.867463 1 0 0 0 0 0 0 0
248 1 0.1 6.15478 4.60376 0.41352 -0.00827856 0.00361396 0.00105222 -0.0631111 0.154245 -0.0107407 1 0 0 0 0 0 0 0
249 1 0.1 6.24327 4.78236 0.400522 0.001226 -0.00261634 0.00180998 0.00700445 0.01289 -0.0499229 1 0 0 0 0 0 0 0
250 1 0.1 6.02785 0.996588 0.540278 3.61768e-05 0.00379476 -0.00900806 -0.0280214 0.0871245 0.046097 1 0 0 0 0 0 0 0
251 1 0.1 5.85906 1.15948 0.548871 0.00177731 -0.00999849 0.0135581 0.0129174 -0.15597 -0.116361 1 0 0 0 0 0 0 0
252 1 0.1 5.71795 1.30116 0.546845 0.0145843 0.000239022 -0.0577801 -0.677354 0.25359 -0.197897 1 0 0 0 0 0 0 0
253 1 0.1 5.51736 1.49964 0.550075 4.73058e-05 5.05466e-07 -0.0003591 -0.00578051 0.00276463 -1.77731e-05 1 0 0 0 0 0 0 0
254 1 0.1 5.3783 1.64272 0.538192 -0.00188479 -0.00170654 0.00367685 0.0346786 0.0101306 0.0256812 1 0 0 0 0 0 0 0
255 1 0.1 5.23701 1.78396 0.538199 -0.001931 -0.00416084 0.0105145 0.0896943 -0.0220925 -0.029548 1 0 0 0 0 0 0 0
256 1 0.1 5.10259 1.92337 0.489222 -0.00106251 -0.00208344 0.0205431 0.168948 -0.105351 0.113926 1 0 0 0 0 0 0 0
257 1 0.1 4.9008 2.12805 0.576644 0.0886929 -0.0679391 0.00784652 -0.24991 -0.220126 -0.0205188 1 0 0 0 0 0 0 0
258 1 0.1 4.75808 2.26695 0.561398 0.0814239 -0.0812805 -0.0457314 -0.16578 -0.0454007 0.0606942 1 0 0 0 0 0 0 0
259 1 0.1 4.71738 2.45811 0.59906 0.0699883 -0.101269 -0.028577 0.356115 0.26924 -0.225834 1 0 0 0 0 0 0 0
260 1 0.1 4.59683 2.58745 0.510816 0.0687576 -0.0830854 -0.020677 -0.433761 0.0659827 -0.114889 1 0 0 0 0 0 0 0
261 1 0.1 4.45507 2.85203 0.459144 0.0336718 -0.0154824 0.0413798 0.260631 -0.71446 -0.148643 1 0 0 0 0 0 0 0
262 1 0.1 4.18879 2.89949 0.543154 0.00215771 -0.00399369 -0.0101073 0.0123183 -0.00323996 -0.0227719 1 0 0 0 0 0 0 0
263 1 0.1 4.18725 3.09932 0.549176 -0.00386673 -0.00551145 -0.000623105 0.00239185 0.00375664 -0.0239703 1 0 0 0 0 0 0 0
264 1 0.1 4.29298 3.26834 0.559673 -0.0123737 -0.010093 0.00431904 -0.011159 -0.104058 0.0284583 1 0 0 0 0 0 0 0
265 1 0.1 4.51271 3.49317 0.559807 -0.0104847 -0.0159308 -0.00392333 -0.305285 0.0449044 -0.0655563 1 0 0 0 0 0 0 0
266 1 0.1 4.65611 3.63253 0.562922 -0.00980218 -0.0137232 -0.00246321 -0.011015 0.0203909 -0.0480934 1 0 0 0 0 0 0 0
267 1 0.1 4.79611 3.77389 0.542684 -0.00952535 -0.0109415 0.00516925 0.0136357 -0.0728808 -0.1337 1 0 0 0 0 0 0 0
268 1 0.1 4.94669 3.92586 0.532698 0.0193958 0.0189517 -0.0408534 -0.021459 0.00867602 0.0395794 1 0 0 0 0 0 0 0
269 1 0.1 5.14837 4.06191 0.576411 0.0827363 -0.0756564 0.0315482 0.132346 -0.322382 -0.353429 1 0 0 0 0 0 0 0
270 1 0.1 5.25614 4.228 0.551874 0.0628252 -0.0536734 0.025852 -0.164983 0.346076 0.651996 1 0 0 0 0 0 0 0
271 1 0.1 5.39532 4.37077 0.542662 0.0158561 0.00288374 -0.00814326 0.0584708 0.0376908 0.0549317 1 0 0 0 0 0 0 0
272 1 0.1 5.53653 4.5112 0.559817 0.00434553 0.0072446 -0.00581025 0.0511322 0.0266367 0.0665638 1 0 0 0 0 0 0 0
273 1 0.1 5.72338 4.70874 0.549523 0.00609955 0.00493587 -0.00389715 0.121133 -0.030429 0.127748 1 0 0 0 0 0 0 0
274 1 0.1 5.86542 4.84962 0.546117 3.54928e-05 0.00176195 0.00408783 -0.0407351 -0.0228586 0.0108936 1 0 0 0 0 0 0 0
275 1 0.1 6.17421 0.849321 0.552925 -0.00592488 0.00531852 -0.00701025 -0.0242605 0.0175783 0.0221986 1 0 0 0 0 0 0 0
276 1 0.1 5.97575 1.33562 0.565386 -0.00190754 0.0152647 -0.0624603 -0.0363202 -0.388928 -0.120789 1 0 0 0 0 0 0 0
277 1 0.1 5.82987 1.46477 0.521852 -0.00678638 0.0133204 -0.0553465 1.0588 -0.224002 0.440259 1 0 0 0 0 0 0 0
278 1 0.1 5.64862 1.70952 0.42107 -0.143452 0.0269284 0.165588 -0.0101697 -0.137552 0.370039 1 0 0 0 0 0 0 0
279 1 0.1 5.55045 1.77484 0.582832 -0.466755 -0.028059 0.037113 -0.773224 -2.47911 2.45324 1 0 0 0 0 0 0 0
280 1 0.1 5.38311 1.90945 0.591419 0.0242937 -0.0421733 0.00412002 0.0803093 0.223453 -0.357573 1 0 0 0 0 0 0 0
281 1 0.1 5.2812 1.99707 0.443791 0.00433118 -0.0109642 0.0296027 -0.704384 -0.148757 -0.0584352 1 0 0 0 0 0 0 0
282 1 0.1 5.1206 2.08091 0.609429 -0.00535169 0.00774437 0.0026211 -0.316426 0.00470181 0.171869 1 0 0 0 0 0 0 0
283 1 0.1 4.95608 2.30471 0.652187 -0.000179117 0.00557636 -0.0314184 0.150035 0.460115 1.0047 1 0 0 0 0 0 0 0
284 1 0.1 4.93244 2.5878 0.588079 0.0275671 -0.0206219 -0.00719799 -0.0961706 -0.126876 0.302462 1 0 0 0 0 0 0 0
285 1 0.1 4.51901 2.50603 0.724508 -0.00868139 0.0297585 -0.0776793 -0.0673931 0.892416 0.344037 1 0 0 0 0 0 0 0
286 1 0.1 4.53613 2.73577 0.660424 0.0294711 0.0463183 -0.039451 0.369192 1.13787 0.653146 1 0 0 0 0 0 0 0
287 1 0.1 4.48373 2.92711 0.637062 -0.00176681 0.044832 0.0351147 -1.10488 0.140164 -0.521645 1 0 0 0 0 0 0 0
288 1 0.1 4.38473 3.07517 0.529666 -0.0234637 -0.00910052 -0.177431 -0.716362 1.87665 0.0596519 1 0 0 0 0 0 0 0
289 1 0.1 4.48707 3.30136 0.587165 -0.0222534 -0.00260376 -0.0183047 0.133508 0.145557 -0.0377476 1 0 0 0 0 0 0 0
290 1 0.1 4.68098 3.46265 0.459569 0.00102576 -0.00469262 0.00181878 -0.46523 -0.130386 0.372637 1 0 0 0 0 0 0 0
291 1 0.1 4.9594 3.47953 0.584929 -0.0636044 0.190012 0.0455321 1.32778 0.800297 -0.28728 1 0 0 0 0 0 0 0
292 1 0.1 5.11407 3.70182 0.570047 -0.00667043 0.0135282 0.00625501 0.147748 -0.0738004 0.174915 1 0 0 0 0 0 0 0
293 1 0.1 5.1862 3.87189 0.508875 0.00865629 -0.00394623 -0.0490228 -0.780133 0.0461143 -0.174214 1 0 0 0 0 0 0 0
294 1 0.1 5.3401 4.00803 0.626324 0.0402102 -0.0859052 0.0432322 -1.17059 -0.371514 0.332558 1 0 0 0 0 0 0 0
295 1 0.1 5.48827 4.20027 0.590283 -0.00316109 -0.00997466 -0.00321462 -0.643129 -0.408692 1.51836 1 0 0 0 0 0 0 0
296 1 0.1 5.64022 4.3291 0.590214 -0.112913 0.131882 0.00719071 0.686766 0.420767 0.35402 1 0 0 0 0 0 0 0
297 1 0.1 5.74119 4.49721 0.554 -0.0701522 0.106318 -0.00579222 -0.702913 -0.185381 -0.891594 1 0 0 0 0 0 0 0
298 1 0.1 5.87249 4.61249 0.45773 0.0115918 0.0156685 -0.00437416 0.335032 -0.178916 -0.210199 1 0 0 0 0 0 0 0
299 1 0.1 6.14826 5.11712 0.590915 0.00617188 -0.000550434 0.000600001 -0.0072978 0.0767654 -0.0956889 1 0 0 0 0 0 0 0
300 1 0.1 6.3151 0.707455 0.550167 -0.0030456 0.00378181 -0.00538891 -0.0212794 0.0220496 0.0175269 1 0 0 0 0 0 0 0
301 1 0.1 6.09904 1.18304 0.527875 -0.0072662 0.00972337 -0.0266226 0.0712848 -0.333322 -0.056243 1 0 0 0 0 0 0 0
302 1 0.1 6.01438 1.58463 0.496535 -0.0119228 0.078148 -0.012233 1.65772 -3.06446 1.52121 1 0 0 0 0 0 0 0
303 1 0.1 5.88909 1.70627 0.593645 -0.138447 -0.0205526 -0.0534872 -0.973428 1.7504 -0.487129 1 0 0 0 0 0 0 0
304 1 0.1 5.74382 1.84639 0.58611 -0.108187 -0.0973742 -0.0207306 -0.101993 0.465469 -0.425333 1 0 0 0 0 0 0 0
305 1 0.1 5.60274 1.98792 0.591301 -0.0401474 -0.0302753 0.018309 0.607653 -0.430295 -0.549701 1 0 0 0 0 0 0 0
306 1 0.1 5.42751 2.25791 0.532344 0.0080532 0.0172108 0.0402338 0.532585 0.725975 -0.159542 1 0 0 0 0 0 0 0
307 1 0.1 5.21165 2.30167 0.637791 -0.0556226 0.0719737 -0.00507278 0.0278017 -0.148344 0.773816 1 0 0 0 0 0 0 0
308 1 0.1 5.21485 2.50133 0.327006 0.0336239 -0.0725556 -0.0858368 0.659629 0.312507 -0.017811 1 0 0 0 0 0 0 0
309 1 0.1 5.07145 2.43463 0.55351 0.0729935 0.015418 0.079682 0.243445 0.0119571 -0.527866 1 0 0 0 0 0 0 0
310 1 0.1 5.11249 2.68012 0.599884 0.0268923 -0.0327695 0.00353162 0.952932 0.0659618 -1.05352 1 0 0 0 0 0 0 0
311 1 0.1 4.681 2.78761 0.523669 -0.0962365 -0.0989666 0.0948637 0.396564 -0.688921 -0.0515296 1 0 0 0 0 0 0 0
312 1 0.1 4.61574 2.96896 0.469037 0.0453044 -0.00568857 0.10742 0.0728668 0.0548567 0.124072 1 0 0 0 0 0 0 0
313 1 0.1 4.58587 3.16566 0.48572 -0.0292173 -0.00351999 0.0324483 -0.407575 1.08727 1.283 1 0 0 0 0 0 0 0
314 1 0.1 4.78103 3.20304 0.462966 -0.0461931 0.0226299 -0.040312 -0.28962 -0.195141 -1.1686 1 0 0 0 0 0 0 0
315 1 0.1 4.90994 3.26834 0.594505 0.00560401 -0.103642 -0.0218211 -0.130262 -0.212782 -1.27828 1 0 0 0 0 0 0 0
316 1 0.1 5.08575 3.34437 0.459172 0.0108678 -0.0510339 -0.000662007 0.593623 0.254947 0.412144 1 0 0 0 0 0 0 0
317 1 0.1 5.20164 3.52727 0.528357 -0.0505951 0.000844028 -0.0394614 0.0876492 0.682728 -0.67262 1 0 0 0 0 0 0 0
318 1 0.1 5.42354 3.81182 0.459518 0.00605894 -0.00685214 -0.0124678 -0.121535 -0.585824 -0.0322745 1 0 0 0 0 0 0 0
319 1 0.1 5.54785 3.86093 0.60706 0.00155503 0.00987057 -0.00763228 -0.0129087 0.429046 0.0577745 1 0 0 0 0 0 0 0
320 1 0.1 5.61872 4.04886 0.589662 0.0332694 0.0167204 0.0118362 0.582634 0.163131 -0.833689 1 0 0 0 0 0 0 0
321 1 0.1 5.8731 4.13275 0.602608 0.013528 -0.0100189 0.0425909 0.766066 -0.244769 -0.0509512 1 0 0 0 0 0 0 0
322 1 0.1 5.88988 4.35228 0.568251 -0.0596356 0.0240323 0.00192287 0.184659 0.248763 1.45356 1 0 0 0 0 0 0 0
323 1 0.1 6.02041 4.74661 0.457178 0.0202342 0.00555421 -0.000140174 -0.172932 0.27131 0.0825014 1 0 0 0 0 0 0 0
324 1 0.1 6.28074 5.25938 0.544903 0.00237997 0.00158925 -0.00450109 0.0513645 0.0248471 0.0723981 1 0 0 0 0 0 0 0
325 1 0.1 6.37442 0.893591 0.507581 0.0120892 -0.00139793 -0.0021522 0.418921 1.12714 -0.461711 1 0 0 0 0 0 0 0
326 1 0.1 6.23419 1.03645 0.51623 0.00170791 0.0141732 0.0097408 0.147399 -0.357299 0.0896597 1 0 0 0 0 0 0 0
327 1 0.1 5.89235 1.87112 0.45398 -0.113973 -0.0640737 0.0050055 -0.551563 -1.93587 -1.85595 1 0 0 0 0 0 0 0
328 1 0.1 5.91858 2.24559 0.664301 0.0324091 -0.0622897 -0.0225278 -0.87962 -0.2436 0.0205324 1 0 0 0 0 0 0 0
329 1 0.1 5.77979 2.07927 0.575796 -0.0137447 -0.0877726 -0.0326409 -0.799795 0.929601 -0.0880483 1 0 0 0 0 0 0 0
330 1 0.1 5.60546 2.18788 0.589833 0.0121169 -0.0351353 -0.0259525 -0.547332 0.0559677 -0.414034 1 0 0 0 0 0 0 0
331 1 0.1 5.77513 2.2733 0.527765 0.0305986 -0.0827565 -0.0276596 0.765084 0.0893701 -0.186395 1 0 0 0 0 0 0 0
332 1 0.1 5.76938 2.4652 0.583559 -0.0753294 -0.0876027 -0.020591 -0.739953 0.636221 1.50641 1 0 0 0 0 0 0 0
333 1 0.1 5.7022 2.5844 0.437914 -0.0678743 -0.0813802 -0.0253689 0.942188 -1.01537 -1.18754 1 0 0 0 0 0 0 0
334 1 0.1 5.409 2.69825 0.592502 -0.105685 -0.0120228 -0.00295771 -0.39195 -0.393532 0.870067 1 0 0 0 0 0 0 0
335 1 0.1 5.27062 2.59033 0.496893 0.00374201 -0.0976992 -0.0522632 0.146791 -0.464744 0.300583 1 0 0 0 0 0 0 0
336 1 0.1 5.21134 2.77672 0.455152 0.00553266 -0.0878632 0.0277633 -0.948629 -0.949633 -1.38996 1 0 0 0 0 0 0 0
337 1 0.1 4.75618 2.97386 0.610731 0.0618349 0.0101907 0.0955289 -0.135714 0.162456 0.0833787 1 0 0 0 0 0 0 0
338 1 0.1 4.96911 3.01169 0.401091 -0.0428348 -0.0628792 -0.0168969 0.204674 0.793163 0.46106 1 0 0 0 0 0 0 0
339 1 0.1 5.09865 3.14727 0.489597 -0.0402379 -0.0659558 -0.068879 0.0745207 0.116398 -0.978777 1 0 0 0 0 0 0 0
340 1 0.1 5.26587 3.25852 0.455637 0.00561204 -0.0462896 -0.00323088 -0.527712 -0.283864 -0.380157 1 0 0 0 0 0 0 0
341 1 0.1 5.40463 3.34812 0.568053 -0.0381993 0.00622673 0.00409456 -0.325741 -0.398125 0.490584 1 0 0 0 0 0 0 0
342 1 0.1 5.38764 3.51457 0.45867 -0.0558119 -0.0294517 -0.0489252 -0.18609 -0.568225 0.397435 1 0 0 0 0 0 0 0
343 1 0.1 5.61422 3.71942 0.437502 0.0147717 -0.00471757 0.00848507 0.206844 -0.341894 -0.607737 1 0 0 0 0 0 0 0
344 1 0.1 5.71637 3.75347 0.610124 -0.0175117 -0.0223621 -0.0409641 -0.269367 0.16063 -0.44124 1 0 0 0 0 0 0 0
345 1 0.1 5.79697 3.39321 0.762548 0.00953572 -0.00677986 -0.000199777 -0.19874 0.0233537 0.192369 1 0 0 0 0 0 0 0
346 1 0.1 5.83261 3.93666 0.582971 0.0789671 0.0572374 0.0122633 -0.487765 -0.200848 0.777334 1 0 0 0 0 0 0 0
347 1 0.1 6.02444 3.99293 0.582468 0.0363613 0.208644 -0.0364037 -0.723771 0.355151 0.801039 1 0 0 0 0 0 0 0
348 1 0.1 6.02216 4.98036 0.518837 0.00138951 0.00743418 -0.00488604 -0.173601 -0.136334 -0.123076 1 0 0 0 0 0 0 0
349 1 0.1 6.2194 4.95327 0.501301 0.000322955 -0.00284847 0.000918457 -0.0234199 0.00555833 0.0677038 1 0 0 0 0 0 0 0
350 1 0.1 6.4085 1.11009 0.581753 0.0421331 0.0200181 -0.033664 -0.932619 1.64101 -0.0627054 1 0 0 0 0 0 0 0
351 1 0.1 6.27341 1.26366 0.583674 -0.0192341 0.0909177 -0.0215352 -0.793409 0.74238 1.0947 1 0 0 0 0 0 0 0
352 1 0.1 6.15087 1.44005 0.572692 -0.122531 0.267497 -0.0798495 -0.00811703 -1.29813 -0.210802 1 0 0 0 0 0 0 0
353 1 0.1 5.96437 1.888 0.762086 -0.0208151 0.0311005 0.0600328 -0.459045 -0.209264 2.07022 1 0 0 0 0 0 0 0
354 1 0.1 5.8598 2.74844 0.137435 0.00902232 -0.0102067 -0.00148083 0.10571 0.0844706 -0.66065 1 0 0 0 0 0 0 0
355 1 0.1 5.75078 2.91596 0.137556 0.105383 0.0513439 -0.00176669 -0.148355 -0.0269117 -0.475205 1 0 0 0 0 0 0 0
356 1 0.1 5.71963 2.71482 0.638498 -0.0122167 -0.032252 0.00112429 -0.108273 -0.211402 -0.140347 1 0 0 0 0 0 0 0
357 1 0.1 5.79887 2.78471 0.468842 0.0228115 -0.0618562 0.00932236 0.0608124 0.019053 -0.0749515 1 0 0 0 0 0 0 0
358 1 0.1 5.21814 2.71925 0.763268 0.0270967 -0.08717 0.00473517 -0.872556 -0.227253 0.247846 1 0 0 0 0 0 0 0
359 1 0.1 5.59889 2.7491 0.482983 0.00667183 -0.0378525 -0.0134166 -0.107653 -0.0271619 -0.0076732 1 0 0 0 0 0 0 0
360 1 0.1 5.6736 2.93221 0.518827 0.0497298 -0.0406582 0.0109402 0.230838 -0.352916 -0.413518 1 0 0 0 0 0 0 0
361 1 0.1 5.53865 2.85231 0.642856 0.0241082 -0.0362485 -0.011375 0.125765 0.0522783 -0.24035 1 0 0 0 0 0 0 0
362 1 0.1 5.3178 2.87589 0.600904 -0.116021 -0.0296887 -0.0171453 -0.463347 1.67002 -0.666717 1 0 0 0 0 0 0 0
363 1 0.1 5.11985 2.94477 0.512812 0.0372168 -0.0247421 -0.105145 0.642989 0.152436 0.754619 1 0 0 0 0 0 0 0
364 1 0.1 5.44928 2.9844 0.7628 0.0541245 -0.0285138 0.00627694 -0.0301329 0.193799 -0.012316 1 0 0 0 0 0 0 0
365 1 0.1 5.30627 3.09997 0.625865 0.0622468 0.0293578 -0.0385233 -0.108814 1.2957 -0.0342344 1 0 0 0 0 0 0 0
366 1 0.1 5.72383 3.11069 0.593337 0.0403207 -0.0329317 -0.00793001 -0.507168 0.101614 0.397658 1 0 0 0 0 0 0 0
367 1 0.1 5.61453 3.28492 0.747576 0.0216822 -0.0240761 0.00455739 0.011618 0.0446743 0.179025 1 0 0 0 0 0 0 0
368 1 0.1 5.6649 3.56178 0.585613 0.0107866 -0.0337156 -0.00880359 -0.0364792 -0.048614 0.013754 1 0 0 0 0 0 0 0
369 1 0.1 5.78747 3.61322 0.436991 0.019271 -0.0257935 -0.00225752 0.0664641 -0.0690188 0.0652812 1 0 0 0 0 0 0 0
370 1 0.1 5.71287 3.32132 0.577616 0.013039 -0.0156244 -0.000559257 0.0410034 0.0381123 -0.0816728 1 0 0 0 0 0 0 0
371 1 0.1 5.6382 3.25283 0.405463 0.008774 -0.0140531 -0.000136409 -0.0575035 -0.00531649 0.011287 1 0 0 0 0 0 0 0
372 1 0.1 5.94321 4.07619 0.396532 -0.00524515 -0.0248686 0.0948631 0.0184399 -1.29711 0.432664 1 0 0 0 0 0 0 0
373 1 0.1 6.06409 4.5622 0.584612 0.0116597 0.00912083 0.00885147 -0.0139272 0.0540201 0.064211 1 0 0 0 0 0 0 0
374 1 0.1 6.16868 4.73254 0.590416 0.0155074 0.00613003 0.00520747 0.0925428 -0.302431 -0.173967 1 0 0 0 0 0 0 0
375 1 0.1 6.11815 0.905626 0.749992 0.00107188 -0.00107544 0.00163022 -0.0115713 -0.0393693 -0.018282 1 0 0 0 0 0 0 0
376 1 0.1 5.8427 1.18445 0.762448 0.000426433 0.00190178 -0.00612476 -0.0125944 0.0434797 0.0373153 1 0 0 0 0 0 0 0
377 1 0.1 5.70184 1.32567 0.759207 0.000248146 -0.00381342 -0.00414359 -0.00587165 0.0324298 -0.00111817 1 0 0 0 0 0 0 0
378 1 0.1 5.56027 1.46522 0.743399 0.00348118 -0.00311856 -0.00226144 -0.0157818 0.0026875 -0.0315491 1 0 0 0 0 0 0 0
379 1 0.1 5.43598 1.62036 0.728362 0.00421634 -0.00546307 0.001191 0.0127495 0.0514989 0.0131572 1 0 0 0 0 0 0 0
380 1 0.1 5.27971 1.74231 0.748942 0.0105725 0.000187752 0.00936005 0.0137777 0.00405899 -0.0725711 1 0 0 0 0 0 0 0
381 1 0.1 5.14663 1.89174 0.760641 -0.0962037 -0.0905342 -0.00984263 0.0143594 0.0569217 -1.42844 1 0 0 0 0 0 0 0
382 1 0.1 4.99913 2.02668 0.761318 -0.00634552 0.00805059 0.000384925 0.040222 0.0304996 0.0961442 1 0 0 0 0 0 0 0
383 1 0.1 4.83166 2.19436 0.762617 0.0761792 -0.0612035 -0.00468278 0.00756736 0.0350441 -0.0265253 1 0 0 0 0 0 0 0
384 1 0.1 4.71148 2.35336 0.764293 0.0399503 -0.0758821 -0.000283667 -0.754166 -0.411323 -0.187331 1 0 0 0 0 0 0 0
385 1 0.1 4.41147 2.61492 0.561551 0.108654 -0.0775771 0.0336604 0.801813 0.771129 -0.0590508 1 0 0 0 0 0 0 0
386 1 0.1 4.19604 2.83184 0.731024 0.0077411 -0.00203589 -0.0122736 0.0264494 0.148086 -0.0149541 1 0 0 0 0 0 0 0
387 1 0.1 4.1882 3.09961 0.75607 0.00216643 0.00133475 0.0128639 -0.0748181 -0.119801 0.020692 1 0 0 0 0 0 0 0
388 1 0.1 4.294 3.26864 0.762692 0.00448934 0.00259377 0.00653575 -0.0493713 -0.0693083 0.0769277 1 0 0 0 0 0 0 0
389 1 0.1 4.43361 3.41095 0.749008 -0.000725976 0.00260855 0.00216236 -0.0327881 0.00152397 -0.029007 1 0 0 0 0 0 0 0
390 1 0.1 4.57479 3.55247 0.75003 0.000458486 0.000437205 -2.75746e-06 -0.000125433 0.00229084 0.00533181 1 0 0 0 0 0 0 0
391 1 0.1 4.71706 3.69486 0.7507 0.0237836 0.0179575 0.0170191 -0.0839881 -0.179835 0.29913 1 0 0 0 0 0 0 0
392 1 0.1 4.90595 3.88129 0.723234 -0.0301734 -0.0338856 -0.0615968 0.904343 -0.123344 -0.326944 1 0 0 0 0 0 0 0
393 1 0.1 5.04445 4.0203 0.736044 -0.0305662 -0.0339611 -0.0329985 -0.0387277 -0.811468 -0.648037 1 0 0 0 0 0 0 0
394 1 0.1 5.18478 4.16203 0.750069 -0.0375556 -0.0314075 -0.000211969 -0.0651405 0.0517344 -0.0068788 1 0 0 0 0 0 0 0
395 1 0.1 5.34429 4.32097 0.750513 -0.00509511 -0.00555067 0.00123103 -0.00893449 0.00414454 -0.0529605 1 0 0 0 0 0 0 0
396 1 0.1 5.48581 4.4622 0.75 -0.00458153 -0.0052095 0.000420504 -0.00478963 -0.00137722 -0.06909 1 0 0 0 0 0 0 0
397 1 0.1 5.63757 4.61603 0.749743 0.00650307 0.0086236 -0.000238043 0.00477673 0.00279756 0.116919 1 0 0 0 0 0 0 0
398 1 0.1 5.78061 4.75517 0.761349 0.00674337 0.00863364 0.00130882 0.00392901 -0.0118623 0.0117282 1 0 0 0 0 0 0 0
399 1 0.1 5.92721 4.90641 0.746009 -0.000825519 3.47156e-05 0.000318849 0.00377722 -0.00250063 -0.00586241 1 0 0 0 0 0 0 0
400 1 0.1 6.25963 0.764521 0.751062 0.000711649 -0.00115877 0.00161386 0.0164718 0.00673398 -0.008607 1 0 0 0 0 0 0 0
401 1 0.1 5.99607 1.06197 0.726482 0.00392125 0.00318981 -0.00752353 -0.00914187 -0.0340182 -0.00739441 1 0 0 0 0 0 0 0
402 1 0.1 5.94558 1.50613 0.680337 -0.238471 0.145169 0.0448004 -2.69149 0.496267 0.202061 1 0 0 0 0 0 0 0
403 1 0.1 5.72965 1.57972 0.650378 -0.0176881 -0.130992 0.0432934 0.750982 0.219458 -0.11235 1 0 0 0 0 0 0 0
404 1 0.1 5.61644 1.69943 0.762734 0.0168657 -0.087735 0.00672328 -1.05239 -0.356351 -0.445196 1 0 0 0 0 0 0 0
405 1 0.1 5.4608 1.82308 0.755295 0.0502749 -0.0335416 -0.0381325 0.126283 0.56175 -0.304103 1 0 0 0 0 0 0 0
406 1 0.1 5.39664 2.01059 0.762933 0.0195088 -0.0338572 0.000466444 -0.0211299 -0.0177477 0.30627 1 0 0 0 0 0 0 0
407 1 0.1 5.31865 2.10717 0.605486 -0.00447872 0.0163288 0.00444794 0.244258 -0.0381788 -0.109895 1 0 0 0 0 0 0 0
408 1 0.1 5.09123 2.20352 0.763203 -0.013088 0.0132882 -0.00362971 0.0615966 0.230458 0.00117883 1 0 0 0 0 0 0 0
409 1 0.1 4.83202 2.51288 0.762513 -0.0519493 -0.00966833 0.00510685 0.206188 -0.245136 0.717532 1 0 0 0 0 0 0 0
410 1 0.1 4.37207 2.63986 0.746825 -0.0206567 0.0131094 -0.0286151 -1.5392 0.378329 -0.85329 1 0 0 0 0 0 0 0
411 1 0.1 4.39073 2.82135 0.767616 0.0142737 -0.0235514 0.000438795 0.913992 -0.339027 1.05055 1 0 0 0 0 0 0 0
412 1 0.1 4.37735 3.03871 0.762404 0.00357838 0.0193989 0.0555431 -0.056742 -0.247217 0.101547 1 0 0 0 0 0 0 0
413 1 0.1 4.48328 3.20762 0.76261 0.00979225 0.0317208 -0.0128016 -0.192189 0.520762 0.0832798 1 0 0 0 0 0 0 0
414 1 0.1 4.72817 3.34367 0.591893 0.0560705 0.0103584 0.0158408 0.538076 0.162201 0.343086 1 0 0 0 0 0 0 0
415 1 0.1 4.7745 3.51802 0.677701 0.0434321 0.00984905 0.0355255 -0.0923552 0.00246985 -0.174353 1 0 0 0 0 0 0 0
416 1 0.1 5.07333 3.58325 0.717914 0.0154904 0.00875176 0.0120414 0.0528893 0.77445 -0.656774 1 0 0 0 0 0 0 0
417 1 0.1 5.05332 3.76782 0.765036 -0.0151395 0.00587418 -0.000803193 -0.166993 -0.872514 0.985876 1 0 0 0 0 0 0 0
418 1 0.1 5.21848 3.92805 0.763176 -0.0383396 -0.0350672 0.00175216 -0.417333 0.411004 0.271116 1 0 0 0 0 0 0 0
419 1 0.1 5.41191 4.13402 0.762741 -0.00341885 -0.00685528 -0.00254599 0.0287476 0.0968338 0.0947351 1 0 0 0 0 0 0 0
420 1 0.1 5.56534 4.26335 0.762986 -0.0494454 0.0350229 -0.0037279 0.571491 0.277583 -0.479075 1 0 0 0 0 0 0 0
421 1 0.1 5.68448 4.42277 0.762749 0.00257387 0.0073667 0.00419553 -0.0476777 0.0187847 -0.140977 1 0 0 0 0 0 0 0
422 1 0.1 5.82795 4.55775 0.729532 0.0121141 0.00285366 0.00737102 0.0488882 -0.0618838 0.0467166 1 0 0 0 0 0 0 0
423 1 0.1 5.9438 4.7039 0.657764 0.00675156 0.00655523 0.00400149 -0.0247065 0.14233 -0.00367959 1 0 0 0 0 0 0 0
424 1 0.1 6.21827 5.19107 0.76264 0.00816941 -0.00133884 -0.000105995 -0.0122168 -0.0807607 0.0190853 1 0 0 0 0 0 0 0
425 1 0.1 6.40084 0.622988 0.749992 0.000236884 -0.000788896 6.62898e-05 0.00127212 -0.000348876 -0.00277251 1 0 0 0 0 0 0 0
426 1 0.1 6.18727 1.10784 0.762508 -0.0148971 0.0774612 0.00068596 0.259226 0.000269506 0.83158 1 0 0 0 0 0 0 0
427 1 0.1 5.99705 1.31127 0.762587 -0.0123469 0.0253584 -0.0233985 -0.0390214 0.189174 0.179756 1 0 0 0 0 0 0 0
428 1 0.1 6.05265 1.70865 0.756232 0.207718 0.203068 -0.0153123 1.59211 -4.45521 4.09 1 0 0 0 0 0 0 0
429 1 0.1 5.80333 1.76967 0.762566 -0.013801 0.0112066 -0.00134159 0.102564 0.107495 1.50537 1 0 0 0 0 0 0 0
430 1 0.1 5.64833 1.89702 0.762803 -0.055247 -0.0525278 0.0024541 -0.479109 0.558607 -0.022089 1 0 0 0 0 0 0 0
431 1 0.1 5.579 2.09116 0.762618 0.0048187 0.0114522 0.000166723 0.0359581 -0.00405938 0.115784 1 0 0 0 0 0 0 0
432 1 0.1 5.39085 2.20852 0.760837 0.0424181 -0.0287547 0.00918772 0.0579331 0.243679 -0.554567 1 0 0 0 0 0 0 0
433 1 0.1 5.40068 2.46962 0.588401 0.0330144 -0.0360983 -0.0084154 -0.292617 -0.23893 0.465933 1 0 0 0 0 0 0 0
434 1 0.1 5.08914 2.40484 0.762561 -0.0876573 0.160766 -0.0146316 0.648483 0.103285 1.75404 1 0 0 0 0 0 0 0
435 1 0.1 5.02202 2.59394 0.763788 0.00781436 0.00121429 0.00136908 -0.000401469 -0.12348 0.0426953 1 0 0 0 0 0 0 0
436 1 0.1 4.71691 2.66826 0.711863 0.00800657 0.00781078 -0.0545369 0.0553636 -1.17961 -0.987444 1 0 0 0 0 0 0 0
437 1 0.1 4.5951 3.07977 0.659695 0.0335399 0.0118549 0.0352712 0.249288 -1.04107 -0.0963702 1 0 0 0 0 0 0 0
438 1 0.1 4.73872 3.15058 0.763103 0.0679602 -0.0369345 0.0006793 0.351958 1.69371 -0.284674 1 0 0 0 0 0 0 0
439 1 0.1 4.75704 3.34234 0.772052 0.0330832 -0.0191615 0.00526456 0.0546809 -0.372903 0.640368 1 0 0 0 0 0 0 0
440 1 0.1 5.02901 3.40399 0.755839 -0.00174781 -0.00319133 -0.0710461 0.992993 -0.0768847 0.3373 1 0 0 0 0 0 0 0
441 1 0.1 5.25728 3.63221 0.763268 0.0218397 -0.00762544 -0.0031077 0.0796302 -0.554959 0.516776 1 0 0 0 0 0 0 0
442 1 0.1 5.30736 3.74817 0.608768 -0.0116722 0.00117191 -0.00703818 -0.000738015 0.471991 0.145527 1 0 0 0 0 0 0 0
443 1 0.1 5.39744 3.8389 0.762511 -0.0193142 0.00376082 -0.000227743 0.112926 -0.260632 0.218754 1 0 0 0 0 0 0 0
444 1 0.1 5.5434 3.98433 0.763181 0.00879278 0.00389234 -3.79687e-05 0.12088 -0.16676 0.158004 1 0 0 0 0 0 0 0
445 1 0.1 5.69796 4.11115 0.762457 -0.0925886 0.127446 0.0389994 -0.679551 -0.775582 1.35188 1 0 0 0 0 0 0 0
446 1 0.1 5.85932 4.32644 0.763257 -0.00188225 -0.00160656 0.00220416 -0.171184 0.14427 -0.0520843 1 0 0 0 0 0 0 0
447 1 0.1 6.00988 4.45466 0.742873 -0.0041175 -0.00255542 -0.00643497 0.0115086 -0.0376454 0.031749 1 0 0 0 0 0 0 0
448 1 0.1 6.09954 4.80674 0.762628 -0.000870426 0.00291573 0.000254569 0.0172907 -0.00555127 0.0279676 1 0 0 0 0 0 0 0
449 1 0.1 6.35456 5.33679 0.750066 0.00243029 0.00376494 -0.000231956 -0.0371261 0.0282956 0.0639303 1 0 0 0 0 0 0 0
450 1 0.1 6.43999 0.805636 0.675287 0.0190027 -0.0238542 0.0301307 -1.45669 -0.656352 0.366421 1 0 0 0 0 0 0 0
451 1 0.1 6.30056 0.959149 0.688076 0.00696072 0.0184745 0.0510787 -0.117701 -0.0391118 0.468066 1 0 0 0 0 0 0 0
452 1 0.1 6.19689 1.31 0.762511 0.00396638 0.0829525 -0.00231184 0.295718 -0.435528 0.454801 1 0 0 0 0 0 0 0
453 1 0.1 6.12814 1.50409 0.762419 -0.201456 0.145159 -0.00581651 1.44137 0.176879 -0.781475 1 0 0 0 0 0 0 0
454 1 0.1 5.81004 2.01473 0.762571 -0.100689 -0.0486274 -0.000301607 -0.243044 0.0578809 -0.987471 1 0 0 0 0 0 0 0
455 1 0.1 5.74402 2.20288 0.751878 0.0209811 0.0054717 -0.0110749 0.0295559 0.16025 -0.380901 1 0 0 0 0 0 0 0
456 1 0.1 5.53055 2.35162 0.76143 0.0282205 -0.0154672 -0.0119403 0.145895 0.245941 -0.481761 1 0 0 0 0 0 0 0
457 1 0.1 5.57943 2.38521 0.558506 0.0431629 -0.00713496 -0.0322754 -0.0212868 0.658186 -0.0933687 1 0 0 0 0 0 0 0
458 1 0.1 5.33619 2.39834 0.763422 0.0255918 -0.0254352 -0.004036 -0.21105 -0.220276 0.713858 1 0 0 0 0 0 0 0
459 1 0.1 5.3955 2.58879 0.759312 -0.0388414 -0.000257562 0.00859614 0.212218 -0.0881787 -0.0862859 1 0 0 0 0 0 0 0
460 1 0.1 5.21827 2.53387 0.680839 -0.0331525 -0.107753 -0.0584281 -0.188077 -0.170546 0.352322 1 0 0 0 0 0 0 0
461 1 0.1 4.88213 2.7688 0.762508 -0.147608 0.22732 0.000554581 0.284239 0.711697 3.76918 1 0 0 0 0 0 0 0
462 1 0.1 4.63812 2.90988 0.762603 0.0222084 0.0368131 0.000158079 0.366471 -0.219779 -0.321382 1 0 0 0 0 0 0 0
463 1 0.1 4.94052 3.07194 0.585766 -0.000261169 -0.0974075 -0.0205787 -0.243021 0.343332 1.80167 1 0 0 0 0 0 0 0
464 1 0.1 4.99059 3.22023 0.765456 0.0154879 -0.00378301 0.00444634 -1.60146 0.183739 -0.135122 1 0 0 0 0 0 0 0
465 1 0.1 5.18041 3.35967 0.634339 0.0405005 0.003955 -0.0156529 -0.232315 0.19495 1.44051 1 0 0 0 0 0 0 0
466 1 0.1 5.4507 3.58991 0.763035 0.0208046 0.0139728 0.00135721 0.111032 0.0778688 -0.458955 1 0 0 0 0 0 0 0
467 1 0.1 5.4901 3.67095 0.585472 0.000157288 0.0137744 0.00286534 0.0184742 0.3397 0.0467244 1 0 0 0 0 0 0 0
468 1 0.1 5.58267 3.74007 0.762519 0.0176205 0.0188078 -0.00105593 -0.00805202 -0.157001 0.315496 1 0 0 0 0 0 0 0
469 1 0.1 5.75705 3.89513 0.762806 0.0476283 0.0405272 -0.00140196 0.400422 -0.479827 -0.00508998 1 0 0 0 0 0 0 0
470 1 0.1 5.91726 4.02186 0.762669 -0.0093255 -0.0693902 0.00135396 -0.0049905 -0.00181497 -0.0101412 1 0 0 0 0 0 0 0
471 1 0.1 6.00902 4.19722 0.734164 -0.0199644 -0.0455867 0.0911841 -0.600446 -0.383386 -0.279183 1 0 0 0 0 0 0 0
472 1 0.1 6.16047 4.32457 0.762525 -0.022158 -0.023276 0.00022216 -0.341909 0.279794 0.0704596 1 0 0 0 0 0 0 0
473 1 0.1 6.07191 5.04943 0.762574 0.00281109 0.00440707 -0.000264056 0.0596763 -0.0274736 0.0462917 1 0 0 0 0 0 0 0
474 1 0.1 6.23052 4.94457 0.700774 0.000937103 0.00100047 0.000746383 -0.00571418 0.0162469 -0.0592236 1 0 0 0 0 0 0 0
475 1 0.1 6.47244 1.05311 0.762486 -0.0628397 0.00908335 0.00150516 0.178302 -2 -1.96525 1 0 0 0 0 0 0 0
476 1 0.1 6.38298 1.23812 0.749107 -0.0451141 -0.0619005 0.0193022 0.881799 -0.256505 -2.08012 1 0 0 0 0 0 0 0
477 1 0.1 6.04021 1.83716 0.584218 -0.117869 -0.00862015 0.0309922 -1.28013 2.0644 0.999173 1 0 0 0 0 0 0 0
478 1 0.1 6.16373 1.90222 0.758391 -0.0725233 0.991138 -0.058019 -1.94826 2.04648 0.415277 1 0 0 0 0 0 0 0
479 1 0.1 5.81541 2.38901 0.762563 0.0506858 0.00406399 -0.00451414 0.107391 0.0366094 0.11696 1 0 0 0 0 0 0 0
480 1 0.1 5.7916 3.19335 0.762278 0.0320179 -0.00721644 -0.0183656 0.367631 0.0163397 0.0422185 1 0 0 0 0 0 0 0
481 1 0.1 5.69164 2.89926 0.762557 0.0196074 -0.0340977 -0.00146407 -0.33986 -0.210254 0.102589 1 0 0 0 0 0 0 0
482 1 0.1 5.71003 2.55858 0.762585 -0.00047634 -0.0230979 0.00421156 -0.00674626 -0.0118329 0.455359 1 0 0 0 0 0 0 0
483 1 0.1 5.57086 2.58104 0.598066 -0.120622 -0.0271182 0.0399068 0.373588 -0.115575 -1.06254 1 0 0 0 0 0 0 0
484 1 0.1 5.56432 2.69522 0.762696 -0.0142582 -0.0346382 -0.000665045 -0.308972 0.145428 -0.396624 1 0 0 0 0 0 0 0
485 1 0.1 5.25079 2.96955 0.764159 0.0502578 0.0516958 -0.00689485 -0.00974322 -1.03248 -0.340449 1 0 0 0 0 0 0 0
486 1 0.1 5.08565 2.85479 0.687234 0.0866886 0.020502 -0.0723209 -1.41197 -0.0104729 0.208959 1 0 0 0 0 0 0 0
487 1 0.1 4.88072 3.01865 0.76581 0.0577524 -0.0326358 0.00672233 -1.04255 0.0217451 -0.419505 1 0 0 0 0 0 0 0
488 1 0.1 5.07336 3.04504 0.735819 0.0409472 0.0147614 -0.0360162 1.11133 0.364859 0.873295 1 0 0 0 0 0 0 0
489 1 0.1 5.21493 3.21078 0.763152 0.106289 0.0236427 -0.0025928 0.225693 -1.06056 0.131836 1 0 0 0 0 0 0 0
490 1 0.1 5.42347 3.19081 0.758738 0.141455 0.0301116 -0.101804 0.633594 0.109211 0.0968477 1 0 0 0 0 0 0 0
491 1 0.1 5.40524 3.38903 0.763091 -0.0667616 0.00992613 0.000941089 0.221049 0.663912 2.12926 1 0 0 0 0 0 0 0
492 1 0.1 5.61856 3.48337 0.762945 0.000300284 -0.0213826 -0.00168374 -0.111245 -0.0742746 0.0434987 1 0 0 0 0 0 0 0
493 1 0.1 5.62063 3.0862 0.762684 0.050215 -0.0220586 -0.00156099 0.0697427 -0.0624013 0.0985485 1 0 0 0 0 0 0 0
494 1 0.1 5.75461 3.62977 0.762514 -0.0422012 0.0181585 -0.0012558 0.012118 0.0748489 0.33551 1 0 0 0 0 0 0 0
495 1 0.1 5.90538 3.76109 0.762177 -0.00858481 -0.0207833 0.00310198 0.133904 -0.00731612 -0.843012 1 0 0 0 0 0 0 0
496 1 0.1 5.86354 3.55493 0.612474 -0.0498716 -0.0446998 0.0230227 -0.304142 -0.34395 -1.08201 1 0 0 0 0 0 0 0
497 1 0.1 6.0266 4.2195 0.508133 -0.039206 0.014594 0.0704034 -1.24283 -0.21643 -1.1306 1 0 0 0 0 0 0 0
498 1 0.1 6.13591 4.61027 0.763227 0.0072108 0.00563031 0.00343759 0.05381 -0.0498589 -0.000787812 1 0 0 0 0 0 0 0
499 1 0.1 6.28766 4.73996 0.751627 0.000721468 0.0110825 -0.0202495 -0.119015 0.260534 0.0610456 1 0 0 0 0 0 0 0
