500
0 1 0.1 5.92661 1.12463 0.162699 -0.0118279 -0.0016469 0.0260539 0.281235 0.00444833 -0.0382399 1 0 0 0 0 0 0 0
1 1 0.1 5.77376 1.25052 0.135595 -0.00598029 -0.000638841 -0.00616028 0.109231 0.213536 0.442279 1 0 0 0 0 0 0 0
2 1 0.1 5.58794 1.42906 0.14934 -0.00929598 0.00181694 0.0159538 0.161069 -0.0459294 0.116338 1 0 0 0 0 0 0 0
3 1 0.1 5.30679 1.71196 0.135782 -0.00473262 -0.000189061 -0.00472749 -0.442892 -0.215731 -0.0572145 1 0 0 0 0 0 0 0
4 1 0.1 5.43002 1.81745 0.415222 -0.0666924 0.020844 0.0099191 -0.125934 0.301443 0.156123 1 0 0 0 0 0 0 0
5 1 0.1 5.16102 1.85685 0.140935 0.00343778 0.0021265 0.0162219 0.100922 -0.0475072 -0.0335937 1 0 0 0 0 0 0 0
6 1 0.1 4.93119 2.09407 0.14004 -0.0358813 0.0488858 -0.0264088 -0.127423 0.18409 0.607437 1 0 0 0 0 0 0 0
7 1 0.1 4.78831 2.23364 0.149995 -0.0366049 0.0461282 0.0063883 0.0139717 -0.0716079 0.608355 1 0 0 0 0 0 0 0
8 1 0.1 4.76213 2.55376 0.139806 0.0152868 0.0654629 -0.0519595 -1.49424 0.868964 1.12726 1 0 0 0 0 0 0 0
9 1 0.1 4.6266 2.86689 0.376674 -0.149565 0.250274 -0.101667 -0.980823 -1.25271 -0.558142 1 0 0 0 0 0 0 0
10 1 0.1 4.20501 2.82061 0.144195 -0.0766771 0.0718084 0.0116918 0.1582 -0.0155414 1.10849 1 0 0 0 0 0 0 0
11 1 0.1 4.19433 2.83057 0.460535 0.0295538 -0.0156081 0.0473053 0.167024 -0.0797948 0.245272 1 0 0 0 0 0 0 0
12 1 0.1 4.19478 3.02681 0.136602 -0.0053119 -0.029393 -0.00204912 -0.000997711 -0.0138949 0.0414792 1 0 0 0 0 0 0 0
13 1 0.1 4.30108 3.24231 0.325745 -0.0453952 -0.0624313 -0.0369148 -2.64654 3.17188 0.802638 1 0 0 0 0 0 0 0
14 1 0.1 4.23991 3.2213 0.137297 -0.110451 -0.116623 0.0299277 1.32463 -1.41479 -0.940474 1 0 0 0 0 0 0 0
15 1 0.1 4.52576 3.5066 0.137415 -0.08311 -0.0482955 0.00377052 -0.222822 0.212816 1.03229 1 0 0 0 0 0 0 0
16 1 0.1 4.47173 3.22704 0.13719 0.0620922 -0.132892 0.00654964 -0.0160656 -0.00562054 0.0411642 1 0 0 0 0 0 0 0
17 1 0.1 4.75446 3.725 0.298437 -0.0735143 -0.0548333 -0.00450183 -0.0653097 0.155354 -0.499013 1 0 0 0 0 0 0 0
18 1 0.1 4.66552 3.64684 0.137283 -0.0849053 -0.0436029 -0.00260654 0.231741 -0.120333 -0.352205 1 0 0 0 0 0 0 0
19 1 0.1 5.05562 4.02382 0.199724 0.073016 0.0644133 0.0315302 -0.87719 0.519569 0.978369 1 0 0 0 0 0 0 0
20 1 0.1 5.18688 4.16044 0.137443 0.0706111 0.05883 0.00154999 -0.034551 -0.116296 -0.0153199 1 0 0 0 0 0 0 0
21 1 0.1 5.36759 4.07526 0.137388 0.0628406 0.0409292 0.000746856 -0.181722 0.161552 -0.215428 1 0 0 0 0 0 0 0
22 1 0.1 5.46081 4.4323 0.188065 0.00330769 0.0030641 -0.00408002 0.0434998 0.0155812 0.0391446 1 0 0 0 0 0 0 0
23 1 0.1 5.61843 4.59119 0.137593 0.0102175 0.00180568 0.000623047 -0.0395836 0.0709042 0.0834139 1 0 0 0 0 0 0 0
24 1 0.1 5.92173 4.89559 0.137008 0.0220809 -0.00435484 0.00839497 0.976491 0.665832 -0.156158 1 0 0 0 0 0 0 0
25 1 0.1 6.05352 0.97053 0.151886 -0.00558909 0.00567398 -0.00227759 0.017367 0.0504103 0.0641855 1 0 0 0 0 0 0 0
26 1 0.1 5.78403 1.46411 0.137585 -0.0121047 0.0198715 0.00731239 0.0294127 0.165668 0.0472253 1 0 0 0 0 0 0 0
27 1 0.1 5.6392 1.62929 0.141232 -0.022058 0.0395097 0.0325562 0.257707 0.123246 0.49754 1 0 0 0 0 0 0 0
28 1 0.1 5.44797 1.57126 0.143543 -0.010622 -0.00112339 0.024635 0.102388 -0.0934378 -0.0790173 1 0 0 0 0 0 0 0
29 1 0.1 5.59589 1.90563 0.137211 -0.0947261 0.0956241 0.00295448 -1.17014 -0.907404 -0.41097 1 0 0 0 0 0 0 0
30 1 0.1 5.32411 1.97256 0.141282 0.00741444 -0.00160095 -0.0331572 -0.188277 0.369873 -0.0534151 1 0 0 0 0 0 0 0
31 1 0.1 5.14232 2.05538 0.135993 0.00940795 0.0124605 0.0195035 -0.0703659 -0.0335198 -0.0414241 1 0 0 0 0 0 0 0
32 1 0.1 5.05816 2.23449 0.312744 -0.0258358 0.0994993 0.0140281 -0.137516 -0.678926 0.407261 1 0 0 0 0 0 0 0
33 1 0.1 4.56479 2.58473 0.137395 -0.00303303 -0.0937037 0.00156192 0.0667304 -0.120378 0.450651 1 0 0 0 0 0 0 0
34 1 0.1 4.89547 2.70268 0.13759 -0.130502 0.194557 -0.0470209 1.1869 -1.2951 0.816595 1 0 0 0 0 0 0 0
35 1 0.1 4.38805 2.67748 0.13497 0.0155019 -0.0788344 -0.000804358 1.51575 -0.106011 -0.719002 1 0 0 0 0 0 0 0
36 1 0.1 5.22328 2.83735 0.284206 -0.108416 0.0763182 0.078426 0.344065 -1.18279 0.754991 1 0 0 0 0 0 0 0
37 1 0.1 4.38913 2.89827 0.13845 -0.0791835 0.086481 0.00401391 0.401935 0.346109 -0.994822 1 0 0 0 0 0 0 0
38 1 0.1 4.53765 3.03725 0.136873 0.0308518 -0.0398625 -0.0233224 0.303118 0.282375 -0.00114868 1 0 0 0 0 0 0 0
39 1 0.1 4.40688 3.12966 0.451357 0.165906 0.193413 -0.00848102 -0.519513 1.69868 -1.99165 1 0 0 0 0 0 0 0
40 1 0.1 5.10199 3.2606 0.137644 -0.0481994 0.0059357 -0.0191874 -0.270008 -0.192369 -0.174563 1 0 0 0 0 0 0 0
41 1 0.1 4.86078 3.61692 0.137281 -0.0796503 0.0013055 0.000473624 -0.351992 0.340106 0.344262 1 0 0 0 0 0 0 0
42 1 0.1 4.84306 3.81599 0.13678 0.0132789 0.0180619 0.000671511 -0.176028 0.17105 0.211298 1 0 0 0 0 0 0 0
43 1 0.1 5.12325 3.90684 0.345168 -0.0115351 -0.0124199 0.0199591 1.70908 -0.213624 0.141139 1 0 0 0 0 0 0 0
44 1 0.1 5.64469 3.87013 0.137138 0.0273559 -0.0280952 0.00977358 0.324189 0.340798 -0.689111 1 0 0 0 0 0 0 0
45 1 0.1 5.56621 4.05366 0.137439 0.0592398 -0.0104657 0.00156878 -0.211404 -2.00159 0.247891 1 0 0 0 0 0 0 0
46 1 0.1 5.51794 4.24811 0.137008 0.0106826 0.00671032 -0.00379938 -0.0946595 0.0958405 0.0787945 1 0 0 0 0 0 0 0
47 1 0.1 5.6531 4.39461 0.137417 0.0185433 -0.00378726 -0.00410289 0.0580896 0.218492 -0.0325273 1 0 0 0 0 0 0 0
48 1 0.1 5.77593 4.74917 0.135801 0.0150479 0.0240366 0.0400716 -0.0447101 0.16531 0.0746678 1 0 0 0 0 0 0 0
49 1 0.1 6.0577 5.03633 0.148979 -0.000401192 0.00261336 0.00589325 -0.180348 -0.0125098 0.22818 1 0 0 0 0 0 0 0
50 1 0.1 6.19461 0.82885 0.149979 -0.00598597 0.00651543 -2.12346e-06 -0.0510873 -0.0470199 -0.0892283 1 0 0 0 0 0 0 0
51 1 0.1 5.94747 1.34922 0.140368 -0.0164079 0.0133589 -0.00620559 -0.128891 0.0626551 -0.135451 1 0 0 0 0 0 0 0
52 1 0.1 5.90772 1.9419 0.137414 -0.0563711 0.0036966 0.000510502 0.00961872 -0.075002 -0.00682208 1 0 0 0 0 0 0 0
53 1 0.1 5.75864 1.78964 0.142701 -0.0970749 0.0950876 0.0675781 0.627853 0.480283 0.440814 1 0 0 0 0 0 0 0
54 1 0.1 5.73726 2.04683 0.137448 -0.0425143 0.0444824 0.000745454 -0.0286107 -0.257207 -0.326568 1 0 0 0 0 0 0 0
55 1 0.1 5.30173 2.18641 0.138111 -0.520992 0.0472543 0.0146193 -0.118474 0.405424 0.24004 1 0 0 0 0 0 0 0
56 1 0.1 5.10418 2.3117 0.136491 0.00765156 0.0506737 -0.00160652 -0.508574 0.107115 0.0507493 1 0 0 0 0 0 0 0
57 1 0.1 5.36193 2.29303 0.449697 0.00188143 0.102434 0.0285192 -0.229814 0.119491 -0.289496 1 0 0 0 0 0 0 0
58 1 0.1 5.2319 2.33219 0.306625 -0.0358998 0.116423 0.0713498 0.0820538 0.514687 0.00465 1 0 0 0 0 0 0 0
59 1 0.1 4.62853 2.39561 0.148691 0.0517453 -0.0685789 0.0492101 -0.0246706 -0.0777674 -0.0701763 1 0 0 0 0 0 0 0
60 1 0.1 5.47182 2.70477 0.27054 -0.0168908 0.0988795 -0.0318339 0.518784 1.8876 -0.250196 1 0 0 0 0 0 0 0
61 1 0.1 4.62233 2.82375 0.136702 -0.00710426 -0.0560254 0.000259535 0.545153 -0.0831058 0.358968 1 0 0 0 0 0 0 0
62 1 0.1 4.73076 2.99225 0.153835 0.0162174 -0.033885 -0.0284595 0.100244 -0.337711 0.0572618 1 0 0 0 0 0 0 0
63 1 0.1 4.72796 3.19366 0.136409 0.0207785 0.0243953 -0.00940496 -0.231718 0.195709 0.0667518 1 0 0 0 0 0 0 0
64 1 0.1 4.99355 3.09415 0.136773 -0.0498604 0.00167685 -0.00477078 -0.0888643 -0.163978 0.102586 1 0 0 0 0 0 0 0
65 1 0.1 4.98476 3.55203 0.280058 -0.0282115 0.0360423 -0.0290414 0.0550765 0.374592 0.246912 1 0 0 0 0 0 0 0
66 1 0.1 5.36322 3.58524 0.137186 -0.0139438 -0.0304064 -0.00468153 0.249536 -0.255562 -0.0486955 1 0 0 0 0 0 0 0
67 1 0.1 5.46691 3.78201 0.137371 -0.0221716 0.0668151 -0.00102408 -0.153744 -0.580615 -0.172244 1 0 0 0 0 0 0 0
68 1 0.1 5.01968 3.72904 0.171905 -0.0354195 -0.0352484 -0.00441935 0.164367 -0.0785116 -0.385007 1 0 0 0 0 0 0 0
69 1 0.1 5.62899 3.86093 0.411211 -0.00998329 -0.0468471 -0.0205592 0.0475331 -0.0891909 0.239652 1 0 0 0 0 0 0 0
70 1 0.1 5.47745 4.04618 0.31583 -0.0524266 0.00784069 -0.0466225 0.331578 0.674444 -0.387605 1 0 0 0 0 0 0 0
71 1 0.1 5.75832 4.13435 0.137322 -0.116257 -0.141652 0.00295914 -0.274723 0.0332727 1.02006 1 0 0 0 0 0 0 0
72 1 0.1 5.83666 4.31705 0.137638 -0.0504037 -0.163533 -0.118915 -0.543998 1.19034 -1.66065 1 0 0 0 0 0 0 0
73 1 0.1 6.0276 4.73135 0.135536 -0.0143584 -0.0499395 -0.0186196 0.684525 -0.745167 1.52609 1 0 0 0 0 0 0 0
74 1 0.1 6.28189 5.26312 0.150001 0.00316986 0.00473318 -0.000211193 0.000590357 0.00224793 0.0590216 1 0 0 0 0 0 0 0
75 1 0.1 6.14477 1.11727 0.302894 -0.023944 0.0177172 0.00862001 -0.128698 0.0349606 0.0469506 1 0 0 0 0 0 0 0
76 1 0.1 6.10035 1.22045 0.137482 -0.0325779 -0.0022576 -0.000647669 -0.0924644 0.0522824 -0.0684907 1 0 0 0 0 0 0 0
77 1 0.1 5.95803 1.74834 0.137425 -0.00709641 0.016178 0.00182315 -0.164496 -0.065341 0.0503035 1 0 0 0 0 0 0 0
78 1 0.1 5.862 2.20295 0.144484 -0.0480552 0.0479344 0.0338485 -0.0470927 -0.367211 0.376859 1 0 0 0 0 0 0 0
79 1 0.1 5.83234 2.28125 0.422799 0.00407235 0.00589706 -0.00681489 -0.0182507 0.0986981 -0.160957 1 0 0 0 0 0 0 0
80 1 0.1 5.49517 2.10912 0.137401 -0.0347378 0.0430063 0.00244608 -0.430846 -0.323485 -0.292022 1 0 0 0 0 0 0 0
81 1 0.1 5.48396 2.32813 0.138329 -0.061502 0.00378624 0.0340189 0.0225146 0.33543 -0.394697 1 0 0 0 0 0 0 0
82 1 0.1 5.84022 2.8355 0.136947 -0.002919 0.000616507 0.00392909 -0.0153834 -0.0521952 -0.0556629 1 0 0 0 0 0 0 0
83 1 0.1 5.29799 2.40123 0.13524 -0.034577 0.0676294 0.0206125 -0.672207 -0.319321 -0.248935 1 0 0 0 0 0 0 0
84 1 0.1 4.89364 2.40312 0.137497 -0.0211579 0.0357808 -0.000332715 0.0391531 0.293042 -0.807537 1 0 0 0 0 0 0 0
85 1 0.1 5.09562 2.71596 0.161158 -0.0151712 0.0437582 0.0397444 -0.178524 -0.18546 -0.127089 1 0 0 0 0 0 0 0
86 1 0.1 5.71694 2.92389 0.273077 0.0177774 0.0263169 0.0756008 -1.25856 1.6908 -0.676299 1 0 0 0 0 0 0 0
87 1 0.1 5.11074 2.91266 0.137248 -0.011375 0.0241682 -0.00403359 -0.26286 -0.0951827 0.169974 1 0 0 0 0 0 0 0
88 1 0.1 5.03276 3.2902 0.324283 -0.0410739 0.172879 -0.0830116 0.641606 -0.810605 0.871317 1 0 0 0 0 0 0 0
89 1 0.1 4.68932 3.39173 0.137727 -0.109364 -0.0772888 0.00422844 0.0464681 -0.0741844 -0.970847 1 0 0 0 0 0 0 0
90 1 0.1 5.20603 3.42912 0.137201 -0.0325762 -0.0119613 -0.00367503 0.164327 -0.307972 0.0326037 1 0 0 0 0 0 0 0
91 1 0.1 5.55992 3.55829 0.140735 -0.0202658 -0.0466953 0.0263214 0.0521201 -0.145913 -0.0258805 1 0 0 0 0 0 0 0
92 1 0.1 5.71519 3.68365 0.139474 -0.0324024 -0.0527056 -0.0159964 -0.105819 -0.109172 0.0577025 1 0 0 0 0 0 0 0
93 1 0.1 5.86352 3.90699 0.432742 0.0270795 -0.0643198 0.00249455 -0.681492 0.0266206 -0.174927 1 0 0 0 0 0 0 0
94 1 0.1 5.80802 3.9567 0.212023 0.0263774 -0.0639542 0.0290975 -0.0818265 -0.271548 0.601967 1 0 0 0 0 0 0 0
95 1 0.1 5.98657 4.00932 0.1393 0.0141412 -0.0560639 -0.000149095 -0.350359 0.412262 -0.227783 1 0 0 0 0 0 0 0
96 1 0.1 6.00412 4.20819 0.137413 0.0315135 -0.06025 0.000249788 0.410005 0.123386 0.0439897 1 0 0 0 0 0 0 0
97 1 0.1 5.99655 4.36067 0.266265 -0.0138673 -0.0851702 0.0147544 -0.180707 -0.635916 0.146235 1 0 0 0 0 0 0 0
98 1 0.1 6.14105 4.87058 0.22349 -0.0870089 -0.0271611 0.0450683 0.249899 -0.80047 0.0195902 1 0 0 0 0 0 0 0
99 1 0.1 6.25513 5.06537 0.1375 0.00313495 0.004739 0.000410796 0.0063394 0.0846499 -0.0451821 1 0 0 0 0 0 0 0
100 1 0.1 6.38153 0.640181 0.350023 -0.0209797 0.0163206 0.000267143 0.0232287 0.0268215 -0.0361402 1 0 0 0 0 0 0 0
101 1 0.1 6.12878 1.43333 0.138118 -0.00654588 -0.00344605 -0.00363329 0.0209397 -0.147118 -0.0521149 1 0 0 0 0 0 0 0
102 1 0.1 5.96516 1.54848 0.137437 -0.00784315 0.0105017 -0.00164717 -0.0699019 -0.0858531 -0.144862 1 0 0 0 0 0 0 0
103 1 0.1 5.99896 2.33937 0.287437 0.00906702 -0.012033 -0.00018039 0.0279987 0.023443 -0.105316 1 0 0 0 0 0 0 0
104 1 0.1 5.84161 2.79122 0.563819 -0.135106 0.0440945 -0.0278375 -0.457151 -0.114338 1.69515 1 0 0 0 0 0 0 0
105 1 0.1 5.89315 2.41793 0.13703 0.0105752 0.00283115 0.00239984 -0.0248961 0.0645045 -0.0504357 1 0 0 0 0 0 0 0
106 1 0.1 5.6996 2.54857 0.13701 0.00341794 0.00802921 0.00255541 -0.0256497 -0.0113949 -0.00484949 1 0 0 0 0 0 0 0
107 1 0.1 5.99135 3.12326 0.418054 -0.0330459 0.0585714 -0.0413215 -0.125094 0.194938 0.674402 1 0 0 0 0 0 0 0
108 1 0.1 5.64256 2.73714 0.171883 0.00391692 0.046648 -0.0483419 0.310858 -1.6448 -0.856805 1 0 0 0 0 0 0 0
109 1 0.1 5.45374 2.54129 0.138271 -0.169142 -0.148185 0.0176941 -0.390009 -0.286443 0.736454 1 0 0 0 0 0 0 0
110 1 0.1 5.2644 2.60614 0.137515 0.00263433 0.0726343 0.0282646 -0.428593 -0.789005 0.555415 1 0 0 0 0 0 0 0
111 1 0.1 5.35079 2.78564 0.136575 -0.054332 0.0910954 0.000148417 -0.792896 -1.06478 -0.0599995 1 0 0 0 0 0 0 0
112 1 0.1 5.47793 3.13933 0.137012 -0.0353056 -0.0452472 -0.00123837 0.460513 -0.341551 -0.325535 1 0 0 0 0 0 0 0
113 1 0.1 5.18536 3.08844 0.191953 -0.0545125 0.0319239 -0.00967993 0.225692 -0.0880523 0.259527 1 0 0 0 0 0 0 0
114 1 0.1 5.64012 3.2546 0.153968 -0.0335023 -0.0527096 0.0313553 0.228792 -0.31984 -0.0627552 1 0 0 0 0 0 0 0
115 1 0.1 5.71693 3.43741 0.136852 -0.0229742 -0.0481245 0.00547712 0.18283 0.222123 -0.084155 1 0 0 0 0 0 0 0
116 1 0.1 5.70084 3.06566 0.136287 -0.0342277 -0.0379048 0.00379416 0.227447 -0.264149 0.0326341 1 0 0 0 0 0 0 0
117 1 0.1 5.89459 3.34633 0.137472 -0.0211681 -0.04374 -0.000954726 0.311411 -0.0318844 0.0610914 1 0 0 0 0 0 0 0
118 1 0.1 5.88489 3.78846 0.136719 -0.0173134 -0.0584273 -0.00159397 0.427889 -0.0389997 0.0358316 1 0 0 0 0 0 0 0
119 1 0.1 6.09437 3.84118 0.137486 0.00596416 -0.056532 -0.000633477 0.0890008 0.00697123 0.13329 1 0 0 0 0 0 0 0
120 1 0.1 5.87355 3.5616 0.139527 -0.0253135 -0.0376544 0.00592737 -0.145992 -0.0432688 0.235183 1 0 0 0 0 0 0 0
121 1 0.1 6.14174 3.21945 0.137478 -0.111714 0.0388901 0.00206722 0.0771527 -0.260991 0.489236 1 0 0 0 0 0 0 0
122 1 0.1 6.0085 4.31213 0.600391 -0.0359991 0.000829013 0.00487577 -0.318399 -0.0260244 0.51825 1 0 0 0 0 0 0 0
123 1 0.1 5.92695 4.49366 0.13512 -0.0520368 -0.143647 -0.00846888 2.06426 -0.65791 1.62638 1 0 0 0 0 0 0 0
124 1 0.1 6.1526 4.51794 0.13748 -0.0507658 -0.000225666 0.00839968 0.000617666 -0.238121 0.0435843 1 0 0 0 0 0 0 0
125 1 0.1 5.95894 1.06437 0.35411 -0.0258129 0.0231337 0.00999914 0.0405886 -0.0467911 -0.0795261 1 0 0 0 0 0 0 0
126 1 0.1 5.82209 1.20697 0.324578 -0.0296641 0.0259218 0.00935604 0.0180192 -0.014807 0.0944491 1 0 0 0 0 0 0 0
127 1 0.1 5.53955 1.48707 0.335256 -0.0382284 0.0315335 0.00724981 0.124415 0.0118377 0.725794 1 0 0 0 0 0 0 0
128 1 0.1 5.38183 1.63966 0.338085 -0.0452001 0.0229959 0.010709 0.415678 -0.0880158 0.555905 1 0 0 0 0 0 0 0
129 1 0.1 5.23566 1.78856 0.313083 -0.0430876 0.0164099 0.042625 0.201828 -0.718835 0.365744 1 0 0 0 0 0 0 0
130 1 0.1 5.08335 1.94227 0.324909 -0.0263183 0.0392658 -0.00393165 -0.156019 -0.0564692 0.455477 1 0 0 0 0 0 0 0
131 1 0.1 4.93925 2.08018 0.339373 -0.0129374 0.0582339 -0.037082 -0.403021 0.320043 0.455317 1 0 0 0 0 0 0 0
132 1 0.1 4.91522 2.32691 0.415457 -0.038875 0.377991 -0.19737 -3.94235 0.169446 -0.993078 1 0 0 0 0 0 0 0
133 1 0.1 4.72524 2.2987 0.369132 -0.088765 0.157507 -0.0579593 -0.493781 0.63026 2.02703 1 0 0 0 0 0 0 0
134 1 0.1 4.56672 2.65444 0.406659 0.0185573 0.177712 0.0565198 3.29411 0.313966 -0.809683 1 0 0 0 0 0 0 0
135 1 0.1 4.56125 2.46434 0.344823 -0.215367 0.201472 0.0312835 -0.451135 -0.913725 2.80196 1 0 0 0 0 0 0 0
136 1 0.1 4.40726 2.83565 0.441206 0.017603 0.0773079 0.0162414 0.398771 1.26981 1.3032 1 0 0 0 0 0 0 0
137 1 0.1 4.55027 3.12352 0.315538 0.0450821 -0.0156378 -0.0729001 -0.621301 -0.261627 0.154821 1 0 0 0 0 0 0 0
138 1 0.1 4.36428 3.08297 0.224157 0.0476703 -0.108828 0.0572877 1.74824 0.0176498 -0.370763 1 0 0 0 0 0 0 0
139 1 0.1 4.29952 3.27612 0.520356 0.213052 0.272987 -0.0957284 -0.933384 0.850099 3.29232 1 0 0 0 0 0 0 0
140 1 0.1 4.64506 3.36209 0.330803 -0.0426082 0.0397446 -0.0512471 0.139673 0.264873 -0.254261 1 0 0 0 0 0 0 0
141 1 0.1 4.57022 3.54161 0.371452 -0.00442456 0.0194337 -0.0148822 0.122352 0.0883689 0.0158086 1 0 0 0 0 0 0 0
142 1 0.1 4.70941 3.67744 0.487377 -0.0447172 -0.0470342 0.00527231 0.023867 0.0271106 0.0275134 1 0 0 0 0 0 0 0
143 1 0.1 5.12298 4.09804 0.446398 -0.0220252 -0.0255277 -0.0152285 0.0614469 0.0511157 -0.0430792 1 0 0 0 0 0 0 0
144 1 0.1 5.38275 3.94372 0.485115 -0.0200841 -0.017334 -0.0343775 0.373276 -0.149101 -0.0310445 1 0 0 0 0 0 0 0
145 1 0.1 5.24216 4.22096 0.337652 0.0171575 0.0161655 -0.0102339 0.0855971 0.0450153 0.207044 1 0 0 0 0 0 0 0
146 1 0.1 5.43873 4.24174 0.319324 0.0115412 0.0187149 -0.0126911 -0.200187 -0.0324699 -0.150153 1 0 0 0 0 0 0 0
147 1 0.1 5.44893 4.42412 0.398459 0.0262543 0.0120242 -0.00236451 0.30194 -0.417469 0.302684 1 0 0 0 0 0 0 0
148 1 0.1 5.71329 4.68421 0.31212 0.0264279 -0.0117861 0.077011 0.237117 0.0101787 0.288138 1 0 0 0 0 0 0 0
149 1 0.1 5.84848 4.82601 0.351127 0.0084961 0.00122662 0.0522609 -0.583178 -0.0571112 0.0179416 1 0 0 0 0 0 0 0
150 1 0.1 6.10167 0.924843 0.36514 -0.0246451 0.0175515 -0.00434089 0.0573867 0.158982 0.0415201 1 0 0 0 0 0 0 0
151 1 0.1 5.86062 1.69787 0.304443 -0.0174153 0.00637146 -0.00552652 0.0801793 -0.168634 0.341241 1 0 0 0 0 0 0 0
152 1 0.1 5.49116 1.75933 0.222694 -0.125729 0.13366 0.0434599 1.17058 1.23194 -0.300309 1 0 0 0 0 0 0 0
153 1 0.1 6.05349 2.29631 0.486525 -0.0641823 -0.0706652 -0.100541 -0.042473 -0.566111 0.11203 1 0 0 0 0 0 0 0
154 1 0.1 5.70796 1.9759 0.435733 -0.0493979 0.0126004 0.00598992 0.00332944 -0.464583 0.0978849 1 0 0 0 0 0 0 0
155 1 0.1 5.40716 2.15005 0.312045 -0.0370374 0.0717101 0.0015092 0.00598426 0.410181 0.518786 1 0 0 0 0 0 0 0
156 1 0.1 5.05937 2.3543 0.628309 -0.753811 0.255231 -0.187587 -0.814406 -6.8124 0.0681793 1 0 0 0 0 0 0 0
157 1 0.1 4.74682 2.27882 0.566699 0.0273109 0.112137 -0.0475581 0.775032 0.556484 1.25444 1 0 0 0 0 0 0 0
158 1 0.1 4.78423 2.48452 0.32589 -0.222136 0.226499 0.036703 0.226658 -3.82633 0.256408 1 0 0 0 0 0 0 0
159 1 0.1 4.98057 2.75942 0.534377 -0.448892 0.517044 0.673442 -2.18872 -4.36889 3.01938 1 0 0 0 0 0 0 0
160 1 0.1 4.8777 2.66098 0.335565 -0.375127 0.30314 0.13921 -1.81645 -1.37294 1.19704 1 0 0 0 0 0 0 0
161 1 0.1 4.77769 2.99537 0.364587 -0.0373151 0.134844 0.0591579 -0.22902 -1.69241 -0.714087 1 0 0 0 0 0 0 0
162 1 0.1 4.72655 2.96853 0.555742 -0.508226 0.0885037 -0.058815 0.735088 -3.16408 -0.454635 1 0 0 0 0 0 0 0
163 1 0.1 4.93262 2.96015 0.609595 -0.265367 0.087373 -0.143135 -0.00596065 1.02935 -0.627729 1 0 0 0 0 0 0 0
164 1 0.1 4.35973 3.33404 0.757124 -0.399351 -0.29509 -0.0875166 0.468031 0.424308 -0.426139 1 0 0 0 0 0 0 0
165 1 0.1 4.8178 3.46344 0.54882 -0.028473 -0.0329478 -0.0601975 -0.950285 0.0348866 -0.150442 1 0 0 0 0 0 0 0
166 1 0.1 4.9937 3.45427 0.454273 -0.00412421 0.00708567 -0.0395665 0.406635 -0.655897 -0.542384 1 0 0 0 0 0 0 0
167 1 0.1 5.29035 3.77402 0.226926 -0.0345224 0.00753529 -0.0203273 0.553003 0.359162 0.6141 1 0 0 0 0 0 0 0
168 1 0.1 5.27891 4.02758 0.33886 -0.045175 0.0151214 0.0102028 -0.500324 1.05037 -0.834736 1 0 0 0 0 0 0 0
169 1 0.1 5.44664 3.82312 0.341323 -0.0110132 -0.0271624 -0.0259152 -0.263466 -0.147783 -0.49578 1 0 0 0 0 0 0 0
170 1 0.1 5.44184 4.13261 0.491692 0.0182893 -0.0335985 -0.00490984 -0.126911 -0.00518407 -0.373905 1 0 0 0 0 0 0 0
171 1 0.1 5.622 4.33946 0.448706 0.00704402 -0.0245335 0.0172292 0.0484981 -0.0395595 -0.550303 1 0 0 0 0 0 0 0
172 1 0.1 5.7098 4.24085 0.299075 -0.0880899 -0.10098 -0.00401816 -0.36534 0.705003 -0.478173 1 0 0 0 0 0 0 0
173 1 0.1 5.79868 4.42018 0.30661 -0.0283435 -0.0786986 -0.105663 -0.54219 1.72112 -1.22265 1 0 0 0 0 0 0 0
174 1 0.1 5.99028 4.96676 0.346186 0.0035387 0.0012812 0.00424812 -0.0826671 0.0297926 0.00199313 1 0 0 0 0 0 0 0
175 1 0.1 6.24034 0.781762 0.348813 -0.0203026 0.0188985 -0.00762927 -0.105671 -0.0613117 0.0166029 1 0 0 0 0 0 0 0
176 1 0.1 5.72734 1.54927 0.309432 -0.0453533 0.0351453 -0.0133317 0.152963 0.314855 -0.736544 1 0 0 0 0 0 0 0
177 1 0.1 5.85342 1.89654 0.324359 -0.0372929 0.00556886 0.00863638 0.0300958 0.332467 -0.153411 1 0 0 0 0 0 0 0
178 1 0.1 5.78578 2.11743 0.318062 -0.0123611 -0.00335072 0.0128599 -0.188894 0.0256722 -0.200757 1 0 0 0 0 0 0 0
179 1 0.1 5.46649 1.96124 0.281157 -0.0609415 0.0462662 0.0410243 0.210597 -1.41949 0.751068 1 0 0 0 0 0 0 0
180 1 0.1 5.57139 2.12087 0.445789 -0.0613364 0.0288249 -0.016811 0.267064 -0.225211 -0.23143 1 0 0 0 0 0 0 0
181 1 0.1 5.21164 2.10915 0.312275 -0.0514246 0.0176562 0.0849667 -0.222176 -1.13443 -1.09897 1 0 0 0 0 0 0 0
182 1 0.1 5.15542 2.271 0.47883 -0.213598 0.243909 0.0919237 -0.785608 -1.29773 -1.21305 1 0 0 0 0 0 0 0
183 1 0.1 5.15296 2.55096 0.314231 0.157901 0.44658 -0.0369617 -0.891969 0.823133 0.312479 1 0 0 0 0 0 0 0
184 1 0.1 5.42253 2.8266 0.463137 0.0679715 -0.301109 0.00674539 0.800201 -0.240395 1.18983 1 0 0 0 0 0 0 0
185 1 0.1 5.22765 2.81583 0.510767 -0.0938331 -0.147309 -0.0512404 1.78067 -2.27179 -0.35034 1 0 0 0 0 0 0 0
186 1 0.1 4.9709 2.84982 0.321964 -0.160886 0.245921 -0.112319 1.04503 -1.21453 3.22837 1 0 0 0 0 0 0 0
187 1 0.1 4.48371 2.77686 0.272103 -0.0562199 0.0121115 -0.0112284 -2.68984 -0.300035 0.904795 1 0 0 0 0 0 0 0
188 1 0.1 4.91174 2.91093 0.137391 0.00257057 -0.0121099 -0.0051346 0.0877855 0.031953 0.0915982 1 0 0 0 0 0 0 0
189 1 0.1 5.22143 3.43036 0.336464 -0.0876531 -0.0584308 -0.00477894 0.486238 -0.357221 0.954483 1 0 0 0 0 0 0 0
190 1 0.1 5.17757 3.61416 0.202105 -0.0132035 -0.00877843 -0.0208969 -0.109646 0.100069 -0.239757 1 0 0 0 0 0 0 0
191 1 0.1 5.42666 3.44528 0.342136 -0.0179866 -0.0240907 -0.0156794 0.12107 -0.0739942 0.453174 1 0 0 0 0 0 0 0
192 1 0.1 5.22198 3.93844 0.136427 0.0489997 0.0513487 -0.00208815 -0.477438 0.649158 -0.646244 1 0 0 0 0 0 0 0
193 1 0.1 5.77671 3.78215 0.303643 0.00309543 -0.0601797 0.0103253 0.233653 -0.0747592 -0.741327 1 0 0 0 0 0 0 0
194 1 0.1 5.73093 3.76463 0.596336 -0.0873896 -0.00124105 0.00115002 -0.177725 -0.349329 0.153908 1 0 0 0 0 0 0 0
195 1 0.1 5.67591 4.0414 0.338934 -0.0519465 -0.0426848 -0.0364056 -0.0660608 -0.787631 -0.0891312 1 0 0 0 0 0 0 0
196 1 0.1 5.86183 4.11338 0.323971 -0.0430302 -0.0440812 0.0426661 0.124644 -0.0352102 0.0645315 1 0 0 0 0 0 0 0
197 1 0.1 6.00247 4.04234 0.480696 0.0192954 -0.0509934 0.00250328 0.457595 -0.279663 0.166925 1 0 0 0 0 0 0 0
198 1 0.1 5.89846 4.64556 0.252331 -0.00117132 -0.0967596 -0.0681304 -2.30518 -0.980204 -3.48653 1 0 0 0 0 0 0 0
199 1 0.1 6.13096 5.10877 0.350031 0.0011448 0.00162524 -0.0010377 0.00348329 0.00189526 -0.00305729 1 0 0 0 0 0 0 0
200 1 0.1 6.012 1.26795 0.311276 -0.0258958 0.0195684 0.000145056 -0.039139 0.100367 -0.171864 1 0 0 0 0 0 0 0
201 1 0.1 5.67887 1.34448 0.347678 -0.0354984 0.0257705 0.00278841 0.0433186 -0.137892 -0.80308 1 0 0 0 0 0 0 0
202 1 0.1 6.02417 1.98763 0.634329 -0.0123529 0.00507271 -0.00985841 -0.0138688 -0.0158607 0.105106 1 0 0 0 0 0 0 0
203 1 0.1 5.99074 2.36872 0.66199 -0.0586614 -0.164675 -0.0486277 1.55252 0.371837 -2.73969 1 0 0 0 0 0 0 0
204 1 0.1 6.01846 2.58902 0.323177 0.0232572 0.00811755 -0.000944146 0.034906 0.152935 0.144946 1 0 0 0 0 0 0 0
205 1 0.1 5.65313 2.26581 0.335084 0.0209671 0.0157207 0.0124107 0.0340487 0.104911 -0.171011 1 0 0 0 0 0 0 0
206 1 0.1 5.5251 2.41744 0.313982 -0.0307001 -0.0341461 0.0361815 -0.0353383 0.276887 0.88478 1 0 0 0 0 0 0 0
207 1 0.1 5.69949 2.42948 0.440157 0.0258468 0.0175331 0.0104089 0.0311242 0.129526 -0.0660067 1 0 0 0 0 0 0 0
208 1 0.1 5.08528 2.51927 0.134592 0.0144824 0.0718569 0.0226524 -1.0793 0.253326 0.320807 1 0 0 0 0 0 0 0
209 1 0.1 5.65163 2.58563 0.326558 0.020127 0.0199144 0.00858553 -0.0831134 0.153102 -0.044534 1 0 0 0 0 0 0 0
210 1 0.1 5.71801 2.92224 0.471147 -0.0777989 0.0253544 0.0804703 1.01868 -2.62507 -0.0522883 1 0 0 0 0 0 0 0
211 1 0.1 5.34865 2.98526 0.141648 -0.0314933 0.0864861 -0.0383782 0.457168 0.0707371 0.132538 1 0 0 0 0 0 0 0
212 1 0.1 5.0141 3.10708 0.500481 0.00766994 0.0569585 -0.0245643 2.1516 -0.862324 0.132156 1 0 0 0 0 0 0 0
213 1 0.1 5.12997 3.01193 0.368214 -0.312328 -0.0977085 -0.185975 -1.08821 2.31699 -3.94281 1 0 0 0 0 0 0 0
214 1 0.1 5.42786 3.3962 0.138986 0.00804884 -0.0199137 -0.00464021 -0.0320943 -0.164008 0.189552 1 0 0 0 0 0 0 0
215 1 0.1 5.87995 3.28901 0.425072 -0.116502 -0.00162689 -0.00391142 0.266807 0.258016 0.36935 1 0 0 0 0 0 0 0
216 1 0.1 5.9066 3.44938 0.308848 -0.0500249 -0.0278994 -0.0261529 0.177203 0.477962 0.165508 1 0 0 0 0 0 0 0
217 1 0.1 5.74054 3.55937 0.293378 -0.0656365 -0.0451842 0.0116116 -0.127826 -0.285177 -0.0833468 1 0 0 0 0 0 0 0
218 1 0.1 5.96901 3.72776 0.307514 0.00738021 -0.0588658 -0.0170965 -0.224401 0.21749 0.340854 1 0 0 0 0 0 0 0
219 1 0.1 6.05511 3.64529 0.138042 -0.0174551 -0.045858 -0.00103689 -0.0889449 0.00742954 -0.354685 1 0 0 0 0 0 0 0
220 1 0.1 5.97489 3.51249 0.762923 0.00498792 0.00544834 0.0021353 -0.0169729 -0.0469551 -0.0381828 1 0 0 0 0 0 0 0
221 1 0.1 6.02867 3.44245 0.573499 -0.0738234 -0.0470815 0.014132 -0.166452 -0.0404761 -0.0832662 1 0 0 0 0 0 0 0
222 1 0.1 6.06012 3.44997 0.180019 -0.0351094 -0.0339551 0.0133474 -0.0718617 0.00416677 0.156884 1 0 0 0 0 0 0 0
223 1 0.1 6.05938 4.72804 0.337473 0.000591761 -0.121874 -0.0057397 -0.949896 -0.65178 2.2145 1 0 0 0 0 0 0 0
224 1 0.1 6.12811 4.86501 0.465823 -0.0936294 -0.0200019 -0.0545087 0.242933 0.63903 -0.784029 1 0 0 0 0 0 0 0
225 1 0.1 5.99728 1.55509 0.334596 -0.0235086 0.000622268 -0.00080405 0.0697681 -0.0788341 -0.352112 1 0 0 0 0 0 0 0
226 1 0.1 5.67851 2.28205 0.137459 -0.0659023 -0.00271431 -0.000870747 -0.0376476 0.0191272 0.162232 1 0 0 0 0 0 0 0
227 1 0.1 6.03198 1.97934 0.289513 -0.0332234 -0.0138504 -0.015262 0.108503 -0.00163194 -0.0764339 1 0 0 0 0 0 0 0
228 1 0.1 6.07033 2.51045 0.137491 0.0101086 0.00448672 -0.000107513 0.0252319 -0.0329833 0.0570552 1 0 0 0 0 0 0 0
229 1 0.1 5.52819 2.8975 0.137479 -0.0517105 0.0248942 0.00168672 -0.244762 -0.515722 -0.64868 1 0 0 0 0 0 0 0
230 1 0.1 6.12452 3.07671 0.276421 -0.00472562 0.0116121 -0.00640313 -0.775457 -0.183639 0.0771855 1 0 0 0 0 0 0 0
231 1 0.1 5.96117 2.47355 0.494049 0.0422463 -0.0220343 -0.00153737 0.0867859 -0.00966599 -0.146789 1 0 0 0 0 0 0 0
232 1 0.1 5.85542 2.47338 0.324431 0.0239177 0.0055164 0.00541406 0.0341135 -0.0107516 -0.123701 1 0 0 0 0 0 0 0
233 1 0.1 5.98374 2.6382 0.605502 -0.0329718 0.00787799 -0.00307727 0.0124294 -0.0264266 -0.50444 1 0 0 0 0 0 0 0
234 1 0.1 5.85827 2.796 0.331058 0.0381983 0.00948595 0.00907833 -0.0372545 0.44051 0.0112778 1 0 0 0 0 0 0 0
235 1 0.1 6.01729 2.7493 0.442734 0.0365762 0.00300444 0.00856863 0.0467514 -0.44556 -0.0638021 1 0 0 0 0 0 0 0
236 1 0.1 5.60752 3.13215 0.61049 -0.064493 -0.106482 0.00823923 0.308079 -0.0111149 -0.321314 1 0 0 0 0 0 0 0
237 1 0.1 5.59632 3.12217 0.296845 -0.068471 -0.0970296 0.0138013 0.00959538 -0.0303404 0.0792002 1 0 0 0 0 0 0 0
238 1 0.1 5.43562 3.2516 0.296126 -0.0201967 -0.0363272 -0.000254435 -0.321819 -0.0882624 -0.518252 1 0 0 0 0 0 0 0
239 1 0.1 5.80665 3.10008 0.302445 -0.00521258 0.0617747 -0.0377808 0.975901 -0.132878 1.1048 1 0 0 0 0 0 0 0
240 1 0.1 5.93927 2.93331 0.450879 0.0642267 0.0301991 -0.0138623 -0.00382369 0.278372 0.296143 1 0 0 0 0 0 0 0
241 1 0.1 5.53793 3.30127 0.46025 -0.0420757 -0.0449621 0.0129806 0.179369 -0.241545 0.271006 1 0 0 0 0 0 0 0
242 1 0.1 6.02114 3.28348 0.283635 -0.0964086 -0.00959413 0.0208084 -0.180507 -0.576892 -0.550337 1 0 0 0 0 0 0 0
243 1 0.1 5.99423 3.23854 0.581209 -0.0663547 0.0430041 -0.0233972 0.383647 0.134607 0.362562 1 0 0 0 0 0 0 0
244 1 0.1 5.83561 3.65232 0.442544 -0.0375173 -0.0697035 0.0100253 -0.398102 0.307088 -0.0837373 1 0 0 0 0 0 0 0
245 1 0.1 5.95165 3.15518 0.146899 0.00959507 -0.032997 -0.00940951 -0.187948 -0.0973484 0.257556 1 0 0 0 0 0 0 0
246 1 0.1 6.0198 3.57077 0.420405 -0.0343373 -0.0644128 -0.00432775 -0.029991 -0.0431314 -0.803791 1 0 0 0 0 0 0 0
247 1 0.1 5.69069 4.15906 0.500565 -0.0145265 -0.0427536 -0.0193412 0.286844 0.229403 0.262172 1 0 0 0 0 0 0 0
248 1 0.1 6.14488 4.36067 0.429317 -0.0354798 -0.0309594 -0.0161991 -0.207804 0.0376683 -0.0885042 1 0 0 0 0 0 0 0
249 1 0.1 6.09238 4.52496 0.328019 -0.108061 -0.0257025 0.00862057 0.00353297 -0.253253 0.813571 1 0 0 0 0 0 0 0
250 1 0.1 5.93654 1.08486 0.569386 -0.00631686 0.0106642 0.000236277 0.00831696 0.00527156 0.1334 1 0 0 0 0 0 0 0
251 1 0.1 5.79961 1.22303 0.52257 -0.014671 0.00559025 0.010782 0.150678 0.0607902 0.160485 1 0 0 0 0 0 0 0
252 1 0.1 5.59834 1.42845 0.517162 -0.00668956 0.00931906 -0.0105238 -0.127941 -0.00291237 0.112124 1 0 0 0 0 0 0 0
253 1 0.1 5.43899 1.57801 0.546841 -0.0151685 0.0222953 0.00976498 -0.0515697 -0.148778 0.25016 1 0 0 0 0 0 0 0
254 1 0.1 5.26595 1.75782 0.550069 -0.00339042 0.0060084 0.00199144 0.0331875 0.00327603 0.0546701 1 0 0 0 0 0 0 0
255 1 0.1 5.28502 1.95444 0.411799 -0.0942849 -0.00316041 0.090549 0.389461 0.680136 0.182298 1 0 0 0 0 0 0 0
256 1 0.1 4.94701 2.07102 0.539394 -0.506696 0.349875 0.0528819 -0.401097 -0.348096 1.73104 1 0 0 0 0 0 0 0
257 1 0.1 4.59712 2.42003 0.54643 0.116318 -0.0631948 -0.0407835 -0.0248325 -0.0265438 -0.0394992 1 0 0 0 0 0 0 0
258 1 0.1 4.81225 2.82123 0.451491 -0.25412 0.146529 0.0778883 0.508524 -2.03168 0.290466 1 0 0 0 0 0 0 0
259 1 0.1 4.78116 2.81687 0.255515 -0.014693 0.0456925 0.0399415 -1.46995 -0.372219 0.208874 1 0 0 0 0 0 0 0
260 1 0.1 4.52948 2.76198 0.576803 0.0944091 0.06814 -0.0321338 0.186427 -0.617826 -0.663758 1 0 0 0 0 0 0 0
261 1 0.1 4.42873 2.9781 0.570101 -0.333127 0.167745 0.0472166 0.270687 -6.48622 -0.534946 1 0 0 0 0 0 0 0
262 1 0.1 4.58301 3.04789 0.669106 -0.310681 0.101933 0.182107 0.368929 5.55551 -0.321418 1 0 0 0 0 0 0 0
263 1 0.1 4.25253 2.93399 0.301875 0.00928991 -0.00330663 0.0322761 -0.284801 -0.0455464 0.185287 1 0 0 0 0 0 0 0
264 1 0.1 4.32691 3.13457 0.670352 -0.0960089 -0.100036 -0.210805 0.0845974 -1.02807 0.254574 1 0 0 0 0 0 0 0
265 1 0.1 4.43854 3.41782 0.549279 -0.0314118 -0.0570486 -0.0250232 0.439428 -0.126294 0.193638 1 0 0 0 0 0 0 0
266 1 0.1 4.40986 3.38479 0.242054 -0.0952981 -0.110403 -0.101711 1.48958 -0.640027 -0.959415 1 0 0 0 0 0 0 0
267 1 0.1 4.58187 3.55393 0.576617 -0.0399601 -0.0498141 0.0106925 0.0268554 0.0596602 -0.0124023 1 0 0 0 0 0 0 0
268 1 0.1 5.05964 3.72347 0.398963 0.0228596 -0.039472 0.00360858 -0.691667 0.550516 -0.370994 1 0 0 0 0 0 0 0
269 1 0.1 4.99065 3.95791 0.499596 -0.0233731 -0.0237944 -0.0133728 -0.0040228 0.0363861 -0.0083961 1 0 0 0 0 0 0 0
270 1 0.1 5.28047 4.10168 0.604285 0.00333302 -0.00655431 -0.00289643 0.00599049 -0.0536058 0.10879 1 0 0 0 0 0 0 0
271 1 0.1 5.30314 4.28063 0.51844 -0.000919093 -0.00101304 0.00061359 0.0142515 -0.0256729 0.00168468 1 0 0 0 0 0 0 0
272 1 0.1 5.51273 4.49072 0.575431 -0.0187109 -0.0308827 0.0280311 0.0642485 0.0899693 0.122942 1 0 0 0 0 0 0 0
273 1 0.1 5.63904 4.60974 0.480062 -0.0163675 -0.026736 0.0610608 -0.0733673 -0.650828 -0.254727 1 0 0 0 0 0 0 0
274 1 0.1 5.77985 4.74512 0.521092 -0.0135935 -0.0258368 0.058074 -0.482088 0.269235 0.0850108 1 0 0 0 0 0 0 0
275 1 0.1 6.07709 0.942834 0.562767 -0.00598877 0.00909107 -0.000563552 0.0219657 0.0380644 0.00109333 1 0 0 0 0 0 0 0
276 1 0.1 5.63587 1.61087 0.588402 -0.0309221 0.0203236 -0.0168284 0.0719882 0.015972 0.182432 1 0 0 0 0 0 0 0
277 1 0.1 5.56648 1.67147 0.407422 -0.0499386 0.037759 -0.00696475 -0.166896 0.317605 -0.307691 1 0 0 0 0 0 0 0
278 1 0.1 5.65484 1.82555 0.3158 -0.0406553 0.0283124 -0.0225418 0.260181 0.200735 -0.165728 1 0 0 0 0 0 0 0
279 1 0.1 5.50439 1.76151 0.591885 -0.0217965 0.0291248 0.00198878 -0.0299338 0.167527 -0.169781 1 0 0 0 0 0 0 0
280 1 0.1 5.38065 1.91836 0.582234 0.0114628 0.00511558 0.00671404 -0.142007 0.464995 0.293617 1 0 0 0 0 0 0 0
281 1 0.1 5.13271 2.11431 0.60026 -0.497311 0.166137 0.0194436 1.75906 -0.0260329 -1.15285 1 0 0 0 0 0 0 0
282 1 0.1 4.93722 2.08641 0.738615 -0.013754 0.0229808 0.0443152 -0.289484 -0.594231 -0.0489448 1 0 0 0 0 0 0 0
283 1 0.1 5.06771 2.44705 0.454809 0.0219936 0.365672 -0.121374 1.41953 -2.80569 -0.216307 1 0 0 0 0 0 0 0
284 1 0.1 5.30741 2.68489 0.382301 -0.112674 -0.0710485 -0.163366 0.858896 0.201596 -3.87404 1 0 0 0 0 0 0 0
285 1 0.1 4.45679 2.56146 0.545388 0.0996178 -0.0598572 -0.0511511 -0.2105 0.091366 0.132154 1 0 0 0 0 0 0 0
286 1 0.1 4.53944 2.69276 0.763176 0.00775893 0.0103021 -0.0229366 0.208503 -0.23386 -0.669757 1 0 0 0 0 0 0 0
287 1 0.1 4.71792 3.14947 0.764395 0.0297981 -0.0110516 -0.00640512 0.204831 -1.34274 0.935638 1 0 0 0 0 0 0 0
288 1 0.1 4.48852 3.23854 0.62153 -0.0460484 -0.0664878 -0.0339346 -0.0246802 -0.968656 0.0827028 1 0 0 0 0 0 0 0
289 1 0.1 4.73785 3.18641 0.333858 -0.00223157 0.0894773 -0.0223287 -0.311251 -0.482906 0.861424 1 0 0 0 0 0 0 0
290 1 0.1 4.87418 3.3247 0.17401 -0.0486444 0.095377 -0.000462244 0.531124 -0.0475079 1.02173 1 0 0 0 0 0 0 0
291 1 0.1 4.91906 3.43757 0.728769 0.139295 -0.055242 0.020236 0.106517 0.288295 -2.20064 1 0 0 0 0 0 0 0
292 1 0.1 5.14672 3.57443 0.498688 -0.0225953 -0.0428045 0.0644578 -0.0462987 -0.55536 -0.424142 1 0 0 0 0 0 0 0
293 1 0.1 4.93873 3.8519 0.306258 -0.00221253 -0.0397902 0.0222416 0.31342 -0.814643 -0.484815 1 0 0 0 0 0 0 0
294 1 0.1 5.26704 3.79301 0.422763 -0.00161174 -0.0343298 -0.0191621 -0.0281293 -0.158788 1.50116 1 0 0 0 0 0 0 0
295 1 0.1 5.25707 3.85609 0.610212 -0.0143124 -0.030599 -0.0256076 -0.0969765 0.417299 -0.102837 1 0 0 0 0 0 0 0
296 1 0.1 5.57951 3.99963 0.547113 -0.000500102 -0.0480694 0.00397129 -0.146482 0.387729 -0.245548 1 0 0 0 0 0 0 0
297 1 0.1 5.70334 4.43581 0.603101 0.0105673 -0.0083737 0.00514953 -0.466304 -0.157742 0.147667 1 0 0 0 0 0 0 0
298 1 0.1 5.61442 4.49734 0.313955 0.0272337 0.0432998 0.0247856 -0.441439 0.107085 -0.0580988 1 0 0 0 0 0 0 0
299 1 0.1 6.0507 5.0242 0.558664 -0.000632928 -0.00126608 -0.00420266 0.051346 0.00381982 -0.00678579 1 0 0 0 0 0 0 0
300 1 0.1 6.2162 0.799747 0.549977 -0.00533423 0.00858234 0.000314112 0.00638744 0.000408199 0.105806 1 0 0 0 0 0 0 0
301 1 0.1 5.80839 1.5947 0.486386 -0.0249064 -0.00267536 -0.0122758 -0.131512 -0.322209 -0.169453 1 0 0 0 0 0 0 0
302 1 0.1 5.98677 1.80473 0.441604 -0.0262583 -0.00977472 -0.0144344 -0.0216745 0.00513687 -0.0610847 1 0 0 0 0 0 0 0
303 1 0.1 5.899 2.01354 0.48069 -0.0417599 0.00368395 0.00989281 -0.131086 0.402103 -0.247693 1 0 0 0 0 0 0 0
304 1 0.1 5.77775 1.92332 0.61544 -0.0503565 0.0102378 0.00994866 0.0447492 0.40666 -0.0252568 1 0 0 0 0 0 0 0
305 1 0.1 5.56948 1.98324 0.590761 0.009996 0.0521788 0.0223247 -0.213674 -0.262187 0.335522 1 0 0 0 0 0 0 0
306 1 0.1 5.26063 2.37581 0.611866 -0.330386 -0.0601634 0.422815 3.74862 -1.79782 -0.196343 1 0 0 0 0 0 0 0
307 1 0.1 5.08366 2.50674 0.762162 -0.328519 -0.288281 -0.0194537 -0.479063 0.877327 -3.47336 1 0 0 0 0 0 0 0
308 1 0.1 5.34388 2.49993 0.30174 0.0703427 0.156385 -0.0310089 -1.14845 -0.47302 -3.12323 1 0 0 0 0 0 0 0
309 1 0.1 4.98738 2.5666 0.588609 -0.0356195 0.255595 -0.0776111 0.784187 0.843813 -0.825844 1 0 0 0 0 0 0 0
310 1 0.1 5.48741 2.95614 0.325459 -0.123082 -0.173928 0.0293981 -0.093373 0.894507 1.0956 1 0 0 0 0 0 0 0
311 1 0.1 4.62693 2.86293 0.715272 -0.0534324 0.0918763 0.0398852 0.161578 -0.649457 1.7103 1 0 0 0 0 0 0 0
312 1 0.1 4.6277 3.16617 0.498831 0.000433827 -0.0013797 -0.0255593 0.736246 0.427405 0.221412 1 0 0 0 0 0 0 0
313 1 0.1 4.92622 3.12046 0.321879 -0.00483191 0.0882996 -4.3024e-05 -1.49526 1.0462 0.591576 1 0 0 0 0 0 0 0
314 1 0.1 5.30115 3.24177 0.137479 -0.0263732 0.0104909 0.000515679 -0.203993 -0.0374414 -0.638062 1 0 0 0 0 0 0 0
315 1 0.1 5.14387 3.32727 0.489043 -0.0694652 -0.0903985 -0.0250746 -0.196408 0.33434 -0.610306 1 0 0 0 0 0 0 0
316 1 0.1 5.70832 3.34488 0.318172 -0.079949 -0.0506523 0.0424553 0.128892 -0.398425 -0.0644318 1 0 0 0 0 0 0 0
317 1 0.1 5.31387 3.60169 0.392624 -0.0461125 -0.0484685 0.0206786 0.122608 0.380346 -0.0441308 1 0 0 0 0 0 0 0
318 1 0.1 5.49479 3.63201 0.31355 -0.0512354 -0.0411044 0.00762196 -0.1449 -0.271825 0.0556404 1 0 0 0 0 0 0 0
319 1 0.1 5.50315 3.81849 0.582442 -0.0724359 -0.014357 0.0282769 -0.321222 -0.645446 -0.419908 1 0 0 0 0 0 0 0
320 1 0.1 5.30158 3.98238 0.762758 0.00999976 -0.00823237 -0.00190689 0.0163575 -0.044335 0.144215 1 0 0 0 0 0 0 0
321 1 0.1 5.96131 3.89234 0.606167 0.0189062 -0.0356768 0.00707512 0.0203097 -0.0317152 -0.307627 1 0 0 0 0 0 0 0
322 1 0.1 5.66119 4.10398 0.696197 -0.00238805 -0.0359126 -0.00486866 0.197184 -0.164606 0.584817 1 0 0 0 0 0 0 0
323 1 0.1 5.9384 4.59954 0.431522 -0.148755 0.00546453 -0.0227711 0.265905 0.492615 -0.756892 1 0 0 0 0 0 0 0
324 1 0.1 6.19055 5.16679 0.549974 0.000168396 -6.58008e-05 -0.000164017 0.00268129 -0.000677281 0.00368968 1 0 0 0 0 0 0 0
325 1 0.1 6.0745 1.20643 0.490966 -0.0157934 0.0165667 -0.00512247 -0.00878971 0.0869517 -0.0470541 1 0 0 0 0 0 0 0
326 1 0.1 5.85989 1.41952 0.386881 -0.0180651 -0.00780501 0.00259516 -0.0477311 0.144805 0.435932 1 0 0 0 0 0 0 0
327 1 0.1 5.97714 2.1563 0.364599 -0.017862 -0.0149879 -0.00613334 0.0412299 -0.128047 -0.156665 1 0 0 0 0 0 0 0
328 1 0.1 5.61803 2.26219 0.762831 0.00012869 0.0050722 -0.00192082 0.0474341 -0.0226682 -0.092775 1 0 0 0 0 0 0 0
329 1 0.1 5.91248 2.19244 0.58304 -0.045763 0.0129237 0.0188467 -0.110502 -0.612743 -0.0258198 1 0 0 0 0 0 0 0
330 1 0.1 5.55294 2.311 0.502957 0.0105025 0.0369063 0.0100738 0.206718 0.0653789 -0.370989 1 0 0 0 0 0 0 0
331 1 0.1 5.72416 2.1259 0.574567 -0.0464053 0.00931688 -0.0217816 -0.0136709 0.375484 0.127545 1 0 0 0 0 0 0 0
332 1 0.1 5.86365 2.60871 0.762511 -0.0246178 0.002293 0.000622033 0.167195 0.146111 0.385436 1 0 0 0 0 0 0 0
333 1 0.1 5.8316 2.63329 0.441685 0.0558733 0.0040137 0.0144728 0.0663147 0.116812 -0.182853 1 0 0 0 0 0 0 0
334 1 0.1 5.59587 2.53433 0.57493 0.060546 0.0893607 -0.00426192 0.648864 -0.191174 -0.66847 1 0 0 0 0 0 0 0
335 1 0.1 5.16884 2.60978 0.504429 -0.353944 0.602107 0.014231 -4.19871 -4.04333 2.90888 1 0 0 0 0 0 0 0
336 1 0.1 5.3622 2.88897 0.66073 -0.0776456 -0.125711 -0.0564671 -0.783413 -0.464011 -0.820948 1 0 0 0 0 0 0 0
337 1 0.1 5.13297 2.9737 0.589404 -0.11005 -0.106894 -0.0416191 -0.922527 -0.0597864 -1.62773 1 0 0 0 0 0 0 0
338 1 0.1 5.3286 3.08709 0.329838 -0.0902575 0.0148263 0.0135058 -0.0145065 -0.304509 -0.282814 1 0 0 0 0 0 0 0
339 1 0.1 5.4798 3.11001 0.458415 -0.0917812 -0.0349735 0.0197391 -0.363609 -0.0951639 -0.735374 1 0 0 0 0 0 0 0
340 1 0.1 5.70589 3.19344 0.447673 -0.0688817 -0.079093 0.0119615 -0.0139566 0.120132 0.191638 1 0 0 0 0 0 0 0
341 1 0.1 5.44596 3.52761 0.523226 -0.0962068 -0.0984413 0.0365912 0.488258 -0.0784591 0.271539 1 0 0 0 0 0 0 0
342 1 0.1 5.61619 3.48242 0.429153 -0.0825382 -0.0294661 0.0177386 -0.0503127 0.199883 0.204081 1 0 0 0 0 0 0 0
343 1 0.1 5.59512 3.67362 0.481423 -0.0987317 -0.0341108 0.0367121 0.121022 0.845247 0.252199 1 0 0 0 0 0 0 0
344 1 0.1 5.70056 3.54983 0.597368 -0.0568873 -0.0191338 0.00340416 -0.134109 -0.0130414 -0.192419 1 0 0 0 0 0 0 0
345 1 0.1 5.73111 3.22956 0.762541 -0.0389312 -0.0691468 0.00157234 -0.0308067 0.125423 -0.0203213 1 0 0 0 0 0 0 0
346 1 0.1 5.95342 3.62583 0.600825 -0.00503141 -0.0159955 -0.00918244 -0.225836 0.116537 0.132334 1 0 0 0 0 0 0 0
347 1 0.1 6.05061 3.75859 0.487352 -0.00431523 -0.0246906 -0.018701 -0.0173273 -0.296404 -0.00295555 1 0 0 0 0 0 0 0
348 1 0.1 5.91278 4.8814 0.581325 -0.00424559 -0.00120361 -0.000988224 -0.0836467 0.00564514 -0.0381576 1 0 0 0 0 0 0 0
349 1 0.1 6.03081 4.71917 0.561922 -0.0806083 -0.0202281 -0.0453482 -0.203664 0.26629 0.531773 1 0 0 0 0 0 0 0
350 1 0.1 6.04538 1.40171 0.459334 -0.00946515 0.0164093 -0.0101914 0.217651 -0.0201374 -0.105942 1 0 0 0 0 0 0 0
351 1 0.1 6.07485 1.63512 0.500489 -0.0196832 -0.00269506 -0.00183164 -0.122092 0.00616921 0.133865 1 0 0 0 0 0 0 0
352 1 0.1 6.08452 1.79788 0.616171 -0.0126966 0.00492499 -0.0120669 -0.00535162 0.162115 -0.100585 1 0 0 0 0 0 0 0
353 1 0.1 5.87398 2.0181 0.762641 -0.00841101 -0.00101626 -0.00367745 0.0603584 0.0773172 -0.0653054 1 0 0 0 0 0 0 0
354 1 0.1 5.96145 2.67742 0.153106 -0.0241744 -0.016788 0.00249095 -0.000994713 0.0477459 -0.0919955 1 0 0 0 0 0 0 0
355 1 0.1 5.98409 2.96305 0.190801 0.00892169 -0.0233533 0.0187222 -0.0525764 -0.198026 -0.199594 1 0 0 0 0 0 0 0
356 1 0.1 5.66806 2.70009 0.762518 -0.183393 0.0268359 0.0170518 -0.113619 0.774376 3.91855 1 0 0 0 0 0 0 0
357 1 0.1 5.61281 2.73362 0.571979 -0.570106 0.159404 -0.00809192 0.0218825 -0.606328 2.22997 1 0 0 0 0 0 0 0
358 1 0.1 5.19199 2.89524 0.763247 -0.0492765 -0.0585898 -0.0146811 0.221811 1.08352 0.273703 1 0 0 0 0 0 0 0
359 1 0.1 5.6247 2.77701 0.374165 0.057962 0.0557466 -0.102594 -0.925107 -1.11386 -0.579747 1 0 0 0 0 0 0 0
360 1 0.1 5.92601 2.95434 0.648973 0.0176933 -0.00827606 0.000591861 0.401608 -0.723256 -0.249582 1 0 0 0 0 0 0 0
361 1 0.1 5.6993 2.88885 0.664548 -0.125868 -0.0415379 0.0673064 -0.22574 1.68116 0.15242 1 0 0 0 0 0 0 0
362 1 0.1 5.53178 2.95052 0.575504 -0.0878123 -0.0848127 -0.0715374 -0.417335 0.283149 1.98054 1 0 0 0 0 0 0 0
363 1 0.1 5.31355 3.01525 0.514946 -0.083565 -0.111416 -0.0357202 1.26627 -0.0157472 1.38634 1 0 0 0 0 0 0 0
364 1 0.1 5.4585 3.03765 0.76177 0.108952 -0.141855 -0.0200814 -0.277617 0.329918 0.202762 1 0 0 0 0 0 0 0
365 1 0.1 5.37901 3.16875 0.625516 -0.0284152 -0.0906803 -0.0592671 -0.292382 0.265145 0.0829782 1 0 0 0 0 0 0 0
366 1 0.1 5.82649 3.11581 0.585844 -0.0449981 -0.043085 0.00435602 0.0827632 -0.12898 0.399429 1 0 0 0 0 0 0 0
367 1 0.1 5.53128 3.2363 0.762793 -0.0357338 -0.0721493 0.00161562 -0.71687 0.337899 0.248909 1 0 0 0 0 0 0 0
368 1 0.1 5.64579 3.34429 0.622843 -0.0677887 -0.0576247 0.0332116 0.367345 0.0602603 0.28077 1 0 0 0 0 0 0 0
369 1 0.1 5.8334 3.40104 0.584021 -0.0767682 -0.0333245 0.0262692 -0.205326 0.0805873 -0.0475387 1 0 0 0 0 0 0 0
370 1 0.1 6.02042 3.31803 0.762624 -0.0292844 0.00461506 -0.00514386 0.0504642 0.290457 -0.308601 1 0 0 0 0 0 0 0
371 1 0.1 6.08324 3.05942 0.584184 -0.0286714 0.0544096 -0.0173104 -0.307475 1.03631 0.941235 1 0 0 0 0 0 0 0
372 1 0.1 5.9925 4.2317 0.418338 -0.0208558 -0.0531002 0.0312531 -0.202168 0.200511 0.290487 1 0 0 0 0 0 0 0
373 1 0.1 5.81808 4.31721 0.480162 0.0105973 -0.037192 -0.0184694 0.0222264 0.396383 0.42644 1 0 0 0 0 0 0 0
374 1 0.1 6.09547 4.52546 0.531251 -0.0527614 -0.000608546 -0.073316 -0.450134 -0.15433 0.231407 1 0 0 0 0 0 0 0
375 1 0.1 5.80113 1.21629 0.750759 -0.0114591 0.00679463 -0.00297562 0.00721467 0.0618463 0.126862 1 0 0 0 0 0 0 0
376 1 0.1 5.78937 1.41593 0.573956 -0.0103043 0.00569928 0.00658846 -0.175666 -0.151622 -0.24557 1 0 0 0 0 0 0 0
377 1 0.1 5.5143 1.50139 0.749691 -0.0205286 0.0122063 -0.00179474 -0.024676 -0.00911917 0.246501 1 0 0 0 0 0 0 0
378 1 0.1 5.37064 1.64429 0.750057 0.00569562 -0.00324926 0.000513955 0.0128503 0.00354682 -0.0396368 1 0 0 0 0 0 0 0
379 1 0.1 5.22917 1.78548 0.751639 0.00987036 -0.000694231 0.0101194 0.087067 -0.114517 -0.17961 1 0 0 0 0 0 0 0
380 1 0.1 5.07987 1.94761 0.723267 -0.0170257 -0.00492038 0.0676543 0.00950173 0.448545 -0.210428 1 0 0 0 0 0 0 0
381 1 0.1 5.10613 1.92056 0.526984 -0.474305 0.353725 -0.0609696 0.298968 0.433563 4.34447 1 0 0 0 0 0 0 0
382 1 0.1 4.6614 2.36249 0.726747 0.00110838 0.0127289 0.0100871 -0.137615 -0.122744 0.00170611 1 0 0 0 0 0 0 0
383 1 0.1 4.65827 2.57806 0.651484 0.00672032 -0.0481292 -0.0124864 -0.217376 -0.0810755 0.0843393 1 0 0 0 0 0 0 0
384 1 0.1 4.81053 2.64664 0.54509 -0.101551 0.127555 0.0127664 0.107214 -0.184547 2.48607 1 0 0 0 0 0 0 0
385 1 0.1 4.31453 2.70059 0.54735 0.0949182 -0.0470325 -0.00211785 -0.612925 1.41017 -0.240308 1 0 0 0 0 0 0 0
386 1 0.1 4.19271 2.83137 0.749948 9.95232e-07 3.47597e-05 0.000101534 -0.000815303 -0.00128421 -0.000985532 1 0 0 0 0 0 0 0
387 1 0.1 4.19271 3.10112 0.419994 0.107733 0.266026 -0.152741 -0.585254 1.76935 2.73847 1 0 0 0 0 0 0 0
388 1 0.1 4.17836 3.06774 0.783229 -0.0371192 0.0232989 0.0356583 0.44151 -1.8024 -5.10108 1 0 0 0 0 0 0 0
389 1 0.1 4.63104 3.36193 0.557289 -0.024862 -0.045843 0.0223885 -0.113469 0.0594406 0.222471 1 0 0 0 0 0 0 0
390 1 0.1 4.49945 3.47691 0.7494 -0.313717 -0.338752 -0.00237151 0.00204681 0.0253641 -4.72844 1 0 0 0 0 0 0 0
391 1 0.1 4.69989 3.67716 0.751507 -0.0455693 -0.0548205 0.0121237 -0.404277 -0.210792 -1.33002 1 0 0 0 0 0 0 0
392 1 0.1 4.84806 3.81923 0.476116 -0.0501129 -0.0417669 -0.00674011 0.0667357 0.382363 -0.196076 1 0 0 0 0 0 0 0
393 1 0.1 4.95917 3.93414 0.713357 -0.0122674 -0.0311502 -0.0112237 0.0656372 -0.0202698 0.414778 1 0 0 0 0 0 0 0
394 1 0.1 5.09184 4.07286 0.662036 -0.00312643 -0.0110862 0.00929275 -0.241391 0.101261 0.00411357 1 0 0 0 0 0 0 0
395 1 0.1 5.18339 4.19236 0.803321 -0.0152494 0.0657235 0.0971294 8.40912 6.77297 -5.44806 1 0 0 0 0 0 0 0
396 1 0.1 5.49175 4.29452 0.594674 0.0185014 -0.0417116 0.00560204 0.158999 -0.186472 0.247158 1 0 0 0 0 0 0 0
397 1 0.1 5.3288 4.29826 0.715909 -0.0114838 -0.00791241 0.00489605 0.0122213 -0.0751936 -0.10784 1 0 0 0 0 0 0 0
398 1 0.1 5.63237 4.60004 0.692574 -0.0205971 -0.0247094 0.027716 -0.247885 -0.165513 -0.313242 1 0 0 0 0 0 0 0
399 1 0.1 5.82861 4.80543 0.752492 -0.00645953 -0.00253805 -0.00640395 0.0287596 0.0668198 -0.0863167 1 0 0 0 0 0 0 0
400 1 0.1 6.04313 0.982546 0.755812 -0.0124012 0.0109575 -0.00169353 -0.000215017 0.000747018 -0.0112635 1 0 0 0 0 0 0 0
401 1 0.1 5.65577 1.3601 0.750002 -0.0203901 0.0123174 -0.000391435 0.004281 0.00974369 -0.248545 1 0 0 0 0 0 0 0
402 1 0.1 5.57888 1.68968 0.762706 -0.01187 0.00925495 -0.00432084 0.0401047 0.12913 -0.342101 1 0 0 0 0 0 0 0
403 1 0.1 5.71038 1.77419 0.500804 -0.0403748 0.0278946 -0.0213164 -0.21114 -0.239412 0.0796229 1 0 0 0 0 0 0 0
404 1 0.1 5.41775 1.84738 0.763284 0.0206878 0.00848581 0.00106527 0.130261 -0.179287 -0.104746 1 0 0 0 0 0 0 0
405 1 0.1 5.26344 2.01628 0.762512 -0.0923083 0.248419 -0.000749143 0.693858 0.473633 0.769182 1 0 0 0 0 0 0 0
406 1 0.1 5.1075 2.22719 0.765945 -0.666681 0.318753 -0.0461274 2.11009 6.9418 2.59489 1 0 0 0 0 0 0 0
407 1 0.1 5.3817 2.10159 0.504135 -0.0762876 0.0329699 0.0114521 -1.06116 0.664948 0.485135 1 0 0 0 0 0 0 0
408 1 0.1 4.82404 2.47869 0.701025 0.194676 0.148068 0.0124819 -0.602567 0.456852 2.36075 1 0 0 0 0 0 0 0
409 1 0.1 4.93577 2.64132 0.763629 0.0301398 0.107517 -0.0028535 0.985659 -0.385658 0.279896 1 0 0 0 0 0 0 0
410 1 0.1 4.3348 2.69128 0.762498 -3.64688e-06 -4.29941e-06 -6.50069e-05 0.00145231 0.00271215 -0.00106943 1 0 0 0 0 0 0 0
411 1 0.1 4.4298 2.94317 0.764025 -0.497116 0.069885 0.00423642 0.670116 4.87793 0.231121 1 0 0 0 0 0 0 0
412 1 0.1 4.61232 3.31402 0.759486 -0.338873 -0.290028 -0.0940589 1.20368 -0.241833 5.08394 1 0 0 0 0 0 0 0
413 1 0.1 4.79026 3.30162 0.660879 -0.0062089 0.0318642 0.0461136 -0.322527 0.0259374 0.43406 1 0 0 0 0 0 0 0
414 1 0.1 4.84737 3.34806 0.371233 -0.0540392 0.109464 -0.0559208 0.186763 0.82337 -0.372057 1 0 0 0 0 0 0 0
415 1 0.1 4.76234 3.52358 0.319047 -0.058663 0.0449841 -0.204143 -0.410046 1.92841 0.318917 1 0 0 0 0 0 0 0
416 1 0.1 4.93126 3.63343 0.762777 0.156626 -0.0277692 0.00508715 -0.341024 -1.32946 1.80629 1 0 0 0 0 0 0 0
417 1 0.1 4.84077 3.78539 0.671205 0.0279579 -0.104111 -0.0144921 0.44846 0.474883 0.378098 1 0 0 0 0 0 0 0
418 1 0.1 4.90721 3.63041 0.488475 -0.0235473 -0.0227804 -0.0371123 0.577497 -1.33413 0.515962 1 0 0 0 0 0 0 0
419 1 0.1 5.13759 3.86882 0.764602 0.00767673 -0.0144078 -0.0027075 0.0512573 -0.0616955 -0.153482 1 0 0 0 0 0 0 0
420 1 0.1 5.48412 4.18136 0.762514 -0.0197446 -0.0221815 0.000593324 0.00074358 0.0903097 -0.0628546 1 0 0 0 0 0 0 0
421 1 0.1 5.53679 4.43594 0.76371 -0.00348213 -0.0193158 0.0104244 -0.110957 -0.0417986 0.00473554 1 0 0 0 0 0 0 0
422 1 0.1 5.79647 4.50802 0.763931 -0.00252634 0.0125666 0.00190468 0.198716 -0.0197192 -0.185556 1 0 0 0 0 0 0 0
423 1 0.1 5.91634 4.5558 0.614633 -0.0268757 -0.00453769 -0.018981 -0.135448 0.892777 0.170772 1 0 0 0 0 0 0 0
424 1 0.1 6.11181 5.08603 0.747257 0.00286099 -0.0142835 0.00785862 -0.0120075 0.0906168 0.140386 1 0 0 0 0 0 0 0
425 1 0.1 6.18348 0.840241 0.749984 -0.0117661 0.0111259 -0.000717968 -0.00756553 -0.00521418 0.0185825 1 0 0 0 0 0 0 0
426 1 0.1 5.86031 1.40682 0.76074 -0.0102136 0.00660826 0.0103794 0.123093 -0.0932157 -0.141836 1 0 0 0 0 0 0 0
427 1 0.1 5.72431 1.55298 0.762495 -0.0180309 0.000728077 -0.00135906 -0.0730719 -0.138229 0.237155 1 0 0 0 0 0 0 0
428 1 0.1 5.95341 1.83458 0.762533 -0.00116809 0.00105101 -0.000417486 0.0153824 0.0077396 0.157398 1 0 0 0 0 0 0 0
429 1 0.1 5.7678 1.76053 0.76262 -0.000929769 0.000243962 0.000993204 0.018408 0.031947 -0.153629 1 0 0 0 0 0 0 0
430 1 0.1 5.61267 1.88604 0.762612 0.00918914 0.00393972 -2.11933e-05 -0.0608697 -0.0468119 0.0682245 1 0 0 0 0 0 0 0
431 1 0.1 5.4852 2.11321 0.76338 -0.0366262 0.0315344 -0.00974587 0.347904 0.372693 -0.325186 1 0 0 0 0 0 0 0
432 1 0.1 4.81933 2.24574 0.762597 -0.0110131 0.0232587 0.00325342 0.157463 0.0864752 -0.00597084 1 0 0 0 0 0 0 0
433 1 0.1 5.47518 2.58087 0.425631 0.113787 0.100207 -0.0344638 -0.559272 -0.450468 0.566745 1 0 0 0 0 0 0 0
434 1 0.1 5.12462 2.71908 0.663446 -0.271156 0.295842 0.353314 7.81832 6.89295 -1.09426 1 0 0 0 0 0 0 0
435 1 0.1 4.75298 2.71829 0.763176 0.0288769 0.126766 0.00465263 1.20875 -0.328679 -0.439764 1 0 0 0 0 0 0 0
436 1 0.1 4.5194 2.4967 0.767352 -0.00670818 0.00236479 0.0128279 -0.481666 0.619004 1.04572 1 0 0 0 0 0 0 0
437 1 0.1 4.82695 3.17496 0.511744 -0.0108044 0.0629924 0.00287561 0.863323 0.142755 -0.251316 1 0 0 0 0 0 0 0
438 1 0.1 4.91452 3.1808 0.762618 0.042391 -0.018914 -0.00796506 -0.357182 0.631658 -1.02749 1 0 0 0 0 0 0 0
439 1 0.1 4.71384 3.48192 0.762631 -0.55003 -0.124863 -0.00272144 0.492122 1.47188 -3.6619 1 0 0 0 0 0 0 0
440 1 0.1 5.06929 3.30626 0.762586 0.150138 -0.101649 -0.00554075 -0.459144 -1.37005 -0.208722 1 0 0 0 0 0 0 0
441 1 0.1 5.0217 3.78067 0.586647 0.0325796 -0.00979124 -0.00557768 0.269645 -0.528276 0.367354 1 0 0 0 0 0 0 0
442 1 0.1 5.34935 3.67927 0.609923 -0.0903943 -0.0744987 0.0157307 -0.292863 -0.620438 -0.78366 1 0 0 0 0 0 0 0
443 1 0.1 5.4231 3.78533 0.762569 -0.176749 0.0194768 -0.00499066 0.00314564 4.54362e-05 0.000153904 1 0 0 0 0 0 0 0
444 1 0.1 5.50128 3.98227 0.754737 0.00645863 -0.0185722 -0.0146466 0.0501306 0.174107 -0.254189 1 0 0 0 0 0 0 0
445 1 0.1 5.76813 3.96105 0.59993 0.0134246 -0.0211633 -0.0162082 -0.00886138 -0.13017 0.48838 1 0 0 0 0 0 0 0
446 1 0.1 5.67537 4.292 0.762514 -0.0228965 -0.0365694 -0.000449364 -0.15101 0.192413 -0.35292 1 0 0 0 0 0 0 0
447 1 0.1 5.8946 4.33435 0.762856 -0.0250609 0.00488036 0.0054347 -0.0662637 0.209744 -0.0265158 1 0 0 0 0 0 0 0
448 1 0.1 5.98372 4.68276 0.752428 -0.0150419 -0.00530211 -0.0284161 -0.118136 0.286481 -0.0620436 1 0 0 0 0 0 0 0
449 1 0.1 6.25203 5.22848 0.749971 -0.00495964 -0.0045485 3.25219e-05 -0.00565009 0.00301304 -0.0166556 1 0 0 0 0 0 0 0
450 1 0.1 5.9967 1.1769 0.762477 -0.00954617 0.0121747 -0.00291795 -0.00136118 -0.0649677 -0.0652282 1 0 0 0 0 0 0 0
451 1 0.1 5.95505 1.30855 0.614645 -0.0146326 -0.00407625 0.0151519 -0.0460034 -0.074761 -0.201201 1 0 0 0 0 0 0 0
452 1 0.1 5.91339 1.62361 0.762578 -0.00720626 -0.00336982 0.00197234 -0.0456258 0.0234933 0.0665857 1 0 0 0 0 0 0 0
453 1 0.1 5.8823 1.74164 0.599963 -0.0180001 -0.00646992 -0.00949883 0.0600924 0.139825 -0.0602954 1 0 0 0 0 0 0 0
454 1 0.1 5.68171 2.0728 0.762481 -0.00411778 0.00557877 -0.00603872 0.00232056 0.0192678 0.041337 1 0 0 0 0 0 0 0
455 1 0.1 5.45665 2.39414 0.763055 0.0175613 0.0418043 0.00427977 -0.219098 0.0170076 0.0352896 1 0 0 0 0 0 0 0
456 1 0.1 5.41697 2.24757 0.634456 -0.00970589 0.0655408 -0.00573895 0.42837 0.0730381 -0.574329 1 0 0 0 0 0 0 0
457 1 0.1 5.72638 2.32398 0.60724 0.0174854 0.00308289 0.00598747 0.0881043 -0.0854057 -0.154497 1 0 0 0 0 0 0 0
458 1 0.1 5.29943 2.52748 0.735515 -0.319047 -0.117098 0.472184 -2.68835 3.19658 1.14738 1 0 0 0 0 0 0 0
459 1 0.1 5.47641 2.64878 0.740263 -0.126457 -0.307152 0.0878318 -1.0569 -0.164365 -1.29657 1 0 0 0 0 0 0 0
460 1 0.1 5.34743 2.66682 0.578931 -0.22917 -0.239488 -0.0962 0.46868 -1.07856 -3.45464 1 0 0 0 0 0 0 0
461 1 0.1 4.98523 2.835 0.758716 -0.547251 0.256921 -0.0338199 -0.691231 -0.438525 2.82536 1 0 0 0 0 0 0 0
462 1 0.1 4.80502 2.94047 0.762476 -0.0851824 0.161839 0.0151687 0.255034 1.10871 -0.542778 1 0 0 0 0 0 0 0
463 1 0.1 5.16389 3.17308 0.614852 -0.0352062 -0.0265316 0.0496477 0.281627 0.418503 -0.0350284 1 0 0 0 0 0 0 0
464 1 0.1 4.97509 3.28582 0.587219 -0.0213325 0.0255568 0.039435 -0.578885 0.193115 -0.0786102 1 0 0 0 0 0 0 0
465 1 0.1 5.27371 3.44629 0.58333 -0.0869324 -0.126898 0.0374783 0.615751 0.456435 -0.373132 1 0 0 0 0 0 0 0
466 1 0.1 5.19804 3.67892 0.762525 0.126148 -0.0229629 -2.59888e-05 0.00672093 -0.151439 0.500252 1 0 0 0 0 0 0 0
467 1 0.1 5.53379 3.63536 0.673053 -0.123241 -0.109791 0.0734965 0.763807 -0.149091 0.535876 1 0 0 0 0 0 0 0
468 1 0.1 5.62212 3.82312 0.761567 -0.123536 -0.114766 -0.00464906 -0.191186 -0.154287 -1.35763 1 0 0 0 0 0 0 0
469 1 0.1 5.83968 3.87065 0.762879 0.0110899 -0.00380426 -4.59501e-05 -0.0550096 -0.134986 -0.106304 1 0 0 0 0 0 0 0
470 1 0.1 5.98916 3.73792 0.762517 -0.0123102 -0.0297941 0.000487412 0.0706811 0.0484854 -0.266568 1 0 0 0 0 0 0 0
471 1 0.1 5.84634 4.07056 0.762684 5.37649e-05 0.00221226 0.000605141 0.0479259 0.0563312 -0.0975152 1 0 0 0 0 0 0 0
472 1 0.1 6.01612 4.17578 0.754193 -0.0118968 0.0175836 -0.0393894 -0.123807 0.367487 0.285927 1 0 0 0 0 0 0 0
473 1 0.1 5.97142 4.94454 0.761622 -0.00809905 -0.0056598 0.000695646 0.0827016 -0.127548 -0.282145 1 0 0 0 0 0 0 0
474 1 0.1 6.12013 4.82209 0.708294 -0.0359493 -0.00248205 -0.0836589 0.197073 0.723479 -0.33849 1 0 0 0 0 0 0 0
475 1 0.1 6.05995 1.39676 0.762506 -0.0113836 -0.0192752 0.00021509 -0.0516238 0.187639 -0.117452 1 0 0 0 0 0 0 0
476 1 0.1 5.96343 1.50819 0.607405 -0.00355291 -0.00538567 0.00770719 -0.0342829 0.0279998 0.0788557 1 0 0 0 0 0 0 0
477 1 0.1 6.01508 2.15973 0.75822 -0.00309391 -0.00713754 -0.0125066 -0.0022656 0.103297 -0.0111426 1 0 0 0 0 0 0 0
478 1 0.1 5.82267 2.21379 0.76259 -0.000185796 0.00172084 -0.00201649 0.0293291 -0.00303997 -0.0864374 1 0 0 0 0 0 0 0
479 1 0.1 5.8244 2.41316 0.763438 0.0143558 -0.00131309 0.00586529 -0.196878 -0.15975 -0.0059688 1 0 0 0 0 0 0 0
480 1 0.1 5.96413 3.12623 0.759014 -0.0593049 0.0165037 -0.019762 0.033639 0.0795168 0.602672 1 0 0 0 0 0 0 0
481 1 0.1 5.85247 2.80792 0.762983 -0.0371811 -0.00199687 -0.0127633 -0.321466 0.273261 -0.258709 1 0 0 0 0 0 0 0
482 1 0.1 5.64539 2.50139 0.763486 0.0152978 0.00455059 -0.00520858 0.0638414 -0.132405 -0.0998572 1 0 0 0 0 0 0 0
483 1 0.1 5.7932 2.51282 0.594949 0.0448569 -0.00547277 0.00451447 0.153549 -0.0034576 -0.177325 1 0 0 0 0 0 0 0
484 1 0.1 5.52965 2.85014 0.762652 -0.129813 -0.131689 0.00744951 -0.271472 -0.113923 0.0516277 1 0 0 0 0 0 0 0
485 1 0.1 5.26256 3.08221 0.762705 -0.0160154 -0.0595455 0.00309845 -0.146472 0.129815 -0.212323 1 0 0 0 0 0 0 0
486 1 0.1 5.29347 2.72489 0.763897 -0.0232182 -0.0578083 -0.0113217 -0.50952 -0.579565 -0.399887 1 0 0 0 0 0 0 0
487 1 0.1 5.06456 3.04901 0.761912 -0.0497678 -0.0870847 0.00930726 -0.769033 0.150602 -0.0928615 1 0 0 0 0 0 0 0
488 1 0.1 5.26634 3.31138 0.730441 0.195369 -0.127967 0.10313 -0.978133 0.826259 0.564565 1 0 0 0 0 0 0 0
489 1 0.1 5.33764 3.28375 0.4674 -0.0748251 -0.0785879 -0.0364437 0.648379 -0.288468 0.703619 1 0 0 0 0 0 0 0
490 1 0.1 5.44661 3.35814 0.629247 -0.0755559 -0.136977 -0.0218945 0.200888 -0.241335 0.35813 1 0 0 0 0 0 0 0
491 1 0.1 5.10602 3.50218 0.757414 0.170094 -0.0850567 -0.0201314 0.0168794 -0.193735 0.0875957 1 0 0 0 0 0 0 0
492 1 0.1 5.33821 3.50704 0.762528 -0.0538229 -0.0516702 0.00136979 -0.607156 0.265891 0.34699 1 0 0 0 0 0 0 0
493 1 0.1 5.78548 3.03679 0.764109 -0.0226104 -0.0536348 -0.00175199 -0.524843 0.198432 -0.018476 1 0 0 0 0 0 0 0
494 1 0.1 5.55711 3.45812 0.762543 -0.101239 -0.140185 0.00269444 0.0275581 -0.0154408 -0.176534 1 0 0 0 0 0 0 0
495 1 0.1 5.75185 3.65565 0.762565 -0.101899 -0.011587 -0.00144198 0.294608 0.276117 -0.346319 1 0 0 0 0 0 0 0
496 1 0.1 5.76197 3.45591 0.762621 -0.0388276 -0.00881632 0.000798756 -0.0877943 0.387118 -0.0842173 1 0 0 0 0 0 0 0
497 1 0.1 5.87393 4.15568 0.583884 -0.00320075 -0.0434558 -0.0215064 -0.342479 0.632995 -1.25319 1 0 0 0 0 0 0 0
498 1 0.1 6.0198 4.4901 0.766468 -0.0315766 0.00836119 0.00121935 0.0854958 0.46421 -0.573431 1 0 0 0 0 0 0 0
499 1 0.1 6.16283 4.6122 0.698473 -0.0291429 -0.0260534 -0.0516184 0.103 0.0991709 -0.547711 1 0 0 0 0 0 0 0
