500
0 1 0.1 6.02863 0.993211 0.15007 -0.00113434 0.000929397 0.000951538 0.0278617 0.0205015 0.00987831 1 0 0 0 0 0 0 0
1 1 0.1 5.88731 1.13461 0.1491 -0.00157603 0.000677671 -0.000737735 -0.0426565 -0.0345863 -0.00054553 1 0 0 0 0 0 0 0
2 1 0.1 5.69511 1.33243 0.151495 -0.0462625 -0.0225752 0.0390661 -0.13031 -0.420831 -0.48261 1 0 0 0 0 0 0 0
3 1 0.1 5.35018 1.67447 0.144407 -0.00026663 0.000242905 -0.000984704 -0.0173584 0.0127543 -0.00590695 1 0 0 0 0 0 0 0
4 1 0.1 5.49318 1.79277 0.298678 -0.00384013 -0.00480278 0.00372149 -0.0835853 -0.125207 -0.0871722 1 0 0 0 0 0 0 0
5 1 0.1 5.20664 1.81701 0.146204 0.00126835 -0.00155095 0.000485827 -0.00314156 -0.00703992 -0.0250267 1 0 0 0 0 0 0 0
6 1 0.1 5.05647 1.97171 0.137225 0.00499354 -0.00189168 0.000112336 0.0213647 0.0455363 -0.0117295 1 0 0 0 0 0 0 0
7 1 0.1 4.86681 2.15317 0.143861 0.00178168 -0.000712218 -0.00588907 0.147025 0.201955 0.00876737 1 0 0 0 0 0 0 0
8 1 0.1 4.63592 2.58765 0.134406 0.00133626 0.0624066 -0.0027031 -0.599952 0.0271341 0.0421976 1 0 0 0 0 0 0 0
9 1 0.1 4.80108 2.49043 0.329703 0.0372046 -0.026557 -0.0440512 -0.575842 -0.700731 -0.265591 1 0 0 0 0 0 0 0
10 1 0.1 4.24251 2.77695 0.137554 -0.0905887 0.0535871 0.00696816 -0.0048753 -0.00457343 0.138718 1 0 0 0 0 0 0 0
11 1 0.1 4.20759 2.82067 0.329624 -0.00296126 -0.00284762 0.0343903 0.27678 -0.217823 0.0299285 1 0 0 0 0 0 0 0
12 1 0.1 4.18911 2.99275 0.151403 -0.00345959 0.000935901 -0.00237384 0.00605167 0.0167112 0.0151136 1 0 0 0 0 0 0 0
13 1 0.1 4.21633 3.1905 0.141422 -0.003536 0.0011843 -0.00109374 0.00495222 -0.000276634 -0.0113613 1 0 0 0 0 0 0 0
14 1 0.1 4.35868 3.33362 0.142162 -0.000370461 -0.00227731 0.00235447 0.004004 -0.027426 -0.015415 1 0 0 0 0 0 0 0
15 1 0.1 4.4917 3.46105 0.218415 0.00149695 -0.0027979 0.00271178 -0.0549548 -0.025305 -0.0718966 1 0 0 0 0 0 0 0
16 1 0.1 4.71166 3.41727 0.200627 -0.0110168 -0.0205836 0.00777329 -0.0972448 0.227014 0.220065 1 0 0 0 0 0 0 0
17 1 0.1 4.64248 3.619 0.148597 -0.327219 -0.332786 0.131271 -0.0181768 -1.76353 -4.51603 1 0 0 0 0 0 0 0
18 1 0.1 4.78745 3.76525 0.150024 -0.250206 -0.312093 -0.00294129 -0.000264101 0.0371638 -4.12604 1 0 0 0 0 0 0 0
19 1 0.1 5.16026 4.13698 0.194092 -0.0157824 -0.0181718 -0.000646244 -0.0274691 0.0563792 -0.260725 1 0 0 0 0 0 0 0
20 1 0.1 5.29533 4.27375 0.138985 -0.0132284 -0.0195614 0.00198725 0.0517465 -0.0582131 -0.22586 1 0 0 0 0 0 0 0
21 1 0.1 5.44157 4.42205 0.165338 -0.00574758 -0.000288357 -0.0191293 -0.336998 0.331443 -0.0572693 1 0 0 0 0 0 0 0
22 1 0.1 5.5806 4.56481 0.150582 -0.00508982 -0.00249971 -0.0330684 0.316415 -0.149472 0.0252842 1 0 0 0 0 0 0 0
23 1 0.1 5.72275 4.7052 0.144203 -0.00231905 -0.003104 0.00270714 0.00649401 -0.0337198 -0.0494936 1 0 0 0 0 0 0 0
24 1 0.1 6.00447 4.9888 0.14999 -0.000913357 -0.00143633 0.000137386 -0.000948272 -0.000842907 -0.0164416 1 0 0 0 0 0 0 0
25 1 0.1 6.17382 0.848864 0.15066 -0.00271588 0.0032696 0.0012159 0.019874 0.00566174 0.0366787 1 0 0 0 0 0 0 0
26 1 0.1 5.93809 1.32747 0.162421 -0.0062672 0.00170089 0.000666209 0.0208925 0.075941 0.0940506 1 0 0 0 0 0 0 0
27 1 0.1 5.90264 1.52246 0.137323 -0.0182624 -0.000713924 -0.000546296 0.00166181 -0.202757 -0.0197363 1 0 0 0 0 0 0 0
28 1 0.1 5.55422 1.47353 0.137427 -0.0100864 0.0101488 -0.000281026 0.000447147 -0.00941112 0.0123716 1 0 0 0 0 0 0 0
29 1 0.1 5.656 1.83589 0.190861 -0.0104574 -8.67462e-05 -0.00537609 0.133744 0.101544 -0.168515 1 0 0 0 0 0 0 0
30 1 0.1 5.40264 1.86698 0.137393 0.000115078 0.000596799 0.00236748 0.0897227 0.120144 -0.00231397 1 0 0 0 0 0 0 0
31 1 0.1 5.26156 2.00783 0.137018 0.00108448 -0.00137256 0.00105386 -0.0231597 -0.0741194 0.0282876 1 0 0 0 0 0 0 0
32 1 0.1 5.05933 2.19943 0.142869 -0.00171175 -0.00370811 -0.000819468 -0.00362299 -0.222921 -0.03576 1 0 0 0 0 0 0 0
33 1 0.1 4.63842 2.38787 0.141793 -0.0703353 0.0626002 0.0451197 0.00442672 -0.0062392 0.0068829 1 0 0 0 0 0 0 0
34 1 0.1 4.90861 2.54821 0.136058 0.0256823 0.00212721 0.00615632 0.564386 0.5419 -0.1362 1 0 0 0 0 0 0 0
35 1 0.1 4.38242 2.63479 0.1519 -0.000943817 0.132068 -0.0572664 -0.0765645 0.364395 0.592149 1 0 0 0 0 0 0 0
36 1 0.1 4.84667 2.68145 0.266095 0.0201325 -0.00238142 0.0296536 0.101528 0.214814 -0.00299986 1 0 0 0 0 0 0 0
37 1 0.1 4.37669 2.92517 0.13749 -0.0121619 -0.0110443 -0.000584967 0.087 -0.070776 -0.201749 1 0 0 0 0 0 0 0
38 1 0.1 4.40961 3.14129 0.136023 -0.010885 -0.00739087 -0.000911773 0.100689 -0.103424 -0.105915 1 0 0 0 0 0 0 0
39 1 0.1 4.56674 3.29574 0.136943 -0.0123165 -0.016909 0.00468801 0.209447 -0.145735 -0.151107 1 0 0 0 0 0 0 0
40 1 0.1 4.84005 3.28155 0.283993 -0.111804 0.0142877 -0.0977166 -0.0660961 2.65635 0.661316 1 0 0 0 0 0 0 0
41 1 0.1 4.98689 3.67406 0.136993 0.000207041 0.00267362 0.000193065 -0.0128494 -0.00452589 -0.00285616 1 0 0 0 0 0 0 0
42 1 0.1 5.11452 3.82739 0.137336 0.00246247 0.00244351 -0.000152333 -0.0696321 0.0493141 -0.00770209 1 0 0 0 0 0 0 0
43 1 0.1 5.01558 4.00067 0.150008 0.000227293 0.000589436 0.00138821 -0.00920239 -0.0106342 0.00373488 1 0 0 0 0 0 0 0
44 1 0.1 5.43046 4.05421 0.159511 0.052918 -0.0982682 -0.0439274 -0.668873 1.18188 -0.411693 1 0 0 0 0 0 0 0
45 1 0.1 5.58763 4.1752 0.137368 -0.0179962 -2.14813e-05 -6.43499e-05 0.698896 -0.815189 2.61306 1 0 0 0 0 0 0 0
46 1 0.1 5.63354 4.3688 0.155693 -0.00554247 -0.00129772 -0.0223145 0.00567633 -0.2078 0.0601055 1 0 0 0 0 0 0 0
47 1 0.1 5.77351 4.51 0.137285 -0.00817733 0.00122894 -0.00115921 0.0029587 -0.0775155 0.00709549 1 0 0 0 0 0 0 0
48 1 0.1 5.86316 4.84734 0.150393 -0.000965322 -0.00297804 0.00284068 -0.0357488 0.00170659 0.0269281 1 0 0 0 0 0 0 0
49 1 0.1 6.14588 5.13019 0.150004 -0.000701579 -0.00107809 -1.54786e-05 -0.000136984 0.000142915 -0.0134884 1 0 0 0 0 0 0 0
50 1 0.1 6.32313 0.700451 0.150009 -0.017781 0.0163502 -0.00139608 -0.0190535 0.0080942 0.262753 1 0 0 0 0 0 0 0
51 1 0.1 6.07938 1.18831 0.137456 -0.00450737 0.00288695 -0.000103699 -0.0317304 -0.0474825 -0.0407936 1 0 0 0 0 0 0 0
52 1 0.1 5.98738 1.71482 0.139552 -0.0232434 0.0585871 0.0158895 -0.0412616 -0.0412094 0.556931 1 0 0 0 0 0 0 0
53 1 0.1 5.78841 1.69578 0.137215 -0.0172856 0.00123574 -0.00376757 0.00290204 -0.157764 0.0206206 1 0 0 0 0 0 0 0
54 1 0.1 5.7792 1.98375 0.137455 0.00094588 -0.00572406 8.06001e-05 0.0338121 -0.000541589 -0.00269659 1 0 0 0 0 0 0 0
55 1 0.1 5.54532 2.00146 0.175657 -0.00193487 0.00446316 0.00123599 -0.074776 -0.07445 0.0635166 1 0 0 0 0 0 0 0
56 1 0.1 5.46005 2.17791 0.137601 -0.00176795 0.00144255 -0.000803188 0.0505259 0.0762397 -0.0544904 1 0 0 0 0 0 0 0
57 1 0.1 5.25709 2.20636 0.137013 -0.00560081 -0.00141785 -0.00127707 -0.0215702 0.204763 0.0509448 1 0 0 0 0 0 0 0
58 1 0.1 5.11934 2.32169 0.303747 0.0449626 -0.0105568 -0.0098885 -0.159215 0.308455 -0.305714 1 0 0 0 0 0 0 0
59 1 0.1 4.83474 2.35057 0.147498 -0.079236 -0.00615174 -0.0578607 -0.00156126 1.05261 -0.703948 1 0 0 0 0 0 0 0
60 1 0.1 5.03518 2.73859 0.236389 0.0165876 -0.0020809 0.00357196 0.000449315 0.109388 -0.0169889 1 0 0 0 0 0 0 0
61 1 0.1 4.76131 2.79633 0.13442 0.0538175 -0.0368082 -0.00674582 0.603264 0.617778 0.0632016 1 0 0 0 0 0 0 0
62 1 0.1 4.9291 3.08334 0.136037 -0.0590195 0.00118361 0.00129528 -0.00402193 -0.524852 -0.0325769 1 0 0 0 0 0 0 0
63 1 0.1 4.71106 2.99114 0.143333 -0.672372 -0.110839 0.0434789 -0.0594032 -0.0340822 -0.804687 1 0 0 0 0 0 0 0
64 1 0.1 4.73607 3.18952 0.139081 -0.115467 -0.181188 0.0238355 -0.0109715 -0.114233 -1.66663 1 0 0 0 0 0 0 0
65 1 0.1 4.86845 3.59331 0.274399 -0.0018736 0.00228327 -0.00155173 -0.0398773 -0.0531975 0.0608795 1 0 0 0 0 0 0 0
66 1 0.1 5.23475 3.66366 0.137112 -0.0057638 -0.0077004 -0.000304245 0.080276 -0.0595651 0.0273926 1 0 0 0 0 0 0 0
67 1 0.1 5.37091 3.81007 0.138528 -0.00933501 -0.00450372 0.0123242 -0.0191793 -0.0742443 -0.0407316 1 0 0 0 0 0 0 0
68 1 0.1 5.25315 3.97155 0.136141 0.00612992 0.00460523 -0.00312503 0.0344514 0.0420882 0.420648 1 0 0 0 0 0 0 0
69 1 0.1 5.62112 4.0141 0.365216 0.107021 -0.0694812 0.00292655 -1.0337 0.244668 0.366732 1 0 0 0 0 0 0 0
70 1 0.1 5.74809 4.19462 0.289118 0.0406144 0.0183537 0.019755 -0.33283 0.207285 0.461259 1 0 0 0 0 0 0 0
71 1 0.1 5.81997 4.29952 0.136763 -0.000919733 0.00520976 -0.00190957 -0.0472442 -0.0060862 0.0353397 1 0 0 0 0 0 0 0
72 1 0.1 5.98481 4.41265 0.137386 0.002302 0.000911798 0.000401616 0.0214761 0.00788611 -0.122097 1 0 0 0 0 0 0 0
73 1 0.1 6.15216 4.85231 0.137406 -0.00226302 0.00579008 5.18146e-05 -0.0664549 -0.0539975 -0.161753 1 0 0 0 0 0 0 0
74 1 0.1 6.39214 5.36874 0.150016 0.000402536 0.000383378 -4.63586e-05 -0.000926917 -0.000775768 0.00595865 1 0 0 0 0 0 0 0
75 1 0.1 6.36826 0.895247 0.152259 -0.00517696 0.0132924 0.00916618 0.0966347 -0.0579779 0.0616029 1 0 0 0 0 0 0 0
76 1 0.1 6.23114 1.03996 0.137285 -0.0110359 0.0067026 0.000110037 -0.0660055 -0.108134 0.0615111 1 0 0 0 0 0 0 0
77 1 0.1 6.10837 1.54997 0.137315 0.000533699 0.00449704 -0.00028269 -0.0969085 -0.0280015 0.00174136 1 0 0 0 0 0 0 0
78 1 0.1 5.95111 1.90292 0.199754 -0.00626022 -0.0216597 0.00134913 0.0183538 -0.0345575 -0.157949 1 0 0 0 0 0 0 0
79 1 0.1 5.70715 2.20685 0.326356 0.00864491 -0.00450393 0.00114744 -0.0319177 0.0132787 -0.0118028 1 0 0 0 0 0 0 0
80 1 0.1 5.67245 2.15275 0.137316 0.00347584 -0.00376007 0.000681614 0.0327159 0.0283092 0.0017804 1 0 0 0 0 0 0 0
81 1 0.1 5.63911 2.34994 0.137684 0.00131035 -0.00356593 0.00844053 -0.000666176 0.0580787 0.00308413 1 0 0 0 0 0 0 0
82 1 0.1 5.71475 2.76163 0.137484 0.00262799 -0.000236857 0.000691301 -0.0159978 0.0490398 0.0513171 1 0 0 0 0 0 0 0
83 1 0.1 5.44098 2.37646 0.137411 0.000908211 0.000153789 0.000444242 -0.0362965 -0.0442429 0.0384534 1 0 0 0 0 0 0 0
84 1 0.1 5.03947 2.39771 0.137087 0.0189101 -0.00423623 0.00150092 0.0415688 0.178992 -0.167611 1 0 0 0 0 0 0 0
85 1 0.1 5.11227 2.58374 0.137259 0.016406 -0.00290153 -0.00103412 0.140785 0.196984 0.260817 1 0 0 0 0 0 0 0
86 1 0.1 5.46635 2.8448 0.31382 -0.000200267 -0.00834107 0.00120921 -0.0319266 0.0231469 0.0960966 1 0 0 0 0 0 0 0
87 1 0.1 5.0513 2.93408 0.203305 -0.00832931 0.00170267 -0.0165004 -0.209753 -0.410289 0.339761 1 0 0 0 0 0 0 0
88 1 0.1 4.99444 3.27212 0.136389 0.00402928 -0.0145484 -0.00330276 0.111235 -0.00302337 -0.0489396 1 0 0 0 0 0 0 0
89 1 0.1 4.89811 3.45129 0.137132 -0.0151461 -0.00562109 0.00169035 0.0697217 -0.155879 -0.0566115 1 0 0 0 0 0 0 0
90 1 0.1 5.09111 3.50343 0.13897 -0.014499 -0.00625353 -0.00414938 -0.0518202 0.115399 -0.0200621 1 0 0 0 0 0 0 0
91 1 0.1 5.41677 3.56642 0.136253 0.000545476 0.000351399 0.000841529 -0.0153994 -0.0133793 -0.0233049 1 0 0 0 0 0 0 0
92 1 0.1 5.54795 3.71723 0.141014 -0.00525022 0.00654076 0.026873 0.0694827 -0.117556 0.15463 1 0 0 0 0 0 0 0
93 1 0.1 5.80622 3.8411 0.139901 -0.0579256 -0.0230058 0.0227787 0.047843 -0.104364 0.43845 1 0 0 0 0 0 0 0
94 1 0.1 5.69816 4.00906 0.137553 0.0530648 0.0478813 0.00444198 0.098037 -0.460209 -1.74652 1 0 0 0 0 0 0 0
95 1 0.1 5.89735 4.02539 0.137045 0.062038 -0.0546911 -0.00133749 0.634151 0.585401 0.425616 1 0 0 0 0 0 0 0
96 1 0.1 6.04337 4.16127 0.137258 0.0124393 -0.00319622 0.000407254 0.119931 0.0791131 0.343944 1 0 0 0 0 0 0 0
97 1 0.1 6.06641 4.56989 0.229722 -0.0039996 0.00258755 0.00504141 0.0237037 -0.121174 0.152378 1 0 0 0 0 0 0 0
98 1 0.1 6.29275 4.99414 0.141575 0.00476833 -0.00171497 2.03995e-05 -0.0150002 -0.0294539 0.0540767 1 0 0 0 0 0 0 0
99 1 0.1 6.38873 5.16933 0.137497 0.000426685 0.000476203 4.94288e-06 -0.000955965 0.000269137 -0.00534053 1 0 0 0 0 0 0 0
100 1 0.1 6.35905 0.655937 0.34999 -0.000986758 0.00177766 -0.000169805 -0.00215921 -0.0008834 0.00726282 1 0 0 0 0 0 0 0
101 1 0.1 6.27366 1.23539 0.137499 -0.00733771 0.00978348 8.20608e-05 -0.00880128 0.0400981 0.116548 1 0 0 0 0 0 0 0
102 1 0.1 6.13977 1.36591 0.208408 -0.0083176 0.00622856 0.00772934 -0.00858122 0.0791847 -0.118064 1 0 0 0 0 0 0 0
103 1 0.1 5.87558 2.27946 0.228006 0.00465853 -0.00563695 -0.000651509 -0.034519 0.00853653 0.00601162 1 0 0 0 0 0 0 0
104 1 0.1 5.90479 2.9489 0.321523 -0.00972177 -0.00741555 -0.00447668 0.128448 -0.198156 0.00352727 1 0 0 0 0 0 0 0
105 1 0.1 5.84904 2.45561 0.137442 0.00379399 -0.00467279 -0.000663863 0.0299379 0.00759231 -0.0223765 1 0 0 0 0 0 0 0
106 1 0.1 5.68166 2.56453 0.139045 0.00563091 -0.000810623 0.00207668 0.0127779 0.0037386 -0.0170286 1 0 0 0 0 0 0 0
107 1 0.1 5.75796 3.05716 0.403268 -0.0106406 -0.0148506 0.00213434 0.152148 0.0874193 -0.0617912 1 0 0 0 0 0 0 0
108 1 0.1 5.51506 2.76851 0.136894 0.00195308 -0.00343147 0.00028203 0.0270122 0.0190178 0.017397 1 0 0 0 0 0 0 0
109 1 0.1 5.48218 2.57165 0.137243 0.00453145 -0.00146872 -0.00162913 -0.0113847 -0.0388576 0.0366909 1 0 0 0 0 0 0 0
110 1 0.1 5.31291 2.67634 0.13908 0.0151591 0.0172322 0.00665187 -0.00199669 0.125687 -0.107755 1 0 0 0 0 0 0 0
111 1 0.1 5.22131 2.85354 0.137037 0.016692 0.0255554 0.0024224 0.0318529 0.068073 0.0381968 1 0 0 0 0 0 0 0
112 1 0.1 5.31338 3.03214 0.137454 0.00841756 -0.0022931 0.000285469 0.0249022 0.0872402 -0.0282923 1 0 0 0 0 0 0 0
113 1 0.1 5.12525 3.121 0.143428 -0.0528198 -0.0862111 0.0461418 -0.243849 0.0204498 -0.837744 1 0 0 0 0 0 0 0
114 1 0.1 5.33086 3.224 0.254812 -0.000995007 0.00357388 -0.002971 -0.0417938 -0.027818 0.0941079 1 0 0 0 0 0 0 0
115 1 0.1 5.40198 3.36789 0.137118 -0.00401538 0.00139524 -0.00145436 -0.00667018 -0.0320464 -0.0201073 1 0 0 0 0 0 0 0
116 1 0.1 5.48697 3.18129 0.137477 0.000546043 0.00141184 2.07577e-05 -0.0132045 0.00462737 -0.0800574 1 0 0 0 0 0 0 0
117 1 0.1 5.56502 3.3434 0.2493 -0.0106458 -0.0167714 -0.00123114 -0.016246 0.00873593 -0.20696 1 0 0 0 0 0 0 0
118 1 0.1 5.81683 3.64165 0.137271 -4.93235e-05 -0.019614 -0.00089916 0.194077 -0.0105512 0.138555 1 0 0 0 0 0 0 0
119 1 0.1 5.99281 3.91265 0.279245 0.0870173 -0.144005 -0.00437655 -0.117805 0.53134 -0.47695 1 0 0 0 0 0 0 0
120 1 0.1 5.66113 3.50249 0.137338 -0.00596487 -0.0062741 0.000110625 0.0609938 -0.0766681 0.0454416 1 0 0 0 0 0 0 0
121 1 0.1 5.73137 3.31539 0.137428 -0.0106423 -0.00707696 -0.000205398 0.0597123 -0.125506 -0.080243 1 0 0 0 0 0 0 0
122 1 0.1 6.09856 4.30653 0.263038 0.0158006 0.00550351 -0.00813994 0.0343546 0.697489 0.279047 1 0 0 0 0 0 0 0
123 1 0.1 6.21599 4.66304 0.136914 -0.0128423 0.00336809 -0.00219123 -0.0551887 -0.137697 0.0461957 1 0 0 0 0 0 0 0
124 1 0.1 6.29631 4.82425 0.273086 -0.00603422 -0.00318753 0.0015409 0.0894289 0.020879 0.0524002 1 0 0 0 0 0 0 0
125 1 0.1 5.93564 1.08075 0.355048 0.000239027 0.00318771 0.00228224 0.0780073 -0.0276719 0.00811605 1 0 0 0 0 0 0 0
126 1 0.1 5.79369 1.22114 0.34874 -0.000627988 -0.000920783 0.000448738 0.0493625 0.0452217 -0.011402 1 0 0 0 0 0 0 0
127 1 0.1 5.65431 1.36456 0.354785 -0.131003 -0.126926 -0.0190468 0.123476 0.124712 -1.8264 1 0 0 0 0 0 0 0
128 1 0.1 5.51465 1.50556 0.330647 -0.00602345 0.00165616 0.00121241 -0.0024232 0.0457716 0.0545357 1 0 0 0 0 0 0 0
129 1 0.1 5.37115 1.64384 0.350667 -0.00583489 0.00137108 0.00114371 0.0118945 -0.000827155 0.0531632 1 0 0 0 0 0 0 0
130 1 0.1 5.13564 1.88758 0.350087 0.00445955 -0.00527252 0.00141101 0.00287689 -0.00313656 -0.0076115 1 0 0 0 0 0 0 0
131 1 0.1 4.99961 2.0307 0.319026 0.00401245 -0.00576621 0.00112979 0.02792 -0.0583712 0.00780451 1 0 0 0 0 0 0 0
132 1 0.1 4.85891 2.16956 0.342102 0.00863488 -0.00361995 -0.0027819 0.0960875 -0.0870742 0.0119096 1 0 0 0 0 0 0 0
133 1 0.1 4.72136 2.30872 0.306852 0.00456265 -0.0121583 0.00124867 -0.014384 -0.144894 0.00114315 1 0 0 0 0 0 0 0
134 1 0.1 4.61929 2.40357 0.448202 0.0147051 -0.00984421 -0.000553463 0.289316 0.116786 0.115113 1 0 0 0 0 0 0 0
135 1 0.1 4.4882 2.53916 0.367018 0.0385832 -0.0354717 1.13548e-05 -0.0280248 -0.0289591 -0.562344 1 0 0 0 0 0 0 0
136 1 0.1 4.35608 2.68822 0.348982 -0.179277 -0.215398 -0.0300154 0.301686 0.570546 -2.7908 1 0 0 0 0 0 0 0
137 1 0.1 4.28698 2.99219 0.389037 0.00176684 0.00368573 0.0160848 -0.56522 0.0412781 -0.146394 1 0 0 0 0 0 0 0
138 1 0.1 4.19722 3.16887 0.373777 -9.41996e-05 0.000511809 -0.00315936 0.13982 0.170566 0.121462 1 0 0 0 0 0 0 0
139 1 0.1 4.335 3.31026 0.342587 0.000592073 -8.00414e-05 -0.000802714 0.0102052 0.00139227 0.00819739 1 0 0 0 0 0 0 0
140 1 0.1 4.58786 3.56501 0.359546 -0.137548 -0.0863156 0.168615 0.275053 -2.07697 -1.12879 1 0 0 0 0 0 0 0
141 1 0.1 4.74789 3.72564 0.362193 -0.00211447 0.0016032 -0.00429934 -0.00550384 0.0947371 0.00351698 1 0 0 0 0 0 0 0
142 1 0.1 4.88842 3.86365 0.328205 -0.0001791 -0.00115659 -0.00583174 0.0580774 0.00939438 -0.0153472 1 0 0 0 0 0 0 0
143 1 0.1 5.02579 4.00696 0.351989 -0.00157701 -0.000231597 -0.00258082 0.00886401 0.0119424 0.0399366 1 0 0 0 0 0 0 0
144 1 0.1 5.33831 4.15474 0.304986 0.0726175 -0.0369639 -0.0709404 -0.332157 -1.03816 0.390287 1 0 0 0 0 0 0 0
145 1 0.1 5.36891 4.34865 0.336108 -0.00726475 -0.0287076 -0.0335187 0.763178 -0.110094 -0.0352452 1 0 0 0 0 0 0 0
146 1 0.1 5.509 4.49009 0.358006 -0.000388819 -0.00092483 0.00102944 0.0255131 0.0899832 0.0839154 1 0 0 0 0 0 0 0
147 1 0.1 5.64914 4.63253 0.349904 -0.000642864 -7.26889e-05 0.00181314 0.00567216 -0.0286004 0.0414119 1 0 0 0 0 0 0 0
148 1 0.1 5.79282 4.76986 0.369544 0.000251564 -0.00273545 0.000494777 -0.0252986 -0.0076814 0.0410981 1 0 0 0 0 0 0 0
149 1 0.1 5.93156 4.913 0.355052 -0.00205369 -0.0013734 0.00434417 0.00680054 -0.0554998 -0.0432293 1 0 0 0 0 0 0 0
150 1 0.1 6.07625 0.938695 0.349978 -0.00150813 0.00260895 -0.000191572 -0.000969361 -0.000618021 -2.18723e-05 1 0 0 0 0 0 0 0
151 1 0.1 5.8138 1.58856 0.303623 -0.0421956 -0.00479696 -0.0117658 0.0925456 -0.115308 -0.0555922 1 0 0 0 0 0 0 0
152 1 0.1 5.62345 1.64463 0.237793 -0.0194029 0.00150143 -0.00922695 -0.0695817 0.0790421 0.0276905 1 0 0 0 0 0 0 0
153 1 0.1 6.00826 2.05461 0.564624 -0.046698 -0.0312905 0.082784 -0.40252 -1.97819 -0.424934 1 0 0 0 0 0 0 0
154 1 0.1 5.65915 1.83758 0.399513 -0.0117259 0.000946958 0.00584428 -0.0882355 0.0583555 0.0750275 1 0 0 0 0 0 0 0
155 1 0.1 5.31884 1.82612 0.41623 -0.294622 -0.0322373 -0.135855 0.632007 3.98208 -2.51823 1 0 0 0 0 0 0 0
156 1 0.1 5.17284 2.13026 0.323753 0.0146153 -0.02335 -0.0191018 0.141593 0.167609 -0.0809426 1 0 0 0 0 0 0 0
157 1 0.1 5.02898 2.20567 0.440808 0.015426 0.000397118 -0.0117544 0.059617 0.125312 0.0710862 1 0 0 0 0 0 0 0
158 1 0.1 4.88418 2.34352 0.436322 0.0127097 -0.00502575 0.00572405 0.0155129 0.494462 0.1603 1 0 0 0 0 0 0 0
159 1 0.1 4.94999 2.82277 0.404766 -0.0119376 0.0163089 0.0155187 -0.180753 0.844113 -0.350118 1 0 0 0 0 0 0 0
160 1 0.1 4.65894 2.6292 0.322494 0.0378352 -0.0311376 0.00755229 1.65751 0.434511 0.301561 1 0 0 0 0 0 0 0
161 1 0.1 4.52977 2.7885 0.385066 0.0213109 -0.0994075 -0.0945924 -2.29025 -0.865177 1.32853 1 0 0 0 0 0 0 0
162 1 0.1 4.45623 3.03685 0.29586 -0.012523 -0.0651495 -0.0428496 0.431407 0.590164 -0.583594 1 0 0 0 0 0 0 0
163 1 0.1 4.59975 3.17587 0.293413 -0.0515167 -0.0230258 0.0182876 0.0804824 -0.944172 1.15216 1 0 0 0 0 0 0 0
164 1 0.1 4.59524 3.36498 0.35815 -0.00520814 -0.0124416 0.00434328 -0.0643226 0.0746701 -0.20081 1 0 0 0 0 0 0 0
165 1 0.1 4.86051 3.60786 0.47617 0.00296124 -4.90443e-05 -0.0157963 0.0610891 0.0335548 -0.0176937 1 0 0 0 0 0 0 0
166 1 0.1 5.05313 3.58419 0.436087 0.00423779 -0.00652712 -0.00300105 0.00671253 -0.184978 -0.0279231 1 0 0 0 0 0 0 0
167 1 0.1 5.04922 3.74543 0.312867 0.00381647 -0.000806774 0.000160208 0.0207006 0.065354 -0.0333316 1 0 0 0 0 0 0 0
168 1 0.1 5.21038 4.04644 0.423021 -0.000564889 0.0150816 -0.0133424 -0.0945446 -0.32541 0.301 1 0 0 0 0 0 0 0
169 1 0.1 5.40793 4.02372 0.43636 0.00295668 0.00585312 0.00669968 -0.204526 -0.209095 -0.190842 1 0 0 0 0 0 0 0
170 1 0.1 5.49799 4.21354 0.409638 0.00898651 0.00535993 0.00453433 0.0410542 0.00479274 0.0458043 1 0 0 0 0 0 0 0
171 1 0.1 5.64408 4.34411 0.370131 0.00761065 0.00638059 -0.00142922 -0.0707898 -0.00925589 0.0233045 1 0 0 0 0 0 0 0
172 1 0.1 5.818 4.42298 0.311594 0.00870206 -0.00528446 -0.010027 0.0298195 0.0925724 -0.125699 1 0 0 0 0 0 0 0
173 1 0.1 5.87716 4.62134 0.266566 -0.00607303 -0.0045618 8.32763e-05 0.0115987 0.0614566 -0.0804416 1 0 0 0 0 0 0 0
174 1 0.1 6.14302 5.1227 0.356794 0.000597075 -0.00263919 0.0048691 -0.0793818 -0.010374 -0.0611517 1 0 0 0 0 0 0 0
175 1 0.1 6.21764 0.797332 0.350036 -0.00112832 0.00162755 -0.000181743 0.000298745 0.000255641 -0.0039251 1 0 0 0 0 0 0 0
176 1 0.1 5.89022 1.39576 0.343876 -0.0117269 0.00563609 -0.00412857 -0.125524 -0.0568464 0.135863 1 0 0 0 0 0 0 0
177 1 0.1 5.83039 1.78761 0.309763 -0.021414 -0.00663224 -0.000964117 0.0359179 0.0497119 -0.137043 1 0 0 0 0 0 0 0
178 1 0.1 5.89032 2.18341 0.402703 0.00859797 -0.00990408 -0.000226517 0.0628138 0.00308496 -0.0258441 1 0 0 0 0 0 0 0
179 1 0.1 5.72082 2.02709 0.412339 -0.0011318 -0.00586337 -0.0036205 0.0731026 0.199112 -0.193338 1 0 0 0 0 0 0 0
180 1 0.1 5.47579 2.09307 0.45354 0.0075771 -0.0099919 -0.00145615 -0.0507069 -0.0353152 -0.138567 1 0 0 0 0 0 0 0
181 1 0.1 5.36585 2.08564 0.287669 0.0039856 -0.00178098 0.000679124 -0.00589158 0.0741642 -0.0735636 1 0 0 0 0 0 0 0
182 1 0.1 5.21121 2.39662 0.464919 0.0050428 0.0252517 0.00437428 0.364794 0.240996 -0.457004 1 0 0 0 0 0 0 0
183 1 0.1 4.99928 2.48114 0.313681 0.0391039 -0.0158162 0.0102373 0.0335611 0.185924 0.416696 1 0 0 0 0 0 0 0
184 1 0.1 5.08744 2.62046 0.426155 0.0138093 0.0070656 0.00608839 -0.015858 -0.0510728 0.0677859 1 0 0 0 0 0 0 0
185 1 0.1 4.98644 2.91344 0.578761 -0.000911525 0.00924491 0.0162121 0.0354927 0.0705631 0.337403 1 0 0 0 0 0 0 0
186 1 0.1 4.78631 2.7197 0.443323 -0.00827858 0.0143084 0.0159068 -0.401612 -0.239708 0.757479 1 0 0 0 0 0 0 0
187 1 0.1 4.55685 2.87034 0.204642 -0.0258297 -0.269424 -0.18505 0.549227 1.91517 -2.45775 1 0 0 0 0 0 0 0
188 1 0.1 4.78016 3.09414 0.319655 -0.0296658 0.0117917 0.0261416 0.142233 0.777321 -0.665268 1 0 0 0 0 0 0 0
189 1 0.1 5.06872 3.25366 0.318805 -0.00213933 -0.0146949 -0.00433046 -0.0316453 -0.0614795 0.0882413 1 0 0 0 0 0 0 0
190 1 0.1 5.00233 3.44123 0.307002 -0.00652246 -0.0120438 -0.00231646 -0.0416844 0.257157 -0.0522786 1 0 0 0 0 0 0 0
191 1 0.1 5.21741 3.60038 0.325242 0.00537455 -0.00224271 0.00265021 -0.150477 0.111746 0.164311 1 0 0 0 0 0 0 0
192 1 0.1 5.19611 3.88112 0.31165 0.00248064 0.000611508 0.00331287 -0.153561 -0.170574 -0.481336 1 0 0 0 0 0 0 0
193 1 0.1 5.48078 3.9052 0.280582 0.0634961 -0.0261021 0.0321023 0.0462499 -0.54115 -1.24567 1 0 0 0 0 0 0 0
194 1 0.1 5.71172 3.87285 0.470329 0.100782 -0.0365941 0.036862 0.400637 -0.116424 -0.528336 1 0 0 0 0 0 0 0
195 1 0.1 5.75923 4.11132 0.468726 0.0558341 -0.00528639 4.6822e-05 0.223875 -0.173522 -0.209937 1 0 0 0 0 0 0 0
196 1 0.1 5.91164 4.23761 0.395316 0.0530156 -0.0119683 0.0134905 0.0168787 0.0902756 -0.509744 1 0 0 0 0 0 0 0
197 1 0.1 5.81086 3.9889 0.311847 0.110321 -0.0837067 0.0111416 -0.452587 -0.13517 -0.0891157 1 0 0 0 0 0 0 0
198 1 0.1 6.01816 4.76264 0.255689 -0.0177479 0.00524224 -0.0189307 0.0503577 0.256431 0.212667 1 0 0 0 0 0 0 0
199 1 0.1 6.28309 5.26499 0.350114 -0.00303821 -0.00394036 0.00210316 -0.0170963 -0.0169694 -0.0200737 1 0 0 0 0 0 0 0
200 1 0.1 6.23491 1.05984 0.335861 -0.00558493 0.0131252 -0.000356844 0.000307947 0.16353 -0.0394888 1 0 0 0 0 0 0 0
201 1 0.1 6.03157 1.25469 0.334287 -0.00682825 0.0085323 0.0117248 0.00307051 -0.0166699 0.0795197 1 0 0 0 0 0 0 0
202 1 0.1 5.99924 1.79268 0.416682 -0.0193825 -0.0383427 -0.00685644 -0.00311951 0.00323196 -0.208415 1 0 0 0 0 0 0 0
203 1 0.1 5.9727 2.36553 0.407663 0.00762061 -0.00853132 3.09685e-07 -0.00754511 0.0799866 0.00640095 1 0 0 0 0 0 0 0
204 1 0.1 5.94169 2.52994 0.298244 0.00188209 -0.00801408 0.000952696 0.0139844 -0.0362922 0.0328813 1 0 0 0 0 0 0 0
205 1 0.1 5.51147 2.24569 0.330288 0.00936215 -0.0175454 -0.00553276 -0.0150369 -0.0726282 0.133503 1 0 0 0 0 0 0 0
206 1 0.1 5.31594 2.27858 0.312192 0.018465 -0.00181184 -0.0113817 -0.0078901 0.0446167 -0.131982 1 0 0 0 0 0 0 0
207 1 0.1 5.3839 2.45211 0.381275 0.0012647 7.48874e-05 -0.0142034 0.056045 0.105889 0.00316892 1 0 0 0 0 0 0 0
208 1 0.1 5.24347 2.40546 0.137219 0.000343703 0.000662977 0.00153942 0.0705539 0.018089 -0.0389943 1 0 0 0 0 0 0 0
209 1 0.1 5.4084 2.64677 0.312088 0.0113775 0.00795891 0.00624209 0.0863628 -0.159629 0.0757812 1 0 0 0 0 0 0 0
210 1 0.1 5.58654 2.85614 0.473019 -0.000722559 0.00057763 0.00239905 0.0546202 -0.0265376 0.0716076 1 0 0 0 0 0 0 0
211 1 0.1 5.2192 2.71455 0.310235 0.0148279 -0.000239005 0.00291278 0.0212298 -0.0844277 0.126715 1 0 0 0 0 0 0 0
212 1 0.1 4.75276 2.90306 0.371441 -0.0535065 -0.000899964 -0.0137399 0.558404 1.20754 -0.165391 1 0 0 0 0 0 0 0
213 1 0.1 4.97876 3.07196 0.32641 -0.0327342 -0.0136963 -0.00368329 0.195395 0.710417 0.223798 1 0 0 0 0 0 0 0
214 1 0.1 5.1864 3.32764 0.142264 -0.00240186 0.000322405 0.0349766 -0.229046 -0.159443 0.192444 1 0 0 0 0 0 0 0
215 1 0.1 5.37003 3.47343 0.305415 -0.00160738 -0.00822873 -0.000613347 0.0109659 0.0283432 -0.0558117 1 0 0 0 0 0 0 0
216 1 0.1 5.55965 3.53511 0.306304 -0.00250187 -0.0169643 0.00382482 0.0870841 0.104519 -0.104475 1 0 0 0 0 0 0 0
217 1 0.1 5.39458 3.68576 0.293635 -0.00778776 0.0187452 -0.013503 -0.230553 -0.0624145 0.0929885 1 0 0 0 0 0 0 0
218 1 0.1 5.84456 3.7949 0.343493 0.0549171 -0.0849031 0.0271238 0.219297 -0.0833022 -0.622878 1 0 0 0 0 0 0 0
219 1 0.1 5.93044 3.59102 0.309602 0.0030247 -0.0640562 0.0491269 0.389213 -0.665402 -0.141346 1 0 0 0 0 0 0 0
220 1 0.1 5.85225 3.44064 0.477231 0.00437949 -0.0456311 -0.00866815 -0.0386144 0.178849 -0.419547 1 0 0 0 0 0 0 0
221 1 0.1 5.96572 3.79679 0.502512 0.0775542 -0.0783789 0.00853695 0.509246 -0.118993 -0.695628 1 0 0 0 0 0 0 0
222 1 0.1 5.87015 3.45335 0.177698 -0.000816424 -0.0187382 0.00381676 -0.214729 -0.0910433 -0.127017 1 0 0 0 0 0 0 0
223 1 0.1 6.12742 4.92686 0.320727 -0.00519377 -0.00114621 0.00095092 0.124119 0.111186 0.000800696 1 0 0 0 0 0 0 0
224 1 0.1 6.30745 5.00945 0.347698 -0.00494684 -0.0102715 0.0190942 0.0919089 -0.164955 -0.124703 1 0 0 0 0 0 0 0
225 1 0.1 6.22142 1.29923 0.378322 -0.003123 0.00262576 0.00310541 -0.0754974 0.0932473 -0.156383 1 0 0 0 0 0 0 0
226 1 0.1 5.93337 2.11094 0.137476 0.00270063 -0.00742868 0.000484706 -0.000736391 0.0200535 -0.0142057 1 0 0 0 0 0 0 0
227 1 0.1 6.04705 1.51811 0.324715 -0.00938328 0.000753726 -0.00451881 0.130228 -0.0856176 0.0171656 1 0 0 0 0 0 0 0
228 1 0.1 5.94591 2.64852 0.1374 -0.0012466 -0.00347106 0.0017019 0.0335808 -0.00578179 0.0816658 1 0 0 0 0 0 0 0
229 1 0.1 5.59392 2.98051 0.137395 -0.0056806 0.00159493 0.00109208 -0.0192983 -0.0560066 -0.00141112 1 0 0 0 0 0 0 0
230 1 0.1 5.8633 3.2231 0.255995 -0.0167403 -0.013158 0.00113204 0.104536 -0.0469903 -0.0986554 1 0 0 0 0 0 0 0
231 1 0.1 5.75006 2.40197 0.323976 0.00651728 -0.00438024 -0.00614039 -0.0446255 0.00973507 0.0223762 1 0 0 0 0 0 0 0
232 1 0.1 5.56434 2.46424 0.284288 0.00617079 -0.00892779 -0.00561865 0.0396198 -0.00195337 0.0223447 1 0 0 0 0 0 0 0
233 1 0.1 5.84925 2.72072 0.296708 -0.0104404 -0.00216154 -0.00297232 -0.136708 -0.0391882 0.0635663 1 0 0 0 0 0 0 0
234 1 0.1 5.60424 2.68258 0.29391 0.00245067 0.0735543 0.0423154 -0.502877 -0.282419 0.633273 1 0 0 0 0 0 0 0
235 1 0.1 5.72071 2.87085 0.3255 -0.0121233 -0.00269465 -0.00856477 -0.0196554 0.130566 -0.02229 1 0 0 0 0 0 0 0
236 1 0.1 5.55101 3.04342 0.570275 -0.0222965 -0.00306878 0.00012909 0.0307704 0.262736 -0.15003 1 0 0 0 0 0 0 0
237 1 0.1 5.28889 2.88104 0.396139 0.00673664 -0.00383175 0.0147038 -0.0228376 0.13453 -0.123457 1 0 0 0 0 0 0 0
238 1 0.1 5.22855 3.06455 0.31551 0.0132989 0.00115138 0.00262646 -0.0867055 -0.0214342 0.0799955 1 0 0 0 0 0 0 0
239 1 0.1 5.39596 3.047 0.426124 -0.146586 0.114048 -0.0967453 0.915059 3.31715 2.58353 1 0 0 0 0 0 0 0
240 1 0.1 5.57673 3.00889 0.334409 -0.0132983 -0.00454252 0.00334507 0.0758449 -0.0132757 0.0455431 1 0 0 0 0 0 0 0
241 1 0.1 5.54512 3.24246 0.581636 -0.0108874 -0.00493448 0.00300347 0.0458356 0.044169 0.0493351 1 0 0 0 0 0 0 0
242 1 0.1 5.5517 3.19958 0.386936 -0.0197256 -0.00770729 0.00357139 -0.0768306 0.045443 0.0296997 1 0 0 0 0 0 0 0
243 1 0.1 5.58011 3.39721 0.449434 -0.0107108 -0.0283308 -0.00462844 0.0445295 -0.0325301 -0.158618 1 0 0 0 0 0 0 0
244 1 0.1 5.73471 3.63058 0.31878 0.00622955 -0.0375982 -0.00217459 0.000177869 0.0707222 -0.152238 1 0 0 0 0 0 0 0
245 1 0.1 5.67715 3.15221 0.238698 -0.0201331 -0.00306125 0.000792806 -0.0897605 0.0606852 0.00405284 1 0 0 0 0 0 0 0
246 1 0.1 5.72987 3.43134 0.319439 -0.00777319 -0.0293504 -0.000314789 -0.0377818 -0.0507116 0.0566144 1 0 0 0 0 0 0 0
247 1 0.1 6.0557 4.3651 0.449318 0.0523841 -0.00851266 0.00677598 -0.0862749 -0.0600217 0.529702 1 0 0 0 0 0 0 0
248 1 0.1 6.10258 4.55766 0.425089 -0.00708946 0.00143689 0.00311507 0.042536 0.0804887 0.0881961 1 0 0 0 0 0 0 0
249 1 0.1 6.1621 4.74653 0.399279 -0.00943774 -0.00106632 -0.00172504 -0.100096 -0.0697836 -0.0712958 1 0 0 0 0 0 0 0
250 1 0.1 6.0061 1.01603 0.53033 0.010626 -0.0146146 -0.00975997 0.151065 -0.0078073 0.0172574 1 0 0 0 0 0 0 0
251 1 0.1 5.85513 1.16477 0.55 0.00038031 -0.000534823 0.000687202 0.00100366 -0.00418877 -0.00576117 1 0 0 0 0 0 0 0
252 1 0.1 5.71569 1.30749 0.537115 -0.000949243 -0.00225718 -0.0021279 -0.0686595 0.0142942 0.00932354 1 0 0 0 0 0 0 0
253 1 0.1 5.48655 1.5378 0.552229 -0.0786287 0.0733179 -0.0324562 -0.0293317 0.426823 1.03716 1 0 0 0 0 0 0 0
254 1 0.1 5.34492 1.67896 0.54909 -0.0650632 0.0883797 -0.0431335 -0.750356 -0.086503 0.965073 1 0 0 0 0 0 0 0
255 1 0.1 5.15697 1.85829 0.551201 0.00624499 -0.0100621 0.00137 0.000820949 -0.00162964 -0.0331572 1 0 0 0 0 0 0 0
256 1 0.1 5.02232 2.0013 0.51476 0.00666285 -0.00428134 0.000120561 -0.072546 -0.108632 -0.069851 1 0 0 0 0 0 0 0
257 1 0.1 4.87633 2.13914 0.551495 0.0181245 -0.000881801 -0.00209794 -0.0202436 0.0974426 -0.169045 1 0 0 0 0 0 0 0
258 1 0.1 4.73556 2.28097 0.55434 0.0122286 -0.00750444 0.00342737 -0.147389 -0.154911 0.00110638 1 0 0 0 0 0 0 0
259 1 0.1 4.8012 2.67277 0.62747 0.0276214 -0.00553927 0.0127037 0.645689 0.334058 0.236576 1 0 0 0 0 0 0 0
260 1 0.1 4.63202 2.59007 0.511356 -0.00519714 -0.0130214 -0.00291768 -0.24968 -0.54746 -0.019662 1 0 0 0 0 0 0 0
261 1 0.1 4.36463 2.83371 0.488179 0.000872888 0.0072057 -0.140028 -1.42658 1.20483 -0.29912 1 0 0 0 0 0 0 0
262 1 0.1 4.18742 2.90083 0.551194 0.0179476 0.0426261 -0.0386795 0.176148 0.334982 0.476141 1 0 0 0 0 0 0 0
263 1 0.1 4.19288 3.11756 0.566109 -0.00406012 -0.00328467 -0.00156692 -0.133789 -0.251753 -0.102227 1 0 0 0 0 0 0 0
264 1 0.1 4.30396 3.28156 0.538685 -0.00330754 -0.00450343 0.000835284 0.0315712 -0.0322196 -0.0486604 1 0 0 0 0 0 0 0
265 1 0.1 4.52931 3.50842 0.603508 0.00371746 0.00319 -0.0047882 0.110253 0.0771692 0.0799245 1 0 0 0 0 0 0 0
266 1 0.1 4.66155 3.63944 0.532139 0.000472554 0.00129955 -0.0122984 0.18456 -0.00998193 0.0914747 1 0 0 0 0 0 0 0
267 1 0.1 4.80021 3.78056 0.556385 -0.00129017 -0.00364741 -0.00367132 0.0108745 0.063645 -0.0976607 1 0 0 0 0 0 0 0
268 1 0.1 4.94905 3.93121 0.540557 0.00361251 0.00288062 -0.00140485 0.0891679 0.0403663 0.0905077 1 0 0 0 0 0 0 0
269 1 0.1 5.09009 4.06825 0.580179 -0.00548115 -0.00523972 -0.0050986 -0.0789856 0.00885287 -0.0866885 1 0 0 0 0 0 0 0
270 1 0.1 5.22719 4.20882 0.542986 -0.001195 -0.0010247 -0.00196536 0.0226194 0.0279724 -0.00750993 1 0 0 0 0 0 0 0
271 1 0.1 5.36851 4.35013 0.543601 7.61615e-05 -0.000272371 -0.00147567 0.0204724 0.00648601 0.00852918 1 0 0 0 0 0 0 0
272 1 0.1 5.50968 4.49098 0.557765 0.000466468 0.000455735 0.00119026 0.00102903 -0.0275354 0.000102703 1 0 0 0 0 0 0 0
273 1 0.1 5.65113 4.63559 0.55001 -0.0147952 -0.0247608 -2.16119e-05 -0.00800223 0.00533222 -0.306757 1 0 0 0 0 0 0 0
274 1 0.1 5.8516 4.83045 0.550625 -0.000771205 0.000359751 -0.00041529 0.018291 -0.00181548 -0.0167062 1 0 0 0 0 0 0 0
275 1 0.1 6.14542 0.873472 0.543475 0.011085 -0.0131435 -0.0107752 -0.119434 -0.031388 -0.0161865 1 0 0 0 0 0 0 0
276 1 0.1 5.90019 1.37132 0.577909 -0.000287123 -0.00515901 -0.000889628 0.0179601 -0.0368294 -0.061569 1 0 0 0 0 0 0 0
277 1 0.1 5.76518 1.48824 0.46896 -0.0360649 -0.00656377 -0.0181629 -0.121202 0.00918019 0.332433 1 0 0 0 0 0 0 0
278 1 0.1 5.62271 1.635 0.437516 -0.00574513 0.0102369 -0.00909145 -0.0639032 0.0504198 0.0390315 1 0 0 0 0 0 0 0
279 1 0.1 5.545 1.75211 0.579233 -0.00760868 0.00982236 -0.00955299 0.0504174 -0.0402972 0.00291291 1 0 0 0 0 0 0 0
280 1 0.1 5.33878 1.91213 0.614315 0.00600464 0.035989 -0.0349111 0.842209 0.644457 0.831876 1 0 0 0 0 0 0 0
281 1 0.1 5.2524 2.00921 0.461401 -0.0112405 0.0289763 0.0477249 -0.337621 -1.50272 1.14808 1 0 0 0 0 0 0 0
282 1 0.1 5.16329 2.04913 0.647184 0.00695546 -0.0131395 0.00160705 0.0557311 0.0589842 -0.0786511 1 0 0 0 0 0 0 0
283 1 0.1 4.97323 2.30349 0.610739 0.0679343 -0.00290332 -0.0186388 -0.101664 0.155769 -0.257147 1 0 0 0 0 0 0 0
284 1 0.1 4.98485 2.71492 0.567897 0.0138549 0.0136338 0.00329799 0.0705623 -0.0987902 -0.19098 1 0 0 0 0 0 0 0
285 1 0.1 4.42709 2.59694 0.752209 -0.0061793 0.00405223 0.00468917 0.00836281 -0.00462733 0.0438878 1 0 0 0 0 0 0 0
286 1 0.1 4.53817 2.70952 0.630182 0.0293214 -0.0258284 0.0202774 0.808772 0.406023 -0.535048 1 0 0 0 0 0 0 0
287 1 0.1 4.54024 2.98734 0.682617 -0.00413267 -0.00150056 0.00131747 -0.648942 0.231706 0.146789 1 0 0 0 0 0 0 0
288 1 0.1 4.37298 3.02885 0.565496 0.0356088 0.0666732 -0.0106001 -0.223674 0.327745 -0.00167403 1 0 0 0 0 0 0 0
289 1 0.1 4.67478 3.39765 0.537321 0.00518007 0.00228444 -0.00081959 -0.174118 0.0282565 0.0156281 1 0 0 0 0 0 0 0
290 1 0.1 4.78782 3.44746 0.382594 0.00277148 -0.00558075 -0.00235691 0.0346238 -0.0148351 0.0645476 1 0 0 0 0 0 0 0
291 1 0.1 4.98562 3.52873 0.621363 0.00141574 -0.00115296 0.00223048 -0.040576 -0.16205 -0.0378042 1 0 0 0 0 0 0 0
292 1 0.1 5.1312 3.66351 0.600815 -0.00157559 -0.000390525 -0.00292464 -0.0614388 0.151501 0.0567548 1 0 0 0 0 0 0 0
293 1 0.1 5.10949 3.82553 0.485708 0.00339345 0.00214667 -0.00102751 -0.0680474 -0.087637 -0.000174296 1 0 0 0 0 0 0 0
294 1 0.1 5.27079 3.98789 0.606136 -0.00847481 -0.00903776 -0.00985331 -0.164445 0.0952269 -0.0756141 1 0 0 0 0 0 0 0
295 1 0.1 5.41648 4.15944 0.583943 -0.000503341 -0.000194144 -0.000289637 -0.0911922 -0.0405956 -0.00333317 1 0 0 0 0 0 0 0
296 1 0.1 5.55897 4.29957 0.586928 -0.000118698 0.000613839 0.00239903 0.00868499 -0.0689182 0.00983229 1 0 0 0 0 0 0 0
297 1 0.1 5.70274 4.44261 0.540754 -0.00550729 -0.0220945 -0.00420867 0.160179 0.0377857 -0.249793 1 0 0 0 0 0 0 0
298 1 0.1 5.8367 4.56256 0.453396 -0.0112995 -0.0129332 -0.00203682 0.00342449 0.0937118 0.256895 1 0 0 0 0 0 0 0
299 1 0.1 6.1344 5.104 0.584183 -0.00012757 0.000206532 -0.000154248 0.0101392 -0.00474624 -0.00821818 1 0 0 0 0 0 0 0
300 1 0.1 6.28561 0.731135 0.549993 0.00900153 -0.0144356 -0.000313918 -0.000767212 0.00200046 -0.0100699 1 0 0 0 0 0 0 0
301 1 0.1 6.04562 1.24164 0.533488 -0.00366783 -0.00944769 0.00524414 -0.0391065 -0.0239936 -0.00122862 1 0 0 0 0 0 0 0
302 1 0.1 5.95892 1.60737 0.48008 -0.018434 -0.0326795 0.00926427 0.0888863 0.176183 0.338626 1 0 0 0 0 0 0 0
303 1 0.1 5.85951 1.74179 0.588897 -0.0254291 -0.0381828 0.00953905 -0.075429 -0.190143 -0.245162 1 0 0 0 0 0 0 0
304 1 0.1 5.70632 1.86942 0.590725 0.00106413 -0.00567005 0.00232607 0.127302 0.0324548 -0.169157 1 0 0 0 0 0 0 0
305 1 0.1 5.6195 2.04867 0.583262 -0.000395755 -0.00837011 0.00173441 0.0120751 -0.0350628 0.101649 1 0 0 0 0 0 0 0
306 1 0.1 5.37285 2.28571 0.503447 -0.012828 -0.0013715 -0.00110326 0.047184 -0.366143 0.215818 1 0 0 0 0 0 0 0
307 1 0.1 5.20084 2.3152 0.646336 -0.000223985 -0.0101667 -0.0104093 0.0450666 -0.0717367 -0.0615424 1 0 0 0 0 0 0 0
308 1 0.1 5.19665 2.50894 0.301371 0.0304428 0.0227494 0.00259222 -0.42401 -0.189194 -0.00817361 1 0 0 0 0 0 0 0
309 1 0.1 4.88415 2.5116 0.543958 0.0315479 0.0174217 -0.0288365 -0.424691 0.240334 0.0957031 1 0 0 0 0 0 0 0
310 1 0.1 5.18166 2.70999 0.595795 0.00917146 -0.0175881 -0.00590931 -0.138212 -0.122261 0.171438 1 0 0 0 0 0 0 0
311 1 0.1 4.66322 2.83752 0.544229 -0.0165907 0.0245977 0.0167767 1.04199 1.24578 -0.197789 1 0 0 0 0 0 0 0
312 1 0.1 4.58031 2.9799 0.437008 -0.0449969 -0.00443587 0.00084238 -1.44886 -0.861766 0.345711 1 0 0 0 0 0 0 0
313 1 0.1 4.76739 3.23545 0.482662 -0.00419402 -0.0051901 0.00773034 -0.00234201 0.114839 -0.094089 1 0 0 0 0 0 0 0
314 1 0.1 4.95858 3.19944 0.473737 -0.00313261 -0.00341371 -0.00174996 -0.284994 -0.0043615 0.139528 1 0 0 0 0 0 0 0
315 1 0.1 5.0754 3.32677 0.567983 -0.0195919 0.00775441 -0.000189199 0.297251 -0.0974408 0.0602265 1 0 0 0 0 0 0 0
316 1 0.1 5.21865 3.36897 0.379742 -0.0111957 -0.00163844 -0.00144832 -0.134662 -0.12038 -0.0126256 1 0 0 0 0 0 0 0
317 1 0.1 5.29806 3.5538 0.60049 -0.0037736 0.00174552 -0.00165819 0.0346717 0.00908084 -0.0375406 1 0 0 0 0 0 0 0
318 1 0.1 5.37499 3.82753 0.430861 -0.0152804 0.0102539 -0.00497421 0.302469 0.307758 -0.201935 1 0 0 0 0 0 0 0
319 1 0.1 5.4708 3.91267 0.589202 0.03266 0.00609211 -0.00153471 -0.0742866 0.998971 -0.406922 1 0 0 0 0 0 0 0
320 1 0.1 5.6137 4.05242 0.590744 0.0467518 -0.00246725 -0.0144511 0.250366 -0.338576 0.326167 1 0 0 0 0 0 0 0
321 1 0.1 5.89394 4.12111 0.614787 0.0518119 -0.00838534 -0.00146875 0.00365277 0.148377 0.448938 1 0 0 0 0 0 0 0
322 1 0.1 5.85064 4.31149 0.570809 0.00287511 -0.0124916 -0.0027786 -0.098808 -0.110025 0.394492 1 0 0 0 0 0 0 0
323 1 0.1 5.9701 4.71099 0.442807 -0.0258631 -0.0021169 -0.0239613 0.0278553 0.310918 -0.0756167 1 0 0 0 0 0 0 0
324 1 0.1 6.26984 5.24708 0.550003 0.000231487 0.000136355 0.000735549 -0.00466503 0.000488804 -0.00131762 1 0 0 0 0 0 0 0
325 1 0.1 6.3191 0.948973 0.479422 0.00138259 0.0160869 -0.00183012 0.0832114 -0.0866652 0.366011 1 0 0 0 0 0 0 0
326 1 0.1 6.18685 1.10038 0.525299 0.00416936 -6.97945e-05 0.00495095 0.115119 -0.0419384 0.127891 1 0 0 0 0 0 0 0
327 1 0.1 5.87223 1.9259 0.494682 -0.00496211 -0.0198333 -0.0164128 -0.132226 0.00267268 -0.0111858 1 0 0 0 0 0 0 0
328 1 0.1 5.95598 2.24677 0.582449 -0.000193096 -0.0102759 -0.00321708 0.0301655 0.0703198 -0.240269 1 0 0 0 0 0 0 0
329 1 0.1 5.80879 2.11198 0.570572 -0.0101063 -0.000918078 -0.000569645 -0.213972 -0.132977 0.0829877 1 0 0 0 0 0 0 0
330 1 0.1 5.54011 2.23763 0.60172 -0.0158749 0.000104111 0.00664151 -0.0166259 0.268623 -0.179985 1 0 0 0 0 0 0 0
331 1 0.1 5.71831 2.28436 0.510337 -0.0100353 -0.00729017 0.00343139 -0.00845158 0.112172 0.059551 1 0 0 0 0 0 0 0
332 1 0.1 5.86448 2.4236 0.565399 0.0113805 -0.00338751 0.000488524 -0.0208357 -0.0140247 0.0995664 1 0 0 0 0 0 0 0
333 1 0.1 5.78786 2.57417 0.418015 -0.00122002 -0.00602537 -0.00175814 0.112465 0.0139217 0.0828493 1 0 0 0 0 0 0 0
334 1 0.1 5.52527 2.62466 0.584633 0.00421488 -0.0194105 -0.0035521 0.00721145 0.015133 -0.12408 1 0 0 0 0 0 0 0
335 1 0.1 5.28641 2.60387 0.464368 0.0129137 -0.00943523 0.0010032 0.0951166 0.153162 -0.00402018 1 0 0 0 0 0 0 0
336 1 0.1 5.41467 2.75482 0.483794 0.00877079 -0.0117328 0.00246693 0.0520511 0.0145528 0.031012 1 0 0 0 0 0 0 0
337 1 0.1 4.79851 2.98187 0.572804 -0.00242521 0.0199012 -0.0236112 -1.02867 -0.532455 0.488198 1 0 0 0 0 0 0 0
338 1 0.1 5.10339 2.94662 0.415164 0.00163084 -0.001727 -0.022217 -0.0701538 -0.487674 0.12029 1 0 0 0 0 0 0 0
339 1 0.1 5.21142 3.19123 0.468984 -0.0064217 0.000447623 0.00174151 0.0815625 -0.0442015 0.141938 1 0 0 0 0 0 0 0
340 1 0.1 5.39867 3.31359 0.4458 -0.0164127 -0.0042158 0.00684897 -0.0103108 0.0760174 -0.0584922 1 0 0 0 0 0 0 0
341 1 0.1 5.45849 3.42022 0.60651 -0.01095 -0.00643672 -0.00417061 -0.145481 -0.0387239 -0.0287105 1 0 0 0 0 0 0 0
342 1 0.1 5.44107 3.57331 0.462481 -0.00157906 -0.00334796 0.00158436 -0.0931463 -0.0676962 0.00850719 1 0 0 0 0 0 0 0
343 1 0.1 5.54988 3.73282 0.410419 -0.0181293 0.00830874 0.00741537 0.107066 -0.286583 -0.121043 1 0 0 0 0 0 0 0
344 1 0.1 5.70002 3.72274 0.600004 0.0421838 -0.0560217 -0.00450586 0.0528354 -0.127607 -0.0541693 1 0 0 0 0 0 0 0
345 1 0.1 5.80985 3.37206 0.762692 -0.00837297 -0.0039425 0.00109996 -0.0270195 0.0780693 0.00460148 1 0 0 0 0 0 0 0
346 1 0.1 5.84779 3.91986 0.606951 0.11426 -0.0508488 0.0161199 -0.52513 0.277769 0.228335 1 0 0 0 0 0 0 0
347 1 0.1 6.04388 3.95676 0.595212 0.107127 -0.0158582 0.00130011 0.303476 -0.163484 0.139843 1 0 0 0 0 0 0 0
348 1 0.1 5.99475 4.96915 0.536555 -0.000290413 0.000121041 -0.000122474 -0.00150077 0.0152261 0.0093835 1 0 0 0 0 0 0 0
349 1 0.1 6.19889 4.93097 0.507335 0.000350015 -0.000566537 -0.00150732 -0.0172087 0.000697372 0.117874 1 0 0 0 0 0 0 0
350 1 0.1 6.35565 1.19034 0.583145 0.00859553 -0.00960753 0.00806788 -0.25471 -0.033697 -0.331553 1 0 0 0 0 0 0 0
351 1 0.1 6.22062 1.33745 0.574586 0.0166379 -0.00213254 0.00405066 0.122919 0.118438 0.217214 1 0 0 0 0 0 0 0
352 1 0.1 6.07279 1.47183 0.572511 0.00512346 -0.0148042 0.00629317 -0.109152 -0.100216 -0.044671 1 0 0 0 0 0 0 0
353 1 0.1 5.94856 1.95929 0.762504 -0.00942822 0.0117446 0.000166558 -0.243901 -0.017305 -0.0491831 1 0 0 0 0 0 0 0
354 1 0.1 5.89012 2.85724 0.144429 -0.00128459 0.00831391 -0.0130498 0.0514432 0.128622 0.0487819 1 0 0 0 0 0 0 0
355 1 0.1 5.80713 3.039 0.137473 -0.0168571 0.00170528 -9.04343e-05 0.0277379 0.00900015 0.117416 1 0 0 0 0 0 0 0
356 1 0.1 5.81663 2.64336 0.711547 -0.000881746 -0.00551723 0.00486716 -0.0247044 -0.0290711 -0.0756079 1 0 0 0 0 0 0 0
357 1 0.1 5.85542 2.80992 0.475556 -0.00426078 -0.00617655 -0.000502943 0.206206 0.113618 -0.0528317 1 0 0 0 0 0 0 0
358 1 0.1 5.28493 2.67369 0.762729 0.00142902 0.00470942 0.00115213 -0.0264052 -0.0190957 -0.0224392 1 0 0 0 0 0 0 0
359 1 0.1 5.70458 2.70917 0.559565 0.00316659 -0.0177664 -0.00289519 -0.0807265 -0.0553456 0.144676 1 0 0 0 0 0 0 0
360 1 0.1 5.75253 2.95127 0.57253 -0.00641919 -0.00897452 0.00223051 -0.190199 -0.0718669 0.111044 1 0 0 0 0 0 0 0
361 1 0.1 5.60864 2.85448 0.671549 -0.00575944 -0.00470308 0.00355193 -0.00147079 -0.0189649 -0.0228115 1 0 0 0 0 0 0 0
362 1 0.1 5.42018 2.90104 0.619353 -0.0123543 -0.0104848 -0.000542855 0.0403827 -0.179709 0.260532 1 0 0 0 0 0 0 0
363 1 0.1 5.20827 2.91418 0.582147 -0.0262225 0.0274028 0.00368008 0.11958 -0.0206587 0.485752 1 0 0 0 0 0 0 0
364 1 0.1 5.51415 3.00495 0.762737 -0.00204181 -0.0012633 0.00197809 -0.00692613 0.0106885 -0.0348564 1 0 0 0 0 0 0 0
365 1 0.1 5.36539 3.15562 0.590995 -0.0106464 -0.0019374 0.00377925 0.0412635 -0.0202023 -0.0718333 1 0 0 0 0 0 0 0
366 1 0.1 5.72121 3.14811 0.588783 -0.0110549 -0.00777878 -0.00324511 0.135591 0.0102596 -0.0789524 1 0 0 0 0 0 0 0
367 1 0.1 5.6294 3.23508 0.762606 -0.00339831 -0.00350519 -0.00018627 -0.0356056 0.0340318 0.0168422 1 0 0 0 0 0 0 0
368 1 0.1 5.61102 3.54568 0.579517 0.0125337 -0.0358661 -0.00897946 -0.101954 -0.126583 -0.319106 1 0 0 0 0 0 0 0
369 1 0.1 5.84252 3.64013 0.486776 0.037948 -0.0429803 -0.0229918 0.107373 0.335719 0.207632 1 0 0 0 0 0 0 0
370 1 0.1 5.71461 3.34798 0.58874 -0.0112584 -0.00699601 0.00354924 -0.0443416 -0.0492941 -0.0741389 1 0 0 0 0 0 0 0
371 1 0.1 5.74492 3.25606 0.41375 -0.00659928 -0.0188841 0.0102047 -0.0835725 -0.0615904 0.0235458 1 0 0 0 0 0 0 0
372 1 0.1 5.95315 4.04463 0.440165 0.0812175 -0.0194651 0.0150931 -0.385384 -0.254004 0.231993 1 0 0 0 0 0 0 0
373 1 0.1 6.01173 4.49816 0.591876 0.00218435 -0.0103 0.000282516 -0.0116767 -0.0649343 0.104395 1 0 0 0 0 0 0 0
374 1 0.1 6.10155 4.67679 0.58955 -0.0366791 0.00929256 -0.012099 -0.0443338 -8.67216e-05 0.199646 1 0 0 0 0 0 0 0
375 1 0.1 6.12566 0.897485 0.750165 -0.000580566 0.000769658 0.000316859 -0.0024875 -0.00393673 0.00743808 1 0 0 0 0 0 0 0
376 1 0.1 5.84873 1.17766 0.762662 0.000123835 0.0013216 0.000940226 0.0503227 0.0525471 -0.0201115 1 0 0 0 0 0 0 0
377 1 0.1 5.71073 1.32093 0.744319 0.00310754 0.00882021 0.00605764 0.0506837 -0.0167647 0.0279788 1 0 0 0 0 0 0 0
378 1 0.1 5.56828 1.45992 0.727799 -0.0051607 0.00419176 0.0127132 0.128888 -0.0612379 0.0778867 1 0 0 0 0 0 0 0
379 1 0.1 5.45762 1.62575 0.736741 -0.00139256 0.00844383 0.0228089 0.498762 -0.658833 -0.168894 1 0 0 0 0 0 0 0
380 1 0.1 5.28952 1.73021 0.754675 -0.00534345 0.00228695 -0.00349492 -0.01703 0.188315 0.197964 1 0 0 0 0 0 0 0
381 1 0.1 5.14323 1.87835 0.750019 0.00439835 -0.005738 9.54812e-05 0.00507492 0.00347583 -0.0142694 1 0 0 0 0 0 0 0
382 1 0.1 5.00391 2.02111 0.762962 0.0051651 -0.00515249 0.0017959 -0.0232098 -0.0694078 -0.0335468 1 0 0 0 0 0 0 0
383 1 0.1 4.86121 2.1597 0.750018 0.00684108 -0.0117695 -0.0117275 -0.155822 0.0310991 -0.160092 1 0 0 0 0 0 0 0
384 1 0.1 4.80868 2.34973 0.727176 0.023367 -0.0156857 0.00254475 0.236615 0.206401 -0.0203739 1 0 0 0 0 0 0 0
385 1 0.1 4.37564 2.64171 0.542494 -0.00955689 0.0332278 0.0120801 -0.0345098 -0.13038 0.26772 1 0 0 0 0 0 0 0
386 1 0.1 4.18962 2.90975 0.757561 -0.0076879 -0.00990488 -0.00874444 0.0169992 0.0777548 -0.144778 1 0 0 0 0 0 0 0
387 1 0.1 4.19036 3.10863 0.763039 -0.000785205 -0.0066395 0.00187689 -0.178009 -0.208498 -0.236065 1 0 0 0 0 0 0 0
388 1 0.1 4.29904 3.27474 0.739087 -0.0034249 -0.0027299 0.00627787 -0.0353198 -0.0529455 -0.0330827 1 0 0 0 0 0 0 0
389 1 0.1 4.54065 3.39782 0.763885 0.00818757 0.00807019 0.00252696 -0.127255 -0.128982 0.191129 1 0 0 0 0 0 0 0
390 1 0.1 4.63024 3.57297 0.762811 0.00336155 0.00774847 -0.00294996 0.0791653 0.240258 -0.111994 1 0 0 0 0 0 0 0
391 1 0.1 4.74968 3.72837 0.756 0.00360587 0.00303786 -0.00540068 0.0250504 0.0120694 0.0574772 1 0 0 0 0 0 0 0
392 1 0.1 4.89227 3.85774 0.716046 0.00695504 -0.00621798 -0.00838076 -0.116778 -0.0496846 -0.137082 1 0 0 0 0 0 0 0
393 1 0.1 5.02253 3.99926 0.761463 0.0135213 -0.0134953 -0.00369667 -0.00733814 -0.0823342 -0.0292749 1 0 0 0 0 0 0 0
394 1 0.1 5.15873 4.14246 0.756127 0.000291782 -0.0021283 0.0102213 0.0436992 -0.106397 0.235505 1 0 0 0 0 0 0 0
395 1 0.1 5.29892 4.28443 0.749947 -0.00136824 -0.0015196 0.00212604 -0.0168482 -0.0017421 -0.068955 1 0 0 0 0 0 0 0
396 1 0.1 5.44046 4.42527 0.7503 0.00399881 -0.00843631 0.00232144 -0.0013398 0.00185146 0.00220872 1 0 0 0 0 0 0 0
397 1 0.1 5.58151 4.56685 0.74964 -0.00133389 -0.00336665 1.12695e-05 -0.0267727 -0.0273203 -0.0291749 1 0 0 0 0 0 0 0
398 1 0.1 5.76942 4.74228 0.761423 -0.00693679 -0.00776818 -0.00221118 -0.0150366 0.0388131 -0.101236 1 0 0 0 0 0 0 0
399 1 0.1 5.9092 4.88558 0.749867 0.000267652 9.55359e-05 -0.000217183 -0.000964751 0.0139259 -0.0160285 1 0 0 0 0 0 0 0
400 1 0.1 6.26801 0.757264 0.756152 -0.000157977 0.000415269 0.000584614 0.00713053 -0.00140187 0.000544568 1 0 0 0 0 0 0 0
401 1 0.1 5.99501 1.04697 0.727121 -0.00953997 -0.00714936 -0.0121371 -0.0619816 -0.0502015 -0.129547 1 0 0 0 0 0 0 0
402 1 0.1 5.80507 1.49624 0.762519 -0.0233938 0.0255102 3.32425e-05 -0.173873 -0.0823627 0.268553 1 0 0 0 0 0 0 0
403 1 0.1 5.7157 1.60616 0.621444 -0.0563147 -0.0230532 -0.0164491 0.0793908 0.270878 0.371477 1 0 0 0 0 0 0 0
404 1 0.1 5.63165 1.7184 0.762587 0.00553621 -0.00442549 0.000602574 -0.583022 0.854576 0.0104541 1 0 0 0 0 0 0 0
405 1 0.1 5.46318 1.82627 0.745443 -0.00959653 0.00558665 -0.0104725 0.07024 -0.0747128 -0.153141 1 0 0 0 0 0 0 0
406 1 0.1 5.41823 2.0199 0.762736 0.00659265 0.00531864 -0.00370042 0.0549103 -0.0726008 -0.00243069 1 0 0 0 0 0 0 0
407 1 0.1 5.34572 2.11528 0.603177 0.00271621 -0.00364657 -0.00534659 -0.0736613 0.000623599 0.18977 1 0 0 0 0 0 0 0
408 1 0.1 5.08359 2.20422 0.76285 -0.00046538 -0.00195383 -0.000708889 -0.103158 0.142942 -0.020087 1 0 0 0 0 0 0 0
409 1 0.1 4.84137 2.54182 0.764865 0.0391579 -0.0277584 -0.00306518 -0.29479 -0.30061 -0.168247 1 0 0 0 0 0 0 0
410 1 0.1 4.28665 2.73889 0.763245 -0.000985751 0.00471906 0.00328423 -0.0624447 -0.224609 0.415218 1 0 0 0 0 0 0 0
411 1 0.1 4.46122 2.82746 0.762828 0.00966822 -0.0132994 -0.00332539 0.0724242 -0.119244 -0.264765 1 0 0 0 0 0 0 0
412 1 0.1 4.37457 3.0513 0.763939 0.00109171 0.00698549 -0.00275445 0.0844192 -0.174769 0.441515 1 0 0 0 0 0 0 0
413 1 0.1 4.49049 3.20894 0.763652 0.00638527 0.00501715 0.00140062 0.244483 -0.062267 -0.148396 1 0 0 0 0 0 0 0
414 1 0.1 4.87816 3.36422 0.587503 0.00150341 -0.00110916 0.00178548 -0.155873 -0.128726 -0.016841 1 0 0 0 0 0 0 0
415 1 0.1 4.78727 3.53398 0.646217 0.00104249 0.00551112 -0.012886 -0.065144 0.0169685 -0.105261 1 0 0 0 0 0 0 0
416 1 0.1 5.12893 3.54706 0.763106 0.00165926 0.00439619 0.00245046 0.0441608 0.121417 -0.0442068 1 0 0 0 0 0 0 0
417 1 0.1 5.05188 3.7488 0.762921 0.00267226 0.000725661 6.66992e-07 -0.00488565 -0.0292864 -0.0355788 1 0 0 0 0 0 0 0
418 1 0.1 5.19119 3.89214 0.762549 0.0145853 -0.0118213 -0.000575235 0.0259594 0.0265173 0.0203073 1 0 0 0 0 0 0 0
419 1 0.1 5.35076 4.0906 0.759586 -0.000774932 -0.00190259 -0.00190803 0.148 0.0805674 -0.0886347 1 0 0 0 0 0 0 0
420 1 0.1 5.49181 4.23192 0.762612 -0.000371572 -0.00413845 0.000362521 -0.00321244 0.027572 0.103227 1 0 0 0 0 0 0 0
421 1 0.1 5.63317 4.37392 0.762506 0.00357004 -0.00674369 -0.000296056 0.00155966 0.0261845 0.00689357 1 0 0 0 0 0 0 0
422 1 0.1 5.77321 4.52303 0.714167 -0.00167202 -0.00808746 -0.00173632 -0.0443274 0.0608507 -0.00268446 1 0 0 0 0 0 0 0
423 1 0.1 5.90705 4.66087 0.641742 -0.0142394 -0.0168295 -0.00668779 -0.110349 0.0903039 0.0885523 1 0 0 0 0 0 0 0
424 1 0.1 6.19685 5.16944 0.762513 0.000619431 0.000572737 -6.45522e-05 -0.00796594 -0.0177731 0.00388408 1 0 0 0 0 0 0 0
425 1 0.1 6.40829 0.614953 0.750026 -0.000155893 0.000232371 1.12327e-05 0.00180192 0.00124024 0.00167901 1 0 0 0 0 0 0 0
426 1 0.1 6.13883 1.18123 0.762506 -0.0147758 -0.00427737 -4.12564e-05 0.00600359 -0.169013 0.152362 1 0 0 0 0 0 0 0
427 1 0.1 5.9703 1.34197 0.762618 -0.00200267 -0.00510002 0.000307152 -0.047339 0.0225792 -0.00342439 1 0 0 0 0 0 0 0
428 1 0.1 5.96372 1.7168 0.759918 -0.00541186 -0.00756378 0.0300832 0.13767 0.0247251 0.028116 1 0 0 0 0 0 0 0
429 1 0.1 5.79781 1.82793 0.763023 0.000295802 0.000556775 0.00142502 0.240902 -0.41901 -0.207298 1 0 0 0 0 0 0 0
430 1 0.1 5.62923 1.93473 0.762626 -0.00258256 -0.00469784 -0.000465404 -0.0335251 0.0176745 0.0365565 1 0 0 0 0 0 0 0
431 1 0.1 5.58912 2.13002 0.7629 -0.00124047 -0.0057542 -0.000233239 0.0502038 0.038579 -0.0363989 1 0 0 0 0 0 0 0
432 1 0.1 5.40108 2.22219 0.762569 -0.0130289 -0.00302273 -0.000170104 0.104388 -0.117753 -0.0859925 1 0 0 0 0 0 0 0
433 1 0.1 5.40513 2.46543 0.583606 -0.0193553 -0.000168507 -0.00397539 -0.164644 -0.0939058 -0.354714 1 0 0 0 0 0 0 0
434 1 0.1 5.00635 2.42908 0.762578 0.0706298 0.00356843 -0.00528584 0.148094 -0.192268 0.217556 1 0 0 0 0 0 0 0
435 1 0.1 5.00748 2.70116 0.763706 0.00211397 0.00109641 0.00142594 0.0136859 -0.0402965 -0.0435934 1 0 0 0 0 0 0 0
436 1 0.1 4.66697 2.66985 0.767752 0.0345922 -0.0593602 0.00429519 -0.566597 -0.424062 0.413865 1 0 0 0 0 0 0 0
437 1 0.1 4.64521 3.11013 0.570277 -0.0214775 -0.00451116 -0.0150474 1.23529 0.782282 -0.800774 1 0 0 0 0 0 0 0
438 1 0.1 4.68951 3.19536 0.761941 0.00596305 0.0130124 0.0120795 0.0367751 -0.0434194 0.2162 1 0 0 0 0 0 0 0
439 1 0.1 4.78229 3.37182 0.762646 -0.00439382 0.0159534 -0.000156482 -0.125094 0.161162 -0.105993 1 0 0 0 0 0 0 0
440 1 0.1 5.06441 3.35927 0.763069 0.00620119 0.00629208 -0.00094288 0.0571948 -0.0639668 0.161421 1 0 0 0 0 0 0 0
441 1 0.1 5.28576 3.66926 0.762866 -0.0011957 0.00116468 -0.000478302 -0.0839987 0.110804 0.0603409 1 0 0 0 0 0 0 0
442 1 0.1 5.2855 3.78892 0.604155 0.00453799 -0.00605046 -2.18965e-05 -0.0332385 -0.0587612 0.0375862 1 0 0 0 0 0 0 0
443 1 0.1 5.38919 3.85149 0.760965 0.00563559 0.00768663 -0.0132346 -0.308742 0.0167336 -0.0792981 1 0 0 0 0 0 0 0
444 1 0.1 5.52581 3.99514 0.763623 0.00194671 0.00398701 0.00284822 0.0761615 -0.288369 0.183725 1 0 0 0 0 0 0 0
445 1 0.1 5.66661 4.13577 0.762735 -2.10735e-05 -0.00123082 -0.0004374 -0.0157555 0.00882266 -0.0703111 1 0 0 0 0 0 0 0
446 1 0.1 5.80757 4.2762 0.762819 0.00345117 -0.00455513 -3.29211e-05 -0.0257293 -0.0258584 0.00589364 1 0 0 0 0 0 0 0
447 1 0.1 5.94035 4.42467 0.762658 0.000816268 -0.00556957 -0.000597118 -0.0510589 -0.0161643 0.00923937 1 0 0 0 0 0 0 0
448 1 0.1 6.07373 4.77293 0.762656 -0.000692408 -0.00198914 0.000364052 -0.0528858 0.018363 -0.00305774 1 0 0 0 0 0 0 0
449 1 0.1 6.33595 5.3125 0.750023 0.000113887 0.000169318 0.000295323 -0.0058039 0.000802035 -0.00214009 1 0 0 0 0 0 0 0
450 1 0.1 6.41161 0.848759 0.651374 0.000841424 -0.00415584 -0.00205558 0.0480704 0.0673567 0.0334809 1 0 0 0 0 0 0 0
451 1 0.1 6.27891 0.997207 0.669392 0.00275671 -0.00325787 0.00154276 -0.016383 -0.0220848 -0.0468524 1 0 0 0 0 0 0 0
452 1 0.1 6.16675 1.37923 0.762535 -0.00123103 -0.00576061 -0.0002474 -0.0569504 0.00401013 0.00936745 1 0 0 0 0 0 0 0
453 1 0.1 6.03626 1.53066 0.762076 -0.00225376 -0.00615697 0.0052717 0.108978 0.0226664 0.00395032 1 0 0 0 0 0 0 0
454 1 0.1 5.7794 2.06583 0.762708 -0.0126231 0.00599865 0.000530551 0.149805 0.0728533 0.116406 1 0 0 0 0 0 0 0
455 1 0.1 5.70638 2.28275 0.709864 0.00174881 -0.00886729 0.00337768 0.0211344 0.00638792 -0.0200705 1 0 0 0 0 0 0 0
456 1 0.1 5.52868 2.37518 0.74763 -0.00507619 -0.00983898 0.00966506 -0.0420317 0.0389692 -0.0142677 1 0 0 0 0 0 0 0
457 1 0.1 5.55127 2.38544 0.467505 -0.00903637 -0.0103631 -0.00633891 -0.0438782 -0.199095 -0.039086 1 0 0 0 0 0 0 0
458 1 0.1 5.33137 2.41231 0.76252 -0.0262032 0.0134015 -5.36591e-05 -0.0132993 -0.062056 0.446306 1 0 0 0 0 0 0 0
459 1 0.1 5.4627 2.56314 0.763106 0.000223992 -0.00832144 -0.000279305 -0.0772868 -0.0114077 -0.0404225 1 0 0 0 0 0 0 0
460 1 0.1 5.13226 2.51977 0.636414 -0.525515 0.218174 -0.452234 0.611796 5.30494 3.56281 1 0 0 0 0 0 0 0
461 1 0.1 4.81126 2.81967 0.762571 -0.0246748 0.00840795 0.000455914 0.10792 0.264678 0.280818 1 0 0 0 0 0 0 0
462 1 0.1 4.72157 2.99839 0.763012 -0.0107155 0.013752 0.00235436 0.0788494 -0.125188 -0.372177 1 0 0 0 0 0 0 0
463 1 0.1 5.08271 3.08714 0.579342 -0.00706706 0.00862419 0.0059776 -0.0550067 0.13295 -0.279099 1 0 0 0 0 0 0 0
464 1 0.1 4.88923 3.20271 0.758031 0.00431465 0.0326643 -0.00556706 -0.0339261 0.219604 -0.0154573 1 0 0 0 0 0 0 0
465 1 0.1 5.27024 3.35636 0.592841 -0.0179388 0.00290975 0.00429722 -0.0865951 0.0516977 -0.094525 1 0 0 0 0 0 0 0
466 1 0.1 5.47477 3.59725 0.762691 -0.0112622 0.0203861 -0.00706244 0.0487673 0.0614597 0.0034562 1 0 0 0 0 0 0 0
467 1 0.1 5.47179 3.71358 0.600546 -0.00577306 0.00651822 0.000230682 0.017989 0.0110848 -0.0327388 1 0 0 0 0 0 0 0
468 1 0.1 5.57254 3.77172 0.762709 -0.000238457 -0.000686068 -5.28663e-05 -0.00595748 0.0147252 -0.00366321 1 0 0 0 0 0 0 0
469 1 0.1 5.71112 3.92051 0.758607 -0.00630138 -0.0166263 -0.0270709 0.106328 -0.0272949 -0.220982 1 0 0 0 0 0 0 0
470 1 0.1 5.94214 3.99754 0.763447 0.0637611 0.00694008 0.00478487 0.0506985 -0.601249 0.270291 1 0 0 0 0 0 0 0
471 1 0.1 6.00859 4.18869 0.762911 0.0281753 0.00686036 0.00260989 0.0635886 -0.256293 -0.0688446 1 0 0 0 0 0 0 0
472 1 0.1 6.1028 4.33896 0.671034 0.0270161 0.0104802 0.00994316 -0.10757 0.0472033 0.210023 1 0 0 0 0 0 0 0
473 1 0.1 6.0554 5.02821 0.762435 0.000904302 0.00148414 -0.00114314 0.017287 -0.000675992 0.0144091 1 0 0 0 0 0 0 0
474 1 0.1 6.20686 4.91075 0.706042 -0.00234657 -0.00177448 -0.00174257 0.0322824 -0.0365586 -0.040354 1 0 0 0 0 0 0 0
475 1 0.1 6.42514 1.09651 0.762567 4.34848e-05 -0.000415479 0.000579761 -0.00521546 0.00499176 0.0724311 1 0 0 0 0 0 0 0
476 1 0.1 6.33854 1.27684 0.762552 0.00672598 0.00772928 -0.000115946 0.0707749 -0.0843578 0.168144 1 0 0 0 0 0 0 0
477 1 0.1 6.02213 1.85666 0.607445 -0.0332391 -0.0267267 0.0144685 -0.13335 -0.0743595 -0.015597 1 0 0 0 0 0 0 0
478 1 0.1 5.95576 2.15992 0.76252 -0.0084301 -0.00543211 -0.000251549 -0.0787519 0.0470329 -0.212248 1 0 0 0 0 0 0 0
479 1 0.1 5.88397 2.35797 0.762517 0.00173148 -0.0068371 0.000477364 -0.0508094 0.00814346 0.034304 1 0 0 0 0 0 0 0
480 1 0.1 5.86014 3.17866 0.755905 -0.00452546 -0.00233806 -0.00350587 0.0386815 0.0586667 0.0411738 1 0 0 0 0 0 0 0
481 1 0.1 5.78643 2.8605 0.762564 -0.00464526 -0.00335282 0.000303396 -0.0340549 0.0479541 0.0198136 1 0 0 0 0 0 0 0
482 1 0.1 5.72177 2.47489 0.762623 0.00203903 -0.00884733 -0.00107801 -0.0952089 -0.0256997 0.0140185 1 0 0 0 0 0 0 0
483 1 0.1 5.67997 2.49998 0.568944 0.00322947 -0.0211387 -0.00411354 -0.0176871 -0.0233868 0.103215 1 0 0 0 0 0 0 0
484 1 0.1 5.62636 2.67755 0.762531 -0.002223 -0.005874 5.79609e-05 0.0448264 -0.0232037 0.0763713 1 0 0 0 0 0 0 0
485 1 0.1 5.31491 2.99248 0.762654 -0.00354508 0.00033238 -0.00041047 -0.0187801 -0.0274766 0.0185617 1 0 0 0 0 0 0 0
486 1 0.1 5.1601 2.82953 0.756659 -0.00106235 0.00318231 0.000290258 -0.000706572 0.0391641 0.062475 1 0 0 0 0 0 0 0
487 1 0.1 4.92109 2.99358 0.755008 -0.00656501 -0.0131872 -0.00336233 0.0591518 -0.145988 0.171438 1 0 0 0 0 0 0 0
488 1 0.1 5.11833 3.0246 0.763471 -0.00415329 0.00336584 0.000420523 0.0202661 0.0242725 -0.0492944 1 0 0 0 0 0 0 0
489 1 0.1 5.19167 3.20807 0.732918 -0.0349157 -0.00423121 -0.119586 -0.371343 2.18593 -0.0562038 1 0 0 0 0 0 0 0
490 1 0.1 5.42868 3.23572 0.762646 -0.00537902 -0.00409908 0.000858472 -0.0434652 0.0549567 0.0114219 1 0 0 0 0 0 0 0
491 1 0.1 5.33536 3.4384 0.762735 -0.00568294 0.00456425 -0.000841092 0.0451923 0.0645238 0.0316414 1 0 0 0 0 0 0 0
492 1 0.1 5.59327 3.43653 0.753003 -0.102196 0.0122997 0.097802 -1.47846 -1.50026 -1.50324 1 0 0 0 0 0 0 0
493 1 0.1 5.70936 3.04755 0.761894 -0.00164436 -0.00504913 -0.000671037 0.01194 0.0240651 -0.00421946 1 0 0 0 0 0 0 0
494 1 0.1 5.69509 3.60817 0.762931 0.0137958 -0.033876 -8.32596e-05 -0.265781 -0.160949 -0.0129282 1 0 0 0 0 0 0 0
495 1 0.1 5.82746 3.75791 0.757834 -0.00412645 -0.0153681 -0.0219824 -0.143671 -0.0192696 0.253003 1 0 0 0 0 0 0 0
496 1 0.1 5.84986 3.5373 0.657862 0.0115709 -0.0188022 -0.0100253 -0.337798 -0.942366 0.298276 1 0 0 0 0 0 0 0
497 1 0.1 6.06455 4.18328 0.531575 0.0555251 4.77136e-05 0.0215051 -0.0655373 -0.475242 -0.27372 1 0 0 0 0 0 0 0
498 1 0.1 6.08244 4.57355 0.762552 -0.00586025 -0.00123391 -0.000722687 0.0641488 -0.0459913 0.0297541 1 0 0 0 0 0 0 0
499 1 0.1 6.24736 4.68068 0.726398 -0.0107958 -0.0060035 -0.0372159 -0.0764227 0.484966 -0.0892048 1 0 0 0 0 0 0 0
