500
0 1 0.1 6.00333 1.01319 0.150276 -0.00146892 0.00128217 -0.000550349 0.00571422 0.00262352 0.011993 1 0 0 0 0 0 0 0
1 1 0.1 5.86298 1.15542 0.143757 -0.000814062 0.00487707 0.000890601 -0.00608241 -0.0170312 0.0473689 1 0 0 0 0 0 0 0
2 1 0.1 5.69192 1.33573 0.137519 0.00790363 -0.00389337 -0.00221709 -0.00641975 0.0231626 -0.045902 1 0 0 0 0 0 0 0
3 1 0.1 5.3484 1.67744 0.141974 -0.0216038 0.02577 0.0183955 0.0420201 -0.220158 0.304043 1 0 0 0 0 0 0 0
4 1 0.1 5.49233 1.79822 0.301185 -0.0557898 0.0646768 0.0165859 0.0561998 0.516601 -0.270794 1 0 0 0 0 0 0 0
5 1 0.1 5.15224 1.87303 0.137715 -0.0325 0.0236139 0.011376 -0.0905024 0.0884005 -0.0947 1 0 0 0 0 0 0 0
6 1 0.1 5.00994 2.01344 0.137422 -0.0298401 0.0382067 0.00792574 -0.0870476 0.0376482 -0.0192398 1 0 0 0 0 0 0 0
7 1 0.1 4.83327 2.19055 0.152478 -0.0515869 0.0494152 0.016753 0.3589 0.152185 0.648873 1 0 0 0 0 0 0 0
8 1 0.1 4.62956 2.67611 0.135989 -0.109729 0.0500507 -0.00769386 -0.531376 -1.07221 0.133558 1 0 0 0 0 0 0 0
9 1 0.1 4.7635 2.53493 0.261582 -0.295573 0.170909 -0.0616414 0.0722899 -0.0149606 -0.0965295 1 0 0 0 0 0 0 0
10 1 0.1 4.22796 2.79566 0.141106 -0.00201985 0.000783937 0.00339572 0.0098662 -0.0216981 0.00432189 1 0 0 0 0 0 0 0
11 1 0.1 4.1942 2.83906 0.345151 -0.0326355 0.141904 0.166784 -1.0321 -1.64965 1.2074 1 0 0 0 0 0 0 0
12 1 0.1 4.18975 2.99168 0.146809 0.000415783 0.00239588 0.00180588 -0.0331205 -0.0111588 -0.00171843 1 0 0 0 0 0 0 0
13 1 0.1 4.21605 3.18931 0.13707 0.00692968 0.00756194 0.000502291 0.0388194 0.115005 -0.043401 1 0 0 0 0 0 0 0
14 1 0.1 4.35663 3.33036 0.141768 0.00847521 0.00508342 -0.00295181 0.0809168 -0.0728172 -0.167835 1 0 0 0 0 0 0 0
15 1 0.1 4.49383 3.46246 0.212179 0.00203604 0.00714806 -0.00378232 -0.0403011 0.0351388 0.0525157 1 0 0 0 0 0 0 0
16 1 0.1 4.70873 3.41163 0.134186 0.0488131 -0.00065511 -0.00594524 -0.101639 0.440047 -0.0611988 1 0 0 0 0 0 0 0
17 1 0.1 4.62274 3.59592 0.137924 0.00232213 -0.00140646 -0.0205628 0.0548276 0.233812 -0.0416512 1 0 0 0 0 0 0 0
18 1 0.1 4.76408 3.73734 0.138176 0.00648915 -0.00248831 -0.0424925 -0.00364621 0.0703024 -0.0095156 1 0 0 0 0 0 0 0
19 1 0.1 5.16085 4.1394 0.174517 -0.00292754 -0.00683983 -0.00101455 -0.00292063 -8.00907e-05 -0.0202982 1 0 0 0 0 0 0 0
20 1 0.1 5.29899 4.27937 0.138587 -0.0025415 -0.00374166 -2.89029e-05 0.00644839 -0.00335899 0.00337355 1 0 0 0 0 0 0 0
21 1 0.1 5.4384 4.42228 0.14957 -0.001819 -0.00252778 0.00241483 -0.000976984 -0.0296554 -0.0110373 1 0 0 0 0 0 0 0
22 1 0.1 5.58172 4.56665 0.148228 -4.25771e-05 1.81716e-05 -0.0018847 0.0278617 0.0145783 -0.0182245 1 0 0 0 0 0 0 0
23 1 0.1 5.72292 4.70812 0.149782 -6.917e-05 -0.00015998 -0.00048801 0.0105489 -0.00531877 0.00842354 1 0 0 0 0 0 0 0
24 1 0.1 6.00561 4.99071 0.149987 -6.4754e-05 -0.00015144 -0.000176885 0.00301097 0.000482494 0.00160845 1 0 0 0 0 0 0 0
25 1 0.1 6.14468 0.871779 0.149974 -0.000675952 0.000969922 -0.000177967 -0.00595372 -0.00225496 0.00213257 1 0 0 0 0 0 0 0
26 1 0.1 5.891 1.3538 0.137514 0.00250606 0.0180479 -0.00923665 -0.0323841 0.0424185 0.275835 1 0 0 0 0 0 0 0
27 1 0.1 5.87073 1.55324 0.137476 -0.082042 0.0243466 -0.00218114 -0.0375355 0.333964 -0.00914176 1 0 0 0 0 0 0 0
28 1 0.1 5.55077 1.47709 0.137202 0.000508377 0.00141541 -0.00148441 -0.0131044 0.00635169 0.134599 1 0 0 0 0 0 0 0
29 1 0.1 5.60038 1.83618 0.137432 -0.0466954 0.015514 0.00447032 -0.157721 -0.4321 -0.402556 1 0 0 0 0 0 0 0
30 1 0.1 5.40322 1.86951 0.137362 -0.0546025 0.0438346 0.0019279 -0.426596 -0.526932 0.119099 1 0 0 0 0 0 0 0
31 1 0.1 5.29643 2.03822 0.135217 -0.0607481 0.0604732 -0.0107184 0.965528 -0.674628 -0.139822 1 0 0 0 0 0 0 0
32 1 0.1 5.01417 2.27522 0.143416 -0.148064 0.255316 -0.0117887 0.0722249 0.562665 -0.201603 1 0 0 0 0 0 0 0
33 1 0.1 4.51045 2.51272 0.142899 0.0198461 0.0333737 -0.147844 -0.707384 0.39267 0.122236 1 0 0 0 0 0 0 0
34 1 0.1 4.89233 2.66392 0.132473 -0.0697582 0.403764 0.00282412 -4.09844 -0.66206 -0.465988 1 0 0 0 0 0 0 0
35 1 0.1 4.36889 2.65392 0.144067 -0.00226701 0.00535242 -0.00153564 0.0418938 0.0363505 0.0438243 1 0 0 0 0 0 0 0
36 1 0.1 4.86169 2.76975 0.28819 0.153988 0.472325 0.0112743 1.90265 1.0898 -1.88171 1 0 0 0 0 0 0 0
37 1 0.1 4.37879 2.92762 0.137392 0.00332707 0.0113882 -0.00334338 -0.08107 0.0682136 0.101391 1 0 0 0 0 0 0 0
38 1 0.1 4.40553 3.12576 0.13993 0.0093405 0.0115817 -0.00187641 0.0911619 0.0382546 -0.0300143 1 0 0 0 0 0 0 0
39 1 0.1 4.55143 3.28835 0.136776 0.0111839 0.0224033 -0.004106 0.0189029 0.106362 0.157379 1 0 0 0 0 0 0 0
40 1 0.1 4.85938 3.25689 0.234229 0.112139 0.0892608 -0.0553949 1.17705 -0.15025 -0.712159 1 0 0 0 0 0 0 0
41 1 0.1 4.98725 3.6394 0.134015 0.0277435 0.015107 0.000708953 -0.168263 0.332649 0.0828433 1 0 0 0 0 0 0 0
42 1 0.1 5.15042 3.75284 0.136997 0.0372898 0.0135475 -8.8165e-05 -0.359236 0.452825 0.524859 1 0 0 0 0 0 0 0
43 1 0.1 5.15073 3.87792 0.290253 0.0332369 0.0366107 -0.0174972 -0.313939 -0.407712 -0.314924 1 0 0 0 0 0 0 0
44 1 0.1 5.44168 4.00386 0.137247 -0.00702525 0.000923124 -0.000899623 -0.00702033 -0.0631047 0.00981636 1 0 0 0 0 0 0 0
45 1 0.1 5.54488 4.19318 0.135519 -0.00483469 -0.00204498 0.000286913 0.0405254 -0.0602587 0.0153714 1 0 0 0 0 0 0 0
46 1 0.1 5.6385 4.36926 0.146883 0.00506784 -0.00572811 -0.00997479 0.0493843 -0.0770741 0.0196029 1 0 0 0 0 0 0 0
47 1 0.1 5.77443 4.5154 0.137312 0.000151385 0.000881184 0.000179563 0.0252004 0.0180901 0.0172437 1 0 0 0 0 0 0 0
48 1 0.1 5.86425 4.84939 0.150093 -0.000242334 -0.000125746 3.45054e-05 -0.00391356 0.00203635 -0.00240572 1 0 0 0 0 0 0 0
49 1 0.1 6.147 5.13208 0.149998 -4.37621e-05 -0.000100527 2.16322e-05 0.000151246 -0.000410316 6.63488e-05 1 0 0 0 0 0 0 0
50 1 0.1 6.28609 0.730385 0.150004 -0.000495842 0.000763473 4.43375e-05 0.000555718 0.000568865 0.00924436 1 0 0 0 0 0 0 0
51 1 0.1 6.05253 1.21845 0.137399 -0.00113231 0.0118363 -0.000331167 -0.0924435 -0.00433331 -0.0116625 1 0 0 0 0 0 0 0
52 1 0.1 5.96456 1.75597 0.137482 -0.0635153 0.031526 0.0164307 0.160424 0.104693 0.319163 1 0 0 0 0 0 0 0
53 1 0.1 5.76711 1.72424 0.137391 -0.0523506 0.0444015 0.00315932 -0.467324 -0.468647 -0.127943 1 0 0 0 0 0 0 0
54 1 0.1 5.7538 1.96396 0.147372 -0.0486858 0.0232523 0.0481331 -0.0305329 -0.273924 0.45196 1 0 0 0 0 0 0 0
55 1 0.1 5.5241 1.98725 0.244559 -0.022629 0.0428907 -0.0339224 0.243791 0.665787 0.0567903 1 0 0 0 0 0 0 0
56 1 0.1 5.44777 2.16753 0.150763 -0.0581018 0.0415762 -0.0152602 0.126084 0.470337 0.0674454 1 0 0 0 0 0 0 0
57 1 0.1 5.25792 2.22905 0.158197 -0.0528286 0.0400813 0.0677419 -1.5608 -0.181803 0.312103 1 0 0 0 0 0 0 0
58 1 0.1 5.01285 2.38705 0.325481 -0.294793 0.224954 0.00943276 -0.825921 -0.216816 1.65434 1 0 0 0 0 0 0 0
59 1 0.1 4.76481 2.37773 0.137045 -0.0624548 0.0380845 -0.0125345 -0.399015 -0.479961 0.30753 1 0 0 0 0 0 0 0
60 1 0.1 5.05663 2.75253 0.268363 0.106982 0.043643 -0.118339 1.84234 0.153373 -3.79634 1 0 0 0 0 0 0 0
61 1 0.1 4.75915 2.84557 0.136032 -0.0374086 0.250227 0.00139867 -2.545 -0.451901 5.9773 1 0 0 0 0 0 0 0
62 1 0.1 4.86492 3.04045 0.136769 0.0201896 0.0446788 -0.00963902 -0.421706 0.187249 -0.290152 1 0 0 0 0 0 0 0
63 1 0.1 4.61201 2.98234 0.135295 0.148022 -0.0818816 0.0108197 1.16889 2.42947 0.0582007 1 0 0 0 0 0 0 0
64 1 0.1 4.71035 3.1676 0.136438 0.0764395 0.11513 -0.00622699 -1.15888 0.756947 0.458711 1 0 0 0 0 0 0 0
65 1 0.1 4.90399 3.57559 0.297817 0.0736015 -0.0158318 0.0129012 0.242124 0.0991891 0.493479 1 0 0 0 0 0 0 0
66 1 0.1 5.27359 3.59685 0.136931 0.0248041 0.0128693 -0.0017413 -0.291742 0.24303 -0.186856 1 0 0 0 0 0 0 0
67 1 0.1 5.37351 3.80912 0.137257 0.0344009 0.00914153 -0.00167253 -0.0951755 0.330035 0.022752 1 0 0 0 0 0 0 0
68 1 0.1 5.24459 3.96181 0.136813 0.0393958 0.00974709 -0.00811864 -0.0300883 0.319364 0.142198 1 0 0 0 0 0 0 0
69 1 0.1 5.60803 4.01882 0.368002 -0.00217056 0.0312463 -6.81989e-05 -0.00647801 0.143328 -0.00281928 1 0 0 0 0 0 0 0
70 1 0.1 5.67959 4.19016 0.295072 -0.00201565 0.0215928 0.000205418 -0.0733996 0.0314684 -0.0495804 1 0 0 0 0 0 0 0
71 1 0.1 5.79262 4.23415 0.137124 -0.00111809 0.00600272 -0.000445213 -0.0344269 -0.0166004 -0.0322032 1 0 0 0 0 0 0 0
72 1 0.1 5.92496 4.38379 0.13748 0.00195699 0.00325326 -0.000636915 0.0122289 0.0105559 -0.00528018 1 0 0 0 0 0 0 0
73 1 0.1 6.15249 4.85283 0.137007 0.000506331 0.0024999 -0.000516102 -0.0350329 0.0134957 0.0349678 1 0 0 0 0 0 0 0
74 1 0.1 6.3928 5.36935 0.150071 0.00171411 0.00158276 -0.000205791 0.00242906 0.00101535 0.0231036 1 0 0 0 0 0 0 0
75 1 0.1 6.29892 0.956482 0.259384 0.00886995 -0.00206048 0.00456267 -0.137372 -0.158583 -0.0502372 1 0 0 0 0 0 0 0
76 1 0.1 6.19379 1.07457 0.137329 0.00974268 -0.00874752 -0.00150456 0.0834704 0.0893054 0.108433 1 0 0 0 0 0 0 0
77 1 0.1 6.08239 1.59448 0.137354 -0.0211358 0.0516342 -0.00248717 0.129472 -0.0564183 0.0615736 1 0 0 0 0 0 0 0
78 1 0.1 5.99247 1.94365 0.202683 -0.00981241 -0.0249918 -0.0288761 0.0744929 0.915996 -0.294513 1 0 0 0 0 0 0 0
79 1 0.1 5.72861 2.22701 0.290345 -0.0616937 0.00246017 -0.00301079 0.164519 0.227829 0.150522 1 0 0 0 0 0 0 0
80 1 0.1 5.64368 2.13055 0.137402 -0.0540296 0.0147771 -0.00837716 -0.141628 -0.499788 -0.330468 1 0 0 0 0 0 0 0
81 1 0.1 5.62221 2.34687 0.13746 -0.188952 0.0275375 -0.000455236 -0.23427 -1.45499 -0.0583419 1 0 0 0 0 0 0 0
82 1 0.1 5.71836 2.77966 0.137412 0.00343938 0.00222543 -0.00229488 -0.042224 0.0516543 -0.104481 1 0 0 0 0 0 0 0
83 1 0.1 5.42189 2.3922 0.137493 -0.0319414 0.00354122 -0.00286206 -0.179355 -0.181135 -0.128222 1 0 0 0 0 0 0 0
84 1 0.1 4.94547 2.46285 0.137446 -0.181671 0.238562 -0.000839359 -0.55819 -0.129997 1.96633 1 0 0 0 0 0 0 0
85 1 0.1 5.14025 2.60284 0.136571 0.0159033 0.052737 0.00546434 -0.818956 -0.00807374 -0.109057 1 0 0 0 0 0 0 0
86 1 0.1 5.44392 2.88363 0.305234 0.0427638 0.0430996 -0.0093249 -0.0569935 0.13296 -0.275032 1 0 0 0 0 0 0 0
87 1 0.1 4.98933 2.88409 0.136572 0.136843 0.139784 -0.00719106 -1.10903 1.55581 1.96056 1 0 0 0 0 0 0 0
88 1 0.1 5.09458 3.28625 0.135545 0.0722902 0.024605 -0.00328143 -0.233504 0.659289 0.306921 1 0 0 0 0 0 0 0
89 1 0.1 4.9079 3.42797 0.139357 0.0371771 0.203359 0.0177144 -0.32731 -0.673762 2.04094 1 0 0 0 0 0 0 0
90 1 0.1 5.11045 3.48393 0.151343 0.0359349 0.0186202 -0.00272458 0.320697 -0.188672 0.0821358 1 0 0 0 0 0 0 0
91 1 0.1 5.4704 3.56547 0.147023 0.0208176 0.0360685 0.00484623 0.117602 -0.331857 0.0974543 1 0 0 0 0 0 0 0
92 1 0.1 5.58538 3.72824 0.137316 0.0331839 0.026999 0.000881524 -0.208491 0.24137 -0.249312 1 0 0 0 0 0 0 0
93 1 0.1 5.71908 3.86465 0.2145 0.0293259 0.0327703 -0.00339735 -0.198395 0.0486399 -0.397119 1 0 0 0 0 0 0 0
94 1 0.1 5.68281 4.04894 0.144249 -0.0137536 -0.0176937 0.0115686 0.0782704 0.0268861 0.325229 1 0 0 0 0 0 0 0
95 1 0.1 5.88025 4.01884 0.137028 -0.00498819 0.00673475 0.000889151 -0.0374962 -0.0134804 -0.00215178 1 0 0 0 0 0 0 0
96 1 0.1 5.99395 4.183 0.137254 -0.00292054 0.00425061 -0.000999421 0.0236941 -0.0302272 -0.0266193 1 0 0 0 0 0 0 0
97 1 0.1 6.05101 4.52164 0.208578 0.00133531 0.00383164 0.000842146 0.0271514 0.0011741 0.0276753 1 0 0 0 0 0 0 0
98 1 0.1 6.29336 4.99436 0.139015 -0.00106292 0.00372243 -0.00107949 0.0111512 -0.0102896 -0.0167153 1 0 0 0 0 0 0 0
99 1 0.1 6.38853 5.17 0.137493 0.00204099 0.00177444 -3.45537e-06 -0.004323 0.00305031 -0.0201915 1 0 0 0 0 0 0 0
100 1 0.1 6.35815 0.657426 0.350161 -0.00165626 0.00342908 0.00066393 0.0494097 0.022497 0.0221238 1 0 0 0 0 0 0 0
101 1 0.1 6.23275 1.30508 0.137463 -0.00281439 0.00911275 0.00109024 -0.101197 -0.0529043 -0.0830297 1 0 0 0 0 0 0 0
102 1 0.1 6.07307 1.40612 0.202707 -0.00223413 0.024015 -0.00554774 0.0805349 0.121642 0.093317 1 0 0 0 0 0 0 0
103 1 0.1 5.90299 2.30052 0.225702 -0.0292575 -0.0149847 0.0213466 0.112695 0.0599812 0.0183472 1 0 0 0 0 0 0 0
104 1 0.1 5.87414 3.04792 0.325117 0.0574871 -0.00410796 -0.0120105 0.238383 0.0219669 -0.0422255 1 0 0 0 0 0 0 0
105 1 0.1 5.85584 2.47362 0.13745 -0.0537323 -0.0219115 0.000533539 -0.0941913 0.260025 0.327008 1 0 0 0 0 0 0 0
106 1 0.1 5.68447 2.58259 0.137465 -0.0428324 0.0103472 0.000387921 0.00529121 0.0685663 0.598567 1 0 0 0 0 0 0 0
107 1 0.1 5.708 3.07288 0.433396 0.0589955 0.00765068 -0.0109092 -0.167917 -0.0194984 -0.152555 1 0 0 0 0 0 0 0
108 1 0.1 5.49693 2.78293 0.139716 0.030549 0.020483 0.0333694 -0.150556 0.453699 0.0691385 1 0 0 0 0 0 0 0
109 1 0.1 5.48384 2.58227 0.137399 0.00339702 -0.00212032 0.00413658 -0.0210668 -0.127294 -0.197257 1 0 0 0 0 0 0 0
110 1 0.1 5.31818 2.69346 0.139463 0.0244342 0.0345628 0.0322566 0.872957 -0.105985 -0.229853 1 0 0 0 0 0 0 0
111 1 0.1 5.18379 2.84091 0.137297 0.1378 0.139941 -0.00038338 -1.12685 -0.102292 -1.30957 1 0 0 0 0 0 0 0
112 1 0.1 5.26788 3.02198 0.137505 0.184537 0.122289 0.00220424 1.26721 0.338984 0.826785 1 0 0 0 0 0 0 0
113 1 0.1 5.05772 3.09046 0.153632 0.0179312 0.033724 0.0525695 -0.338887 -1.03229 0.10698 1 0 0 0 0 0 0 0
114 1 0.1 5.33412 3.18382 0.233956 0.0775055 0.0886865 0.139212 -0.0969594 -1.58101 -0.241838 1 0 0 0 0 0 0 0
115 1 0.1 5.45911 3.36654 0.137218 0.079196 0.0340207 -0.0017433 -0.108101 -0.503306 -0.350659 1 0 0 0 0 0 0 0
116 1 0.1 5.51208 3.17402 0.13751 0.0374327 0.020057 0.00664556 0.168164 -0.0508882 -0.0901244 1 0 0 0 0 0 0 0
117 1 0.1 5.61907 3.35103 0.254825 0.0429403 0.012619 0.0446237 0.386071 -0.436982 0.137067 1 0 0 0 0 0 0 0
118 1 0.1 5.80014 3.65757 0.137387 -0.0139384 0.0117856 0.00318365 -0.117929 -0.220562 -0.105435 1 0 0 0 0 0 0 0
119 1 0.1 5.91289 3.82212 0.146845 -0.008429 0.00705492 0.00137116 -0.00173263 0.0487291 0.0249392 1 0 0 0 0 0 0 0
120 1 0.1 5.67582 3.50139 0.13679 -0.00145621 0.00238324 0.00264264 -0.374408 -0.153245 0.213684 1 0 0 0 0 0 0 0
121 1 0.1 5.77891 3.33218 0.136333 0.0124858 0.0206976 0.000877402 -0.308809 0.045847 -0.246069 1 0 0 0 0 0 0 0
122 1 0.1 6.08951 4.32755 0.237044 5.09076e-05 0.00404373 -0.00244186 0.00687881 -0.0362834 -0.0427847 1 0 0 0 0 0 0 0
123 1 0.1 6.18171 4.65508 0.137483 0.00127702 0.00294195 -4.74558e-05 -0.0295124 0.0131468 -0.0352122 1 0 0 0 0 0 0 0
124 1 0.1 6.29835 4.82635 0.271182 0.000620699 0.00238502 -0.000518781 -0.0285025 0.0243689 -0.00507823 1 0 0 0 0 0 0 0
125 1 0.1 5.93396 1.08158 0.349236 -0.00333482 0.00902569 0.000667809 -0.182153 -0.0515905 0.0615786 1 0 0 0 0 0 0 0
126 1 0.1 5.79457 1.22428 0.337687 -0.00435705 0.00431607 -0.00902649 -0.0519689 0.0577509 0.0606961 1 0 0 0 0 0 0 0
127 1 0.1 5.65564 1.3673 0.331589 -0.0054586 0.00025738 -0.00402772 0.169412 -0.108868 -0.0655814 1 0 0 0 0 0 0 0
128 1 0.1 5.51319 1.5068 0.330829 -0.00300923 -0.0012861 -0.0115382 -0.0780156 -0.0290118 0.149717 1 0 0 0 0 0 0 0
129 1 0.1 5.36441 1.65341 0.350947 -0.0269354 0.0459209 0.0201364 0.296699 -0.0516822 0.482945 1 0 0 0 0 0 0 0
130 1 0.1 5.12795 1.90055 0.334616 -0.0246593 0.0161937 0.0279557 0.13807 -0.233592 -0.428909 1 0 0 0 0 0 0 0
131 1 0.1 4.9864 2.0416 0.333839 -0.0205747 0.0213323 0.0284826 0.249628 -0.151809 0.371517 1 0 0 0 0 0 0 0
132 1 0.1 4.89152 2.2291 0.343214 -0.0790136 0.0651323 0.0372328 -0.143147 -0.605685 -0.945391 1 0 0 0 0 0 0 0
133 1 0.1 4.71353 2.31687 0.319617 -0.0447245 0.0651162 -0.0271695 -0.231028 0.107992 0.775513 1 0 0 0 0 0 0 0
134 1 0.1 4.59082 2.42681 0.432657 -0.0380231 0.102663 -0.216615 -2.7087 0.328291 2.12552 1 0 0 0 0 0 0 0
135 1 0.1 4.4721 2.55343 0.334777 -0.0901743 0.108377 -0.179871 0.715669 0.763125 0.10515 1 0 0 0 0 0 0 0
136 1 0.1 4.33571 2.69863 0.343538 -0.0187477 0.159808 0.139474 1.44502 1.61972 -0.975588 1 0 0 0 0 0 0 0
137 1 0.1 4.30324 3.00307 0.310987 0.0496859 0.0452789 -0.0268295 -0.421601 0.337664 0.269249 1 0 0 0 0 0 0 0
138 1 0.1 4.19584 3.17018 0.333346 -0.0097483 -0.00210587 -0.00416772 0.360301 0.0855545 0.0532242 1 0 0 0 0 0 0 0
139 1 0.1 4.3345 3.31209 0.351128 -0.000468906 -0.0142973 0.0411928 -0.308762 -0.227949 0.11376 1 0 0 0 0 0 0 0
140 1 0.1 4.5868 3.56789 0.35202 0.00137902 0.0204465 -0.0258589 -0.202068 0.0324695 -0.0229697 1 0 0 0 0 0 0 0
141 1 0.1 4.72981 3.70618 0.332622 0.0173341 0.006496 -0.0431895 -0.0257463 0.0833856 -0.163963 1 0 0 0 0 0 0 0
142 1 0.1 4.87064 3.84229 0.292369 -0.0189796 -0.0120958 -0.232103 0.427859 2.54562 -0.16266 1 0 0 0 0 0 0 0
143 1 0.1 5.07509 4.05422 0.33757 -0.00234441 -0.000949066 0.0310425 0.207349 -0.54565 0.0792851 1 0 0 0 0 0 0 0
144 1 0.1 5.42328 4.14174 0.280259 -0.00967327 -0.00127939 -0.00166221 0.024542 0.0533713 -0.0209477 1 0 0 0 0 0 0 0
145 1 0.1 5.31201 4.29234 0.351465 0.000502018 -0.00135833 0.00513224 -0.0744031 0.0160097 0.0122544 1 0 0 0 0 0 0 0
146 1 0.1 5.45316 4.4338 0.349466 -0.000937881 -0.000623667 -0.000201418 0.00494398 -0.00668058 -0.00709877 1 0 0 0 0 0 0 0
147 1 0.1 5.59447 4.57525 0.350003 -0.00115824 -0.000953954 0.000461052 -0.00231304 -2.07968e-05 -0.00302627 1 0 0 0 0 0 0 0
148 1 0.1 5.78581 4.76157 0.363162 0.000151139 0.000888132 0.000292046 0.000933316 -0.00512244 0.00434541 1 0 0 0 0 0 0 0
149 1 0.1 5.93322 4.9143 0.357968 0.000477902 0.00133476 -0.000563425 -0.00433543 0.00530875 0.0150451 1 0 0 0 0 0 0 0
150 1 0.1 6.07566 0.940447 0.348413 -0.00322276 0.0058205 -0.00280907 0.00667955 0.024223 0.0772652 1 0 0 0 0 0 0 0
151 1 0.1 5.76641 1.65402 0.333147 -0.0130272 0.0294365 -0.0756572 0.25504 -0.198304 0.313177 1 0 0 0 0 0 0 0
152 1 0.1 5.60107 1.65123 0.220758 -0.065506 0.0431243 -0.00529606 -0.227303 -0.0161802 0.488912 1 0 0 0 0 0 0 0
153 1 0.1 6.01085 2.05355 0.497849 -0.0556244 0.137836 -0.136374 -0.704708 0.46444 1.22108 1 0 0 0 0 0 0 0
154 1 0.1 5.67117 1.85814 0.367015 -0.0202761 0.00932544 -0.0284064 0.460778 0.190237 -0.155646 1 0 0 0 0 0 0 0
155 1 0.1 5.30687 1.85298 0.409962 -0.0557346 -0.145062 -0.00222189 0.367729 0.431751 -1.15347 1 0 0 0 0 0 0 0
156 1 0.1 5.17894 2.15612 0.322812 -0.0337383 0.0131915 0.0325547 1.62206 0.373864 -0.243295 1 0 0 0 0 0 0 0
157 1 0.1 5.04533 2.18004 0.464164 0.0285289 -0.00976578 0.0646426 0.021407 0.10947 -1.06967 1 0 0 0 0 0 0 0
158 1 0.1 4.83957 2.43574 0.4179 -0.136649 0.203364 -0.0793178 0.487606 1.10833 1.52393 1 0 0 0 0 0 0 0
159 1 0.1 4.75689 2.82652 0.473572 -0.193679 0.415712 -0.036443 -1.09736 -1.10306 1.66841 1 0 0 0 0 0 0 0
160 1 0.1 4.66458 2.6953 0.328854 -0.137836 0.276987 -0.0411046 -1.64423 0.907725 0.590366 1 0 0 0 0 0 0 0
161 1 0.1 4.56161 2.82917 0.431648 -0.106886 0.233302 0.0237651 0.697113 1.66397 0.936935 1 0 0 0 0 0 0 0
162 1 0.1 4.51819 3.01813 0.302717 0.275496 -0.0286657 0.0998365 -1.70017 -0.922761 -0.162424 1 0 0 0 0 0 0 0
163 1 0.1 4.60645 3.19597 0.304379 0.080544 0.0776414 0.00049012 0.0124827 -0.28473 2.30409 1 0 0 0 0 0 0 0
164 1 0.1 4.50754 3.29364 0.44655 0.0289628 0.0386022 -0.00884358 -0.755727 0.891448 -0.107582 1 0 0 0 0 0 0 0
165 1 0.1 4.87827 3.61959 0.48701 0.0407804 0.022187 0.00214342 -0.65649 -0.32274 -0.0439259 1 0 0 0 0 0 0 0
166 1 0.1 5.05239 3.53759 0.435196 0.0438143 0.0310048 -0.00670892 0.0545113 0.209217 0.138622 1 0 0 0 0 0 0 0
167 1 0.1 5.06667 3.69061 0.307247 0.0391039 0.0282388 -0.00797507 0.0442131 -0.0195305 0.16718 1 0 0 0 0 0 0 0
168 1 0.1 5.25933 4.1017 0.378931 0.0020856 0.00274647 0.0353198 -0.0238834 0.422386 -0.0414347 1 0 0 0 0 0 0 0
169 1 0.1 5.41406 3.97635 0.391028 0.00492131 0.00451884 0.00682996 -0.135967 0.110448 0.0801627 1 0 0 0 0 0 0 0
170 1 0.1 5.53286 4.20658 0.428657 -0.00289298 0.00370885 0.00209782 0.0989593 0.022896 0.19964 1 0 0 0 0 0 0 0
171 1 0.1 5.65741 4.36017 0.40274 -0.00975172 0.0120552 0.00231055 -0.0865219 0.00443257 -0.0877877 1 0 0 0 0 0 0 0
172 1 0.1 5.82019 4.43378 0.31387 -0.00343546 0.00194341 0.000166852 0.0278406 -0.0125274 -0.0158235 1 0 0 0 0 0 0 0
173 1 0.1 5.8857 4.61669 0.268403 0.000166852 0.0012489 0.00132336 -0.00884032 -0.0029078 -0.00599429 1 0 0 0 0 0 0 0
174 1 0.1 6.13914 5.11703 0.357054 0.000561846 0.000689429 0.000807911 -0.00874754 0.0016689 0.00635623 1 0 0 0 0 0 0 0
175 1 0.1 6.21687 0.798844 0.350677 -0.00177183 0.00374504 0.00447375 0.0441026 -0.0216271 0.0214205 1 0 0 0 0 0 0 0
176 1 0.1 5.82872 1.46511 0.311926 -0.0241252 0.0242051 0.00654154 -0.0105856 0.109573 0.34259 1 0 0 0 0 0 0 0
177 1 0.1 5.85134 1.82882 0.285268 -0.0722275 0.069078 0.00616824 -0.40555 -0.717997 -0.882447 1 0 0 0 0 0 0 0
178 1 0.1 5.87818 2.11246 0.357061 -0.0239218 0.0489843 0.0153948 -0.79598 0.0551229 0.282246 1 0 0 0 0 0 0 0
179 1 0.1 5.66085 2.05772 0.372265 -0.0491252 0.00670506 0.014266 -0.169154 -0.451432 0.0479588 1 0 0 0 0 0 0 0
180 1 0.1 5.49885 2.1461 0.449187 -0.0722774 -0.0227639 -0.00895277 0.192073 0.171416 0.335459 1 0 0 0 0 0 0 0
181 1 0.1 5.364 2.08201 0.31743 -0.0808445 -0.116959 0.0436312 -2.1422 -0.353335 -0.896259 1 0 0 0 0 0 0 0
182 1 0.1 5.20702 2.43897 0.470768 -0.0384809 0.0508406 0.00207227 -0.586543 -0.233947 -0.653336 1 0 0 0 0 0 0 0
183 1 0.1 4.96303 2.57886 0.299064 -0.225436 0.241525 -0.00906645 -0.255673 1.51342 -1.29486 1 0 0 0 0 0 0 0
184 1 0.1 5.11235 2.6191 0.442792 0.031644 0.0652105 -0.00251947 -0.636063 -0.733109 -0.501575 1 0 0 0 0 0 0 0
185 1 0.1 5.01379 2.85833 0.580284 0.0227555 0.0454716 0.0253368 0.577561 -0.339663 0.157185 1 0 0 0 0 0 0 0
186 1 0.1 4.82778 2.64755 0.429082 -0.108507 0.47557 -0.0169779 2.83909 -0.98794 0.621248 1 0 0 0 0 0 0 0
187 1 0.1 4.4814 2.79934 0.251035 -0.0139772 0.0527825 0.0377026 -0.851426 0.078528 -0.405739 1 0 0 0 0 0 0 0
188 1 0.1 4.77581 3.09044 0.306974 0.0905441 0.126305 -0.0119974 0.579033 -0.0347185 -1.82781 1 0 0 0 0 0 0 0
189 1 0.1 5.16405 3.25316 0.316402 0.0825009 0.0542645 -0.0144088 -0.30391 0.521321 0.10959 1 0 0 0 0 0 0 0
190 1 0.1 4.97351 3.37987 0.341977 0.100856 0.0117413 0.0144545 -0.129207 -0.0659778 0.545136 1 0 0 0 0 0 0 0
191 1 0.1 5.24941 3.61701 0.334231 0.0432208 0.0606068 0.00433999 -0.206635 -0.0554066 0.0850726 1 0 0 0 0 0 0 0
192 1 0.1 5.2929 3.82016 0.417455 0.00250895 0.0142031 0.0247261 0.047663 -0.00688411 -0.116128 1 0 0 0 0 0 0 0
193 1 0.1 5.52506 3.87179 0.262055 0.0304833 0.0261842 0.000843417 0.0981118 0.000287923 0.491893 1 0 0 0 0 0 0 0
194 1 0.1 5.74116 3.89154 0.465762 -0.00653776 0.0307244 0.0105893 -0.181881 0.292722 0.155715 1 0 0 0 0 0 0 0
195 1 0.1 5.80747 4.16784 0.446369 -0.00137189 0.0154293 -0.00514024 0.0304876 0.0265938 -0.0618948 1 0 0 0 0 0 0 0
196 1 0.1 5.91467 4.25803 0.304478 0.000371558 0.00711024 -0.00202705 -0.088401 0.0757153 0.0500785 1 0 0 0 0 0 0 0
197 1 0.1 5.81374 4.01043 0.324307 -0.0172249 0.0144426 -0.00219998 0.0629776 -0.110743 -0.229207 1 0 0 0 0 0 0 0
198 1 0.1 6.01759 4.7657 0.255117 0.00130117 0.00168663 0.000620371 -0.0152872 -0.0105331 0.00186781 1 0 0 0 0 0 0 0
199 1 0.1 6.27931 5.2594 0.350027 0.000288327 0.000605728 6.34429e-05 -0.00284792 0.00228627 -0.00385093 1 0 0 0 0 0 0 0
200 1 0.1 6.12363 1.13433 0.31457 -0.00122763 -0.00362546 -0.0099569 -0.228515 -0.115818 0.172852 1 0 0 0 0 0 0 0
201 1 0.1 5.98606 1.27841 0.329063 -0.00201128 -0.0019088 -0.0164205 0.215898 -0.0356166 -0.070554 1 0 0 0 0 0 0 0
202 1 0.1 5.96285 1.77126 0.440875 -0.0721731 0.0462693 0.00291478 0.74541 0.549529 0.682752 1 0 0 0 0 0 0 0
203 1 0.1 5.92002 2.39249 0.436138 -0.040387 -0.014511 0.055586 -0.0598986 -0.432199 -0.258225 1 0 0 0 0 0 0 0
204 1 0.1 5.90172 2.56746 0.341054 -0.0184498 -0.0105898 0.0489518 0.408552 -0.249201 0.0426228 1 0 0 0 0 0 0 0
205 1 0.1 5.52913 2.27417 0.298673 -0.155769 0.041566 0.0205642 0.180381 0.691898 0.108721 1 0 0 0 0 0 0 0
206 1 0.1 5.33056 2.33629 0.306277 -0.0635723 0.106864 0.018437 0.452651 -0.2019 -0.712441 1 0 0 0 0 0 0 0
207 1 0.1 5.40914 2.50083 0.381504 0.00832657 0.0527737 0.0479988 -0.154071 0.158728 -0.19503 1 0 0 0 0 0 0 0
208 1 0.1 5.22434 2.4229 0.136434 -0.0310318 0.0322075 -0.00927233 1.10343 -0.0415885 -0.420142 1 0 0 0 0 0 0 0
209 1 0.1 5.43169 2.68601 0.315477 0.0199366 0.041626 0.0148388 -0.157769 0.0258595 -0.00101094 1 0 0 0 0 0 0 0
210 1 0.1 5.57361 2.91588 0.4534 0.0385014 0.0423533 -0.0126403 -0.125325 -0.242707 0.0198246 1 0 0 0 0 0 0 0
211 1 0.1 5.24077 2.73968 0.344711 0.0683885 0.0466305 -0.0230324 0.0646671 -1.55939 3.41127 1 0 0 0 0 0 0 0
212 1 0.1 4.69044 2.91383 0.308441 -0.196551 0.290819 -0.0836048 0.279911 0.525885 -1.30023 1 0 0 0 0 0 0 0
213 1 0.1 4.92472 2.95745 0.31487 0.339535 0.404067 0.117929 0.230767 0.0797995 -0.877399 1 0 0 0 0 0 0 0
214 1 0.1 5.26748 3.36655 0.188534 0.0696618 0.048887 -0.0270661 -0.313257 0.276557 0.319721 1 0 0 0 0 0 0 0
215 1 0.1 5.39038 3.4695 0.30681 0.0569934 0.0657654 -0.03056 0.408315 -0.153831 0.036134 1 0 0 0 0 0 0 0
216 1 0.1 5.5888 3.54486 0.306327 0.0185099 0.0308602 -0.00108779 -0.127669 0.412717 0.0572163 1 0 0 0 0 0 0 0
217 1 0.1 5.4251 3.70305 0.298232 0.047462 0.0216804 -0.00121356 -0.0554858 0.0287217 -0.370791 1 0 0 0 0 0 0 0
218 1 0.1 5.87761 3.81213 0.343314 -0.0146313 0.0348202 -0.000815702 -0.0288925 -0.00361957 0.0918006 1 0 0 0 0 0 0 0
219 1 0.1 5.98 3.5711 0.302746 -0.0106918 0.152412 -0.0319353 0.612003 1.12163 3.7907 1 0 0 0 0 0 0 0
220 1 0.1 5.84683 3.41745 0.512539 0.061453 0.0181512 0.0110045 0.102244 -0.0882182 -0.0837619 1 0 0 0 0 0 0 0
221 1 0.1 6.01372 3.79793 0.489098 -0.00216366 0.0377004 -0.0143263 0.171891 0.148366 0.0734327 1 0 0 0 0 0 0 0
222 1 0.1 5.90485 3.48732 0.137488 0.0143228 0.0260542 0.00383529 0.202904 0.163574 0.389389 1 0 0 0 0 0 0 0
223 1 0.1 6.12979 4.92041 0.323381 0.000142023 0.00175677 -0.00124963 0.0409389 -0.00396839 -0.00864568 1 0 0 0 0 0 0 0
224 1 0.1 6.30151 5.00339 0.383479 0.000591445 0.00111715 0.000935082 0.00934239 -0.00570464 0.00614017 1 0 0 0 0 0 0 0
225 1 0.1 6.11177 1.42282 0.397774 0.00093519 0.0108207 0.00127899 0.0641069 -0.0777595 0.0132843 1 0 0 0 0 0 0 0
226 1 0.1 5.94199 2.12561 0.137408 -0.0174794 -0.0085981 0.00312639 0.0844174 -0.0883663 0.0783281 1 0 0 0 0 0 0 0
227 1 0.1 5.96054 1.61528 0.305089 -0.0176547 0.0197996 -0.0297593 -0.528209 -0.193773 -0.395319 1 0 0 0 0 0 0 0
228 1 0.1 5.88694 2.67102 0.13748 -0.048355 -0.0137788 0.00106812 0.107816 -0.284949 -0.37417 1 0 0 0 0 0 0 0
229 1 0.1 5.46426 2.98017 0.135668 0.0270662 0.0195896 -0.0076199 -0.187183 0.229689 0.00305479 1 0 0 0 0 0 0 0
230 1 0.1 5.88642 3.25909 0.301667 0.052829 0.0570843 -0.0208119 -0.0814538 0.17133 0.417858 1 0 0 0 0 0 0 0
231 1 0.1 5.76831 2.42196 0.309492 -0.0161371 -0.00648937 0.0250239 -0.214017 0.103097 -0.080804 1 0 0 0 0 0 0 0
232 1 0.1 5.58406 2.49444 0.286145 -0.00919083 0.00588089 0.0229071 -0.296704 0.100935 -0.0975487 1 0 0 0 0 0 0 0
233 1 0.1 5.81851 2.74646 0.309641 0.0179982 0.00992343 0.0273159 -0.509689 -0.0310677 -0.422007 1 0 0 0 0 0 0 0
234 1 0.1 5.61878 2.75558 0.309007 0.0195445 0.0456148 0.0118586 -0.15131 -0.0979181 0.0570105 1 0 0 0 0 0 0 0
235 1 0.1 5.72666 2.92119 0.278317 0.0502489 0.02311 -0.0362778 -0.357825 0.310999 -0.0368223 1 0 0 0 0 0 0 0
236 1 0.1 5.56605 3.07621 0.578133 0.0567855 0.039012 0.0231574 -0.219772 0.142572 -0.413302 1 0 0 0 0 0 0 0
237 1 0.1 5.30356 2.91046 0.440875 0.068263 0.163435 -0.0115558 0.602182 -0.113586 -1.88924 1 0 0 0 0 0 0 0
238 1 0.1 5.19808 3.05636 0.323793 -0.135 0.0261219 -0.0668074 0.291255 1.01545 -2.02891 1 0 0 0 0 0 0 0
239 1 0.1 5.38176 3.09335 0.420865 0.0697539 0.149922 -0.110274 -0.553033 2.09672 1.7247 1 0 0 0 0 0 0 0
240 1 0.1 5.56715 3.03997 0.295807 0.0550976 0.0299067 -0.0178546 0.32726 -0.016979 -0.0422227 1 0 0 0 0 0 0 0
241 1 0.1 5.49638 3.2636 0.579806 0.0265719 0.0286722 0.0172503 -0.117589 -0.0561036 -0.00163717 1 0 0 0 0 0 0 0
242 1 0.1 5.53921 3.21795 0.381414 0.0315155 0.0169124 0.00144523 -0.141419 0.21782 0.395278 1 0 0 0 0 0 0 0
243 1 0.1 5.55481 3.40608 0.446169 0.0252494 0.0194938 -0.00427735 0.128546 0.254276 -0.161664 1 0 0 0 0 0 0 0
244 1 0.1 5.7924 3.63158 0.335539 -0.0337723 0.0396326 0.0149846 -0.122765 -0.000880314 -0.0654219 1 0 0 0 0 0 0 0
245 1 0.1 5.71049 3.17381 0.259898 0.0614955 0.024788 0.00183337 0.0145495 0.0613657 -0.0699298 1 0 0 0 0 0 0 0
246 1 0.1 5.78869 3.43242 0.321755 0.030395 0.0459702 0.0185745 0.100331 0.985454 0.534911 1 0 0 0 0 0 0 0
247 1 0.1 5.99839 4.41115 0.401573 -0.00335864 0.00612819 0.000471366 0.129811 -0.0471869 -0.00294414 1 0 0 0 0 0 0 0
248 1 0.1 6.15045 4.54073 0.4013 -0.0020546 0.00413289 0.00458829 -0.0703674 0.0413848 -0.0181583 1 0 0 0 0 0 0 0
249 1 0.1 6.17013 4.73955 0.397702 -2.18842e-05 0.00350648 -0.000258645 0.0224949 -0.0274863 -0.00495469 1 0 0 0 0 0 0 0
250 1 0.1 6.0088 1.01375 0.522029 0.000116048 -0.000313105 0.000723757 0.00592913 -0.00374766 -0.00611732 1 0 0 0 0 0 0 0
251 1 0.1 5.84345 1.17967 0.550037 -0.0215317 0.0234806 0.000672698 0.0986271 0.0795429 0.283448 1 0 0 0 0 0 0 0
252 1 0.1 5.70453 1.3228 0.535978 -0.0254867 0.0239365 0.0264274 0.0707081 -0.306763 0.3226 1 0 0 0 0 0 0 0
253 1 0.1 5.44617 1.5717 0.546269 -0.0135256 -0.00398689 0.00914937 0.0941453 -0.04606 0.0490289 1 0 0 0 0 0 0 0
254 1 0.1 5.30704 1.71462 0.559395 -0.00902474 0.00146553 0.016101 0.0595424 -0.0350927 -0.107115 1 0 0 0 0 0 0 0
255 1 0.1 5.16327 1.85312 0.551025 -0.0092333 0.0061585 0.0173727 -0.0158783 0.0202761 0.0666289 1 0 0 0 0 0 0 0
256 1 0.1 5.0268 1.9955 0.527191 -0.024179 0.0004297 0.0218052 0.360252 -0.0732814 0.36798 1 0 0 0 0 0 0 0
257 1 0.1 4.85728 2.17005 0.56441 -0.298972 0.32829 -0.0894764 0.0277525 1.21456 4.36351 1 0 0 0 0 0 0 0
258 1 0.1 4.71398 2.30882 0.549998 -0.290597 0.346269 0.000105566 0.000653122 -0.000780574 4.66877 1 0 0 0 0 0 0 0
259 1 0.1 4.76819 2.63589 0.607559 -0.101001 -0.0331298 -0.0421716 -0.637403 0.602376 -0.851897 1 0 0 0 0 0 0 0
260 1 0.1 4.60896 2.6086 0.499173 -0.0949262 0.0992363 -0.111583 3.56483 -0.169154 -0.206623 1 0 0 0 0 0 0 0
261 1 0.1 4.3839 2.80788 0.510975 0.00251894 -0.0128043 0.082203 0.377809 -0.875283 1.21268 1 0 0 0 0 0 0 0
262 1 0.1 4.19154 2.82725 0.548822 -0.000434685 0.000691386 -0.0114181 -0.1679 0.0460764 -0.195181 1 0 0 0 0 0 0 0
263 1 0.1 4.19776 3.03743 0.47731 -0.00338106 -0.0192437 -0.037312 -0.0497614 0.162212 -0.141303 1 0 0 0 0 0 0 0
264 1 0.1 4.23409 3.20824 0.574729 -0.0169929 -0.0160278 -0.0390181 0.0589764 0.435717 -0.205392 1 0 0 0 0 0 0 0
265 1 0.1 4.53581 3.51351 0.574426 0.0322661 0.0278087 0.00410124 0.292629 0.352533 0.279214 1 0 0 0 0 0 0 0
266 1 0.1 4.67037 3.64642 0.51389 0.0308223 0.0066355 -0.0498086 -0.087769 0.109485 -0.650713 1 0 0 0 0 0 0 0
267 1 0.1 4.80299 3.78945 0.549706 0.0064757 0.00594478 -0.000771599 0.726566 -0.221707 0.154921 1 0 0 0 0 0 0 0
268 1 0.1 4.96838 3.94648 0.458015 -0.0241653 -0.0102035 0.015747 -0.311463 0.186433 -0.215655 1 0 0 0 0 0 0 0
269 1 0.1 5.10693 4.08232 0.566516 0.00738156 0.00603191 0.0189236 -0.0971657 -0.0826222 -0.144231 1 0 0 0 0 0 0 0
270 1 0.1 5.24622 4.22212 0.537472 0.00274403 0.0093731 0.0221779 -0.0724068 -0.00703988 -0.014883 1 0 0 0 0 0 0 0
271 1 0.1 5.3852 4.36432 0.553078 0.00320262 0.00329396 0.00614489 -0.0855365 0.046109 -0.0236001 1 0 0 0 0 0 0 0
272 1 0.1 5.52764 4.50383 0.563434 0.00149981 0.00206842 -0.00287604 0.0192911 0.0138723 0.0149418 1 0 0 0 0 0 0 0
273 1 0.1 5.66964 4.64434 0.569478 0.00129697 0.00182222 0.000284067 0.0124928 -0.0169077 0.0108971 1 0 0 0 0 0 0 0
274 1 0.1 5.84026 4.81657 0.551129 0.000220441 0.000796367 0.000402339 -0.00517 0.0152331 -0.0414955 1 0 0 0 0 0 0 0
275 1 0.1 6.14985 0.872092 0.526215 2.81169e-05 0.000444986 0.000456347 0.00234787 -0.00396932 0.00973906 1 0 0 0 0 0 0 0
276 1 0.1 5.84287 1.44408 0.614243 -0.0136445 0.0247929 0.00284603 -0.534639 0.24431 -0.561484 1 0 0 0 0 0 0 0
277 1 0.1 5.69913 1.50959 0.464974 -0.0183469 0.0139022 -0.0110719 -0.462296 -0.18801 -0.218177 1 0 0 0 0 0 0 0
278 1 0.1 5.58726 1.66904 0.420418 0.00187074 0.0113745 -0.0739432 -0.411856 0.32024 -0.0843362 1 0 0 0 0 0 0 0
279 1 0.1 5.52551 1.77991 0.57394 0.0373134 -0.00570297 -0.0549509 0.495357 0.14019 0.20005 1 0 0 0 0 0 0 0
280 1 0.1 5.34018 1.92828 0.605417 0.00377098 -0.00374958 0.00807642 0.579609 0.42778 0.166577 1 0 0 0 0 0 0 0
281 1 0.1 5.2162 2.03034 0.473667 -0.02617 -0.0649033 -0.0299991 -0.746144 0.788172 -1.23619 1 0 0 0 0 0 0 0
282 1 0.1 5.14957 2.08465 0.65729 -0.0275073 0.0195619 0.012436 -0.0635587 0.00475241 -0.0562085 1 0 0 0 0 0 0 0
283 1 0.1 5.00985 2.33174 0.580542 0.0567674 0.101783 -0.0701501 -1.42731 -1.30346 -0.219017 1 0 0 0 0 0 0 0
284 1 0.1 4.96208 2.66736 0.574459 -0.0849025 0.0634068 -0.00655345 0.12932 0.972765 -1.29393 1 0 0 0 0 0 0 0
285 1 0.1 4.45742 2.56283 0.762636 0.0645922 -0.0346515 0.00177172 -0.332805 -0.639011 -0.598375 1 0 0 0 0 0 0 0
286 1 0.1 4.55783 2.70878 0.671463 0.0650386 -0.0191181 0.00955213 0.262509 0.351958 0.78433 1 0 0 0 0 0 0 0
287 1 0.1 4.56501 3.07157 0.731027 -0.0208655 0.0962545 0.14895 3.03578 -0.123503 0.505811 1 0 0 0 0 0 0 0
288 1 0.1 4.44512 3.00511 0.482918 0.0760356 0.106561 0.0611455 -0.12247 -1.15613 0.948229 1 0 0 0 0 0 0 0
289 1 0.1 4.68751 3.37232 0.474601 0.0350935 0.0412302 -0.0561463 -0.249879 0.0165815 -0.247307 1 0 0 0 0 0 0 0
290 1 0.1 4.78008 3.42358 0.313867 0.0734541 -0.0175216 -0.0287865 0.0802112 -0.284112 -0.4849 1 0 0 0 0 0 0 0
291 1 0.1 4.98727 3.54423 0.63612 0.0115405 -0.00648425 0.00338342 0.0144864 -0.0401083 -0.00376386 1 0 0 0 0 0 0 0
292 1 0.1 5.15313 3.63805 0.57563 -0.000940724 0.0321854 0.0183954 0.190203 -0.106771 0.281572 1 0 0 0 0 0 0 0
293 1 0.1 5.10254 3.7988 0.467977 0.00250053 0.0192087 -0.00443639 0.052059 -0.27755 0.0312223 1 0 0 0 0 0 0 0
294 1 0.1 5.27343 3.97885 0.535854 0.00185608 0.00402924 0.029468 0.176042 -0.051948 0.064228 1 0 0 0 0 0 0 0
295 1 0.1 5.41676 4.13376 0.592135 0.000441025 0.00325335 0.00495358 0.142595 0.156507 -0.0675933 1 0 0 0 0 0 0 0
296 1 0.1 5.5823 4.29881 0.594406 0.00101693 -1.97695e-05 0.00365203 0.0126455 0.176343 0.0836051 1 0 0 0 0 0 0 0
297 1 0.1 5.71789 4.44408 0.573987 -0.00103229 0.00193561 -0.00299567 0.0702866 -0.0479768 -0.0110467 1 0 0 0 0 0 0 0
298 1 0.1 5.81892 4.57183 0.458266 0.00044657 0.00180312 0.000299947 -0.0295954 0.0339108 -0.009196 1 0 0 0 0 0 0 0
299 1 0.1 6.12391 5.09171 0.5883 0.000587192 0.000899541 -0.000782893 0.00367739 0.00487907 0.00678062 1 0 0 0 0 0 0 0
300 1 0.1 6.28728 0.728402 0.549995 -0.00173797 0.00296364 -0.00125368 -0.0115943 0.00805419 0.0347669 1 0 0 0 0 0 0 0
301 1 0.1 5.99547 1.30739 0.526135 -0.0183095 0.0127569 -0.0177783 -0.117919 -0.257446 -0.224075 1 0 0 0 0 0 0 0
302 1 0.1 5.87625 1.59833 0.491486 0.000525633 -0.00650568 -0.0364491 0.169483 0.357869 -0.0871664 1 0 0 0 0 0 0 0
303 1 0.1 5.79972 1.71834 0.631937 -0.0351107 -0.00252027 -0.0564227 -0.342619 0.29064 0.580562 1 0 0 0 0 0 0 0
304 1 0.1 5.69828 1.88037 0.563802 -0.0734649 -0.0383045 -0.0122063 0.0330443 -0.0518409 0.649511 1 0 0 0 0 0 0 0
305 1 0.1 5.63393 2.07811 0.579346 -0.0723746 -0.0330736 -0.00816157 -0.0801374 -0.237446 -0.333364 1 0 0 0 0 0 0 0
306 1 0.1 5.34951 2.30257 0.500681 -0.08194 0.00108728 -0.00211652 0.560875 0.166353 -0.0176429 1 0 0 0 0 0 0 0
307 1 0.1 5.1964 2.34527 0.647038 0.0223394 0.096213 0.0242741 -0.162854 0.136603 -0.364964 1 0 0 0 0 0 0 0
308 1 0.1 5.23088 2.54442 0.302799 0.0229637 0.044286 0.00345997 0.760492 0.392589 -0.261174 1 0 0 0 0 0 0 0
309 1 0.1 4.89155 2.4839 0.604091 -0.0378425 0.0336117 -0.0585946 1.49748 1.27475 1.40516 1 0 0 0 0 0 0 0
310 1 0.1 5.17096 2.7383 0.590354 0.0187823 0.0639544 -0.00346894 0.442943 -0.008671 -0.0458019 1 0 0 0 0 0 0 0
311 1 0.1 4.66016 2.87678 0.638795 -0.1667 0.149618 0.0575876 2.18445 2.75491 1.5459 1 0 0 0 0 0 0 0
312 1 0.1 4.64442 3.00892 0.4875 0.0942074 0.119083 -0.00510293 -0.658401 1.82626 -0.840877 1 0 0 0 0 0 0 0
313 1 0.1 4.81608 3.22849 0.44041 0.0944034 0.0746185 0.0233139 -0.181688 -0.812254 0.862925 1 0 0 0 0 0 0 0
314 1 0.1 5.00078 3.17647 0.392058 0.095792 0.0899905 -0.000514889 2.04181 0.582083 -1.10194 1 0 0 0 0 0 0 0
315 1 0.1 5.0397 3.31446 0.558352 0.0789812 0.0956597 -0.0474855 -0.54529 0.119555 0.811123 1 0 0 0 0 0 0 0
316 1 0.1 5.21457 3.42985 0.391859 0.0642438 0.0584075 -0.0264335 0.48518 -0.473097 0.267984 1 0 0 0 0 0 0 0
317 1 0.1 5.35067 3.64875 0.604603 0.00022456 0.00383697 -0.00293347 0.179697 -0.136025 -0.0096827 1 0 0 0 0 0 0 0
318 1 0.1 5.47005 3.77688 0.493478 0.00447241 0.0154966 0.0178218 -0.064921 0.141939 0.16122 1 0 0 0 0 0 0 0
319 1 0.1 5.50823 3.95799 0.565761 0.00417763 0.0118272 0.00444805 -0.0511792 -0.00306845 -0.0345598 1 0 0 0 0 0 0 0
320 1 0.1 5.65005 4.097 0.547079 0.00691721 0.0106414 0.00468495 -0.0365369 -0.0687901 0.00610943 1 0 0 0 0 0 0 0
321 1 0.1 5.90587 4.10734 0.61434 0.00525378 0.0133543 0.000456567 -0.0273907 0.0987702 0.0511679 1 0 0 0 0 0 0 0
322 1 0.1 5.8778 4.32968 0.538718 0.00219944 0.00477387 0.00705526 0.0114503 -0.126459 0.0162584 1 0 0 0 0 0 0 0
323 1 0.1 5.96416 4.70747 0.438552 -0.000238906 0.000690909 -0.000690612 0.0282017 -0.0131183 0.00782699 1 0 0 0 0 0 0 0
324 1 0.1 6.25843 5.23458 0.549937 0.000884664 0.000587052 -0.000901317 0.0129025 -0.00181376 0.00854267 1 0 0 0 0 0 0 0
325 1 0.1 6.25492 1.02075 0.443507 -0.0233563 0.0118218 -0.0085354 -0.0431582 -0.161086 0.173711 1 0 0 0 0 0 0 0
326 1 0.1 6.13673 1.16688 0.511772 -0.016534 0.0128778 -0.00316064 0.052812 0.140008 0.214349 1 0 0 0 0 0 0 0
327 1 0.1 5.85368 1.93845 0.452355 -0.0608134 0.0532286 0.0295196 0.647755 -0.202347 -0.689163 1 0 0 0 0 0 0 0
328 1 0.1 5.8405 2.30871 0.599253 -0.102766 -0.0257268 0.0171947 0.330356 -0.0552446 -0.116447 1 0 0 0 0 0 0 0
329 1 0.1 5.8289 2.11423 0.554349 -0.077499 -0.0095968 -0.0469556 0.222454 0.671622 0.540201 1 0 0 0 0 0 0 0
330 1 0.1 5.5048 2.25479 0.616321 -0.108856 -0.0336776 -0.00106113 -0.0524884 -0.420298 -0.116316 1 0 0 0 0 0 0 0
331 1 0.1 5.689 2.24562 0.485263 -0.0657089 -0.0349445 -0.00257873 0.0247373 -0.189372 0.503998 1 0 0 0 0 0 0 0
332 1 0.1 5.77617 2.6827 0.654579 0.114557 -0.00340824 -0.109592 1.70174 0.840301 2.1406 1 0 0 0 0 0 0 0
333 1 0.1 5.71135 2.60159 0.396967 -0.00780367 0.0152572 0.0108517 -0.225492 -0.355601 -0.209594 1 0 0 0 0 0 0 0
334 1 0.1 5.49525 2.59879 0.573971 0.0786529 0.0491317 -0.0286173 0.229652 0.0695914 0.188159 1 0 0 0 0 0 0 0
335 1 0.1 5.30504 2.62585 0.495893 0.0227825 0.0731348 0.0123476 -0.0368638 -0.508571 -0.194799 1 0 0 0 0 0 0 0
336 1 0.1 5.43968 2.77359 0.494536 0.0461882 0.0489242 0.00923939 0.0318999 0.276115 -0.0225535 1 0 0 0 0 0 0 0
337 1 0.1 4.8211 2.98514 0.577211 0.0798385 0.0430245 0.0373815 -1.51648 -1.95539 -1.14362 1 0 0 0 0 0 0 0
338 1 0.1 5.11312 2.89066 0.396225 0.0915075 -0.058102 -0.0112905 -0.297636 0.00457979 4.36884 1 0 0 0 0 0 0 0
339 1 0.1 5.22398 3.19061 0.495764 0.0415125 0.0262229 -0.00484551 0.262706 -0.680568 -0.109375 1 0 0 0 0 0 0 0
340 1 0.1 5.37014 3.31138 0.43231 0.0396267 0.0322645 0.00321149 -0.253025 0.0131937 -0.461015 1 0 0 0 0 0 0 0
341 1 0.1 5.43772 3.45336 0.602461 0.0134999 0.0217658 0.00463911 0.00192694 0.319788 0.351171 1 0 0 0 0 0 0 0
342 1 0.1 5.4625 3.58302 0.453288 0.0303798 0.0243265 0.00890742 0.0322879 -0.22424 0.0902194 1 0 0 0 0 0 0 0
343 1 0.1 5.62161 3.72704 0.376031 -0.0186967 0.0252949 0.0164857 -0.0261258 0.0292039 -0.0056084 1 0 0 0 0 0 0 0
344 1 0.1 5.84811 3.71627 0.565748 0.0136975 0.0178201 -0.00553581 0.0323998 0.0900194 0.0828261 1 0 0 0 0 0 0 0
345 1 0.1 5.78842 3.38421 0.762696 0.021798 0.0184001 0.000277903 0.16741 -0.211273 0.01195 1 0 0 0 0 0 0 0
346 1 0.1 5.88862 3.90897 0.599401 0.00759799 0.0163897 -0.000111277 0.0460881 -0.016355 -0.0161209 1 0 0 0 0 0 0 0
347 1 0.1 6.08091 3.96334 0.59402 0.00654618 0.0208197 -0.000513741 0.00224847 0.039331 0.054417 1 0 0 0 0 0 0 0
348 1 0.1 5.98215 4.95714 0.546972 0.000809561 0.000455751 -0.000369771 0.0339047 0.0423144 0.00864357 1 0 0 0 0 0 0 0
349 1 0.1 6.18165 4.91396 0.516242 -0.00107415 0.000630704 -0.00126883 0.0299949 -0.00865513 -0.036771 1 0 0 0 0 0 0 0
350 1 0.1 6.32332 1.19713 0.577947 -0.0227516 -0.00762757 -0.0225592 0.0706873 0.387918 -0.342945 1 0 0 0 0 0 0 0
351 1 0.1 6.20295 1.35595 0.562617 -0.00412441 0.0088907 0.00559223 -0.00399123 -0.00161116 0.0715295 1 0 0 0 0 0 0 0
352 1 0.1 6.05582 1.49035 0.57718 -0.0102078 0.000359519 0.00670498 0.0875872 -0.071888 -0.0444993 1 0 0 0 0 0 0 0
353 1 0.1 5.96841 2.02613 0.760529 -0.0908561 0.119648 -0.00559753 -0.0783516 -0.34504 0.498321 1 0 0 0 0 0 0 0
354 1 0.1 5.89637 2.87059 0.141177 0.0060869 -0.00933871 0.00894468 -0.0498895 -0.121865 -0.171549 1 0 0 0 0 0 0 0
355 1 0.1 5.80586 3.04865 0.137249 0.029509 0.00954721 -0.00177483 -0.136478 0.260649 -0.122424 1 0 0 0 0 0 0 0
356 1 0.1 5.58432 2.70321 0.720749 0.0182704 0.00755511 -0.00779868 -0.0873718 0.105981 -0.218789 1 0 0 0 0 0 0 0
357 1 0.1 5.77064 2.86694 0.465638 0.0665626 0.0858915 -0.023237 -0.260961 -0.115411 -0.0926591 1 0 0 0 0 0 0 0
358 1 0.1 5.26808 2.72556 0.76314 0.00923586 0.0108142 -0.000628716 0.0856062 -0.127334 0.00934801 1 0 0 0 0 0 0 0
359 1 0.1 5.63333 2.73429 0.524585 0.0611073 0.0856838 -0.0182886 0.0918582 0.049834 0.113786 1 0 0 0 0 0 0 0
360 1 0.1 5.8292 2.99579 0.6069 0.0103863 -0.022274 0.107483 -0.0185532 -1.71372 -0.683222 1 0 0 0 0 0 0 0
361 1 0.1 5.65304 2.90594 0.636053 -0.0124643 -0.00835881 0.00491018 0.525615 -0.258186 -0.400283 1 0 0 0 0 0 0 0
362 1 0.1 5.41932 2.94311 0.597678 0.0579341 0.0359416 0.0148358 0.160194 -0.189086 0.547351 1 0 0 0 0 0 0 0
363 1 0.1 5.20313 2.93435 0.608861 0.0414629 0.067092 -0.0426233 1.15608 -0.430912 0.822059 1 0 0 0 0 0 0 0
364 1 0.1 5.50847 3.02569 0.762642 0.00488268 0.0302379 0.00147267 0.257182 -0.0470033 0.00575095 1 0 0 0 0 0 0 0
365 1 0.1 5.35221 3.13834 0.63905 0.0290456 0.013456 0.0099023 -0.0289478 0.450607 0.189218 1 0 0 0 0 0 0 0
366 1 0.1 5.73794 3.17366 0.60307 0.0752283 0.0160336 -0.0158555 0.0671575 0.114114 0.0260478 1 0 0 0 0 0 0 0
367 1 0.1 5.58598 3.21015 0.762543 0.0241688 0.0198474 -0.000211661 0.0871591 0.0270815 -0.197859 1 0 0 0 0 0 0 0
368 1 0.1 5.61167 3.55104 0.580785 0.024813 0.00880494 0.00478717 0.154067 0.208603 -0.105803 1 0 0 0 0 0 0 0
369 1 0.1 5.97213 3.57286 0.502563 0.0428523 0.0341242 -0.00439918 -0.286398 0.0819064 0.345975 1 0 0 0 0 0 0 0
370 1 0.1 5.67526 3.36299 0.59963 0.0454986 0.013723 -0.0147422 0.00743307 -0.0374321 0.309152 1 0 0 0 0 0 0 0
371 1 0.1 5.73437 3.27409 0.430697 0.0647869 0.0219749 -0.0054909 0.00261864 -0.0296733 0.0669055 1 0 0 0 0 0 0 0
372 1 0.1 5.97415 4.03511 0.440904 -0.0142481 -0.00582659 0.000699261 -0.206869 0.131494 -0.0184561 1 0 0 0 0 0 0 0
373 1 0.1 6.01277 4.547 0.547481 0.00262565 0.00329659 0.00227536 -0.0926522 0.097897 -0.0356698 1 0 0 0 0 0 0 0
374 1 0.1 6.09767 4.73952 0.583811 0.000306912 0.00138405 -0.00119192 -0.0217359 0.0255769 0.017062 1 0 0 0 0 0 0 0
375 1 0.1 6.11574 0.908414 0.75079 0.0115288 -0.0231416 0.00267897 -0.0497691 0.0750878 0.105345 1 0 0 0 0 0 0 0
376 1 0.1 5.84117 1.18627 0.762195 0.038821 -0.027402 0.011168 0.0955737 0.0260702 0.0948236 1 0 0 0 0 0 0 0
377 1 0.1 5.69886 1.32514 0.748778 0.0330147 -0.0387744 0.0142974 0.00733436 -0.0397266 0.0119438 1 0 0 0 0 0 0 0
378 1 0.1 5.55747 1.46549 0.749148 0.0337551 -0.0372054 0.00997376 0.0725679 -0.0708113 -0.000387208 1 0 0 0 0 0 0 0
379 1 0.1 5.48801 1.65054 0.762689 0.0193801 -0.0384403 -0.00552616 -0.0972547 -0.096002 0.0827618 1 0 0 0 0 0 0 0
380 1 0.1 5.29952 1.7194 0.762236 0.0138041 -0.00983652 -0.0136815 -0.0492588 0.0525939 -0.0292019 1 0 0 0 0 0 0 0
381 1 0.1 5.10364 1.91972 0.760549 -0.0204048 0.0169106 0.0108167 0.0551128 -0.100632 0.279582 1 0 0 0 0 0 0 0
382 1 0.1 4.93968 2.07972 0.753052 -0.0131968 0.0185009 -0.0038078 0.0374343 0.0763926 0.214011 1 0 0 0 0 0 0 0
383 1 0.1 4.73766 2.27792 0.751209 -0.00415411 -0.00497824 0.0219185 0.158515 -0.0980365 -0.0819333 1 0 0 0 0 0 0 0
384 1 0.1 4.59686 2.4195 0.749437 -0.039328 0.0595068 -0.0354553 -0.401517 0.0579707 -0.361517 1 0 0 0 0 0 0 0
385 1 0.1 4.40752 2.62068 0.573968 0.0444079 -0.0272997 0.0268909 0.3623 0.048713 -0.539136 1 0 0 0 0 0 0 0
386 1 0.1 4.19355 2.87996 0.759789 -0.0116291 0.0404291 -0.025888 -0.000671269 0.267254 0.417711 1 0 0 0 0 0 0 0
387 1 0.1 4.31076 2.95934 0.616198 -0.0335867 0.0295191 -0.017716 -0.215262 -0.482458 0.328401 1 0 0 0 0 0 0 0
388 1 0.1 4.19112 3.12181 0.749848 0.00338885 0.0361215 -0.00841897 0.0192116 0.0768308 0.353123 1 0 0 0 0 0 0 0
389 1 0.1 4.66922 3.40301 0.660877 0.0489034 0.00936468 -0.0615427 0.559838 0.148226 1.09412 1 0 0 0 0 0 0 0
390 1 0.1 4.60414 3.55749 0.764138 -0.0411158 -0.0652793 -0.00160683 -0.539237 0.639247 -0.287617 1 0 0 0 0 0 0 0
391 1 0.1 4.74653 3.72744 0.746083 0.0167186 0.0149943 -0.00474639 0.199369 -0.0133966 0.294773 1 0 0 0 0 0 0 0
392 1 0.1 4.97988 3.83768 0.61677 0.0148703 -0.0147317 0.0110358 0.341543 0.456077 -0.0770108 1 0 0 0 0 0 0 0
393 1 0.1 5.006 3.98614 0.749996 0.000232186 -0.000109972 -0.00265593 0.0181819 0.0204685 0.00098767 1 0 0 0 0 0 0 0
394 1 0.1 5.14888 4.12538 0.76064 -0.000266639 -0.000104403 -0.00244472 0.0248591 0.0129264 -0.0141332 1 0 0 0 0 0 0 0
395 1 0.1 5.28843 4.26807 0.749334 0.00133644 -0.000191655 -0.000460284 0.00915452 0.00599285 0.0046338 1 0 0 0 0 0 0 0
396 1 0.1 5.42979 4.40946 0.749992 0.000416138 0.000659959 -5.44899e-05 -0.000386674 0.000689763 0.00870339 1 0 0 0 0 0 0 0
397 1 0.1 5.58259 4.56744 0.751902 0.00241398 0.00202081 -0.00434457 0.0369834 -0.0051369 -0.113241 1 0 0 0 0 0 0 0
398 1 0.1 5.72431 4.70762 0.757225 -0.0020048 -0.000731783 0.000922719 0.0898242 -0.000650284 0.0937151 1 0 0 0 0 0 0 0
399 1 0.1 5.86458 4.84996 0.750002 -0.00137149 -0.00247027 0.000139844 -0.00312681 0.00210139 -0.0297825 1 0 0 0 0 0 0 0
400 1 0.1 6.25768 0.768006 0.755871 0.0141728 -0.0113248 0.00274861 0.0211155 0.0239497 0.0595238 1 0 0 0 0 0 0 0
401 1 0.1 5.98048 1.05108 0.71651 0.0200741 -0.0249843 0.00648563 0.0292868 -0.0705876 -0.293104 1 0 0 0 0 0 0 0
402 1 0.1 5.74436 1.53512 0.762518 0.00302553 0.0671196 -0.00351124 -0.116983 0.188305 1.00979 1 0 0 0 0 0 0 0
403 1 0.1 5.6273 1.61399 0.619665 -0.0304454 -0.0392076 0.027983 0.1243 -0.157189 -0.292665 1 0 0 0 0 0 0 0
404 1 0.1 5.65444 1.76041 0.762668 0.00675944 -0.0233324 -0.00209926 0.247495 0.122709 0.200414 1 0 0 0 0 0 0 0
405 1 0.1 5.45348 1.8452 0.74767 0.0391036 -0.0289917 -0.035517 -0.194137 -0.046893 -0.237318 1 0 0 0 0 0 0 0
406 1 0.1 5.40166 2.03511 0.762929 0.015438 -0.0160189 -0.0019951 0.466043 0.168052 0.407141 1 0 0 0 0 0 0 0
407 1 0.1 5.34756 2.12767 0.595116 -0.0402788 -0.00116055 0.0127005 -0.552936 0.088008 0.218146 1 0 0 0 0 0 0 0
408 1 0.1 5.06727 2.23333 0.762506 -0.0245487 0.0280543 0.000238234 -0.0245978 -0.12421 -0.0653478 1 0 0 0 0 0 0 0
409 1 0.1 4.78941 2.46835 0.76613 0.0452696 -0.0852707 -0.0147567 -0.568685 -0.676575 -0.341047 1 0 0 0 0 0 0 0
410 1 0.1 4.30409 2.71361 0.749971 -0.0210404 0.0326273 3.21148e-05 0.0146664 0.0112931 0.406174 1 0 0 0 0 0 0 0
411 1 0.1 4.47306 2.88613 0.706938 -0.171579 -0.133303 0.0813681 0.598103 -2.45952 0.00975954 1 0 0 0 0 0 0 0
412 1 0.1 4.37407 3.04764 0.768482 -0.0217469 0.000299601 -0.00273711 0.150298 0.347807 -1.26023 1 0 0 0 0 0 0 0
413 1 0.1 4.63883 3.2495 0.767302 0.109535 0.0605696 0.00794234 -1.30111 0.447568 -0.749232 1 0 0 0 0 0 0 0
414 1 0.1 4.87398 3.42155 0.526374 0.0295959 0.0224233 -0.0440416 0.617441 -0.120876 0.101097 1 0 0 0 0 0 0 0
415 1 0.1 4.78862 3.55982 0.650163 0.0096222 0.0266786 -0.0102105 0.0659831 -0.380972 -0.807438 1 0 0 0 0 0 0 0
416 1 0.1 5.14063 3.55774 0.762745 0.000763361 -0.000709135 0.00246454 -0.0201217 -0.00476953 0.0973911 1 0 0 0 0 0 0 0
417 1 0.1 5.05428 3.74599 0.766805 0.0264914 -0.0262604 7.1522e-05 -0.22793 -0.311009 -0.0485969 1 0 0 0 0 0 0 0
418 1 0.1 5.18919 3.90863 0.735603 0.000958482 -0.00079812 -0.0045007 -0.0603627 0.0169468 -0.00328939 1 0 0 0 0 0 0 0
419 1 0.1 5.33221 4.04614 0.761997 0.00119684 0.00483337 -0.00461154 0.0243332 -0.0113971 0.0616169 1 0 0 0 0 0 0 0
420 1 0.1 5.48078 4.21573 0.762709 0.00380718 -0.00179512 0.0026165 -0.0321456 -0.0416759 -0.0179337 1 0 0 0 0 0 0 0
421 1 0.1 5.64039 4.37759 0.764259 0.00343999 0.00190545 0.00109426 0.0539332 -0.0373253 0.113876 1 0 0 0 0 0 0 0
422 1 0.1 5.78263 4.51718 0.749205 0.00201427 0.00166584 0.0010848 -0.0936706 -0.00881483 -0.00890951 1 0 0 0 0 0 0 0
423 1 0.1 5.89326 4.65895 0.66203 -0.00286728 -0.000162069 -0.00139264 0.0593105 -0.132917 0.119448 1 0 0 0 0 0 0 0
424 1 0.1 6.19095 5.1632 0.762527 -5.93703e-05 -6.42514e-05 6.2229e-05 -0.00381709 -0.000375904 -0.000855045 1 0 0 0 0 0 0 0
425 1 0.1 6.39804 0.625784 0.749973 0.00840742 -0.00894651 0.000103279 -0.00458004 -0.00628211 -0.113608 1 0 0 0 0 0 0 0
426 1 0.1 6.10159 1.20327 0.762523 -0.0045734 -0.00538432 0.000216674 -0.0684646 0.0419912 0.419038 1 0 0 0 0 0 0 0
427 1 0.1 5.94986 1.35404 0.762503 -0.0588273 0.0472064 -0.00011394 -0.0126963 0.0787359 0.544379 1 0 0 0 0 0 0 0
428 1 0.1 5.95972 1.73826 0.762856 -0.0404998 0.0195807 -0.00469226 0.164181 0.278006 -0.120662 1 0 0 0 0 0 0 0
429 1 0.1 5.82502 1.88599 0.758396 -0.0619604 0.00347216 0.0223706 0.2154 -0.265978 -0.12898 1 0 0 0 0 0 0 0
430 1 0.1 5.63957 1.95781 0.738373 -0.0736393 -0.0239949 -0.000903961 -0.0240419 -0.0247358 0.648711 1 0 0 0 0 0 0 0
431 1 0.1 5.58953 2.1496 0.762879 -0.119387 -0.0226014 0.00208356 -0.308274 0.657827 -0.207367 1 0 0 0 0 0 0 0
432 1 0.1 5.30398 2.22473 0.763224 -0.0116688 0.0334733 0.000858962 0.311681 0.143669 -0.47019 1 0 0 0 0 0 0 0
433 1 0.1 5.34882 2.46891 0.61247 0.0673972 0.0518574 -0.0172487 -0.170912 0.132236 -0.289462 1 0 0 0 0 0 0 0
434 1 0.1 5.00141 2.42198 0.763037 -0.0142032 0.0286636 -0.00411847 -0.0497478 0.224943 -0.0305738 1 0 0 0 0 0 0 0
435 1 0.1 4.91178 2.63448 0.763343 -0.00228889 0.0405385 0.00284032 0.418442 0.05529 0.134769 1 0 0 0 0 0 0 0
436 1 0.1 4.73944 2.73374 0.76753 -0.00128585 0.023033 -0.0139306 0.319596 -0.0361671 0.0634846 1 0 0 0 0 0 0 0
437 1 0.1 4.69851 3.16935 0.594116 -0.182729 0.366298 -0.223736 1.8405 2.98292 3.67512 1 0 0 0 0 0 0 0
438 1 0.1 4.83105 3.21404 0.758117 0.111276 0.0592928 0.00738329 -0.335965 -0.604271 -0.61008 1 0 0 0 0 0 0 0
439 1 0.1 4.84003 3.41003 0.764333 0.0384328 0.0497636 -0.00277892 0.20016 -0.760652 2.32757 1 0 0 0 0 0 0 0
440 1 0.1 5.01745 3.32101 0.762988 0.06446 0.128206 0.00225718 1.38003 -0.386752 -1.30625 1 0 0 0 0 0 0 0
441 1 0.1 5.25424 3.72201 0.762898 -0.00502069 -0.00312716 0.00108196 -0.0298737 0.0610594 -0.0859203 1 0 0 0 0 0 0 0
442 1 0.1 5.36499 3.84307 0.649471 -0.00160455 -0.00245917 0.0175918 0.132608 -0.160309 0.0608005 1 0 0 0 0 0 0 0
443 1 0.1 5.49952 3.9369 0.763244 0.00198231 0.00732317 0.000933243 0.0600461 -0.0131421 0.0106278 1 0 0 0 0 0 0 0
444 1 0.1 5.63236 4.08579 0.760468 0.0035942 0.00257009 0.00421255 -0.000854338 -0.00491014 -0.058576 1 0 0 0 0 0 0 0
445 1 0.1 5.74968 4.21903 0.669386 0.0041608 0.00548954 0.0128602 0.119078 0.0155506 0.0100269 1 0 0 0 0 0 0 0
446 1 0.1 5.88632 4.34726 0.737117 0.00447764 0.00654552 0.00603217 -0.0459805 0.142151 0.0699842 1 0 0 0 0 0 0 0
447 1 0.1 5.99532 4.51174 0.762968 0.00458593 0.00138867 0.00200843 -0.0792163 -0.000146884 -0.027876 1 0 0 0 0 0 0 0
448 1 0.1 6.06218 4.82165 0.762563 0.00122057 0.000611902 -0.000276743 0.00531907 -0.00561696 0.0427429 1 0 0 0 0 0 0 0
449 1 0.1 6.33008 5.30625 0.749997 -3.24841e-05 -3.61225e-05 -0.000129347 -0.000227356 0.00168939 0.00093225 1 0 0 0 0 0 0 0
450 1 0.1 6.35849 0.893582 0.637284 -0.01429 0.00865835 -0.00147481 -0.108491 -0.280424 -0.0280277 1 0 0 0 0 0 0 0
451 1 0.1 6.21987 1.03761 0.639621 -0.024839 -0.000963562 -0.00770347 0.111037 0.187791 0.175796 1 0 0 0 0 0 0 0
452 1 0.1 6.14483 1.39845 0.760764 -0.0418238 0.00516937 0.0133801 0.248327 0.134554 -0.0623802 1 0 0 0 0 0 0 0
453 1 0.1 6.00944 1.54542 0.762583 -0.0490728 0.0203466 -0.00144038 -0.358007 -0.355262 0.0963966 1 0 0 0 0 0 0 0
454 1 0.1 5.78203 2.09771 0.754207 -0.122863 0.0146205 -0.0455938 0.0384393 -0.0722455 0.589324 1 0 0 0 0 0 0 0
455 1 0.1 5.66757 2.34034 0.694738 -0.133471 -0.0183072 0.0409458 -0.266163 -0.23516 0.125585 1 0 0 0 0 0 0 0
456 1 0.1 5.44465 2.37552 0.762899 -0.0660442 -0.0176411 0.00148288 -0.0221311 0.755611 -0.148149 1 0 0 0 0 0 0 0
457 1 0.1 5.54347 2.38108 0.466791 -0.0393268 -0.0183664 0.0243952 0.368377 0.188095 -0.766944 1 0 0 0 0 0 0 0
458 1 0.1 5.21735 2.50709 0.762578 -0.0351672 0.103069 0.00340178 0.2196 -0.0555792 0.934338 1 0 0 0 0 0 0 0
459 1 0.1 5.41068 2.58548 0.762551 0.0411179 0.0413213 0.00237974 0.396209 -0.40014 0.386276 1 0 0 0 0 0 0 0
460 1 0.1 5.08774 2.51631 0.610709 -0.0432572 0.0791826 -0.00185993 0.554016 0.0638561 0.247154 1 0 0 0 0 0 0 0
461 1 0.1 4.89286 2.8595 0.756743 0.0019579 0.0163967 -0.0423654 -0.157167 -0.229588 -0.386024 1 0 0 0 0 0 0 0
462 1 0.1 4.74926 3.00298 0.763281 0.00505654 0.0643915 0.0032336 0.263325 0.463082 0.164761 1 0 0 0 0 0 0 0
463 1 0.1 5.06044 3.03927 0.519349 0.0150134 0.00860752 -0.0677168 -1.58152 0.863758 -0.159213 1 0 0 0 0 0 0 0
464 1 0.1 4.92127 3.15714 0.593104 0.096382 0.0625736 -0.00495738 0.859392 0.631471 -0.125487 1 0 0 0 0 0 0 0
465 1 0.1 5.24376 3.40998 0.588064 0.0222591 0.0161978 -0.019896 0.0622725 0.00479794 0.395119 1 0 0 0 0 0 0 0
466 1 0.1 5.46857 3.61544 0.762539 -0.0108252 -0.00988762 0.000899879 -0.033744 0.0152455 -0.0250424 1 0 0 0 0 0 0 0
467 1 0.1 5.65132 3.74955 0.571255 0.0118709 0.0233651 0.00702374 0.38215 -0.0407895 -0.125518 1 0 0 0 0 0 0 0
468 1 0.1 5.66552 3.79065 0.763812 0.00521497 -0.00575639 0.00451647 -0.042518 -0.0300233 0.0872369 1 0 0 0 0 0 0 0
469 1 0.1 5.78184 3.95328 0.762574 -0.0013267 -0.00119509 9.67255e-05 0.0303756 0.0346544 -0.0346006 1 0 0 0 0 0 0 0
470 1 0.1 5.97761 3.99385 0.762519 -0.00389967 -0.000500927 -0.00184197 0.0201943 -0.00581549 0.0690979 1 0 0 0 0 0 0 0
471 1 0.1 6.00949 4.19207 0.762632 0.00494404 0.00918793 0.000512922 0.0835668 -0.0738721 0.00127361 1 0 0 0 0 0 0 0
472 1 0.1 6.05249 4.36831 0.627978 0.00263514 0.00563592 0.00598535 0.0189657 0.00853644 -0.00774168 1 0 0 0 0 0 0 0
473 1 0.1 6.04837 5.02089 0.762552 -0.000907487 -0.000187604 -1.40002e-05 0.00150619 -0.000993966 -0.00808838 1 0 0 0 0 0 0 0
474 1 0.1 6.22223 4.93733 0.710507 -0.00173673 -0.0007228 -0.00116916 -0.0288068 0.00900994 0.0289633 1 0 0 0 0 0 0 0
475 1 0.1 6.36223 1.10538 0.762516 -0.0294715 -0.0039702 9.36658e-05 0.125011 -0.177533 -0.017986 1 0 0 0 0 0 0 0
476 1 0.1 6.31917 1.30064 0.762501 -0.0346994 -0.00138057 -0.000679735 -0.0831651 -0.0687431 0.0504078 1 0 0 0 0 0 0 0
477 1 0.1 5.95936 1.87705 0.610559 -0.0609111 0.0141688 0.0230328 -0.354965 0.254299 0.433216 1 0 0 0 0 0 0 0
478 1 0.1 5.92813 2.23398 0.762561 -0.0856847 -0.0300563 0.00165599 -0.262809 0.347052 0.0480079 1 0 0 0 0 0 0 0
479 1 0.1 5.84167 2.42372 0.762625 -0.0331815 -0.0479966 0.00490556 -0.297056 0.187303 -0.656143 1 0 0 0 0 0 0 0
480 1 0.1 5.85601 3.18715 0.762879 0.0468509 0.0076256 0.00163172 0.0911563 -0.448476 0.0153008 1 0 0 0 0 0 0 0
481 1 0.1 5.79676 2.84965 0.762659 -0.0202546 -0.0410007 -0.00244131 -0.323167 0.233574 0.153465 1 0 0 0 0 0 0 0
482 1 0.1 5.67147 2.5284 0.762625 0.00312742 -0.000686672 -0.0031628 -0.00758855 -0.0175149 0.0104007 1 0 0 0 0 0 0 0
483 1 0.1 5.66974 2.50088 0.564751 -0.0186546 -0.0219754 -0.00187063 -0.193909 0.380647 0.886281 1 0 0 0 0 0 0 0
484 1 0.1 5.4424 2.83706 0.763455 0.034191 0.0268277 0.0039299 0.34892 -0.342377 -0.085924 1 0 0 0 0 0 0 0
485 1 0.1 5.31203 2.98827 0.7642 -0.000941113 0.00389413 0.00233123 -0.0950715 -0.166097 -0.19352 1 0 0 0 0 0 0 0
486 1 0.1 5.09256 2.85946 0.763025 -0.00245373 -0.000968187 0.0109091 -0.0243091 0.0585061 0.0211376 1 0 0 0 0 0 0 0
487 1 0.1 4.94434 3.0514 0.762892 0.0208681 0.00901434 0.00523928 0.668594 0.239991 0.197324 1 0 0 0 0 0 0 0
488 1 0.1 5.13978 3.08655 0.761873 0.0181259 0.0259596 -0.00431669 0.212137 0.024266 -0.0780609 1 0 0 0 0 0 0 0
489 1 0.1 5.20611 3.27052 0.724998 0.0292416 0.0225098 -0.0108348 -0.203741 0.212366 -0.053095 1 0 0 0 0 0 0 0
490 1 0.1 5.40163 3.28724 0.762621 0.0272963 0.0251777 -0.00174676 -0.116032 -0.064831 0.160257 1 0 0 0 0 0 0 0
491 1 0.1 5.32 3.46973 0.7628 0.00266518 0.0145833 -0.00260407 0.185314 -0.0332181 0.0186983 1 0 0 0 0 0 0 0
492 1 0.1 5.55334 3.42254 0.76255 0.0142079 0.0113976 0.000816784 0.113131 -0.142136 -0.114853 1 0 0 0 0 0 0 0
493 1 0.1 5.70682 3.05087 0.762598 0.0076397 0.00647686 -0.00566895 -0.0173064 -0.0255013 -0.0154205 1 0 0 0 0 0 0 0
494 1 0.1 5.68024 3.59174 0.76299 0.0219589 -0.00321616 0.00238007 -0.0330783 -0.210294 0.105817 1 0 0 0 0 0 0 0
495 1 0.1 5.86083 3.74817 0.762604 0.0100125 0.00932711 -0.0009841 0.0912319 -0.0991388 0.0510191 1 0 0 0 0 0 0 0
496 1 0.1 5.85988 3.54418 0.666574 0.0286261 0.0250649 0.0108409 -0.22054 -0.249814 0.190421 1 0 0 0 0 0 0 0
497 1 0.1 6.03186 4.22488 0.466175 -0.0150307 -0.00262805 -0.018813 0.0796687 0.305263 -0.11056 1 0 0 0 0 0 0 0
498 1 0.1 6.14675 4.64102 0.750451 0.00180197 0.00154404 -0.00355755 0.0440521 0.00173357 0.00364767 1 0 0 0 0 0 0 0
499 1 0.1 6.3047 4.76284 0.762558 0.00103533 0.00139145 0.000298176 0.0111923 -0.0130503 0.00555501 1 0 0 0 0 0 0 0
