500
0 1 0.1 5.91766 1.10691 0.144296 -0.0571354 0.0659026 0.0115855 -0.00180642 0.000212358 0.00038879 1 0 0 0 0 0 0 0
1 1 0.1 5.77725 1.24902 0.137361 -0.0534401 0.067686 0.00149859 -0.0821236 -0.0387976 0.0474282 1 0 0 0 0 0 0 0
2 1 0.1 5.60266 1.42074 0.143512 -0.00834012 0.00274814 0.0156111 0.0317786 -0.22706 0.0409736 1 0 0 0 0 0 0 0
3 1 0.1 5.32064 1.70333 0.137432 -0.00834521 0.00809318 -0.000396506 -0.00790945 0.000203144 0.115727 1 0 0 0 0 0 0 0
4 1 0.1 5.40094 1.84405 0.426602 -0.0288301 0.0186256 0.0113844 -0.136992 0.00639392 0.227148 1 0 0 0 0 0 0 0
5 1 0.1 5.1454 1.87787 0.141474 -0.00921398 0.0156525 -0.0013162 -0.0390419 -0.00285385 0.183176 1 0 0 0 0 0 0 0
6 1 0.1 4.92205 2.1035 0.141891 0.0012277 0.00360149 0.00712979 0.0456245 0.0279387 0.0122786 1 0 0 0 0 0 0 0
7 1 0.1 4.76378 2.23149 0.108752 -0.0307515 0.0568715 -0.0396565 -6.10579 3.20467 -2.81724 1 0 0 0 0 0 0 0
8 1 0.1 4.77913 2.64964 0.138325 -0.0581412 0.0176242 0.00279201 -0.284525 -0.133558 0.493601 1 0 0 0 0 0 0 0
9 1 0.1 4.70044 2.68012 0.319443 -0.0809131 0.0246178 -0.0120836 0.035933 -0.0589417 -0.104861 1 0 0 0 0 0 0 0
10 1 0.1 4.19365 2.83394 0.146999 -0.000328217 -0.0019165 3.90218e-06 0.0116888 -0.00804964 -0.000510846 1 0 0 0 0 0 0 0
11 1 0.1 4.19334 2.83956 0.449999 -1.1339e-05 -0.000210006 4.77634e-06 -6.72805e-05 -0.000684074 -0.00214945 1 0 0 0 0 0 0 0
12 1 0.1 4.1916 3.1107 0.140112 -0.0321341 -0.0961024 -0.0445404 0.108213 0.313519 -0.675059 1 0 0 0 0 0 0 0
13 1 0.1 4.34227 3.18655 0.4014 0.0695535 0.00527341 0.00477714 0.113401 -0.804145 0.0718224 1 0 0 0 0 0 0 0
14 1 0.1 4.35504 3.20635 0.202557 -0.0345419 -0.115334 -0.0926377 -0.117087 0.132047 0.408949 1 0 0 0 0 0 0 0
15 1 0.1 4.43409 3.40805 0.13673 0.0316034 0.03973 -0.0197905 -0.313537 0.288701 0.449683 1 0 0 0 0 0 0 0
16 1 0.1 4.54163 3.23129 0.137165 0.0217224 0.124166 0.00456343 -0.134242 0.0258114 0.0414325 1 0 0 0 0 0 0 0
17 1 0.1 4.71489 3.69242 0.251088 0.00303671 -0.0113564 0.00883539 -0.0678919 -0.00130332 -0.0315796 1 0 0 0 0 0 0 0
18 1 0.1 4.5931 3.57646 0.142802 -0.00518086 -0.000943857 0.0114553 -0.0987577 -0.0609945 -0.0669688 1 0 0 0 0 0 0 0
19 1 0.1 5.01181 3.99031 0.137286 -1.41483e-05 0.00290586 0.000281505 -0.0419647 0.0274231 0.0126254 1 0 0 0 0 0 0 0
20 1 0.1 5.15346 4.13117 0.137415 0.00115872 0.000914785 -0.000447924 -0.0314363 0.0143178 0.0453252 1 0 0 0 0 0 0 0
21 1 0.1 5.35338 4.09671 0.137463 -0.108739 0.136728 0.000770774 -0.436658 -0.48125 2.70435 1 0 0 0 0 0 0 0
22 1 0.1 5.46749 4.43817 0.182745 0.00693948 0.00276913 0.00256587 -0.0240071 -0.0377572 0.0802697 1 0 0 0 0 0 0 0
23 1 0.1 5.6029 4.58142 0.150003 0.00351793 0.00354253 -1.49714e-05 -0.00894066 0.00100344 -0.00235147 1 0 0 0 0 0 0 0
24 1 0.1 5.91588 4.89306 0.15006 0.000843955 0.000761454 0.000217797 -0.00797768 0.000851051 0.00794326 1 0 0 0 0 0 0 0
25 1 0.1 6.05804 0.964652 0.150064 -0.056646 0.0676978 0.00037052 0.0805833 0.0698739 0.0181611 1 0 0 0 0 0 0 0
26 1 0.1 5.80224 1.44738 0.137444 -0.0887677 0.071086 0.00186534 -0.0123188 -0.0217432 0.05263 1 0 0 0 0 0 0 0
27 1 0.1 5.64595 1.63405 0.137488 -0.0222759 -0.00435179 2.13262e-05 0.0952106 0.0539558 -0.0150865 1 0 0 0 0 0 0 0
28 1 0.1 5.46034 1.561 0.150489 -0.0121214 0.00128266 0.00147175 0.00800677 0.00465713 0.000484316 1 0 0 0 0 0 0 0
29 1 0.1 5.60088 1.92397 0.137266 0.00801022 0.016615 -0.00184368 -0.135469 0.0953383 -0.0463888 1 0 0 0 0 0 0 0
30 1 0.1 5.33478 1.94087 0.137403 -0.0198863 0.0463563 -3.82198e-05 -0.464554 -0.181754 0.164138 1 0 0 0 0 0 0 0
31 1 0.1 5.16231 2.07648 0.139396 -0.0265153 0.0221526 0.0083217 0.160623 0.406465 -0.0177509 1 0 0 0 0 0 0 0
32 1 0.1 4.90116 2.26699 0.254202 -0.00736419 0.000935744 0.027658 0.0903314 0.184275 0.337716 1 0 0 0 0 0 0 0
33 1 0.1 4.47736 2.55033 0.134412 -0.00605598 0.00597845 -0.00979076 -0.126869 -0.414636 -0.436749 1 0 0 0 0 0 0 0
34 1 0.1 4.91401 2.79675 0.137253 -0.095234 0.0466625 -0.00125575 0.0484933 -0.0759361 0.100637 1 0 0 0 0 0 0 0
35 1 0.1 4.33394 2.69181 0.138069 -0.000148181 -0.000806925 0.000229395 0.00399881 -0.0040354 -0.000619826 1 0 0 0 0 0 0 0
36 1 0.1 5.29535 2.8588 0.310634 -0.0864143 0.0899488 -0.0325965 -0.0339491 -0.013546 -0.293141 1 0 0 0 0 0 0 0
37 1 0.1 4.52529 2.85716 0.183609 -0.0900794 0.0390647 0.0108579 0.169944 0.0577015 -0.213988 1 0 0 0 0 0 0 0
38 1 0.1 4.5914 3.03885 0.137165 -0.0168047 0.033564 0.0164747 -0.209348 -0.248565 -0.547822 1 0 0 0 0 0 0 0
39 1 0.1 4.39244 3.02656 0.505566 -0.0081898 0.0139693 0.0157081 0.0198246 -1.31975 0.0086729 1 0 0 0 0 0 0 0
40 1 0.1 5.08276 3.26601 0.134385 0.0108509 -0.0104739 -0.00800206 0.160376 0.154977 -0.384848 1 0 0 0 0 0 0 0
41 1 0.1 4.7912 3.54784 0.136967 -0.00725948 -0.0298548 0.00518623 0.0380692 -0.013501 -0.0186706 1 0 0 0 0 0 0 0
42 1 0.1 4.83295 3.80672 0.137327 -0.00170993 -0.00382943 0.000669565 0.0164012 -0.0133081 -0.0505803 1 0 0 0 0 0 0 0
43 1 0.1 5.0653 3.88825 0.299625 0.00106878 -0.0031244 -0.00528437 0.116127 0.0107411 0.0382501 1 0 0 0 0 0 0 0
44 1 0.1 5.5697 3.85973 0.13728 0.0110367 -0.000560535 0.000162065 0.124597 -0.0684615 -0.010086 1 0 0 0 0 0 0 0
45 1 0.1 5.56921 4.0591 0.142725 0.00164729 -0.00135606 0.00475279 -0.0839032 0.0967342 0.093537 1 0 0 0 0 0 0 0
46 1 0.1 5.50919 4.24927 0.136469 0.0032409 0.000388615 0.00117026 -0.0133503 0.0265542 -0.132348 1 0 0 0 0 0 0 0
47 1 0.1 5.6551 4.38603 0.137488 0.00479933 -0.00136599 -0.000339474 0.0117941 0.0441271 -0.104985 1 0 0 0 0 0 0 0
48 1 0.1 5.77675 4.75025 0.137098 0.00101277 0.000789039 -0.00104908 0.0718194 -0.0422023 0.0315739 1 0 0 0 0 0 0 0
49 1 0.1 6.0572 5.03438 0.149927 0.000717295 0.00125145 -0.000544303 0.000754957 0.00365011 -0.002569 1 0 0 0 0 0 0 0
50 1 0.1 6.19944 0.823252 0.149982 -0.0569996 0.0689327 0.000211287 -0.0352614 -0.0325435 0.178094 1 0 0 0 0 0 0 0
51 1 0.1 5.96287 1.32248 0.13741 -0.0463416 0.0683053 0.000825564 -0.0235809 -0.0138634 -0.0750277 1 0 0 0 0 0 0 0
52 1 0.1 5.92099 1.91599 0.1374 -0.0172523 0.0218295 -0.00698803 -0.116602 -0.158714 0.17681 1 0 0 0 0 0 0 0
53 1 0.1 5.75762 1.79992 0.137501 -0.00254307 -0.0191544 0.00336816 -0.0416409 -0.0279825 -0.248528 1 0 0 0 0 0 0 0
54 1 0.1 5.74984 2.0554 0.154824 -0.0635161 0.124214 -0.108141 0.647469 1.81523 1.4886 1 0 0 0 0 0 0 0
55 1 0.1 5.34812 2.14857 0.137188 -0.0237183 0.0139294 -0.00599676 -0.114458 -0.2291 -0.0708849 1 0 0 0 0 0 0 0
56 1 0.1 5.05996 2.24752 0.136622 -0.0276139 0.0261307 0.000278308 -0.280061 -0.352934 0.0273308 1 0 0 0 0 0 0 0
57 1 0.1 5.3015 2.31103 0.403848 -0.122103 -0.00795425 0.0189807 -0.751086 0.236685 1.4619 1 0 0 0 0 0 0 0
58 1 0.1 5.02245 2.39955 0.339365 -0.00719453 0.0306267 -0.0105005 0.0224589 0.47522 0.178517 1 0 0 0 0 0 0 0
59 1 0.1 4.6625 2.4878 0.136224 -0.0250389 -0.00243518 -0.000542368 0.170462 -0.12045 -0.142693 1 0 0 0 0 0 0 0
60 1 0.1 5.41862 2.69892 0.287519 -0.0336535 0.088811 0.0121801 0.385295 0.432419 0.768082 1 0 0 0 0 0 0 0
61 1 0.1 4.71886 2.8402 0.137442 -0.0931071 0.0170987 0.000998757 0.0490763 0.0144709 0.00670953 1 0 0 0 0 0 0 0
62 1 0.1 4.85262 2.97858 0.19151 -0.111214 0.0428458 -0.00145854 0.0292745 -0.0251692 0.106911 1 0 0 0 0 0 0 0
63 1 0.1 4.73991 3.20698 0.136581 -0.00763404 -0.046011 0.0273534 0.298473 1.72791 2.05007 1 0 0 0 0 0 0 0
64 1 0.1 4.92443 3.16444 0.194959 0.0142906 0.00595328 -0.00823631 0.214618 0.129464 -0.463003 1 0 0 0 0 0 0 0
65 1 0.1 4.90682 3.53736 0.298652 0.00752239 -0.0100775 0.00157704 -0.0767328 0.115383 0.0950476 1 0 0 0 0 0 0 0
66 1 0.1 5.34468 3.54089 0.137098 0.00271303 0.00892583 2.59547e-05 -0.0814851 -0.0665249 0.0337513 1 0 0 0 0 0 0 0
67 1 0.1 5.4256 3.72261 0.146048 0.00306396 0.00908366 -0.0204346 -0.000940634 0.102243 -0.111872 1 0 0 0 0 0 0 0
68 1 0.1 5.01323 3.73509 0.182351 0.00699601 -0.00131354 -0.00614789 -0.043411 0.0976305 0.0970259 1 0 0 0 0 0 0 0
69 1 0.1 5.56287 3.88583 0.438918 0.00949301 0.0354253 -0.0100015 0.157951 -0.0362334 -0.0125272 1 0 0 0 0 0 0 0
70 1 0.1 5.49763 4.05045 0.337238 -0.123185 0.103078 -0.126883 0.0164621 1.58333 0.678175 1 0 0 0 0 0 0 0
71 1 0.1 5.74652 4.15075 0.13703 -0.000358767 8.17124e-05 -0.000947957 0.0362821 -0.0587229 -0.0596917 1 0 0 0 0 0 0 0
72 1 0.1 5.88107 4.30012 0.13744 -0.00693516 0.023889 -7.85071e-05 -0.238523 -0.0729063 0.693345 1 0 0 0 0 0 0 0
73 1 0.1 6.03626 4.73364 0.137394 0.00116845 0.000987194 -0.000866201 -0.00124823 0.00206804 0.00212232 1 0 0 0 0 0 0 0
74 1 0.1 6.28256 5.26411 0.149988 -8.94562e-05 -0.000169414 -1.56567e-05 -0.00197278 -0.000515725 -0.0108119 1 0 0 0 0 0 0 0
75 1 0.1 6.16861 1.09091 0.304117 -0.0768363 0.203323 0.0822746 -1.0716 -0.546463 0.831863 1 0 0 0 0 0 0 0
76 1 0.1 6.10349 1.18033 0.13751 -0.0562468 0.0628029 0.000581229 -0.0685448 0.0901009 -0.0255364 1 0 0 0 0 0 0 0
77 1 0.1 5.94273 1.71727 0.137454 -0.0230926 0.024786 -0.00243866 -0.252032 -0.225348 -0.3516 1 0 0 0 0 0 0 0
78 1 0.1 5.90712 2.1786 0.137682 -0.0224965 0.259022 0.0252217 0.253936 -1.14539 1.66933 1 0 0 0 0 0 0 0
79 1 0.1 5.87639 2.29913 0.385741 -0.140867 0.0593829 -0.00357586 0.118273 -0.424127 -0.315852 1 0 0 0 0 0 0 0
80 1 0.1 5.54453 2.11497 0.148909 -0.0233295 0.0357328 0.005024 0.149254 0.125138 0.319527 1 0 0 0 0 0 0 0
81 1 0.1 5.53199 2.31379 0.138 -0.12879 0.0472648 0.00544002 -0.169887 0.375316 0.655664 1 0 0 0 0 0 0 0
82 1 0.1 5.73155 2.80865 0.137028 -0.01663 0.0187116 0.000628753 -0.132924 -0.169221 0.0706711 1 0 0 0 0 0 0 0
83 1 0.1 5.23701 2.34413 0.13728 0.00273054 0.0168837 9.19965e-05 -0.17293 0.0166565 -0.0693617 1 0 0 0 0 0 0 0
84 1 0.1 4.85396 2.43063 0.139013 -0.0700431 -0.159248 -0.0150751 0.184383 0.0447194 -1.69735 1 0 0 0 0 0 0 0
85 1 0.1 5.05426 2.65534 0.13732 -0.0849055 0.0540245 -0.00269621 0.055675 -0.0167648 0.0389986 1 0 0 0 0 0 0 0
86 1 0.1 5.70191 2.93296 0.290315 -0.0322584 0.0258577 -0.00183885 0.0496266 0.0540856 0.0302908 1 0 0 0 0 0 0 0
87 1 0.1 5.10563 2.85794 0.137437 -0.0813866 -0.0610436 -3.2392e-05 -0.288655 -0.0475306 -0.301791 1 0 0 0 0 0 0 0
88 1 0.1 5.20344 3.28592 0.28701 -0.0607513 -0.0510628 0.0320925 -0.255587 -0.127963 -0.703827 1 0 0 0 0 0 0 0
89 1 0.1 4.66681 3.39176 0.138798 -0.0985754 -0.0357122 0.0733017 -0.585527 0.226725 -0.962145 1 0 0 0 0 0 0 0
90 1 0.1 5.17198 3.44286 0.14891 0.0208751 -0.0112417 0.00147167 -0.0743791 0.0124292 0.220969 1 0 0 0 0 0 0 0
91 1 0.1 5.54348 3.55783 0.137786 0.000952392 0.0213578 0.0232964 0.467205 -0.14933 0.082462 1 0 0 0 0 0 0 0
92 1 0.1 5.69111 3.69216 0.136623 0.00875429 0.0131652 0.003515 -0.196791 0.0742568 -0.133828 1 0 0 0 0 0 0 0
93 1 0.1 5.8577 3.87663 0.324219 0.0175527 0.0262236 0.0121955 -0.0468212 -0.131033 0.13355 1 0 0 0 0 0 0 0
94 1 0.1 5.73582 3.95822 0.188754 0.00838549 0.0047347 0.00730952 -0.0223217 0.0732783 0.0559639 1 0 0 0 0 0 0 0
95 1 0.1 5.9268 3.98771 0.137381 0.00566088 0.00521112 0.00148777 -0.0172762 0.00215273 0.025102 1 0 0 0 0 0 0 0
96 1 0.1 6.05118 4.14405 0.137415 0.00264179 0.00422335 -0.000288668 -0.0358863 0.00900759 -0.00679799 1 0 0 0 0 0 0 0
97 1 0.1 6.057 4.308 0.251285 -0.00267401 0.00812588 -0.000927236 0.000652697 0.0240212 0.10374 1 0 0 0 0 0 0 0
98 1 0.1 6.15061 4.87349 0.223134 0.0014025 0.0018476 -0.00165889 0.00867588 -0.00640437 0.00416767 1 0 0 0 0 0 0 0
99 1 0.1 6.25428 5.06637 0.140582 0.000879251 -0.000271197 -0.00156102 0.00719884 0.00912914 -0.0167096 1 0 0 0 0 0 0 0
100 1 0.1 6.40197 0.621828 0.350027 -0.0472032 0.0507332 0.004864 0.0776502 0.0318322 -0.0752995 1 0 0 0 0 0 0 0
101 1 0.1 6.14918 1.39512 0.138202 -0.0414811 0.0646654 0.00854641 -0.0322608 -0.0933208 -0.0232597 1 0 0 0 0 0 0 0
102 1 0.1 5.99304 1.51996 0.137373 -0.0357407 0.0656829 -0.000434228 0.0110147 0.000113698 -0.00322624 1 0 0 0 0 0 0 0
103 1 0.1 5.98923 2.40846 0.262504 -0.103017 0.000783144 -0.00125048 -0.218654 0.406587 -0.428965 1 0 0 0 0 0 0 0
104 1 0.1 5.85775 2.81485 0.555814 -0.0261853 0.032998 0.0097815 -0.0354347 -0.0443309 0.0489176 1 0 0 0 0 0 0 0
105 1 0.1 5.83271 2.41991 0.137345 -0.0540763 0.0374231 0.00445756 -0.365771 -0.552606 -0.165076 1 0 0 0 0 0 0 0
106 1 0.1 5.68811 2.59242 0.137418 -0.0143206 -0.00144014 -0.00451734 0.0183964 -0.154239 -0.18215 1 0 0 0 0 0 0 0
107 1 0.1 5.87053 3.14126 0.465029 -0.0216901 0.03042 0.0154792 -0.0997547 -0.0684081 0.31331 1 0 0 0 0 0 0 0
108 1 0.1 5.54517 2.7361 0.137432 -0.0126463 -0.00628558 0.00115537 0.0461547 -0.119422 -0.0251038 1 0 0 0 0 0 0 0
109 1 0.1 5.40219 2.4647 0.142223 -0.0879772 0.0874491 0.012202 -0.00879146 -0.0755278 -1.1808 1 0 0 0 0 0 0 0
110 1 0.1 5.23576 2.57372 0.137381 -0.0592412 0.124052 0.00109765 0.0730488 -0.0987935 0.703485 1 0 0 0 0 0 0 0
111 1 0.1 5.30575 2.76235 0.136636 -0.0526385 0.0445054 -0.000217001 -0.448892 -0.545724 -0.0237643 1 0 0 0 0 0 0 0
112 1 0.1 5.44906 3.12398 0.137392 0.00980056 0.0045681 0.000171237 -0.0509033 0.0793778 0.029482 1 0 0 0 0 0 0 0
113 1 0.1 5.08244 3.05647 0.137492 -0.0272694 -0.0530663 -0.00244942 0.235481 0.27081 -0.248029 1 0 0 0 0 0 0 0
114 1 0.1 5.61929 3.262 0.149809 -0.00482167 0.00759747 -0.00433021 0.0431994 -0.0451419 -0.0417523 1 0 0 0 0 0 0 0
115 1 0.1 5.71373 3.45306 0.137193 -0.00166972 0.0192851 -0.00100056 -0.177619 -0.0357051 -0.155577 1 0 0 0 0 0 0 0
116 1 0.1 5.65105 3.06511 0.137252 -0.0144119 0.00800826 0.00299622 -0.0889719 -0.147621 -0.0508302 1 0 0 0 0 0 0 0
117 1 0.1 5.90618 3.39332 0.14401 -0.0254843 0.0061707 -0.0188474 -0.18278 -0.121904 0.0635577 1 0 0 0 0 0 0 0
118 1 0.1 5.85899 3.79998 0.138462 0.0094476 0.00770864 -0.00562127 0.0605986 -0.0522704 -0.00170003 1 0 0 0 0 0 0 0
119 1 0.1 6.05672 3.8362 0.147546 0.00805008 0.00689397 0.0274143 0.194854 -0.622267 0.0115254 1 0 0 0 0 0 0 0
120 1 0.1 5.8613 3.58792 0.137424 0.00631182 0.0128033 0.000483514 0.151458 0.190951 0.319169 1 0 0 0 0 0 0 0
121 1 0.1 6.05563 3.20855 0.181878 0.00340606 8.53439e-05 0.0197653 -0.105503 -0.144992 -0.0462619 1 0 0 0 0 0 0 0
122 1 0.1 6.08347 4.28156 0.599287 0.0213038 0.00296986 -0.00142502 0.0607152 0.0686585 -0.157651 1 0 0 0 0 0 0 0
123 1 0.1 5.96162 4.48557 0.13742 -4.63221e-05 0.000740184 0.000123678 -0.00687234 -0.0100615 -0.0505785 1 0 0 0 0 0 0 0
124 1 0.1 6.16782 4.51632 0.137378 1.49129e-05 0.00247818 -0.000526857 -0.014164 -0.00876864 0.00158689 1 0 0 0 0 0 0 0
125 1 0.1 5.98036 1.04381 0.351965 -0.0603689 0.0876631 0.0434307 0.315715 -0.0586944 0.58627 1 0 0 0 0 0 0 0
126 1 0.1 5.84585 1.18633 0.313982 -0.0712013 0.0969232 0.0260877 -0.476537 0.0127119 -0.575829 1 0 0 0 0 0 0 0
127 1 0.1 5.56617 1.45859 0.341462 -0.0477662 0.0542071 0.0149077 0.0104118 -0.188298 0.713036 1 0 0 0 0 0 0 0
128 1 0.1 5.36535 1.65409 0.354688 -0.00902413 0.0116901 -0.00437731 0.00405602 0.0582415 0.134649 1 0 0 0 0 0 0 0
129 1 0.1 5.25605 1.80982 0.293135 -0.0155295 0.0102154 0.00338612 0.0688041 -0.0806039 -0.205127 1 0 0 0 0 0 0 0
130 1 0.1 5.07694 1.95168 0.319423 -0.00728499 -0.000128831 -0.0134998 -0.0229069 0.032724 0.017129 1 0 0 0 0 0 0 0
131 1 0.1 4.93091 2.0906 0.349676 -0.0264316 0.0304293 0.00562301 -0.0383102 -0.129516 0.38979 1 0 0 0 0 0 0 0
132 1 0.1 4.79605 2.2312 0.418821 -0.0127208 0.00255519 0.0212191 -0.109362 -0.397327 -0.108151 1 0 0 0 0 0 0 0
133 1 0.1 4.70422 2.32552 0.272083 0.00781335 -0.0320864 0.00867603 -0.363472 0.0855086 0.213386 1 0 0 0 0 0 0 0
134 1 0.1 4.66611 2.45136 0.471497 0.0369527 0.074018 0.0137262 0.279431 0.117215 0.354375 1 0 0 0 0 0 0 0
135 1 0.1 4.56664 2.46286 0.307249 0.0229002 -0.0241528 0.0209399 -1.08158 0.0426418 0.447049 1 0 0 0 0 0 0 0
136 1 0.1 4.36771 2.66417 0.408448 -0.0308445 0.0445565 0.00781491 -0.630162 0.0817902 0.324974 1 0 0 0 0 0 0 0
137 1 0.1 4.55371 2.99872 0.369327 0.0149329 0.0253342 -0.00933278 -0.477384 -0.173278 0.276094 1 0 0 0 0 0 0 0
138 1 0.1 4.38878 3.01747 0.25802 0.0101784 -0.0836256 -0.00592765 -0.944213 0.324939 0.085695 1 0 0 0 0 0 0 0
139 1 0.1 4.3176 3.29691 0.563954 0.0153046 -0.00694055 0.00024308 -0.0478082 0.0231213 -0.0421288 1 0 0 0 0 0 0 0
140 1 0.1 4.57778 3.32043 0.311695 0.0568475 0.0640659 0.0253924 0.348524 -0.195083 -0.11778 1 0 0 0 0 0 0 0
141 1 0.1 4.52362 3.50695 0.355726 0.0218678 0.0156464 0.0294386 -0.0539953 -0.138357 0.128311 1 0 0 0 0 0 0 0
142 1 0.1 4.7318 3.7117 0.460455 0.0133852 0.00841866 0.01371 -0.13593 -0.0923555 0.172337 1 0 0 0 0 0 0 0
143 1 0.1 5.08757 4.06136 0.397205 -0.012209 -0.0197356 0.0285862 0.0799323 -0.390619 -0.23659 1 0 0 0 0 0 0 0
144 1 0.1 5.27688 4.01435 0.467772 -0.00123807 -0.000546002 -0.00533456 0.0776209 0.10076 -0.0775908 1 0 0 0 0 0 0 0
145 1 0.1 5.22331 4.19572 0.312848 0.00483023 0.00765855 -0.00617361 -0.0415277 0.113146 0.0509155 1 0 0 0 0 0 0 0
146 1 0.1 5.4188 4.2347 0.312047 0.00483612 0.00142513 0.00127888 0.0582839 -0.00898343 -0.0102505 1 0 0 0 0 0 0 0
147 1 0.1 5.44031 4.41362 0.398597 0.00124204 0.00144955 0.0036998 -0.0359624 -0.0242495 0.0261987 1 0 0 0 0 0 0 0
148 1 0.1 5.72695 4.70572 0.325297 0.00102138 -0.000410499 -0.00286485 0.0789037 -0.00819626 0.0276592 1 0 0 0 0 0 0 0
149 1 0.1 5.86432 4.84809 0.353006 0.000205931 -0.00050062 0.00145542 -0.012963 -0.00681058 -0.00642515 1 0 0 0 0 0 0 0
150 1 0.1 6.12357 0.905487 0.367138 -0.0431839 0.0795993 0.0298972 0.129872 -0.173585 -0.499128 1 0 0 0 0 0 0 0
151 1 0.1 5.83232 1.70149 0.303271 -0.0326892 0.0697005 -0.0118614 -0.0192026 0.102205 0.0705537 1 0 0 0 0 0 0 0
152 1 0.1 5.50185 1.76073 0.193891 -0.0150767 0.0207812 0.0164639 -0.252898 -0.297047 -0.0647487 1 0 0 0 0 0 0 0
153 1 0.1 6.03012 2.32264 0.511345 -0.162857 0.149585 0.00469312 -0.440339 0.442072 0.744826 1 0 0 0 0 0 0 0
154 1 0.1 5.63605 1.98024 0.390379 -0.0352133 0.0544731 -0.00816423 -0.23086 0.932274 0.933484 1 0 0 0 0 0 0 0
155 1 0.1 5.37007 2.13599 0.334904 -0.0727484 0.0535534 -0.0107957 -0.193092 -0.318998 0.635708 1 0 0 0 0 0 0 0
156 1 0.1 5.17351 2.24539 0.583868 -0.124261 -0.00691011 0.0693659 -0.773717 -0.657033 -1.27429 1 0 0 0 0 0 0 0
157 1 0.1 4.89294 2.1316 0.562017 -0.0278159 -0.0224529 0.0140478 0.109593 0.191511 0.19781 1 0 0 0 0 0 0 0
158 1 0.1 4.7889 2.50081 0.317628 -0.0745487 0.0244966 0.00928605 -0.219308 -0.0269507 0.20758 1 0 0 0 0 0 0 0
159 1 0.1 5.01339 2.74017 0.532845 -0.0712988 0.0425541 -0.0675952 0.4147 0.143683 0.419689 1 0 0 0 0 0 0 0
160 1 0.1 4.86301 2.65587 0.431551 -0.0834256 0.00408423 -0.00987685 0.124617 0.0304328 -0.00213426 1 0 0 0 0 0 0 0
161 1 0.1 4.77437 2.949 0.462648 -0.0676095 0.0338641 0.0061556 -0.00897328 0.170307 -0.329969 1 0 0 0 0 0 0 0
162 1 0.1 4.68022 2.82609 0.584111 -0.0626672 0.0510936 0.0275014 0.0938109 0.46616 -0.313303 1 0 0 0 0 0 0 0
163 1 0.1 4.87451 2.85625 0.616399 -0.0621286 0.000966348 -0.0132678 0.155982 0.175758 -0.265198 1 0 0 0 0 0 0 0
164 1 0.1 4.30935 3.28991 0.76283 0.00970712 -0.00161696 -0.000799494 0.0242223 -0.0486941 -0.0241249 1 0 0 0 0 0 0 0
165 1 0.1 4.77648 3.47932 0.555709 -0.218839 0.303064 0.226479 -1.77739 -4.4588 3.63489 1 0 0 0 0 0 0 0
166 1 0.1 4.98531 3.38529 0.467456 -0.0221951 0.0199794 -0.00695889 -0.0943317 -0.456607 -0.376621 1 0 0 0 0 0 0 0
167 1 0.1 5.26636 3.74797 0.2637 0.016336 0.00559641 -0.00592495 0.0483272 0.0889887 0.10629 1 0 0 0 0 0 0 0
168 1 0.1 5.24178 4.00103 0.272914 -0.00950716 0.00842263 -0.00516105 0.00010586 -0.00394613 0.0390106 1 0 0 0 0 0 0 0
169 1 0.1 5.38621 3.88466 0.346372 0.00530719 0.0245404 -0.00974413 0.0115868 0.0549603 0.209223 1 0 0 0 0 0 0 0
170 1 0.1 5.41884 4.15085 0.491183 -0.00413576 0.00178119 -0.00269925 -0.0625671 -0.144648 0.117992 1 0 0 0 0 0 0 0
171 1 0.1 5.6638 4.34783 0.450188 -0.00946963 0.00339927 -0.00457174 0.0403888 0.0776184 -0.0402143 1 0 0 0 0 0 0 0
172 1 0.1 5.76128 4.2713 0.294775 -0.00663733 0.00244324 -0.00311473 -0.0755907 -0.0547012 0.0764667 1 0 0 0 0 0 0 0
173 1 0.1 5.89953 4.41406 0.313392 -0.00725971 0.00438446 -0.000673635 0.0202648 -0.0289312 -0.0543794 1 0 0 0 0 0 0 0
174 1 0.1 6.00516 4.98993 0.350006 -9.18166e-05 1.69849e-05 0.000422959 -0.00850276 0.000948816 0.00430072 1 0 0 0 0 0 0 0
175 1 0.1 6.26255 0.764656 0.339256 -0.0562193 0.0508246 0.0222796 0.135256 0.00233685 0.150583 1 0 0 0 0 0 0 0
176 1 0.1 5.75528 1.51787 0.318488 -0.0576231 0.0858944 0.00733843 -0.0738085 0.244807 -0.368221 1 0 0 0 0 0 0 0
177 1 0.1 5.81729 1.91751 0.308183 -0.0524912 0.0613236 -0.0386883 -0.507886 -0.273631 0.0744143 1 0 0 0 0 0 0 0
178 1 0.1 5.82401 2.11553 0.330046 -0.0975617 0.0700192 -0.0716701 0.107288 -1.15813 0.286731 1 0 0 0 0 0 0 0
179 1 0.1 5.46791 1.96953 0.283293 -0.0598939 0.0344382 0.0349036 0.0745945 -0.450391 -0.783235 1 0 0 0 0 0 0 0
180 1 0.1 5.52595 2.13472 0.460037 -0.11465 0.0751601 0.0415983 0.407077 -0.410667 -0.213767 1 0 0 0 0 0 0 0
181 1 0.1 5.15846 2.21133 0.306521 -0.0901955 -0.0681111 0.0238983 0.356002 -0.388504 -0.915875 1 0 0 0 0 0 0 0
182 1 0.1 5.02386 2.2346 0.452139 -0.0759837 0.0453324 0.0177188 0.0761743 -0.138861 0.0341152 1 0 0 0 0 0 0 0
183 1 0.1 5.02221 2.59856 0.326023 -0.0749062 0.0363993 -0.0106405 0.0214767 -0.0230673 0.340775 1 0 0 0 0 0 0 0
184 1 0.1 5.38606 2.74953 0.477483 -0.0383662 0.0561624 0.0195796 -0.208069 -0.228069 0.198074 1 0 0 0 0 0 0 0
185 1 0.1 5.18077 2.82758 0.470221 -0.0718405 0.0547383 -0.0370129 1.28499 0.386839 -0.886405 1 0 0 0 0 0 0 0
186 1 0.1 5.03441 2.79765 0.314171 -0.0995463 0.0382045 0.0251222 0.273854 -0.223239 -0.136302 1 0 0 0 0 0 0 0
187 1 0.1 4.5072 2.68137 0.274559 -0.0762614 0.00969632 -0.0144311 0.118299 0.058004 0.342503 1 0 0 0 0 0 0 0
188 1 0.1 4.86736 3.09572 0.369909 -0.0118059 0.0101334 0.00225046 -0.0441984 -0.253179 -0.195812 1 0 0 0 0 0 0 0
189 1 0.1 5.34685 3.3804 0.409386 -0.0223869 0.0499756 0.00467517 0.5739 -0.299243 0.996657 1 0 0 0 0 0 0 0
190 1 0.1 5.13316 3.59946 0.2656 0.0145893 0.0002668 -0.00477204 -0.035595 -0.00877108 -0.0996654 1 0 0 0 0 0 0 0
191 1 0.1 5.46236 3.51295 0.314717 -0.0717769 0.0906697 0.00835019 -1.58304 -0.887522 0.564921 1 0 0 0 0 0 0 0
192 1 0.1 5.17762 3.8729 0.136105 0.000765652 0.00467488 -8.32892e-05 -0.0420902 -0.039913 0.0692663 1 0 0 0 0 0 0 0
193 1 0.1 5.6792 3.7881 0.31076 0.0178133 0.0323021 -0.00497133 -0.0661977 -0.120262 -0.113715 1 0 0 0 0 0 0 0
194 1 0.1 5.7834 3.76107 0.58905 0.00646738 0.0366322 0.000305459 0.0228367 0.0615132 -0.111258 1 0 0 0 0 0 0 0
195 1 0.1 5.75679 4.03924 0.3986 -0.74689 -0.0285471 -0.126298 0.433745 1.17556 -0.765341 1 0 0 0 0 0 0 0
196 1 0.1 5.90187 4.13102 0.27418 0.00823626 0.011652 0.00126662 -0.066478 0.151023 0.0942556 1 0 0 0 0 0 0 0
197 1 0.1 5.99261 4.00312 0.400042 0.0145651 0.029277 0.00431292 -0.057701 0.16163 -0.0850415 1 0 0 0 0 0 0 0
198 1 0.1 5.89918 4.63957 0.248461 0.00174195 0.00242437 -0.00175795 -0.0014126 -0.0139705 0.0162302 1 0 0 0 0 0 0 0
199 1 0.1 6.14655 5.13131 0.350009 -0.000134541 -0.000182978 -0.000128571 -0.000391331 0.000325341 -0.00363237 1 0 0 0 0 0 0 0
200 1 0.1 6.03079 1.26251 0.315494 -0.0534374 0.0945908 0.0130474 -0.0054289 -0.310801 0.784929 1 0 0 0 0 0 0 0
201 1 0.1 5.70793 1.31991 0.368956 -0.0942005 0.116057 -0.0246208 -0.0319669 0.288464 1.74322 1 0 0 0 0 0 0 0
202 1 0.1 6.03849 2.0085 0.614446 -0.144092 0.141092 -0.0245083 0.0262815 -0.389514 0.179737 1 0 0 0 0 0 0 0
203 1 0.1 5.94632 2.37609 0.684743 -0.140428 0.058839 0.0512521 0.784579 0.315604 0.790763 1 0 0 0 0 0 0 0
204 1 0.1 5.9291 2.5873 0.328745 -0.0890731 0.00318915 -0.00660515 -0.0913334 0.141803 -0.415489 1 0 0 0 0 0 0 0
205 1 0.1 5.68435 2.26284 0.334806 -0.125792 0.0247039 0.00879179 0.529204 -0.224958 -0.586441 1 0 0 0 0 0 0 0
206 1 0.1 5.48739 2.29685 0.332225 -0.116877 0.0910871 -0.00288201 0.0211625 0.0097769 -0.0787823 1 0 0 0 0 0 0 0
207 1 0.1 5.60372 2.42838 0.426152 -0.106 0.0809731 -0.00360949 0.0323948 -0.00103828 -0.0781232 1 0 0 0 0 0 0 0
208 1 0.1 5.05257 2.45341 0.138674 -0.0924196 0.028508 -0.00540108 0.122843 -0.106982 3.58442 1 0 0 0 0 0 0 0
209 1 0.1 5.58209 2.58641 0.306672 -0.0319784 0.0775775 -0.0216967 -0.287082 -0.042667 -0.85872 1 0 0 0 0 0 0 0
210 1 0.1 5.72678 2.94939 0.48785 -0.0319045 0.0250695 0.00150884 -0.0169071 -0.0397969 0.047051 1 0 0 0 0 0 0 0
211 1 0.1 5.27543 2.96343 0.141494 -0.0910023 -0.0411048 -0.118548 -0.435709 0.321964 -0.305929 1 0 0 0 0 0 0 0
212 1 0.1 4.95949 3.01091 0.524437 -0.0365821 -0.0185197 0.000609242 0.142864 0.154482 -0.321323 1 0 0 0 0 0 0 0
213 1 0.1 5.08215 2.99136 0.326585 -0.152962 0.0458005 0.021414 -0.337647 -0.0156809 0.00844714 1 0 0 0 0 0 0 0
214 1 0.1 5.45453 3.37425 0.1374 3.54247e-06 0.0112158 -0.00226305 0.0345467 0.0192453 -0.0190792 1 0 0 0 0 0 0 0
215 1 0.1 5.79293 3.34941 0.447245 -0.0158439 0.0216251 0.00258319 0.0272167 -0.184787 0.177436 1 0 0 0 0 0 0 0
216 1 0.1 5.82097 3.48532 0.30381 0.00776336 0.010132 -0.00191984 -0.22354 -0.418078 0.0879847 1 0 0 0 0 0 0 0
217 1 0.1 5.65044 3.59073 0.303305 0.00906593 0.0326494 0.0148978 -0.018478 -0.0439878 -0.0626749 1 0 0 0 0 0 0 0
218 1 0.1 5.96521 3.71011 0.299114 0.0251327 0.0283493 0.0254817 -0.0969564 0.0646467 -0.061513 1 0 0 0 0 0 0 0
219 1 0.1 6.05522 3.63659 0.13716 0.00991089 0.00668629 0.00957575 -0.0444535 0.0592302 -0.0486841 1 0 0 0 0 0 0 0
220 1 0.1 5.98904 3.56086 0.762645 -0.0195396 -0.00350502 -0.00662966 -0.0546877 0.0843671 -0.445955 1 0 0 0 0 0 0 0
221 1 0.1 6.05759 3.47002 0.590999 -0.0387418 -0.0669829 0.0428882 -0.178862 -0.482332 -0.812426 1 0 0 0 0 0 0 0
222 1 0.1 6.05009 3.47563 0.255686 -0.0321659 -0.00243344 -0.00206106 -0.072164 -0.248556 -0.395292 1 0 0 0 0 0 0 0
223 1 0.1 6.03898 4.75227 0.336342 0.00177693 0.00215874 -0.00170099 -0.00834326 0.00381238 -0.00175086 1 0 0 0 0 0 0 0
224 1 0.1 6.13599 4.86974 0.465824 0.000786459 0.004802 -0.00361228 0.00900892 0.0136328 0.0117573 1 0 0 0 0 0 0 0
225 1 0.1 5.98719 1.5781 0.328328 -0.0456944 0.0558467 -0.000371792 0.0549946 -0.219034 -0.233313 1 0 0 0 0 0 0 0
226 1 0.1 5.72185 2.25288 0.137919 -0.104026 0.11045 -0.0506973 -0.137652 0.304607 0.0148519 1 0 0 0 0 0 0 0
227 1 0.1 6.00685 1.98092 0.306038 -0.0734257 0.119074 0.00377922 -0.451063 -0.510901 0.545002 1 0 0 0 0 0 0 0
228 1 0.1 5.98177 2.56399 0.13735 -0.055033 -0.00867884 -0.00125992 0.124486 -0.534535 -0.111364 1 0 0 0 0 0 0 0
229 1 0.1 5.4999 2.93074 0.137494 0.00190597 -0.000607909 0.00161841 -0.00665722 0.00181416 -0.127373 1 0 0 0 0 0 0 0
230 1 0.1 5.93544 3.0859 0.284264 -0.00360113 0.0163539 0.0246665 -0.207491 -0.0543301 0.0535212 1 0 0 0 0 0 0 0
231 1 0.1 5.86638 2.4545 0.509841 -0.115273 0.0435479 0.00608533 0.0680163 0.0183017 -0.287857 1 0 0 0 0 0 0 0
232 1 0.1 5.77242 2.45784 0.32388 -0.102003 0.0763014 -0.0105427 0.0279231 0.0370553 -0.00707208 1 0 0 0 0 0 0 0
233 1 0.1 5.92994 2.63029 0.579626 -0.0564553 0.0199429 0.0116453 0.0300023 -0.0319614 -0.367022 1 0 0 0 0 0 0 0
234 1 0.1 5.81733 2.75319 0.308178 -0.0342175 0.0420869 0.0124516 -0.169405 -0.00398825 -0.175434 1 0 0 0 0 0 0 0
235 1 0.1 5.99482 2.74917 0.425919 -0.0632603 -0.00893098 -0.00651283 0.0830799 0.312838 -0.436293 1 0 0 0 0 0 0 0
236 1 0.1 5.57495 3.07395 0.522293 -0.0331019 0.0374305 -0.0016402 -0.0186829 -0.00290997 -0.12958 1 0 0 0 0 0 0 0
237 1 0.1 5.58455 3.0911 0.323555 -0.0316038 0.0267888 -0.00146387 -0.0669151 -0.0385121 -0.0434949 1 0 0 0 0 0 0 0
238 1 0.1 5.45813 3.2491 0.292892 -0.11071 0.0190011 -0.00155085 -0.0977321 -1.51501 0.117255 1 0 0 0 0 0 0 0
239 1 0.1 5.75774 3.18937 0.307251 -0.0150628 0.00220367 -0.00149855 -0.0730118 -0.143567 -0.0336422 1 0 0 0 0 0 0 0
240 1 0.1 5.89659 2.9189 0.386939 -0.0196147 0.0247877 0.0213563 0.172283 -0.203852 -0.121034 1 0 0 0 0 0 0 0
241 1 0.1 5.50495 3.35183 0.561735 -0.00628065 0.0257083 0.00151105 0.153315 -0.134645 0.0621978 1 0 0 0 0 0 0 0
242 1 0.1 5.92997 3.29073 0.314006 -0.0271026 0.0211248 -0.0110047 -0.0711199 0.393071 -0.098275 1 0 0 0 0 0 0 0
243 1 0.1 5.94069 3.29885 0.57183 -0.0679892 0.0199254 0.062387 0.65596 -0.859209 0.372159 1 0 0 0 0 0 0 0
244 1 0.1 5.80543 3.66091 0.40828 0.0132675 0.0407007 0.0242889 -0.0844753 -0.125519 0.0497695 1 0 0 0 0 0 0 0
245 1 0.1 5.86103 3.19882 0.137101 0.000777585 -0.00211047 0.00492814 0.0201 -0.0243794 0.0229261 1 0 0 0 0 0 0 0
246 1 0.1 5.97361 3.55373 0.423068 -0.0109703 0.00578575 0.00346723 0.398955 0.0591272 -0.546552 1 0 0 0 0 0 0 0
247 1 0.1 5.77219 4.19599 0.522 -0.105276 -0.10493 -0.0915918 -0.247908 1.79248 -2.10268 1 0 0 0 0 0 0 0
248 1 0.1 6.13811 4.36331 0.425364 0.0147476 0.00537641 -0.00508957 0.041583 0.156222 -0.124098 1 0 0 0 0 0 0 0
249 1 0.1 6.07689 4.5184 0.315211 0.0016335 0.00350129 -0.00168563 -0.0693094 0.0158079 0.153302 1 0 0 0 0 0 0 0
250 1 0.1 5.97852 1.04743 0.556803 -0.111817 0.126467 0.0315398 0.170873 -0.419971 1.08967 1 0 0 0 0 0 0 0
251 1 0.1 5.84328 1.18848 0.513815 -0.109436 0.109387 0.0219498 0.242013 -0.273311 1.2537 1 0 0 0 0 0 0 0
252 1 0.1 5.62517 1.40308 0.53487 -0.157927 0.153986 -0.0041578 0.395567 0.283875 1.47796 1 0 0 0 0 0 0 0
253 1 0.1 5.45912 1.5618 0.551727 -0.148048 0.0792733 0.0361501 0.41164 -0.192515 1.97802 1 0 0 0 0 0 0 0
254 1 0.1 5.30493 1.71365 0.543944 -0.00145906 -0.00125171 0.0147635 0.0252019 -0.174176 0.00109656 1 0 0 0 0 0 0 0
255 1 0.1 5.25932 1.98158 0.394315 -0.0289803 0.0268701 -0.0123772 -0.31859 -0.248915 0.166798 1 0 0 0 0 0 0 0
256 1 0.1 5.03351 1.99282 0.579036 -0.0118599 0.00425634 -0.00628272 0.016162 4.03961e-05 0.109219 1 0 0 0 0 0 0 0
257 1 0.1 4.75838 2.26973 0.608214 0.0141462 0.00265813 0.0125396 -0.49692 0.30635 -0.555703 1 0 0 0 0 0 0 0
258 1 0.1 4.66708 2.63902 0.527664 -0.0518474 0.0598197 0.0306709 -0.0486646 0.0772607 0.625447 1 0 0 0 0 0 0 0
259 1 0.1 4.83661 2.82546 0.318976 -0.0912923 0.0343816 0.00136251 0.074157 -0.0565232 0.192794 1 0 0 0 0 0 0 0
260 1 0.1 4.49591 2.75221 0.577371 -0.0658581 0.0890526 0.0452043 -0.11025 -0.154131 -0.249317 1 0 0 0 0 0 0 0
261 1 0.1 4.42777 2.85227 0.419262 -0.0114026 0.0358965 -0.00400716 0.669468 0.138956 -0.481101 1 0 0 0 0 0 0 0
262 1 0.1 4.36617 2.90315 0.660262 -0.0412405 0.0300462 0.00801237 -0.289731 0.191294 0.898923 1 0 0 0 0 0 0 0
263 1 0.1 4.1991 2.96721 0.295946 0.00280601 -0.0344505 0.0257892 0.100259 -0.24275 -0.343099 1 0 0 0 0 0 0 0
264 1 0.1 4.19294 3.16963 0.652884 -0.000577674 -0.00443697 -0.00740409 0.0883953 -0.138696 -0.00141377 1 0 0 0 0 0 0 0
265 1 0.1 4.45617 3.43918 0.548428 0.0559763 0.000399521 0.00655277 0.0419606 -0.109344 0.0253579 1 0 0 0 0 0 0 0
266 1 0.1 4.38346 3.36238 0.322739 0.0194977 -0.027658 -0.0718903 0.357241 -1.0607 1.08806 1 0 0 0 0 0 0 0
267 1 0.1 4.60071 3.57882 0.564935 0.0445772 -0.131563 -0.051071 0.240984 0.15387 0.00158545 1 0 0 0 0 0 0 0
268 1 0.1 5.03092 3.77967 0.46224 0.00724447 0.000797741 -0.00579203 -0.178508 0.00307152 0.0637763 1 0 0 0 0 0 0 0
269 1 0.1 5.01031 3.98486 0.571253 0.00266395 0.0032933 0.00176389 0.0178959 -0.00757023 0.0197444 1 0 0 0 0 0 0 0
270 1 0.1 5.15713 4.13369 0.574056 -0.00055173 -0.00252391 0.00195168 -0.00310297 -0.063364 0.0487266 1 0 0 0 0 0 0 0
271 1 0.1 5.29892 4.27344 0.589482 -0.00156998 -0.00276358 0.00352926 0.12879 0.211418 -0.118208 1 0 0 0 0 0 0 0
272 1 0.1 5.50203 4.47411 0.578912 0.000140536 0.000255263 0.00390958 -0.0512763 -0.00162315 0.00285694 1 0 0 0 0 0 0 0
273 1 0.1 5.63635 4.60471 0.499342 0.00105122 -0.00560638 -0.000988995 0.00860135 0.0020885 -0.0391292 1 0 0 0 0 0 0 0
274 1 0.1 5.78436 4.74224 0.513245 -0.0362021 0.0386776 0.000431111 -0.0987408 -0.12162 1.26911 1 0 0 0 0 0 0 0
275 1 0.1 6.12119 0.907734 0.567107 -0.114042 0.124406 0.0299163 0.0767383 0.0238598 -0.0584181 1 0 0 0 0 0 0 0
276 1 0.1 5.652 1.59232 0.593368 -0.133941 0.134804 0.0446834 -0.690269 -0.0161398 -1.58153 1 0 0 0 0 0 0 0
277 1 0.1 5.57555 1.64968 0.415822 -0.122678 0.130161 0.0553454 -0.440624 -0.308506 -1.25025 1 0 0 0 0 0 0 0
278 1 0.1 5.65806 1.798 0.311147 -0.0336596 0.0500215 0.00629264 -0.232164 0.223674 0.117172 1 0 0 0 0 0 0 0
279 1 0.1 5.49874 1.75602 0.577658 -0.493944 -0.276197 0.147111 -1.57424 0.0671973 -4.87744 1 0 0 0 0 0 0 0
280 1 0.1 5.41523 1.99897 0.556449 -0.0493601 0.0577824 -0.086311 0.302457 0.0849065 -0.417831 1 0 0 0 0 0 0 0
281 1 0.1 5.22402 2.0504 0.577757 -0.0415608 0.0644683 -0.0473226 -0.193503 0.363689 0.489092 1 0 0 0 0 0 0 0
282 1 0.1 4.97158 2.05379 0.759668 0.00534945 -0.00874231 -0.0209552 -0.0703331 0.238228 -0.112085 1 0 0 0 0 0 0 0
283 1 0.1 4.89307 2.39481 0.490634 0.0535066 0.0466066 0.0412631 -0.0653505 0.32341 -0.351702 1 0 0 0 0 0 0 0
284 1 0.1 5.20234 2.68224 0.307203 -0.0974139 0.0896373 -0.0208944 -0.0422933 0.112901 0.221357 1 0 0 0 0 0 0 0
285 1 0.1 4.462 2.55697 0.550422 -0.181182 0.117946 -0.0140525 0.270384 0.506482 1.5844 1 0 0 0 0 0 0 0
286 1 0.1 4.57771 2.69469 0.748441 0.00539883 0.0103387 -0.0188286 1.01666 0.701553 -0.249112 1 0 0 0 0 0 0 0
287 1 0.1 4.56294 3.0884 0.762929 0.0199441 0.0144341 0.0191088 -0.412114 -0.113569 -0.222756 1 0 0 0 0 0 0 0
288 1 0.1 4.50324 3.19224 0.519773 -0.119224 0.0578592 0.279802 0.48697 -2.21549 0.847751 1 0 0 0 0 0 0 0
289 1 0.1 4.67736 3.15527 0.361632 0.0132691 0.0379326 -0.0131828 0.275782 -0.0574785 -0.181742 1 0 0 0 0 0 0 0
290 1 0.1 4.95639 3.34534 0.273705 0.00823983 0.00128226 -0.00649995 -0.096266 0.10898 0.163444 1 0 0 0 0 0 0 0
291 1 0.1 4.94263 3.45914 0.664663 -0.446661 0.156037 0.631896 2.75664 -0.221755 -4.83218 1 0 0 0 0 0 0 0
292 1 0.1 5.04113 3.57532 0.440613 0.0164213 0.00830074 -0.00715437 -0.038147 0.0348232 0.0465536 1 0 0 0 0 0 0 0
293 1 0.1 4.84661 3.81857 0.33649 0.00320314 0.0033323 0.000107289 -0.0955706 0.0960606 0.0086497 1 0 0 0 0 0 0 0
294 1 0.1 5.22833 3.80626 0.450828 0.0129473 0.00784809 -0.00139566 0.0636348 -0.0761708 0.0458434 1 0 0 0 0 0 0 0
295 1 0.1 5.19128 3.91302 0.615376 0.00367186 0.00522299 0.00142208 -0.102667 0.0309239 -0.0211563 1 0 0 0 0 0 0 0
296 1 0.1 5.57631 4.04787 0.552793 0.00333582 0.0217823 0.00665311 0.0356745 0.0282018 0.103778 1 0 0 0 0 0 0 0
297 1 0.1 5.76633 4.47079 0.569875 -0.000622266 -0.0134252 0.00585498 -0.034431 -0.0833828 -0.02965 1 0 0 0 0 0 0 0
298 1 0.1 5.72159 4.50764 0.346163 -0.00616423 -0.000378146 -0.00777934 -0.0166878 0.0820094 -0.111292 1 0 0 0 0 0 0 0
299 1 0.1 6.05334 5.02775 0.556198 0.000564003 0.00181439 -0.00106358 0.0124973 0.00909081 0.000822169 1 0 0 0 0 0 0 0
300 1 0.1 6.2595 0.764323 0.550016 -0.120071 0.122385 -0.00147959 0.0937941 0.106419 0.294955 1 0 0 0 0 0 0 0
301 1 0.1 5.85728 1.55997 0.484976 -0.011432 0.0975095 -0.0221906 -0.350866 0.171506 -0.154726 1 0 0 0 0 0 0 0
302 1 0.1 5.9302 1.80168 0.445688 -0.0497866 0.110823 -0.0300562 -0.209388 -0.0456753 0.327999 1 0 0 0 0 0 0 0
303 1 0.1 5.8978 1.99688 0.472975 -0.114966 0.0996402 -0.0401643 0.0187846 0.164889 0.396612 1 0 0 0 0 0 0 0
304 1 0.1 5.78805 1.88615 0.597537 -0.0341842 0.0273027 -0.00962208 0.343696 0.549395 0.351117 1 0 0 0 0 0 0 0
305 1 0.1 5.61047 1.97624 0.588535 -0.0492928 0.000377258 -0.00414744 0.639669 -1.03549 -0.00377441 1 0 0 0 0 0 0 0
306 1 0.1 5.29313 2.45229 0.54489 -0.0742006 0.0644362 -0.0377673 0.168466 0.247647 0.229252 1 0 0 0 0 0 0 0
307 1 0.1 5.16011 2.41504 0.688368 -0.0331978 0.0239967 0.00285978 0.14851 0.324197 0.0649667 1 0 0 0 0 0 0 0
308 1 0.1 5.20839 2.45856 0.298272 -0.0220992 0.0612653 -0.0370102 -0.456753 -0.304246 0.234799 1 0 0 0 0 0 0 0
309 1 0.1 4.93406 2.56928 0.595991 0.00524355 0.0280141 -0.0312133 -0.379288 0.901605 0.110503 1 0 0 0 0 0 0 0
310 1 0.1 5.47135 2.93312 0.366528 -0.0694622 0.0467614 -0.00641752 -0.13741 -0.33784 -0.280615 1 0 0 0 0 0 0 0
311 1 0.1 4.57434 2.89269 0.737864 0.0255099 0.0216308 0.069712 0.0608793 0.402807 0.246725 1 0 0 0 0 0 0 0
312 1 0.1 4.57836 3.00746 0.574381 -0.0308217 0.0346183 0.0867616 -0.008675 0.571925 0.182011 1 0 0 0 0 0 0 0
313 1 0.1 5.0476 3.17039 0.408432 -0.0330637 0.063974 0.0262636 0.347693 0.0773037 0.764531 1 0 0 0 0 0 0 0
314 1 0.1 5.25299 3.162 0.137485 0.00383268 -0.0235804 0.000877419 0.302065 -0.10525 0.254096 1 0 0 0 0 0 0 0
315 1 0.1 5.17627 3.30429 0.479914 -0.0179345 0.05973 0.00746497 -0.597853 0.1745 -0.860633 1 0 0 0 0 0 0 0
316 1 0.1 5.62453 3.39323 0.305025 -0.00451095 0.0338807 0.00432446 0.10943 0.0720167 -0.0568349 1 0 0 0 0 0 0 0
317 1 0.1 5.26277 3.6122 0.417271 0.0165715 0.00886244 -0.00109574 -0.191878 -0.0232401 -0.0512449 1 0 0 0 0 0 0 0
318 1 0.1 5.49325 3.71448 0.333428 0.0132312 0.0155383 -0.0204671 -0.0630689 -0.00722015 0.111096 1 0 0 0 0 0 0 0
319 1 0.1 5.43263 3.90432 0.588777 0.0055175 0.00165831 -0.00438021 0.130623 0.0379721 0.175251 1 0 0 0 0 0 0 0
320 1 0.1 5.32911 4.04177 0.688583 -0.000331458 -0.00163675 -0.00554701 -0.0966075 -0.010893 -0.0732731 1 0 0 0 0 0 0 0
321 1 0.1 5.9348 3.88611 0.551527 0.0144885 0.0389806 0.0146798 -0.0805253 -0.138804 0.0596905 1 0 0 0 0 0 0 0
322 1 0.1 5.6785 4.14679 0.691631 0.00453282 0.0182932 0.00236121 0.0462333 0.097966 0.037725 1 0 0 0 0 0 0 0
323 1 0.1 5.92516 4.57124 0.433775 0.00226819 0.00413589 -0.00179792 -0.0337637 0.0341135 -0.0756198 1 0 0 0 0 0 0 0
324 1 0.1 6.19361 5.17007 0.549957 0.000434267 0.000873431 -0.000277432 0.00419652 -0.00101053 0.000299123 1 0 0 0 0 0 0 0
325 1 0.1 6.10756 1.17944 0.480254 -0.166108 0.24416 0.141629 -0.901316 -2.03679 1.15923 1 0 0 0 0 0 0 0
326 1 0.1 5.89459 1.38751 0.391432 -0.0810593 0.0815643 -0.0188345 0.377773 -0.480516 -0.815775 1 0 0 0 0 0 0 0
327 1 0.1 6.00808 2.1512 0.410944 -0.0960404 0.121326 0.00608588 0.179822 -0.753258 -0.237129 1 0 0 0 0 0 0 0
328 1 0.1 5.61919 2.27463 0.743774 -0.079723 -0.0503418 0.0118689 0.118065 -0.287066 -0.803256 1 0 0 0 0 0 0 0
329 1 0.1 5.89355 2.19022 0.576691 -0.134887 0.119852 0.00451338 0.562872 0.770961 0.7463 1 0 0 0 0 0 0 0
330 1 0.1 5.53028 2.30464 0.566782 -0.1765 0.0757023 0.0591495 -0.518662 -0.0963621 -0.578285 1 0 0 0 0 0 0 0
331 1 0.1 5.72076 2.12171 0.503181 -0.135137 0.059811 0.0622214 1.85482 0.0728783 1.29963 1 0 0 0 0 0 0 0
332 1 0.1 5.86407 2.58547 0.76269 -0.0605149 0.0110259 0.00234963 0.185566 0.0631361 0.0133237 1 0 0 0 0 0 0 0
333 1 0.1 5.76938 2.61656 0.445113 -0.0722249 0.0624643 0.00696414 0.162997 -0.0252337 -0.369398 1 0 0 0 0 0 0 0
334 1 0.1 5.47988 2.49512 0.600476 -0.0893684 0.107799 -0.017351 0.309217 -0.349938 0.348885 1 0 0 0 0 0 0 0
335 1 0.1 5.09296 2.50101 0.496182 0.00697313 -0.00675267 0.0048224 0.0523819 -1.23767 -0.40629 1 0 0 0 0 0 0 0
336 1 0.1 5.37901 2.82212 0.66292 -0.0597153 0.0840636 0.00631338 -0.102118 0.0567612 -0.0408768 1 0 0 0 0 0 0 0
337 1 0.1 5.14572 2.98357 0.589314 -0.0401897 0.00723364 0.0254698 -0.425041 -0.348393 0.523497 1 0 0 0 0 0 0 0
338 1 0.1 5.27324 3.09975 0.326695 -0.667536 -0.0519366 0.0653248 -0.793203 -1.43543 -0.259219 1 0 0 0 0 0 0 0
339 1 0.1 5.38962 3.18487 0.46887 -0.166376 0.0374338 -0.0263028 -0.0689401 0.841902 -0.135289 1 0 0 0 0 0 0 0
340 1 0.1 5.62169 3.24807 0.440512 -0.0114942 0.0257742 -0.0048964 -0.0132702 0.115549 -0.199884 1 0 0 0 0 0 0 0
341 1 0.1 5.40582 3.52597 0.533308 0.0177536 0.0103374 0.011838 -0.266745 0.437405 -0.18029 1 0 0 0 0 0 0 0
342 1 0.1 5.59719 3.50536 0.475741 -4.03249e-05 0.0381217 0.0151649 -0.0413806 -0.00119191 -0.0218505 1 0 0 0 0 0 0 0
343 1 0.1 5.62502 3.70216 0.482976 0.00333674 0.0399472 -0.00534618 -0.153157 -0.159139 0.0064752 1 0 0 0 0 0 0 0
344 1 0.1 5.69462 3.58677 0.630511 -0.00827296 0.0525747 0.00720542 -0.0387297 0.0833405 -0.112987 1 0 0 0 0 0 0 0
345 1 0.1 5.81097 3.26897 0.762536 -0.00387747 -0.196898 -0.00117661 -0.149613 -0.178963 1.97411 1 0 0 0 0 0 0 0
346 1 0.1 5.95672 3.6622 0.593655 5.7382e-05 0.0159804 -0.0101786 0.0944324 0.0489705 -0.0847383 1 0 0 0 0 0 0 0
347 1 0.1 6.06657 3.76521 0.462206 0.0305846 0.040071 0.0324184 -0.0111389 -0.0684404 0.0437796 1 0 0 0 0 0 0 0
348 1 0.1 5.91359 4.88521 0.566595 0.00169178 0.00212359 -0.000764457 0.00289764 0.00726363 0.0104481 1 0 0 0 0 0 0 0
349 1 0.1 6.02131 4.72029 0.532802 0.00421786 0.0040337 -0.00164327 -0.0141388 0.0184275 0.0229129 1 0 0 0 0 0 0 0
350 1 0.1 6.08747 1.43223 0.421127 -0.0549253 0.062179 0.0402369 -0.239759 -0.285795 0.348854 1 0 0 0 0 0 0 0
351 1 0.1 6.07404 1.62696 0.501586 -0.025054 0.109744 -0.0271649 -0.736799 0.307189 -0.114522 1 0 0 0 0 0 0 0
352 1 0.1 6.07957 1.81627 0.577762 -0.0720284 0.178364 -0.0218759 0.524419 0.382192 0.597146 1 0 0 0 0 0 0 0
353 1 0.1 5.85677 1.97503 0.76265 -0.0069993 0.00853459 -0.00480489 0.0963827 0.0690347 0.162089 1 0 0 0 0 0 0 0
354 1 0.1 5.92418 2.75544 0.137578 -0.0206112 0.00106243 0.0077175 0.0901991 0.107962 -0.251041 1 0 0 0 0 0 0 0
355 1 0.1 5.83244 2.98121 0.140122 -0.0108087 0.0164557 0.0270865 0.176548 -0.15332 0.149686 1 0 0 0 0 0 0 0
356 1 0.1 5.68984 2.68835 0.762686 -0.0369759 0.0280242 0.000935202 0.268587 0.37298 -0.256496 1 0 0 0 0 0 0 0
357 1 0.1 5.66923 2.73556 0.569808 -0.062056 0.0587586 0.0114919 0.039608 -0.0872676 0.12729 1 0 0 0 0 0 0 0
358 1 0.1 5.2127 2.90637 0.762433 -0.0597854 0.0226009 -0.00156606 -0.436466 0.0707729 -0.0345407 1 0 0 0 0 0 0 0
359 1 0.1 5.57526 2.76506 0.395826 -0.0390357 0.0666354 -0.00190853 0.521603 -0.34444 0.758099 1 0 0 0 0 0 0 0
360 1 0.1 5.87364 3.00599 0.612096 -0.0250235 0.029666 0.0208027 0.079144 -0.221137 -0.0267807 1 0 0 0 0 0 0 0
361 1 0.1 5.7225 2.89422 0.67988 -0.0360655 0.0274066 0.00204411 -0.0304025 -0.0270283 0.0315094 1 0 0 0 0 0 0 0
362 1 0.1 5.53582 2.8832 0.558378 -0.0585945 0.0550623 0.00259699 -0.0631294 -0.0144287 -0.137662 1 0 0 0 0 0 0 0
363 1 0.1 5.31291 2.97765 0.480034 -0.0548629 0.0543435 0.00470342 -0.277884 0.627169 0.482936 1 0 0 0 0 0 0 0
364 1 0.1 5.55515 3.0332 0.756344 -0.246432 0.0658787 0.109537 0.749297 -2.27027 1.83035 1 0 0 0 0 0 0 0
365 1 0.1 5.4565 3.17574 0.656875 -0.112499 0.0518338 -0.0444104 -0.0637604 -0.26443 0.185772 1 0 0 0 0 0 0 0
366 1 0.1 5.72622 3.18073 0.59744 -0.0304481 0.0344272 -0.000521142 -0.0322409 -0.0839031 -0.272262 1 0 0 0 0 0 0 0
367 1 0.1 5.61334 3.24099 0.762229 -0.033266 -0.177258 -0.0178998 0.257087 0.0324394 -2.17395 1 0 0 0 0 0 0 0
368 1 0.1 5.6928 3.37581 0.623894 -0.0137035 0.034985 0.00466069 0.102876 0.126112 0.114116 1 0 0 0 0 0 0 0
369 1 0.1 5.8594 3.48893 0.573414 -0.0247455 0.0263343 -4.18822e-05 -0.111787 0.0814049 -0.153928 1 0 0 0 0 0 0 0
370 1 0.1 5.98806 3.36117 0.755782 -0.0688742 -0.0250593 0.0797637 -0.837772 -1.26977 -0.104148 1 0 0 0 0 0 0 0
371 1 0.1 6.03339 3.12196 0.580418 -0.0346258 0.0340416 -0.00491213 0.342722 0.368386 0.0306815 1 0 0 0 0 0 0 0
372 1 0.1 5.99566 4.19958 0.4368 0.0398772 0.0307428 -0.0186191 -0.155945 0.199645 -0.117173 1 0 0 0 0 0 0 0
373 1 0.1 5.93009 4.37353 0.509979 0.0241055 0.0180555 0.00324293 0.33787 -0.0652966 0.352879 1 0 0 0 0 0 0 0
374 1 0.1 6.09755 4.53086 0.526701 0.00406517 0.00592147 -0.00815577 -0.0477798 0.0537432 0.0492926 1 0 0 0 0 0 0 0
375 1 0.1 5.88983 1.13261 0.750362 -0.266166 0.222602 0.0206426 0.129245 -0.182821 2.74039 1 0 0 0 0 0 0 0
376 1 0.1 5.81926 1.38457 0.578426 -0.152543 0.220513 -0.0447288 0.0570572 0.0530757 -0.673271 1 0 0 0 0 0 0 0
377 1 0.1 5.56047 1.46267 0.749943 -0.239602 0.270742 0.0242778 -0.247172 -0.442082 3.16694 1 0 0 0 0 0 0 0
378 1 0.1 5.41887 1.60452 0.749392 -0.252055 0.272811 0.042818 -0.178313 -0.276662 1.0852 1 0 0 0 0 0 0 0
379 1 0.1 5.27743 1.74695 0.753326 -0.233907 0.245981 -0.0513777 -0.270124 0.470484 3.46498 1 0 0 0 0 0 0 0
380 1 0.1 5.13557 1.88775 0.749145 -0.199733 0.277974 -0.061388 -0.706085 0.276716 2.42049 1 0 0 0 0 0 0 0
381 1 0.1 5.16758 1.85698 0.520616 0.000561268 0.00211099 -0.00197596 -0.0497412 -0.0537729 0.00304459 1 0 0 0 0 0 0 0
382 1 0.1 4.8623 2.22101 0.765078 0.0076827 0.00388925 0.00539465 -0.0252198 -0.0462244 -0.185384 1 0 0 0 0 0 0 0
383 1 0.1 4.67606 2.35689 0.765557 0.0463152 0.0539959 0.0108012 0.78458 -0.583756 0.0361796 1 0 0 0 0 0 0 0
384 1 0.1 4.77236 2.46419 0.632885 0.0304764 0.0254252 0.0270849 0.407165 -0.244766 -0.0755472 1 0 0 0 0 0 0 0
385 1 0.1 4.30099 2.72235 0.58167 -0.0439431 0.0385441 -0.0111519 0.112274 -0.397794 0.847871 1 0 0 0 0 0 0 0
386 1 0.1 4.21909 2.80382 0.751554 0.0058263 -0.0109707 0.0164089 -0.0212231 -0.218027 -0.0607206 1 0 0 0 0 0 0 0
387 1 0.1 4.19626 3.07514 0.476732 0.0144983 0.000224244 -0.0253524 -0.0613763 0.0813947 -0.0934156 1 0 0 0 0 0 0 0
388 1 0.1 4.18961 3.0012 0.760456 0.00545428 -0.0102732 -0.00446596 -0.0956577 0.0493214 -0.0717177 1 0 0 0 0 0 0 0
389 1 0.1 4.63098 3.34569 0.527794 0.113443 -0.118548 0.0941127 -1.63957 -0.0272507 -0.781047 1 0 0 0 0 0 0 0
390 1 0.1 4.49823 3.47547 0.749433 0.00529047 0.00794757 -0.000423278 0.035368 -0.00700421 0.113058 1 0 0 0 0 0 0 0
391 1 0.1 4.65211 3.62896 0.76203 0.0132243 0.0190655 -0.000247011 -0.0805442 -0.110027 -0.334478 1 0 0 0 0 0 0 0
392 1 0.1 4.86643 3.84793 0.548978 0.00443489 0.00574315 -0.00426385 -0.105739 0.0961658 -0.0175552 1 0 0 0 0 0 0 0
393 1 0.1 4.92213 3.89854 0.746978 0.00490435 0.00928932 0.00451473 -0.0385683 -0.0297664 0.0722235 1 0 0 0 0 0 0 0
394 1 0.1 5.06467 4.03725 0.762452 0.00365032 0.00677845 -0.00104934 -0.0211779 0.0550176 -0.078723 1 0 0 0 0 0 0 0
395 1 0.1 5.2055 4.17872 0.762725 0.00239904 0.00423384 -0.00304442 0.0356296 -0.0180109 0.0616331 1 0 0 0 0 0 0 0
396 1 0.1 5.53795 4.27828 0.587032 -0.00459714 -0.000535276 0.000566503 0.122022 0.0924942 -0.0727143 1 0 0 0 0 0 0 0
397 1 0.1 5.36503 4.34377 0.762813 -0.00373776 -0.00603295 0.00192048 0.0162512 -0.0456247 0.0169594 1 0 0 0 0 0 0 0
398 1 0.1 5.70292 4.67204 0.681752 0.00217905 0.00107775 0.00313558 -0.0833836 0.0224326 0.0404131 1 0 0 0 0 0 0 0
399 1 0.1 5.83189 4.80793 0.750827 0.000623993 0.00198892 -0.00190232 0.0299568 0.00238384 0.00287519 1 0 0 0 0 0 0 0
400 1 0.1 6.08204 0.937861 0.762522 -0.241831 0.147162 0.000169512 0.439354 0.16031 0.246935 1 0 0 0 0 0 0 0
401 1 0.1 5.70257 1.32048 0.749994 -0.216183 0.251968 -0.000915889 -0.0376172 -0.0158872 2.87459 1 0 0 0 0 0 0 0
402 1 0.1 5.60667 1.68961 0.762433 -0.533006 0.0594014 -0.00270154 0.807813 1.91816 0.176394 1 0 0 0 0 0 0 0
403 1 0.1 5.74765 1.72805 0.482372 -0.0628125 0.0389079 -0.0225571 0.126241 0.5979 0.145968 1 0 0 0 0 0 0 0
404 1 0.1 5.46073 1.82632 0.761293 -0.275988 0.330711 -0.0143514 -1.37638 -1.59021 -2.61106 1 0 0 0 0 0 0 0
405 1 0.1 5.31914 1.96444 0.730668 -0.0835766 0.074258 -0.0207526 -0.837889 -0.0621775 -2.01313 1 0 0 0 0 0 0 0
406 1 0.1 5.16823 2.09776 0.762926 -0.00822703 0.0314917 -0.0182963 0.285961 0.061663 0.0473911 1 0 0 0 0 0 0 0
407 1 0.1 5.36502 2.19221 0.563823 -0.130337 0.0150725 0.0672022 1.12246 0.600561 1.35958 1 0 0 0 0 0 0 0
408 1 0.1 4.95262 2.43614 0.75599 -0.264378 0.00576088 -0.0522529 1.04812 -1.87285 -1.44488 1 0 0 0 0 0 0 0
409 1 0.1 4.83043 2.60251 0.762801 0.0636945 0.0642258 -0.00398343 -1.03491 -0.544153 -0.292654 1 0 0 0 0 0 0 0
410 1 0.1 4.38943 2.63157 0.762713 0.00816832 -0.00486953 0.00318133 -0.0295815 -0.130586 -0.274156 1 0 0 0 0 0 0 0
411 1 0.1 4.36393 3.09819 0.762604 0.00832396 -0.00552498 -0.00517804 -0.0253061 -0.0825697 0.15014 1 0 0 0 0 0 0 0
412 1 0.1 4.55891 3.28679 0.761918 0.0275118 0.00853767 -0.0128949 0.118053 -0.0356043 0.130014 1 0 0 0 0 0 0 0
413 1 0.1 4.76621 3.26871 0.683843 0.0116581 0.0320159 0.0111812 -0.235472 0.311792 0.183178 1 0 0 0 0 0 0 0
414 1 0.1 4.86715 3.23164 0.515989 -0.0299043 0.027115 -0.00452438 -0.15488 0.172183 0.337777 1 0 0 0 0 0 0 0
415 1 0.1 4.72081 3.53308 0.37146 0.0232826 -0.00217845 0.0312103 -0.0777513 0.185785 -0.131133 1 0 0 0 0 0 0 0
416 1 0.1 5.00658 3.62311 0.762724 -0.00151642 0.00174126 0.000973156 0.00915197 0.018501 0.0138081 1 0 0 0 0 0 0 0
417 1 0.1 4.80093 3.74636 0.707038 0.0234418 0.00239991 0.00318572 0.0862308 0.0800258 0.105732 1 0 0 0 0 0 0 0
418 1 0.1 4.92521 3.65283 0.582785 0.0206377 0.012437 -0.00687999 0.0363258 -0.0226139 -0.102888 1 0 0 0 0 0 0 0
419 1 0.1 5.102 3.81577 0.763563 0.00163241 0.0112919 0.0035783 0.106016 0.0451098 -0.0769036 1 0 0 0 0 0 0 0
420 1 0.1 5.49894 4.19592 0.763323 -0.00141226 -0.00382202 -0.000503637 -0.0645698 0.0145547 -0.0679786 1 0 0 0 0 0 0 0
421 1 0.1 5.55268 4.41414 0.762612 6.75152e-05 0.00208335 0.00161474 0.0214117 0.000514276 -0.0108642 1 0 0 0 0 0 0 0
422 1 0.1 5.79402 4.51427 0.762902 0.008166 0.00371723 0.000426427 -0.00135434 0.118062 -0.000549676 1 0 0 0 0 0 0 0
423 1 0.1 5.93294 4.57165 0.63263 0.00461623 0.00404874 -0.00325814 0.0225565 -0.0187679 -0.0132521 1 0 0 0 0 0 0 0
424 1 0.1 6.11383 5.09005 0.749916 0.00012319 0.000313695 0.000481389 -0.00331067 -0.000573396 -0.000469121 1 0 0 0 0 0 0 0
425 1 0.1 6.22105 0.794675 0.749907 -0.244724 0.143529 0.011866 -0.149196 -0.206857 0.179035 1 0 0 0 0 0 0 0
426 1 0.1 5.89402 1.40656 0.762539 -0.270775 0.177223 0.00364801 0.51189 -0.261912 0.305559 1 0 0 0 0 0 0 0
427 1 0.1 5.74844 1.54474 0.761924 -0.525091 -0.114061 0.197835 0.67125 -2.9563 -3.41113 1 0 0 0 0 0 0 0
428 1 0.1 6.0078 1.84403 0.762345 -0.0244769 -0.0133648 0.0346243 0.283084 -0.575224 -0.639356 1 0 0 0 0 0 0 0
429 1 0.1 5.81903 1.77818 0.762779 -0.0439831 0.0436979 0.00223467 0.402595 0.416179 0.283694 1 0 0 0 0 0 0 0
430 1 0.1 5.65137 1.88708 0.762603 -0.148214 -0.0956235 -0.0114722 0.0706025 0.0499925 0.0528313 1 0 0 0 0 0 0 0
431 1 0.1 5.42361 2.13194 0.762475 -0.0131567 0.0469 -0.00794826 1.67618 0.0924678 0.283748 1 0 0 0 0 0 0 0
432 1 0.1 5.05633 2.26285 0.762745 -0.00598617 0.00792037 0.00696623 0.0415294 0.0594591 0.135493 1 0 0 0 0 0 0 0
433 1 0.1 5.37704 2.52706 0.380079 -0.0307808 0.0652752 -0.0198004 -0.0773846 -0.831894 -0.505665 1 0 0 0 0 0 0 0
434 1 0.1 5.09995 2.6046 0.69552 0.0109225 0.0398792 -0.046015 -0.466349 -0.918135 -0.439846 1 0 0 0 0 0 0 0
435 1 0.1 4.75385 2.78571 0.764353 -0.0062328 0.0299445 -0.00348417 0.637868 0.115996 1.05698 1 0 0 0 0 0 0 0
436 1 0.1 4.52849 2.48978 0.752986 0.0182903 0.00549479 0.0180432 0.143445 -0.131588 0.560427 1 0 0 0 0 0 0 0
437 1 0.1 4.7588 3.08631 0.605592 -0.0102401 0.0305245 0.020366 0.147095 0.233641 -0.192812 1 0 0 0 0 0 0 0
438 1 0.1 4.9086 3.15254 0.762525 -0.00283083 -0.000515588 -0.00207428 0.0353922 0.0305261 -0.646496 1 0 0 0 0 0 0 0
439 1 0.1 4.69298 3.43486 0.763092 0.00244688 0.0179548 0.00400608 0.101742 -0.0242336 0.143604 1 0 0 0 0 0 0 0
440 1 0.1 5.04274 3.30382 0.762429 -0.210665 0.100263 -0.0122159 -0.1991 -0.132076 0.536812 1 0 0 0 0 0 0 0
441 1 0.1 5.12161 3.68734 0.612674 -0.00588995 0.0173579 0.00428166 -0.0128176 -0.099847 -0.138815 1 0 0 0 0 0 0 0
442 1 0.1 5.40037 3.72398 0.509753 0.02414 0.0099334 -0.0114654 0.026772 0.149304 0.057018 1 0 0 0 0 0 0 0
443 1 0.1 5.4222 3.80626 0.762584 -0.00788624 -0.0194434 -0.00246746 -0.0481509 -0.0434046 -0.0298615 1 0 0 0 0 0 0 0
444 1 0.1 5.50653 3.9875 0.762745 0.0181679 -0.0739366 -0.0804645 -0.716794 0.397067 -0.598443 1 0 0 0 0 0 0 0
445 1 0.1 5.75117 3.95788 0.584363 0.0116917 0.0349007 0.00257165 -0.000996975 0.0112456 0.0287945 1 0 0 0 0 0 0 0
446 1 0.1 5.74444 4.32108 0.762845 0.00598326 0.00827909 0.0043813 0.0871853 -0.0261689 -0.0610502 1 0 0 0 0 0 0 0
447 1 0.1 5.93793 4.37089 0.759272 0.00687118 0.00226232 0.0018429 -0.0110556 0.0723153 -0.0187529 1 0 0 0 0 0 0 0
448 1 0.1 6.00344 4.70614 0.762567 0.00147256 0.00175953 -0.00040818 -3.25398e-05 -0.0273385 0.00806209 1 0 0 0 0 0 0 0
449 1 0.1 6.25519 5.23142 0.749989 0.000109574 0.000131218 0.000210258 -0.00262158 -0.00132088 0.000428855 1 0 0 0 0 0 0 0
450 1 0.1 6.0963 1.12646 0.697727 -0.25344 0.187171 0.117646 0.63196 -0.682255 0.126917 1 0 0 0 0 0 0 0
451 1 0.1 5.97522 1.27359 0.637182 -0.197894 0.19476 0.0395607 -0.77929 -0.436359 -0.377162 1 0 0 0 0 0 0 0
452 1 0.1 5.99418 1.58026 0.762575 -0.117803 0.110022 0.00246051 0.656168 0.199992 -0.248629 1 0 0 0 0 0 0 0
453 1 0.1 5.92447 1.69565 0.615005 -0.0285987 0.11903 -0.0332753 0.15643 -0.175577 0.419616 1 0 0 0 0 0 0 0
454 1 0.1 5.68004 2.08482 0.757853 -0.152171 -0.0835492 0.00178341 0.0796734 0.0186236 0.0143262 1 0 0 0 0 0 0 0
455 1 0.1 5.44545 2.37135 0.762511 -0.0368024 0.0460567 -0.00126753 -0.0493521 0.0870819 -0.249521 1 0 0 0 0 0 0 0
456 1 0.1 5.27562 2.26611 0.754666 -0.0329332 0.0366678 0.0399111 -0.338718 -0.570579 0.0883669 1 0 0 0 0 0 0 0
457 1 0.1 5.7338 2.3102 0.568344 -0.192833 0.0438425 0.12385 -1.19521 -0.0946634 -0.743153 1 0 0 0 0 0 0 0
458 1 0.1 5.3123 2.52015 0.762584 -0.0516903 0.0408815 -0.00117698 0.0798478 -0.119331 0.394154 1 0 0 0 0 0 0 0
459 1 0.1 5.45671 2.65777 0.762175 -0.0921203 0.0759479 0.00998549 -0.147163 -0.107866 0.0425056 1 0 0 0 0 0 0 0
460 1 0.1 5.22585 2.64464 0.53716 -0.113786 0.0841955 0.0722953 -1.92789 -1.79995 1.19891 1 0 0 0 0 0 0 0
461 1 0.1 4.96279 2.75231 0.762535 0.0274554 0.100423 0.00133328 0.215397 -0.212431 0.95872 1 0 0 0 0 0 0 0
462 1 0.1 4.81365 2.97653 0.763014 -0.011855 0.0092731 0.00274947 0.00759121 0.0839841 -0.268739 1 0 0 0 0 0 0 0
463 1 0.1 5.24113 3.15821 0.599367 -0.0927966 0.0325959 0.0323107 0.308769 0.135668 -0.00159937 1 0 0 0 0 0 0 0
464 1 0.1 5.03588 3.17705 0.607691 -0.038219 0.0420242 0.0142854 -0.100433 -0.229038 -0.292441 1 0 0 0 0 0 0 0
465 1 0.1 5.1803 3.50457 0.564135 0.0140466 0.0297532 0.0101131 0.0141911 -0.300296 0.320937 1 0 0 0 0 0 0 0
466 1 0.1 5.2583 3.69198 0.761988 -0.00387256 0.00171299 0.000576639 -0.0574389 0.0349001 -0.0661505 1 0 0 0 0 0 0 0
467 1 0.1 5.5083 3.6531 0.662259 -0.0071764 0.0934848 0.0602529 -0.256626 -1.22077 1.17395 1 0 0 0 0 0 0 0
468 1 0.1 5.62297 3.78249 0.762545 -0.324193 0.432557 -0.00319964 -0.294933 1.79479 4.22941 1 0 0 0 0 0 0 0
469 1 0.1 5.80071 3.88233 0.762585 -0.00869074 0.0147137 -0.000452471 0.165046 -0.207648 -0.37213 1 0 0 0 0 0 0 0
470 1 0.1 5.98169 3.80242 0.733982 -0.0223461 -0.0436688 0.055087 0.693335 -0.804463 -0.385801 1 0 0 0 0 0 0 0
471 1 0.1 5.85573 4.08976 0.762703 0.00539228 0.00893103 -0.00259317 0.0128065 -0.0287504 -0.129603 1 0 0 0 0 0 0 0
472 1 0.1 6.03531 4.17712 0.762622 0.013674 3.71055e-06 -0.000704458 -0.0017839 -0.0346171 0.007534 1 0 0 0 0 0 0 0
473 1 0.1 5.97475 4.9471 0.762529 0.000345894 0.00073748 0.000133343 0.00685318 -0.00539781 0.00557421 1 0 0 0 0 0 0 0
474 1 0.1 6.11235 4.84205 0.662599 0.00213159 0.00488669 -0.00109949 0.0325112 -0.00571072 0.0263778 1 0 0 0 0 0 0 0
475 1 0.1 6.09533 1.37265 0.76254 -0.17654 0.209258 0.00213924 0.78258 0.997646 0.627717 1 0 0 0 0 0 0 0
476 1 0.1 6.00004 1.46785 0.597417 -0.133605 0.165222 -0.0273487 -0.0228255 -0.281784 -0.1423 1 0 0 0 0 0 0 0
477 1 0.1 6.00949 2.13975 0.762442 -0.188443 0.0872126 -0.00482895 0.114341 -0.167183 0.723452 1 0 0 0 0 0 0 0
478 1 0.1 5.82673 2.2206 0.762606 -0.220938 -0.00219454 -0.00265634 0.161558 0.0950406 0.176128 1 0 0 0 0 0 0 0
479 1 0.1 5.76542 2.41076 0.761944 -0.161629 0.0063456 0.0289931 0.379303 -0.794936 -0.711906 1 0 0 0 0 0 0 0
480 1 0.1 5.95093 3.12111 0.76254 -0.0423651 0.0399295 -0.00314125 0.0207902 0.0136975 0.0358292 1 0 0 0 0 0 0 0
481 1 0.1 5.86838 2.78538 0.762527 -0.046016 0.00970797 -0.000160656 -0.0306814 0.110963 -0.302403 1 0 0 0 0 0 0 0
482 1 0.1 5.59413 2.51289 0.763222 -0.109549 0.0711483 0.000943259 0.267091 0.110027 -0.150425 1 0 0 0 0 0 0 0
483 1 0.1 5.68979 2.50397 0.589245 -0.109185 0.0760753 -0.00166476 -0.0737487 -0.0906133 -0.0996762 1 0 0 0 0 0 0 0
484 1 0.1 5.55152 2.83342 0.762623 -0.0558257 0.0575889 0.000814914 -0.0198834 -0.0199961 -0.400232 1 0 0 0 0 0 0 0
485 1 0.1 5.32017 3.07514 0.762717 -0.0444787 -0.000262585 -0.000745979 -0.0161566 0.453787 -0.0641022 1 0 0 0 0 0 0 0
486 1 0.1 5.25148 2.71037 0.763882 -0.0188043 0.0409632 0.00377112 0.357726 0.183091 0.448029 1 0 0 0 0 0 0 0
487 1 0.1 5.09011 3.06405 0.763019 -0.0486136 0.0242174 0.00380532 0.142419 0.39527 -0.0958012 1 0 0 0 0 0 0 0
488 1 0.1 5.26036 3.26714 0.765527 0.0243616 0.0437245 0.0105964 0.542048 -0.257022 -0.258811 1 0 0 0 0 0 0 0
489 1 0.1 5.31334 3.36483 0.605858 -0.00594859 0.0142496 0.00131993 0.386801 0.120329 -0.138925 1 0 0 0 0 0 0 0
490 1 0.1 5.44331 3.34526 0.762502 0.049655 0.0151796 -0.00152734 -0.0495557 0.0382278 0.0104524 1 0 0 0 0 0 0 0
491 1 0.1 5.1731 3.51135 0.762957 -0.00799469 0.0114901 0.00284469 0.0994056 0.074635 -0.00421555 1 0 0 0 0 0 0 0
492 1 0.1 5.38181 3.53519 0.762524 0.0179685 0.0139225 -0.000890366 0.0125244 0.0289297 0.283081 1 0 0 0 0 0 0 0
493 1 0.1 5.75702 3.07272 0.76263 -0.0431387 0.0293264 0.000622796 0.0370338 0.0342058 0.0688881 1 0 0 0 0 0 0 0
494 1 0.1 5.57805 3.49259 0.762584 0.00959897 0.0316795 0.00304982 0.184002 -0.0252772 0.365119 1 0 0 0 0 0 0 0
495 1 0.1 5.82139 3.66981 0.762614 -0.0285318 0.0142208 0.00170005 0.0311993 0.0181398 -0.0314044 1 0 0 0 0 0 0 0
496 1 0.1 5.79955 3.47106 0.762884 -0.00999222 0.0207191 0.00195063 0.176162 0.0917508 0.0772632 1 0 0 0 0 0 0 0
497 1 0.1 5.96123 4.07984 0.593195 -0.00934726 0.0497516 -0.0140741 -0.0105355 0.0241631 0.105631 1 0 0 0 0 0 0 0
498 1 0.1 6.07458 4.51676 0.762548 0.00341278 0.00385216 -0.000300444 0.0215254 -0.030917 0.0564891 1 0 0 0 0 0 0 0
499 1 0.1 6.20097 4.67658 0.753988 -0.0214676 -0.132692 -0.0432722 0.0755751 0.448502 -1.37509 1 0 0 0 0 0 0 0
