500
0 1 0.1 5.93051 1.08827 0.147572 -0.0346812 0.0405725 0.0239392 -0.00161136 -0.127589 -0.163568 1 0 0 0 0 0 0 0
1 1 0.1 5.78998 1.23013 0.142246 -0.0307567 0.0365558 0.00758824 -0.0346268 -0.0663357 0.192714 1 0 0 0 0 0 0 0
2 1 0.1 5.62984 1.39516 0.144697 0.00177732 0.000605532 -0.00121044 0.0175053 -0.00380115 -0.0107973 1 0 0 0 0 0 0 0
3 1 0.1 5.31217 1.70909 0.136191 0.0140741 -0.00865116 -0.00186425 0.0822203 0.111443 -0.157239 1 0 0 0 0 0 0 0
4 1 0.1 5.49003 1.78417 0.425658 -0.0200488 0.0158058 0.00977279 -0.286784 0.0171902 -0.0413202 1 0 0 0 0 0 0 0
5 1 0.1 5.15212 1.86783 0.144698 0.00503164 -0.00839696 0.010787 0.0598803 -0.095222 -0.116552 1 0 0 0 0 0 0 0
6 1 0.1 4.94075 2.07665 0.149885 0.00067325 -0.000117288 0.00062646 0.00605265 -0.000221338 -0.00876226 1 0 0 0 0 0 0 0
7 1 0.1 4.76343 2.25779 0.135275 0.0061627 0.00233076 0.00210634 -0.273974 0.818543 0.247726 1 0 0 0 0 0 0 0
8 1 0.1 4.77005 2.74066 0.135337 0.0748596 0.0835039 0.00257536 -0.835004 0.73632 -2.94192 1 0 0 0 0 0 0 0
9 1 0.1 4.69038 2.66557 0.294719 -0.01287 0.16773 0.00196341 1.2195 -0.569425 0.0485251 1 0 0 0 0 0 0 0
10 1 0.1 4.19256 2.82994 0.14997 -2.19563e-06 -8.09418e-05 9.31456e-05 6.61025e-05 -0.000887877 0.000602547 1 0 0 0 0 0 0 0
11 1 0.1 4.19547 2.84365 0.458379 -0.00273848 -0.00350569 -0.0133729 0.0144476 0.139595 -0.0365539 1 0 0 0 0 0 0 0
12 1 0.1 4.19299 3.13245 0.143111 0.0322156 0.0287689 0.0573574 -0.233404 -0.386238 0.444336 1 0 0 0 0 0 0 0
13 1 0.1 4.32419 3.18961 0.417138 -0.0495054 0.0345809 0.00751809 -0.0578986 -0.520477 -0.277792 1 0 0 0 0 0 0 0
14 1 0.1 4.30836 3.2937 0.155292 0.0149318 0.00895335 0.132707 -0.628683 -0.869568 0.467543 1 0 0 0 0 0 0 0
15 1 0.1 4.44984 3.43475 0.150222 0.0127577 0.00505613 0.0290068 -0.434757 0.034627 0.0952232 1 0 0 0 0 0 0 0
16 1 0.1 4.50028 3.23869 0.137425 0.0779152 0.217748 0.00204083 -0.880839 0.186946 -0.336206 1 0 0 0 0 0 0 0
17 1 0.1 4.70929 3.67777 0.283043 -0.00242177 -0.00488637 0.00506341 -0.0824647 0.00567617 -0.0428735 1 0 0 0 0 0 0 0
18 1 0.1 4.59118 3.57615 0.149938 0.00572916 0.00884908 -0.00186635 0.0101872 0.00382721 0.0117059 1 0 0 0 0 0 0 0
19 1 0.1 5.01233 3.99012 0.137374 2.49042e-05 -0.000452665 -0.000199926 0.00332612 -0.00208613 -0.00171728 1 0 0 0 0 0 0 0
20 1 0.1 5.1552 4.13767 0.145761 4.90271e-06 -0.000658414 -0.00185078 -0.00782029 0.0214736 -0.0152328 1 0 0 0 0 0 0 0
21 1 0.1 5.35147 4.17341 0.138778 0.000101971 -0.00105973 -0.00439869 -0.0350745 -0.00742625 0.00475011 1 0 0 0 0 0 0 0
22 1 0.1 5.49824 4.47275 0.137579 -0.000987207 -0.000398866 0.00012963 0.0139878 -0.00989357 -0.0016352 1 0 0 0 0 0 0 0
23 1 0.1 5.63806 4.6153 0.14626 -0.000142045 -4.33829e-05 0.000516618 -0.00834544 0.00571788 0.000286102 1 0 0 0 0 0 0 0
24 1 0.1 5.91972 4.89777 0.149941 -0.00116819 0.00229432 -0.000357279 0.00454756 0.00298213 0.0203748 1 0 0 0 0 0 0 0
25 1 0.1 6.07254 0.947806 0.142905 -0.0371343 0.0285256 0.0363055 0.0747395 -0.116433 0.0242872 1 0 0 0 0 0 0 0
26 1 0.1 5.82694 1.42647 0.137437 8.35758e-05 0.0191382 -0.00552622 -0.0486698 -0.0119547 0.164847 1 0 0 0 0 0 0 0
27 1 0.1 5.64914 1.59391 0.140492 0.0162263 -0.00107532 0.00360671 0.0264151 -0.0102885 0.0290452 1 0 0 0 0 0 0 0
28 1 0.1 5.45155 1.56706 0.14994 0.0148211 -0.00841383 0.000159647 -0.0271645 -0.0332367 0.0187512 1 0 0 0 0 0 0 0
29 1 0.1 5.60414 1.90027 0.137158 0.00281415 0.00168635 -0.000514681 -0.0207015 -0.00520881 -0.0186071 1 0 0 0 0 0 0 0
30 1 0.1 5.34784 1.90874 0.143561 0.0112335 -0.0322211 0.0265495 -0.034222 -0.0579251 -0.12586 1 0 0 0 0 0 0 0
31 1 0.1 5.21427 2.05744 0.138664 0.0309955 -0.0136294 0.000703606 -0.215173 -0.0520071 -0.142529 1 0 0 0 0 0 0 0
32 1 0.1 4.95228 2.27222 0.188479 0.00302362 3.10667e-06 0.0118619 0.0477194 0.0526015 -0.854174 1 0 0 0 0 0 0 0
33 1 0.1 4.48351 2.5416 0.136303 0.0251195 0.0115489 -0.0113817 -0.164685 0.47849 -0.209567 1 0 0 0 0 0 0 0
34 1 0.1 4.96439 2.77351 0.141525 0.0844355 -0.0458015 0.0963605 -0.607838 -2.87301 -0.0743402 1 0 0 0 0 0 0 0
35 1 0.1 4.33385 2.68847 0.150011 6.5756e-05 -3.4818e-05 -7.45897e-06 0.00226899 -5.07148e-05 0.0021708 1 0 0 0 0 0 0 0
36 1 0.1 5.35295 2.83349 0.331664 0.0180209 0.00992693 0.00490461 -0.106508 -0.0830366 -0.0227468 1 0 0 0 0 0 0 0
37 1 0.1 4.45901 2.86923 0.250387 0.0103773 0.182725 -0.0749627 0.29437 -0.751266 -1.20324 1 0 0 0 0 0 0 0
38 1 0.1 4.49693 3.01815 0.136151 0.235127 0.296919 -0.0167607 1.23488 0.549065 -1.12683 1 0 0 0 0 0 0 0
39 1 0.1 4.39396 3.02726 0.505637 -0.00179086 0.0233231 -0.0912113 1.22314 0.466587 0.948529 1 0 0 0 0 0 0 0
40 1 0.1 5.03339 3.26127 0.136411 0.0898491 0.0270986 -0.00297897 -0.342973 0.154124 1.70061 1 0 0 0 0 0 0 0
41 1 0.1 4.79062 3.56766 0.137438 -0.0114034 -0.010428 0.00088433 0.17771 -0.0853492 -0.230921 1 0 0 0 0 0 0 0
42 1 0.1 4.83039 3.80472 0.137194 -0.000996376 -0.00061193 -0.000403308 0.0325668 0.00221291 0.00792962 1 0 0 0 0 0 0 0
43 1 0.1 5.02727 3.89192 0.310612 0.000194695 -0.00128713 -0.000735892 0.00624494 -0.0217271 0.0299146 1 0 0 0 0 0 0 0
44 1 0.1 5.51296 3.87681 0.137166 0.00151764 0.000750957 0.001212 -0.0154127 0.0277719 -0.0268588 1 0 0 0 0 0 0 0
45 1 0.1 5.52577 4.07591 0.137957 0.00158806 0.000946011 0.000283818 0.0131207 -0.032043 0.0148864 1 0 0 0 0 0 0 0
46 1 0.1 5.52947 4.27543 0.137162 -0.000988309 0.00100375 -0.00149871 -0.0320673 0.0989213 0.00424899 1 0 0 0 0 0 0 0
47 1 0.1 5.75752 4.45563 0.137305 -0.00245854 -0.00243573 -0.000815319 0.0417177 -0.0303935 -0.0496253 1 0 0 0 0 0 0 0
48 1 0.1 5.78056 4.75493 0.137461 -0.000595737 0.000210408 -0.000102103 -0.00774047 -0.00247443 0.00479679 1 0 0 0 0 0 0 0
49 1 0.1 6.06103 5.03909 0.150048 -0.000553986 0.000211735 -0.00112459 -0.000587169 0.0147277 -0.00232551 1 0 0 0 0 0 0 0
50 1 0.1 6.21266 0.805473 0.150089 -0.0232643 0.0429383 0.0161423 0.221816 0.102219 0.220905 1 0 0 0 0 0 0 0
51 1 0.1 5.9824 1.28345 0.13748 -0.0351902 0.0315431 -0.000102283 -0.0705346 0.110553 -0.241934 1 0 0 0 0 0 0 0
52 1 0.1 5.93349 1.84766 0.137579 0.004005 0.0150278 0.000992324 0.112518 -0.0840605 0.0707631 1 0 0 0 0 0 0 0
53 1 0.1 5.75141 1.76541 0.137423 0.00914642 0.00411951 0.000534716 -0.0346936 0.0786179 0.0596427 1 0 0 0 0 0 0 0
54 1 0.1 5.77482 2.00436 0.137794 0.00776925 -0.0060847 0.00442902 0.0297457 -0.0155904 -0.0875311 1 0 0 0 0 0 0 0
55 1 0.1 5.40773 2.10717 0.137918 0.0245215 0.00182974 0.000763574 -0.145865 -0.0408821 0.299411 1 0 0 0 0 0 0 0
56 1 0.1 5.14031 2.24281 0.136156 -0.00235456 -0.0255868 0.00221552 0.262908 -0.0266968 0.53015 1 0 0 0 0 0 0 0
57 1 0.1 5.32681 2.30997 0.441259 0.0118161 0.0109573 -0.00301942 0.00708885 0.0672795 0.0216451 1 0 0 0 0 0 0 0
58 1 0.1 5.01235 2.44544 0.26011 0.0187279 -0.00855409 0.0258479 -0.0926056 -0.585845 0.509568 1 0 0 0 0 0 0 0
59 1 0.1 4.68336 2.53619 0.137541 0.0304118 -0.00680024 0.0127127 0.101363 -0.138596 -0.288351 1 0 0 0 0 0 0 0
60 1 0.1 5.46358 2.66882 0.317112 0.00815985 0.00478398 0.00872038 0.0840228 0.0231162 -0.00200444 1 0 0 0 0 0 0 0
61 1 0.1 4.66513 2.91064 0.142078 0.0400118 0.0446394 0.041227 -0.199519 0.0248123 0.303363 1 0 0 0 0 0 0 0
62 1 0.1 4.94062 2.97008 0.136057 0.116295 -0.0364057 -0.000976922 0.229949 1.09365 1.46453 1 0 0 0 0 0 0 0
63 1 0.1 4.66616 3.11767 0.136158 0.306952 0.220794 0.0337346 0.0750199 0.235579 -0.0180117 1 0 0 0 0 0 0 0
64 1 0.1 4.85702 3.16854 0.136622 0.211443 0.0440681 0.0047437 1.02185 0.549963 -1.33652 1 0 0 0 0 0 0 0
65 1 0.1 4.83797 3.40035 0.395724 0.0308231 0.0120734 0.00524177 0.128187 -0.0191261 -0.568743 1 0 0 0 0 0 0 0
66 1 0.1 5.31657 3.52451 0.137142 0.00362231 0.0072602 0.00195217 -0.0596496 0.0715803 0.0691336 1 0 0 0 0 0 0 0
67 1 0.1 5.39966 3.70619 0.137407 0.00421014 0.00208215 -0.00325201 0.036279 0.00291824 -0.0333811 1 0 0 0 0 0 0 0
68 1 0.1 5.0032 3.72125 0.190181 -0.00307216 0.00563862 0.00809404 -0.0766233 -0.0750019 0.0130807 1 0 0 0 0 0 0 0
69 1 0.1 5.4804 3.88621 0.419709 -0.000203488 0.00241137 0.00302947 -0.000363515 -0.103165 -0.0451392 1 0 0 0 0 0 0 0
70 1 0.1 5.61807 4.16147 0.314809 -0.00326893 -0.00424316 0.00182418 -0.0210798 0.00655746 -0.00973019 1 0 0 0 0 0 0 0
71 1 0.1 5.7069 4.18354 0.137245 -0.00207455 -0.00322737 0.000574566 0.0382182 -0.000342002 -0.0037374 1 0 0 0 0 0 0 0
72 1 0.1 5.87931 4.29734 0.137435 -0.00401549 -0.00361055 0.000581723 -0.0268182 -0.0406579 0.0284736 1 0 0 0 0 0 0 0
73 1 0.1 6.04384 4.74153 0.137472 -0.0176351 0.0110348 -0.0012117 -0.000659538 0.00630603 -0.12351 1 0 0 0 0 0 0 0
74 1 0.1 6.28712 5.2713 0.149977 -9.07854e-06 7.81019e-05 0.000435278 -0.000253419 0.00244349 -0.0063128 1 0 0 0 0 0 0 0
75 1 0.1 6.22488 1.02603 0.264835 -0.0313287 0.0528514 0.0102582 -0.0694578 -0.0919884 0.0575773 1 0 0 0 0 0 0 0
76 1 0.1 6.12303 1.14149 0.137463 -0.0412027 0.0286129 0.000222452 -0.100968 0.0680581 0.17117 1 0 0 0 0 0 0 0
77 1 0.1 6.03997 1.67858 0.13747 0.0158439 0.0215278 2.85777e-05 -0.0253452 -0.0372006 0.0602621 1 0 0 0 0 0 0 0
78 1 0.1 5.97082 2.04395 0.137353 0.00393166 0.0132888 0.00184253 -0.123465 0.0358594 -0.0720031 1 0 0 0 0 0 0 0
79 1 0.1 5.89662 2.26429 0.325216 0.016858 0.00472866 0.0197324 0.0230227 -0.0878083 0.0810561 1 0 0 0 0 0 0 0
80 1 0.1 5.60745 2.11368 0.139874 0.0222006 0.0147389 0.00502309 0.0143346 -0.00543852 -0.164405 1 0 0 0 0 0 0 0
81 1 0.1 5.53663 2.30063 0.137243 0.00466859 0.00682573 0.0016338 -0.0640813 0.0145365 0.0526919 1 0 0 0 0 0 0 0
82 1 0.1 5.73897 2.80143 0.13717 -0.0466934 -0.00399714 0.00145102 0.0440851 -0.48192 0.828871 1 0 0 0 0 0 0 0
83 1 0.1 5.37016 2.40129 0.218212 -0.00108134 0.0107636 -0.000273225 0.0198944 0.00459007 -0.00101595 1 0 0 0 0 0 0 0
84 1 0.1 4.92942 2.57732 0.136567 0.0247872 -0.0353553 -0.00111042 0.41936 0.242022 0.0222914 1 0 0 0 0 0 0 0
85 1 0.1 5.11763 2.64517 0.138274 -0.00941751 -0.154262 -0.0271023 1.00401 1.26402 -0.673933 1 0 0 0 0 0 0 0
86 1 0.1 5.71722 2.92825 0.28937 -0.0565803 -0.00412529 -0.00116391 -0.0732181 0.379736 -0.783967 1 0 0 0 0 0 0 0
87 1 0.1 5.13232 2.87994 0.137124 0.0191643 0.0269195 -0.00478774 -0.251743 0.148444 0.181368 1 0 0 0 0 0 0 0
88 1 0.1 5.21803 3.28749 0.257103 -0.0027227 0.0454536 0.0371443 0.064157 -0.54243 0.395106 1 0 0 0 0 0 0 0
89 1 0.1 4.64467 3.3839 0.137471 -0.00296906 0.00602794 0.000453358 -0.0829847 0.0497604 -0.0931276 1 0 0 0 0 0 0 0
90 1 0.1 5.14213 3.42815 0.137022 0.010182 0.0261797 0.00050027 -0.202117 -0.0165921 0.157514 1 0 0 0 0 0 0 0
91 1 0.1 5.52227 3.54663 0.137224 -0.00155647 -0.00097288 0.00176734 0.0137044 -0.00553703 0.0546832 1 0 0 0 0 0 0 0
92 1 0.1 5.68317 3.6646 0.138856 -0.00341389 0.00427341 0.000607161 -0.00645402 0.0181312 -0.00171129 1 0 0 0 0 0 0 0
93 1 0.1 5.80068 3.89791 0.316467 -0.0168194 -0.00904212 0.000578135 0.121289 -0.316891 -0.217735 1 0 0 0 0 0 0 0
94 1 0.1 5.69176 3.96536 0.149222 0.00158328 0.00205636 0.00192543 0.0268735 -0.0121278 -0.00317939 1 0 0 0 0 0 0 0
95 1 0.1 5.88604 4.01053 0.138369 0.00157153 0.000932748 0.00383813 0.0188185 0.00114578 -0.0114886 1 0 0 0 0 0 0 0
96 1 0.1 6.02186 4.1572 0.138082 5.45661e-05 0.00194046 0.00684078 -0.00154685 -0.0229241 0.0346741 1 0 0 0 0 0 0 0
97 1 0.1 6.04095 4.36128 0.236203 -0.0465877 0.0180725 0.056759 0.118547 -0.613093 0.290725 1 0 0 0 0 0 0 0
98 1 0.1 6.16667 4.88087 0.211519 -0.00126739 0.000328228 -0.00153491 -0.00838118 0.0147179 -0.0106729 1 0 0 0 0 0 0 0
99 1 0.1 6.25786 5.07355 0.145196 -0.000523291 0.000147997 -0.0020621 0.0253073 -0.000498907 0.00579439 1 0 0 0 0 0 0 0
100 1 0.1 6.42851 0.587363 0.350019 -0.0352767 0.0650707 0.00592514 0.0736548 -0.017381 0.407631 1 0 0 0 0 0 0 0
101 1 0.1 6.17114 1.3494 0.137551 -0.0215069 -0.0123155 -0.000417698 0.0299383 -0.126577 -0.207331 1 0 0 0 0 0 0 0
102 1 0.1 6.01952 1.4798 0.13808 0.00613391 0.0217041 -0.00389766 0.0649011 0.000841975 -0.154917 1 0 0 0 0 0 0 0
103 1 0.1 6.03982 2.35644 0.220158 -0.0255822 0.020149 -0.0590101 -0.0460444 0.59149 0.184442 1 0 0 0 0 0 0 0
104 1 0.1 5.86734 2.80734 0.563441 0.00629112 -0.012719 -0.0199337 -0.101083 0.0866155 0.0129933 1 0 0 0 0 0 0 0
105 1 0.1 5.86149 2.39236 0.137391 -0.0518514 0.0025743 -0.00470647 0.00210499 0.00393412 -0.00520783 1 0 0 0 0 0 0 0
106 1 0.1 5.73334 2.60355 0.163548 0.0170397 -0.00764664 0.00121385 -0.0440583 0.111898 -0.131488 1 0 0 0 0 0 0 0
107 1 0.1 5.87841 3.12902 0.46745 -0.0417149 0.0339811 0.00172021 0.0572669 0.0409603 -0.422991 1 0 0 0 0 0 0 0
108 1 0.1 5.5348 2.71758 0.137259 0.00306506 0.00639595 0.00334825 -0.0501379 -0.00555988 -0.00483319 1 0 0 0 0 0 0 0
109 1 0.1 5.56596 2.49796 0.137013 0.00509812 0.00431725 0.00375769 0.0298254 -0.0282008 -0.0498773 1 0 0 0 0 0 0 0
110 1 0.1 5.38516 2.58337 0.137452 0.000678522 0.0109446 0.00112078 -0.00715496 0.00338232 -0.0081163 1 0 0 0 0 0 0 0
111 1 0.1 5.29059 2.75887 0.150117 0.0194938 0.0242612 0.000752894 0.0280947 -0.0495745 -0.224209 1 0 0 0 0 0 0 0
112 1 0.1 5.4999 3.11056 0.137489 -0.0495324 0.0100445 -0.000159506 -0.0612261 -0.570625 -4.68117 1 0 0 0 0 0 0 0
113 1 0.1 5.10802 3.07788 0.138292 0.0628651 0.0306719 -0.00751242 0.32933 -0.359727 -1.65319 1 0 0 0 0 0 0 0
114 1 0.1 5.63451 3.26278 0.158486 -0.25207 0.0600856 -0.277626 -0.0623839 3.94125 0.676982 1 0 0 0 0 0 0 0
115 1 0.1 5.71378 3.44516 0.137494 -0.710142 0.292244 0.000290617 1.54734 -1.84187 2.20714 1 0 0 0 0 0 0 0
116 1 0.1 5.69723 3.07405 0.137496 -0.417116 -0.0269238 0.000303758 -1.09224 -0.939714 0.908177 1 0 0 0 0 0 0 0
117 1 0.1 5.94268 3.40683 0.137461 -0.0284707 -0.00377958 -0.000657601 -0.0280501 0.112135 -0.232122 1 0 0 0 0 0 0 0
118 1 0.1 5.81861 3.81129 0.137367 -0.000217086 0.000740161 -0.00117194 0.00571204 0.0124522 -0.028313 1 0 0 0 0 0 0 0
119 1 0.1 6.03675 3.87922 0.137591 -1.57422e-05 -0.000333115 0.00147596 0.0162467 0.000439429 -0.00884111 1 0 0 0 0 0 0 0
120 1 0.1 5.8697 3.59294 0.137397 -0.0037649 0.00343596 -0.000198178 -0.0156545 -0.0149456 -0.0262162 1 0 0 0 0 0 0 0
121 1 0.1 6.07223 3.2487 0.154217 -0.0443705 0.176715 -0.0127453 -0.750774 0.015825 0.978163 1 0 0 0 0 0 0 0
122 1 0.1 6.04867 4.28562 0.578239 -0.0860353 0.0189428 -0.00650957 -0.10657 -0.319358 0.346905 1 0 0 0 0 0 0 0
123 1 0.1 5.94988 4.50928 0.137259 -0.00284077 0.00684923 -0.000383579 -0.0904535 -0.0246851 -0.00218355 1 0 0 0 0 0 0 0
124 1 0.1 6.14129 4.56695 0.138154 -0.0106068 0.070803 0.0112737 -0.0530147 -0.143475 0.613779 1 0 0 0 0 0 0 0
125 1 0.1 6.00041 1.02607 0.324963 -0.00343425 0.00937385 -0.00905703 -0.127845 -0.00955947 0.072863 1 0 0 0 0 0 0 0
126 1 0.1 5.85959 1.1678 0.318996 -0.00473773 0.00587272 -0.0102632 0.0559582 0.0672583 0.000920371 1 0 0 0 0 0 0 0
127 1 0.1 5.58117 1.43946 0.335482 -0.00473159 0.000176493 -0.00783877 -0.0215477 0.00800176 0.019345 1 0 0 0 0 0 0 0
128 1 0.1 5.43639 1.58635 0.364374 -0.0137921 0.0147265 -0.014912 -0.0158497 0.183438 0.191674 1 0 0 0 0 0 0 0
129 1 0.1 5.32065 1.74542 0.328577 -0.00763057 0.0171165 -0.007768 -0.441244 -0.408492 -0.41205 1 0 0 0 0 0 0 0
130 1 0.1 5.08454 1.94181 0.318238 -0.00816474 0.0107789 -0.00249207 -0.0249637 0.0120288 0.134374 1 0 0 0 0 0 0 0
131 1 0.1 4.94063 2.07695 0.350052 -0.00800604 0.0147514 -0.00153404 0.00652857 0.0187233 0.143412 1 0 0 0 0 0 0 0
132 1 0.1 4.82774 2.24008 0.374969 -0.0538684 -0.0102812 0.0130789 0.0498184 -0.00702096 -0.00739224 1 0 0 0 0 0 0 0
133 1 0.1 4.69873 2.36625 0.288968 -0.0421856 0.0013171 -0.00867538 -0.412339 0.105451 -0.0795019 1 0 0 0 0 0 0 0
134 1 0.1 4.69891 2.51696 0.418781 -0.0132327 0.0533122 -0.0441836 -0.135553 0.389184 -0.0191523 1 0 0 0 0 0 0 0
135 1 0.1 4.52814 2.49362 0.32253 -0.0122859 0.0436074 -0.0230613 -0.17519 -0.4193 -0.0742572 1 0 0 0 0 0 0 0
136 1 0.1 4.36431 2.66331 0.40786 0.0285885 0.00675452 -0.0474771 -0.492478 0.475344 -0.402583 1 0 0 0 0 0 0 0
137 1 0.1 4.58151 2.97515 0.367271 -0.0273976 0.18858 -0.0664605 0.544386 2.07093 2.25423 1 0 0 0 0 0 0 0
138 1 0.1 4.36806 3.12462 0.234406 0.156991 0.115857 0.0225964 1.36912 0.566468 1.20503 1 0 0 0 0 0 0 0
139 1 0.1 4.3423 3.31312 0.572745 -0.00190318 -0.0186285 0.0500186 -0.0710316 -0.248648 -0.220732 1 0 0 0 0 0 0 0
140 1 0.1 4.57205 3.31727 0.311387 0.0184378 0.0341435 0.0171572 -0.341537 0.050924 0.442982 1 0 0 0 0 0 0 0
141 1 0.1 4.52051 3.50678 0.348787 0.00976629 0.00922009 0.0109423 -0.142578 -0.402974 0.110544 1 0 0 0 0 0 0 0
142 1 0.1 4.74489 3.72068 0.479681 0.0120729 0.0080242 0.0176898 -0.2279 0.0152106 0.137196 1 0 0 0 0 0 0 0
143 1 0.1 5.08404 4.0567 0.408089 0.00183024 0.000152945 -0.00340123 -0.0467493 -0.00563224 0.0456254 1 0 0 0 0 0 0 0
144 1 0.1 5.37449 4.06345 0.311305 0.000171277 -0.0054821 0.000397189 0.0306585 -0.0558853 -0.00985037 1 0 0 0 0 0 0 0
145 1 0.1 5.21455 4.18666 0.330373 0.00125021 0.00205659 -0.00124887 -0.00764649 0.0239172 0.0159262 1 0 0 0 0 0 0 0
146 1 0.1 5.37002 4.35024 0.230042 -0.00168935 -0.00361295 0.000898761 0.057357 -0.0640785 -0.0599236 1 0 0 0 0 0 0 0
147 1 0.1 5.48689 4.46233 0.347066 -0.00051684 -0.0010158 -0.000969414 0.0192471 -0.00805978 -0.014703 1 0 0 0 0 0 0 0
148 1 0.1 5.71636 4.68778 0.31551 -0.000699555 -0.000408707 0.000331111 -0.00229739 -0.00363575 -0.0113717 1 0 0 0 0 0 0 0
149 1 0.1 5.85226 4.82752 0.360042 -0.000261424 -0.000174268 -0.000198352 0.00109195 0.00443925 -0.000506178 1 0 0 0 0 0 0 0
150 1 0.1 6.14929 0.869852 0.363956 -0.0295226 0.0544231 0.0090531 0.0148773 -0.0279482 0.0444166 1 0 0 0 0 0 0 0
151 1 0.1 5.83396 1.68683 0.301632 0.00356804 -0.000557263 0.00589275 0.0877262 -0.0808955 -0.0731288 1 0 0 0 0 0 0 0
152 1 0.1 5.48772 1.75759 0.218203 0.0126016 -0.00383432 -0.00504077 0.222754 0.114918 0.269306 1 0 0 0 0 0 0 0
153 1 0.1 6.04852 2.25832 0.455026 -0.00624039 0.107447 0.0522728 -0.604528 -0.310345 0.777038 1 0 0 0 0 0 0 0
154 1 0.1 5.69381 1.95694 0.421367 -0.00269226 -0.00440894 -0.00339642 -0.161677 0.0237368 0.159141 1 0 0 0 0 0 0 0
155 1 0.1 5.38421 2.07883 0.357619 0.0143148 0.0119082 -0.00174687 0.0609517 -0.0605018 0.0376486 1 0 0 0 0 0 0 0
156 1 0.1 5.13771 2.21713 0.598972 -0.0162238 0.0144088 -0.00838593 -0.0332493 0.0171957 0.0687181 1 0 0 0 0 0 0 0
157 1 0.1 4.90316 2.11971 0.550036 -0.000959783 0.00014964 0.00267517 0.0487384 0.0223233 0.00618149 1 0 0 0 0 0 0 0
158 1 0.1 4.88872 2.45828 0.415155 -0.00928326 0.0316926 0.00487542 -0.27769 -0.195735 -0.119002 1 0 0 0 0 0 0 0
159 1 0.1 4.99862 2.66333 0.594756 0.0312534 0.0138164 -0.00606728 0.0722523 -0.359777 0.0156842 1 0 0 0 0 0 0 0
160 1 0.1 4.87963 2.64861 0.351479 -0.0348346 0.0613311 0.0214075 0.0983814 0.174848 -0.762114 1 0 0 0 0 0 0 0
161 1 0.1 4.79977 2.97469 0.431017 -0.0209393 0.0463968 -0.00417202 -0.0645903 -0.389432 -0.633852 1 0 0 0 0 0 0 0
162 1 0.1 4.7209 2.81802 0.527383 0.0619793 0.120323 0.155168 -2.7797 0.677434 -1.68185 1 0 0 0 0 0 0 0
163 1 0.1 4.96977 2.89488 0.612891 0.0015362 0.00493662 0.00828714 0.0513811 -0.124867 -0.0247051 1 0 0 0 0 0 0 0
164 1 0.1 4.35073 3.23181 0.762524 -0.0506972 0.106654 0.000874525 0.33549 0.102593 1.78192 1 0 0 0 0 0 0 0
165 1 0.1 4.81272 3.4064 0.592453 0.000238996 0.0122178 0.00640171 -0.0114051 -0.270128 -0.0130932 1 0 0 0 0 0 0 0
166 1 0.1 5.00772 3.31375 0.506453 -0.0040607 0.0106625 0.00309093 0.160101 -0.0864749 0.0854344 1 0 0 0 0 0 0 0
167 1 0.1 5.20753 3.66165 0.233141 -0.00180313 0.00722678 -0.00226437 0.0184322 0.000505596 0.0365556 1 0 0 0 0 0 0 0
168 1 0.1 5.19888 3.98194 0.26275 0.000174583 -0.000717984 -0.00221162 -0.000710357 0.0332849 -0.0323328 1 0 0 0 0 0 0 0
169 1 0.1 5.3561 3.85886 0.258455 -0.00210619 -0.00303208 3.82732e-05 0.0134156 -0.0642739 0.0670282 1 0 0 0 0 0 0 0
170 1 0.1 5.44452 4.23906 0.375539 -0.00519388 -0.00419704 -9.95525e-05 -0.0485642 -0.0229998 0.0332558 1 0 0 0 0 0 0 0
171 1 0.1 5.61382 4.32281 0.438354 -0.00779911 0.00057913 -0.00225352 -0.0212627 -0.0169053 -0.0164177 1 0 0 0 0 0 0 0
172 1 0.1 5.73664 4.31887 0.281194 -0.00606374 -0.00230016 -0.00098869 -0.0396014 -0.00908312 0.0426962 1 0 0 0 0 0 0 0
173 1 0.1 5.869 4.46186 0.326186 -0.0179749 0.0364078 -0.0895991 -0.263977 1.00517 0.436839 1 0 0 0 0 0 0 0
174 1 0.1 5.99609 4.97581 0.350691 0.000569251 0.0012935 -0.00045504 -0.00541211 0.00632348 0.00891142 1 0 0 0 0 0 0 0
175 1 0.1 6.28969 0.730493 0.335713 -0.0403058 0.0472852 0.00904864 0.0245108 -0.0323957 -0.158882 1 0 0 0 0 0 0 0
176 1 0.1 5.77102 1.49781 0.315551 -0.0100039 -0.00326426 -0.0158963 0.123671 0.0161786 -0.0373396 1 0 0 0 0 0 0 0
177 1 0.1 5.84575 1.88586 0.313015 -0.001733 0.00436935 0.00205827 -0.119125 0.0807565 0.152347 1 0 0 0 0 0 0 0
178 1 0.1 5.81354 2.08272 0.322333 0.000799335 0.00829316 0.00184078 0.0950231 -0.106038 -0.214325 1 0 0 0 0 0 0 0
179 1 0.1 5.52565 1.94578 0.314505 0.00241408 0.00162898 -0.00380715 0.123741 -0.0636854 -0.232579 1 0 0 0 0 0 0 0
180 1 0.1 5.56433 2.11326 0.436827 0.018262 0.0192058 -0.0083692 0.124725 0.133746 0.0727194 1 0 0 0 0 0 0 0
181 1 0.1 5.28822 2.22542 0.265533 0.00647302 0.00715116 0.000961385 -0.0252948 0.0357512 0.0792697 1 0 0 0 0 0 0 0
182 1 0.1 5.05938 2.2589 0.356705 -0.0462817 -0.101696 0.0373661 -0.833463 -0.47685 -1.57853 1 0 0 0 0 0 0 0
183 1 0.1 5.07576 2.6187 0.331993 -0.0321838 0.0267625 -0.00648087 -0.141608 0.221844 0.298434 1 0 0 0 0 0 0 0
184 1 0.1 5.41451 2.71871 0.503897 0.0125883 0.0130297 0.00405372 -0.218614 0.0532244 0.089061 1 0 0 0 0 0 0 0
185 1 0.1 5.23366 2.8032 0.498284 0.00834309 0.00434836 0.00822351 -0.0360618 0.122524 -0.0075252 1 0 0 0 0 0 0 0
186 1 0.1 5.139 2.80577 0.321554 -0.0137571 0.0270998 -0.013038 0.053749 -0.117525 -0.454717 1 0 0 0 0 0 0 0
187 1 0.1 4.49858 2.68323 0.269786 -0.00340108 0.0842441 -0.0955587 0.709516 -0.312797 1.13769 1 0 0 0 0 0 0 0
188 1 0.1 4.91349 3.07479 0.301528 0.0842834 -0.0323906 -0.00896749 -0.433512 -0.695971 -0.149253 1 0 0 0 0 0 0 0
189 1 0.1 5.36233 3.35082 0.403218 -0.0163054 -0.00130219 -0.000619612 0.10432 0.0498523 -0.041615 1 0 0 0 0 0 0 0
190 1 0.1 5.04989 3.54462 0.269458 0.00398602 0.0100799 0.00187685 0.124785 0.142633 0.0476049 1 0 0 0 0 0 0 0
191 1 0.1 5.42134 3.51416 0.306191 -0.00466614 -8.72365e-05 0.00452941 0.00730189 -0.0152284 -0.127235 1 0 0 0 0 0 0 0
192 1 0.1 5.16186 3.83096 0.137371 -0.00309578 0.00221347 -0.000673375 -0.00993024 -0.0211291 -0.0237275 1 0 0 0 0 0 0 0
193 1 0.1 5.62647 3.80449 0.284954 -0.0116224 0.0199292 0.0231945 0.107052 -0.387937 0.561608 1 0 0 0 0 0 0 0
194 1 0.1 5.74095 3.8286 0.566856 -0.0103561 -0.00975933 -0.00630829 -0.170559 0.279272 0.0709552 1 0 0 0 0 0 0 0
195 1 0.1 5.75018 4.05865 0.423729 -0.00563973 -0.00861201 0.00171956 -0.0185274 0.0767514 -0.0723906 1 0 0 0 0 0 0 0
196 1 0.1 5.84977 4.15417 0.273786 -0.00495031 0.000130999 0.00382382 -0.0381137 -0.0409078 0.0412936 1 0 0 0 0 0 0 0
197 1 0.1 5.94432 4.02327 0.391372 -0.00164039 0.00372393 0.00167075 0.144369 -0.0768375 0.131085 1 0 0 0 0 0 0 0
198 1 0.1 5.90752 4.66099 0.259484 -0.00258114 0.00529939 0.00222445 -0.0263066 -0.0133266 0.0515159 1 0 0 0 0 0 0 0
199 1 0.1 6.13745 5.1172 0.350372 -0.000229058 0.00124894 -0.00229721 0.00801563 0.0222445 0.0038629 1 0 0 0 0 0 0 0
200 1 0.1 6.10262 1.23257 0.315185 -0.633735 0.0476679 -0.0241592 0.654513 0.876399 1.73243 1 0 0 0 0 0 0 0
201 1 0.1 5.72166 1.30224 0.37243 -0.00186554 0.00430122 -0.00293859 -0.00425219 -0.00315005 0.014479 1 0 0 0 0 0 0 0
202 1 0.1 6.09038 1.97088 0.602216 -0.0371451 0.0568754 0.0265107 -0.732996 -0.550785 0.57693 1 0 0 0 0 0 0 0
203 1 0.1 5.96605 2.3272 0.627048 -0.0910215 0.0474828 0.0821257 -0.0496921 -0.176824 -0.220514 1 0 0 0 0 0 0 0
204 1 0.1 5.93962 2.55206 0.312602 -0.127024 -0.0292839 0.00810258 -1.89085 1.52106 -1.57394 1 0 0 0 0 0 0 0
205 1 0.1 5.67372 2.22315 0.295428 0.00807593 0.0162909 -0.000706505 -0.262452 0.100937 0.0257558 1 0 0 0 0 0 0 0
206 1 0.1 5.47769 2.25138 0.321352 0.00721708 0.01723 0.00286444 -0.0442649 -0.0376421 0.00550735 1 0 0 0 0 0 0 0
207 1 0.1 5.57127 2.39059 0.428858 0.00839635 0.0168085 0.00652018 0.00823684 -0.0111479 -0.0529535 1 0 0 0 0 0 0 0
208 1 0.1 5.17017 2.44778 0.137431 -0.00133645 0.00390232 -0.000885245 -0.0375173 -0.00879031 0.00181308 1 0 0 0 0 0 0 0
209 1 0.1 5.62203 2.54981 0.3207 0.0174046 0.00470446 0.0125845 -0.0648702 -0.0192231 -0.0384047 1 0 0 0 0 0 0 0
210 1 0.1 5.72065 2.9208 0.488727 0.00625655 0.000220643 -0.00201542 0.0246829 0.253338 -0.295052 1 0 0 0 0 0 0 0
211 1 0.1 5.37018 2.94182 0.137495 -0.323178 0.175169 -3.60843e-06 -0.107419 -0.108403 -1.16533 1 0 0 0 0 0 0 0
212 1 0.1 5.01549 3.0081 0.456654 0.0150586 -0.00137963 0.0184957 -0.0671214 0.00997804 -0.0827578 1 0 0 0 0 0 0 0
213 1 0.1 5.2247 2.98318 0.311452 0.0235146 0.00611591 -0.0231168 -0.184552 -0.0359611 -0.0205344 1 0 0 0 0 0 0 0
214 1 0.1 5.42754 3.35904 0.137219 0.00102986 0.00406389 0.000641298 0.0550387 0.0383976 -0.013733 1 0 0 0 0 0 0 0
215 1 0.1 5.79489 3.37294 0.425771 -0.0167111 0.0201267 0.00411886 -0.0235752 0.241416 -0.216836 1 0 0 0 0 0 0 0
216 1 0.1 5.78238 3.53288 0.306735 -0.00689996 0.0158046 0.00154119 -0.0490414 0.023994 -0.097786 1 0 0 0 0 0 0 0
217 1 0.1 5.59746 3.60832 0.311735 -0.0097178 0.00469232 0.00486768 0.0492279 0.00943799 0.206631 1 0 0 0 0 0 0 0
218 1 0.1 5.93603 3.75332 0.288406 -0.0231825 -0.0148482 0.00947905 -0.235642 -0.0948906 -0.544301 1 0 0 0 0 0 0 0
219 1 0.1 6.04976 3.67971 0.137979 -0.00238564 -0.000353709 0.000697734 -0.00787524 -0.00606576 -0.0144656 1 0 0 0 0 0 0 0
220 1 0.1 5.99644 3.58792 0.762078 0.00206281 -0.00835161 -0.00678537 -0.338738 -0.167353 -0.0914867 1 0 0 0 0 0 0 0
221 1 0.1 6.05257 3.56285 0.57177 0.0322879 -0.0650873 0.0081615 0.247447 0.203605 -0.812917 1 0 0 0 0 0 0 0
222 1 0.1 6.05652 3.46199 0.292507 -0.0568392 0.0665514 -0.0422643 0.604166 1.99971 1.15135 1 0 0 0 0 0 0 0
223 1 0.1 6.04571 4.78268 0.336858 0.000442692 0.00258064 -0.000464073 -0.00960043 0.0143314 -0.00734445 1 0 0 0 0 0 0 0
224 1 0.1 6.16169 4.88997 0.459378 -0.00114471 -0.0180668 0.0191908 0.0511425 -0.311824 -0.303107 1 0 0 0 0 0 0 0
225 1 0.1 6.00309 1.58068 0.3099 -0.00433632 -0.00917094 0.014172 0.308695 -0.252956 -0.033276 1 0 0 0 0 0 0 0
226 1 0.1 5.79457 2.20362 0.137448 -0.000122747 -0.00180851 -0.00184624 0.00472882 -0.000626224 0.000224814 1 0 0 0 0 0 0 0
227 1 0.1 6.04522 1.8787 0.302203 0.00689455 0.125599 0.0544523 -0.354419 -0.578675 1.08386 1 0 0 0 0 0 0 0
228 1 0.1 6.03567 2.55842 0.137445 -0.136847 -0.124708 -0.000529374 1.24113 -1.37196 0.805266 1 0 0 0 0 0 0 0
229 1 0.1 5.56891 2.92078 0.143017 -0.351073 -0.0824428 0.0290025 -0.142082 -0.156937 -1.44779 1 0 0 0 0 0 0 0
230 1 0.1 5.94109 3.08031 0.283943 -0.0579833 0.0115178 -0.00125609 0.500644 -0.299767 -1.01416 1 0 0 0 0 0 0 0
231 1 0.1 5.9073 2.42332 0.462021 -0.0722108 0.0574647 0.0888915 0.736632 -0.91273 1.70996 1 0 0 0 0 0 0 0
232 1 0.1 5.77288 2.42021 0.314263 0.00948204 0.00198843 0.0191355 0.0306572 0.00244036 -0.00254706 1 0 0 0 0 0 0 0
233 1 0.1 5.92686 2.61647 0.569269 0.0914466 0.00198872 -0.000588363 0.321236 -0.692532 -0.238735 1 0 0 0 0 0 0 0
234 1 0.1 5.83142 2.71948 0.299115 -0.0160544 0.0435622 -0.00865922 0.512564 0.267772 0.0672564 1 0 0 0 0 0 0 0
235 1 0.1 5.98886 2.73581 0.421321 0.012145 -0.00601259 -0.0471012 -0.184398 0.16554 -0.23495 1 0 0 0 0 0 0 0
236 1 0.1 5.5735 3.04782 0.533659 0.0185388 0.0207569 0.0121719 -0.000683783 -0.143424 0.0486451 1 0 0 0 0 0 0 0
237 1 0.1 5.60361 3.0871 0.330646 0.000403675 0.0315773 0.0118895 -0.0423475 0.0484502 0.169611 1 0 0 0 0 0 0 0
238 1 0.1 5.48341 3.24162 0.287609 -0.00478711 0.00869202 0.00634198 -0.0724139 -0.217396 0.125122 1 0 0 0 0 0 0 0
239 1 0.1 5.77424 3.18783 0.307413 -0.0215994 0.0644919 0.0038452 0.0724851 0.0533939 0.204757 1 0 0 0 0 0 0 0
240 1 0.1 5.89112 2.90643 0.38545 -0.0194059 -0.015425 -0.0676848 -0.396202 0.471832 0.375975 1 0 0 0 0 0 0 0
241 1 0.1 5.51654 3.35222 0.560673 -0.0264619 -0.00771396 0.0389971 0.187913 -0.0169749 0.000680632 1 0 0 0 0 0 0 0
242 1 0.1 5.93881 3.30105 0.30702 -0.000217705 0.0295647 0.0168796 0.0553666 -0.0994523 -0.613147 1 0 0 0 0 0 0 0
243 1 0.1 5.95697 3.3049 0.52096 -0.0140693 0.0203011 -0.00352054 -0.129294 -0.0862442 0.0934318 1 0 0 0 0 0 0 0
244 1 0.1 5.78529 3.70397 0.41011 -0.0258985 0.00947466 0.0132743 0.184703 0.142049 0.271424 1 0 0 0 0 0 0 0
245 1 0.1 5.87635 3.21248 0.137437 -0.0228381 0.0518155 0.000338908 -0.468982 -0.10137 0.189925 1 0 0 0 0 0 0 0
246 1 0.1 5.94849 3.58882 0.403 -0.0334297 -0.00128152 0.057594 -0.101788 -0.742424 -0.416982 1 0 0 0 0 0 0 0
247 1 0.1 5.79752 4.24859 0.464227 -0.0253218 -0.0182155 0.041884 0.043876 -0.47141 -0.202378 1 0 0 0 0 0 0 0
248 1 0.1 6.10657 4.40296 0.427148 -0.0899474 -0.0953657 -0.108605 -0.891129 1.69641 -1.8498 1 0 0 0 0 0 0 0
249 1 0.1 6.07357 4.5729 0.327248 -0.00591877 -0.0575508 -0.0657225 0.988373 0.45928 -0.442108 1 0 0 0 0 0 0 0
250 1 0.1 5.99435 1.02636 0.550022 -0.0604721 0.0867965 -0.0160426 0.119685 0.269797 1.06091 1 0 0 0 0 0 0 0
251 1 0.1 5.85751 1.17066 0.518859 0.00481193 -0.0099773 -0.00751579 0.0505024 0.0947902 -0.0562109 1 0 0 0 0 0 0 0
252 1 0.1 5.64303 1.38072 0.538725 -0.00494098 0.0116252 -0.0087318 -0.0702632 0.0617478 0.124867 1 0 0 0 0 0 0 0
253 1 0.1 5.49727 1.5243 0.549655 -0.0103199 0.0153431 -0.00534136 -0.0769059 -0.00449868 0.0278257 1 0 0 0 0 0 0 0
254 1 0.1 5.36097 1.66754 0.579319 -0.0129453 0.01593 -0.0112758 -0.0354567 0.0355816 0.00565588 1 0 0 0 0 0 0 0
255 1 0.1 5.29064 1.91599 0.421638 0.0108848 0.0166616 -0.00278338 -0.207459 -0.185504 0.010435 1 0 0 0 0 0 0 0
256 1 0.1 5.04663 1.98213 0.571031 0.000711825 -0.000314153 -0.000746274 -0.00744306 0.000857123 -0.00993852 1 0 0 0 0 0 0 0
257 1 0.1 4.76294 2.26146 0.562957 0.00417359 0.00816503 0.0286024 0.223977 -0.0292381 -0.541935 1 0 0 0 0 0 0 0
258 1 0.1 4.78984 2.63799 0.579834 -0.140403 0.0735784 0.220688 1.64448 0.446751 -0.806273 1 0 0 0 0 0 0 0
259 1 0.1 4.98192 2.79186 0.443267 0.00563606 0.0244533 0.00370286 0.100003 0.336842 0.417332 1 0 0 0 0 0 0 0
260 1 0.1 4.55201 2.7127 0.547116 0.0795311 0.0419219 0.485387 6.75579 0.844879 2.04792 1 0 0 0 0 0 0 0
261 1 0.1 4.43991 2.84393 0.444847 0.0556562 -0.000543987 -0.0419709 0.988814 1.16718 0.32668 1 0 0 0 0 0 0 0
262 1 0.1 4.3986 2.87899 0.634914 0.0383856 0.0642228 -0.0332015 -1.78745 -1.05306 0.115003 1 0 0 0 0 0 0 0
263 1 0.1 4.1994 2.96471 0.299238 -0.000646828 0.00109936 -0.00205817 0.00203731 0.00257502 0.00213046 1 0 0 0 0 0 0 0
264 1 0.1 4.19392 3.16982 0.655159 -0.000210454 -0.0153885 -0.000831682 -0.0226077 -0.0166284 -0.00937339 1 0 0 0 0 0 0 0
265 1 0.1 4.4798 3.45651 0.550683 0.000692655 -0.00763064 0.0329531 -0.33851 0.0260347 0.347403 1 0 0 0 0 0 0 0
266 1 0.1 4.38074 3.36472 0.344103 0.00426172 0.0111804 0.00564336 -0.102636 -0.0262535 -0.0843049 1 0 0 0 0 0 0 0
267 1 0.1 4.7156 3.57895 0.61553 0.0124012 0.0198015 0.0357761 0.202922 0.0373682 -0.0536533 1 0 0 0 0 0 0 0
268 1 0.1 5.03876 3.80197 0.488716 -0.00932535 -0.0274781 -0.0133847 -0.0996132 -0.123814 -0.147116 1 0 0 0 0 0 0 0
269 1 0.1 5.01076 3.98191 0.580794 0.00140646 -0.0257526 0.0040814 0.149447 0.0400415 0.113582 1 0 0 0 0 0 0 0
270 1 0.1 5.16088 4.14032 0.572127 -0.00225332 -0.000892206 -0.000120552 0.0629515 -0.0515393 -0.0377492 1 0 0 0 0 0 0 0
271 1 0.1 5.29752 4.27086 0.507263 -0.00218736 -0.00170113 0.00144408 -0.0075433 -0.0180967 -0.0324929 1 0 0 0 0 0 0 0
272 1 0.1 5.46808 4.44391 0.54519 -0.00287819 -0.00157155 0.000311737 -0.0221007 -0.0318616 -0.0215846 1 0 0 0 0 0 0 0
273 1 0.1 5.60914 4.58545 0.546074 -0.003301 0.000127943 0.00181241 0.00583022 -0.0225726 -0.0416742 1 0 0 0 0 0 0 0
274 1 0.1 5.75153 4.72081 0.510162 -0.000525447 -0.000972715 0.00147136 0.0230403 -0.0337478 0.0206933 1 0 0 0 0 0 0 0
275 1 0.1 6.13753 0.887363 0.562779 -0.0614952 0.0835289 0.0077635 -0.31612 -0.247155 0.359031 1 0 0 0 0 0 0 0
276 1 0.1 5.69874 1.56186 0.601782 -0.0158372 0.0181622 -0.0154848 0.026265 0.0171403 0.0309398 1 0 0 0 0 0 0 0
277 1 0.1 5.6239 1.62677 0.420321 -0.0196284 0.0208214 8.78084e-05 -0.580198 -0.471157 -0.306351 1 0 0 0 0 0 0 0
278 1 0.1 5.65985 1.79202 0.313674 0.0151595 0.00268284 -0.0144153 0.327103 0.0956533 0.119448 1 0 0 0 0 0 0 0
279 1 0.1 5.59419 1.75182 0.591859 -0.0166425 0.0272278 0.0106176 0.0781436 0.0438283 -0.0582203 1 0 0 0 0 0 0 0
280 1 0.1 5.42717 1.99184 0.545817 0.00322719 0.0354319 -0.00475344 -0.0970689 0.0586735 -0.0641101 1 0 0 0 0 0 0 0
281 1 0.1 5.23644 2.04982 0.558113 -0.00754305 0.0173813 -0.0163031 0.170002 -0.111309 -0.0405897 1 0 0 0 0 0 0 0
282 1 0.1 5.00004 2.02566 0.760619 -0.000645739 0.000452744 -0.00206479 -0.00625198 0.0197644 0.00420782 1 0 0 0 0 0 0 0
283 1 0.1 4.97284 2.30591 0.530639 -0.0333134 0.0123626 0.015596 0.201917 0.254614 0.218465 1 0 0 0 0 0 0 0
284 1 0.1 5.2694 2.65437 0.359201 -0.0159136 0.0271023 -0.00969373 0.117037 -0.21166 -0.309515 1 0 0 0 0 0 0 0
285 1 0.1 4.50758 2.51874 0.564368 0.10455 -0.0970107 -0.0958216 -0.98702 -0.739325 -1.48134 1 0 0 0 0 0 0 0
286 1 0.1 4.5697 2.70154 0.761096 -0.00594817 -0.0194238 -0.0127151 -0.0607145 0.0402546 0.0281856 1 0 0 0 0 0 0 0
287 1 0.1 4.59962 3.09093 0.760572 -0.0259586 0.00802382 -0.00709086 0.0337647 0.0359549 -0.156169 1 0 0 0 0 0 0 0
288 1 0.1 4.5619 3.13034 0.491646 -0.0809434 0.120652 -0.0260348 -0.106694 -0.598312 -0.0488252 1 0 0 0 0 0 0 0
289 1 0.1 4.67856 3.14945 0.331943 0.146226 0.1538 0.103106 0.590906 -1.98819 0.0700665 1 0 0 0 0 0 0 0
290 1 0.1 4.95747 3.26749 0.318957 0.0341151 -0.0177139 0.000522218 0.0672871 -0.286225 0.127015 1 0 0 0 0 0 0 0
291 1 0.1 4.99717 3.45318 0.648515 -0.00205728 0.00563458 0.00827784 -0.0663806 0.201286 -0.01155 1 0 0 0 0 0 0 0
292 1 0.1 4.99322 3.50762 0.45667 0.0266883 -0.00765376 0.0057003 -0.0706885 -0.0118383 0.444697 1 0 0 0 0 0 0 0
293 1 0.1 4.84554 3.81432 0.335776 0.00139749 -0.00397425 0.000774128 -0.00452709 0.044701 -0.00587309 1 0 0 0 0 0 0 0
294 1 0.1 5.19999 3.81197 0.372638 -0.001613 -0.0276587 -0.00536715 0.0823922 0.0100201 0.162184 1 0 0 0 0 0 0 0
295 1 0.1 5.20083 3.94966 0.529596 0.00405033 0.00422009 0.00311044 0.189485 -0.0736001 0.0503439 1 0 0 0 0 0 0 0
296 1 0.1 5.51632 4.07655 0.464384 -0.00163426 0.00194995 0.00647011 -0.00308937 -0.0569388 0.0435076 1 0 0 0 0 0 0 0
297 1 0.1 5.71382 4.41904 0.581185 -0.00933443 -0.000256796 -0.000574477 0.0370609 0.00483554 0.0178734 1 0 0 0 0 0 0 0
298 1 0.1 5.6803 4.50167 0.378851 -0.000424417 -0.000706723 0.000178402 0.00615458 0.00162067 0.0191815 1 0 0 0 0 0 0 0
299 1 0.1 6.02577 5.00419 0.551291 8.27481e-05 -0.00121341 0.000449451 -0.00716629 -0.00341789 0.0285759 1 0 0 0 0 0 0 0
300 1 0.1 6.27695 0.744784 0.547829 -0.0670655 0.0733689 0.039133 -0.00292953 -0.505 0.943503 1 0 0 0 0 0 0 0
301 1 0.1 5.86179 1.54301 0.487661 -0.029605 0.0140479 -0.0391111 -0.104396 0.0752361 0.672954 1 0 0 0 0 0 0 0
302 1 0.1 5.95693 1.76317 0.439618 -0.0593145 0.151794 -0.0150441 -0.781863 -0.0419154 1.45436 1 0 0 0 0 0 0 0
303 1 0.1 5.94975 1.97342 0.460221 -0.0102736 -0.00709431 -0.00622033 0.107175 0.130428 -0.29543 1 0 0 0 0 0 0 0
304 1 0.1 5.80436 1.9076 0.58038 -0.0108825 0.0275341 0.0192311 -0.175425 0.172001 -0.138103 1 0 0 0 0 0 0 0
305 1 0.1 5.61863 2.00976 0.598681 0.0126617 0.0263436 -0.00211248 -0.235728 -0.155327 -0.138359 1 0 0 0 0 0 0 0
306 1 0.1 5.29336 2.43565 0.591622 0.0071703 0.00596366 -0.000698908 0.00433455 -0.0134079 0.139371 1 0 0 0 0 0 0 0
307 1 0.1 5.10675 2.40866 0.655442 0.000124585 0.0142634 -0.00327679 -0.0608489 -0.00787481 -0.223957 1 0 0 0 0 0 0 0
308 1 0.1 5.21713 2.46309 0.331123 -0.0034068 0.0130428 -0.00275952 -0.0560065 -0.0258277 -0.00289873 1 0 0 0 0 0 0 0
309 1 0.1 4.91954 2.48101 0.609213 -0.00589031 0.0317295 0.00355506 -0.237182 0.232803 -0.402198 1 0 0 0 0 0 0 0
310 1 0.1 5.53509 2.90416 0.370912 0.0155539 0.0287928 0.0233459 -0.128375 -0.165139 0.0257768 1 0 0 0 0 0 0 0
311 1 0.1 4.62642 2.89303 0.752528 -0.0544427 -0.0014528 -0.0146776 0.0616352 0.0440721 -0.0705729 1 0 0 0 0 0 0 0
312 1 0.1 4.57205 2.94543 0.565287 0.0329514 0.138957 -0.0331546 0.169654 -1.05277 2.0428 1 0 0 0 0 0 0 0
313 1 0.1 5.10595 3.13908 0.330273 0.0224619 -0.000689843 -0.0123816 0.289281 0.078508 0.132204 1 0 0 0 0 0 0 0
314 1 0.1 5.30094 3.12932 0.14053 -0.0168289 0.285137 -0.00755112 -0.0322834 0.483344 2.09181 1 0 0 0 0 0 0 0
315 1 0.1 5.1947 3.25957 0.460846 -0.00762718 -0.0085649 -0.00406463 -0.0574299 -0.0806837 0.13098 1 0 0 0 0 0 0 0
316 1 0.1 5.59108 3.40968 0.291706 -0.00327219 0.00485435 0.00702563 -0.0687747 -0.015403 -0.14871 1 0 0 0 0 0 0 0
317 1 0.1 5.15666 3.61665 0.421869 0.00169223 0.0146125 -0.00192933 -0.22969 -0.0683039 -0.0352451 1 0 0 0 0 0 0 0
318 1 0.1 5.42096 3.70381 0.366232 0.00327141 0.000577578 0.00360431 -0.020073 0.00782268 0.0449445 1 0 0 0 0 0 0 0
319 1 0.1 5.37772 3.88218 0.590781 0.00327007 0.00193947 0.00280107 0.0431611 -0.0193627 -0.000240158 1 0 0 0 0 0 0 0
320 1 0.1 5.35407 4.09164 0.579489 -0.0029424 -0.00264169 0.0032437 -0.0265713 0.00385624 0.0167419 1 0 0 0 0 0 0 0
321 1 0.1 5.86427 3.98627 0.570796 -0.00362775 -0.0102458 -0.00224163 -0.0227763 0.0487848 -0.0923731 1 0 0 0 0 0 0 0
322 1 0.1 5.67392 4.20371 0.619787 -0.00851385 -0.00819977 0.0128169 -0.00657651 -0.0802712 -0.0755782 1 0 0 0 0 0 0 0
323 1 0.1 5.91083 4.61469 0.453336 0.00305397 0.00520707 -0.000132298 0.0184999 0.0388356 0.0371295 1 0 0 0 0 0 0 0
324 1 0.1 6.16691 5.1458 0.550018 -0.000911844 -0.000577599 0.000109186 -0.00226766 -0.000619455 -0.013892 1 0 0 0 0 0 0 0
325 1 0.1 6.15171 1.0851 0.44145 -0.0600418 0.160255 -0.00868206 -1.05858 -0.431534 0.99485 1 0 0 0 0 0 0 0
326 1 0.1 5.90941 1.36988 0.382452 0.000223047 0.00688474 0.00816408 0.0031193 -0.111593 -0.0344984 1 0 0 0 0 0 0 0
327 1 0.1 6.01476 2.10323 0.322991 0.0113282 0.000816209 0.00694088 0.199788 -0.0211964 -0.144414 1 0 0 0 0 0 0 0
328 1 0.1 5.70452 2.26816 0.669036 -0.0191547 0.0356568 0.0209925 -0.139717 -0.215079 0.379556 1 0 0 0 0 0 0 0
329 1 0.1 5.96877 2.13127 0.587283 -0.0279444 0.0680408 0.000665012 0.0991527 -1.21995 0.758175 1 0 0 0 0 0 0 0
330 1 0.1 5.5221 2.28224 0.589078 -0.00753879 0.00821669 0.000397065 0.131625 -0.0324617 -0.0865164 1 0 0 0 0 0 0 0
331 1 0.1 5.78042 2.10275 0.527117 0.0100903 0.00476047 -0.0486322 0.0333107 0.627405 -0.0470799 1 0 0 0 0 0 0 0
332 1 0.1 5.88479 2.58879 0.762598 0.0121994 -0.0107442 -0.00539574 -0.141917 -0.0898307 -0.0631667 1 0 0 0 0 0 0 0
333 1 0.1 5.77925 2.58428 0.438682 0.0770182 0.0179548 -0.0196761 -0.422314 0.597526 -0.147531 1 0 0 0 0 0 0 0
334 1 0.1 5.4835 2.47157 0.64046 0.0142503 0.0142127 -0.00948146 0.0439988 0.125114 -0.0626865 1 0 0 0 0 0 0 0
335 1 0.1 5.07739 2.47982 0.472994 -0.00112274 0.0269517 -0.00499081 0.108522 0.0943559 -0.172598 1 0 0 0 0 0 0 0
336 1 0.1 5.34441 2.75978 0.686357 0.01437 0.0251381 0.00460911 0.0172408 0.0312317 0.0721963 1 0 0 0 0 0 0 0
337 1 0.1 5.15622 2.96264 0.589666 0.00634566 0.00243002 0.00865241 -0.0033692 0.00145454 0.013076 1 0 0 0 0 0 0 0
338 1 0.1 5.40777 3.05896 0.308932 0.0108883 0.00675171 -0.00567917 0.00128338 -0.241341 0.0768271 1 0 0 0 0 0 0 0
339 1 0.1 5.43639 3.17919 0.472264 0.00276842 0.000350098 -0.00227133 -0.0539318 -0.0235861 0.254506 1 0 0 0 0 0 0 0
340 1 0.1 5.62878 3.26263 0.422003 -0.0228863 0.0255234 0.0203712 0.164345 0.0569029 0.148144 1 0 0 0 0 0 0 0
341 1 0.1 5.34875 3.52087 0.552973 -0.0240981 0.00161443 -0.0194525 0.278651 -0.130332 -0.027009 1 0 0 0 0 0 0 0
342 1 0.1 5.53736 3.53877 0.489319 -0.0155372 0.00051281 0.00320081 -0.0553535 -0.0991216 -0.0655152 1 0 0 0 0 0 0 0
343 1 0.1 5.59636 3.7316 0.468652 -0.0250883 -0.00865128 0.0125095 0.0917186 -0.188987 -0.170917 1 0 0 0 0 0 0 0
344 1 0.1 5.68832 3.61122 0.598899 -0.0216587 -0.0172135 0.00280771 -0.0722136 0.395586 0.0174062 1 0 0 0 0 0 0 0
345 1 0.1 5.80849 3.27886 0.762803 0.0060804 -0.00234744 1.04223e-05 -0.0408048 -0.010791 0.0119469 1 0 0 0 0 0 0 0
346 1 0.1 5.89228 3.69346 0.578655 -0.00595915 0.00718861 0.0005349 0.0661104 0.0745128 0.0782905 1 0 0 0 0 0 0 0
347 1 0.1 5.96891 3.83949 0.465842 -0.00529507 0.00302524 -0.00262877 -0.0918975 -0.0275888 -0.128408 1 0 0 0 0 0 0 0
348 1 0.1 5.88519 4.86215 0.555831 -0.0013548 -0.000642248 0.00289811 -0.0296391 -0.00367035 -0.0105609 1 0 0 0 0 0 0 0
349 1 0.1 6.04363 4.74135 0.532474 0.00276725 0.00468909 -0.00217423 0.000853463 0.0149516 -0.0137704 1 0 0 0 0 0 0 0
350 1 0.1 6.1024 1.42195 0.380147 -0.00388653 0.0403337 0.118512 -0.395138 -1.13214 0.392947 1 0 0 0 0 0 0 0
351 1 0.1 6.09254 1.59297 0.488247 -0.10488 0.0338842 0.066553 -0.107826 -0.786618 1.37812 1 0 0 0 0 0 0 0
352 1 0.1 6.10677 1.77403 0.571806 -0.0695599 0.0467516 0.0566413 0.566553 -1.18927 -1.19061 1 0 0 0 0 0 0 0
353 1 0.1 5.85968 1.976 0.759998 -0.0275404 -0.0145125 0.0504642 0.371355 -1.06839 -0.637586 1 0 0 0 0 0 0 0
354 1 0.1 5.93673 2.77123 0.137414 -0.0261873 0.0571147 -0.0034932 -0.542813 -0.269502 0.254835 1 0 0 0 0 0 0 0
355 1 0.1 5.8623 2.95835 0.14658 -0.16351 0.0939713 -0.0173376 0.565306 1.57667 0.744944 1 0 0 0 0 0 0 0
356 1 0.1 5.70318 2.67437 0.76273 0.00756521 0.00742442 0.00470093 0.0271991 -0.00873627 0.0303408 1 0 0 0 0 0 0 0
357 1 0.1 5.69165 2.71218 0.567227 -0.00580467 0.000470016 0.00865153 -0.120428 0.176107 -0.165881 1 0 0 0 0 0 0 0
358 1 0.1 5.1954 2.86949 0.762003 0.00594796 0.0134316 0.00425374 -0.0623913 -0.0666929 0.0969748 1 0 0 0 0 0 0 0
359 1 0.1 5.64791 2.74006 0.37463 -0.0138169 0.00838343 0.010362 0.207431 -0.12142 0.039767 1 0 0 0 0 0 0 0
360 1 0.1 5.88944 3.00095 0.620442 -0.00873275 0.0148142 -0.0144769 0.184539 0.401869 0.423068 1 0 0 0 0 0 0 0
361 1 0.1 5.72923 2.9022 0.687336 -0.00163204 0.00550036 -0.000755616 -0.124482 -0.224857 -0.353072 1 0 0 0 0 0 0 0
362 1 0.1 5.54913 2.85235 0.566423 0.00645298 0.0169888 0.00423737 0.0453322 -0.291631 -0.0943906 1 0 0 0 0 0 0 0
363 1 0.1 5.36361 2.94064 0.563011 -0.00125282 0.00110171 0.0338858 -0.0178666 -0.615374 -0.13014 1 0 0 0 0 0 0 0
364 1 0.1 5.58312 3.01795 0.762547 -0.0148566 0.00311269 0.00144677 0.0265802 0.149626 -0.307823 1 0 0 0 0 0 0 0
365 1 0.1 5.45463 3.13734 0.666792 0.00252425 0.0211587 0.00397049 -0.132028 -0.0553804 0.0483491 1 0 0 0 0 0 0 0
366 1 0.1 5.73301 3.22227 0.587102 -0.0184415 0.00129207 0.010444 -0.169899 0.110281 -0.607142 1 0 0 0 0 0 0 0
367 1 0.1 5.61357 3.21649 0.758734 -0.0302939 0.023141 0.0610765 -0.391551 -0.860949 -0.381364 1 0 0 0 0 0 0 0
368 1 0.1 5.69246 3.4142 0.632008 -0.0171588 -0.014672 0.0236595 -0.152229 0.210037 -0.0739326 1 0 0 0 0 0 0 0
369 1 0.1 5.86422 3.49605 0.566699 0.00520522 0.00768236 0.0044037 0.10179 -0.103669 0.0411178 1 0 0 0 0 0 0 0
370 1 0.1 5.98345 3.36071 0.711125 0.00420324 0.00696426 -0.00178066 0.0375944 -0.00512113 0.0905915 1 0 0 0 0 0 0 0
371 1 0.1 6.04253 3.12511 0.581496 -0.0439326 -0.127163 -0.00048383 -0.200425 -0.00230191 -1.65905 1 0 0 0 0 0 0 0
372 1 0.1 5.98374 4.24924 0.391635 -0.0614103 -0.0766285 -0.00908236 1.11721 1.01876 -0.757894 1 0 0 0 0 0 0 0
373 1 0.1 5.90331 4.40924 0.518745 -0.0401243 0.0324399 -0.0779226 0.0240543 0.812166 0.287763 1 0 0 0 0 0 0 0
374 1 0.1 6.04032 4.5387 0.58537 -0.0132081 -0.0331492 -0.00745415 0.394187 -0.104847 -0.484515 1 0 0 0 0 0 0 0
375 1 0.1 5.93441 1.08204 0.752757 -0.00603703 0.00677372 0.000169293 0.00204811 0.010828 0.0929681 1 0 0 0 0 0 0 0
376 1 0.1 5.83686 1.35943 0.581548 -0.0103548 -0.0297798 0.00368331 -0.0768637 -0.168461 -0.587394 1 0 0 0 0 0 0 0
377 1 0.1 5.57985 1.4363 0.749514 0.000557783 0.000749405 -0.00299454 -0.0189695 0.0146067 -0.0217347 1 0 0 0 0 0 0 0
378 1 0.1 5.4393 1.5783 0.755388 -0.000758188 -0.000989686 -0.00243776 -0.00260407 0.0179221 0.0403778 1 0 0 0 0 0 0 0
379 1 0.1 5.30922 1.72972 0.76267 0.0054952 0.00258114 -0.00055573 -0.0381025 -0.0196842 -0.146801 1 0 0 0 0 0 0 0
380 1 0.1 5.15856 1.85916 0.762744 0.0042841 -0.000796832 -0.000450734 0.300528 -0.0105827 0.107483 1 0 0 0 0 0 0 0
381 1 0.1 5.23306 1.82109 0.584413 -0.000202518 0.0273641 -0.00504559 -0.00410689 0.151006 -0.0209932 1 0 0 0 0 0 0 0
382 1 0.1 4.85747 2.16736 0.759348 -0.00485497 0.00636447 0.00156071 0.0272254 -0.00155122 0.0789494 1 0 0 0 0 0 0 0
383 1 0.1 4.66396 2.3611 0.763891 -0.00501032 -0.00885539 -0.0161999 -0.173613 0.0446763 0.0158597 1 0 0 0 0 0 0 0
384 1 0.1 4.72408 2.45018 0.598347 -0.00431523 0.0237991 -0.0207625 0.314835 -0.502795 0.841455 1 0 0 0 0 0 0 0
385 1 0.1 4.31093 2.71057 0.591372 0.0287321 0.0088926 0.0118762 0.570714 -0.484687 -0.120563 1 0 0 0 0 0 0 0
386 1 0.1 4.21996 2.80279 0.750475 -0.00397393 -0.000527531 -0.0133091 -0.0409503 0.144451 0.00631084 1 0 0 0 0 0 0 0
387 1 0.1 4.19841 3.05423 0.492224 -0.0051185 -0.0244475 -0.0103952 0.0489285 0.128602 -0.0918427 1 0 0 0 0 0 0 0
388 1 0.1 4.18965 3.00015 0.760991 -0.00221057 -0.00040664 -0.0102368 0.0347195 0.0987935 -0.0112055 1 0 0 0 0 0 0 0
389 1 0.1 4.70513 3.26565 0.505084 -0.0433343 0.0605088 0.00293097 0.0141634 0.146337 -0.674359 1 0 0 0 0 0 0 0
390 1 0.1 4.49944 3.47547 0.752866 -0.00433477 0.00306778 -0.00409122 0.0111393 0.0203201 -0.0217517 1 0 0 0 0 0 0 0
391 1 0.1 4.66528 3.65913 0.789308 -0.000254925 -0.0071958 0.0255954 2.90017 4.73831 0.920167 1 0 0 0 0 0 0 0
392 1 0.1 4.86862 3.84214 0.583633 -0.00865846 -0.011433 -0.0166329 0.237552 0.0190084 -0.147827 1 0 0 0 0 0 0 0
393 1 0.1 4.93887 3.91716 0.758194 -0.00172023 -0.00176031 -0.000522772 0.00425739 -1.39619e-05 -0.0203296 1 0 0 0 0 0 0 0
394 1 0.1 5.0801 4.05858 0.756843 -0.00113937 -0.00142085 -0.000179156 0.00194932 -0.00258889 0.0180224 1 0 0 0 0 0 0 0
395 1 0.1 5.22086 4.20055 0.753143 -0.00110124 -0.00123782 -0.000615394 0.00271417 0.00536127 -0.0154388 1 0 0 0 0 0 0 0
396 1 0.1 5.48511 4.2465 0.570395 -0.00282116 -0.00232736 -0.00122823 0.0539044 0.0248368 0.0308876 1 0 0 0 0 0 0 0
397 1 0.1 5.40277 4.37736 0.743659 -0.0108613 -0.00870436 0.00292816 0.000898755 -0.0447264 -0.135194 1 0 0 0 0 0 0 0
398 1 0.1 5.67887 4.65006 0.721686 -0.00347396 -0.00219558 0.00106031 -0.0117628 -0.00330679 -0.039865 1 0 0 0 0 0 0 0
399 1 0.1 5.81516 4.79243 0.753821 -0.00328977 -0.00419632 -0.000788705 -0.00139762 -0.0315649 0.11282 1 0 0 0 0 0 0 0
400 1 0.1 6.14406 0.877924 0.762415 -0.0818084 0.121413 0.0124665 0.0309551 0.007962 1.09472 1 0 0 0 0 0 0 0
401 1 0.1 5.72124 1.29493 0.750551 -0.00100017 -0.000500364 -0.00421753 -0.0177167 0.0399733 0.00116214 1 0 0 0 0 0 0 0
402 1 0.1 5.65501 1.67116 0.763142 -0.00646252 0.00876841 -0.00235304 0.100978 0.103016 -0.0671658 1 0 0 0 0 0 0 0
403 1 0.1 5.77437 1.72275 0.51036 -0.025362 0.0354267 -0.00211321 0.201494 0.070925 0.0430151 1 0 0 0 0 0 0 0
404 1 0.1 5.49529 1.80126 0.762671 0.000303262 0.00822068 0.00120316 0.0758175 0.00813019 0.215026 1 0 0 0 0 0 0 0
405 1 0.1 5.32578 1.95641 0.714077 0.00341945 0.0326728 0.00537438 0.07448 0.0515311 0.0830567 1 0 0 0 0 0 0 0
406 1 0.1 5.18548 2.09981 0.759778 -0.00243016 0.00486353 -0.00359357 0.0356263 0.00575229 0.0431736 1 0 0 0 0 0 0 0
407 1 0.1 5.33721 2.21224 0.615386 -0.0098738 0.0122307 -0.00357065 -0.0406915 0.0104218 0.0321553 1 0 0 0 0 0 0 0
408 1 0.1 4.86303 2.369 0.763185 -0.00334458 0.0271567 -0.00302546 0.286781 -0.0891544 0.393033 1 0 0 0 0 0 0 0
409 1 0.1 4.76982 2.5461 0.764078 -0.0461469 0.0105088 -1.89425e-05 0.132066 0.44673 -0.0636633 1 0 0 0 0 0 0 0
410 1 0.1 4.37951 2.64033 0.763273 -0.00642128 -0.0102124 -0.000373116 -0.123807 0.0714376 0.0253778 1 0 0 0 0 0 0 0
411 1 0.1 4.41191 3.02307 0.765181 -0.0375307 0.0574698 -0.0053788 -0.00148121 0.15098 0.00495825 1 0 0 0 0 0 0 0
412 1 0.1 4.56825 3.2881 0.754768 -0.0118078 0.00811405 -0.00271879 -0.0184903 -0.000932031 -0.0196495 1 0 0 0 0 0 0 0
413 1 0.1 4.74325 3.21306 0.694133 -0.0255388 0.0057163 -0.0174381 0.238732 0.119803 -0.0895169 1 0 0 0 0 0 0 0
414 1 0.1 4.86714 3.14851 0.503227 -0.0914811 -0.00322348 0.175155 0.777365 -2.85382 -0.0433529 1 0 0 0 0 0 0 0
415 1 0.1 4.69996 3.53513 0.422571 0.0141942 0.00745414 0.0222295 0.0640624 -0.0885232 0.758863 1 0 0 0 0 0 0 0
416 1 0.1 4.99683 3.61358 0.763896 0.00296949 0.00588852 0.000780649 0.0221096 0.00142718 0.0856052 1 0 0 0 0 0 0 0
417 1 0.1 4.84374 3.74145 0.754351 -0.00413137 -0.00315836 -0.0114033 -0.0291889 -0.217941 0.133271 1 0 0 0 0 0 0 0
418 1 0.1 4.93751 3.65528 0.578544 -0.0115616 -0.0162348 -0.00133732 -0.0261509 0.079936 0.128347 1 0 0 0 0 0 0 0
419 1 0.1 5.12046 3.83391 0.762509 0.00017071 0.00473445 4.9193e-05 0.0523243 -0.029833 0.083466 1 0 0 0 0 0 0 0
420 1 0.1 5.49042 4.19878 0.763193 0.000929346 -0.00302957 -0.000414572 -0.0303595 -0.0125337 0.0336778 1 0 0 0 0 0 0 0
421 1 0.1 5.60207 4.36287 0.738067 -0.0137452 -0.047191 -8.53396e-05 0.0077038 0.0751528 -0.250943 1 0 0 0 0 0 0 0
422 1 0.1 5.77009 4.47768 0.76317 -0.00276449 -0.00126066 -0.000395863 -0.00852808 0.0335902 0.0243771 1 0 0 0 0 0 0 0
423 1 0.1 5.86405 4.61005 0.647221 -0.000723093 0.000477906 -0.00128241 0.0070073 -0.0997481 0.0798799 1 0 0 0 0 0 0 0
424 1 0.1 6.09734 5.0755 0.748585 -0.00341326 -0.00233103 0.000179805 0.00249728 -0.00519749 0.0336562 1 0 0 0 0 0 0 0
425 1 0.1 6.28503 0.732078 0.749996 -0.0747838 0.118438 0.000362486 0.00192618 -0.0029578 1.44663 1 0 0 0 0 0 0 0
426 1 0.1 5.91335 1.39552 0.762644 -0.0121376 -0.0202529 -5.94386e-05 -0.18931 0.108772 0.277767 1 0 0 0 0 0 0 0
427 1 0.1 5.83067 1.57708 0.754048 -0.0174996 -0.0184593 -0.0230676 -0.126767 0.131057 -0.238948 1 0 0 0 0 0 0 0
428 1 0.1 6.02808 1.86832 0.762416 -0.0297801 -0.017002 0.00396987 1.58043 0.377917 0.660482 1 0 0 0 0 0 0 0
429 1 0.1 5.85054 1.77631 0.762614 -0.038304 -0.00646905 0.00825661 -0.0376425 0.356941 -0.595596 1 0 0 0 0 0 0 0
430 1 0.1 5.67871 1.87343 0.731887 -0.0123818 0.0387569 0.0223062 0.0400414 -0.184003 0.0981663 1 0 0 0 0 0 0 0
431 1 0.1 5.4338 2.11736 0.762542 0.00162202 0.0379795 0.00237109 -0.0206897 0.0457477 -0.00724418 1 0 0 0 0 0 0 0
432 1 0.1 5.03362 2.25956 0.763343 -0.00981408 0.0156497 -0.0022376 0.143245 0.11841 0.0159116 1 0 0 0 0 0 0 0
433 1 0.1 5.38998 2.51414 0.435163 -0.183935 -0.239938 -0.240574 -0.466275 4.43043 -4.34851 1 0 0 0 0 0 0 0
434 1 0.1 5.02196 2.55309 0.763086 0.0137518 0.01638 -0.00362583 0.144759 -0.132066 -0.00675674 1 0 0 0 0 0 0 0
435 1 0.1 4.76385 2.74786 0.748602 -0.0244499 0.0197886 -0.0467122 0.0443613 0.305139 0.415221 1 0 0 0 0 0 0 0
436 1 0.1 4.52708 2.50608 0.762681 -0.0146337 0.00223967 -0.0223406 0.0382884 0.1714 -0.0211652 1 0 0 0 0 0 0 0
437 1 0.1 4.74547 3.02946 0.614695 0.0323171 0.151421 0.00609957 -0.544589 0.383446 -2.13329 1 0 0 0 0 0 0 0
438 1 0.1 4.92275 3.15784 0.762524 -0.0330856 0.0122713 0.000639889 0.00170203 -0.401491 0.245488 1 0 0 0 0 0 0 0
439 1 0.1 4.71965 3.44578 0.763483 -0.00557548 0.00795508 0.00404868 0.0637108 0.0860888 -0.0830197 1 0 0 0 0 0 0 0
440 1 0.1 5.06549 3.29753 0.753791 -0.0861969 0.0768867 0.16713 -0.797799 -2.70228 0.70098 1 0 0 0 0 0 0 0
441 1 0.1 5.14153 3.67625 0.641487 -0.0228623 0.0201646 -0.0235303 -0.197634 -0.332551 0.21435 1 0 0 0 0 0 0 0
442 1 0.1 5.29875 3.71211 0.523671 -0.00438768 0.0106453 -0.00256639 -0.0228619 -0.13267 -0.149971 1 0 0 0 0 0 0 0
443 1 0.1 5.45157 3.81495 0.76305 -3.35294e-05 -0.00231271 0.000579557 -0.0186983 0.0110946 -0.0819411 1 0 0 0 0 0 0 0
444 1 0.1 5.47608 4.00634 0.712707 0.00434396 -0.00221855 0.000585317 0.0439576 0.0584833 0.0168158 1 0 0 0 0 0 0 0
445 1 0.1 5.65369 4.00688 0.590809 -0.00427717 -0.0074544 0.00181568 0.126174 0.0480338 -0.0785626 1 0 0 0 0 0 0 0
446 1 0.1 5.81821 4.2864 0.730662 -0.012054 -0.00739191 0.0165001 -0.117214 -0.0419866 -0.00972152 1 0 0 0 0 0 0 0
447 1 0.1 5.96192 4.42169 0.762507 -0.00577392 -0.0128944 0.000297645 -0.125607 0.0289181 -0.0923935 1 0 0 0 0 0 0 0
448 1 0.1 5.99555 4.70694 0.762531 -0.000421831 0.00279632 -0.000127473 0.0249412 0.00778132 -0.0226958 1 0 0 0 0 0 0 0
449 1 0.1 6.23846 5.21714 0.750024 -0.00303972 -0.00241133 8.41771e-05 -0.00433576 0.00421091 -0.0386402 1 0 0 0 0 0 0 0
450 1 0.1 6.1212 1.10259 0.684506 -0.0041328 -0.0299483 0.000289785 -0.11948 -0.0214825 -0.458179 1 0 0 0 0 0 0 0
451 1 0.1 5.98628 1.24643 0.651515 0.0137108 -0.00934605 -0.00797361 0.120987 0.0613724 0.166865 1 0 0 0 0 0 0 0
452 1 0.1 6.0295 1.55849 0.762509 -0.0189811 -0.0196186 0.00168951 -0.441107 -0.344292 0.206769 1 0 0 0 0 0 0 0
453 1 0.1 5.94059 1.67288 0.617353 -0.0955606 0.0466882 -0.0481732 0.493022 0.581444 0.914917 1 0 0 0 0 0 0 0
454 1 0.1 5.69683 2.09171 0.762782 0.00134419 0.0252285 0.000870242 0.238301 0.0150123 0.117299 1 0 0 0 0 0 0 0
455 1 0.1 5.42907 2.31721 0.762535 -0.012257 0.0428813 -0.00296566 -0.043652 -0.0150723 0.162641 1 0 0 0 0 0 0 0
456 1 0.1 5.23051 2.29445 0.762695 -0.00758281 0.00609277 -0.00116172 0.0236745 0.0707372 0.0538491 1 0 0 0 0 0 0 0
457 1 0.1 5.73831 2.2902 0.472363 0.00447625 0.0111697 -0.000208935 0.333431 -0.115782 0.0104652 1 0 0 0 0 0 0 0
458 1 0.1 5.32684 2.5313 0.762878 0.00404527 0.0051092 -0.000104038 0.01748 0.0126372 -0.100335 1 0 0 0 0 0 0 0
459 1 0.1 5.49955 2.63055 0.760966 0.0153647 -0.00645818 -0.00175691 0.028126 0.0191522 -0.068272 1 0 0 0 0 0 0 0
460 1 0.1 5.20894 2.61097 0.545867 0.00973806 0.00578708 0.00852213 0.0249061 -0.147695 0.0372257 1 0 0 0 0 0 0 0
461 1 0.1 5.00855 2.76995 0.76308 -0.00304623 0.00268558 0.00169245 0.0264367 0.0209505 0.0799139 1 0 0 0 0 0 0 0
462 1 0.1 4.86229 2.96727 0.763502 -0.00550772 0.00147889 -0.00573314 0.0389512 -0.00653959 -0.118345 1 0 0 0 0 0 0 0
463 1 0.1 5.27722 3.12036 0.577551 0.00191837 0.00537019 0.00320137 -0.0359844 0.0315533 0.0546189 1 0 0 0 0 0 0 0
464 1 0.1 5.06731 3.144 0.592871 0.00275251 0.00947928 0.00536574 -0.085953 -0.14712 0.100896 1 0 0 0 0 0 0 0
465 1 0.1 5.16774 3.43693 0.547924 -0.0228145 -0.000870204 -0.0216505 -0.147624 0.174112 0.0679838 1 0 0 0 0 0 0 0
466 1 0.1 5.3003 3.6841 0.762551 -0.0425681 0.0519558 0.000348474 -0.0136046 0.0105309 0.0159807 1 0 0 0 0 0 0 0
467 1 0.1 5.46241 3.66616 0.629955 -0.0426723 0.0186284 -0.0250743 0.169681 0.796613 0.587081 1 0 0 0 0 0 0 0
468 1 0.1 5.63896 3.75893 0.724066 -0.000447477 -0.00803949 0.000963926 -0.0889449 0.020158 0.0510112 1 0 0 0 0 0 0 0
469 1 0.1 5.72492 3.93528 0.762784 -0.000352085 -0.00786581 -0.000267886 -0.153279 0.033918 -0.00677879 1 0 0 0 0 0 0 0
470 1 0.1 5.8999 3.85185 0.714127 -0.000871811 -0.00708795 -0.00103729 -0.0239142 0.0499681 0.0408822 1 0 0 0 0 0 0 0
471 1 0.1 5.85043 4.08951 0.742752 -0.0062608 -0.00532607 0.00469691 0.239426 0.00825633 0.0670987 1 0 0 0 0 0 0 0
472 1 0.1 6.03737 4.20894 0.762571 -0.0809979 0.0309721 -0.000211668 -0.0730485 0.0764893 0.356197 1 0 0 0 0 0 0 0
473 1 0.1 5.95574 4.93444 0.750361 -0.00406691 -0.00213722 0.000454476 -0.00533965 0.00439805 -0.037105 1 0 0 0 0 0 0 0
474 1 0.1 6.12351 4.86992 0.663031 -0.00218257 0.00560986 -0.00137346 0.0363535 0.00836446 0.112799 1 0 0 0 0 0 0 0
475 1 0.1 6.10978 1.35851 0.762354 0.00203783 0.0481636 -0.00948598 -0.0950249 0.0108955 0.396123 1 0 0 0 0 0 0 0
476 1 0.1 6.01685 1.44452 0.59869 -0.0047794 -0.0478545 0.0205844 0.303563 0.0462079 0.42325 1 0 0 0 0 0 0 0
477 1 0.1 6.05217 2.08381 0.762608 -0.0794985 0.0632083 0.00836805 0.456535 0.51254 0.175684 1 0 0 0 0 0 0 0
478 1 0.1 5.86919 2.19268 0.755078 -0.0758397 0.155675 -0.0388065 0.223178 0.715796 1.37322 1 0 0 0 0 0 0 0
479 1 0.1 5.83301 2.38921 0.762636 -0.116187 0.145462 0.00420454 -0.00280412 0.00338043 0.00656011 1 0 0 0 0 0 0 0
480 1 0.1 5.96102 3.14854 0.762542 -0.0134452 -0.00691173 -0.000962625 -0.0797156 0.141026 -0.447533 1 0 0 0 0 0 0 0
481 1 0.1 5.88443 2.80127 0.762571 -0.0584228 -0.07996 -0.00525597 -0.53665 0.700583 -1.05983 1 0 0 0 0 0 0 0
482 1 0.1 5.6407 2.48476 0.762847 0.0176894 0.00670709 -0.00559339 0.0626073 -0.142122 0.0586268 1 0 0 0 0 0 0 0
483 1 0.1 5.69119 2.4629 0.571027 0.0192971 0.0251498 -0.0112873 0.0347909 0.223713 0.233379 1 0 0 0 0 0 0 0
484 1 0.1 5.56467 2.81889 0.76275 -0.00911457 0.00579855 -0.000277097 0.0521301 0.115125 0.348349 1 0 0 0 0 0 0 0
485 1 0.1 5.37065 2.96567 0.761612 -0.209523 0.407448 -0.00795448 -0.0860805 0.117015 4.38695 1 0 0 0 0 0 0 0
486 1 0.1 5.18312 2.6702 0.762822 0.0143866 0.0153226 0.00459354 0.0333418 0.0288722 -0.0100995 1 0 0 0 0 0 0 0
487 1 0.1 5.11824 3.05359 0.763152 0.000232331 0.009936 0.00458901 0.108201 0.0238929 -0.037569 1 0 0 0 0 0 0 0
488 1 0.1 5.26073 3.19362 0.762635 0.000444939 0.00789388 0.00123755 0.0400399 0.0244497 0.00888405 1 0 0 0 0 0 0 0
489 1 0.1 5.32317 3.32327 0.599695 -0.0343187 0.00545782 0.00835089 -0.190379 -0.292453 -0.132539 1 0 0 0 0 0 0 0
490 1 0.1 5.43759 3.31127 0.762895 -0.0326249 0.0201325 0.0010393 0.221629 0.338559 0.395187 1 0 0 0 0 0 0 0
491 1 0.1 5.15645 3.49315 0.762521 -0.000143844 0.00133975 0.00164941 0.0135879 -0.000393894 -0.0646981 1 0 0 0 0 0 0 0
492 1 0.1 5.39018 3.50554 0.762497 -0.181243 -0.0167863 -0.000332532 -0.138916 0.266173 -0.829883 1 0 0 0 0 0 0 0
493 1 0.1 5.77244 3.08223 0.762515 -0.0145396 0.00447 0.00136589 0.087766 -0.11228 0.327676 1 0 0 0 0 0 0 0
494 1 0.1 5.58118 3.56475 0.762411 -0.19761 0.0342727 -0.00306684 -0.0202207 -0.312746 0.838495 1 0 0 0 0 0 0 0
495 1 0.1 5.81676 3.67696 0.762779 0.000804666 -0.00454751 0.00123073 0.0177242 0.004264 -0.033787 1 0 0 0 0 0 0 0
496 1 0.1 5.8297 3.47762 0.762668 -0.00173242 -0.00238485 0.000564296 -0.0144302 0.0272838 0.0181063 1 0 0 0 0 0 0 0
497 1 0.1 6.03302 4.08799 0.603497 -0.0215569 0.0156926 0.00969076 -0.0971616 -0.267068 0.376537 1 0 0 0 0 0 0 0
498 1 0.1 6.1352 4.52135 0.762117 -0.0205661 0.0125032 -0.00799749 0.0227334 0.00497323 0.387652 1 0 0 0 0 0 0 0
499 1 0.1 6.1954 4.71203 0.762505 -0.000855035 0.00643701 -0.000244467 0.0300784 -0.00462054 0.0571382 1 0 0 0 0 0 0 0
