500
0 1 0.1 6.06608 0.954212 0.150199 -0.000320873 -0.000149087 2.04607e-05 0.00211237 0.00222422 0.00188622 1 0 0 0 0 0 0 0
1 1 0.1 5.9248 1.09545 0.150002 -0.000285388 0.000910695 0.000895266 0.00220541 -0.00389065 -0.00210004 1 0 0 0 0 0 0 0
2 1 0.1 5.78533 1.23799 0.139947 0.000591009 0.00144619 0.00105752 0.00575991 -0.0025595 -0.0057534 1 0 0 0 0 0 0 0
3 1 0.1 5.64499 1.37979 0.145426 0.00160083 0.00461325 0.000549197 0.0482884 -0.0641614 -0.0117054 1 0 0 0 0 0 0 0
4 1 0.1 5.50172 1.51822 0.154064 -0.000939045 0.00322486 0.00334176 0.0563708 0.0060152 0.0310586 1 0 0 0 0 0 0 0
5 1 0.1 5.29871 1.71605 0.150032 0.000760832 -0.00148145 -0.000135909 0.00442579 0.00225957 -0.0128104 1 0 0 0 0 0 0 0
6 1 0.1 5.15856 1.85833 0.140296 0.00315743 0.000936231 -0.00103262 0.105625 -0.0552238 0.0572831 1 0 0 0 0 0 0 0
7 1 0.1 5.0143 2.00466 0.143093 -0.0162705 0.0231738 0.00941752 -0.017988 -0.123812 0.272093 1 0 0 0 0 0 0 0
8 1 0.1 4.87828 2.14487 0.185885 -0.0176486 0.0223192 0.000873411 0.00729632 -0.00295286 0.281686 1 0 0 0 0 0 0 0
9 1 0.1 4.72746 2.29072 0.149975 -0.00480003 0.00704497 0.00275104 0.0433452 -0.000203458 0.076731 1 0 0 0 0 0 0 0
10 1 0.1 4.43386 2.59008 0.145379 0.00707719 0.00276588 0.0228941 0.044073 -0.248136 -0.0426351 1 0 0 0 0 0 0 0
11 1 0.1 4.29198 2.73098 0.145897 0.00709412 -0.000902606 -0.00637986 -0.0162724 0.050182 -0.0248485 1 0 0 0 0 0 0 0
12 1 0.1 4.18715 2.90078 0.149903 -0.000181477 -0.00331263 -0.00164785 0.00612308 0.0106143 -0.0279831 1 0 0 0 0 0 0 0
13 1 0.1 4.19017 3.10167 0.16369 -0.000595591 0.00658393 -0.00509081 0.00970603 0.0546822 0.056449 1 0 0 0 0 0 0 0
14 1 0.1 4.29602 3.27122 0.162057 0.0032827 0.00431447 -0.00842479 0.0976392 0.0369989 0.0468173 1 0 0 0 0 0 0 0
15 1 0.1 4.4894 3.46386 0.142192 0.00266456 0.00525951 -0.00177247 0.0127243 0.0164667 0.045888 1 0 0 0 0 0 0 0
16 1 0.1 4.63032 3.60552 0.147032 0.00315735 0.00395016 0.000531304 -0.000907618 -0.00320112 0.0013319 1 0 0 0 0 0 0 0
17 1 0.1 4.78544 3.7621 0.144242 -0.00759725 -0.0112762 0.00804485 -0.195873 -0.00222062 -0.180245 1 0 0 0 0 0 0 0
18 1 0.1 5.03612 4.00643 0.138407 0.00479432 -0.0269179 0.00109151 0.0210821 -0.0314741 0.0286213 1 0 0 0 0 0 0 0
19 1 0.1 5.17127 4.15156 0.148659 -0.00474285 -0.00680173 0.00205572 -0.0401459 -0.00509714 0.152641 1 0 0 0 0 0 0 0
20 1 0.1 5.31235 4.29264 0.148483 -0.0027787 -0.00155637 0.00292735 -0.0371787 -0.032417 -0.0631373 1 0 0 0 0 0 0 0
21 1 0.1 5.45344 4.43413 0.149982 0.00281141 0.00095144 0.00204163 -0.00172849 0.0179029 0.0570682 1 0 0 0 0 0 0 0
22 1 0.1 5.73809 4.44061 0.275998 -0.0216238 -0.0209629 0.00335796 -0.0569892 0.102614 -0.106974 1 0 0 0 0 0 0 0
23 1 0.1 5.64244 4.61758 0.137484 -0.00865248 -0.0113553 0.000301751 0.0249053 -0.0221224 -0.138325 1 0 0 0 0 0 0 0
24 1 0.1 5.83787 4.81435 0.149585 -0.000827142 -0.00109868 0.00107527 0.00915191 -0.0285787 -0.00376421 1 0 0 0 0 0 0 0
25 1 0.1 6.34873 0.671668 0.15003 0.000321914 -0.000383832 -0.000270429 -4.73061e-05 0.00307106 -0.00351006 1 0 0 0 0 0 0 0
26 1 0.1 6.09255 1.2033 0.137466 -0.0021935 0.00711711 0.000987814 -0.0852889 -0.0481796 0.0660947 1 0 0 0 0 0 0 0
27 1 0.1 5.95264 1.34726 0.138042 -0.00515807 0.0137812 0.00411284 0.1704 0.0851667 0.142347 1 0 0 0 0 0 0 0
28 1 0.1 5.8033 1.49167 0.194403 -0.00184567 0.00952077 0.00768308 0.0596989 0.0578449 0.051179 1 0 0 0 0 0 0 0
29 1 0.1 5.66752 1.62545 0.136597 -0.00462776 0.00449166 -0.000206886 -0.0600582 0.0767514 -0.0119423 1 0 0 0 0 0 0 0
30 1 0.1 5.47982 1.76837 0.233962 -0.00333099 0.0191655 0.00825729 0.170276 0.0314146 0.100627 1 0 0 0 0 0 0 0
31 1 0.1 5.35154 1.90966 0.13748 0.000760716 0.0105203 0.000951183 0.0154016 0.0266711 0.0933738 1 0 0 0 0 0 0 0
32 1 0.1 5.2093 2.04998 0.136496 0.00657065 0.0183972 0.00198445 0.0916737 -0.0521988 0.165164 1 0 0 0 0 0 0 0
33 1 0.1 5.06741 2.20105 0.136928 -0.0151375 -0.00880827 -0.000907724 0.0950944 -0.128551 0.00119257 1 0 0 0 0 0 0 0
34 1 0.1 4.91987 2.34011 0.185142 -0.078861 0.0309116 -0.00987176 -0.0960372 0.0370664 0.350358 1 0 0 0 0 0 0 0
35 1 0.1 4.59019 2.43287 0.180557 0.000391667 0.00728494 0.0288703 0.00412534 0.208083 -0.0678797 1 0 0 0 0 0 0 0
36 1 0.1 4.56002 2.75506 0.13695 -0.0182757 0.0116304 0.00578764 -0.0152788 -0.462905 0.237875 1 0 0 0 0 0 0 0
37 1 0.1 4.40621 2.89346 0.13665 0.0131505 -0.000579199 -0.00800561 0.0915251 0.0467651 0.0366146 1 0 0 0 0 0 0 0
38 1 0.1 4.38728 3.09599 0.135577 0.00246048 0.00667266 -0.0114855 -0.0624683 -0.00804576 -0.021103 1 0 0 0 0 0 0 0
39 1 0.1 4.49423 3.26467 0.138299 0.00169512 0.0064853 -0.00798994 0.0392135 -0.0387744 -0.063843 1 0 0 0 0 0 0 0
40 1 0.1 4.66505 3.36958 0.136847 0.00730127 0.023731 0.0101338 -0.305233 0.0130823 0.0566209 1 0 0 0 0 0 0 0
41 1 0.1 4.8418 3.57249 0.136293 -0.0137805 -0.0136356 0.00160936 0.262217 0.0701187 0.115214 1 0 0 0 0 0 0 0
42 1 0.1 4.97611 3.81719 0.137366 0.0031555 -0.0325551 0.000595432 -0.0160882 0.0200185 -0.00185412 1 0 0 0 0 0 0 0
43 1 0.1 5.34951 3.92373 0.31713 -0.0262866 -0.0030706 -0.00297922 0.258652 0.0751277 0.0299434 1 0 0 0 0 0 0 0
44 1 0.1 5.34167 4.11252 0.246071 -0.0221189 0.0879069 0.0347306 -0.649253 -0.0379639 -0.665617 1 0 0 0 0 0 0 0
45 1 0.1 5.48707 4.19605 0.137432 0.00724896 0.00645497 0.00225534 -0.0373733 0.0410683 0.0252095 1 0 0 0 0 0 0 0
46 1 0.1 5.85921 4.28914 0.162363 0.00335231 -0.0047061 0.00304337 0.317736 0.122322 -0.0991666 1 0 0 0 0 0 0 0
47 1 0.1 5.93444 4.4559 0.242089 -0.022358 0.00359785 0.00850924 -0.286913 -0.214642 0.369528 1 0 0 0 0 0 0 0
48 1 0.1 5.88445 4.62034 0.140281 -0.0435632 -0.0120009 -0.00885794 -0.064056 0.699456 -0.411229 1 0 0 0 0 0 0 0
49 1 0.1 6.12072 5.09659 0.148904 -0.000827884 -0.000379332 0.00169705 0.0183209 -0.0421677 0.00599145 1 0 0 0 0 0 0 0
50 1 0.1 6.49014 0.53031 0.149985 6.89849e-05 -0.000230379 -0.000129504 -0.000625962 0.000114138 -0.000761113 1 0 0 0 0 0 0 0
51 1 0.1 6.23396 1.06193 0.137475 -0.00419817 0.00162359 0.000664623 -0.00848299 -0.0216036 0.042598 1 0 0 0 0 0 0 0
52 1 0.1 5.98733 1.54422 0.137308 -0.00325408 0.0126932 0.00179186 -0.13749 -0.0235874 -0.0086943 1 0 0 0 0 0 0 0
53 1 0.1 5.85387 1.69749 0.137935 -0.00789727 0.0130283 0.00586137 -0.0355269 0.02086 0.0373953 1 0 0 0 0 0 0 0
54 1 0.1 5.82159 1.89479 0.137275 -0.0111708 0.0124637 -8.89766e-05 -0.0261331 -0.023134 0.00262347 1 0 0 0 0 0 0 0
55 1 0.1 5.67986 1.79665 0.237705 -0.0111686 0.00940092 0.000438453 0.0350566 -0.107903 0.0512878 1 0 0 0 0 0 0 0
56 1 0.1 5.55051 1.92712 0.137053 -0.00295024 0.015635 -0.000348051 -0.229969 -0.0363368 -0.0797459 1 0 0 0 0 0 0 0
57 1 0.1 5.37375 2.16279 0.137456 0.00127725 0.00218226 0.00025354 -0.0897333 0.0188562 -0.228932 1 0 0 0 0 0 0 0
58 1 0.1 5.23781 2.3093 0.13861 -0.0133717 -0.0169699 -0.00323083 0.141513 -0.115256 0.449985 1 0 0 0 0 0 0 0
59 1 0.1 5.08625 2.43947 0.137207 -0.0331089 -0.0439062 0.00167371 0.411631 -0.298644 -0.110792 1 0 0 0 0 0 0 0
60 1 0.1 4.88042 2.55413 0.137465 -0.103105 0.0897304 -0.00114268 -0.295254 -0.00695423 0.308568 1 0 0 0 0 0 0 0
61 1 0.1 4.68478 2.59662 0.134792 -0.00833395 0.000402186 -0.00187561 0.0723431 -0.0793508 0.0716477 1 0 0 0 0 0 0 0
62 1 0.1 4.65321 2.92923 0.136583 -0.0119169 0.0111021 0.006019 -0.241939 -0.0754201 -0.328209 1 0 0 0 0 0 0 0
63 1 0.1 4.63974 3.12825 0.139836 0.00655041 0.0120602 -0.0131439 0.0606668 0.0249491 0.138861 1 0 0 0 0 0 0 0
64 1 0.1 4.82365 3.29918 0.235592 -0.0144893 -0.0319034 0.0169299 0.0613585 0.2561 0.0433122 1 0 0 0 0 0 0 0
65 1 0.1 4.95786 3.40978 0.13738 -0.036728 -0.027821 -0.00499392 0.0525692 0.181737 -0.0353098 1 0 0 0 0 0 0 0
66 1 0.1 5.03439 3.62595 0.140749 -0.0125706 -0.0451581 0.0154961 -0.0542634 -0.126471 -0.364433 1 0 0 0 0 0 0 0
67 1 0.1 5.17101 3.77363 0.13747 0.00875916 0.0261185 0.0024856 -0.237291 0.0193543 0.534197 1 0 0 0 0 0 0 0
68 1 0.1 5.4316 3.90809 0.136841 -0.0179713 0.0107472 -0.00104289 -0.126621 -0.146639 -0.0260125 1 0 0 0 0 0 0 0
69 1 0.1 5.51777 4.02403 0.279094 -0.0371671 0.0194639 0.0228017 0.652083 0.363703 -0.109705 1 0 0 0 0 0 0 0
70 1 0.1 5.7024 4.16859 0.136113 0.00915538 -0.00994663 -0.00278098 0.0561258 0.0993598 0.240256 1 0 0 0 0 0 0 0
71 1 0.1 5.90385 4.1023 0.217702 -0.00697187 -0.0124786 -0.0126563 -0.219985 0.146643 -0.0981536 1 0 0 0 0 0 0 0
72 1 0.1 6.05666 4.26981 0.137416 0.0015713 0.000301603 0.000848397 -0.00302661 0.0102542 0.00574482 1 0 0 0 0 0 0 0
73 1 0.1 6.02996 4.76093 0.137226 -0.00114493 -0.00141995 -6.32074e-07 0.0152702 -0.00683732 0.0499948 1 0 0 0 0 0 0 0
74 1 0.1 6.28082 5.26158 0.149992 -0.000231626 -0.000324508 5.83686e-05 -0.000306052 -0.00052764 -0.00298864 1 0 0 0 0 0 0 0
75 1 0.1 6.53158 0.751526 0.137484 0.000630759 -0.0016239 -0.000508505 0.012093 0.00304283 -0.0033205 1 0 0 0 0 0 0 0
76 1 0.1 6.20785 0.813426 0.147475 0.000468476 -2.28114e-05 -0.00025509 -0.000564943 0.00125234 -0.000996579 1 0 0 0 0 0 0 0
77 1 0.1 6.05011 1.73554 0.137499 -0.0115404 0.0291442 7.13953e-05 0.00161291 0.0303467 0.125782 1 0 0 0 0 0 0 0
78 1 0.1 5.92477 2.08787 0.263962 -0.0836281 0.0106744 0.0660223 0.0178494 -0.472991 -0.0838811 1 0 0 0 0 0 0 0
79 1 0.1 5.8326 2.26167 0.21395 0.0443904 0.0127146 -0.0518515 -0.0937361 0.776713 -0.379851 1 0 0 0 0 0 0 0
80 1 0.1 5.76999 2.08793 0.137398 -0.0323502 0.0120964 0.00312386 -0.133511 -0.340765 -0.0314565 1 0 0 0 0 0 0 0
81 1 0.1 5.5707 2.12857 0.137761 -0.00569826 -0.0326801 0.00123902 0.0646758 -0.0251099 -0.1202 1 0 0 0 0 0 0 0
82 1 0.1 5.48167 2.33066 0.137897 0.027295 -0.0178033 -0.0151902 -0.107469 -0.0332698 -0.110125 1 0 0 0 0 0 0 0
83 1 0.1 5.46346 2.50949 0.224718 0.10438 -0.00676856 -0.0251991 -0.0282761 0.373665 -0.567783 1 0 0 0 0 0 0 0
84 1 0.1 5.27228 2.51055 0.154293 -0.0331706 -0.0615984 0.0417228 -0.264526 -0.0721934 -0.0466116 1 0 0 0 0 0 0 0
85 1 0.1 5.10606 2.63837 0.137459 -0.222726 -0.0236777 -0.00354952 -0.0711134 -0.0763436 -0.435767 1 0 0 0 0 0 0 0
86 1 0.1 4.81758 2.74549 0.137068 0.0233889 -0.0312058 0.00166143 0.317508 0.272513 0.00696382 1 0 0 0 0 0 0 0
87 1 0.1 4.8515 2.94131 0.158776 -0.0115378 -0.0224019 0.00200872 -0.205792 0.0887234 0.0848372 1 0 0 0 0 0 0 0
88 1 0.1 4.88672 3.13692 0.137355 -0.0177646 -0.0202862 -0.00167318 0.164492 -0.148596 -0.0236866 1 0 0 0 0 0 0 0
89 1 0.1 5.06664 3.24115 0.137256 -0.00439631 -0.026883 0.00276013 0.272801 -0.059301 -0.0142387 1 0 0 0 0 0 0 0
90 1 0.1 5.15724 3.42054 0.137405 -0.0415827 -0.0223549 0.0021674 0.12044 -0.30331 0.124595 1 0 0 0 0 0 0 0
91 1 0.1 5.25422 3.59353 0.161197 -0.0856139 -0.00884435 0.0268246 -0.0315798 0.0466038 0.294351 1 0 0 0 0 0 0 0
92 1 0.1 5.4197 3.70453 0.146674 -0.12035 0.0255477 -0.00207225 -0.155192 0.167742 0.169684 1 0 0 0 0 0 0 0
93 1 0.1 5.60401 3.78133 0.137509 -0.122558 0.0173751 -0.00372515 0.0260737 -0.206483 -0.21992 1 0 0 0 0 0 0 0
94 1 0.1 5.66177 3.97276 0.137528 -0.117122 0.014141 0.00161827 -0.0563375 -0.0422321 0.048804 1 0 0 0 0 0 0 0
95 1 0.1 5.85678 3.92565 0.137285 -0.0164774 -0.0126678 0.000685843 0.110502 -0.113654 -0.000920451 1 0 0 0 0 0 0 0
96 1 0.1 5.88111 3.69074 0.331207 -0.105729 0.314499 0.0824876 -0.378335 -1.06044 3.40471 1 0 0 0 0 0 0 0
97 1 0.1 5.98081 3.88557 0.288908 -0.311278 -0.541363 0.101278 0.699516 -0.834225 -7.15001 1 0 0 0 0 0 0 0
98 1 0.1 5.98036 4.9544 0.156734 -0.000570967 -0.000848353 0.000894345 -0.0292539 0.0129025 -0.000931225 1 0 0 0 0 0 0 0
99 1 0.1 6.33897 5.07074 0.137401 -0.00122543 -0.000715015 -5.88109e-05 0.00538313 -0.0112612 -0.00664079 1 0 0 0 0 0 0 0
100 1 0.1 6.39182 1.15019 0.222681 -0.00968428 0.0150839 -0.00411189 0.0311532 0.0942873 0.14756 1 0 0 0 0 0 0 0
101 1 0.1 6.11792 1.42008 0.223786 -0.000635498 0.0142266 0.000720362 0.0896886 0.0995385 0.0107505 1 0 0 0 0 0 0 0
102 1 0.1 6.14217 1.6837 0.583174 -0.0197576 0.0317231 0.0109923 0.00144017 -0.109879 0.130929 1 0 0 0 0 0 0 0
103 1 0.1 5.99777 1.90431 0.231175 -0.0192458 0.0195515 0.0134735 -0.0561117 -0.136785 0.039347 1 0 0 0 0 0 0 0
104 1 0.1 5.73468 2.66513 0.310128 0.0495791 0.0233675 -0.0829973 0.358834 -0.0993429 0.254976 1 0 0 0 0 0 0 0
105 1 0.1 5.67868 2.36373 0.137437 0.0198819 0.00910218 -0.00166264 0.0331652 -0.103103 0.383176 1 0 0 0 0 0 0 0
106 1 0.1 5.68339 2.56365 0.138607 -0.044588 0.00987333 0.0126629 0.00719151 -0.179823 -0.518272 1 0 0 0 0 0 0 0
107 1 0.1 5.52061 2.67972 0.137336 -0.0155051 0.0486871 -0.00288755 -0.0167884 -0.0068154 0.0266306 1 0 0 0 0 0 0 0
108 1 0.1 5.53655 2.66936 0.336274 0.0574952 -0.0175418 -0.0201668 0.685002 0.716305 0.00819336 1 0 0 0 0 0 0 0
109 1 0.1 5.43652 2.86573 0.153903 -0.423574 0.0186617 0.0461084 0.609649 -0.348595 -2.30704 1 0 0 0 0 0 0 0
110 1 0.1 5.31977 2.704 0.137527 -0.0557494 -0.0570511 0.0125266 -0.204899 -0.627058 0.32873 1 0 0 0 0 0 0 0
111 1 0.1 5.00618 2.81144 0.137511 -0.0277354 0.116372 -0.0134485 0.16307 0.0198754 0.0891259 1 0 0 0 0 0 0 0
112 1 0.1 5.04502 3.01241 0.231447 0.0498172 -0.0770031 0.0254846 -0.225002 0.0351526 -0.0578529 1 0 0 0 0 0 0 0
113 1 0.1 5.20688 3.0803 0.13708 0.030873 -0.0521107 0.0024417 0.524637 0.339455 0.200643 1 0 0 0 0 0 0 0
114 1 0.1 5.29624 3.244 0.2082 -0.014027 -0.0261603 0.00190453 -0.389918 0.0443846 0.460744 1 0 0 0 0 0 0 0
115 1 0.1 5.35034 3.43434 0.234928 -0.0535322 -0.0110186 -0.0106585 0.232406 -0.170617 -0.00778934 1 0 0 0 0 0 0 0
116 1 0.1 5.50108 3.51886 0.136728 -0.0383424 -0.00744818 -0.0005079 -0.0873435 0.0336138 -0.0507 1 0 0 0 0 0 0 0
117 1 0.1 5.6867 3.59309 0.137499 -0.0548996 0.0326249 3.68996e-05 -0.0320731 -0.0581801 0.440665 1 0 0 0 0 0 0 0
118 1 0.1 5.65807 3.38045 0.137486 -0.0453589 0.0585714 0.000208305 -0.381445 -0.066513 0.333786 1 0 0 0 0 0 0 0
119 1 0.1 5.47136 3.30899 0.137362 -0.0284641 0.0125407 -0.0058054 0.0118185 -0.132678 0.149341 1 0 0 0 0 0 0 0
120 1 0.1 5.8393 3.72237 0.137336 -0.0185153 -0.0120319 -0.00284764 0.102336 -0.189164 -0.00563265 1 0 0 0 0 0 0 0
121 1 0.1 5.80812 3.51929 0.418447 -0.0298475 -0.013911 -0.0171926 -0.00951211 0.245071 -0.0346043 1 0 0 0 0 0 0 0
122 1 0.1 6.10168 4.48809 0.137462 -0.0246267 -0.00773366 0.000362852 -0.290398 0.247343 -0.181221 1 0 0 0 0 0 0 0
123 1 0.1 6.13086 4.63563 0.2691 -0.00353545 0.000625442 -0.0119895 0.127324 -0.165874 -0.0275672 1 0 0 0 0 0 0 0
124 1 0.1 6.22823 4.77487 0.158531 -0.0021177 0.0266782 -0.00996107 0.135899 0.117238 0.249382 1 0 0 0 0 0 0 0
125 1 0.1 6.08573 0.932636 0.351644 0.00363937 -0.00340919 -0.000150594 -0.00554454 -0.0120543 -0.0257752 1 0 0 0 0 0 0 0
126 1 0.1 5.94451 1.07381 0.350325 0.00773151 -0.00397359 0.00217171 -0.00788669 0.0725852 0.00208253 1 0 0 0 0 0 0 0
127 1 0.1 5.80501 1.21604 0.339579 0.00572767 -0.00790888 0.00684938 0.0174376 -0.0157072 0.0280689 1 0 0 0 0 0 0 0
128 1 0.1 5.65109 1.36448 0.350044 -0.00030217 0.000172296 0.000328076 0.0275336 0.0138473 0.00520821 1 0 0 0 0 0 0 0
129 1 0.1 5.51024 1.50634 0.353216 -0.00125023 0.00131571 0.00225205 -0.0418856 0.0261717 -0.0131285 1 0 0 0 0 0 0 0
130 1 0.1 5.22729 1.78786 0.350102 0.000615776 -0.000844657 0.00852092 0.108424 0.0794991 -0.0426298 1 0 0 0 0 0 0 0
131 1 0.1 5.09327 1.93093 0.312735 -0.00399498 -0.00820309 0.00892461 -0.0214157 0.0236299 0.0600765 1 0 0 0 0 0 0 0
132 1 0.1 4.91429 2.1182 0.398592 -0.00718611 0.0144323 0.156779 1.42676 -0.778285 0.117914 1 0 0 0 0 0 0 0
133 1 0.1 4.76951 2.25528 0.346571 -0.0151046 -0.0106558 0.00573389 0.0270323 -0.0746457 -0.0016876 1 0 0 0 0 0 0 0
134 1 0.1 4.62949 2.39596 0.370339 0.00381095 -0.00511075 0.0315492 0.323482 0.0332274 -0.124656 1 0 0 0 0 0 0 0
135 1 0.1 4.38203 2.63695 0.335936 -0.00857271 0.0122528 -0.0142805 -0.0958959 -0.061151 -0.0351995 1 0 0 0 0 0 0 0
136 1 0.1 4.213 2.81436 0.362058 0.00100877 -0.0126465 -0.0152604 -0.111991 0.0683371 -0.0545402 1 0 0 0 0 0 0 0
137 1 0.1 4.19384 3.01262 0.376186 0.00311626 -0.0166669 -0.0339043 -0.0882009 0.0921001 -0.0257074 1 0 0 0 0 0 0 0
138 1 0.1 4.22847 3.20551 0.339269 -0.00355861 -0.0118702 -0.0131876 0.117717 0.0674042 -0.0931342 1 0 0 0 0 0 0 0
139 1 0.1 4.37115 3.3455 0.333117 -0.00704687 -0.00920011 0.00360577 0.0217376 -0.0626689 -0.107707 1 0 0 0 0 0 0 0
140 1 0.1 4.54294 3.5176 0.336905 -0.416767 -0.29415 0.092898 -0.13877 -0.865695 -3.0752 1 0 0 0 0 0 0 0
141 1 0.1 4.68352 3.66187 0.349433 -0.36696 -0.263279 -0.0215495 0.110306 0.349432 -2.66407 1 0 0 0 0 0 0 0
142 1 0.1 4.86368 3.83362 0.313227 -0.00605973 -0.00605957 0.00120326 -6.21417e-05 -0.105876 -0.10874 1 0 0 0 0 0 0 0
143 1 0.1 5.03467 4.01172 0.338268 0.00440362 0.00427189 0.000487338 0.10116 -0.0568765 -0.245137 1 0 0 0 0 0 0 0
144 1 0.1 5.17549 4.15237 0.349224 -0.0436133 0.0572265 0.0345708 0.61171 -0.00133782 1.05234 1 0 0 0 0 0 0 0
145 1 0.1 5.31518 4.29498 0.350378 0.00260547 0.0075675 0.00126266 -0.00371226 -0.00149895 -0.00996318 1 0 0 0 0 0 0 0
146 1 0.1 5.45654 4.4363 0.349945 0.00290586 0.00306666 0.000526988 -0.00189159 -0.000905459 0.000177043 1 0 0 0 0 0 0 0
147 1 0.1 5.61297 4.58521 0.332592 -0.00659263 -0.0059024 0.00214973 -0.0332938 -0.00625154 -0.0869841 1 0 0 0 0 0 0 0
148 1 0.1 5.75165 4.72839 0.348816 -0.00422424 -0.00977579 -0.0105595 0.105967 0.0590285 -0.0942506 1 0 0 0 0 0 0 0
149 1 0.1 6.03513 5.01203 0.34964 -0.00163737 -0.00158402 0.000227896 0.000676374 0.00334359 0.00511458 1 0 0 0 0 0 0 0
150 1 0.1 6.22686 0.79103 0.34999 0.00291715 -0.00207596 0.000777905 0.00104481 -0.00997255 -0.0325342 1 0 0 0 0 0 0 0
151 1 0.1 5.9961 1.26968 0.317616 0.00381256 -0.0101935 -0.00898533 0.0313931 0.179495 0.0470375 1 0 0 0 0 0 0 0
152 1 0.1 5.85845 1.4063 0.365511 0.00586083 -0.00717835 -0.00132155 -0.0743391 -0.0106999 -0.0497137 1 0 0 0 0 0 0 0
153 1 0.1 5.69303 1.58465 0.332398 -0.00129332 0.00202494 0.0134573 -0.080147 -0.086736 0.0876142 1 0 0 0 0 0 0 0
154 1 0.1 5.55891 1.71204 0.407406 -0.00112548 0.0080248 0.00143356 -0.0379154 0.0168382 -0.121673 1 0 0 0 0 0 0 0
155 1 0.1 5.36873 1.64725 0.346768 -6.16587e-05 0.000838723 -0.00346591 -0.0343961 0.013291 0.0307126 1 0 0 0 0 0 0 0
156 1 0.1 5.26319 1.98794 0.401187 -0.0399585 0.0232597 0.0503714 -0.0917252 -0.344993 0.184062 1 0 0 0 0 0 0 0
157 1 0.1 5.13889 2.1253 0.306365 -0.0281075 -0.000373544 0.00491489 -0.0532734 -0.117911 0.227029 1 0 0 0 0 0 0 0
158 1 0.1 4.95194 2.31435 0.402971 -0.0928482 0.0389028 0.128511 -1.95226 -0.541769 0.775034 1 0 0 0 0 0 0 0
159 1 0.1 4.8037 2.45935 0.295873 -0.029497 0.0581764 0.0132779 0.247956 0.369808 0.623628 1 0 0 0 0 0 0 0
160 1 0.1 4.57672 2.57689 0.312075 0.0130761 -0.000320512 0.042551 0.101347 0.0623045 0.255342 1 0 0 0 0 0 0 0
161 1 0.1 4.41891 2.83298 0.325005 0.071905 -0.00711583 -0.0286438 0.043577 0.244675 0.0269355 1 0 0 0 0 0 0 0
162 1 0.1 4.3764 3.07305 0.330147 0.00604001 -0.00142307 -0.0324154 0.148564 -0.0352342 0.215456 1 0 0 0 0 0 0 0
163 1 0.1 4.55477 3.15742 0.340437 -0.00531491 0.030615 0.000495953 0.0237871 -0.254535 0.124775 1 0 0 0 0 0 0 0
164 1 0.1 4.63347 3.33893 0.330545 -0.0685281 0.0599368 0.0229821 -0.241671 -0.840593 0.588567 1 0 0 0 0 0 0 0
165 1 0.1 4.76227 3.48581 0.296757 -0.048992 0.0198363 0.014555 -0.658339 -0.21702 -0.522747 1 0 0 0 0 0 0 0
166 1 0.1 4.91891 3.60641 0.316624 -0.00115899 -0.0297268 0.00273268 0.132483 -0.0608978 -0.224996 1 0 0 0 0 0 0 0
167 1 0.1 5.06888 3.81603 0.31424 -0.00405923 -0.00860484 0.00595399 -0.115727 -0.122964 0.268729 1 0 0 0 0 0 0 0
168 1 0.1 5.19217 3.94288 0.436809 -0.0143368 -0.0220575 0.00297247 0.0487519 -0.0163438 -0.0281998 1 0 0 0 0 0 0 0
169 1 0.1 5.34169 4.06898 0.475097 -0.0205894 -0.0179856 0.0130546 0.360894 0.303207 0.0814117 1 0 0 0 0 0 0 0
170 1 0.1 5.47927 4.18717 0.387956 -0.0206491 0.00526885 0.0557988 -0.256847 -0.462674 -0.163717 1 0 0 0 0 0 0 0
171 1 0.1 5.63383 4.27114 0.291126 -0.000102495 -0.0336867 0.0075292 0.0537466 0.117376 0.263974 1 0 0 0 0 0 0 0
172 1 0.1 5.85145 4.35913 0.419071 -0.0128687 -0.0125423 -0.00236093 -0.0863362 0.105758 0.161891 1 0 0 0 0 0 0 0
173 1 0.1 5.84347 4.55791 0.398638 0.00193813 -0.0122441 -0.0168478 -0.0945321 0.097821 0.138999 1 0 0 0 0 0 0 0
174 1 0.1 6.17644 5.15346 0.349912 -0.00207193 -0.00176957 0.000348011 0.00640224 -0.000781853 -0.00439895 1 0 0 0 0 0 0 0
175 1 0.1 6.38413 0.639825 0.344234 -0.000831841 0.000636262 0.000156809 -0.00331964 -0.00515784 0.00523427 1 0 0 0 0 0 0 0
176 1 0.1 6.13466 1.12569 0.316889 0.00860432 -0.00929932 -0.00674551 -0.179841 -0.0709583 -0.00513454 1 0 0 0 0 0 0 0
177 1 0.1 5.97364 1.62216 0.320758 -0.00855997 0.021828 -0.000875139 0.0380475 -0.00320419 0.0982421 1 0 0 0 0 0 0 0
178 1 0.1 5.81735 1.73675 0.369573 -0.0116337 0.0139343 0.00302584 -0.0636467 0.0798088 0.00858928 1 0 0 0 0 0 0 0
179 1 0.1 5.68091 1.92136 0.393016 -0.0305674 0.0168162 0.00221907 -0.0757981 -0.0866953 0.00271346 1 0 0 0 0 0 0 0
180 1 0.1 5.40966 1.85015 0.402489 -0.0058749 0.0098406 0.0199128 0.0157635 -0.159935 0.204093 1 0 0 0 0 0 0 0
181 1 0.1 5.41751 2.03135 0.281662 -0.0612614 0.0178426 0.0287468 -0.0672609 -0.524576 0.21502 1 0 0 0 0 0 0 0
182 1 0.1 5.30368 2.23653 0.325816 -0.0573478 0.0510105 -0.014006 -0.274916 0.102551 0.31701 1 0 0 0 0 0 0 0
183 1 0.1 5.12643 2.32669 0.305292 -0.151087 -0.12455 -0.0136697 -0.222176 0.553643 -0.289203 1 0 0 0 0 0 0 0
184 1 0.1 5.00462 2.48491 0.313369 -0.0619714 -0.0509253 -0.00609586 0.116841 -0.273349 -0.82471 1 0 0 0 0 0 0 0
185 1 0.1 4.72624 2.63222 0.430033 0.0328929 0.0128003 0.0263639 0.0803731 0.307005 0.0410923 1 0 0 0 0 0 0 0
186 1 0.1 4.60984 2.76865 0.327584 -0.0435488 0.0101944 0.0229112 -0.193659 0.341575 0.307325 1 0 0 0 0 0 0 0
187 1 0.1 4.69848 2.94674 0.330461 0.0292858 -0.0336162 0.0121079 0.361683 0.334377 -1.18335 1 0 0 0 0 0 0 0
188 1 0.1 4.75222 3.139 0.331372 -0.00844801 -0.0269667 0.0135483 -0.0495968 0.15488 -0.683445 1 0 0 0 0 0 0 0
189 1 0.1 4.94961 3.16079 0.325492 0.00165513 -0.0814341 -0.00113718 0.0707483 -0.0485426 0.168892 1 0 0 0 0 0 0 0
190 1 0.1 4.91265 3.35697 0.404817 0.0115547 0.025709 -0.0134757 0.0868086 0.589031 1.53889 1 0 0 0 0 0 0 0
191 1 0.1 5.11814 3.61967 0.326182 0.00252578 -0.0158084 -0.00195142 -0.0612436 0.0518482 0.293011 1 0 0 0 0 0 0 0
192 1 0.1 5.30802 3.72907 0.326731 -0.0286379 -0.00822469 -0.00357538 -0.0641829 0.0166733 -0.0887994 1 0 0 0 0 0 0 0
193 1 0.1 5.49669 3.79082 0.3479 -0.02925 -0.0178491 -0.00646918 -0.044962 -0.0173485 -0.0301429 1 0 0 0 0 0 0 0
194 1 0.1 5.63078 3.9252 0.409735 -0.0286386 -0.0205546 -0.0124355 -0.0428621 0.00938432 -0.00675389 1 0 0 0 0 0 0 0
195 1 0.1 5.70371 4.08605 0.317108 -0.00670935 -0.0347973 -0.0149336 0.0849192 0.0920947 -0.362669 1 0 0 0 0 0 0 0
196 1 0.1 5.87263 4.15285 0.408382 0.0169216 -0.0243591 -0.0102509 0.34875 0.0526736 -0.0543772 1 0 0 0 0 0 0 0
197 1 0.1 6.01066 4.27549 0.331811 0.00113165 0.000807405 0.00344578 -0.0541433 0.00902077 0.270381 1 0 0 0 0 0 0 0
198 1 0.1 5.89522 4.86953 0.358551 -0.00138032 -0.00183012 0.00251089 -0.0248697 0.00119945 -0.0127935 1 0 0 0 0 0 0 0
199 1 0.1 6.31783 5.29483 0.350002 -0.00239241 -0.00205193 0.000187378 -0.000632372 0.000558095 0.00742096 1 0 0 0 0 0 0 0
200 1 0.1 6.38559 0.851278 0.230824 0.00190408 -0.00480885 0.00194209 0.0698661 -0.0105589 -0.0220018 1 0 0 0 0 0 0 0
201 1 0.1 6.27718 0.986208 0.330839 0.00486682 -0.00991167 0.00818308 0.0768221 -0.042252 -0.0375303 1 0 0 0 0 0 0 0
202 1 0.1 5.88071 1.92525 0.391885 -0.0271284 0.0270522 0.0068426 -0.155832 0.0557763 0.102491 1 0 0 0 0 0 0 0
203 1 0.1 5.6007 2.67114 0.762603 0.0471465 -0.0683728 -0.00251113 -0.692492 -0.491501 1.51898 1 0 0 0 0 0 0 0
204 1 0.1 5.76891 2.29899 0.399711 0.0295176 0.0267669 -0.0571959 -0.0569637 -0.910523 0.473102 1 0 0 0 0 0 0 0
205 1 0.1 5.67083 2.10302 0.310294 -0.0627596 0.0124521 -0.01209 -0.0585659 0.0255798 0.364455 1 0 0 0 0 0 0 0
206 1 0.1 5.50085 2.20524 0.334428 -0.0565628 0.0303325 -0.0167979 -0.0329501 -0.0276556 -0.526929 1 0 0 0 0 0 0 0
207 1 0.1 5.3595 2.42208 0.375518 -0.016891 -0.00650265 -0.0253708 -0.55318 -0.224351 -0.74699 1 0 0 0 0 0 0 0
208 1 0.1 5.32373 2.6114 0.324162 0.0961803 0.0108498 -0.0470969 0.585079 -1.10483 -0.0822678 1 0 0 0 0 0 0 0
209 1 0.1 5.1333 2.66884 0.333156 0.0612345 -0.0766412 -0.042428 1.0218 0.641806 0.957914 1 0 0 0 0 0 0 0
210 1 0.1 4.94662 2.65353 0.40194 0.0750267 -0.00530532 0.01315 0.167399 -0.0126617 -0.984203 1 0 0 0 0 0 0 0
211 1 0.1 4.81493 2.78556 0.332035 0.0418948 -0.0262885 -0.00193193 -0.452985 0.150669 1.29957 1 0 0 0 0 0 0 0
212 1 0.1 4.89196 2.9729 0.352636 0.0417631 -0.0886191 0.0105864 -0.415677 -0.315254 0.674533 1 0 0 0 0 0 0 0
213 1 0.1 5.07318 3.04084 0.426853 0.0378886 -0.0342605 0.014525 -0.377083 0.074245 -0.213309 1 0 0 0 0 0 0 0
214 1 0.1 5.13491 3.22759 0.324238 -0.0117247 -0.0523156 0.00858747 0.0430152 -0.0273742 0.127413 1 0 0 0 0 0 0 0
215 1 0.1 5.17935 3.42039 0.335882 -0.0522987 -0.0303952 -0.00171657 0.00611779 0.241248 0.0461982 1 0 0 0 0 0 0 0
216 1 0.1 5.31747 3.54576 0.404163 -0.046015 -0.0179751 -0.0130442 0.0451072 0.147622 -0.105882 1 0 0 0 0 0 0 0
217 1 0.1 5.4944 3.59292 0.32136 -0.0366926 -0.0133948 -0.00534938 0.123927 -0.0391 -0.000675799 1 0 0 0 0 0 0 0
218 1 0.1 5.68522 3.65086 0.331499 -0.0376852 -0.0161832 -0.00631541 -0.112248 0.0531316 -0.0312048 1 0 0 0 0 0 0 0
219 1 0.1 5.76049 3.78022 0.464407 -0.0417033 -0.040605 -0.0151804 0.107133 -0.0218091 -0.157322 1 0 0 0 0 0 0 0
220 1 0.1 5.74273 3.83299 0.272615 -0.0303739 -0.0215493 -0.0112981 0.0528483 -0.0445887 -0.0459933 1 0 0 0 0 0 0 0
221 1 0.1 5.8302 3.95713 0.402717 -0.0289629 -0.0405014 0.0070333 -0.00994369 -0.362608 0.131186 1 0 0 0 0 0 0 0
222 1 0.1 6.00394 3.973 0.500511 -0.0407392 -0.070096 -0.0532675 0.102509 -0.0251444 -0.0298469 1 0 0 0 0 0 0 0
223 1 0.1 6.10711 4.83037 0.307663 -0.00204947 -0.00172621 0.000323295 0.00764511 0.0180527 -0.0130785 1 0 0 0 0 0 0 0
224 1 0.1 6.24158 4.97628 0.284033 -0.0017174 -0.00142687 -0.000672943 -0.00131237 0.00600295 0.0095268 1 0 0 0 0 0 0 0
225 1 0.1 6.2661 1.29679 0.170735 -0.00473175 0.0163518 -0.0109655 -0.113092 0.0781868 0.0100023 1 0 0 0 0 0 0 0
226 1 0.1 6.18227 1.31026 0.378007 -0.000237737 -0.000171473 -0.00720354 -0.0432644 -0.191501 0.0724552 1 0 0 0 0 0 0 0
227 1 0.1 6.04747 1.45536 0.407546 0.000430543 0.00310848 0.00310039 -0.0309866 -0.0693859 0.132351 1 0 0 0 0 0 0 0
228 1 0.1 5.83159 2.11326 0.439089 -0.138297 -0.0100424 0.0399671 0.118152 -0.650627 -0.592342 1 0 0 0 0 0 0 0
229 1 0.1 5.68267 2.8531 0.750267 0.0618891 -0.0731108 0.0170834 0.457579 -0.154361 -1.78225 1 0 0 0 0 0 0 0
230 1 0.1 5.55697 2.39543 0.359763 -0.00919467 0.00734911 0.0704407 0.720066 -0.706284 0.467408 1 0 0 0 0 0 0 0
231 1 0.1 5.7433 2.49648 0.417206 0.0486648 0.0344435 -0.0659696 -0.257195 2.40869 -0.555934 1 0 0 0 0 0 0 0
232 1 0.1 5.6346 2.58904 0.557151 0.110965 -0.0168501 0.0264474 0.128059 -0.658943 1.76015 1 0 0 0 0 0 0 0
233 1 0.1 5.61341 3.07145 0.32044 -0.0909535 -0.0835689 -0.00147014 -0.573579 -1.05169 0.678714 1 0 0 0 0 0 0 0
234 1 0.1 5.20859 2.87003 0.137324 -0.0797665 -0.0603146 0.00378653 0.619422 -0.18309 -0.0872861 1 0 0 0 0 0 0 0
235 1 0.1 5.38665 2.78579 0.398919 0.0812682 -0.0282333 0.0509479 -0.722516 -1.42326 0.0490257 1 0 0 0 0 0 0 0
236 1 0.1 5.04155 2.84265 0.365243 0.0398757 -0.0969906 0.080152 0.340137 -0.559357 -0.729703 1 0 0 0 0 0 0 0
237 1 0.1 5.23185 2.89413 0.33411 0.0439476 -0.103867 0.00766452 -0.0671392 1.43811 0.578586 1 0 0 0 0 0 0 0
238 1 0.1 5.26271 3.08485 0.383916 0.029427 -0.0660614 -0.0167557 -0.151567 0.0779664 0.0816649 1 0 0 0 0 0 0 0
239 1 0.1 5.30878 3.27757 0.406805 -0.019207 -0.0438261 -0.00137958 0.211919 0.274921 0.184145 1 0 0 0 0 0 0 0
240 1 0.1 5.47161 3.21189 0.31206 -0.0657981 -0.0658725 -0.0608571 0.633196 0.168613 -0.938785 1 0 0 0 0 0 0 0
241 1 0.1 5.62135 3.13043 0.543741 0.004854 -0.0268174 0.0358929 -0.364657 0.109374 0.513329 1 0 0 0 0 0 0 0
242 1 0.1 5.46586 3.39964 0.39415 -0.0405401 -0.0221898 -0.0204219 0.0776236 0.0715136 0.192247 1 0 0 0 0 0 0 0
243 1 0.1 5.59234 3.1501 0.137477 -0.00805259 0.0339305 -0.00126379 0.0475315 -0.00538278 0.138906 1 0 0 0 0 0 0 0
244 1 0.1 5.40602 3.06285 0.139392 0.0445299 0.0905848 0.0304975 -0.263962 -0.648501 1.2412 1 0 0 0 0 0 0 0
245 1 0.1 5.69281 2.97745 0.137468 -0.00522703 0.0390103 0.00107184 -0.0874209 0.0125582 -0.0890919 1 0 0 0 0 0 0 0
246 1 0.1 5.64496 3.45327 0.323269 -0.0860557 0.123076 -0.0271673 -0.0827089 0.0559072 1.29593 1 0 0 0 0 0 0 0
247 1 0.1 6.02934 4.48002 0.416301 -0.0310626 0.0151511 0.0108256 -0.257428 0.0162482 -1.12098 1 0 0 0 0 0 0 0
248 1 0.1 5.98779 4.69613 0.394971 -0.00467752 -0.00662901 -0.00986706 0.187088 -0.0447249 -0.0253981 1 0 0 0 0 0 0 0
249 1 0.1 6.24403 4.72457 0.407869 -0.00829455 -0.0100631 -0.000124602 -0.066503 0.0096178 -0.100404 1 0 0 0 0 0 0 0
250 1 0.1 6.11985 0.904837 0.552787 -0.00142502 0.00179795 -0.000873759 0.00359142 0.00395991 0.0195165 1 0 0 0 0 0 0 0
251 1 0.1 5.96106 1.06133 0.549718 -0.0035887 0.00280117 -0.00498112 -0.0305361 0.0201055 0.0357715 1 0 0 0 0 0 0 0
252 1 0.1 5.82182 1.2044 0.538433 -0.00665082 0.00390611 0.0119114 0.0301663 -0.0220384 0.0270848 1 0 0 0 0 0 0 0
253 1 0.1 5.65365 1.36135 0.549992 -0.00239028 0.00150835 0.000290734 0.00115827 -0.00645576 0.0270615 1 0 0 0 0 0 0 0
254 1 0.1 5.51662 1.50527 0.572022 -0.00170717 0.00165808 0.000325156 0.0130521 -0.00337537 -0.0386047 1 0 0 0 0 0 0 0
255 1 0.1 5.23132 1.78439 0.550178 -0.00217143 0.00097085 -0.00320403 -0.0211951 0.0216869 0.0182692 1 0 0 0 0 0 0 0
256 1 0.1 5.09759 1.92794 0.510864 -0.0112048 0.00650359 0.00766465 -0.0196342 0.00254597 0.0980032 1 0 0 0 0 0 0 0
257 1 0.1 4.98684 2.05361 0.617226 -0.015094 0.00616741 0.00963317 -0.03778 0.0635426 0.0492695 1 0 0 0 0 0 0 0
258 1 0.1 4.77856 2.24346 0.546075 0.0325087 -0.033391 -0.0069492 0.0784474 0.169145 -0.41418 1 0 0 0 0 0 0 0
259 1 0.1 4.62954 2.39979 0.57008 -0.134238 0.144596 0.047367 -1.41862 -1.48903 1.61791 1 0 0 0 0 0 0 0
260 1 0.1 4.47812 2.55233 0.489316 -0.0330907 0.0216076 -0.00941255 0.0322494 -0.139436 0.0625899 1 0 0 0 0 0 0 0
261 1 0.1 4.28431 2.74371 0.535905 -0.0447273 0.0392189 0.042577 -0.58198 -1.14303 0.350078 1 0 0 0 0 0 0 0
262 1 0.1 4.18987 2.99415 0.57327 -0.00464417 0.0226399 -0.0339848 0.0560803 0.289996 0.395785 1 0 0 0 0 0 0 0
263 1 0.1 4.236 3.21216 0.570318 -0.162599 -0.21641 -0.114498 0.161738 0.666815 -1.3832 1 0 0 0 0 0 0 0
264 1 0.1 4.37562 3.35789 0.555594 -0.0889853 -0.168821 0.0467909 -0.527159 -0.273448 -1.88587 1 0 0 0 0 0 0 0
265 1 0.1 4.52496 3.50834 0.548154 -0.203271 -0.124562 -0.00361352 0.205811 -0.16906 -0.578483 1 0 0 0 0 0 0 0
266 1 0.1 4.66765 3.64867 0.558795 -0.194911 -0.112313 -0.0276262 -0.000496472 0.247541 -1.00459 1 0 0 0 0 0 0 0
267 1 0.1 4.80648 3.78376 0.49762 -0.00665304 -0.00549765 -0.00418049 0.0580849 0.0517091 -0.0605803 1 0 0 0 0 0 0 0
268 1 0.1 4.94037 3.91828 0.560493 -0.00590482 -0.00861558 0.000256787 -0.00278216 0.00161245 -0.00146818 1 0 0 0 0 0 0 0
269 1 0.1 5.08071 4.06058 0.55409 -0.00816719 -0.00738158 -0.0116934 0.00112861 0.143378 -0.0908644 1 0 0 0 0 0 0 0
270 1 0.1 5.36953 4.35409 0.554458 -0.000820235 -0.00162517 0.00300075 -0.0354303 -0.0698432 -0.0123752 1 0 0 0 0 0 0 0
271 1 0.1 5.52169 4.48223 0.551949 0.0257928 -0.0340253 0.00524939 -0.175644 -0.187408 -0.387685 1 0 0 0 0 0 0 0
272 1 0.1 5.65143 4.6324 0.561022 -0.00580407 -0.00914421 -0.000515032 -0.192218 0.0720187 0.340858 1 0 0 0 0 0 0 0
273 1 0.1 5.79289 4.77617 0.546079 0.00118991 -0.000655506 -0.00628223 0.0594924 0.0406875 0.00607021 1 0 0 0 0 0 0 0
274 1 0.1 6.06009 5.038 0.549859 0.000293236 0.000200875 -0.00109643 0.0180065 -0.00165921 -0.0174586 1 0 0 0 0 0 0 0
275 1 0.1 6.26136 0.76238 0.550116 -8.69552e-05 0.000499524 -0.000235969 0.00482205 -0.00115872 0.000804036 1 0 0 0 0 0 0 0
276 1 0.1 6.03816 1.24318 0.519976 -0.00142507 0.00186337 -0.00427947 -0.0142939 0.0344435 0.00355762 1 0 0 0 0 0 0 0
277 1 0.1 5.92263 1.40196 0.554346 -0.00319489 0.00198484 -0.00133705 -0.00495453 -0.00394869 -0.0058959 1 0 0 0 0 0 0 0
278 1 0.1 5.79065 1.54755 0.586059 -0.00465502 0.00173849 -0.000344097 0.0153976 0.00871284 0.0242591 1 0 0 0 0 0 0 0
279 1 0.1 5.64466 1.68275 0.584384 -0.00150392 0.00768575 0.000127337 -0.0576944 0.019399 -0.0881269 1 0 0 0 0 0 0 0
280 1 0.1 5.37316 1.64268 0.550123 -0.000674819 0.00261255 0.000179314 -0.00337809 -0.0075734 0.0250959 1 0 0 0 0 0 0 0
281 1 0.1 5.29428 2.13088 0.53755 0.00414455 0.023483 0.037912 -0.161876 -0.776543 -0.333224 1 0 0 0 0 0 0 0
282 1 0.1 5.10071 2.38887 0.656725 0.00095488 -0.00929248 0.163267 -2.25504 -1.68969 -2.12957 1 0 0 0 0 0 0 0
283 1 0.1 5.10946 2.18312 0.493058 0.00945225 0.0234947 0.0153028 -0.219997 0.679107 0.244104 1 0 0 0 0 0 0 0
284 1 0.1 4.80863 2.44884 0.495892 -0.135474 0.140207 0.0309798 -0.702251 0.440602 -0.375517 1 0 0 0 0 0 0 0
285 1 0.1 4.6173 2.60551 0.622177 -0.0343612 0.010203 -0.0288109 -0.0805566 0.26417 -0.168937 1 0 0 0 0 0 0 0
286 1 0.1 4.50662 2.77357 0.494502 -0.0234389 0.0558007 0.0375134 -0.246343 -0.20231 0.0187394 1 0 0 0 0 0 0 0
287 1 0.1 4.34875 2.92642 0.486789 -0.0119839 0.00465844 -0.0769065 -1.33815 -0.871955 0.632596 1 0 0 0 0 0 0 0
288 1 0.1 4.41567 3.12958 0.529709 -0.100472 0.563591 -0.391457 2.45082 4.08666 -5.3282 1 0 0 0 0 0 0 0
289 1 0.1 4.5639 3.31316 0.514575 -0.0759723 -0.127826 0.0127972 1.17441 0.424369 2.19898 1 0 0 0 0 0 0 0
290 1 0.1 4.72571 3.4396 0.490261 -0.253709 -0.165576 0.0562343 1.04113 0.972007 1.62257 1 0 0 0 0 0 0 0
291 1 0.1 4.89945 3.54586 0.504817 -0.00554803 -0.0138142 0.00338566 -0.139178 -0.134596 0.144857 1 0 0 0 0 0 0 0
292 1 0.1 4.98923 3.71645 0.467968 -0.0122262 -0.0110043 0.000448273 0.0122084 -0.151526 -0.000378692 1 0 0 0 0 0 0 0
293 1 0.1 5.13622 3.8019 0.564453 -0.0211671 -0.0125257 0.00765028 -0.115133 -0.0343233 -0.0791434 1 0 0 0 0 0 0 0
294 1 0.1 5.22911 4.21227 0.556008 0.00322349 -0.00552202 0.0238814 -0.420295 -0.0288909 -0.0705181 1 0 0 0 0 0 0 0
295 1 0.1 5.51931 4.2247 0.582624 -0.0243165 -0.0323883 -0.0181369 0.0686324 0.235353 -0.368886 1 0 0 0 0 0 0 0
296 1 0.1 5.64104 4.34505 0.474944 0.0157562 -0.0435088 0.00992954 0.0572832 0.259602 0.294826 1 0 0 0 0 0 0 0
297 1 0.1 5.76783 4.4699 0.566141 -0.00834248 -0.0105742 -0.00284876 -0.00844471 -0.011372 0.266538 1 0 0 0 0 0 0 0
298 1 0.1 5.92523 4.62905 0.572206 -0.00673364 -0.00774346 -0.00898262 -0.131159 0.0739893 -0.131153 1 0 0 0 0 0 0 0
299 1 0.1 6.20156 5.17913 0.550543 0.000448054 -0.000307859 0.00201794 -0.0317051 -0.00252825 0.00609508 1 0 0 0 0 0 0 0
300 1 0.1 6.40276 0.621009 0.550008 -0.000453173 8.61923e-05 -2.56604e-05 -0.000317103 0.000487564 0.00331711 1 0 0 0 0 0 0 0
301 1 0.1 6.17015 1.09375 0.511026 -0.00140249 0.00243169 -0.0016025 -0.0102091 -0.043272 -0.00941848 1 0 0 0 0 0 0 0
302 1 0.1 5.97076 1.60283 0.519666 -0.00750595 0.0140384 -0.000380511 0.0360088 -0.00236831 0.0884489 1 0 0 0 0 0 0 0
303 1 0.1 5.83525 1.74828 0.568147 0.000506547 0.013758 0.00066601 0.068268 0.0420971 0.0226448 1 0 0 0 0 0 0 0
304 1 0.1 5.67435 1.88011 0.588467 -0.0188604 0.012897 0.00253707 0.0951233 0.159281 0.380358 1 0 0 0 0 0 0 0
305 1 0.1 5.48533 1.80139 0.59569 -0.00295727 0.0118439 0.00460788 0.0775368 0.0370907 0.0548752 1 0 0 0 0 0 0 0
306 1 0.1 5.34808 1.94419 0.576882 -0.0233383 0.00672882 0.0370437 0.459975 -0.124272 0.202283 1 0 0 0 0 0 0 0
307 1 0.1 5.17401 2.49141 0.419544 -0.0508752 -0.151605 -0.0335468 0.00869493 0.565491 -0.0578959 1 0 0 0 0 0 0 0
308 1 0.1 5.23721 2.61358 0.581661 0.0403018 0.0478922 0.00603461 -0.348854 0.0743173 -0.765813 1 0 0 0 0 0 0 0
309 1 0.1 5.00135 2.49811 0.52001 -0.00780814 -0.036176 0.0489821 -0.20725 0.350669 -1.14431 1 0 0 0 0 0 0 0
310 1 0.1 4.85839 2.62506 0.577871 0.0499272 0.0618718 0.0175515 -0.554484 -0.151721 0.163761 1 0 0 0 0 0 0 0
311 1 0.1 4.69552 2.77922 0.56207 -0.199068 0.0714493 -0.0749627 -0.488026 -0.458912 2.14032 1 0 0 0 0 0 0 0
312 1 0.1 4.52418 2.9753 0.41552 0.0156762 0.0231081 -0.00967654 0.000861941 -0.683164 0.409692 1 0 0 0 0 0 0 0
313 1 0.1 4.60831 3.10073 0.5749 -0.13584 0.109056 -0.371673 2.0172 -4.83896 1.7324 1 0 0 0 0 0 0 0
314 1 0.1 4.73337 3.25484 0.599174 -0.0049708 -0.010071 -0.0179823 -0.698912 -0.0901409 -0.529954 1 0 0 0 0 0 0 0
315 1 0.1 4.88957 3.37545 0.602378 0.0133991 -0.0211248 -0.00466351 0.176138 -0.407585 0.348072 1 0 0 0 0 0 0 0
316 1 0.1 5.06808 3.43914 0.500668 -0.0134548 -0.0161868 0.0135863 -0.0902859 0.179992 -0.183128 1 0 0 0 0 0 0 0
317 1 0.1 5.16963 3.6101 0.521522 -0.0240096 -0.0123075 0.00923018 0.0820026 0.0598225 -0.01677 1 0 0 0 0 0 0 0
318 1 0.1 5.30912 3.88 0.612583 -0.0284945 -0.0176174 0.0258468 -0.0160434 0.209782 0.162122 1 0 0 0 0 0 0 0
319 1 0.1 5.48188 4.03053 0.612307 -0.00595873 -0.0336373 -0.00624948 -0.166632 -0.0808742 -0.111802 1 0 0 0 0 0 0 0
320 1 0.1 5.68121 3.91986 0.60294 -0.0143846 -0.015068 -0.0106744 -0.0534135 0.13743 -0.0120182 1 0 0 0 0 0 0 0
321 1 0.1 5.65693 4.09551 0.511069 0.00271526 -0.0187677 -0.0164618 -0.0307428 -0.0513908 -0.234765 1 0 0 0 0 0 0 0
322 1 0.1 5.78387 4.23993 0.564517 0.0259726 -0.0418811 -0.00275153 0.0188883 -0.123734 -0.238828 1 0 0 0 0 0 0 0
323 1 0.1 5.97466 4.85777 0.562869 0.000103014 0.000997651 -0.00154121 0.0250641 -0.0396508 0.0268803 1 0 0 0 0 0 0 0
324 1 0.1 6.34286 5.32053 0.549536 -0.000226245 -9.65467e-05 2.24331e-05 0.00212318 -0.00237731 -0.00360244 1 0 0 0 0 0 0 0
325 1 0.1 6.41871 0.815936 0.43223 -0.00179038 0.0014649 -0.000452295 -0.00493609 0.00427514 0.00573681 1 0 0 0 0 0 0 0
326 1 0.1 6.31215 0.954588 0.529002 -0.0016916 0.00114195 0.000735144 0.0129556 0.00712918 -0.00107789 1 0 0 0 0 0 0 0
327 1 0.1 6.03391 1.7969 0.397012 -0.0261728 0.0259229 0.00622304 0.00549972 -0.0862702 0.0600921 1 0 0 0 0 0 0 0
328 1 0.1 5.86121 1.95073 0.589197 -0.0283482 0.036627 0.00621708 0.066481 -0.0977419 -0.182012 1 0 0 0 0 0 0 0
329 1 0.1 5.70747 2.07822 0.592083 -0.0116249 0.0608308 -0.0242122 -0.090471 -0.251878 -0.0588937 1 0 0 0 0 0 0 0
330 1 0.1 5.51557 2.00914 0.461041 -0.0258983 0.0247911 0.0148486 -0.0875232 0.14449 0.0371247 1 0 0 0 0 0 0 0
331 1 0.1 5.47603 2.12514 0.617973 0.0009583 0.0156931 0.0323925 0.0969002 0.61374 0.489461 1 0 0 0 0 0 0 0
332 1 0.1 5.42073 2.28009 0.501559 -0.00127928 0.0282714 0.00968021 -0.18806 0.826334 0.409935 1 0 0 0 0 0 0 0
333 1 0.1 5.57174 2.87814 0.418598 -0.176358 -0.0430844 -0.0166402 0.789975 1.07253 -0.415392 1 0 0 0 0 0 0 0
334 1 0.1 5.35256 2.77679 0.595716 0.130647 -0.0169762 0.0564029 0.385244 -0.143739 1.62642 1 0 0 0 0 0 0 0
335 1 0.1 5.04911 2.67528 0.608006 0.0526741 0.121654 -0.00934264 -0.576992 0.132341 0.214399 1 0 0 0 0 0 0 0
336 1 0.1 4.89747 2.81572 0.537079 0.00358657 0.0454142 -0.028989 -0.0026902 -0.0253151 0.313958 1 0 0 0 0 0 0 0
337 1 0.1 4.75753 2.96908 0.556426 -0.100689 0.0533471 -0.0458106 0.159116 -1.39259 -3.04707 1 0 0 0 0 0 0 0
338 1 0.1 4.85742 3.13313 0.500897 0.00951212 -0.00240616 0.00195629 -0.148578 0.0670992 0.817729 1 0 0 0 0 0 0 0
339 1 0.1 5.01206 3.21879 0.594159 0.0248876 -0.0330842 -0.00114052 -0.0811629 -0.156009 0.0434473 1 0 0 0 0 0 0 0
340 1 0.1 5.18551 3.31724 0.606824 0.0083363 -0.00806451 -0.000139758 0.00254442 0.118942 0.255753 1 0 0 0 0 0 0 0
341 1 0.1 5.31182 3.48173 0.59296 -0.0102222 -0.0099413 -0.0108771 -0.113342 0.243863 -0.0800161 1 0 0 0 0 0 0 0
342 1 0.1 5.48212 3.55596 0.516829 -0.0420559 -0.0305744 -0.0137771 0.0529906 -0.0310995 -0.0174484 1 0 0 0 0 0 0 0
343 1 0.1 5.34592 3.70583 0.521489 -0.0270504 -0.00392742 -0.000190052 -0.00384665 0.0181528 -0.112319 1 0 0 0 0 0 0 0
344 1 0.1 5.50532 3.84343 0.54043 -0.0256787 -0.0156166 -0.00819467 0.00669014 0.0385 -0.0328165 1 0 0 0 0 0 0 0
345 1 0.1 5.62258 3.68519 0.573131 -0.0412198 -0.0305322 -0.0131059 -0.00859615 0.144414 -0.0405451 1 0 0 0 0 0 0 0
346 1 0.1 5.88087 3.85493 0.605267 -0.0291792 -0.0572958 -0.0162431 -0.0400094 0.107583 -0.0193863 1 0 0 0 0 0 0 0
347 1 0.1 5.83805 4.04877 0.582401 -0.0139253 -0.0514652 -0.0137797 -0.049781 0.470351 -0.215705 1 0 0 0 0 0 0 0
348 1 0.1 6.19084 4.90928 0.470987 -0.000295143 -0.000623802 -0.0010564 0.0164229 -0.0285799 -0.00728 1 0 0 0 0 0 0 0
349 1 0.1 6.32261 5.05775 0.447627 -0.00194922 0.000609713 -0.00191219 -0.00746225 0.0187113 0.0332577 1 0 0 0 0 0 0 0
350 1 0.1 6.32338 1.17211 0.409277 0.000698679 0.00227995 0.00160128 0.0645494 0.0328234 -0.027245 1 0 0 0 0 0 0 0
351 1 0.1 6.16336 1.39426 0.558471 0.00300704 -0.000349653 -0.00145208 0.0885487 0.116071 -0.119882 1 0 0 0 0 0 0 0
352 1 0.1 6.04064 1.49461 0.686508 -0.00746867 -0.00172289 -0.00106141 0.0215236 -0.0360108 -0.0110076 1 0 0 0 0 0 0 0
353 1 0.1 6.03538 1.85265 0.589033 -0.0346998 0.0231512 0.00851208 0.025878 0.0203375 0.0363889 1 0 0 0 0 0 0 0
354 1 0.1 5.62727 2.81677 0.236388 0.00520566 0.0319748 -0.00215415 0.318335 0.427631 -0.0518021 1 0 0 0 0 0 0 0
355 1 0.1 5.61497 2.235 0.509959 0.00743738 0.0453281 -0.0812984 -0.667834 0.317668 -0.250883 1 0 0 0 0 0 0 0
356 1 0.1 5.55285 2.40838 0.587442 0.000982711 0.0295201 -0.0517039 0.837374 0.18698 0.545202 1 0 0 0 0 0 0 0
357 1 0.1 5.35908 2.45559 0.573313 -0.00538022 0.0283134 0.0146223 0.0835486 0.0135826 0.220002 1 0 0 0 0 0 0 0
358 1 0.1 5.44411 2.6233 0.507099 0.11245 -0.0128632 0.010508 0.157771 0.418213 -1.72673 1 0 0 0 0 0 0 0
359 1 0.1 5.43009 3.12239 0.486207 0.0141279 -0.0634563 0.0105613 0.058027 -0.396477 -0.209844 1 0 0 0 0 0 0 0
360 1 0.1 5.43041 2.9908 0.329244 -0.0845405 -0.260071 -0.047239 -0.560549 0.675768 -2.15953 1 0 0 0 0 0 0 0
361 1 0.1 5.17667 2.78613 0.501131 0.165139 0.058748 -0.00411793 0.0386016 0.0318693 -0.641447 1 0 0 0 0 0 0 0
362 1 0.1 4.96878 2.99367 0.589937 0.0103559 0.0153802 0.00498725 0.270479 -0.306595 -0.520416 1 0 0 0 0 0 0 0
363 1 0.1 5.18396 3.12041 0.572592 0.0541309 -0.0114817 -0.0156896 0.143831 0.247673 0.297341 1 0 0 0 0 0 0 0
364 1 0.1 5.38371 3.28592 0.591216 -0.00656592 -0.0448772 -0.000382857 -0.121436 -0.182617 0.0532559 1 0 0 0 0 0 0 0
365 1 0.1 5.28829 2.95515 0.53401 0.032148 -0.0500326 0.0155997 -0.800295 0.0818523 -0.554472 1 0 0 0 0 0 0 0
366 1 0.1 5.55901 3.37979 0.571869 -0.0175625 -0.0197409 -0.0126181 -0.135403 0.16752 0.250723 1 0 0 0 0 0 0 0
367 1 0.1 5.72803 3.07264 0.702692 0.160949 0.111195 -0.0184652 -0.267846 0.402773 0.424647 1 0 0 0 0 0 0 0
368 1 0.1 5.67498 3.29007 0.435894 -0.35854 -0.100325 -0.253968 -0.345255 3.50919 -1.08345 1 0 0 0 0 0 0 0
369 1 0.1 5.73649 3.46795 0.597944 -0.0204878 -0.0127493 -0.0138269 0.147341 -0.146986 -0.173251 1 0 0 0 0 0 0 0
370 1 0.1 5.69915 2.92655 0.564997 -0.229709 -0.00587382 0.0177455 -0.135236 -0.107582 1.01343 1 0 0 0 0 0 0 0
371 1 0.1 5.89602 3.73271 0.762589 -0.0172356 -0.0455856 -0.00276543 -0.130683 0.0514005 -0.0143897 1 0 0 0 0 0 0 0
372 1 0.1 5.96908 4.31451 0.574519 0.0059818 0.0058935 -0.00796716 0.112592 0.293444 0.735406 1 0 0 0 0 0 0 0
373 1 0.1 6.1136 4.56235 0.577775 -0.00200743 0.0038021 0.000667795 -0.0547742 -0.0963301 0.256104 1 0 0 0 0 0 0 0
374 1 0.1 6.23329 4.7658 0.603208 -0.00226062 -0.0012123 -0.00133014 -0.0157617 0.0274901 -0.0220016 1 0 0 0 0 0 0 0
375 1 0.1 6.04859 0.975125 0.750131 -0.000491812 0.000692314 -0.000407447 -0.00939748 -0.00488267 0.00523441 1 0 0 0 0 0 0 0
376 1 0.1 5.89497 1.13168 0.762503 -0.00172116 0.0015964 -0.000280305 0.00678955 0.0118992 0.0241974 1 0 0 0 0 0 0 0
377 1 0.1 5.75746 1.27396 0.714462 -0.00777143 0.0047817 0.00946257 -0.0301829 -0.0347225 -0.0823914 1 0 0 0 0 0 0 0
378 1 0.1 5.61797 1.40917 0.76144 -0.0048967 0.00555793 0.00142777 -0.00988359 -0.00946075 0.0560158 1 0 0 0 0 0 0 0
379 1 0.1 5.47622 1.55115 0.762414 -0.00132658 0.00108024 -1.18819e-05 -8.68311e-05 -0.00161167 0.0151255 1 0 0 0 0 0 0 0
380 1 0.1 5.21367 1.80797 0.752537 0.00299131 0.00244977 -0.000750599 -0.0164892 -0.0392729 -0.032151 1 0 0 0 0 0 0 0
381 1 0.1 5.07404 1.95132 0.763235 -0.00528174 0.00576055 0.000570498 0.106064 0.0938167 0.053202 1 0 0 0 0 0 0 0
382 1 0.1 4.86804 2.15071 0.750844 -0.00798372 0.0136533 0.0190723 0.117676 -0.124844 0.148258 1 0 0 0 0 0 0 0
383 1 0.1 4.66646 2.35252 0.760724 -0.414206 0.28811 0.162076 0.656565 -1.39386 4.72861 1 0 0 0 0 0 0 0
384 1 0.1 4.5178 2.50391 0.76248 -0.0138242 0.0208439 -0.00278798 -0.126251 -0.0661182 0.284222 1 0 0 0 0 0 0 0
385 1 0.1 4.39292 2.62878 0.658225 -0.0837955 0.0969427 0.14008 0.994423 -1.03239 1.27011 1 0 0 0 0 0 0 0
386 1 0.1 4.20473 2.81868 0.750303 -0.000841227 0.00016818 -0.00316197 -0.0405293 0.0302213 0.0070539 1 0 0 0 0 0 0 0
387 1 0.1 4.29407 2.99635 0.744133 -0.004376 4.53564e-05 -0.0121983 -0.0291817 0.0268234 0.0175072 1 0 0 0 0 0 0 0
388 1 0.1 4.19529 3.1691 0.761736 -0.00263225 -0.000576685 -0.0072235 0.0311008 0.0773237 -0.013271 1 0 0 0 0 0 0 0
389 1 0.1 4.33451 3.31204 0.74975 -0.000759607 -0.00381237 -0.00812478 0.0723667 0.0439229 -0.0323666 1 0 0 0 0 0 0 0
390 1 0.1 4.51807 3.50195 0.749944 -0.000859153 -0.00104248 0.00110823 -0.00578711 -0.00791117 -0.02272 1 0 0 0 0 0 0 0
391 1 0.1 4.6758 3.6232 0.759179 0.00167211 -0.000749159 0.00221662 -0.0356609 -0.0383408 0.0199026 1 0 0 0 0 0 0 0
392 1 0.1 4.79993 3.77749 0.735835 0.00102774 0.000122348 0.000786266 -0.0162473 -0.0021784 -0.00392382 1 0 0 0 0 0 0 0
393 1 0.1 5.08109 4.05832 0.761636 -0.000499664 -0.00108572 -0.000295777 0.00315183 0.00345563 -0.01561 1 0 0 0 0 0 0 0
394 1 0.1 5.22358 4.19813 0.757137 0.00312615 -0.00526283 0.00132577 0.0152282 -0.0100193 -0.035382 1 0 0 0 0 0 0 0
395 1 0.1 5.50296 4.48329 0.750996 -0.000750052 -0.00330493 0.00221325 -0.0186583 -0.0491344 -0.0254387 1 0 0 0 0 0 0 0
396 1 0.1 5.64734 4.62521 0.760691 -0.00345869 -0.00446983 -3.55591e-05 0.00767525 0.00503844 -0.0492941 1 0 0 0 0 0 0 0
397 1 0.1 5.78861 4.76669 0.760059 -0.00306739 -0.00340308 0.000724759 0.00710532 0.00636991 -0.00816407 1 0 0 0 0 0 0 0
398 1 0.1 5.9283 4.90968 0.750244 -0.000472882 -0.000233189 -0.000972773 -0.0396264 0.0384339 0.000420122 1 0 0 0 0 0 0 0
399 1 0.1 6.06979 5.05106 0.750027 -0.000717626 -0.00115311 -6.8488e-05 -0.00137049 0.00154096 -0.0138778 1 0 0 0 0 0 0 0
400 1 0.1 6.33429 0.689266 0.750232 -0.000386047 0.000403305 0.000249558 0.00232054 -0.00176625 0.00478858 1 0 0 0 0 0 0 0
401 1 0.1 6.08145 1.16557 0.699064 -0.00131246 0.000794041 -0.00245045 -0.00882605 -0.0168642 0.000564587 1 0 0 0 0 0 0 0
402 1 0.1 5.95668 1.31925 0.733169 -0.0040771 0.00160002 -0.000427974 -0.00356162 0.0113695 -0.00373408 1 0 0 0 0 0 0 0
403 1 0.1 5.81711 1.45886 0.762643 -0.00410208 0.00288162 -0.00100755 -0.0276084 0.000550861 0.0104472 1 0 0 0 0 0 0 0
404 1 0.1 5.67644 1.60025 0.763026 -0.00351109 0.00530504 0.00168214 0.0356946 0.0214913 -0.0483402 1 0 0 0 0 0 0 0
405 1 0.1 5.39915 1.73547 0.762722 0.00163539 0.00285769 0.000306229 0.0143446 -0.0137439 -0.0507312 1 0 0 0 0 0 0 0
406 1 0.1 5.2689 1.99918 0.762545 0.00175426 0.0103867 0.00105982 0.0665663 -0.0461318 0.0753696 1 0 0 0 0 0 0 0
407 1 0.1 5.06644 2.17303 0.761056 -0.0167069 0.0220553 0.0791249 -0.0598185 -0.45797 -0.0329795 1 0 0 0 0 0 0 0
408 1 0.1 4.9648 2.25071 0.607386 0.0200521 0.015826 0.0447036 0.251043 -0.363186 -0.131858 1 0 0 0 0 0 0 0
409 1 0.1 4.87346 2.40638 0.681485 0.100814 0.0762508 0.0428056 -0.715791 0.261301 0.135258 1 0 0 0 0 0 0 0
410 1 0.1 4.81363 2.57641 0.764085 0.0204891 0.0534463 0.0101312 0.412866 -0.348317 0.985581 1 0 0 0 0 0 0 0
411 1 0.1 4.5198 2.82095 0.766515 -0.0397083 0.067467 -0.00357049 0.659871 0.468842 -0.844255 1 0 0 0 0 0 0 0
412 1 0.1 4.49783 2.93173 0.610313 -0.052196 0.0901686 0.00211579 -0.271285 -0.230832 -0.330925 1 0 0 0 0 0 0 0
413 1 0.1 4.44384 3.1266 0.76011 -0.0069355 0.00052379 -0.01146 0.0435477 -0.0431467 -0.00795654 1 0 0 0 0 0 0 0
414 1 0.1 4.53464 3.30386 0.7625 -0.00593549 -0.000762954 -0.000674188 0.033185 -0.0382975 -0.0144773 1 0 0 0 0 0 0 0
415 1 0.1 4.69898 3.41778 0.762512 -0.00341868 -0.00364546 -9.66606e-05 -0.0319449 0.0361783 -0.0193458 1 0 0 0 0 0 0 0
416 1 0.1 4.86 3.54603 0.762377 0.000542168 -0.00868031 0.0102749 0.152228 -0.100157 -0.102038 1 0 0 0 0 0 0 0
417 1 0.1 4.94028 3.9168 0.762517 -0.000288435 0.000275062 -8.70657e-05 -0.00141727 -0.00103817 0.00682735 1 0 0 0 0 0 0 0
418 1 0.1 5.12509 3.84048 0.762505 0.000885405 0.00400336 0.000121721 0.00433684 -0.000371138 0.0236208 1 0 0 0 0 0 0 0
419 1 0.1 5.36331 4.34076 0.762639 -0.000629988 -0.00194644 0.00155599 -0.0149406 0.00472022 0.0741634 1 0 0 0 0 0 0 0
420 1 0.1 5.60032 4.3035 0.758949 0.00774981 -0.00951438 -5.00979e-06 0.217066 0.0999364 0.0362734 1 0 0 0 0 0 0 0
421 1 0.1 5.73842 4.44744 0.762662 0.00112701 -0.00343932 -0.000312898 -0.097302 0.0316392 0.0477787 1 0 0 0 0 0 0 0
422 1 0.1 5.87913 4.58845 0.761869 -0.0029058 -0.000505919 -0.00667454 0.0841932 -0.0127655 0.0366314 1 0 0 0 0 0 0 0
423 1 0.1 6.01785 4.73173 0.762565 -0.00297932 -0.000215479 -0.000578988 0.00177166 0.0252916 -0.0282822 1 0 0 0 0 0 0 0
424 1 0.1 6.21152 5.19293 0.74991 -0.000456586 -0.000675908 0.000122422 0.00120804 -0.00256456 -0.00818283 1 0 0 0 0 0 0 0
425 1 0.1 6.47571 0.547918 0.750001 -0.000332852 0.000375321 5.71245e-05 0.00104106 0.000180973 -0.021969 1 0 0 0 0 0 0 0
426 1 0.1 6.23289 1.05149 0.762513 -0.00104435 0.00129603 -0.000373496 0.0105064 0.00615314 -0.00229336 1 0 0 0 0 0 0 0
427 1 0.1 6.15247 1.3465 0.762543 -0.00223594 0.00122993 -9.29622e-05 0.0186438 -0.00799692 -0.00328 1 0 0 0 0 0 0 0
428 1 0.1 5.96518 1.66341 0.762525 -0.00137795 0.000526686 -3.71094e-05 0.0118263 0.00143565 -0.0585566 1 0 0 0 0 0 0 0
429 1 0.1 5.79247 1.7639 0.76259 0.00231602 0.0032408 0.00036754 0.0269338 -0.0225954 0.0315554 1 0 0 0 0 0 0 0
430 1 0.1 5.59482 1.79224 0.76273 0.00386808 0.00313222 0.000386847 0.0533318 0.0159441 -0.0328921 1 0 0 0 0 0 0 0
431 1 0.1 5.45745 1.93559 0.74344 -0.00233146 -0.00384068 0.0213094 -0.192192 0.407016 0.105099 1 0 0 0 0 0 0 0
432 1 0.1 5.34019 2.18503 0.752014 -0.00579647 0.0206385 0.0117512 0.00534 -0.0194453 0.0270836 1 0 0 0 0 0 0 0
433 1 0.1 5.33444 2.38421 0.758221 -0.00836311 0.023448 0.00798715 -0.0505218 -0.00183533 0.0130912 1 0 0 0 0 0 0 0
434 1 0.1 5.20365 2.5345 0.762685 0.0688038 0.112347 0.00767312 0.550865 -0.505511 -1.24297 1 0 0 0 0 0 0 0
435 1 0.1 5.00499 2.52718 0.763604 0.0455425 0.167892 0.0068154 0.738427 0.487201 0.685412 1 0 0 0 0 0 0 0
436 1 0.1 4.69381 2.73139 0.756994 -0.0682761 -0.00391633 -0.00885156 0.178131 -0.794534 0.0582467 1 0 0 0 0 0 0 0
437 1 0.1 4.64429 2.97014 0.740117 0.0399433 -0.0136675 -0.0240358 -0.140217 0.444585 -0.318024 1 0 0 0 0 0 0 0
438 1 0.1 4.67525 3.16221 0.763412 -0.00819192 -0.000776798 -0.0105911 0.191639 -0.0936528 0.88485 1 0 0 0 0 0 0 0
439 1 0.1 4.8462 3.26583 0.763037 -0.00332868 -0.00858696 -0.00485167 -0.0587492 -0.0207141 -0.05533 1 0 0 0 0 0 0 0
440 1 0.1 5.03989 3.4986 0.689421 0.00262567 -0.00704647 0.0108035 0.242077 -0.00539929 -0.03073 1 0 0 0 0 0 0 0
441 1 0.1 4.98451 3.70143 0.732818 0.00336784 0.00112293 0.000847682 -0.00826343 0.00579562 0.00329865 1 0 0 0 0 0 0 0
442 1 0.1 5.16957 3.63219 0.762481 0.00427231 0.00198741 0.000902255 0.00247069 -0.00403365 0.00599227 1 0 0 0 0 0 0 0
443 1 0.1 5.35437 3.9977 0.762728 -0.00698386 0.00153636 0.00134275 -0.0733729 0.084622 -0.0822158 1 0 0 0 0 0 0 0
444 1 0.1 5.45717 4.16535 0.763224 0.000885967 -0.00316168 -0.00059653 0.0256517 0.000911705 -0.081932 1 0 0 0 0 0 0 0
445 1 0.1 5.63705 4.07814 0.762508 -0.00813901 -0.0208145 0.00012268 -0.210613 0.081832 -0.112266 1 0 0 0 0 0 0 0
446 1 0.1 5.7823 4.22165 0.762794 0.00425573 -0.0231898 0.00115312 -0.213729 -0.0744434 -0.201943 1 0 0 0 0 0 0 0
447 1 0.1 5.92266 4.36334 0.762787 0.00753673 -0.0187401 -0.000862785 -0.1334 -0.0644341 0.14059 1 0 0 0 0 0 0 0
448 1 0.1 6.15925 4.87269 0.762436 -0.00128236 -0.00175283 -0.00195448 0.0167387 0.00937 0.00502457 1 0 0 0 0 0 0 0
449 1 0.1 6.37011 5.35161 0.750055 -0.000609665 -0.000433921 -0.000104274 0.00317082 -0.000863539 -0.011851 1 0 0 0 0 0 0 0
450 1 0.1 6.42193 0.83588 0.646472 -0.000936009 0.000602723 3.88399e-05 -0.0057217 -0.00032781 0.0018534 1 0 0 0 0 0 0 0
451 1 0.1 6.19017 0.833936 0.750904 -0.00158186 0.000269756 -0.00298522 0.0155937 0.0500297 -0.0180204 1 0 0 0 0 0 0 0
452 1 0.1 6.29985 1.45978 0.688964 -0.00346838 0.00924305 0.00401056 -0.156234 -0.151899 0.130994 1 0 0 0 0 0 0 0
453 1 0.1 6.11625 1.79446 0.762382 -0.0296933 -0.00408113 -0.000456457 0.034346 -0.333735 -0.0896872 1 0 0 0 0 0 0 0
454 1 0.1 5.94385 1.8955 0.76258 -0.0226888 0.0109018 -0.00173817 0.104151 0.236323 -0.0725028 1 0 0 0 0 0 0 0
455 1 0.1 5.73071 1.95992 0.762656 -0.00462038 0.0046696 0.000144045 0.0497253 0.0624064 -0.222893 1 0 0 0 0 0 0 0
456 1 0.1 5.61248 2.12084 0.76281 0.0224106 0.0247268 0.00266247 0.144762 -0.258372 -0.107468 1 0 0 0 0 0 0 0
457 1 0.1 5.51227 2.29359 0.762648 0.0101624 0.0262316 0.000914958 0.122493 0.000678161 0.144174 1 0 0 0 0 0 0 0
458 1 0.1 5.49671 2.50071 0.755466 0.0832449 -0.0973049 0.0477712 0.911244 0.412775 -1.25835 1 0 0 0 0 0 0 0
459 1 0.1 5.36496 2.65069 0.750059 0.1822 0.00525011 0.0733319 -0.603485 -0.353194 -0.228424 1 0 0 0 0 0 0 0
460 1 0.1 5.16298 2.73029 0.762609 0.0457329 0.109158 0.00122519 0.764617 -0.20649 -0.157188 1 0 0 0 0 0 0 0
461 1 0.1 4.93638 2.73408 0.762541 0.104731 -0.0101132 0.0221465 -0.218333 -0.560538 0.597986 1 0 0 0 0 0 0 0
462 1 0.1 4.83162 2.90418 0.75862 0.0507205 -0.0386176 -0.0324181 0.0253746 -0.289341 0.0508493 1 0 0 0 0 0 0 0
463 1 0.1 4.9231 3.0817 0.762783 -0.0014052 -0.00317853 0.00241077 -0.000752224 -0.0137615 0.0206318 1 0 0 0 0 0 0 0
464 1 0.1 5.06042 3.31381 0.762811 0.00705079 -0.0116515 -0.00160435 -0.126744 -0.0427326 0.0881403 1 0 0 0 0 0 0 0
465 1 0.1 5.21694 3.43801 0.762805 0.00294745 0.000557938 0.000772457 -0.00262871 0.0131644 -0.0122535 1 0 0 0 0 0 0 0
466 1 0.1 5.42092 3.3796 0.763022 -0.0138851 -0.0122282 -0.000182532 -0.127063 0.188525 0.0912645 1 0 0 0 0 0 0 0
467 1 0.1 5.36809 3.57129 0.762644 -0.0164524 -0.0102796 -0.000482971 0.0259095 0.14164 -0.120569 1 0 0 0 0 0 0 0
468 1 0.1 5.42949 3.74866 0.697842 -0.00765738 -0.0143059 -0.00382721 0.0481339 0.238904 -0.0887766 1 0 0 0 0 0 0 0
469 1 0.1 5.53281 3.90751 0.761539 -0.0150546 -0.0160713 0.0111993 0.0147567 -0.194867 0.0299747 1 0 0 0 0 0 0 0
470 1 0.1 5.81911 3.96467 0.762544 0.0068242 -0.0105547 0.000205334 -0.0917856 -0.113933 -0.0628383 1 0 0 0 0 0 0 0
471 1 0.1 5.95115 4.11457 0.759312 0.0167718 -0.00970769 -0.00313703 0.0255684 0.077727 -0.0594353 1 0 0 0 0 0 0 0
472 1 0.1 6.08745 4.25671 0.725003 0.0113737 -0.00873577 -0.0133686 0.112694 0.245074 0.00825347 1 0 0 0 0 0 0 0
473 1 0.1 6.29856 5.01346 0.736197 -0.00156828 -0.00111075 -0.001366 0.0110788 0.0107732 -0.0033167 1 0 0 0 0 0 0 0
474 1 0.1 6.40114 5.17138 0.66924 -0.00132108 -0.000595159 -0.00019865 0.00419496 -0.00905931 0.000647541 1 0 0 0 0 0 0 0
475 1 0.1 6.4257 0.998708 0.762503 -0.00135832 0.000531633 4.0509e-06 0.00529383 -0.0139042 -0.00588976 1 0 0 0 0 0 0 0
476 1 0.1 6.30889 1.2307 0.716849 -0.0743556 -0.0181568 -0.198333 -0.870554 3.17199 0.00943522 1 0 0 0 0 0 0 0
477 1 0.1 5.75019 2.37662 0.583656 -0.00309835 -0.0100559 -0.029553 0.352233 -0.607471 -0.962132 1 0 0 0 0 0 0 0
478 1 0.1 6.1871 1.60755 0.762544 -0.0229779 -0.000580353 -0.00182326 0.014127 0.249747 0.155968 1 0 0 0 0 0 0 0
479 1 0.1 5.55054 3.00266 0.76242 0.187641 0.0416411 -0.0188855 -0.0597573 -0.532729 0.46337 1 0 0 0 0 0 0 0
480 1 0.1 5.83077 2.13303 0.761817 -0.0149053 0.0115926 0.00025341 0.038113 0.105353 0.163906 1 0 0 0 0 0 0 0
481 1 0.1 5.71225 2.29408 0.762506 0.0109678 0.0325081 -0.000286296 -0.142767 0.0151357 -0.103258 1 0 0 0 0 0 0 0
482 1 0.1 5.69637 2.4934 0.762496 0.0977587 0.0420009 -0.00256742 0.0516672 0.0645313 2.71805 1 0 0 0 0 0 0 0
483 1 0.1 5.56662 2.77336 0.594251 -0.0167953 -0.0559037 0.0133555 0.929104 0.937097 -1.00924 1 0 0 0 0 0 0 0
484 1 0.1 5.48257 2.95416 0.580628 0.021356 -0.0259952 0.0837802 -0.218556 -0.758892 0.54191 1 0 0 0 0 0 0 0
485 1 0.1 5.44916 2.8309 0.76265 0.216026 0.0124163 -0.00721729 -0.712203 -0.525702 -0.0879954 1 0 0 0 0 0 0 0
486 1 0.1 5.23094 2.91828 0.762497 0.0606707 0.0995106 0.00329541 -0.845729 -0.0566715 -0.0324564 1 0 0 0 0 0 0 0
487 1 0.1 5.03113 2.91344 0.762527 0.0567765 0.0352026 -0.000797761 0.0517878 -0.00555148 0.675327 1 0 0 0 0 0 0 0
488 1 0.1 5.1185 3.12251 0.76245 0.00453768 -0.0145588 0.00615386 0.0848932 -0.0165095 -0.143027 1 0 0 0 0 0 0 0
489 1 0.1 5.28388 3.23448 0.759859 -0.00652456 0.00221405 0.0225154 0.704806 0.379276 0.355529 1 0 0 0 0 0 0 0
490 1 0.1 5.35284 3.05989 0.691597 0.0385244 0.0696049 -0.0777591 0.145126 0.409077 0.427549 1 0 0 0 0 0 0 0
491 1 0.1 5.49273 3.19353 0.757233 0.0697707 0.0142924 -0.017558 0.198131 0.132286 0.784787 1 0 0 0 0 0 0 0
492 1 0.1 5.68185 3.25802 0.76209 0.074321 0.00965241 -0.00434914 0.020834 -0.227104 -0.442027 1 0 0 0 0 0 0 0
493 1 0.1 5.58363 3.64262 0.763638 -0.00726001 -0.0135491 -0.000544436 -0.0847065 -0.0738857 0.0436173 1 0 0 0 0 0 0 0
494 1 0.1 5.70323 3.80224 0.762716 -0.00427563 -0.0114828 -0.00215373 -0.0238584 -0.00305083 -0.00571586 1 0 0 0 0 0 0 0
495 1 0.1 5.60999 3.44455 0.760072 -0.0144992 -0.0199064 -0.0108964 0.106464 -0.0742804 -0.126014 1 0 0 0 0 0 0 0
496 1 0.1 5.77202 3.57584 0.762514 -0.0198506 -0.0382004 0.000775444 0.0750851 -0.036387 -0.100449 1 0 0 0 0 0 0 0
497 1 0.1 6.06143 4.50684 0.762599 -0.00613156 0.000339824 -0.000688304 0.0178321 0.00676604 0.0640831 1 0 0 0 0 0 0 0
498 1 0.1 6.20044 4.65023 0.762621 -0.00351547 0.000334677 -0.000328425 0.0143983 0.02873 -0.0770132 1 0 0 0 0 0 0 0
499 1 0.1 6.34752 4.80538 0.762509 -0.0026101 -0.00592861 0.00010187 0.0318199 -0.0508392 -0.0477573 1 0 0 0 0 0 0 0
