500
0 1 0.1 6.07102 0.947015 0.149994 -0.0173803 0.0249725 -0.00292892 0.00500893 0.0372207 0.31845 1 0 0 0 0 0 0 0
1 1 0.1 5.92971 1.08839 0.149908 -0.0138213 0.0227757 -0.00485483 -0.118099 0.0660347 -0.324239 1 0 0 0 0 0 0 0
2 1 0.1 5.78835 1.22952 0.149986 -0.0127808 0.0225066 -0.00246586 0.00759838 0.0268895 0.253447 1 0 0 0 0 0 0 0
3 1 0.1 5.64741 1.37121 0.148065 -0.0149937 0.0240949 -0.00429302 -0.105802 -0.0502148 -0.412913 1 0 0 0 0 0 0 0
4 1 0.1 5.50588 1.51149 0.150115 -0.014704 0.022542 0.00370245 0.181374 0.0855833 0.270943 1 0 0 0 0 0 0 0
5 1 0.1 5.29626 1.72023 0.15029 -0.148473 0.248514 0.0146501 0.0489026 -0.152145 2.98159 1 0 0 0 0 0 0 0
6 1 0.1 5.15463 1.86328 0.146347 -0.0110699 0.0376754 -0.000440759 0.0141669 0.0297484 0.401108 1 0 0 0 0 0 0 0
7 1 0.1 5.01479 2.00597 0.137774 -0.0146365 0.0130996 0.000929568 -0.00215815 -0.00291825 -0.00119602 1 0 0 0 0 0 0 0
8 1 0.1 4.87963 2.14386 0.189556 -0.00943138 0.00679821 -0.00103218 -0.000656429 0.000967258 -0.00253829 1 0 0 0 0 0 0 0
9 1 0.1 4.72889 2.2932 0.137311 -0.00177459 -0.000407718 0.000949758 0.0044836 0.00951856 -0.0114956 1 0 0 0 0 0 0 0
10 1 0.1 4.44886 2.57044 0.139655 -0.000188377 -0.00141827 -0.00132692 -0.0211941 -0.00409419 -0.00165261 1 0 0 0 0 0 0 0
11 1 0.1 4.29226 2.7304 0.148884 -3.31882e-06 -2.66182e-06 3.45636e-05 -0.00164472 -0.0016284 -0.00102317 1 0 0 0 0 0 0 0
12 1 0.1 4.18723 2.90052 0.150319 -1.61711e-05 3.71616e-05 -0.000151993 -0.000667739 0.00166667 0.00123833 1 0 0 0 0 0 0 0
13 1 0.1 4.19017 3.10134 0.162633 0.000141091 0.000534751 -7.47721e-05 0.00216246 0.000460422 0.00335541 1 0 0 0 0 0 0 0
14 1 0.1 4.29719 3.27019 0.16852 0.000730736 0.000160616 0.000534453 -0.00380448 -0.00456716 0.00498177 1 0 0 0 0 0 0 0
15 1 0.1 4.49108 3.46505 0.141086 -0.00274297 -0.00246904 -0.00195641 0.0179052 0.0109067 -0.0307916 1 0 0 0 0 0 0 0
16 1 0.1 4.63123 3.60739 0.149982 -0.00263415 -0.00266277 9.83398e-05 -0.0015611 0.00232786 -0.0399444 1 0 0 0 0 0 0 0
17 1 0.1 4.78876 3.76531 0.14405 -0.000960591 -0.00298943 0.00221449 -0.00643875 -0.00337565 -0.0293464 1 0 0 0 0 0 0 0
18 1 0.1 5.04116 4.01556 0.138001 -0.00553064 -0.00228897 0.00234012 0.0165733 -0.0620281 -0.0660188 1 0 0 0 0 0 0 0
19 1 0.1 5.18254 4.15807 0.142675 -0.0124069 -0.00994476 0.00441221 -0.0513487 0.00183615 0.0325116 1 0 0 0 0 0 0 0
20 1 0.1 5.3226 4.30063 0.149959 -0.0129963 -0.00915008 -0.00144347 0.0119472 0.00944012 -0.120764 1 0 0 0 0 0 0 0
21 1 0.1 5.46403 4.44195 0.149994 -0.0126588 -0.00999461 0.000438067 0.0103986 -0.0124141 0.113237 1 0 0 0 0 0 0 0
22 1 0.1 5.63226 4.60837 0.152347 -0.00096407 -0.00520177 0.00280189 -0.010651 0.0583995 -0.00944417 1 0 0 0 0 0 0 0
23 1 0.1 5.79683 4.7812 0.150173 0.000229764 0.000113108 0.00048845 -0.00594361 -0.000684293 -0.027589 1 0 0 0 0 0 0 0
24 1 0.1 5.93964 4.92339 0.150009 -0.013894 -0.00843659 1.1534e-05 -0.00161274 0.0030293 -0.166505 1 0 0 0 0 0 0 0
25 1 0.1 6.3522 0.666718 0.149964 -0.01746 0.0254302 0.00317552 0.0165635 -0.0260916 0.320097 1 0 0 0 0 0 0 0
26 1 0.1 6.11001 1.17364 0.137349 -0.0287495 0.0510811 -0.0308153 -0.389901 -0.234211 0.0621846 1 0 0 0 0 0 0 0
27 1 0.1 5.96864 1.31483 0.137429 -0.0188392 0.0399761 -0.0019799 0.0386542 0.0310988 -0.0343456 1 0 0 0 0 0 0 0
28 1 0.1 5.82741 1.45586 0.137137 -0.0156341 0.0228648 0.000243731 -0.212752 -0.127826 0.332547 1 0 0 0 0 0 0 0
29 1 0.1 5.68396 1.60122 0.137493 -0.0614345 0.118686 -0.000338937 0.0414674 0.121211 0.626765 1 0 0 0 0 0 0 0
30 1 0.1 5.49462 1.72125 0.215626 -0.0415643 0.0361629 -0.0158495 0.520892 0.674397 -0.224556 1 0 0 0 0 0 0 0
31 1 0.1 5.3478 1.91336 0.13804 -0.0276409 0.106055 -0.0373243 1.88854 0.863949 0.169611 1 0 0 0 0 0 0 0
32 1 0.1 5.21217 2.06094 0.137264 -0.202884 -0.181675 0.00101266 1.82653 -2.05533 -0.420615 1 0 0 0 0 0 0 0
33 1 0.1 5.06589 2.21397 0.137617 -0.180339 -0.209954 0.0353089 1.11588 -0.250125 -2.21351 1 0 0 0 0 0 0 0
34 1 0.1 4.91703 2.33998 0.182548 -0.0053851 1.3422e-05 -0.0030864 -0.0152941 0.0548162 -0.000693603 1 0 0 0 0 0 0 0
35 1 0.1 4.59024 2.43279 0.170772 -0.000470155 -0.000523791 0.000486753 -0.000225964 -0.00582321 0.00231663 1 0 0 0 0 0 0 0
36 1 0.1 4.54776 2.74325 0.137691 -0.00350979 -0.00244306 -0.00248425 -0.00878315 -0.0261636 0.0313241 1 0 0 0 0 0 0 0
37 1 0.1 4.42218 2.89845 0.144687 -0.00200141 -0.00157667 -0.00282758 0.0602532 -0.0528463 -0.0248707 1 0 0 0 0 0 0 0
38 1 0.1 4.38823 3.09505 0.137406 6.38473e-05 -0.000811438 7.85424e-05 0.0121722 -0.00150682 -0.0219285 1 0 0 0 0 0 0 0
39 1 0.1 4.496 3.26334 0.14436 -0.541963 0.345573 0.0372919 0.266333 -0.215135 5.28166 1 0 0 0 0 0 0 0
40 1 0.1 4.66963 3.37726 0.137217 -0.00482456 -0.00232353 -0.000821334 0.0179341 -0.0359546 0.0184073 1 0 0 0 0 0 0 0
41 1 0.1 4.83496 3.57154 0.137315 -0.00108907 -0.00309821 0.00167333 0.0182749 0.0173928 -0.00615446 1 0 0 0 0 0 0 0
42 1 0.1 4.97877 3.82589 0.137473 -0.00467919 0.000888619 0.000771356 -0.0208212 0.0163152 0.0936593 1 0 0 0 0 0 0 0
43 1 0.1 5.22077 3.97531 0.215723 -0.00673806 -0.010592 0.00694634 0.108825 0.0368202 0.0406994 1 0 0 0 0 0 0 0
44 1 0.1 5.36056 4.11771 0.224181 -0.00918804 -0.0088901 0.00362055 -0.0722444 0.0326025 -0.00979491 1 0 0 0 0 0 0 0
45 1 0.1 5.50634 4.22335 0.137464 -0.0152642 -0.00307505 -9.42119e-05 -0.00441275 -0.0313314 0.15276 1 0 0 0 0 0 0 0
46 1 0.1 5.7249 4.43253 0.136871 0.00133289 -0.00610732 0.000554599 0.0675418 -0.0534799 -0.0198731 1 0 0 0 0 0 0 0
47 1 0.1 5.85123 4.58655 0.148781 0.00256666 -0.00731317 0.00315146 -0.0155359 -0.00356803 0.0460572 1 0 0 0 0 0 0 0
48 1 0.1 5.98946 4.73017 0.137411 -0.000807313 -0.0047435 -0.0001526 -0.019807 0.0206292 -0.00716088 1 0 0 0 0 0 0 0
49 1 0.1 6.21771 5.2029 0.149856 -0.000150134 -0.000300868 -0.000113795 0.00172655 0.00179827 -0.00790192 1 0 0 0 0 0 0 0
50 1 0.1 6.49363 0.52535 0.150005 -0.0174284 0.0257373 0.00132329 0.00678723 -0.0115567 0.319839 1 0 0 0 0 0 0 0
51 1 0.1 6.25138 1.03222 0.137499 -0.029237 0.0412733 -0.00405969 0.111803 0.0327988 -0.14638 1 0 0 0 0 0 0 0
52 1 0.1 6.01711 1.51884 0.137486 -0.0579568 0.152287 -0.000421117 -0.746219 -0.180845 1.03087 1 0 0 0 0 0 0 0
53 1 0.1 5.87501 1.66006 0.137693 -0.0816414 0.187712 0.00330332 0.287154 -0.0553299 0.084886 1 0 0 0 0 0 0 0
54 1 0.1 5.83904 1.85715 0.137492 -0.0987965 0.186069 0.00551292 -1.3764 -0.167782 0.707648 1 0 0 0 0 0 0 0
55 1 0.1 5.68568 1.77523 0.236031 -0.0490265 0.10928 0.0102157 0.181156 -0.624964 1.07493 1 0 0 0 0 0 0 0
56 1 0.1 5.5582 1.89298 0.13711 -0.028317 0.0385851 -0.0128211 -0.194032 -0.175986 -0.258834 1 0 0 0 0 0 0 0
57 1 0.1 5.38456 2.16246 0.138425 -0.199107 -0.15745 -0.0207012 -0.646672 0.364895 0.27213 1 0 0 0 0 0 0 0
58 1 0.1 5.26242 2.32023 0.137174 -0.091807 -0.092133 -0.00223025 0.70392 -0.149611 -1.47657 1 0 0 0 0 0 0 0
59 1 0.1 5.09188 2.42364 0.137394 -0.01813 0.0240765 0.00302982 -0.0483744 -0.158337 0.273727 1 0 0 0 0 0 0 0
60 1 0.1 4.88708 2.5477 0.137154 -0.00050868 -0.00116329 0.000587595 0.00982348 -0.0103615 -0.000253513 1 0 0 0 0 0 0 0
61 1 0.1 4.68977 2.6025 0.137451 -0.00127886 -0.00129562 0.000321771 0.00276326 -0.00374118 0.00035592 1 0 0 0 0 0 0 0
62 1 0.1 4.64054 2.91965 0.137133 -0.00569676 -0.00275757 0.00030779 0.0156024 -0.0206413 -0.0220338 1 0 0 0 0 0 0 0
63 1 0.1 4.67919 3.11558 0.1372 -0.0076005 -0.00176536 -0.000372083 0.0106838 -0.0750645 0.05158 1 0 0 0 0 0 0 0
64 1 0.1 4.81723 3.28431 0.232232 -0.0118038 -0.0044605 0.00518325 0.00368377 -0.064062 -0.040679 1 0 0 0 0 0 0 0
65 1 0.1 4.94463 3.40505 0.137242 -0.00514113 -0.00646365 0.00583855 -0.0053093 -0.0216771 -0.0374046 1 0 0 0 0 0 0 0
66 1 0.1 5.03285 3.59891 0.13748 0.00261482 0.00136977 0.00252244 0.0338543 -0.0206088 0.0597185 1 0 0 0 0 0 0 0
67 1 0.1 5.17017 3.76885 0.137437 -0.00146311 0.0229253 -0.00147116 -0.0120266 0.0263866 0.0976574 1 0 0 0 0 0 0 0
68 1 0.1 5.39591 3.92158 0.136892 -0.00487103 -0.00138579 -0.00088502 0.0124789 -0.0667006 0.00521891 1 0 0 0 0 0 0 0
69 1 0.1 5.5407 4.03101 0.219925 -0.00599246 -0.00141284 0.00690929 0.0263311 0.0276226 0.0191632 1 0 0 0 0 0 0 0
70 1 0.1 5.70501 4.20252 0.138088 -0.0167756 0.0049545 -0.00298388 0.021456 0.0552739 -0.082744 1 0 0 0 0 0 0 0
71 1 0.1 5.88426 4.31281 0.1516 -0.0125381 -0.0302922 -0.000465756 0.0959398 -0.0300258 -0.176792 1 0 0 0 0 0 0 0
72 1 0.1 6.01099 4.46685 0.138546 -0.0107586 -0.0258877 -0.00597279 -0.0661146 0.152508 0.174453 1 0 0 0 0 0 0 0
73 1 0.1 6.16153 4.83176 0.137462 -0.00028957 -0.00172179 0.00018122 0.0286151 -0.0118401 0.0309187 1 0 0 0 0 0 0 0
74 1 0.1 6.35916 5.34425 0.149995 -0.000133223 -0.000142071 -8.82938e-05 -0.000774431 0.00140214 -0.00428041 1 0 0 0 0 0 0 0
75 1 0.1 6.5426 0.726329 0.1375 -0.042687 0.104224 -0.00181366 -0.49921 -0.0705585 0.538129 1 0 0 0 0 0 0 0
76 1 0.1 6.22798 0.823345 0.14786 -0.0174246 0.0250162 -0.00200591 -0.0613067 -0.00354111 -0.318668 1 0 0 0 0 0 0 0
77 1 0.1 6.12466 1.66389 0.223376 -0.194607 0.213826 0.0644521 0.772949 -1.0169 0.148055 1 0 0 0 0 0 0 0
78 1 0.1 5.96315 2.01636 0.139125 -0.102845 0.276753 0.0372442 0.752728 -0.739794 1.65879 1 0 0 0 0 0 0 0
79 1 0.1 5.87812 2.18382 0.223042 -0.456683 0.319246 0.17181 0.959572 -0.958481 4.21535 1 0 0 0 0 0 0 0
80 1 0.1 5.765 2.04288 0.137498 -0.113973 0.171346 -0.037553 0.882316 -0.243121 -0.565953 1 0 0 0 0 0 0 0
81 1 0.1 5.57143 2.09226 0.1375 -0.137782 0.0469816 -0.0376681 0.114438 0.00939347 1.82079 1 0 0 0 0 0 0 0
82 1 0.1 5.57806 2.29212 0.137404 -0.45138 0.0621419 0.0080728 -0.693222 -0.718728 0.605735 1 0 0 0 0 0 0 0
83 1 0.1 5.5063 2.47419 0.178871 -0.299575 0.0455388 -0.0289995 0.918777 -0.254944 0.601315 1 0 0 0 0 0 0 0
84 1 0.1 5.31473 2.51289 0.137654 -0.322208 -0.0422236 -0.02459 -0.144632 0.196143 0.497317 1 0 0 0 0 0 0 0
85 1 0.1 5.1437 2.61644 0.13726 -0.243603 0.0861019 0.00477192 -0.822471 -0.548086 -0.699211 1 0 0 0 0 0 0 0
86 1 0.1 4.8272 2.74734 0.139079 -0.00540238 -0.00203392 0.00378651 0.0248156 -0.0161684 0.0294407 1 0 0 0 0 0 0 0
87 1 0.1 4.83643 2.94534 0.163491 -0.0127859 -0.00385258 0.00138805 -0.0452358 -0.00671472 0.0282295 1 0 0 0 0 0 0 0
88 1 0.1 4.90431 3.13122 0.137554 -0.0157746 -0.00496176 0.00768141 0.076984 -0.0866268 0.00295011 1 0 0 0 0 0 0 0
89 1 0.1 5.06677 3.24726 0.137658 -0.0128481 -0.0117916 0.00114007 -0.0774158 0.175132 -0.0729681 1 0 0 0 0 0 0 0
90 1 0.1 5.14239 3.4317 0.137158 -0.00473192 -0.0112546 -0.00389087 0.0997423 -0.0876668 -0.0126468 1 0 0 0 0 0 0 0
91 1 0.1 5.24416 3.59287 0.196015 -0.0648136 0.0167383 0.0340604 -0.299652 -0.293997 -0.72054 1 0 0 0 0 0 0 0
92 1 0.1 5.37176 3.74355 0.224874 -0.0119503 -0.0187019 0.0111732 -0.177649 0.117683 0.011106 1 0 0 0 0 0 0 0
93 1 0.1 5.58247 3.85084 0.137467 -0.0308611 -0.0756728 0.00411722 -0.115814 0.0210622 -0.829333 1 0 0 0 0 0 0 0
94 1 0.1 5.72951 3.986 0.137452 -0.0268419 -0.0670265 -0.00344066 0.0573815 -0.0226714 0.703506 1 0 0 0 0 0 0 0
95 1 0.1 5.88364 4.11305 0.144087 -0.0404843 -0.0374496 -0.0102108 -0.0871807 0.0633548 -0.406359 1 0 0 0 0 0 0 0
96 1 0.1 6.01475 4.20552 0.263388 -0.0176832 -0.0619409 -0.0159196 -0.130418 0.109721 -0.539296 1 0 0 0 0 0 0 0
97 1 0.1 6.13187 4.30743 0.137465 -0.0243954 -0.0318264 0.000562977 0.319639 -0.241802 0.847823 1 0 0 0 0 0 0 0
98 1 0.1 6.25718 5.00728 0.137797 -0.00189168 -0.000516676 -0.000266815 -0.0100614 0.052582 -0.00853896 1 0 0 0 0 0 0 0
99 1 0.1 6.40955 5.1481 0.137482 -0.00021151 -0.000154766 -0.000124927 -0.000269452 -0.00104238 0.00526775 1 0 0 0 0 0 0 0
100 1 0.1 6.42982 1.05533 0.224632 -0.101134 0.0789499 0.137105 -0.499862 -1.66293 0.39983 1 0 0 0 0 0 0 0
101 1 0.1 6.1423 1.38105 0.210879 -0.106225 0.153781 0.101837 -0.522782 -0.677346 -0.0885845 1 0 0 0 0 0 0 0
102 1 0.1 6.16139 1.62433 0.580902 -0.232623 0.242546 -0.00508639 -0.613155 -0.326199 -0.465501 1 0 0 0 0 0 0 0
103 1 0.1 6.01916 1.83376 0.221036 -0.159581 0.233397 0.13616 0.425356 -1.15018 -0.640015 1 0 0 0 0 0 0 0
104 1 0.1 5.72521 2.65894 0.278328 -0.306626 0.297371 -0.0548805 -0.472171 1.81157 -1.8999 1 0 0 0 0 0 0 0
105 1 0.1 5.77287 2.33513 0.143842 -0.789365 -0.0168577 0.0750386 -0.835489 -0.488462 -0.940948 1 0 0 0 0 0 0 0
106 1 0.1 5.69646 2.51988 0.137494 -0.343224 0.247641 0.000145931 0.0783517 0.187265 1.30583 1 0 0 0 0 0 0 0
107 1 0.1 5.52089 2.6716 0.138258 -1.14375 0.204975 -0.00070156 -0.160536 -1.22827 1.88419 1 0 0 0 0 0 0 0
108 1 0.1 5.53673 2.6822 0.340755 -0.300743 0.152066 0.000491207 0.773569 -1.26532 3.36641 1 0 0 0 0 0 0 0
109 1 0.1 5.45593 2.86158 0.137237 -0.0642286 -0.0303258 -0.0137673 0.134635 -0.478491 -0.465383 1 0 0 0 0 0 0 0
110 1 0.1 5.31854 2.71256 0.137766 -0.153935 -0.0585536 0.00324628 -0.17639 -0.0469997 -0.86581 1 0 0 0 0 0 0 0
111 1 0.1 5.04229 2.79583 0.137462 -0.44256 -0.030354 5.16786e-06 -0.000396997 -1.51879e-05 -0.000476429 1 0 0 0 0 0 0 0
112 1 0.1 5.0253 2.98231 0.216184 -0.0276382 0.00768679 0.0160572 -0.411804 -0.239986 -0.015829 1 0 0 0 0 0 0 0
113 1 0.1 5.17891 3.08251 0.13741 -0.0246491 -0.0220271 -0.00354543 -0.0826537 0.174355 -0.0808877 1 0 0 0 0 0 0 0
114 1 0.1 5.34245 3.21815 0.242504 -0.29931 -0.0831346 0.025626 0.181797 -0.0168589 1.18478 1 0 0 0 0 0 0 0
115 1 0.1 5.32531 3.41709 0.244546 -0.324434 -0.0832293 0.0739373 0.326058 0.207536 -0.909249 1 0 0 0 0 0 0 0
116 1 0.1 5.47553 3.49398 0.137553 -0.418351 -0.0252916 -0.0186517 0.324157 1.30157 1.02871 1 0 0 0 0 0 0 0
117 1 0.1 5.59849 3.65158 0.137481 -0.330019 -0.0968227 0.000221468 0.245267 -0.882677 -2.14707 1 0 0 0 0 0 0 0
118 1 0.1 5.67393 3.38189 0.137461 -0.326679 -0.137447 0.00202967 0.333027 -1.16506 -0.159936 1 0 0 0 0 0 0 0
119 1 0.1 5.49399 3.29492 0.137348 -0.372371 -0.0138389 -0.0146689 -0.266552 -0.166575 -0.377384 1 0 0 0 0 0 0 0
120 1 0.1 5.73646 3.76792 0.234321 -0.109701 -0.189107 0.0311274 0.29657 -0.461611 -0.514057 1 0 0 0 0 0 0 0
121 1 0.1 5.68279 3.65881 0.42029 -0.113125 -0.150243 -0.0222711 -0.846714 1.02269 -0.261432 1 0 0 0 0 0 0 0
122 1 0.1 6.1497 4.61079 0.137407 -0.0126807 -0.0186199 0.000388953 0.186748 -0.130568 -0.154471 1 0 0 0 0 0 0 0
123 1 0.1 6.24969 4.71558 0.274988 -0.023953 -0.0209389 0.0117313 -0.133389 -0.0360806 0.158476 1 0 0 0 0 0 0 0
124 1 0.1 6.36081 4.83683 0.152357 -0.0025399 0.0027944 0.0332581 0.0682392 -0.319113 0.0207851 1 0 0 0 0 0 0 0
125 1 0.1 6.08919 0.930255 0.351043 -0.329735 0.223057 -0.00702447 0.150067 0.144857 0.792188 1 0 0 0 0 0 0 0
126 1 0.1 5.93432 1.08137 0.351175 0.00673356 0.00177746 -0.00433837 -0.011634 -0.0044999 -0.0378633 1 0 0 0 0 0 0 0
127 1 0.1 5.79557 1.22513 0.35066 0.00441559 0.0053946 -0.00461873 0.00573519 0.0107116 0.0203596 1 0 0 0 0 0 0 0
128 1 0.1 5.65162 1.36357 0.350073 -0.00261437 0.00495787 -0.00136523 0.00725129 0.0123455 0.0163921 1 0 0 0 0 0 0 0
129 1 0.1 5.51036 1.50475 0.34992 -0.00368777 0.0068819 0.00612752 0.0387962 0.0453998 -0.0449851 1 0 0 0 0 0 0 0
130 1 0.1 5.22671 1.78868 0.350406 0.00228064 -0.000281878 0.0101995 0.0325871 -0.0915858 0.00879013 1 0 0 0 0 0 0 0
131 1 0.1 5.08913 1.93313 0.325089 -0.0198066 0.0306128 -0.00318304 -0.0290559 0.0263986 0.388831 1 0 0 0 0 0 0 0
132 1 0.1 4.95152 2.08173 0.3655 -0.70486 -0.233147 0.200939 1.80308 -4.58429 -1.64392 1 0 0 0 0 0 0 0
133 1 0.1 4.7612 2.26378 0.361045 -0.00356267 0.0038449 -0.00148188 -0.0145862 0.0284262 0.0186809 1 0 0 0 0 0 0 0
134 1 0.1 4.62124 2.40592 0.366452 -0.00239335 0.000993371 0.00096436 0.0228403 0.00210687 0.0276586 1 0 0 0 0 0 0 0
135 1 0.1 4.37638 2.64959 0.321447 -0.000911553 0.000671743 0.00135353 0.0587609 0.028594 0.0166769 1 0 0 0 0 0 0 0
136 1 0.1 4.21929 2.80278 0.34255 -0.00602816 0.000827623 0.000542317 0.0865418 -0.0475199 0.129048 1 0 0 0 0 0 0 0
137 1 0.1 4.18776 2.99659 0.350742 0.00160692 -0.00384636 0.000688613 -0.0343821 -0.0416601 0.153326 1 0 0 0 0 0 0 0
138 1 0.1 4.21497 3.19251 0.349902 -0.00465899 -0.00425869 -0.000955101 0.0178861 0.00819406 -0.106555 1 0 0 0 0 0 0 0
139 1 0.1 4.37774 3.36205 0.350263 -0.000891504 -0.001311 0.00122658 -0.0131553 -0.000488495 -0.0105237 1 0 0 0 0 0 0 0
140 1 0.1 4.57905 3.5559 0.343199 -0.000458282 -0.00193023 -0.00104568 0.00694087 0.0092121 -0.0150372 1 0 0 0 0 0 0 0
141 1 0.1 4.71989 3.69665 0.344029 -0.00387154 -0.0004368 0.00477108 0.0157859 -0.0875328 0.0268227 1 0 0 0 0 0 0 0
142 1 0.1 4.87352 3.84635 0.306205 -0.00592357 -0.00878144 0.00229092 -0.0809919 0.00623283 0.234021 1 0 0 0 0 0 0 0
143 1 0.1 5.0594 4.03633 0.348691 -0.00365014 -0.00221073 0.00455598 -0.0241366 -0.0508066 -0.181148 1 0 0 0 0 0 0 0
144 1 0.1 5.20433 4.17252 0.355604 0.000381593 -0.00839376 -0.00651568 -0.141547 0.00853866 0.00344777 1 0 0 0 0 0 0 0
145 1 0.1 5.34231 4.31638 0.357088 -0.0042815 3.84123e-05 -0.00943457 0.153767 0.0149883 -0.00719664 1 0 0 0 0 0 0 0
146 1 0.1 5.48235 4.45868 0.350338 -0.000356195 0.000439493 0.00204985 -0.00427622 -0.0238571 -0.0192212 1 0 0 0 0 0 0 0
147 1 0.1 5.62344 4.59975 0.351468 0.00146502 -0.000943544 0.000295277 0.0435741 -0.0133855 0.041794 1 0 0 0 0 0 0 0
148 1 0.1 5.76459 4.74068 0.350811 -0.0012554 0.000381914 -0.00159805 -0.0258836 0.0432711 -0.00291718 1 0 0 0 0 0 0 0
149 1 0.1 6.03696 5.01298 0.352716 0.000510201 3.19929e-05 0.00100498 -0.0108879 -0.00594364 -0.00130515 1 0 0 0 0 0 0 0
150 1 0.1 6.27173 0.750561 0.349955 -0.0618823 0.0749517 0.00537036 0.0563297 -0.0194414 1.02044 1 0 0 0 0 0 0 0
151 1 0.1 6.0306 1.25315 0.317061 -0.198475 0.148664 0.101056 0.472517 -0.946902 2.20874 1 0 0 0 0 0 0 0
152 1 0.1 5.8968 1.40314 0.316446 -0.198947 0.149878 0.116639 -1.25624 -1.91574 -0.452232 1 0 0 0 0 0 0 0
153 1 0.1 5.69643 1.57657 0.336428 -0.0531638 0.136433 0.0232641 0.220455 -0.139784 1.41041 1 0 0 0 0 0 0 0
154 1 0.1 5.55113 1.69646 0.41687 -0.0712833 -0.0143966 0.110119 -0.383108 -0.502204 1.0871 1 0 0 0 0 0 0 0
155 1 0.1 5.36894 1.64558 0.350075 -0.004004 0.00898454 0.00934032 0.0088412 0.0162365 0.0335564 1 0 0 0 0 0 0 0
156 1 0.1 5.27752 1.9831 0.369424 -0.0467529 0.033314 0.123382 -0.0575378 -1.49182 -0.297575 1 0 0 0 0 0 0 0
157 1 0.1 5.15248 2.13313 0.313392 -0.180429 -0.160871 0.00278574 -1.4604 1.58743 -1.37868 1 0 0 0 0 0 0 0
158 1 0.1 4.95526 2.30027 0.374347 -0.00932191 0.00486006 0.000517378 -0.0226904 -0.0278416 -0.0272499 1 0 0 0 0 0 0 0
159 1 0.1 4.7986 2.45781 0.291498 -0.0013174 0.00135377 0.000609185 -0.0107663 0.0134431 -0.0348139 1 0 0 0 0 0 0 0
160 1 0.1 4.56451 2.5859 0.301798 -0.00169986 0.000683098 -0.000528065 -0.0298562 -0.0137442 -0.0201443 1 0 0 0 0 0 0 0
161 1 0.1 4.41415 2.84506 0.337111 -0.00632707 0.00128178 -0.00188906 -0.0909329 0.0151374 0.00475397 1 0 0 0 0 0 0 0
162 1 0.1 4.37843 3.04136 0.336139 -0.00539038 0.00322002 0.000154937 0.0716539 0.0559525 -0.0212541 1 0 0 0 0 0 0 0
163 1 0.1 4.48919 3.1987 0.376615 -0.00464712 -0.00315347 0.00334594 0.000484989 -0.00865675 -0.0280687 1 0 0 0 0 0 0 0
164 1 0.1 4.60367 3.35869 0.355491 -0.000842393 -0.00382118 -0.000535978 -0.0172057 0.0600673 -0.01107 1 0 0 0 0 0 0 0
165 1 0.1 4.75349 3.47382 0.290981 -0.00137881 -0.00564789 -0.00191759 0.0423694 -0.00441634 -0.0224483 1 0 0 0 0 0 0 0
166 1 0.1 4.90043 3.61335 0.324279 -0.0565831 -0.102916 0.0179181 0.0902 -0.111854 -1.17183 1 0 0 0 0 0 0 0
167 1 0.1 5.06315 3.83759 0.378997 -0.00235587 -0.0182933 0.0213304 -0.104668 -0.0385241 -0.0146853 1 0 0 0 0 0 0 0
168 1 0.1 5.22526 3.94796 0.413237 -0.00788821 -0.00632769 0.00735988 -0.0839376 0.0731636 0.0575336 1 0 0 0 0 0 0 0
169 1 0.1 5.3706 4.08423 0.421004 -0.00726179 -0.0102229 0.00321689 0.0264833 -0.0728785 -0.0747422 1 0 0 0 0 0 0 0
170 1 0.1 5.51252 4.21161 0.3625 -0.0103399 -0.00813658 0.00204564 -0.0791526 0.0372629 0.120232 1 0 0 0 0 0 0 0
171 1 0.1 5.6441 4.34736 0.29836 -0.0125271 -0.0080727 -0.00470805 -0.0230525 -0.0622338 -0.0662153 1 0 0 0 0 0 0 0
172 1 0.1 5.78927 4.49492 0.31531 0.00051254 -0.00410161 0.00276449 -0.0453127 -0.00660594 -0.0269097 1 0 0 0 0 0 0 0
173 1 0.1 5.91946 4.62295 0.396677 -0.0017763 0.00147324 0.000397458 -0.0374205 -0.0317877 0.00630776 1 0 0 0 0 0 0 0
174 1 0.1 6.1781 5.15446 0.351195 0.000304585 0.000110066 0.000464785 -0.00373618 -0.00251161 0.00343131 1 0 0 0 0 0 0 0
175 1 0.1 6.41315 0.609211 0.349999 -0.0606984 0.0747238 0.00140405 0.0189966 -0.00421348 0.99782 1 0 0 0 0 0 0 0
176 1 0.1 6.17017 1.11009 0.316699 -0.199735 0.120844 -0.0164687 -0.618538 -0.852484 -1.47068 1 0 0 0 0 0 0 0
177 1 0.1 5.96399 1.59134 0.317708 -0.214446 0.155376 -0.0183173 -0.876262 -0.0242432 0.628621 1 0 0 0 0 0 0 0
178 1 0.1 5.82555 1.7258 0.369562 -0.142123 0.169045 0.0984394 -0.343056 -0.773103 -0.586875 1 0 0 0 0 0 0 0
179 1 0.1 5.69708 1.90569 0.387928 -0.702216 0.0747522 0.0262789 -0.968862 0.783075 0.214183 1 0 0 0 0 0 0 0
180 1 0.1 5.41876 1.83881 0.370764 0.00594654 -0.0671876 0.0822904 -0.0394827 -0.695347 -0.844904 1 0 0 0 0 0 0 0
181 1 0.1 5.45297 2.01155 0.276749 0.0679767 -0.0984153 0.0500367 -0.140157 1.86325 -0.344787 1 0 0 0 0 0 0 0
182 1 0.1 5.32562 2.25663 0.315303 -0.109392 -0.0369158 0.0227209 -2.71728 1.0266 -2.25642 1 0 0 0 0 0 0 0
183 1 0.1 5.14382 2.33717 0.322957 -0.0420368 0.0826222 -0.0177857 -0.798119 0.0983502 1.05847 1 0 0 0 0 0 0 0
184 1 0.1 5.01651 2.48898 0.359539 0.00117977 0.0142511 -0.00700637 0.000955718 0.0478099 0.0083041 1 0 0 0 0 0 0 0
185 1 0.1 4.73226 2.60466 0.408894 0.00107986 0.00174108 -0.000841749 -0.0222156 0.00752588 0.0459713 1 0 0 0 0 0 0 0
186 1 0.1 4.60298 2.78031 0.327516 -0.00355243 0.000386873 -0.00187856 0.018314 0.0113501 0.0148344 1 0 0 0 0 0 0 0
187 1 0.1 4.56473 2.97601 0.312579 -0.00830521 4.5394e-05 -0.00190846 -0.0413367 -0.0443013 -0.000267951 1 0 0 0 0 0 0 0
188 1 0.1 4.68022 3.17591 0.327452 -0.0119082 -0.00204439 -0.000293505 -0.00635515 0.0624543 0.0522042 1 0 0 0 0 0 0 0
189 1 0.1 4.96982 3.1969 0.3239 -0.273874 -0.232653 0.239052 0.055267 -2.93745 -2.79417 1 0 0 0 0 0 0 0
190 1 0.1 4.90417 3.38028 0.384444 -0.0384286 0.0165027 0.00878674 0.0716103 0.111785 0.656237 1 0 0 0 0 0 0 0
191 1 0.1 5.09739 3.64721 0.320454 -0.0711241 -0.0709446 0.051846 1.06711 -0.0166552 1.48159 1 0 0 0 0 0 0 0
192 1 0.1 5.25396 3.75172 0.387844 -0.105569 -0.00299976 0.0264419 -0.177569 0.78396 -0.855832 1 0 0 0 0 0 0 0
193 1 0.1 5.40377 3.90645 0.335693 -0.00530184 -0.00740883 -0.00303509 0.0138909 0.0417159 -0.00115046 1 0 0 0 0 0 0 0
194 1 0.1 5.55823 4.00352 0.417121 -0.0073112 -0.0083874 0.00661301 0.0717979 -0.0592454 0.0658337 1 0 0 0 0 0 0 0
195 1 0.1 5.68659 4.1227 0.320882 -0.00669696 0.00151108 0.00786156 -0.0282069 -0.024693 0.0276181 1 0 0 0 0 0 0 0
196 1 0.1 5.83617 4.25346 0.339197 0.00254021 0.000290828 -0.00349294 -0.0913232 0.0791527 -0.103646 1 0 0 0 0 0 0 0
197 1 0.1 5.9669 4.4041 0.327677 0.0047842 -0.00297499 -0.0411464 0.0817447 0.484054 0.040477 1 0 0 0 0 0 0 0
198 1 0.1 5.93312 4.84423 0.377623 -0.0014754 0.00118503 -0.000796144 -0.0294038 -0.0886338 -0.00265508 1 0 0 0 0 0 0 0
199 1 0.1 6.3199 5.29526 0.345715 3.83458e-05 0.000169027 0.000310539 -0.00224901 -0.00183839 -0.00027054 1 0 0 0 0 0 0 0
200 1 0.1 6.45443 0.858661 0.258962 -0.341197 0.0675863 -0.163809 -0.237467 0.630591 -0.936822 1 0 0 0 0 0 0 0
201 1 0.1 6.28665 0.947793 0.321244 -0.262815 0.0875024 -0.00184088 -0.0206772 1.41889 0.782617 1 0 0 0 0 0 0 0
202 1 0.1 5.94111 1.88645 0.397499 -0.214631 0.243421 0.0149712 -0.455368 1.02873 1.61562 1 0 0 0 0 0 0 0
203 1 0.1 5.60055 2.68774 0.762464 -0.563535 0.0483886 -0.0133837 -0.397715 -1.3103 0.14293 1 0 0 0 0 0 0 0
204 1 0.1 5.8017 2.26 0.391385 -0.424643 0.201695 0.244745 -0.543683 -2.35796 -0.871825 1 0 0 0 0 0 0 0
205 1 0.1 5.68364 2.0909 0.314956 -0.259402 -0.0231184 -0.0357104 -0.0575158 -0.279883 -4.82296 1 0 0 0 0 0 0 0
206 1 0.1 5.51607 2.199 0.303419 -0.11444 0.0151635 0.000696132 0.314831 -0.0024129 2.90587 1 0 0 0 0 0 0 0
207 1 0.1 5.49016 2.47184 0.378104 -0.73369 -0.124463 -0.0694492 0.531453 -2.70737 -3.60263 1 0 0 0 0 0 0 0
208 1 0.1 5.35471 2.6057 0.310141 -0.222037 0.0532429 -0.167405 1.74071 0.747039 -4.12574 1 0 0 0 0 0 0 0
209 1 0.1 5.15796 2.62717 0.33606 -0.173971 0.213996 0.00271783 0.766972 0.537366 2.50754 1 0 0 0 0 0 0 0
210 1 0.1 4.925 2.65532 0.420225 0.00320907 0.010706 -0.00100141 0.00877882 0.00194292 0.0384477 1 0 0 0 0 0 0 0
211 1 0.1 4.79866 2.79915 0.363585 -0.00358757 0.00396729 -0.00162017 -0.000950309 -0.0111026 0.0481584 1 0 0 0 0 0 0 0
212 1 0.1 4.76151 2.99408 0.342012 -0.00880385 0.000645952 -0.00191139 -0.0108501 0.0216073 -0.0083289 1 0 0 0 0 0 0 0
213 1 0.1 5.10732 3.07048 0.392529 -0.33649 -0.364251 0.15987 0.303725 3.80542 1.17186 1 0 0 0 0 0 0 0
214 1 0.1 5.16149 3.2511 0.319971 -0.26172 -0.293949 0.212273 -2.48376 2.50927 2.20065 1 0 0 0 0 0 0 0
215 1 0.1 5.1434 3.4523 0.3352 -0.0572551 -0.0811325 -0.00169171 0.504227 -0.568535 -1.12138 1 0 0 0 0 0 0 0
216 1 0.1 5.29874 3.55744 0.402627 -0.130846 0.0317935 0.0213361 -0.587494 0.260965 2.49531 1 0 0 0 0 0 0 0
217 1 0.1 5.4726 3.59406 0.311552 -0.0857876 -0.0927717 0.0348784 -0.594174 -0.749785 -3.48655 1 0 0 0 0 0 0 0
218 1 0.1 5.55692 3.77912 0.322388 -0.0819715 -0.102967 -0.0105951 -0.127531 0.118685 -1.21475 1 0 0 0 0 0 0 0
219 1 0.1 5.69159 3.85759 0.447489 -0.118478 -0.0907944 0.0143977 -0.224843 -0.442351 0.976879 1 0 0 0 0 0 0 0
220 1 0.1 5.81452 3.93765 0.311752 -0.121483 -0.080025 0.0352654 -0.345329 -0.232024 0.00386433 1 0 0 0 0 0 0 0
221 1 0.1 5.9459 4.06105 0.398123 -0.144324 -0.014644 -0.0383064 0.228906 1.22316 0.972278 1 0 0 0 0 0 0 0
222 1 0.1 6.02603 4.23309 0.4611 -0.0712161 -0.0644964 -0.011377 0.187674 -0.0233222 -0.268594 1 0 0 0 0 0 0 0
223 1 0.1 6.20837 4.91908 0.31094 0.000305352 -0.00208439 0.00100744 -0.0141945 0.0226291 -0.0157067 1 0 0 0 0 0 0 0
224 1 0.1 6.34965 5.06048 0.306926 -9.43834e-05 -0.001128 -0.000854907 -0.00661734 -0.0151694 0.03041 1 0 0 0 0 0 0 0
225 1 0.1 6.28652 1.24293 0.200815 -0.110277 0.148513 0.111804 0.298413 -0.863874 0.988009 1 0 0 0 0 0 0 0
226 1 0.1 6.21536 1.29633 0.379959 -0.198712 0.178356 0.0807709 0.344242 1.34803 -1.63563 1 0 0 0 0 0 0 0
227 1 0.1 6.07495 1.44125 0.39881 -0.235691 0.210942 0.168167 -0.99004 0.8607 0.0817044 1 0 0 0 0 0 0 0
228 1 0.1 5.88455 2.07818 0.396462 -0.440409 0.184304 0.197106 1.8234 0.753164 0.708433 1 0 0 0 0 0 0 0
229 1 0.1 5.77855 2.86964 0.713954 -0.301008 -0.136481 0.555593 0.17548 -4.28361 -0.0982418 1 0 0 0 0 0 0 0
230 1 0.1 5.64177 2.35352 0.316602 -0.330807 0.207762 -0.0137886 -0.565116 -0.0584374 0.334902 1 0 0 0 0 0 0 0
231 1 0.1 5.72088 2.50413 0.421192 -0.269069 0.214543 -0.022909 0.598288 0.225122 0.569488 1 0 0 0 0 0 0 0
232 1 0.1 5.56919 2.59196 0.516906 -0.591903 -0.154732 -0.13372 -1.99589 -0.335946 2.13757 1 0 0 0 0 0 0 0
233 1 0.1 5.64257 3.05103 0.308648 -0.334643 -0.0855611 0.0486491 1.44323 -5.73047 2.79361 1 0 0 0 0 0 0 0
234 1 0.1 5.26163 2.90244 0.159086 -0.057131 -0.0384181 -0.0142179 -0.039138 0.227901 -0.19025 1 0 0 0 0 0 0 0
235 1 0.1 5.36946 2.80483 0.30807 -0.0799091 0.0304421 -0.0481968 -0.715471 -0.500204 2.67968 1 0 0 0 0 0 0 0
236 1 0.1 4.99444 2.82076 0.32996 0.00686753 0.0620099 0.0996382 -0.015346 -1.01904 0.555007 1 0 0 0 0 0 0 0
237 1 0.1 5.19764 2.89832 0.348456 -0.252288 -0.260383 -0.0931106 0.634291 0.0210503 0.749876 1 0 0 0 0 0 0 0
238 1 0.1 5.30101 3.1167 0.409701 -0.370712 -0.114258 0.0127827 -0.330949 -2.00617 1.2869 1 0 0 0 0 0 0 0
239 1 0.1 5.29395 3.35024 0.431661 -0.228126 -0.0333664 -0.0612273 0.510696 0.127086 0.0384445 1 0 0 0 0 0 0 0
240 1 0.1 5.52978 3.21586 0.317305 -0.401695 -0.131996 -0.0800795 1.30798 0.688573 -1.47518 1 0 0 0 0 0 0 0
241 1 0.1 5.74596 3.17211 0.495635 -0.4756 0.322861 0.0812399 -1.18493 7.15757 -0.649745 1 0 0 0 0 0 0 0
242 1 0.1 5.47802 3.40108 0.37257 -0.220498 -0.0507789 -0.0510873 -0.708347 -0.0748532 -0.0486224 1 0 0 0 0 0 0 0
243 1 0.1 5.64034 3.15877 0.140051 -0.454066 -0.0964262 0.026395 -1.33265 1.08313 -0.790009 1 0 0 0 0 0 0 0
244 1 0.1 5.38881 3.05482 0.137452 -0.0914053 -0.0220372 0.0120255 0.0555583 -0.761695 0.726929 1 0 0 0 0 0 0 0
245 1 0.1 5.74008 2.98547 0.13938 -0.428716 -0.0786776 -0.160387 -1.54224 7.91302 0.620083 1 0 0 0 0 0 0 0
246 1 0.1 5.67949 3.50089 0.297904 -0.323442 -0.187606 0.0344686 0.177748 -0.112472 -1.68755 1 0 0 0 0 0 0 0
247 1 0.1 6.09822 4.53369 0.404541 -0.00342533 -0.00337618 -0.0231766 0.435932 -0.235795 0.245692 1 0 0 0 0 0 0 0
248 1 0.1 6.08977 4.73176 0.430305 -0.0181125 -0.0100382 0.0215174 0.0346494 -0.203049 -0.148836 1 0 0 0 0 0 0 0
249 1 0.1 6.34487 4.80182 0.428058 -0.0159845 -0.011835 0.00196225 -0.0257481 0.10085 -0.221655 1 0 0 0 0 0 0 0
250 1 0.1 6.12435 0.899053 0.550005 -0.139253 0.156356 0.000832793 0.0316108 0.0170141 2.15836 1 0 0 0 0 0 0 0
251 1 0.1 5.98332 1.04082 0.54771 -0.144971 0.149282 0.0279059 -0.230678 -0.593188 1.99137 1 0 0 0 0 0 0 0
252 1 0.1 5.8387 1.18702 0.556071 -0.0883628 0.122538 0.0825442 1.11334 -0.118258 1.36696 1 0 0 0 0 0 0 0
253 1 0.1 5.64889 1.36798 0.550102 -0.0739367 0.119729 0.00710772 0.0466454 -0.0488843 1.44701 1 0 0 0 0 0 0 0
254 1 0.1 5.50727 1.50966 0.54975 -0.0597241 0.0945357 0.019621 -0.310281 -0.515664 0.932689 1 0 0 0 0 0 0 0
255 1 0.1 5.20589 1.8175 0.549646 -0.00403925 0.00540087 -0.00855797 -0.354057 -0.19689 -0.0240335 1 0 0 0 0 0 0 0
256 1 0.1 5.11667 1.99622 0.540904 -0.0100664 -0.00106677 -0.0494804 -0.39542 0.784976 0.058598 1 0 0 0 0 0 0 0
257 1 0.1 4.9392 2.08456 0.566257 -0.000868094 -0.00281067 0.00207685 -0.00447169 0.00900601 0.0181143 1 0 0 0 0 0 0 0
258 1 0.1 4.79356 2.23103 0.561398 -0.00269798 0.00377952 0.00167377 0.0202531 -0.00247427 0.045143 1 0 0 0 0 0 0 0
259 1 0.1 4.64639 2.37991 0.563928 -0.00301864 0.00334328 0.00222306 0.0250627 -0.0108629 0.0607844 1 0 0 0 0 0 0 0
260 1 0.1 4.4675 2.55865 0.474479 -6.77355e-05 0.000281965 -0.000283487 -0.000451209 0.00554693 0.0133793 1 0 0 0 0 0 0 0
261 1 0.1 4.24701 2.77196 0.546152 -2.34749e-05 0.00100215 -0.0014194 -0.00547243 0.00825931 0.00644818 1 0 0 0 0 0 0 0
262 1 0.1 4.19283 2.96432 0.551259 -0.00039398 0.00123916 -0.000852479 0.00553404 0.00578666 0.00709325 1 0 0 0 0 0 0 0
263 1 0.1 4.19282 3.1676 0.549999 -1.24803e-05 0.000136759 4.43036e-06 -3.03949e-05 -0.000270727 0.00140949 1 0 0 0 0 0 0 0
264 1 0.1 4.33266 3.31084 0.549685 -0.00186827 -0.00114355 1.22666e-05 -0.00380423 0.00282949 -0.0183749 1 0 0 0 0 0 0 0
265 1 0.1 4.5183 3.50195 0.54802 -0.00111764 -0.00421788 -0.0022909 0.0231069 0.069775 -0.0496642 1 0 0 0 0 0 0 0
266 1 0.1 4.66118 3.64129 0.56055 -0.00401012 -0.000764608 0.00835149 -0.0132743 -0.0634557 -0.0155219 1 0 0 0 0 0 0 0
267 1 0.1 4.81717 3.79113 0.489849 -0.00743106 -0.00139829 0.00450362 -0.0570203 -0.104606 -0.0698945 1 0 0 0 0 0 0 0
268 1 0.1 4.94894 3.93102 0.543727 -0.0064734 -0.000784493 0.00550191 -0.0465725 -0.0176222 -0.00225166 1 0 0 0 0 0 0 0
269 1 0.1 5.08892 4.07354 0.55008 -0.00346079 -0.00215313 0.00146942 -0.0238043 0.00859781 -0.0281213 1 0 0 0 0 0 0 0
270 1 0.1 5.37617 4.35916 0.549878 -0.0311281 -0.0208687 0.000204095 -0.000882613 0.000291084 -0.00948514 1 0 0 0 0 0 0 0
271 1 0.1 5.51944 4.50124 0.552025 -0.0280982 -0.0172667 -0.0042051 0.00398974 0.00288677 -0.00592489 1 0 0 0 0 0 0 0
272 1 0.1 5.66072 4.6427 0.54828 -0.0233396 -0.0147121 -0.00825423 0.109471 -0.0261656 -0.293878 1 0 0 0 0 0 0 0
273 1 0.1 5.8018 4.78415 0.550125 -0.0216922 -0.0169622 0.0107581 0.127798 0.0125614 0.394156 1 0 0 0 0 0 0 0
274 1 0.1 6.06125 5.03927 0.551494 0.000657642 0.00133489 -0.000347277 0.0048761 0.0201464 -0.0238983 1 0 0 0 0 0 0 0
275 1 0.1 6.30397 0.715904 0.550154 -0.148658 0.101071 -0.00635817 0.0467576 0.19265 1.82927 1 0 0 0 0 0 0 0
276 1 0.1 6.07128 1.21936 0.528582 -0.259124 0.196844 -0.0282905 -0.150894 1.0913 -0.781752 1 0 0 0 0 0 0 0
277 1 0.1 5.92935 1.35863 0.508158 -0.260708 0.235529 0.152313 0.31981 1.27764 0.341996 1 0 0 0 0 0 0 0
278 1 0.1 5.79749 1.5013 0.558054 -0.245241 0.317699 0.0281282 0.165702 -0.0211914 1.19936 1 0 0 0 0 0 0 0
279 1 0.1 5.6554 1.6406 0.5777 -0.223429 0.272938 0.110714 -0.595805 -1.16794 1.46316 1 0 0 0 0 0 0 0
280 1 0.1 5.36585 1.65101 0.549827 -0.0667022 0.112401 0.00940164 -0.307819 -0.310546 1.27877 1 0 0 0 0 0 0 0
281 1 0.1 5.28816 2.10189 0.52984 -0.410649 0.0580659 0.124277 -1.26809 -3.04705 -4.48331 1 0 0 0 0 0 0 0
282 1 0.1 5.24822 2.29723 0.540479 -0.0686591 0.118243 -0.0483412 0.0117901 0.758257 1.05702 1 0 0 0 0 0 0 0
283 1 0.1 5.08297 2.19846 0.488522 -0.0112715 0.00713766 0.0106007 0.0681444 -0.099375 0.228036 1 0 0 0 0 0 0 0
284 1 0.1 4.82667 2.41245 0.484105 -0.00210985 0.00384058 0.00209107 -0.0219572 0.0028304 -0.0465794 1 0 0 0 0 0 0 0
285 1 0.1 4.63806 2.57821 0.582527 0.00086018 0.00274649 -0.000816088 -0.0173625 -0.0133035 0.032218 1 0 0 0 0 0 0 0
286 1 0.1 4.47803 2.75466 0.511605 -0.00149922 9.76364e-05 -2.46132e-05 0.00708182 0.00789737 0.0148023 1 0 0 0 0 0 0 0
287 1 0.1 4.3878 2.92586 0.56054 -0.000914202 0.000373224 -5.63485e-05 0.00685484 -0.0143519 -0.0209779 1 0 0 0 0 0 0 0
288 1 0.1 4.40313 3.12474 0.5638 -0.000253691 0.000216838 -0.00182699 -0.0266581 0.132626 0.0225309 1 0 0 0 0 0 0 0
289 1 0.1 4.53189 3.30369 0.540959 -0.00337152 -0.00149866 -0.000957618 -0.0249828 0.00473078 0.0230992 1 0 0 0 0 0 0 0
290 1 0.1 4.70338 3.44401 0.50474 -0.00361857 -0.000255654 0.000351766 0.0218104 -0.101583 0.0789004 1 0 0 0 0 0 0 0
291 1 0.1 4.84728 3.57848 0.524165 -0.010115 0.00252064 0.0260977 0.128907 -0.129498 -0.0208598 1 0 0 0 0 0 0 0
292 1 0.1 4.99603 3.7084 0.514626 -0.0172718 0.00837281 0.0378549 -0.310035 -0.126438 0.0982924 1 0 0 0 0 0 0 0
293 1 0.1 5.13621 3.83586 0.573328 -0.0284657 0.0237351 0.0200647 -0.256714 -0.120761 -0.196449 1 0 0 0 0 0 0 0
294 1 0.1 5.2303 4.21491 0.549998 -0.00318697 -0.00192642 -0.000373571 0.00242221 -0.00233887 0.0391158 1 0 0 0 0 0 0 0
295 1 0.1 5.54758 4.25889 0.570897 -0.0248122 -0.0166042 -0.0047217 -0.065941 0.104123 0.0860065 1 0 0 0 0 0 0 0
296 1 0.1 5.67439 4.39095 0.491004 -0.0281839 -0.0174619 -0.000707598 0.0908029 -0.126669 -0.0716855 1 0 0 0 0 0 0 0
297 1 0.1 5.80627 4.51019 0.582366 -0.0272308 -0.0166394 -0.019399 -0.218769 0.282869 0.158116 1 0 0 0 0 0 0 0
298 1 0.1 5.95532 4.66224 0.58935 -0.00218345 0.000986383 0.000970231 0.0147922 0.00127353 -0.143903 1 0 0 0 0 0 0 0
299 1 0.1 6.20318 5.17983 0.548384 0.000820534 0.000701194 -0.000333966 0.00267193 -0.00177359 0.00610626 1 0 0 0 0 0 0 0
300 1 0.1 6.44694 0.574143 0.547226 -0.103267 0.0901211 -0.0507185 -0.5632 0.113169 1.34753 1 0 0 0 0 0 0 0
301 1 0.1 6.21382 1.0804 0.509107 -0.277869 0.142851 -0.0115356 -0.0854055 0.385451 -0.907446 1 0 0 0 0 0 0 0
302 1 0.1 5.9796 1.5722 0.51612 -0.261935 0.329605 0.00424104 -0.740876 0.0671981 -0.974884 1 0 0 0 0 0 0 0
303 1 0.1 5.84296 1.7087 0.567943 -0.239452 0.29835 0.119525 -1.16816 0.106075 -1.39537 1 0 0 0 0 0 0 0
304 1 0.1 5.69264 1.86394 0.583548 -0.265535 0.369169 -0.0196864 0.445696 0.147261 -1.53505 1 0 0 0 0 0 0 0
305 1 0.1 5.5121 1.77908 0.595089 -0.253114 0.331059 0.004843 0.440045 0.536894 1.85352 1 0 0 0 0 0 0 0
306 1 0.1 5.39386 1.93325 0.547735 -0.822245 -0.174622 0.209093 2.02685 0.17627 0.0222969 1 0 0 0 0 0 0 0
307 1 0.1 5.29637 2.45132 0.422795 -0.805684 0.267045 -0.177305 -0.333796 1.58624 -0.508453 1 0 0 0 0 0 0 0
308 1 0.1 5.22076 2.57779 0.635811 -0.312254 0.00359885 -0.412424 -1.64074 4.97495 0.75262 1 0 0 0 0 0 0 0
309 1 0.1 5.0642 2.47589 0.553199 -0.520563 -0.263738 0.0814047 2.46944 -4.80088 -0.546383 1 0 0 0 0 0 0 0
310 1 0.1 4.83759 2.58315 0.587617 0.00133212 0.00778785 -0.00166579 -0.0275891 0.00192547 0.0151108 1 0 0 0 0 0 0 0
311 1 0.1 4.67759 2.76244 0.51818 -0.001214 0.00193036 -0.00203363 0.000975814 0.0222433 -0.00347347 1 0 0 0 0 0 0 0
312 1 0.1 4.57952 2.93464 0.506916 -0.00247256 0.00026272 -0.00205017 0.00263486 -0.0315923 0.0268947 1 0 0 0 0 0 0 0
313 1 0.1 4.60335 3.12074 0.573554 -0.00232722 0.000293045 -0.000677067 0.00579937 0.0343563 -0.0189749 1 0 0 0 0 0 0 0
314 1 0.1 4.71381 3.28163 0.620709 -0.00278658 -0.00250381 -0.0043599 0.029309 0.0238566 -0.0121367 1 0 0 0 0 0 0 0
315 1 0.1 4.89775 3.3955 0.583633 -0.0246711 -0.00225699 0.0120763 0.0511069 0.0158369 -0.0308216 1 0 0 0 0 0 0 0
316 1 0.1 5.03139 3.5098 0.489549 -0.0269006 -0.0324162 -0.0055755 -0.0188569 0.392478 -0.392452 1 0 0 0 0 0 0 0
317 1 0.1 5.19686 3.64748 0.549016 -0.22242 -0.0237601 -0.00113356 0.29032 0.777786 -1.68805 1 0 0 0 0 0 0 0
318 1 0.1 5.31186 3.92639 0.59125 -0.0139908 -0.00721587 0.00896117 0.017039 0.0741595 -0.115391 1 0 0 0 0 0 0 0
319 1 0.1 5.47945 4.07202 0.58757 -0.0154339 -0.0155746 0.00860275 -0.0510256 -0.0136575 -0.0346766 1 0 0 0 0 0 0 0
320 1 0.1 5.66312 3.99366 0.591347 -0.0362506 -0.0737237 0.0121878 -0.0171716 0.00869276 -0.579972 1 0 0 0 0 0 0 0
321 1 0.1 5.72819 4.17855 0.5417 -0.0491019 -0.066373 -0.0244566 -0.32233 0.289817 -0.561331 1 0 0 0 0 0 0 0
322 1 0.1 5.861 4.32714 0.523402 -0.0452059 -0.0442635 0.0239531 0.230699 -0.216577 -0.206928 1 0 0 0 0 0 0 0
323 1 0.1 6.03839 4.84401 0.587605 -0.00953262 0.00495655 0.0135688 0.00364742 -0.259893 0.22988 1 0 0 0 0 0 0 0
324 1 0.1 6.34387 5.32188 0.549994 0.000173306 0.00034692 -5.24581e-06 0.00170211 -0.000350275 -9.32522e-05 1 0 0 0 0 0 0 0
325 1 0.1 6.45907 0.785729 0.44511 -0.270089 0.201862 -0.113956 -1.00439 0.772043 0.113107 1 0 0 0 0 0 0 0
326 1 0.1 6.32196 0.912768 0.520758 -0.347514 0.102776 -0.0477865 -0.405182 0.465651 0.0778577 1 0 0 0 0 0 0 0
327 1 0.1 6.06861 1.73311 0.412193 -0.24855 0.204697 -0.0606586 0.250693 -0.0759082 -0.260748 1 0 0 0 0 0 0 0
328 1 0.1 5.88252 1.92645 0.584412 -0.176417 0.121845 0.0464293 0.477563 -0.127669 1.02357 1 0 0 0 0 0 0 0
329 1 0.1 5.75842 2.08164 0.565638 -0.222279 0.0784834 0.17611 1.02917 0.235214 -0.302425 1 0 0 0 0 0 0 0
330 1 0.1 5.55906 2.02797 0.466599 -0.747828 -0.0842142 -0.399478 0.716749 2.44624 -1.22394 1 0 0 0 0 0 0 0
331 1 0.1 5.46717 2.11816 0.61956 -0.186332 0.113882 -0.185221 -0.819489 3.17287 -0.124014 1 0 0 0 0 0 0 0
332 1 0.1 5.43672 2.27567 0.479905 -0.0671861 0.164706 -0.0418594 -1.29696 -0.73022 -0.0472108 1 0 0 0 0 0 0 0
333 1 0.1 5.62393 2.8478 0.411178 -0.425122 0.271192 -0.128812 -3.06388 -0.124722 -2.45869 1 0 0 0 0 0 0 0
334 1 0.1 5.30306 2.78457 0.609462 -0.317592 0.0971846 -0.137349 1.14249 3.489 -0.652055 1 0 0 0 0 0 0 0
335 1 0.1 5.02769 2.66389 0.610438 -0.257877 -0.280135 0.121505 -1.13057 -0.503752 -3.68218 1 0 0 0 0 0 0 0
336 1 0.1 4.87043 2.77915 0.567297 -0.00262383 0.00710864 -0.000871749 0.000124049 -0.0369087 0.0346896 1 0 0 0 0 0 0 0
337 1 0.1 4.77603 2.95238 0.53674 -0.00458591 0.00326834 -0.00236114 -0.0210196 0.019234 0.00351469 1 0 0 0 0 0 0 0
338 1 0.1 4.78772 3.1469 0.493301 -0.00623648 0.0008071 -0.00512807 -0.000114567 0.00646705 -0.000933278 1 0 0 0 0 0 0 0
339 1 0.1 4.97163 3.21644 0.529039 -0.00556786 -0.029542 0.0400924 -1.07163 -0.899684 -0.527773 1 0 0 0 0 0 0 0
340 1 0.1 5.12102 3.34563 0.560059 -0.00841224 -0.0182664 -0.00281465 -0.375164 0.200151 0.378962 1 0 0 0 0 0 0 0
341 1 0.1 5.29183 3.47608 0.586703 -0.192389 -0.014352 -0.0743601 -0.789436 1.59172 1.52958 1 0 0 0 0 0 0 0
342 1 0.1 5.4862 3.5006 0.54683 -0.215559 0.100377 -0.111047 -0.391775 -1.35387 -0.109605 1 0 0 0 0 0 0 0
343 1 0.1 5.38676 3.70714 0.530867 -0.228214 0.024724 0.129415 0.687503 -1.82777 2.08562 1 0 0 0 0 0 0 0
344 1 0.1 5.50281 3.87437 0.563444 -0.0322693 -0.0462423 -0.0376012 0.0284368 0.268313 -0.270214 1 0 0 0 0 0 0 0
345 1 0.1 5.64447 3.73828 0.600717 -0.0717231 -0.0765215 0.0175837 -0.233749 0.0727151 0.174014 1 0 0 0 0 0 0 0
346 1 0.1 5.82502 3.87659 0.595274 -0.0548969 -0.10658 -0.0193585 0.0607038 0.33588 0.204552 1 0 0 0 0 0 0 0
347 1 0.1 5.88721 4.06709 0.589161 -0.04372 -0.0497949 -0.00326366 -0.330711 -0.109837 0.573519 1 0 0 0 0 0 0 0
348 1 0.1 6.23259 4.94699 0.507367 0.000618154 0.00151999 0.00119261 -0.0270066 -0.0256474 0.0244716 1 0 0 0 0 0 0 0
349 1 0.1 6.37476 5.08753 0.503435 0.000640141 0.00162263 -0.00141127 -0.0146195 0.0234334 -0.00377268 1 0 0 0 0 0 0 0
350 1 0.1 6.35446 1.14921 0.384668 -0.185494 0.122793 0.0856883 -0.143316 -0.473802 1.26328 1 0 0 0 0 0 0 0
351 1 0.1 6.19634 1.38253 0.559366 -0.118781 0.202223 0.0820286 -0.358945 -1.46939 -0.816889 1 0 0 0 0 0 0 0
352 1 0.1 6.05878 1.4679 0.676683 -0.151973 0.229639 0.0292482 -0.157953 0.984276 0.95542 1 0 0 0 0 0 0 0
353 1 0.1 6.0283 1.77447 0.60358 -0.173433 0.178995 -0.0446441 -0.00624348 0.85521 0.302816 1 0 0 0 0 0 0 0
354 1 0.1 5.63943 2.82707 0.208294 -0.13759 -0.167485 0.0303648 -0.369996 0.0706748 0.0691352 1 0 0 0 0 0 0 0
355 1 0.1 5.62427 2.22197 0.52006 -0.127316 0.139672 0.15442 -0.872343 -0.754075 -0.717016 1 0 0 0 0 0 0 0
356 1 0.1 5.6279 2.40926 0.59062 -0.715133 0.231678 0.0749844 0.0202765 0.150602 0.922886 1 0 0 0 0 0 0 0
357 1 0.1 5.43279 2.4497 0.577454 -0.741066 0.0840918 0.0570285 -0.455338 -1.99169 1.59327 1 0 0 0 0 0 0 0
358 1 0.1 5.36958 2.62589 0.508498 -0.620442 0.0242652 -0.190366 -1.31567 -1.23408 -1.63602 1 0 0 0 0 0 0 0
359 1 0.1 5.48301 3.12998 0.491456 -0.32777 -0.0545669 -0.0376673 -2.34809 1.19956 -1.99049 1 0 0 0 0 0 0 0
360 1 0.1 5.45317 2.98649 0.314119 -0.402839 -0.0345633 0.172224 -1.37719 1.52679 -0.493362 1 0 0 0 0 0 0 0
361 1 0.1 5.14921 2.76042 0.484512 -0.534132 0.0603515 0.130392 0.448831 0.280039 2.41965 1 0 0 0 0 0 0 0
362 1 0.1 5.09072 2.94016 0.557101 -1.02678 0.00546011 -0.0817236 0.637593 -2.74977 -2.33575 1 0 0 0 0 0 0 0
363 1 0.1 5.17351 3.13191 0.57044 -0.0637334 -0.123246 -0.0258009 -1.80027 0.396922 2.0873 1 0 0 0 0 0 0 0
364 1 0.1 5.38182 3.26952 0.591939 -0.132667 0.0946602 -0.0551079 0.346273 1.23441 1.02713 1 0 0 0 0 0 0 0
365 1 0.1 5.32006 2.98281 0.557149 -0.809352 0.116795 0.142844 1.52314 0.591684 -1.04135 1 0 0 0 0 0 0 0
366 1 0.1 5.62788 3.34968 0.567741 -0.29062 -0.0994107 -0.0972765 1.09313 -2.09091 -0.489319 1 0 0 0 0 0 0 0
367 1 0.1 5.71029 3.18066 0.692216 0.0689932 0.196509 0.185526 2.31122 -2.28501 0.755617 1 0 0 0 0 0 0 0
368 1 0.1 5.77982 3.37653 0.418116 -0.0272805 0.00731434 -0.0107923 -3.48251 5.4141 1.55922 1 0 0 0 0 0 0 0
369 1 0.1 5.6838 3.54301 0.583151 -0.035318 -0.0707216 0.0321375 -0.139948 0.304835 -0.279858 1 0 0 0 0 0 0 0
370 1 0.1 5.83329 2.98461 0.439311 -0.582427 0.0272151 0.761912 2.89992 -5.02228 -2.17631 1 0 0 0 0 0 0 0
371 1 0.1 5.86585 3.77496 0.762529 -0.0142151 -0.0640765 -0.00185289 -0.465841 -0.0831404 0.154806 1 0 0 0 0 0 0 0
372 1 0.1 5.99895 4.4572 0.587099 -0.0342397 -0.0377811 -0.0102695 -0.588535 -0.158115 -0.407143 1 0 0 0 0 0 0 0
373 1 0.1 6.1439 4.5958 0.589034 -0.0121128 -0.0326764 -0.0103367 -0.0992092 0.162278 -0.192426 1 0 0 0 0 0 0 0
374 1 0.1 6.27806 4.78548 0.615777 -0.0179096 -0.00239421 0.00280023 0.0436542 -0.0955056 -0.169758 1 0 0 0 0 0 0 0
375 1 0.1 6.11562 0.908231 0.750135 -0.159326 0.150631 -0.0165979 0.17428 0.418733 2.15945 1 0 0 0 0 0 0 0
376 1 0.1 5.93054 1.08702 0.749847 -0.0448345 0.0256455 0.123294 0.305598 -0.633724 0.135944 1 0 0 0 0 0 0 0
377 1 0.1 5.79093 1.22964 0.761127 -0.0137255 0.0568564 0.0801912 0.550346 -0.641202 0.563322 1 0 0 0 0 0 0 0
378 1 0.1 5.64436 1.37494 0.749935 -0.103202 0.149264 0.00734794 -0.255932 -0.272949 1.79218 1 0 0 0 0 0 0 0
379 1 0.1 5.48724 1.53624 0.749978 -0.0312045 0.0336122 0.00640182 -0.074889 -0.151553 0.429284 1 0 0 0 0 0 0 0
380 1 0.1 5.22628 1.7898 0.750167 -0.0291952 0.0533744 0.0087593 0.0933086 -0.00548133 -0.242157 1 0 0 0 0 0 0 0
381 1 0.1 5.08475 1.93063 0.750522 -0.0181495 0.0352743 0.0144878 0.088276 -0.0894416 0.351747 1 0 0 0 0 0 0 0
382 1 0.1 4.88335 2.13515 0.75206 -0.05414 0.0321895 -0.0135507 -0.0415622 0.00583911 -0.154237 1 0 0 0 0 0 0 0
383 1 0.1 4.74302 2.27733 0.759383 -0.048205 0.0304232 -0.0076487 0.0233441 0.169774 0.464772 1 0 0 0 0 0 0 0
384 1 0.1 4.60216 2.41887 0.760635 -0.0477867 0.0395879 0.00980157 0.144032 -0.0608973 -0.452867 1 0 0 0 0 0 0 0
385 1 0.1 4.4649 2.5597 0.678992 -0.000834701 0.000695777 -9.84474e-05 0.00935228 0.0214249 0.00728596 1 0 0 0 0 0 0 0
386 1 0.1 4.24799 2.77088 0.746097 0.00448798 -0.00353403 -0.00187129 -0.01278 0.0229882 -0.0655686 1 0 0 0 0 0 0 0
387 1 0.1 4.27995 2.99388 0.761823 0.00711401 0.00554303 -0.00522212 -0.0455532 -0.0197957 -0.0763331 1 0 0 0 0 0 0 0
388 1 0.1 4.19216 3.17051 0.751272 0.000277559 -0.00355009 0.000562083 0.0809234 0.0230359 0.161638 1 0 0 0 0 0 0 0
389 1 0.1 4.33411 3.31185 0.750024 0.00116724 0.000965194 -0.000868239 0.0123423 -0.00416669 0.00381382 1 0 0 0 0 0 0 0
390 1 0.1 4.51951 3.50521 0.747495 -0.00113692 0.00191069 -0.000484605 0.0300606 0.0675198 -0.166814 1 0 0 0 0 0 0 0
391 1 0.1 4.66606 3.63735 0.763059 0.00710409 -0.0130497 0.000702371 -0.16019 -0.0865836 -0.138135 1 0 0 0 0 0 0 0
392 1 0.1 4.80028 3.78364 0.749287 -0.00428478 -0.0049099 -0.00131563 0.131881 -0.0194537 0.130154 1 0 0 0 0 0 0 0
393 1 0.1 5.07686 4.05697 0.750235 -0.00067734 -0.000533625 0.00150451 -0.024292 0.0183424 -0.0182315 1 0 0 0 0 0 0 0
394 1 0.1 5.22008 4.1958 0.762516 0.000530751 -0.00129787 3.70187e-05 0.00189571 -0.0168113 0.00106351 1 0 0 0 0 0 0 0
395 1 0.1 5.50058 4.48026 0.750019 -0.000458499 -0.000764724 0.000172231 -0.0174625 0.0148494 0.00637035 1 0 0 0 0 0 0 0
396 1 0.1 5.64335 4.62376 0.749672 0.000344295 0.000332038 0.000160864 -0.00166579 -0.00380792 0.00970894 1 0 0 0 0 0 0 0
397 1 0.1 5.78478 4.76506 0.750067 -0.000216895 0.000563623 0.000685105 -0.00990148 -0.00107781 0.00441726 1 0 0 0 0 0 0 0
398 1 0.1 5.92618 4.90643 0.75 -7.22818e-05 3.57968e-05 0.000146183 0.000111664 -0.00111058 -0.00488308 1 0 0 0 0 0 0 0
399 1 0.1 6.06813 5.04821 0.751164 0.000399217 0.000303307 -0.000243141 0.000341338 0.00185044 -0.00141413 1 0 0 0 0 0 0 0
400 1 0.1 6.38633 0.63662 0.748883 -0.131328 0.107773 0.00578264 -0.404342 -0.582833 1.5709 1 0 0 0 0 0 0 0
401 1 0.1 6.11886 1.09716 0.684039 -0.107574 0.182948 0.0473056 -0.862584 1.53457 1.78224 1 0 0 0 0 0 0 0
402 1 0.1 5.96751 1.29082 0.691941 -0.0384645 0.166979 0.0819957 0.561593 0.962175 0.198611 1 0 0 0 0 0 0 0
403 1 0.1 5.83574 1.43349 0.756265 -0.132823 0.167351 0.00779155 -0.102969 -0.228835 -1.45625 1 0 0 0 0 0 0 0
404 1 0.1 5.68413 1.57052 0.762587 -0.236806 0.175431 0.0182122 1.8402 0.833807 -0.36524 1 0 0 0 0 0 0 0
405 1 0.1 5.4137 1.72171 0.762488 -0.0534501 0.0191509 0.00196282 0.0917251 0.000586244 -0.174864 1 0 0 0 0 0 0 0
406 1 0.1 5.27457 1.99091 0.762526 -0.0881831 0.263559 0.0351533 -0.347493 -0.297282 2.0043 1 0 0 0 0 0 0 0
407 1 0.1 5.12838 2.12268 0.721282 -0.0302711 0.0379225 0.0375403 -0.0641081 -0.499724 0.035976 1 0 0 0 0 0 0 0
408 1 0.1 5.08642 2.30614 0.656162 -0.0593876 -0.0181616 0.0249761 -0.123599 -0.0149728 0.534873 1 0 0 0 0 0 0 0
409 1 0.1 4.90712 2.37653 0.705919 -0.0489562 0.0224327 -0.00877092 -0.0389232 -0.157053 -0.536023 1 0 0 0 0 0 0 0
410 1 0.1 4.73182 2.57055 0.75863 -0.00594412 0.0115043 0.00557487 -0.115014 -4.68892e-05 -0.0811584 1 0 0 0 0 0 0 0
411 1 0.1 4.55624 2.71409 0.762856 -0.00246842 0.00180152 -0.000260636 -0.017534 -0.0159164 -0.00682504 1 0 0 0 0 0 0 0
412 1 0.1 4.42552 2.86134 0.745979 8.63319e-05 0.00126522 -0.00122147 -0.0132873 0.026634 -0.0115017 1 0 0 0 0 0 0 0
413 1 0.1 4.42297 3.1333 0.762552 0.0073094 0.00418835 -0.000854479 0.021981 -0.068603 0.0676383 1 0 0 0 0 0 0 0
414 1 0.1 4.53348 3.30628 0.762513 0.00103383 0.00114394 0.00022439 0.00772662 -0.00882738 0.000321909 1 0 0 0 0 0 0 0
415 1 0.1 4.70881 3.44431 0.736215 -0.00621558 -0.0132371 0.00624602 0.131341 -0.125452 -0.00727644 1 0 0 0 0 0 0 0
416 1 0.1 4.85596 3.57898 0.76201 0.000441246 -0.0150707 0.00985075 0.000971846 0.0321182 0.107663 1 0 0 0 0 0 0 0
417 1 0.1 4.96968 3.88897 0.737921 -0.00866739 0.00258812 0.00601576 0.00322058 0.0133739 -0.121731 1 0 0 0 0 0 0 0
418 1 0.1 5.18136 3.88726 0.76263 0.000148892 0.0023803 0.000968226 0.0100394 -0.0134771 -0.053907 1 0 0 0 0 0 0 0
419 1 0.1 5.36119 4.33739 0.761999 0.000104049 -0.00155354 0.00209802 -0.0168113 -0.0161099 -0.0165435 1 0 0 0 0 0 0 0
420 1 0.1 5.60352 4.30907 0.762063 0.00619438 -0.00275399 -0.00224946 0.0319487 -0.0116586 0.0364804 1 0 0 0 0 0 0 0
421 1 0.1 5.74319 4.45125 0.76261 0.0025978 5.62289e-05 -0.000805876 0.000181383 0.0158611 0.0123084 1 0 0 0 0 0 0 0
422 1 0.1 5.88424 4.59216 0.762502 -0.00291493 0.00250436 -0.000256926 0.0248191 0.00979678 0.0258684 1 0 0 0 0 0 0 0
423 1 0.1 6.02708 4.73171 0.762538 -0.00347052 0.0024366 0.000263956 0.000851422 0.00436025 -0.0192718 1 0 0 0 0 0 0 0
424 1 0.1 6.21232 5.19414 0.749885 -0.00131464 -0.00183604 -0.000483706 0.00150962 -0.00085804 -0.00168849 1 0 0 0 0 0 0 0
425 1 0.1 6.52757 0.495061 0.750024 -0.130307 0.107864 0.00055721 0.520151 0.542315 -1.57015 1 0 0 0 0 0 0 0
426 1 0.1 6.28699 1.02216 0.761942 -0.156329 0.135909 0.0925444 1.1841 -2.29628 -2.21204 1 0 0 0 0 0 0 0
427 1 0.1 6.15386 1.27905 0.762548 -0.00625393 0.174504 0.00130726 0.65936 -0.191312 0.351181 1 0 0 0 0 0 0 0
428 1 0.1 5.94745 1.61168 0.759578 -0.212472 0.163743 0.0679701 -0.073394 -0.0104843 0.44825 1 0 0 0 0 0 0 0
429 1 0.1 5.79433 1.73997 0.762443 -0.217677 0.139696 -0.0277756 -0.389657 -0.868266 -0.204403 1 0 0 0 0 0 0 0
430 1 0.1 5.61225 1.82194 0.762628 -0.188636 0.157148 0.00784217 1.37662 0.85377 -0.0924389 1 0 0 0 0 0 0 0
431 1 0.1 5.47117 1.9619 0.743692 -0.0835293 0.268466 0.0579082 -2.12829 0.571927 -1.56754 1 0 0 0 0 0 0 0
432 1 0.1 5.31629 2.18967 0.729244 -0.0133641 0.0285664 0.107406 -0.917967 -0.595577 -0.307485 1 0 0 0 0 0 0 0
433 1 0.1 5.28627 2.38432 0.762547 0.0151681 0.0536593 0.00165468 -0.0494354 0.00374659 -0.0356432 1 0 0 0 0 0 0 0
434 1 0.1 5.10741 2.47307 0.762617 0.0184356 0.0313709 -0.0113574 -0.172831 -0.10745 0.25058 1 0 0 0 0 0 0 0
435 1 0.1 4.93138 2.56561 0.763053 -0.00106849 0.0138656 -0.00443747 0.0740939 0.0694276 -0.0405563 1 0 0 0 0 0 0 0
436 1 0.1 4.7446 2.76803 0.735011 -0.00621561 0.00979898 -0.00196515 0.0212063 0.0209964 0.09153 1 0 0 0 0 0 0 0
437 1 0.1 4.58578 2.97426 0.708251 -0.00030395 0.000407768 -0.00288729 0.0197874 0.0130499 0.00173715 1 0 0 0 0 0 0 0
438 1 0.1 4.66014 3.15163 0.762639 0.000582306 0.000673613 -0.000246306 0.00921716 -4.812e-05 -0.00560434 1 0 0 0 0 0 0 0
439 1 0.1 4.86082 3.31862 0.762915 -0.00331003 -0.00600838 0.00380831 -0.0144754 0.0420093 0.0932867 1 0 0 0 0 0 0 0
440 1 0.1 5.03788 3.49741 0.760592 0.00313366 -0.00085628 7.56853e-05 0.0239541 0.0649089 0.0340945 1 0 0 0 0 0 0 0
441 1 0.1 5.0171 3.69617 0.761156 -0.0130039 -0.000983123 0.00395346 0.00774875 0.0420329 0.069864 1 0 0 0 0 0 0 0
442 1 0.1 5.21625 3.69071 0.762522 -0.0174591 0.00250903 0.00114404 0.00267113 -0.0152922 -0.0926239 1 0 0 0 0 0 0 0
443 1 0.1 5.32547 4.02542 0.762823 0.00782557 -0.00276458 -0.000178451 -0.046363 0.00586284 -0.0213766 1 0 0 0 0 0 0 0
444 1 0.1 5.46469 4.16657 0.762911 0.00163284 -0.00291777 0.00192008 -0.0178778 0.0891151 -0.0538695 1 0 0 0 0 0 0 0
445 1 0.1 5.65272 4.09859 0.76166 -0.00470887 -0.0180145 -0.000555851 -0.120652 -0.03425 0.212381 1 0 0 0 0 0 0 0
446 1 0.1 5.79168 4.24238 0.76172 -0.000512089 -0.0309865 0.00430077 0.0836206 -0.0902275 -0.3489 1 0 0 0 0 0 0 0
447 1 0.1 5.93179 4.38478 0.761021 -0.00486699 -0.0271621 0.00507088 0.0432745 0.217639 0.401423 1 0 0 0 0 0 0 0
448 1 0.1 6.16669 4.87446 0.758512 -0.000679001 -0.000369963 -0.000123721 -0.00296332 -0.00199306 -0.0178921 1 0 0 0 0 0 0 0
449 1 0.1 6.37816 5.35709 0.750865 -0.000172303 -4.84675e-05 0.000155666 0.00113785 0.000540293 -0.00462298 1 0 0 0 0 0 0 0
450 1 0.1 6.52465 0.732614 0.640818 -0.210685 0.156857 -0.0730741 0.63193 0.60905 0.436811 1 0 0 0 0 0 0 0
451 1 0.1 6.35236 0.833193 0.76251 -0.325254 0.0767568 -0.00116763 0.242345 1.06093 0.432365 1 0 0 0 0 0 0 0
452 1 0.1 6.34526 1.22196 0.761781 0.00361111 0.202049 0.000861673 0.307896 -0.0842912 -0.0644363 1 0 0 0 0 0 0 0
453 1 0.1 6.1266 1.70045 0.762518 -0.251439 0.235246 -0.00214071 0.718229 1.09599 0.353636 1 0 0 0 0 0 0 0
454 1 0.1 5.94997 1.86649 0.762667 -0.1219 0.109718 0.00792514 0.35742 0.266736 0.551121 1 0 0 0 0 0 0 0
455 1 0.1 5.76708 1.948 0.751164 -0.157307 0.116792 -0.00901942 -0.240044 0.795731 -0.870903 1 0 0 0 0 0 0 0
456 1 0.1 5.62508 2.08838 0.762499 -0.0227277 0.26037 -0.00106887 -0.193747 -0.19231 -0.575792 1 0 0 0 0 0 0 0
457 1 0.1 5.47505 2.31866 0.762137 -0.0190242 -0.0453564 -0.01275 -0.0721647 0.18569 -0.927385 1 0 0 0 0 0 0 0
458 1 0.1 5.49574 2.51753 0.762432 -0.357211 -0.0311956 -0.000582132 0.588039 1.87729 2.07512 1 0 0 0 0 0 0 0
459 1 0.1 5.37097 2.67386 0.762493 -0.452334 -0.0644618 -0.00373784 -1.28245 -0.874261 -1.01938 1 0 0 0 0 0 0 0
460 1 0.1 5.14689 2.71447 0.762591 -0.134655 -0.182766 -0.00141447 -1.82878 1.35001 1.49906 1 0 0 0 0 0 0 0
461 1 0.1 4.94116 2.76437 0.762504 -0.00582592 0.0115337 0.00256326 0.00106571 -0.0594734 -0.0697794 1 0 0 0 0 0 0 0
462 1 0.1 4.8055 2.95721 0.733884 -0.00148966 0.00546219 -0.00311193 -0.0185273 0.0142031 -0.147385 1 0 0 0 0 0 0 0
463 1 0.1 4.90712 3.12538 0.762953 0.0024994 -0.00104534 0.00119408 0.0622545 -0.0414058 0.0808512 1 0 0 0 0 0 0 0
464 1 0.1 5.05851 3.29971 0.744306 8.21745e-05 -0.00159975 0.000548206 -0.0424706 0.0100585 -0.0431545 1 0 0 0 0 0 0 0
465 1 0.1 5.221 3.41405 0.762757 -0.00420586 0.000156622 0.000835942 0.0705423 -0.0143832 -0.00323942 1 0 0 0 0 0 0 0
466 1 0.1 5.42705 3.36944 0.759294 -0.026668 -0.00633481 0.0141082 -0.0346966 -0.187082 -0.0298802 1 0 0 0 0 0 0 0
467 1 0.1 5.36682 3.5597 0.762562 -0.0233137 -0.00311584 -0.000315398 -0.0937181 0.100017 -0.00967721 1 0 0 0 0 0 0 0
468 1 0.1 5.37018 3.81677 0.747527 -0.0166725 -0.0109895 0.00814791 -0.04073 -0.0568117 -0.046431 1 0 0 0 0 0 0 0
469 1 0.1 5.51238 3.95694 0.747295 0.00467665 -0.0251595 0.0060663 -0.194831 -0.17941 -0.233883 1 0 0 0 0 0 0 0
470 1 0.1 5.82189 3.9919 0.762513 -0.0258321 -0.0644583 -0.000948905 0.0975569 -0.138558 0.510089 1 0 0 0 0 0 0 0
471 1 0.1 5.96075 4.13577 0.762513 -0.0209292 -0.063401 0.000434095 -0.0274262 0.0906338 -0.00691031 1 0 0 0 0 0 0 0
472 1 0.1 6.05845 4.2727 0.654377 -0.0498479 -0.0556865 -0.0173025 -0.33208 0.183909 -0.126563 1 0 0 0 0 0 0 0
473 1 0.1 6.30508 5.01732 0.739385 -7.58927e-05 -0.000896721 -0.00290342 0.00641792 0.0424954 0.0117181 1 0 0 0 0 0 0 0
474 1 0.1 6.41398 5.17388 0.67944 -4.66371e-05 0.000586988 -0.000963007 0.0211516 -0.0383309 -0.00787165 1 0 0 0 0 0 0 0
475 1 0.1 6.55146 0.888781 0.762549 -0.156391 0.0915922 -0.000166147 0.57221 0.999358 0.123252 1 0 0 0 0 0 0 0
476 1 0.1 6.48064 1.07535 0.751389 -0.0768284 0.124333 0.0282656 -0.67764 0.0793938 -1.043 1 0 0 0 0 0 0 0
477 1 0.1 5.82435 2.38601 0.545005 -0.63889 0.198894 0.27923 -1.13511 -1.88261 -0.693721 1 0 0 0 0 0 0 0
478 1 0.1 6.2392 1.45989 0.76251 -0.135809 0.234954 -0.000309168 0.581995 -0.475773 -0.433656 1 0 0 0 0 0 0 0
479 1 0.1 5.59333 3.00717 0.762473 -0.00788565 0.019148 -0.007554 -0.0647593 -0.0471076 0.204656 1 0 0 0 0 0 0 0
480 1 0.1 5.81706 2.14436 0.759989 0.0115827 0.199009 -0.0274367 -0.201013 0.352974 -0.131856 1 0 0 0 0 0 0 0
481 1 0.1 5.67172 2.28281 0.758936 0.0403899 0.252296 -0.0411461 -0.181377 0.0867353 1.54651 1 0 0 0 0 0 0 0
482 1 0.1 5.69477 2.49824 0.758437 -0.329379 0.139542 -0.107904 0.314698 -1.1853 -0.73718 1 0 0 0 0 0 0 0
483 1 0.1 5.50561 2.76078 0.602073 -0.429098 -0.056479 -0.147305 0.327398 3.89769 -2.4338 1 0 0 0 0 0 0 0
484 1 0.1 5.53644 2.95626 0.57438 -0.346024 -0.0514655 -0.0187566 1.66615 0.370261 0.999882 1 0 0 0 0 0 0 0
485 1 0.1 5.45169 2.86608 0.762656 0.00390033 0.00101278 -0.00659708 -0.00507793 -0.00314489 -0.00465646 1 0 0 0 0 0 0 0
486 1 0.1 5.25555 2.90274 0.762851 -0.0015551 0.0085731 0.00108936 -0.00553104 0.0230561 -0.012608 1 0 0 0 0 0 0 0
487 1 0.1 5.0576 2.92524 0.757243 -0.00209817 0.0053269 0.00486926 -0.011931 0.0232024 0.0243236 1 0 0 0 0 0 0 0
488 1 0.1 5.12445 3.1126 0.762839 -0.0039531 -0.000489138 -0.000161843 0.00460009 0.00646506 -0.0159746 1 0 0 0 0 0 0 0
489 1 0.1 5.28823 3.22622 0.762631 -0.00795209 0.000950281 -0.00145587 0.0785174 0.00633158 0.0753335 1 0 0 0 0 0 0 0
490 1 0.1 5.38479 3.05299 0.739216 0.00109025 0.0053029 -0.00592446 -0.019137 0.0146065 -0.00257401 1 0 0 0 0 0 0 0
491 1 0.1 5.52372 3.19463 0.76255 -0.0123924 0.0156769 -0.000492554 0.199785 0.103892 0.214609 1 0 0 0 0 0 0 0
492 1 0.1 5.74894 3.41778 0.760979 0.0538996 0.0850556 -0.0862226 2.53917 0.370687 1.70658 1 0 0 0 0 0 0 0
493 1 0.1 5.53297 3.70219 0.762596 -0.027353 -0.0299503 0.0153501 -0.252394 0.222691 -0.0924741 1 0 0 0 0 0 0 0
494 1 0.1 5.68068 3.85045 0.762578 -0.0204828 -0.0743408 -0.00187948 0.148084 0.362899 -0.395119 1 0 0 0 0 0 0 0
495 1 0.1 5.57088 3.50694 0.743968 -0.0320268 -0.0343336 0.0405026 -0.0386938 -0.192364 -0.0275901 1 0 0 0 0 0 0 0
496 1 0.1 5.72655 3.63154 0.758335 -0.0688681 -0.00100799 0.0244323 -0.263518 -0.00884459 0.0694011 1 0 0 0 0 0 0 0
497 1 0.1 6.07288 4.52634 0.762554 -0.0138144 -0.0157027 -0.00176093 0.0599139 -0.020233 -0.240918 1 0 0 0 0 0 0 0
498 1 0.1 6.21748 4.6642 0.762535 -0.0159738 -0.010029 -0.000135893 -0.0106724 0.0322871 0.296876 1 0 0 0 0 0 0 0
499 1 0.1 6.40085 4.84329 0.762539 -0.0121766 -0.00763585 0.000152718 -0.0783639 0.117945 0.0348665 1 0 0 0 0 0 0 0
