500
0 1 0.1 6.06483 0.955945 0.149904 -4.59097e-05 0.00129001 0.000506805 0.00938847 0.00949026 -0.0067278 1 0 0 0 0 0 0 0
1 1 0.1 5.9256 1.0987 0.138426 0.00183066 0.00369023 0.00365174 0.00593621 -0.00705831 0.00181122 1 0 0 0 0 0 0 0
2 1 0.1 5.78429 1.2399 0.138773 7.14485e-05 0.00208123 0.0017476 0.00156764 -0.00745641 0.00858302 1 0 0 0 0 0 0 0
3 1 0.1 5.64168 1.37954 0.14809 0.000162896 0.00121203 0.000181185 -0.00927797 -0.00567468 -0.00679642 1 0 0 0 0 0 0 0
4 1 0.1 5.50233 1.52185 0.163547 0.000695488 0.00136595 -0.000205035 -0.00588474 0.0101412 0.0129338 1 0 0 0 0 0 0 0
5 1 0.1 5.34035 1.68733 0.137413 0.0104748 -0.0101129 -0.00077081 -0.0282525 -0.0307529 -0.108839 1 0 0 0 0 0 0 0
6 1 0.1 5.19877 1.82816 0.138822 0.019355 -0.00815952 -0.0631822 -0.316254 -0.183239 -0.0705262 1 0 0 0 0 0 0 0
7 1 0.1 5.01008 2.0125 0.135583 0.00687269 0.00532528 -0.00937746 0.059162 0.187378 0.00136584 1 0 0 0 0 0 0 0
8 1 0.1 4.87614 2.14842 0.185632 0.00383498 0.00035993 0.0381223 -0.0546466 -0.0744391 0.000349174 1 0 0 0 0 0 0 0
9 1 0.1 4.74512 2.28972 0.136798 0.0159775 -0.0082412 -0.000181446 0.0221673 0.0354045 0.0179924 1 0 0 0 0 0 0 0
10 1 0.1 4.4456 2.57377 0.139497 0.019518 0.00126089 -0.0334995 -1.71596 -0.411334 -0.322248 1 0 0 0 0 0 0 0
11 1 0.1 4.29217 2.73153 0.146235 -1.95915e-05 -2.78981e-05 5.35646e-05 -0.000943211 -0.00168352 -0.000456562 1 0 0 0 0 0 0 0
12 1 0.1 4.18754 2.90186 0.15017 4.5064e-05 -2.03209e-05 -6.87502e-05 -0.000388925 0.00138617 -0.000198656 1 0 0 0 0 0 0 0
13 1 0.1 4.18752 3.10184 0.149981 9.9535e-07 -4.55894e-05 -8.37864e-05 0.000919415 0.00352549 -9.86024e-05 1 0 0 0 0 0 0 0
14 1 0.1 4.29552 3.26967 0.137483 6.52703e-06 -6.81231e-05 -0.000370041 -0.00308881 -0.00482525 -0.000822431 1 0 0 0 0 0 0 0
15 1 0.1 4.44498 3.42811 0.150245 -0.00201209 0.00206972 -0.00131674 -0.00202889 0.00664505 -0.0345623 1 0 0 0 0 0 0 0
16 1 0.1 4.60072 3.58305 0.148914 -0.00860907 -0.000320185 -0.00808093 0.0721393 0.0264873 -0.0711858 1 0 0 0 0 0 0 0
17 1 0.1 4.77713 3.75379 0.150143 -0.0140486 -0.0143988 0.00474553 0.324642 -0.0415093 0.123956 1 0 0 0 0 0 0 0
18 1 0.1 5.01845 4.00181 0.142048 -0.00678658 -0.00421169 -0.00322309 0.0441538 -0.00583462 -0.154988 1 0 0 0 0 0 0 0
19 1 0.1 5.15964 4.14328 0.146665 -0.00795141 -0.0035662 0.00550848 0.019418 -0.100476 0.01371 1 0 0 0 0 0 0 0
20 1 0.1 5.30077 4.28569 0.149914 -0.00125942 -0.000808872 0.00857775 -0.0386576 -0.114614 -0.0261091 1 0 0 0 0 0 0 0
21 1 0.1 5.44197 4.42681 0.150439 -3.24161e-05 -0.00125019 0.00498007 -0.0764917 0.0315847 -0.0146098 1 0 0 0 0 0 0 0
22 1 0.1 5.70794 4.43256 0.258811 0.000566824 0.000264529 -0.00061038 0.0122343 0.0126196 -0.00169493 1 0 0 0 0 0 0 0
23 1 0.1 5.58488 4.56614 0.138884 0.00025273 -0.000563622 -0.000825667 0.0174577 -0.0126093 0.013796 1 0 0 0 0 0 0 0
24 1 0.1 5.78547 4.76613 0.149782 0.000223743 0.000327833 -0.000752158 -0.00279734 0.00178462 0.00185004 1 0 0 0 0 0 0 0
25 1 0.1 6.34745 0.673441 0.149915 -0.000546865 0.00115146 -0.00431942 -0.00464995 0.0148209 -0.00492613 1 0 0 0 0 0 0 0
26 1 0.1 6.08402 1.22063 0.137435 -0.00219485 0.0247093 -0.00171441 -0.239422 -0.0325756 0.126331 1 0 0 0 0 0 0 0
27 1 0.1 5.91917 1.38744 0.137456 0.00371593 0.000503964 -0.000543836 -0.0173682 0.0257427 -0.0529795 1 0 0 0 0 0 0 0
28 1 0.1 5.83474 1.55105 0.215218 0.00736253 0.00289332 -0.00132908 -0.004313 0.0173902 0.040039 1 0 0 0 0 0 0 0
29 1 0.1 5.66829 1.62932 0.137284 0.00383322 0.00184415 -0.00011064 -0.00545874 -0.00487261 -0.0215739 1 0 0 0 0 0 0 0
30 1 0.1 5.48855 1.78298 0.231438 0.0204504 -0.010053 -0.0138746 -0.032685 0.186529 0.0534965 1 0 0 0 0 0 0 0
31 1 0.1 5.37505 1.92103 0.137022 0.0136795 -0.00377284 0.00249393 0.0512119 0.118341 0.0337802 1 0 0 0 0 0 0 0
32 1 0.1 5.20834 2.03009 0.138864 0.0150538 0.00185321 0.000273198 0.117632 -0.254313 -0.0605272 1 0 0 0 0 0 0 0
33 1 0.1 5.07658 2.2254 0.136347 0.00534011 0.00849983 -0.0041838 -0.0676193 0.0337623 0.0415453 1 0 0 0 0 0 0 0
34 1 0.1 4.92838 2.3518 0.187257 -0.0194783 0.0406925 0.0744676 -0.188267 -0.727288 0.338007 1 0 0 0 0 0 0 0
35 1 0.1 4.69765 2.46444 0.252734 0.690157 0.289936 0.85763 1.82086 0.376716 2.15671 1 0 0 0 0 0 0 0
36 1 0.1 4.55559 2.73636 0.157712 0.0301244 0.0165313 0.0272593 2.18524 -1.31977 0.762374 1 0 0 0 0 0 0 0
37 1 0.1 4.42534 2.88218 0.134167 -0.00917327 0.017226 0.00133043 -0.137994 -0.0894786 0.00227175 1 0 0 0 0 0 0 0
38 1 0.1 4.50374 3.0645 0.136841 -0.0243823 0.0295302 -0.00684771 -0.130312 -0.176561 -0.181708 1 0 0 0 0 0 0 0
39 1 0.1 4.5443 3.25769 0.136725 -0.00639333 0.0131832 -0.00598216 0.0262099 0.0247082 0.0101418 1 0 0 0 0 0 0 0
40 1 0.1 4.68153 3.40152 0.136962 -0.0056244 0.0127903 -0.00300512 -0.144735 -0.0293156 0.169241 1 0 0 0 0 0 0 0
41 1 0.1 4.84053 3.56923 0.133932 0.00650971 0.00587577 -0.00579272 -0.0700825 0.288989 0.261946 1 0 0 0 0 0 0 0
42 1 0.1 4.96672 3.81051 0.136058 -0.0258694 0.0109558 -0.00174001 -0.0375034 -0.451599 -0.0416033 1 0 0 0 0 0 0 0
43 1 0.1 5.3298 3.92429 0.306066 0.041992 -0.00801683 -0.0276992 -0.464038 -1.40908 -0.16256 1 0 0 0 0 0 0 0
44 1 0.1 5.33921 4.11303 0.24291 0.0231919 -0.0101765 -0.0182855 0.104154 -0.363723 0.139789 1 0 0 0 0 0 0 0
45 1 0.1 5.48189 4.20384 0.137105 0.00580361 0.0212788 -0.00323882 -0.132836 0.137878 0.277074 1 0 0 0 0 0 0 0
46 1 0.1 5.8449 4.29183 0.16287 -0.00276893 0.015757 -0.01687 0.315432 0.481405 0.175212 1 0 0 0 0 0 0 0
47 1 0.1 5.91491 4.45617 0.252234 0.00230415 0.0077989 -0.00277918 0.0452901 -0.020485 0.0210407 1 0 0 0 0 0 0 0
48 1 0.1 5.79178 4.56698 0.137406 0.000168339 0.000553183 -0.000188716 -0.00247261 0.00192379 -0.00304403 1 0 0 0 0 0 0 0
49 1 0.1 6.09658 5.075 0.148278 0.000517037 0.000465468 -0.000538054 0.0011937 0.00723841 0.00186592 1 0 0 0 0 0 0 0
50 1 0.1 6.48888 0.532145 0.149646 -0.00159293 -0.000364087 0.00573058 -0.0533854 -0.105699 -0.0155948 1 0 0 0 0 0 0 0
51 1 0.1 6.22988 1.06794 0.137507 -0.0119208 0.0189684 0.00456132 0.369274 0.184793 0.197924 1 0 0 0 0 0 0 0
52 1 0.1 6.01425 1.59126 0.137255 0.00270289 0.0126273 -0.000566948 -0.0846673 -0.00258089 0.0181825 1 0 0 0 0 0 0 0
53 1 0.1 5.86399 1.73263 0.137385 0.0053348 0.00148389 -2.20412e-05 0.0071733 0.0162085 -0.0235999 1 0 0 0 0 0 0 0
54 1 0.1 5.83313 1.93091 0.139724 -0.0131216 -0.0299551 -0.103403 0.277252 1.77158 -0.718621 1 0 0 0 0 0 0 0
55 1 0.1 5.69931 1.80737 0.222123 0.0102196 0.0057676 0.000370386 -0.0104594 -0.000468842 -0.0198523 1 0 0 0 0 0 0 0
56 1 0.1 5.57386 1.93746 0.137384 0.0112447 0.0049185 -0.00140561 0.0057958 -0.0115353 0.0596394 1 0 0 0 0 0 0 0
57 1 0.1 5.3669 2.15108 0.150085 0.0848024 -0.0828745 0.0801099 0.802384 0.330735 -0.0920929 1 0 0 0 0 0 0 0
58 1 0.1 5.25747 2.31731 0.137271 0.174833 -0.0379536 0.000847577 -1.38601 -0.89857 -0.856146 1 0 0 0 0 0 0 0
59 1 0.1 5.10535 2.44576 0.13591 0.317153 0.112972 -0.025759 -1.1396 3.15897 -1.30006 1 0 0 0 0 0 0 0
60 1 0.1 4.87245 2.53717 0.137402 0.133899 0.0606171 0.00784502 -0.694151 -0.133715 -0.664218 1 0 0 0 0 0 0 0
61 1 0.1 4.67964 2.5883 0.127315 0.113716 0.00154593 0.169263 -6.76982 4.43431 0.500374 1 0 0 0 0 0 0 0
62 1 0.1 4.63488 2.91752 0.151134 -0.0465154 0.0590736 0.0733335 -2.02838 1.16165 0.0580588 1 0 0 0 0 0 0 0
63 1 0.1 4.69657 3.11604 0.140652 -0.038018 0.0791672 0.0111776 0.0378052 -0.0683251 0.452077 1 0 0 0 0 0 0 0
64 1 0.1 4.82443 3.29903 0.230452 -0.00355589 0.0600164 0.014925 -0.202633 -0.29875 0.162369 1 0 0 0 0 0 0 0
65 1 0.1 4.9598 3.41029 0.136889 0.00507146 0.0230868 -0.00069177 -0.236623 0.0304786 -0.162883 1 0 0 0 0 0 0 0
66 1 0.1 5.03064 3.62289 0.146989 -0.00538133 0.0232669 -0.00576983 0.286684 -0.0307505 0.495399 1 0 0 0 0 0 0 0
67 1 0.1 5.16477 3.79114 0.154735 -0.0307899 0.00213372 0.0271831 -0.100752 0.0562949 -0.430394 1 0 0 0 0 0 0 0
68 1 0.1 5.43474 3.91513 0.137078 0.0868625 -0.0154653 0.00118781 0.136719 0.885294 0.525237 1 0 0 0 0 0 0 0
69 1 0.1 5.52181 4.0141 0.287139 0.0511456 -0.00385614 0.0163888 0.102648 -0.930871 0.122595 1 0 0 0 0 0 0 0
70 1 0.1 5.69869 4.15844 0.136225 0.00693446 -0.000200216 0.00130329 0.000607492 0.0652634 0.0859699 1 0 0 0 0 0 0 0
71 1 0.1 5.88336 4.10069 0.207159 0.014352 0.00761666 -0.0643719 -0.0142005 0.496264 -0.222034 1 0 0 0 0 0 0 0
72 1 0.1 6.0422 4.24363 0.137345 0.0104677 0.00624113 0.000448659 -0.0654103 0.107172 -0.0049 1 0 0 0 0 0 0 0
73 1 0.1 5.96176 4.67228 0.139644 0.000450282 0.000692866 -0.00220436 -0.00888191 0.0134876 0.00921783 1 0 0 0 0 0 0 0
74 1 0.1 6.27739 5.25616 0.15151 3.94662e-05 -1.13303e-05 0.000208824 -0.00377874 -7.27882e-05 -0.00184446 1 0 0 0 0 0 0 0
75 1 0.1 6.52587 0.762731 0.137523 -0.113749 0.231656 0.00547538 -0.297491 -0.27774 2.60204 1 0 0 0 0 0 0 0
76 1 0.1 6.20622 0.814793 0.149266 -0.000500229 0.00103123 -0.00150258 0.00236801 0.0208637 0.0062588 1 0 0 0 0 0 0 0
77 1 0.1 6.05602 1.78788 0.137461 -0.00525318 0.0442535 -0.00177143 -0.568657 -0.136737 0.467576 1 0 0 0 0 0 0 0
78 1 0.1 5.91962 2.13614 0.261598 0.0514387 0.0807463 0.0243405 -0.168498 -0.316679 0.358782 1 0 0 0 0 0 0 0
79 1 0.1 5.84313 2.29874 0.174095 0.022964 0.0556644 -0.00971777 -0.121862 0.102779 0.0753992 1 0 0 0 0 0 0 0
80 1 0.1 5.7642 2.11856 0.137307 0.0834397 0.00944564 -0.00370822 -0.137401 -0.0890829 0.287748 1 0 0 0 0 0 0 0
81 1 0.1 5.56574 2.13888 0.137017 0.0795782 -0.0352336 -0.00217287 0.171279 0.387003 0.178994 1 0 0 0 0 0 0 0
82 1 0.1 5.46508 2.32591 0.136731 0.025036 -0.0436698 0.00521372 0.484096 0.230018 0.356911 1 0 0 0 0 0 0 0
83 1 0.1 5.48093 2.50725 0.219345 0.34494 -0.0534759 -0.0171454 0.459326 0.119013 1.0021 1 0 0 0 0 0 0 0
84 1 0.1 5.28886 2.51462 0.167869 0.401235 -0.0583952 -0.18558 0.197663 -1.92995 -0.728577 1 0 0 0 0 0 0 0
85 1 0.1 5.07208 2.64292 0.137513 0.0412065 0.0647865 -0.000971974 0.0592653 0.487146 0.590168 1 0 0 0 0 0 0 0
86 1 0.1 4.80768 2.75121 0.136292 -0.0037381 0.0638249 0.00115066 -0.636249 -0.040615 -0.033747 1 0 0 0 0 0 0 0
87 1 0.1 4.83241 2.94846 0.14846 -0.0497079 0.0669263 -0.0487666 0.153009 -0.0632124 0.484392 1 0 0 0 0 0 0 0
88 1 0.1 4.89515 3.13716 0.137456 -0.0367465 0.0591043 0.000179988 0.419349 0.223503 -0.648661 1 0 0 0 0 0 0 0
89 1 0.1 5.06893 3.23493 0.136979 -0.0046107 0.00362359 0.00180466 -0.0375336 -0.00639089 0.0261417 1 0 0 0 0 0 0 0
90 1 0.1 5.1589 3.41201 0.137012 -0.00220346 0.00485235 -0.00426517 -0.0604325 -0.0131995 -0.0481219 1 0 0 0 0 0 0 0
91 1 0.1 5.22783 3.60108 0.16603 0.00110068 0.0536517 -0.0195026 0.509638 0.0832912 -0.102455 1 0 0 0 0 0 0 0
92 1 0.1 5.38374 3.72214 0.137432 0.0543938 -0.00886677 -0.000555945 0.180709 0.211126 -0.842626 1 0 0 0 0 0 0 0
93 1 0.1 5.57757 3.77102 0.138992 0.055147 -0.015989 -0.00400682 0.238824 -0.0683571 0.772872 1 0 0 0 0 0 0 0
94 1 0.1 5.64284 3.96004 0.137481 0.0284316 -0.00718621 -0.000174356 0.153026 1.08193 -0.499505 1 0 0 0 0 0 0 0
95 1 0.1 5.85637 3.91524 0.137448 0.00618699 -0.0160336 -0.0011972 0.163211 0.0766729 0.624127 1 0 0 0 0 0 0 0
96 1 0.1 5.87995 3.64572 0.327768 0.0728177 -0.0484504 0.0068102 -0.131554 0.787524 -0.549521 1 0 0 0 0 0 0 0
97 1 0.1 5.96512 3.841 0.287974 0.0645381 0.0544501 -0.0128011 -0.164069 0.0321428 0.748318 1 0 0 0 0 0 0 0
98 1 0.1 5.92688 4.90745 0.150017 0.000355307 0.000553166 0.00015532 -0.000550921 0.00103459 -0.00270549 1 0 0 0 0 0 0 0
99 1 0.1 6.31226 5.0598 0.137452 0.000610271 0.000284626 -0.000210972 0.00828575 -0.00116258 0.00634387 1 0 0 0 0 0 0 0
100 1 0.1 6.35394 1.20383 0.215694 -0.0023419 0.00850562 0.00647952 -0.00977672 0.183211 -0.132368 1 0 0 0 0 0 0 0
101 1 0.1 6.10279 1.44363 0.23825 0.00281188 0.0204001 0.00301539 -0.083356 0.146559 -0.0972015 1 0 0 0 0 0 0 0
102 1 0.1 6.08135 1.71315 0.591367 0.000364554 0.0114193 -0.0100319 0.188357 0.496668 0.230827 1 0 0 0 0 0 0 0
103 1 0.1 6.01891 1.97389 0.200463 -0.0379759 0.0616793 -0.0754953 0.333767 2.03608 -0.804252 1 0 0 0 0 0 0 0
104 1 0.1 5.74765 2.65422 0.302561 0.0142001 0.0341481 0.0120259 -0.300481 -0.726453 0.521548 1 0 0 0 0 0 0 0
105 1 0.1 5.65994 2.36942 0.13744 0.00339927 0.0197012 -0.000327584 0.118213 0.0147116 0.337352 1 0 0 0 0 0 0 0
106 1 0.1 5.674 2.56883 0.137443 0.0759782 0.013787 -0.00119094 -0.1494 -0.161438 -1.08567 1 0 0 0 0 0 0 0
107 1 0.1 5.51239 2.68631 0.137259 0.0730922 0.00436218 0.00268838 -0.0932033 0.66014 1.58597 1 0 0 0 0 0 0 0
108 1 0.1 5.54498 2.66095 0.334776 0.146058 -0.0070109 0.0297683 -0.557761 0.64828 3.15977 1 0 0 0 0 0 0 0
109 1 0.1 5.4088 2.8845 0.137338 0.00673497 0.000948272 0.00240697 -0.0235728 0.0492772 -0.0309594 1 0 0 0 0 0 0 0
110 1 0.1 5.30495 2.71243 0.143775 0.0231818 -0.00340735 -0.0209204 -0.0474345 0.129474 -0.0750323 1 0 0 0 0 0 0 0
111 1 0.1 4.99224 2.82618 0.137149 0.0068243 0.0479748 5.49748e-05 -0.0240917 -0.568658 -0.196854 1 0 0 0 0 0 0 0
112 1 0.1 5.03418 2.99223 0.240811 -0.101917 0.07671 0.0371347 -0.540832 0.36454 -1.20306 1 0 0 0 0 0 0 0
113 1 0.1 5.18546 3.0727 0.137386 0.000873001 0.00749143 0.00255868 0.061936 -0.0204981 0.118915 1 0 0 0 0 0 0 0
114 1 0.1 5.27263 3.25026 0.166192 -0.00336653 0.00664703 0.017894 0.0268673 -0.128041 -0.107721 1 0 0 0 0 0 0 0
115 1 0.1 5.33593 3.44265 0.220682 -0.0107316 0.0418475 -0.0210662 -0.362526 -0.285118 -0.0132722 1 0 0 0 0 0 0 0
116 1 0.1 5.50068 3.51627 0.137323 0.00879318 0.0164711 0.00327054 0.0365943 0.0969103 0.0562729 1 0 0 0 0 0 0 0
117 1 0.1 5.6833 3.59431 0.136747 0.00635801 0.0110104 -0.00129945 -0.0434381 -0.0694017 -0.0555256 1 0 0 0 0 0 0 0
118 1 0.1 5.66096 3.37211 0.137487 -0.0178547 0.0310611 -0.000105202 -0.2331 -0.0631698 0.135221 1 0 0 0 0 0 0 0
119 1 0.1 5.4682 3.31923 0.136875 -0.0150143 0.0251478 -0.00216529 -0.0806873 -0.0493445 -0.0804942 1 0 0 0 0 0 0 0
120 1 0.1 5.86516 3.70523 0.1368 0.0337648 -0.0284416 -0.00141706 0.342706 0.366056 -0.000902803 1 0 0 0 0 0 0 0
121 1 0.1 5.82772 3.47583 0.41932 0.0277024 -0.0296257 0.0233687 -0.137888 -1.08819 0.196116 1 0 0 0 0 0 0 0
122 1 0.1 6.07699 4.44044 0.13702 0.00132021 0.00747196 -0.00141622 -0.0746798 0.000924572 -0.110597 1 0 0 0 0 0 0 0
123 1 0.1 6.09597 4.59005 0.267315 0.00568665 0.00532959 -0.00139574 0.0790775 -0.019804 0.0352215 1 0 0 0 0 0 0 0
124 1 0.1 6.18075 4.76326 0.137461 -0.00543009 -0.0111673 2.08032e-05 0.0974069 -0.0334143 -0.369909 1 0 0 0 0 0 0 0
125 1 0.1 6.07756 0.94073 0.3594 -0.00502052 0.0297648 0.00310521 0.0827418 0.0248595 0.0752175 1 0 0 0 0 0 0 0
126 1 0.1 5.93679 1.08117 0.33994 -0.00575955 0.0154173 0.0115498 0.0380093 -0.0176574 0.0518892 1 0 0 0 0 0 0 0
127 1 0.1 5.79461 1.22122 0.345806 -0.0030862 0.00750486 0.0104431 0.00907189 -0.0399122 -0.00675383 1 0 0 0 0 0 0 0
128 1 0.1 5.65196 1.36381 0.34776 0.0129144 -0.0201227 0.00290622 0.00510647 0.00901429 0.0142325 1 0 0 0 0 0 0 0
129 1 0.1 5.51295 1.50596 0.363354 0.00966473 -0.0135438 0.0034516 -0.000394864 -0.00391485 -0.0242958 1 0 0 0 0 0 0 0
130 1 0.1 5.23319 1.78564 0.338656 0.0210341 -0.0045369 -0.0477994 -0.648018 -0.224872 -0.22161 1 0 0 0 0 0 0 0
131 1 0.1 5.10432 1.92529 0.284394 0.0439337 -0.00621483 -0.0689769 0.238109 0.392718 -0.0410977 1 0 0 0 0 0 0 0
132 1 0.1 4.93968 2.08209 0.363541 0.100089 -0.170096 0.0240553 6.5047 2.43897 -0.977647 1 0 0 0 0 0 0 0
133 1 0.1 4.79966 2.22685 0.349097 0.301488 -0.246727 0.312259 2.69256 4.30478 1.15791 1 0 0 0 0 0 0 0
134 1 0.1 4.66305 2.35679 0.394054 0.442574 -0.284398 0.860856 0.89251 -0.701295 -1.66265 1 0 0 0 0 0 0 0
135 1 0.1 4.38619 2.63377 0.317756 -0.0218705 0.0415206 -0.0306015 0.233899 0.638455 0.443973 1 0 0 0 0 0 0 0
136 1 0.1 4.19256 2.82979 0.350016 -3.50335e-05 -2.52837e-06 3.18303e-05 -0.00221028 -4.71374e-05 -0.00176256 1 0 0 0 0 0 0 0
137 1 0.1 4.19719 3.03233 0.379032 1.17767e-05 0.000169407 -0.00377035 0.0790132 0.0708345 -0.0420907 1 0 0 0 0 0 0 0
138 1 0.1 4.24173 3.22001 0.323504 0.00221852 0.00381401 0.000539405 -0.049113 0.0151266 0.0309606 1 0 0 0 0 0 0 0
139 1 0.1 4.37861 3.36328 0.34995 0.00154769 0.0031218 -0.00152461 0.00615471 -0.00291836 -0.000873347 1 0 0 0 0 0 0 0
140 1 0.1 4.53356 3.51415 0.345098 0.000938161 0.00582637 -0.00946316 0.0985749 0.0349433 -0.0062883 1 0 0 0 0 0 0 0
141 1 0.1 4.67583 3.65393 0.358867 0.00145132 0.0036505 -0.0048401 0.0363378 0.0295161 0.0305019 1 0 0 0 0 0 0 0
142 1 0.1 4.84756 3.81743 0.321088 -0.0328542 -0.0358437 0.00511258 -0.456561 0.573322 -0.493605 1 0 0 0 0 0 0 0
143 1 0.1 5.00854 3.98961 0.349885 -0.0316709 -0.0478028 -0.00324209 0.0773383 -0.00440592 -0.601031 1 0 0 0 0 0 0 0
144 1 0.1 5.15 4.13097 0.349998 -0.0322851 -0.0474944 0.000809495 -0.00073778 -0.00945381 -0.592193 1 0 0 0 0 0 0 0
145 1 0.1 5.29684 4.28106 0.349468 -0.00444992 -0.00738384 0.00862913 0.0320766 0.000826234 -0.0399887 1 0 0 0 0 0 0 0
146 1 0.1 5.43838 4.42234 0.350315 -0.00364745 -0.00934884 0.00517645 -0.00890839 -0.0584057 -0.105198 1 0 0 0 0 0 0 0
147 1 0.1 5.58188 4.56368 0.341681 0.000152153 -6.72976e-05 -0.000631103 0.00714213 0.00195048 -0.000682818 1 0 0 0 0 0 0 0
148 1 0.1 5.73921 4.71941 0.349076 -0.000300573 -6.46688e-05 0.00170456 -0.00906099 -0.0194242 -0.0109223 1 0 0 0 0 0 0 0
149 1 0.1 6.02284 5.00241 0.350307 0.000920703 2.4918e-05 0.00101891 -0.00799471 -0.00560656 0.00144519 1 0 0 0 0 0 0 0
150 1 0.1 6.21725 0.798116 0.349867 -0.0278008 0.00738402 -0.0110532 0.0200071 0.0558023 -0.418128 1 0 0 0 0 0 0 0
151 1 0.1 5.9792 1.27987 0.296956 0.0120668 0.00767253 0.0156797 0.528925 0.153606 -0.184717 1 0 0 0 0 0 0 0
152 1 0.1 5.84471 1.41381 0.359832 0.0107284 0.0100906 0.00117597 -0.059407 -0.0410447 0.0281987 1 0 0 0 0 0 0 0
153 1 0.1 5.68433 1.60487 0.335016 0.00870095 -0.0111069 -0.00166028 -0.0517476 0.0331919 0.0167675 1 0 0 0 0 0 0 0
154 1 0.1 5.54104 1.71739 0.416307 0.0107304 -0.0093583 -0.00162692 -0.07222 0.0578266 0.00451881 1 0 0 0 0 0 0 0
155 1 0.1 5.37415 1.64589 0.333842 0.00896984 -0.0118317 0.00762495 0.0366718 0.0150434 0.0187729 1 0 0 0 0 0 0 0
156 1 0.1 5.26933 2.0047 0.364113 0.0204094 -0.000461464 -0.0208972 -0.00965404 0.184949 -0.351506 1 0 0 0 0 0 0 0
157 1 0.1 5.12215 2.1224 0.298718 0.0102639 -0.00302608 -0.0211046 0.332674 -0.275334 0.396792 1 0 0 0 0 0 0 0
158 1 0.1 4.96038 2.32662 0.444335 0.52695 -0.132509 0.185158 1.20724 -4.31573 -5.59545 1 0 0 0 0 0 0 0
159 1 0.1 4.86788 2.46693 0.344502 0.977014 0.311175 0.553806 3.85617 3.03601 0.479664 1 0 0 0 0 0 0 0
160 1 0.1 4.57464 2.5861 0.344831 -0.0166098 0.147009 0.0487683 1.19933 -0.146037 -0.363271 1 0 0 0 0 0 0 0
161 1 0.1 4.39491 2.8285 0.318051 -0.023275 0.0444857 -0.00905155 -0.000549222 0.121545 -0.195034 1 0 0 0 0 0 0 0
162 1 0.1 4.35605 3.01968 0.261411 -0.017745 0.0284284 -0.0154245 0.185145 0.129277 0.178225 1 0 0 0 0 0 0 0
163 1 0.1 4.55684 3.14685 0.335748 -0.0381969 0.0350632 -0.0112711 -0.025288 0.024561 0.0225646 1 0 0 0 0 0 0 0
164 1 0.1 4.60829 3.33404 0.309489 -0.016227 0.0147969 -0.0088367 -0.0544108 -0.163761 -0.160763 1 0 0 0 0 0 0 0
165 1 0.1 4.74862 3.4723 0.311542 -0.00289614 -0.00163875 0.0108057 -0.209147 -0.416681 -0.0425494 1 0 0 0 0 0 0 0
166 1 0.1 4.91535 3.57481 0.314084 -0.00205186 -0.0184317 -0.00438232 -0.460628 0.39675 -0.0853135 1 0 0 0 0 0 0 0
167 1 0.1 5.04535 3.78898 0.318684 -0.0295466 -0.0216406 -0.00380597 0.598643 -0.409915 0.547562 1 0 0 0 0 0 0 0
168 1 0.1 5.17438 3.91137 0.429151 0.0129371 -0.0328454 -0.0764606 0.0447084 0.826308 0.854245 1 0 0 0 0 0 0 0
169 1 0.1 5.30801 4.05812 0.452929 -0.0299728 -0.00344194 -0.0356986 0.547331 -0.104257 -0.413755 1 0 0 0 0 0 0 0
170 1 0.1 5.45943 4.17302 0.39097 -0.00366147 -0.0146456 0.00238856 0.0546538 0.0580219 0.00111008 1 0 0 0 0 0 0 0
171 1 0.1 5.63219 4.25211 0.29769 0.0098364 -0.00251575 0.00472652 -0.0390905 0.0641153 0.089006 1 0 0 0 0 0 0 0
172 1 0.1 5.80184 4.33861 0.408208 0.00481398 0.00455816 -0.000906728 -0.00726407 -0.0164799 0.0987858 1 0 0 0 0 0 0 0
173 1 0.1 5.81092 4.54075 0.399898 0.00190236 0.00137898 -1.09082e-05 0.0220314 0.0390545 0.0239767 1 0 0 0 0 0 0 0
174 1 0.1 6.16416 5.14375 0.350279 0.000435464 0.000361828 0.000315493 -0.0075072 0.00202465 0.00523462 1 0 0 0 0 0 0 0
175 1 0.1 6.36152 0.654185 0.348419 -0.023023 0.0143115 -0.00275736 -0.143339 -0.179418 0.204198 1 0 0 0 0 0 0 0
176 1 0.1 6.12757 1.13325 0.311917 -0.00346935 0.0296715 0.00702255 0.20817 0.125096 0.00196054 1 0 0 0 0 0 0 0
177 1 0.1 5.97739 1.63545 0.328536 0.0136506 0.000728632 0.007455 0.174013 0.152172 0.257228 1 0 0 0 0 0 0 0
178 1 0.1 5.81842 1.74771 0.373967 0.0056896 -0.00910961 -0.00258765 -0.155406 -0.280592 -0.155766 1 0 0 0 0 0 0 0
179 1 0.1 5.708 1.91348 0.390906 0.0132116 -0.00589652 0.0130637 0.210162 0.329309 0.469493 1 0 0 0 0 0 0 0
180 1 0.1 5.40777 1.86438 0.395168 0.0058845 -0.0186464 -0.0166742 0.0695518 -0.29726 0.109346 1 0 0 0 0 0 0 0
181 1 0.1 5.45694 2.02441 0.286375 0.037352 -0.0233812 0.00117836 0.0311173 -0.0147741 -0.314239 1 0 0 0 0 0 0 0
182 1 0.1 5.2946 2.21807 0.329499 0.132882 -0.259541 -0.119441 -2.04709 -1.05715 2.1779 1 0 0 0 0 0 0 0
183 1 0.1 5.12562 2.32162 0.311955 0.349911 0.0218823 -0.173952 1.0257 1.13463 -5.92953 1 0 0 0 0 0 0 0
184 1 0.1 5.05743 2.50758 0.315977 1.0125 0.285627 0.0602461 -0.132848 3.14404 -1.05027 1 0 0 0 0 0 0 0
185 1 0.1 4.7312 2.64718 0.444587 0.332763 -0.193032 -0.177622 6.01508 6.24703 0.592829 1 0 0 0 0 0 0 0
186 1 0.1 4.58682 2.78456 0.349168 0.00156667 0.138417 0.0159194 -1.51336 0.206961 0.119141 1 0 0 0 0 0 0 0
187 1 0.1 4.69618 2.95056 0.337086 -0.0215394 0.14682 0.0353555 1.34338 -0.713806 0.31986 1 0 0 0 0 0 0 0
188 1 0.1 4.75616 3.14406 0.335848 -0.0423504 0.0662515 -0.00828157 -0.0520589 -0.286261 0.0724838 1 0 0 0 0 0 0 0
189 1 0.1 4.95655 3.14514 0.34366 0.0226287 0.108115 0.0926241 -1.84613 0.164023 -0.887024 1 0 0 0 0 0 0 0
190 1 0.1 4.92532 3.3336 0.398116 -0.0158421 0.119795 0.00837896 0.85088 0.470995 1.47086 1 0 0 0 0 0 0 0
191 1 0.1 5.11268 3.60109 0.330229 0.00257467 -0.0142718 -0.0460891 0.27472 -0.75649 -0.137496 1 0 0 0 0 0 0 0
192 1 0.1 5.25746 3.73868 0.32398 -0.0587809 0.0558286 0.0587825 -0.165577 -0.581909 1.0968 1 0 0 0 0 0 0 0
193 1 0.1 5.45455 3.77055 0.334068 -0.0392276 -0.062169 0.0504098 0.101185 0.572701 -1.52764 1 0 0 0 0 0 0 0
194 1 0.1 5.64743 3.8995 0.404483 0.107764 -0.00948376 0.0311358 -0.295741 0.249458 0.0560284 1 0 0 0 0 0 0 0
195 1 0.1 5.71555 4.05886 0.307421 0.0531814 -0.00521767 -0.00392344 0.0772693 0.234589 0.338874 1 0 0 0 0 0 0 0
196 1 0.1 5.85957 4.14727 0.414143 0.0293429 0.0120613 0.0113942 -0.100972 -0.0120251 0.139645 1 0 0 0 0 0 0 0
197 1 0.1 5.9765 4.27984 0.322347 0.0135555 0.0155737 0.000666065 -0.0766388 -0.0474692 0.125366 1 0 0 0 0 0 0 0
198 1 0.1 5.88156 4.85928 0.356074 -0.000222873 -0.00116425 0.00282759 -0.0259135 -0.0121188 0.106871 1 0 0 0 0 0 0 0
199 1 0.1 6.30546 5.28512 0.349905 6.03506e-05 0.000185488 -0.000184737 0.0015277 -0.00100557 -0.00244028 1 0 0 0 0 0 0 0
200 1 0.1 6.37946 0.851987 0.241757 -0.0313745 0.107359 0.0127267 0.596592 -0.0485788 1.54828 1 0 0 0 0 0 0 0
201 1 0.1 6.26869 0.993356 0.333227 0.00500639 0.0271121 -0.0275691 -0.00733646 0.185357 0.0599462 1 0 0 0 0 0 0 0
202 1 0.1 5.90005 1.96032 0.36155 -0.0191974 0.0606505 -0.10765 -0.0848388 0.962486 0.201038 1 0 0 0 0 0 0 0
203 1 0.1 5.60121 2.66584 0.763439 -0.00146943 0.0108389 0.00394068 0.0777771 0.0303385 -0.0575734 1 0 0 0 0 0 0 0
204 1 0.1 5.78825 2.31441 0.365725 0.0204052 0.0465774 -0.00966329 0.529326 0.675252 -0.488057 1 0 0 0 0 0 0 0
205 1 0.1 5.64339 2.08981 0.316633 0.0397643 -0.0281806 -0.0057721 -0.114739 0.0670926 0.257297 1 0 0 0 0 0 0 0
206 1 0.1 5.49201 2.22016 0.302637 0.102763 -0.0395152 -0.00533753 -0.370821 0.039267 0.419789 1 0 0 0 0 0 0 0
207 1 0.1 5.3466 2.41108 0.334514 0.246489 -0.289996 -0.0965659 3.88507 7.82681 -1.30512 1 0 0 0 0 0 0 0
208 1 0.1 5.34873 2.62222 0.3252 0.196458 -0.0321433 -0.114048 -1.66831 -2.75209 -2.35302 1 0 0 0 0 0 0 0
209 1 0.1 5.16114 2.68972 0.311455 0.321793 0.367063 -0.154243 -2.0217 3.88116 -1.87274 1 0 0 0 0 0 0 0
210 1 0.1 4.99341 2.66307 0.416573 0.491098 0.00353024 0.0653356 0.400487 -2.90033 7.4212 1 0 0 0 0 0 0 0
211 1 0.1 4.80788 2.78657 0.330316 -0.0255861 0.155038 -0.0171941 -0.435757 0.20285 -0.377306 1 0 0 0 0 0 0 0
212 1 0.1 4.88916 2.96294 0.375315 -0.0557528 0.156411 0.119353 1.36975 0.0672039 0.322527 1 0 0 0 0 0 0 0
213 1 0.1 5.10056 3.03391 0.425215 0.0464826 0.110647 0.0486286 1.39934 0.378685 -0.587021 1 0 0 0 0 0 0 0
214 1 0.1 5.14103 3.21121 0.320934 0.0301016 0.0324972 -0.00410292 -0.0608295 0.0100869 0.223684 1 0 0 0 0 0 0 0
215 1 0.1 5.17735 3.40509 0.335425 -0.00188745 0.0338059 -0.0112084 -0.138642 -0.00495017 0.245938 1 0 0 0 0 0 0 0
216 1 0.1 5.29785 3.55254 0.387969 -0.00110283 0.0249867 0.00283865 0.474319 0.161263 -0.317327 1 0 0 0 0 0 0 0
217 1 0.1 5.49745 3.56498 0.328866 0.0668641 -0.0613009 0.027708 0.751927 0.6065 0.358385 1 0 0 0 0 0 0 0
218 1 0.1 5.67794 3.64541 0.359111 0.0106535 0.0366177 0.0955989 -0.113936 -1.1208 0.8021 1 0 0 0 0 0 0 0
219 1 0.1 5.78278 3.77037 0.474836 0.122522 -0.00169181 0.0315326 0.00718856 0.160906 -0.151282 1 0 0 0 0 0 0 0
220 1 0.1 5.76879 3.80455 0.279011 0.0778924 -0.0361422 0.0292403 -0.351433 0.313311 0.144974 1 0 0 0 0 0 0 0
221 1 0.1 5.84712 3.9478 0.409101 0.0571714 0.0124954 0.0122367 -0.137507 0.0925066 0.774917 1 0 0 0 0 0 0 0
222 1 0.1 6.0079 4.02271 0.501383 0.0349339 0.094335 -0.0154711 0.284103 0.429394 0.29961 1 0 0 0 0 0 0 0
223 1 0.1 6.06798 4.81614 0.293794 0.00280448 -4.77318e-05 0.0022617 -0.00354027 0.0234016 0.0256421 1 0 0 0 0 0 0 0
224 1 0.1 6.2034 4.9618 0.27348 0.000538737 0.000608158 -0.000750355 -0.00540087 0.00127782 -0.0116567 1 0 0 0 0 0 0 0
225 1 0.1 6.25177 1.35673 0.137428 -0.00361568 0.00901438 0.00235732 -0.0931114 -0.0498299 0.0692846 1 0 0 0 0 0 0 0
226 1 0.1 6.16557 1.31735 0.379718 0.00337168 0.0340464 0.0115182 -0.143724 -0.0179329 -0.0187509 1 0 0 0 0 0 0 0
227 1 0.1 6.02763 1.46428 0.422154 0.0182078 0.000355355 0.011915 0.357587 0.0202996 -0.0542462 1 0 0 0 0 0 0 0
228 1 0.1 5.81157 2.12631 0.429397 0.00685396 0.0393099 -0.00489029 0.160842 -0.261968 0.432793 1 0 0 0 0 0 0 0
229 1 0.1 5.68846 2.84556 0.762606 0.0102128 0.0191138 -0.00813272 0.0478592 -0.0529047 -0.0689474 1 0 0 0 0 0 0 0
230 1 0.1 5.56529 2.39988 0.364862 0.190295 -0.0814153 0.0514744 -0.293201 -1.9264 -1.37911 1 0 0 0 0 0 0 0
231 1 0.1 5.72976 2.49651 0.424032 0.106358 0.0594633 0.0613298 -0.403491 0.00877119 1.20938 1 0 0 0 0 0 0 0
232 1 0.1 5.65558 2.58178 0.588945 -0.0255698 0.0488791 0.0150973 -0.104463 -0.815154 0.261341 1 0 0 0 0 0 0 0
233 1 0.1 5.61947 3.04668 0.370334 0.0884544 -0.00388241 -0.13446 -0.876163 0.757338 -1.1928 1 0 0 0 0 0 0 0
234 1 0.1 5.18625 2.8731 0.137337 0.0212849 0.00567126 -0.00725817 -0.0730732 0.249611 0.0152439 1 0 0 0 0 0 0 0
235 1 0.1 5.40856 2.79563 0.40475 0.0718521 -0.0140918 -0.0857713 1.48419 1.36761 -0.354227 1 0 0 0 0 0 0 0
236 1 0.1 5.05105 2.84802 0.379687 -0.0925895 0.15215 0.0663717 -1.20836 0.394482 -0.666497 1 0 0 0 0 0 0 0
237 1 0.1 5.24059 2.88874 0.328557 0.0243689 0.0660142 -0.0243465 -0.537571 -0.217142 -0.0836549 1 0 0 0 0 0 0 0
238 1 0.1 5.28455 3.08023 0.365333 0.0492671 0.0584534 0.0023489 -0.313037 0.356295 -0.121814 1 0 0 0 0 0 0 0
239 1 0.1 5.31353 3.27396 0.399945 0.00839912 0.0570503 0.00757204 0.178028 -0.371681 0.299189 1 0 0 0 0 0 0 0
240 1 0.1 5.46015 3.19308 0.291253 0.0101782 0.0571015 0.0197857 -0.307314 0.45736 -0.115699 1 0 0 0 0 0 0 0
241 1 0.1 5.60842 3.1358 0.59158 0.0442548 0.0795907 0.0382095 0.462927 0.311924 -0.453191 1 0 0 0 0 0 0 0
242 1 0.1 5.4777 3.38516 0.412442 0.0530559 -0.0316222 0.0856155 0.591859 -0.239194 -1.26716 1 0 0 0 0 0 0 0
243 1 0.1 5.58118 3.15247 0.137455 -0.0155964 0.0117177 0.00297173 -0.113305 -0.143042 -0.111635 1 0 0 0 0 0 0 0
244 1 0.1 5.38502 3.08449 0.137803 -0.00704193 0.0663819 0.000193809 0.0757823 0.0638117 0.467794 1 0 0 0 0 0 0 0
245 1 0.1 5.69409 2.97612 0.137082 0.0277176 0.0494952 0.00203917 -0.640746 0.36429 0.289732 1 0 0 0 0 0 0 0
246 1 0.1 5.65707 3.41992 0.331586 0.0312243 -0.0472606 0.0194398 0.918624 1.29772 0.395678 1 0 0 0 0 0 0 0
247 1 0.1 5.98415 4.45739 0.45464 0.00856752 0.00858176 -0.00853175 -0.0373452 0.071686 0.0591649 1 0 0 0 0 0 0 0
248 1 0.1 5.95667 4.67598 0.381868 0.00363386 -0.000401134 0.000541161 0.0337648 0.00750706 -0.0532028 1 0 0 0 0 0 0 0
249 1 0.1 6.18994 4.70194 0.403303 0.00454295 0.0015701 0.00156091 -0.00485322 0.00703137 -0.00498196 1 0 0 0 0 0 0 0
250 1 0.1 6.11263 0.913562 0.557998 -0.0394291 0.0342966 -0.00385769 0.00422799 0.00137389 -2.56916e-05 1 0 0 0 0 0 0 0
251 1 0.1 5.96812 1.05814 0.540521 -0.00642043 0.0122924 -0.00443087 -0.0345666 0.025191 0.142866 1 0 0 0 0 0 0 0
252 1 0.1 5.82434 1.20073 0.544077 -0.0563797 0.0631799 -0.0491403 0.20373 1.00725 1.06343 1 0 0 0 0 0 0 0
253 1 0.1 5.65755 1.3589 0.549831 0.111471 -0.0687113 -0.00205593 0.00343272 0.00283078 -0.0105226 1 0 0 0 0 0 0 0
254 1 0.1 5.52038 1.50297 0.566556 0.138114 -0.0422968 0.0259166 0.354321 0.0266469 -0.385765 1 0 0 0 0 0 0 0
255 1 0.1 5.23545 1.78139 0.55189 0.0930299 -0.070481 0.00239255 -1.1848 -1.52398 -0.131232 1 0 0 0 0 0 0 0
256 1 0.1 5.11139 1.91656 0.480688 0.134321 -0.115647 -0.106743 0.653437 0.28618 0.27773 1 0 0 0 0 0 0 0
257 1 0.1 5.0278 2.04817 0.596707 0.367719 -0.121686 0.0090241 1.05533 0.307445 -2.94139 1 0 0 0 0 0 0 0
258 1 0.1 4.85909 2.16733 0.523196 0.295694 -0.361642 0.198648 -2.18271 -2.943 -4.29575 1 0 0 0 0 0 0 0
259 1 0.1 4.60172 2.41871 0.568028 0.0643092 0.0589261 0.387424 -4.04913 -4.47424 0.351052 1 0 0 0 0 0 0 0
260 1 0.1 4.45274 2.5697 0.496563 -0.0167222 0.0278274 0.0203225 0.137986 0.0339046 0.470405 1 0 0 0 0 0 0 0
261 1 0.1 4.26953 2.75744 0.563248 0.00256182 0.00542664 0.00679736 0.059761 -0.0849171 0.00258132 1 0 0 0 0 0 0 0
262 1 0.1 4.19007 3.0038 0.575446 -0.00575891 -0.00369307 -0.00809043 0.0718488 0.165053 -0.0694264 1 0 0 0 0 0 0 0
263 1 0.1 4.22676 3.20027 0.567476 -0.00024497 0.00227509 0.00253307 -0.00345253 0.00229598 -0.031022 1 0 0 0 0 0 0 0
264 1 0.1 4.36494 3.34337 0.549547 -0.00268446 0.00491591 0.00711829 0.0268405 -0.0600182 0.0371862 1 0 0 0 0 0 0 0
265 1 0.1 4.50618 3.48429 0.551007 -0.00356853 0.00303378 0.00878528 -0.0927137 -0.0334158 -0.00265949 1 0 0 0 0 0 0 0
266 1 0.1 4.64851 3.62461 0.556153 -0.00106793 -0.000137856 -0.000493089 -0.00659252 0.0113917 -0.00883155 1 0 0 0 0 0 0 0
267 1 0.1 4.79414 3.768 0.505125 -0.00233132 0.0109869 0.0211674 0.144994 -0.266744 0.0873305 1 0 0 0 0 0 0 0
268 1 0.1 4.92945 3.90271 0.563393 0.00737418 0.0067766 0.00324484 0.0688882 0.00715183 -0.0396423 1 0 0 0 0 0 0 0
269 1 0.1 5.06841 4.04579 0.550017 0.00470325 0.00599185 0.00205531 -0.0515075 0.0198193 0.0639683 1 0 0 0 0 0 0 0
270 1 0.1 5.36822 4.35262 0.549995 -0.00387587 -0.00659431 -0.000103083 0.00432341 -0.00189246 0.0836949 1 0 0 0 0 0 0 0
271 1 0.1 5.51306 4.49483 0.562767 -0.00148426 -0.00205511 -2.65821e-05 -0.0668044 0.019376 -0.101908 1 0 0 0 0 0 0 0
272 1 0.1 5.65398 4.63549 0.563181 -0.00111048 -0.00102929 0.00077897 -0.0408241 0.013461 -0.0193686 1 0 0 0 0 0 0 0
273 1 0.1 5.79444 4.77555 0.539505 0.000279878 -0.00126883 -0.000929004 0.0149976 0.00900524 0.0227948 1 0 0 0 0 0 0 0
274 1 0.1 6.06101 5.03912 0.549965 0.00073965 0.000441744 0.000230011 -0.00530161 0.00083973 0.00912364 1 0 0 0 0 0 0 0
275 1 0.1 6.25323 0.771564 0.553456 -0.0412865 0.0365927 -0.00648377 0.0094845 0.0139719 0.00209984 1 0 0 0 0 0 0 0
276 1 0.1 6.02378 1.24608 0.501248 0.00453299 0.0135067 -0.00547855 0.122982 -0.0745447 0.0468013 1 0 0 0 0 0 0 0
277 1 0.1 5.89418 1.38883 0.551658 -0.0038446 0.000636422 -0.000831558 0.100717 -0.0760271 0.0544333 1 0 0 0 0 0 0 0
278 1 0.1 5.75661 1.52858 0.585979 -0.000431932 -0.00351406 -0.000410667 -0.0236581 0.0165937 -0.0394988 1 0 0 0 0 0 0 0
279 1 0.1 5.63914 1.6889 0.587452 0.0119388 -0.00279436 -0.00447132 -0.0380719 -0.0199973 -0.0543334 1 0 0 0 0 0 0 0
280 1 0.1 5.37752 1.64205 0.558299 0.122504 -0.0452064 0.124065 0.858175 0.164069 0.543099 1 0 0 0 0 0 0 0
281 1 0.1 5.3294 2.13136 0.505594 0.0272111 -0.013122 -0.00564484 -0.202326 -1.04284 -0.412016 1 0 0 0 0 0 0 0
282 1 0.1 5.13584 2.39064 0.676259 0.35336 -0.328676 0.448586 0.948754 -1.90749 -0.620005 1 0 0 0 0 0 0 0
283 1 0.1 5.15287 2.2097 0.474671 0.0484883 0.0500617 -0.0605278 -0.805384 1.10626 -0.229179 1 0 0 0 0 0 0 0
284 1 0.1 4.79507 2.45125 0.529926 0.138802 -0.442772 0.156855 -4.22823 0.0770919 -3.42209 1 0 0 0 0 0 0 0
285 1 0.1 4.60029 2.60946 0.618284 0.00436402 0.0386629 0.0461648 0.233276 -0.0154346 -0.170682 1 0 0 0 0 0 0 0
286 1 0.1 4.45974 2.76945 0.50284 0.0079685 0.0212737 0.0321674 0.268835 -0.163479 -0.00780646 1 0 0 0 0 0 0 0
287 1 0.1 4.33704 2.92551 0.479214 -0.00715429 0.014983 0.00843237 -0.119952 -0.159047 0.308365 1 0 0 0 0 0 0 0
288 1 0.1 4.36383 3.12041 0.445991 -0.00537421 0.00699379 0.00055301 -0.0103199 -0.0235089 -0.139622 1 0 0 0 0 0 0 0
289 1 0.1 4.5454 3.28064 0.491479 -0.00740471 0.0200295 -0.00393185 -0.00846532 0.166328 0.0666693 1 0 0 0 0 0 0 0
290 1 0.1 4.68649 3.42407 0.492885 0.00663367 0.065498 0.019443 -0.724985 0.250484 0.821345 1 0 0 0 0 0 0 0
291 1 0.1 4.91008 3.51488 0.500386 0.0575523 0.0567336 0.0260797 0.435168 -0.881674 -0.0306218 1 0 0 0 0 0 0 0
292 1 0.1 4.9758 3.69746 0.492418 0.0120569 0.0698806 0.0454129 -0.519416 0.180575 0.527863 1 0 0 0 0 0 0 0
293 1 0.1 5.13738 3.77277 0.566478 0.080207 -0.00669137 -0.04394 -0.108792 0.965379 -1.54871 1 0 0 0 0 0 0 0
294 1 0.1 5.2274 4.21071 0.553643 -0.00199581 -0.0077587 0.00121743 -0.0348643 -0.0062 -0.0529435 1 0 0 0 0 0 0 0
295 1 0.1 5.51475 4.19981 0.580812 0.0120547 -0.0236442 0.000482414 0.0501365 0.0814054 0.0238278 1 0 0 0 0 0 0 0
296 1 0.1 5.59778 4.34194 0.470927 0.000743081 -0.00558937 0.00546305 0.0409836 -0.0674905 0.129995 1 0 0 0 0 0 0 0
297 1 0.1 5.73903 4.44996 0.561927 -0.00127461 0.0020066 -0.0013952 -0.0176969 -0.0234939 -0.0291506 1 0 0 0 0 0 0 0
298 1 0.1 5.90214 4.60896 0.564116 -0.00104829 -0.00269981 0.0030874 -0.0191771 -0.072625 -0.0337622 1 0 0 0 0 0 0 0
299 1 0.1 6.20238 5.18038 0.549973 0.000458343 0.000653557 -0.00094048 -0.00626584 -0.00134799 -0.00116906 1 0 0 0 0 0 0 0
300 1 0.1 6.39399 0.629626 0.549989 -0.0419839 0.0381294 -0.00215376 -0.040425 -0.0337872 0.0260967 1 0 0 0 0 0 0 0
301 1 0.1 6.16052 1.10091 0.507554 0.00156624 0.0219392 0.00323773 -0.0392085 -0.145441 -0.019527 1 0 0 0 0 0 0 0
302 1 0.1 5.92778 1.60698 0.520021 0.00879006 -0.0069409 0.00960805 -0.192648 -0.273297 0.0399506 1 0 0 0 0 0 0 0
303 1 0.1 5.84157 1.7801 0.569824 0.000615261 -0.00443354 -0.00405545 0.0577703 0.210812 -0.00432525 1 0 0 0 0 0 0 0
304 1 0.1 5.67031 1.88652 0.585203 0.035114 -0.0157915 0.0109112 -0.194752 -0.146899 -0.0789794 1 0 0 0 0 0 0 0
305 1 0.1 5.48469 1.81344 0.59622 0.0268642 0.00740169 0.00297844 0.168631 0.0397122 -0.137348 1 0 0 0 0 0 0 0
306 1 0.1 5.34056 1.94795 0.579287 0.00226747 -0.0195146 0.00926155 0.175222 -0.262142 0.601644 1 0 0 0 0 0 0 0
307 1 0.1 5.19759 2.47104 0.453591 0.670578 -0.144649 0.398435 -0.549711 -8.34741 -5.42394 1 0 0 0 0 0 0 0
308 1 0.1 5.25671 2.61904 0.574128 0.251973 0.210159 0.222104 -2.87809 1.81443 0.172519 1 0 0 0 0 0 0 0
309 1 0.1 5.01364 2.48679 0.551 0.551744 -0.239788 0.354617 0.654442 -1.11274 0.916757 1 0 0 0 0 0 0 0
310 1 0.1 4.8753 2.62882 0.573733 0.308487 -0.436833 -0.115435 0.0267597 -7.32785 1.50136 1 0 0 0 0 0 0 0
311 1 0.1 4.63594 2.80416 0.591904 0.0307074 0.00838661 0.00498262 -0.341758 0.261617 -0.137775 1 0 0 0 0 0 0 0
312 1 0.1 4.50865 2.96795 0.397852 -0.0309604 0.0410801 -0.00462919 0.0618973 0.315445 -0.0649644 1 0 0 0 0 0 0 0
313 1 0.1 4.56998 3.1176 0.604135 -0.0433625 0.0420388 0.0287997 -0.411821 -0.0729718 -0.5282 1 0 0 0 0 0 0 0
314 1 0.1 4.71891 3.25467 0.591478 -0.00057079 0.0847445 0.0409996 0.36459 -0.0221546 -0.754039 1 0 0 0 0 0 0 0
315 1 0.1 4.89641 3.34545 0.593959 0.0144834 0.0457944 0.0163218 -0.352748 -0.0629993 0.160957 1 0 0 0 0 0 0 0
316 1 0.1 5.07243 3.40133 0.517612 0.0118291 -0.0151208 -0.00115314 0.936461 0.513125 -1.03182 1 0 0 0 0 0 0 0
317 1 0.1 5.16199 3.57894 0.530462 0.00415204 -0.0185084 0.0055299 -0.579189 -0.00982389 1.03613 1 0 0 0 0 0 0 0
318 1 0.1 5.2894 3.86738 0.639517 0.0858056 -0.0288597 -0.0249508 0.226861 -1.13415 1.30737 1 0 0 0 0 0 0 0
319 1 0.1 5.45214 4.01125 0.585123 0.0261038 -0.0283473 -0.0165258 -0.00586068 -0.522263 0.123924 1 0 0 0 0 0 0 0
320 1 0.1 5.70967 3.91349 0.599878 0.0742237 -0.00766168 -0.0142309 0.491732 -0.144588 0.0641858 1 0 0 0 0 0 0 0
321 1 0.1 5.64649 4.07411 0.499945 0.0506404 -0.00201849 0.00959383 -0.0699325 -0.235047 0.4169 1 0 0 0 0 0 0 0
322 1 0.1 5.73739 4.23812 0.568623 0.00982349 0.0113293 0.00477498 -0.0354914 0.0810352 0.018321 1 0 0 0 0 0 0 0
323 1 0.1 5.97442 4.85937 0.561977 0.000187056 4.98436e-05 -0.000291895 0.00989721 -0.00524811 -0.0104452 1 0 0 0 0 0 0 0
324 1 0.1 6.34377 5.32165 0.549472 0.000501224 0.00038659 -0.00159202 0.00537386 0.00364472 0.00296213 1 0 0 0 0 0 0 0
325 1 0.1 6.40768 0.826704 0.4381 -0.0260229 0.0113981 0.00020246 0.128787 -0.0633123 -0.300296 1 0 0 0 0 0 0 0
326 1 0.1 6.30523 0.966617 0.537331 -0.00613138 0.0165117 0.0115169 0.115849 -0.0447882 -0.05267 1 0 0 0 0 0 0 0
327 1 0.1 6.01528 1.80835 0.421512 -0.232318 -0.00975702 0.138672 -0.478059 -4.41415 -1.59632 1 0 0 0 0 0 0 0
328 1 0.1 5.85301 1.97934 0.564383 -0.00884514 -0.00438073 -0.0354129 -0.330337 0.242314 0.102588 1 0 0 0 0 0 0 0
329 1 0.1 5.68492 2.08585 0.57847 -0.0135701 -0.0165741 -0.0319708 0.165204 -0.116904 0.0504904 1 0 0 0 0 0 0 0
330 1 0.1 5.54268 1.99761 0.464436 -0.0140863 -0.047323 0.0192412 0.0661027 -0.480563 -0.0756508 1 0 0 0 0 0 0 0
331 1 0.1 5.49114 2.11598 0.616324 0.00432183 -0.0262299 0.0201327 -0.240726 0.7353 -0.0160525 1 0 0 0 0 0 0 0
332 1 0.1 5.44321 2.29178 0.480173 0.0476368 -0.0150499 -0.0283816 -0.331451 -0.00287029 0.8074 1 0 0 0 0 0 0 0
333 1 0.1 5.62246 2.85337 0.420478 0.00503989 0.0342995 0.0160361 -0.684585 -0.256827 0.178965 1 0 0 0 0 0 0 0
334 1 0.1 5.37672 2.77858 0.601265 0.18642 -0.00582438 -0.0685772 -0.171557 -0.819072 -1.26685 1 0 0 0 0 0 0 0
335 1 0.1 5.06996 2.68704 0.597358 0.235006 0.12559 0.113947 1.0645 0.824658 -0.663708 1 0 0 0 0 0 0 0
336 1 0.1 4.89623 2.82408 0.525074 -0.36408 -0.135316 -0.0735658 -0.487699 1.29895 2.85007 1 0 0 0 0 0 0 0
337 1 0.1 4.70065 2.98383 0.533841 -0.0521535 0.0375442 0.0447124 -0.140452 0.464439 0.647172 1 0 0 0 0 0 0 0
338 1 0.1 4.84483 3.12067 0.513389 -0.0699951 0.0463647 -0.0036184 0.129637 0.0709253 -0.450638 1 0 0 0 0 0 0 0
339 1 0.1 5.02275 3.19047 0.595105 -0.185212 -0.117018 0.00739469 0.635206 -0.122918 -2.57852 1 0 0 0 0 0 0 0
340 1 0.1 5.19493 3.28831 0.626472 -0.104061 -0.0374732 0.0948149 -2.56982 -1.14898 -0.163584 1 0 0 0 0 0 0 0
341 1 0.1 5.3081 3.45747 0.591712 0.0343504 0.0399037 0.034948 0.572911 -0.434429 -0.284781 1 0 0 0 0 0 0 0
342 1 0.1 5.49618 3.54827 0.52589 0.10954 0.00278266 0.0334966 -1.2504 -0.144497 0.316401 1 0 0 0 0 0 0 0
343 1 0.1 5.36005 3.69305 0.512812 0.0989675 -0.00730583 -0.0147807 -0.353248 0.231276 -0.189255 1 0 0 0 0 0 0 0
344 1 0.1 5.50143 3.83046 0.519019 0.0950425 -0.0150816 0.00171225 0.140759 -0.68824 0.184079 1 0 0 0 0 0 0 0
345 1 0.1 5.63461 3.68234 0.575149 0.112996 0.00434427 0.0211626 0.721439 0.0243052 -0.414942 1 0 0 0 0 0 0 0
346 1 0.1 5.9035 3.86368 0.603717 0.10221 0.0551169 0.00891546 -0.0925827 0.164974 1.10768 1 0 0 0 0 0 0 0
347 1 0.1 5.83682 4.06682 0.59502 0.0376037 0.0276194 0.019065 -0.139773 -0.0842402 0.386356 1 0 0 0 0 0 0 0
348 1 0.1 6.15765 4.89222 0.455237 0.00315258 0.00156522 0.000284274 6.64579e-05 0.0103932 0.0196308 1 0 0 0 0 0 0 0
349 1 0.1 6.29765 5.03473 0.451567 0.00181728 0.00175832 -0.000507419 0.00671058 0.00903967 0.0162269 1 0 0 0 0 0 0 0
350 1 0.1 6.31317 1.1861 0.410632 0.00261358 0.0428794 0.0145621 -0.338636 -0.231988 0.522463 1 0 0 0 0 0 0 0
351 1 0.1 6.15745 1.40409 0.561644 -0.00275646 -0.0423458 0.0171569 -0.0467267 -0.222825 -0.263098 1 0 0 0 0 0 0 0
352 1 0.1 6.01573 1.49978 0.665256 0.00134235 -0.00301715 -0.0160798 -0.0199876 0.292993 -0.088599 1 0 0 0 0 0 0 0
353 1 0.1 6.03719 1.90813 0.595376 -0.0102324 0.00399971 -0.000444462 -0.0736515 -0.471447 -0.0933944 1 0 0 0 0 0 0 0
354 1 0.1 5.64231 2.80694 0.228177 0.0301387 0.0486297 0.0109277 0.841484 -0.0444525 -0.380452 1 0 0 0 0 0 0 0
355 1 0.1 5.63952 2.25711 0.486387 0.0477497 0.0178796 0.00683809 0.398319 -0.368081 -0.484696 1 0 0 0 0 0 0 0
356 1 0.1 5.55925 2.40665 0.592243 -0.00229066 0.0345535 -0.0301076 0.377948 0.0561213 0.104601 1 0 0 0 0 0 0 0
357 1 0.1 5.36317 2.44988 0.574171 -0.0334009 0.00597725 -0.0419591 0.77889 2.15606 -5.75476 1 0 0 0 0 0 0 0
358 1 0.1 5.44283 2.61849 0.501461 0.16834 -0.0193763 -0.0653837 -0.468424 1.08238 -1.0993 1 0 0 0 0 0 0 0
359 1 0.1 5.44689 3.11757 0.475439 0.0510268 0.0577805 0.0321512 0.149086 -0.38063 1.20669 1 0 0 0 0 0 0 0
360 1 0.1 5.44333 2.97038 0.314287 0.0316322 0.029093 -0.0120724 -0.294137 0.205784 -0.016344 1 0 0 0 0 0 0 0
361 1 0.1 5.2046 2.79813 0.50246 0.146523 0.112484 0.0121949 0.103792 1.75287 -0.197944 1 0 0 0 0 0 0 0
362 1 0.1 4.98222 2.9946 0.584851 -0.198036 -0.183529 -0.0900759 0.685645 0.553848 -2.24287 1 0 0 0 0 0 0 0
363 1 0.1 5.20789 3.09492 0.581393 -0.0173766 -0.0686179 0.165458 1.55926 -0.736465 0.890158 1 0 0 0 0 0 0 0
364 1 0.1 5.39492 3.27797 0.582415 -0.061418 -0.00151975 0.0519637 0.363394 -0.506888 -0.403538 1 0 0 0 0 0 0 0
365 1 0.1 5.3298 2.9528 0.512293 0.116762 0.115445 0.0201953 1.27419 -0.212489 0.489287 1 0 0 0 0 0 0 0
366 1 0.1 5.57216 3.37016 0.587822 -0.0243285 -0.0963754 0.0873659 -0.896412 -0.271166 -0.604508 1 0 0 0 0 0 0 0
367 1 0.1 5.75859 3.07671 0.7096 0.0344609 -0.0535884 -0.0120825 0.489709 0.0438145 -0.608591 1 0 0 0 0 0 0 0
368 1 0.1 5.6148 3.24015 0.419662 0.0667951 -0.029295 -0.0355018 1.89107 -0.611003 1.4578 1 0 0 0 0 0 0 0
369 1 0.1 5.75196 3.45621 0.603343 -0.0506822 -0.0316754 -0.00738894 -0.140015 0.268064 0.649985 1 0 0 0 0 0 0 0
370 1 0.1 5.71919 2.9236 0.581152 0.0942449 0.0257302 0.00945376 0.303785 0.906148 -0.323546 1 0 0 0 0 0 0 0
371 1 0.1 5.90754 3.74259 0.762599 0.0684984 0.0366711 -0.00132272 0.346212 -0.689811 -1.02365 1 0 0 0 0 0 0 0
372 1 0.1 5.92646 4.3028 0.567537 0.0114348 0.0120849 -0.000273285 -0.0605036 -0.0610752 -0.0229046 1 0 0 0 0 0 0 0
373 1 0.1 6.09711 4.56711 0.57791 0.00212716 0.00874322 -0.00189433 0.0325321 0.128192 0.15824 1 0 0 0 0 0 0 0
374 1 0.1 6.19371 4.7549 0.595742 0.00360017 0.00251239 0.000772209 -0.00737891 -0.0187894 -0.00826101 1 0 0 0 0 0 0 0
375 1 0.1 6.04167 0.984414 0.74172 0.000662015 -0.000636113 -0.00168931 -0.0185436 0.000956294 -0.00297685 1 0 0 0 0 0 0 0
376 1 0.1 5.89288 1.13322 0.761259 0.00194243 -0.00155588 0.00107417 0.000581947 -8.82474e-05 -0.0220975 1 0 0 0 0 0 0 0
377 1 0.1 5.75624 1.27444 0.717019 0.00078827 -0.00100866 0.000688715 0.0097408 -0.00147905 -0.000890496 1 0 0 0 0 0 0 0
378 1 0.1 5.61318 1.41214 0.756478 0.000319862 0.000129831 -0.000102399 0.00331034 -0.000379036 -0.00121637 1 0 0 0 0 0 0 0
379 1 0.1 5.47091 1.55431 0.757458 0.0108303 -0.00689639 0.00708283 0.0812947 -0.0311599 -0.131493 1 0 0 0 0 0 0 0
380 1 0.1 5.21393 1.8096 0.755697 0.00924075 -0.00906531 -0.00706225 -0.0401255 0.131969 -0.022359 1 0 0 0 0 0 0 0
381 1 0.1 5.07244 1.95267 0.76337 0.108295 -0.150716 0.0123071 -1.4871 -1.03996 -1.06012 1 0 0 0 0 0 0 0
382 1 0.1 4.77413 2.24951 0.75266 0.0068993 0.00293107 0.039246 0.227772 -0.3334 -0.0166259 1 0 0 0 0 0 0 0
383 1 0.1 4.63175 2.39609 0.763164 -0.173858 0.222145 0.177301 2.19196 1.78271 0.394302 1 0 0 0 0 0 0 0
384 1 0.1 4.48487 2.53951 0.761014 -0.00113062 0.0125373 0.0103395 -0.028169 0.0551219 -0.00492101 1 0 0 0 0 0 0 0
385 1 0.1 4.3468 2.68166 0.734241 -0.003642 0.00452402 0.00215584 0.00426428 -0.0174361 0.0547607 1 0 0 0 0 0 0 0
386 1 0.1 4.2033 2.81972 0.751947 -0.00189533 0.00180547 0.00362867 0.0396668 -0.0115874 0.0037633 1 0 0 0 0 0 0 0
387 1 0.1 4.29294 2.9963 0.745446 -0.00374646 0.00135148 -0.0106004 -0.0680411 0.295089 -0.000643586 1 0 0 0 0 0 0 0
388 1 0.1 4.19563 3.16914 0.763172 0.000288887 -8.52297e-05 0.00171962 -0.0504422 -0.0288205 -0.034818 1 0 0 0 0 0 0 0
389 1 0.1 4.33456 3.31216 0.749818 -0.000339105 -0.000315793 -0.000876176 0.0222607 -0.0116838 -0.0134892 1 0 0 0 0 0 0 0
390 1 0.1 4.51658 3.49989 0.749211 0.00154342 0.00675793 0.00241528 -0.0632992 0.0159999 0.134142 1 0 0 0 0 0 0 0
391 1 0.1 4.67103 3.62532 0.761476 -0.000993917 0.00650481 0.000882714 0.000562842 -0.0271457 -0.113248 1 0 0 0 0 0 0 0
392 1 0.1 4.79897 3.77646 0.737185 0.000540082 0.000782575 -0.000290501 -0.019199 0.0148174 -0.0168969 1 0 0 0 0 0 0 0
393 1 0.1 5.08063 4.05743 0.762242 0.000404754 0.000110559 0.0023281 -0.0276735 0.00709371 0.00118373 1 0 0 0 0 0 0 0
394 1 0.1 5.22171 4.199 0.760241 1.03895e-05 -8.12772e-05 -0.00016167 -0.000727068 0.00155836 0.000960843 1 0 0 0 0 0 0 0
395 1 0.1 5.50474 4.48145 0.762132 0.000436693 0.00108659 -0.000257575 0.00737638 0.00261223 0.0113934 1 0 0 0 0 0 0 0
396 1 0.1 5.64743 4.62482 0.762576 -0.00201553 -0.00200654 0.000329758 0.00964338 -0.0142091 -0.0407202 1 0 0 0 0 0 0 0
397 1 0.1 5.78811 4.76681 0.757337 -0.00143472 -0.00261336 0.000142933 -0.0238167 0.0210657 -0.00232822 1 0 0 0 0 0 0 0
398 1 0.1 5.92815 4.9094 0.749998 -0.00145488 -0.00252124 -2.49548e-05 0.000847697 0.000255723 -0.0347635 1 0 0 0 0 0 0 0
399 1 0.1 6.06958 5.05075 0.750026 -0.00135366 -0.00110056 -0.000396491 0.00110012 0.00300972 -0.0145573 1 0 0 0 0 0 0 0
400 1 0.1 6.32864 0.697221 0.756375 0.000972193 -0.000317407 -0.000634823 0.0106958 -0.000840762 0.0180149 1 0 0 0 0 0 0 0
401 1 0.1 6.07728 1.1703 0.678429 -0.0017992 -0.00339598 -0.00917514 -0.0413197 0.0854584 -0.000448407 1 0 0 0 0 0 0 0
402 1 0.1 5.95561 1.32014 0.728928 0.00198749 -0.00200329 -0.00313713 -0.0246088 0.086994 0.0097538 1 0 0 0 0 0 0 0
403 1 0.1 5.81657 1.45903 0.76287 0.00108815 -0.00192371 0.000755081 -0.000577555 0.0144728 0.00526501 1 0 0 0 0 0 0 0
404 1 0.1 5.67687 1.60153 0.762738 0.00453814 -0.000779479 -0.000960029 -0.0175157 -0.0327652 -0.0415987 1 0 0 0 0 0 0 0
405 1 0.1 5.40133 1.74112 0.762557 0.017526 -0.00364924 -0.00137465 -0.108414 -0.135324 0.0631298 1 0 0 0 0 0 0 0
406 1 0.1 5.26547 2.00239 0.762332 0.073975 -0.0265932 0.0145646 -0.0240558 0.57433 1.72054 1 0 0 0 0 0 0 0
407 1 0.1 5.10162 2.15556 0.764663 0.30871 0.0110852 0.0585736 0.334155 -2.69452 -0.493442 1 0 0 0 0 0 0 0
408 1 0.1 5.01446 2.2404 0.611606 0.229941 -0.189742 0.142295 -0.278284 2.03047 4.53267 1 0 0 0 0 0 0 0
409 1 0.1 4.92064 2.37614 0.708975 0.139779 -0.163153 0.034852 -1.92594 -1.02489 -1.68324 1 0 0 0 0 0 0 0
410 1 0.1 4.84077 2.59879 0.763211 0.0458141 0.0535752 -0.00980147 -4.47185 3.35292 -1.8613 1 0 0 0 0 0 0 0
411 1 0.1 4.54679 2.84412 0.766 0.0557068 0.0290245 0.00477044 0.108216 -0.465526 0.560992 1 0 0 0 0 0 0 0
412 1 0.1 4.48249 2.93812 0.607927 -0.0301789 0.0342108 0.0362087 0.547669 -0.115416 0.258438 1 0 0 0 0 0 0 0
413 1 0.1 4.43791 3.13109 0.75908 -0.0154721 0.0146347 -0.017917 0.209405 -0.0472324 0.203615 1 0 0 0 0 0 0 0
414 1 0.1 4.53728 3.30288 0.762846 -0.0124798 0.0112708 0.00375852 0.0151452 0.0139239 -0.255777 1 0 0 0 0 0 0 0
415 1 0.1 4.70042 3.4182 0.762578 -0.00182306 -0.00267896 0.000209985 -0.0255268 0.00715154 0.0150028 1 0 0 0 0 0 0 0
416 1 0.1 4.85419 3.54591 0.762557 -0.00442192 -0.000110393 -0.00266836 0.0434749 0.0568165 0.0336827 1 0 0 0 0 0 0 0
417 1 0.1 4.93938 3.91619 0.762532 0.00123886 0.000455117 0.000824735 0.0210111 -0.0213648 0.016456 1 0 0 0 0 0 0 0
418 1 0.1 5.1225 3.83619 0.762503 3.44967e-05 -0.00119185 0.000237303 0.0179551 0.00659704 -0.0369388 1 0 0 0 0 0 0 0
419 1 0.1 5.36258 4.34088 0.763896 0.00109319 -0.00172064 0.00116988 0.0350717 0.0850892 0.160099 1 0 0 0 0 0 0 0
420 1 0.1 5.59608 4.29701 0.762775 -0.000434174 -0.0105246 0.000423036 -0.0643735 -0.0344403 0.111603 1 0 0 0 0 0 0 0
421 1 0.1 5.7311 4.4434 0.76147 -0.00824115 -0.00334313 -0.00183886 -0.0059208 0.0146062 -0.0107445 1 0 0 0 0 0 0 0
422 1 0.1 5.87222 4.58438 0.760238 -0.00987562 -0.00327268 0.000698754 0.0268667 -0.0218763 0.0157415 1 0 0 0 0 0 0 0
423 1 0.1 6.01083 4.72794 0.762536 -0.00831783 -0.00584585 0.00055981 -0.0177266 0.0237941 -0.0443861 1 0 0 0 0 0 0 0
424 1 0.1 6.211 5.19216 0.749908 -0.000391029 -0.00155434 -0.000554674 0.00287908 0.00102682 -0.00183349 1 0 0 0 0 0 0 0
425 1 0.1 6.46893 0.5549 0.75001 0.000905562 -0.000950531 -0.000958254 -0.00126636 0.00946234 -0.0257192 1 0 0 0 0 0 0 0
426 1 0.1 6.22446 1.06303 0.760841 2.80561e-05 0.00101432 -0.003973 -0.0768372 -0.0114663 0.0186096 1 0 0 0 0 0 0 0
427 1 0.1 6.15069 1.34792 0.76252 0.00261227 -0.00942262 -0.000443056 -0.00753275 -0.118119 -0.0919398 1 0 0 0 0 0 0 0
428 1 0.1 5.96313 1.66622 0.762508 0.022899 -0.00617692 0.000120235 0.144533 -0.0356649 -0.0169404 1 0 0 0 0 0 0 0
429 1 0.1 5.79058 1.76655 0.762615 0.0202593 -0.0104138 0.00275791 -0.0260051 0.00392789 0.07233 1 0 0 0 0 0 0 0
430 1 0.1 5.59335 1.79598 0.762683 0.0213475 -0.0102168 0.000251212 -0.101954 -0.0483079 -0.0997124 1 0 0 0 0 0 0 0
431 1 0.1 5.454 1.93834 0.749674 0.0950823 0.0537937 -0.0292811 -0.240906 -0.0210205 -0.87629 1 0 0 0 0 0 0 0
432 1 0.1 5.3318 2.19053 0.758538 -0.0588552 0.0160906 -0.0158413 -0.0673829 0.0816413 -0.330648 1 0 0 0 0 0 0 0
433 1 0.1 5.3346 2.39001 0.762648 -0.00265338 0.00674953 -0.0170836 0.0673216 0.0299841 -0.1852 1 0 0 0 0 0 0 0
434 1 0.1 5.21711 2.55115 0.763058 0.0747506 0.00465865 0.0318687 -0.106027 0.813619 0.0792456 1 0 0 0 0 0 0 0
435 1 0.1 5.01959 2.53009 0.764739 0.0481505 -0.0759304 -0.00139579 -0.504351 -1.22345 1.40073 1 0 0 0 0 0 0 0
436 1 0.1 4.68194 2.70593 0.762744 0.0117001 0.0204612 0.00415023 -0.511034 0.101523 0.436082 1 0 0 0 0 0 0 0
437 1 0.1 4.69365 2.97075 0.754139 0.0481427 0.0475336 -0.0023892 0.0553373 0.0999656 0.53177 1 0 0 0 0 0 0 0
438 1 0.1 4.68097 3.16471 0.763337 -0.00593136 0.0322118 0.00323736 0.1157 0.110129 0.438084 1 0 0 0 0 0 0 0
439 1 0.1 4.85054 3.26331 0.764512 0.000106748 0.0196522 -0.00284671 0.830447 0.17786 -0.769733 1 0 0 0 0 0 0 0
440 1 0.1 5.03292 3.50574 0.683227 -0.00377363 0.00434611 -0.00924051 0.00180546 -0.0382157 -0.00344946 1 0 0 0 0 0 0 0
441 1 0.1 4.98154 3.69583 0.726761 -0.0019821 -0.00191086 -0.00307503 0.00638055 0.0181378 -0.00131707 1 0 0 0 0 0 0 0
442 1 0.1 5.17091 3.64223 0.762073 -0.0033453 -0.000943286 0.000328438 -0.00810735 -0.0525687 0.00453814 1 0 0 0 0 0 0 0
443 1 0.1 5.32908 4.01002 0.763116 -0.0274142 -0.00516123 -0.000298831 -0.111839 0.497577 -0.325572 1 0 0 0 0 0 0 0
444 1 0.1 5.44838 4.16346 0.763843 -0.0044435 -0.0104939 -0.000957599 -0.105165 -0.177754 -0.178705 1 0 0 0 0 0 0 0
445 1 0.1 5.62944 4.07893 0.75857 -0.00204197 -0.00562062 0.00111116 0.0158074 -0.0431974 -0.0486309 1 0 0 0 0 0 0 0
446 1 0.1 5.77807 4.21494 0.762619 0.00658741 0.006668 0.00120132 0.0694158 -0.0624106 0.0432294 1 0 0 0 0 0 0 0
447 1 0.1 5.91354 4.36169 0.761794 -0.00254043 0.012918 0.00350968 -0.069156 0.0231679 0.0723465 1 0 0 0 0 0 0 0
448 1 0.1 6.15205 4.86903 0.762514 -0.0111994 -0.00456852 -0.000160548 0.0168098 -0.00809366 0.0756478 1 0 0 0 0 0 0 0
449 1 0.1 6.36291 5.34698 0.75033 -0.0228616 -0.0131962 -0.000420135 0.0192059 -0.0186917 -0.275006 1 0 0 0 0 0 0 0
450 1 0.1 6.4146 0.842758 0.649736 -0.00568168 0.00362775 -0.0029577 0.0421136 0.127323 -0.0161114 1 0 0 0 0 0 0 0
451 1 0.1 6.18165 0.842016 0.750398 -0.000189624 -0.000698011 -8.72692e-05 0.002762 0.00516388 0.00167207 1 0 0 0 0 0 0 0
452 1 0.1 6.28492 1.48015 0.695592 0.0109192 -0.0198534 -0.00624617 -0.274049 0.252806 0.0569641 1 0 0 0 0 0 0 0
453 1 0.1 6.09722 1.81528 0.762524 0.022067 -0.00733738 0.000906197 0.0592683 -0.0680317 -0.00386889 1 0 0 0 0 0 0 0
454 1 0.1 5.92427 1.91547 0.760221 0.0144814 -0.0126859 0.0107439 0.0887527 0.065441 0.0916727 1 0 0 0 0 0 0 0
455 1 0.1 5.72882 1.95665 0.762807 0.0212419 -0.0086499 0.00696907 0.0437579 -0.0778082 -0.139293 1 0 0 0 0 0 0 0
456 1 0.1 5.62073 2.12421 0.763769 0.0275837 -0.00838255 -0.00611672 -0.0211193 -0.449326 -0.0112403 1 0 0 0 0 0 0 0
457 1 0.1 5.51401 2.29269 0.759071 0.0306635 -0.00345047 -0.0258195 0.205593 -0.0958019 0.101271 1 0 0 0 0 0 0 0
458 1 0.1 5.50618 2.49196 0.762971 0.00720809 -0.00108238 -0.00489102 0.00455628 -0.0788425 0.127116 1 0 0 0 0 0 0 0
459 1 0.1 5.38629 2.65722 0.75974 0.0458299 0.0743991 0.00760654 -0.46809 -0.806745 0.554102 1 0 0 0 0 0 0 0
460 1 0.1 5.1767 2.74677 0.759088 0.117659 -0.0946952 0.0876795 0.229045 0.766774 -0.358878 1 0 0 0 0 0 0 0
461 1 0.1 4.9777 2.73303 0.765795 0.124949 -0.0290243 0.0149773 1.00104 -2.53123 0.350559 1 0 0 0 0 0 0 0
462 1 0.1 4.88262 2.90604 0.754487 0.0222067 -0.0966106 -0.116924 -0.783729 -0.0947146 1.88115 1 0 0 0 0 0 0 0
463 1 0.1 4.94903 3.09217 0.756231 -0.0981091 -0.0446668 -0.143875 0.57151 0.339982 -0.478967 1 0 0 0 0 0 0 0
464 1 0.1 5.04158 3.3221 0.761911 -0.0077951 0.0208499 0.0183752 0.0236553 -0.257947 0.530388 1 0 0 0 0 0 0 0
465 1 0.1 5.20592 3.44542 0.762763 -0.00335166 0.00180591 0.000641645 0.0141927 -0.00751156 0.00092535 1 0 0 0 0 0 0 0
466 1 0.1 5.44051 3.38561 0.76284 0.00892825 0.0263684 -0.0411771 0.019543 0.0941765 0.180341 1 0 0 0 0 0 0 0
467 1 0.1 5.3746 3.57414 0.763474 0.0133916 0.0118606 -0.00649974 0.149595 -0.311512 -0.421179 1 0 0 0 0 0 0 0
468 1 0.1 5.43718 3.74616 0.688049 0.0856593 -0.0182373 -0.00378532 0.23304 0.259822 -0.543224 1 0 0 0 0 0 0 0
469 1 0.1 5.5173 3.91345 0.762524 -0.136161 0.0849431 -0.000137437 -0.0290492 -0.0641444 1.69074 1 0 0 0 0 0 0 0
470 1 0.1 5.82801 3.95844 0.762718 0.0270921 0.00476904 0.00135385 0.102321 -0.323151 0.142389 1 0 0 0 0 0 0 0
471 1 0.1 5.95115 4.11553 0.753096 0.0123168 0.0174536 0.0158964 -0.1775 -0.099779 0.0720777 1 0 0 0 0 0 0 0
472 1 0.1 6.07422 4.26246 0.696087 0.00565008 0.0215579 0.0104687 -0.0246282 -0.0540744 0.0778734 1 0 0 0 0 0 0 0
473 1 0.1 6.2904 5.00962 0.731075 -0.0133445 -0.00750507 -0.0154329 0.0319711 0.279903 -0.124468 1 0 0 0 0 0 0 0
474 1 0.1 6.39412 5.16796 0.666984 -0.0119655 -0.00668308 -0.00716046 0.0976803 -0.239191 0.09069 1 0 0 0 0 0 0 0
475 1 0.1 6.41657 1.00781 0.762542 0.00186222 0.00242445 -0.000248798 -0.000265821 -0.000829032 0.0017829 1 0 0 0 0 0 0 0
476 1 0.1 6.25537 1.23981 0.62001 0.0295605 0.00645186 0.102024 -0.239036 -1.43807 0.205739 1 0 0 0 0 0 0 0
477 1 0.1 5.75854 2.38398 0.586606 0.0863553 0.0463759 0.0503368 0.711958 -0.750666 -0.456428 1 0 0 0 0 0 0 0
478 1 0.1 6.15731 1.61899 0.762044 0.0203033 -0.0144132 -0.00121957 0.132655 -0.0193357 -0.0716971 1 0 0 0 0 0 0 0
479 1 0.1 5.57714 3.01163 0.762597 -0.000857178 0.0243083 0.00381883 -0.150366 0.278863 0.337693 1 0 0 0 0 0 0 0
480 1 0.1 5.82603 2.13136 0.762512 0.00881328 -0.00100486 0.000253879 0.00501544 0.00397113 -0.00737001 1 0 0 0 0 0 0 0
481 1 0.1 5.71711 2.29902 0.762626 0.00651077 -0.00236918 0.00329342 -0.0701259 -0.037585 0.210354 1 0 0 0 0 0 0 0
482 1 0.1 5.71068 2.49873 0.762351 -0.0103735 0.00117308 -0.00603692 -0.0179309 0.0445998 -0.0572804 1 0 0 0 0 0 0 0
483 1 0.1 5.57894 2.76628 0.593743 0.000424184 0.0623888 0.0326439 0.460969 0.378138 -0.562486 1 0 0 0 0 0 0 0
484 1 0.1 5.5228 2.95481 0.56207 0.0924501 0.0943877 0.0694264 -0.118552 -0.332756 -0.354658 1 0 0 0 0 0 0 0
485 1 0.1 5.47728 2.83865 0.762648 0.0792661 -0.0125243 -0.000480141 -0.113976 -0.761433 0.653025 1 0 0 0 0 0 0 0
486 1 0.1 5.28066 2.91717 0.762554 0.0497489 -0.0975924 -0.00798406 -1.11412 -0.436566 1.10184 1 0 0 0 0 0 0 0
487 1 0.1 5.08104 2.92875 0.761363 0.0300754 -0.0389717 -0.0763977 -0.223417 -0.451897 -1.47361 1 0 0 0 0 0 0 0
488 1 0.1 5.14055 3.14838 0.762702 -0.0890337 -0.019255 -0.0255309 0.78392 -1.11674 0.610129 1 0 0 0 0 0 0 0
489 1 0.1 5.32569 3.22302 0.761716 -0.0615143 -0.0317368 0.117196 0.956703 1.94253 -0.895479 1 0 0 0 0 0 0 0
490 1 0.1 5.3918 3.05683 0.673125 -0.0603428 0.0173358 -0.0132301 0.0437929 -1.0236 1.57616 1 0 0 0 0 0 0 0
491 1 0.1 5.52472 3.20443 0.759651 -0.0401778 0.012864 0.00971586 0.301216 -0.918522 0.0248738 1 0 0 0 0 0 0 0
492 1 0.1 5.71537 3.26462 0.762511 -0.0273849 -0.0581421 0.010371 -0.190456 -0.0207161 0.539188 1 0 0 0 0 0 0 0
493 1 0.1 5.58824 3.64098 0.763629 0.0672656 -0.0275481 0.00128082 -0.290492 -0.526894 -0.000565773 1 0 0 0 0 0 0 0
494 1 0.1 5.71293 3.79548 0.759921 0.0523994 -0.0135336 -0.0148777 -0.442341 -0.314243 0.201295 1 0 0 0 0 0 0 0
495 1 0.1 5.63161 3.44611 0.762697 -0.0081537 -0.039508 0.0201942 -0.218234 0.107528 -0.506459 1 0 0 0 0 0 0 0
496 1 0.1 5.77919 3.58205 0.762544 0.0606948 -0.0515456 -0.00391717 -0.0338521 0.151922 -0.105813 1 0 0 0 0 0 0 0
497 1 0.1 6.05483 4.50295 0.762526 -0.00329469 0.0114323 -0.000933953 0.0310935 0.00628171 -0.0844636 1 0 0 0 0 0 0 0
498 1 0.1 6.19462 4.64583 0.762749 0.00169717 0.00297957 0.000381796 0.00355364 0.00627113 -0.00365475 1 0 0 0 0 0 0 0
499 1 0.1 6.33494 4.7883 0.762079 -0.00510889 0.00943243 0.000457489 0.0127451 -0.0104063 0.0764186 1 0 0 0 0 0 0 0
