500
0 1 0.1 6.04001 0.983515 0.150015 -0.0748301 0.0691078 0.0015901 -0.000141802 0.000255746 0.00248853 1 0 0 0 0 0 0 0
1 1 0.1 5.89684 1.12659 0.150129 -0.175568 0.160783 0.00920192 0.0952779 -0.0328514 1.00008 1 0 0 0 0 0 0 0
2 1 0.1 5.75531 1.26824 0.1495 -0.162331 0.133395 0.0314863 -0.0431027 -0.088179 0.0984571 1 0 0 0 0 0 0 0
3 1 0.1 5.61389 1.40962 0.149606 -0.155592 0.143619 -0.0098823 -0.218398 -0.182607 0.0529502 1 0 0 0 0 0 0 0
4 1 0.1 5.47484 1.55264 0.163301 -0.162833 0.144005 -0.0374682 -0.00211793 0.000573279 0.00172298 1 0 0 0 0 0 0 0
5 1 0.1 5.32968 1.69731 0.138057 -0.314822 0.0840481 0.0236666 -0.477438 0.140597 -1.47659 1 0 0 0 0 0 0 0
6 1 0.1 5.18675 1.83611 0.150024 -0.185077 0.162381 -0.00675982 -0.00724272 -0.00150434 -0.0049282 1 0 0 0 0 0 0 0
7 1 0.1 5.01447 2.00325 0.144475 0.00628817 0.0380961 -0.0188813 -0.00316217 0.421177 0.442005 1 0 0 0 0 0 0 0
8 1 0.1 4.87251 2.14296 0.149889 0.00544606 -0.0206635 0.00465652 -0.0126 -0.00807009 0.135747 1 0 0 0 0 0 0 0
9 1 0.1 4.74075 2.29174 0.14501 -0.0260864 -0.0701252 0.0435568 0.0763684 0.413437 0.540824 1 0 0 0 0 0 0 0
10 1 0.1 4.45524 2.56383 0.134924 0.0998102 -0.0959268 0.0175613 1.36082 0.651374 0.109291 1 0 0 0 0 0 0 0
11 1 0.1 4.29224 2.73 0.150137 0.000374174 -0.000279035 0.00119428 0.0250873 0.00571887 -0.00654529 1 0 0 0 0 0 0 0
12 1 0.1 4.19037 2.90151 0.137031 0.0009195 -0.000447943 0.00199988 -0.0135316 -0.00839087 0.00265786 1 0 0 0 0 0 0 0
13 1 0.1 4.18755 3.10195 0.149984 0.000153331 0.000560518 7.5564e-06 0.000133791 -0.000207332 0.005221 1 0 0 0 0 0 0 0
14 1 0.1 4.29554 3.26985 0.138207 0.000267353 0.000505876 0.000480159 0.000403808 -0.00797485 0.00616303 1 0 0 0 0 0 0 0
15 1 0.1 4.45307 3.43722 0.14818 -0.0683252 -0.0513898 -0.00939203 0.138945 -0.316834 0.0300079 1 0 0 0 0 0 0 0
16 1 0.1 4.59428 3.57871 0.150844 -0.064875 -0.049094 0.0495774 -0.406604 -0.315365 -0.797833 1 0 0 0 0 0 0 0
17 1 0.1 4.78769 3.7595 0.130736 0.0349112 0.0202138 -0.022105 -1.00071 -0.665021 -0.982074 1 0 0 0 0 0 0 0
18 1 0.1 5.01488 3.99698 0.144548 0.0533822 0.0827394 -0.00761772 0.352674 -0.0360951 0.396235 1 0 0 0 0 0 0 0
19 1 0.1 5.15693 4.14199 0.150028 -0.00742922 -0.00816901 -0.0078676 0.0325748 0.0675893 -0.110776 1 0 0 0 0 0 0 0
20 1 0.1 5.41488 4.2713 0.252977 0.001426 -0.033347 0.0127213 0.104478 0.0605461 0.116933 1 0 0 0 0 0 0 0
21 1 0.1 5.48063 4.44852 0.187826 -0.0231391 -0.0254712 0.00173907 -0.171177 0.178293 0.118595 1 0 0 0 0 0 0 0
22 1 0.1 5.67325 4.42143 0.233951 -0.0118929 0.0043324 -0.0157731 0.0782176 0.0259383 0.186269 1 0 0 0 0 0 0 0
23 1 0.1 5.61502 4.58776 0.137497 -0.0243459 -0.0209583 0.000747533 0.132594 -0.143819 -0.171353 1 0 0 0 0 0 0 0
24 1 0.1 5.79271 4.77737 0.14984 0.000286995 0.00104732 0.000367625 -2.60612e-05 -0.00400566 0.00725487 1 0 0 0 0 0 0 0
25 1 0.1 6.32361 0.700471 0.148421 -0.0367314 0.0382501 -0.00481872 -0.00457371 0.000801429 -0.000120481 1 0 0 0 0 0 0 0
26 1 0.1 6.08582 1.23847 0.137207 -0.0014098 0.000220903 0.000790093 -0.000292128 -0.0170148 0.015275 1 0 0 0 0 0 0 0
27 1 0.1 5.90904 1.40395 0.137156 0.0379457 0.01484 0.00106192 -0.036051 0.457306 -1.11375 1 0 0 0 0 0 0 0
28 1 0.1 5.85559 1.57634 0.221723 0.062114 0.0243587 0.00395238 0.0364724 -0.928506 0.516506 1 0 0 0 0 0 0 0
29 1 0.1 5.65037 1.64454 0.137325 -0.0575096 -0.0270406 0.00248937 0.0380583 -0.405517 -0.432058 1 0 0 0 0 0 0 0
30 1 0.1 5.49529 1.76877 0.232073 -0.407817 0.130738 0.114083 -0.746186 0.390672 2.38691 1 0 0 0 0 0 0 0
31 1 0.1 5.37191 1.91018 0.137737 -0.212603 0.275578 -0.00316891 -0.101336 -0.0707119 0.115878 1 0 0 0 0 0 0 0
32 1 0.1 5.21127 2.0337 0.137902 -0.0199743 0.0908835 -0.0482966 -0.160294 -0.186457 -0.189586 1 0 0 0 0 0 0 0
33 1 0.1 5.0592 2.21149 0.136455 0.0124226 -0.0171156 -0.00721899 0.176987 0.144708 -0.0302669 1 0 0 0 0 0 0 0
34 1 0.1 4.91358 2.32266 0.239958 0.0363591 -0.0580183 -0.0517372 -0.755811 0.647495 -0.736679 1 0 0 0 0 0 0 0
35 1 0.1 4.74684 2.42667 0.297955 0.196717 -0.00996212 0.0165524 0.719515 -0.541342 0.738901 1 0 0 0 0 0 0 0
36 1 0.1 4.59752 2.73956 0.134558 0.170984 -0.000181751 -0.00855074 0.021341 1.76322 -0.111347 1 0 0 0 0 0 0 0
37 1 0.1 4.42249 2.88734 0.13558 0.0235412 0.18268 0.00991825 -1.83722 0.249222 -0.0120445 1 0 0 0 0 0 0 0
38 1 0.1 4.48992 3.10027 0.137202 -0.0402265 -0.0203491 -0.00390479 0.0615195 -0.309864 -0.0936042 1 0 0 0 0 0 0 0
39 1 0.1 4.57576 3.28074 0.135414 -0.0444483 -0.0458889 -0.00672492 -0.00663479 0.101643 0.05452 1 0 0 0 0 0 0 0
40 1 0.1 4.71461 3.41936 0.151571 -0.0877036 -0.0534314 0.077054 0.310115 0.219635 0.642837 1 0 0 0 0 0 0 0
41 1 0.1 4.83447 3.57633 0.176116 -0.178717 0.00170273 0.0939119 0.521449 2.69771 -2.32704 1 0 0 0 0 0 0 0
42 1 0.1 4.98294 3.79979 0.137447 0.0367972 0.0822781 -0.0037401 -0.273041 0.495001 -0.53604 1 0 0 0 0 0 0 0
43 1 0.1 5.35144 3.93915 0.293506 -0.0249812 0.0413735 -0.0140599 0.269122 -0.814215 0.167606 1 0 0 0 0 0 0 0
44 1 0.1 5.34034 4.0635 0.137445 0.00103842 0.0299354 -0.00658482 -0.268731 0.00108145 0.4923 1 0 0 0 0 0 0 0
45 1 0.1 5.57352 4.25794 0.136417 -0.00449397 -0.010074 -5.86599e-06 -0.00843253 0.0582054 0.0408485 1 0 0 0 0 0 0 0
46 1 0.1 5.87523 4.29566 0.141726 -0.00279475 0.0149379 -0.0080988 0.0534913 0.116559 -0.0305882 1 0 0 0 0 0 0 0
47 1 0.1 5.92171 4.45392 0.25389 -0.00402172 0.00404078 0.00510278 0.146312 0.000332391 0.127975 1 0 0 0 0 0 0 0
48 1 0.1 5.81959 4.57962 0.137313 -0.005767 0.00138497 0.00164273 -0.0476446 -0.0681682 -0.00574693 1 0 0 0 0 0 0 0
49 1 0.1 6.0942 5.07229 0.145116 -0.00120207 -0.000876439 -0.000912016 0.00435518 0.00597817 -0.0146516 1 0 0 0 0 0 0 0
50 1 0.1 6.46474 0.558878 0.149987 -0.0375727 0.0343197 -0.00199664 -0.0108045 -0.00887711 -0.00964175 1 0 0 0 0 0 0 0
51 1 0.1 6.21245 1.08379 0.137496 -0.0236187 -0.0181203 2.30684e-05 0.03669 -0.0140392 -0.301055 1 0 0 0 0 0 0 0
52 1 0.1 6.03002 1.62395 0.13732 0.0578292 0.0589279 0.00145612 -0.621076 0.743806 0.135331 1 0 0 0 0 0 0 0
53 1 0.1 5.85657 1.75748 0.137411 -0.00965553 0.0146507 -0.00493334 -0.138049 -0.131167 0.803067 1 0 0 0 0 0 0 0
54 1 0.1 5.78816 1.94867 0.137462 -0.268809 -0.0443843 -0.019235 0.198647 0.444695 -0.756159 1 0 0 0 0 0 0 0
55 1 0.1 5.69802 1.8019 0.250432 -0.0113079 -0.0226223 -0.00722033 -0.249524 0.302928 -0.149177 1 0 0 0 0 0 0 0
56 1 0.1 5.58826 1.92352 0.136618 -0.0171245 -0.0280554 -0.00675347 0.137592 -0.111435 0.0848069 1 0 0 0 0 0 0 0
57 1 0.1 5.3839 2.1333 0.138436 0.0167666 -0.00857098 -0.0122079 -0.0434474 -0.330065 -0.744679 1 0 0 0 0 0 0 0
58 1 0.1 5.28948 2.30927 0.137333 0.0119933 -0.0227142 -0.00360709 0.237381 0.157987 0.0998192 1 0 0 0 0 0 0 0
59 1 0.1 5.0911 2.4384 0.148595 0.076114 -0.0552604 -0.0463184 -0.204954 -0.168321 -0.124385 1 0 0 0 0 0 0 0
60 1 0.1 4.90003 2.49349 0.137049 0.0943572 -0.0507873 -0.0196897 0.0640671 0.306098 -0.124103 1 0 0 0 0 0 0 0
61 1 0.1 4.70086 2.48577 0.129528 0.106369 -0.0506817 0.00849416 -1.0276 0.991268 0.267698 1 0 0 0 0 0 0 0
62 1 0.1 4.61512 2.94012 0.139207 0.0687014 0.0349107 0.0165669 0.320191 -0.733397 -1.56673 1 0 0 0 0 0 0 0
63 1 0.1 4.69641 3.12227 0.151459 0.0786286 0.0385916 0.020462 -0.457918 0.332595 1.43996 1 0 0 0 0 0 0 0
64 1 0.1 4.83127 3.29153 0.265518 0.0065084 -0.0533578 0.0211419 1.5572 0.73027 0.293625 1 0 0 0 0 0 0 0
65 1 0.1 4.92652 3.40828 0.135493 -0.150425 0.0367499 -0.00514984 -0.190222 -1.45411 3.26354 1 0 0 0 0 0 0 0
66 1 0.1 5.03417 3.60681 0.13748 -0.120125 0.0343541 0.00615858 -0.0458647 -0.189894 -1.10253 1 0 0 0 0 0 0 0
67 1 0.1 5.1717 3.83682 0.191415 0.0872669 0.0727886 -0.147995 -0.0590775 0.980946 0.31633 1 0 0 0 0 0 0 0
68 1 0.1 5.46799 3.90342 0.136873 0.0235322 0.0315806 0.00520249 -0.219979 0.25246 -0.369848 1 0 0 0 0 0 0 0
69 1 0.1 5.54231 3.98517 0.328988 -0.0402062 0.0595743 0.0406038 -0.126206 0.262729 -0.0385697 1 0 0 0 0 0 0 0
70 1 0.1 5.74029 4.14894 0.137019 0.00572803 0.00939424 -0.00148878 -0.0463611 -0.00845581 0.136136 1 0 0 0 0 0 0 0
71 1 0.1 5.90157 4.05683 0.210765 -0.00580836 0.00620472 0.0203976 0.0322076 -0.256738 -0.189766 1 0 0 0 0 0 0 0
72 1 0.1 6.03947 4.18173 0.137484 -0.0119048 0.00286317 8.98831e-06 -0.139507 -0.154397 -0.116556 1 0 0 0 0 0 0 0
73 1 0.1 5.97751 4.70222 0.137509 -0.00175882 -0.00449462 0.000475249 -0.0188921 0.0210294 -0.0618099 1 0 0 0 0 0 0 0
74 1 0.1 6.27494 5.25271 0.151956 -0.00183468 -0.00258304 0.000403581 -0.0203246 0.0101107 -0.0268839 1 0 0 0 0 0 0 0
75 1 0.1 6.50837 0.776307 0.137456 -0.0311055 -0.00843701 0.000685035 0.0921108 -0.307977 -0.445684 1 0 0 0 0 0 0 0
76 1 0.1 6.18143 0.842151 0.149983 -0.0748304 0.0684423 0.0019258 -0.000378273 -0.000478278 0.0018249 1 0 0 0 0 0 0 0
77 1 0.1 5.98689 1.9058 0.16875 -0.12457 0.101123 0.0809768 -0.406906 -1.80906 0.36046 1 0 0 0 0 0 0 0
78 1 0.1 5.89855 2.22073 0.291693 -0.1342 0.0814874 0.0644384 1.59221 -0.574804 0.126531 1 0 0 0 0 0 0 0
79 1 0.1 5.87387 2.36304 0.138504 -0.0194233 0.0543856 0.0230835 0.256205 -0.363313 0.728863 1 0 0 0 0 0 0 0
80 1 0.1 5.77604 2.18845 0.137364 -0.035871 0.0528952 -0.0114152 -0.484417 -0.336593 1.67382 1 0 0 0 0 0 0 0
81 1 0.1 5.58336 2.13654 0.137892 0.00869531 -0.0974621 -0.00501417 -0.343601 0.246759 -0.145904 1 0 0 0 0 0 0 0
82 1 0.1 5.48903 2.31275 0.137438 0.00297496 -0.0994431 0.00356996 0.490972 -0.309116 0.171887 1 0 0 0 0 0 0 0
83 1 0.1 5.52362 2.49232 0.217326 -0.00266497 -0.104944 0.0368803 -0.320013 -0.0208178 -0.600924 1 0 0 0 0 0 0 0
84 1 0.1 5.31454 2.51604 0.137149 -0.136541 -0.00589678 0.00115726 0.0627507 -1.36109 -0.0450935 1 0 0 0 0 0 0 0
85 1 0.1 5.08115 2.63579 0.13546 0.19326 -0.047822 0.00647532 -0.061613 1.22019 -0.91912 1 0 0 0 0 0 0 0
86 1 0.1 4.79968 2.66552 0.136008 0.200972 -0.0292673 0.00887243 0.410352 2.07422 -0.203883 1 0 0 0 0 0 0 0
87 1 0.1 4.82337 2.96861 0.136137 0.13021 0.0806137 -0.00125331 -0.783025 1.17663 0.287336 1 0 0 0 0 0 0 0
88 1 0.1 4.89351 3.15332 0.137936 0.0624437 0.0955745 -0.109344 -0.035205 -0.400633 0.401857 1 0 0 0 0 0 0 0
89 1 0.1 5.06872 3.24831 0.137399 0.0861324 0.0554246 0.000775084 0.327852 -0.728178 -0.821417 1 0 0 0 0 0 0 0
90 1 0.1 5.13698 3.43552 0.137478 -0.0108424 0.0913216 -0.000888323 -0.321267 0.777079 1.83265 1 0 0 0 0 0 0 0
91 1 0.1 5.23212 3.6087 0.164969 -0.107348 0.150648 -0.0857758 0.654318 1.64546 -0.381043 1 0 0 0 0 0 0 0
92 1 0.1 5.3988 3.71632 0.143824 -0.0723456 0.0739006 -0.118319 1.7093 0.273273 -0.750348 1 0 0 0 0 0 0 0
93 1 0.1 5.60079 3.75587 0.157944 0.00250829 0.0109224 -0.0206444 0.0874937 0.277251 0.0211425 1 0 0 0 0 0 0 0
94 1 0.1 5.65631 3.96818 0.138844 0.030115 0.00366713 -0.0105848 0.0675172 -0.13482 0.106996 1 0 0 0 0 0 0 0
95 1 0.1 5.83195 3.87274 0.137493 0.00584553 -0.0398636 -0.000554613 -0.0642221 0.0122437 -0.612206 1 0 0 0 0 0 0 0
96 1 0.1 5.79134 3.54685 0.44006 -0.000191171 0.0411566 -0.0117626 0.0581345 0.633705 0.433684 1 0 0 0 0 0 0 0
97 1 0.1 5.98173 3.88364 0.270322 -0.00171817 -0.00769957 -0.023808 0.513842 0.184668 0.269375 1 0 0 0 0 0 0 0
98 1 0.1 5.93413 4.9187 0.150044 0.000258787 0.000196736 -0.000137069 -0.00213142 0.00101413 -0.000121314 1 0 0 0 0 0 0 0
99 1 0.1 6.30965 5.05633 0.137405 -0.00208285 -0.00265738 -0.000163799 0.0278458 -0.0214494 0.0233734 1 0 0 0 0 0 0 0
100 1 0.1 6.33507 1.21873 0.219611 -0.0531914 0.00925918 -0.00097291 0.0131332 0.402798 -0.717211 1 0 0 0 0 0 0 0
101 1 0.1 6.08342 1.45756 0.234419 -0.077899 -0.00413491 -0.0347527 -0.190906 -0.163912 0.364675 1 0 0 0 0 0 0 0
102 1 0.1 6.05482 1.74051 0.588044 -0.0413849 0.0291955 -0.00212167 -0.0378752 0.0361014 0.123627 1 0 0 0 0 0 0 0
103 1 0.1 5.95594 2.10136 0.140906 -0.0235158 0.0998412 -0.0232028 -0.476283 0.65464 -1.20883 1 0 0 0 0 0 0 0
104 1 0.1 5.79062 2.66723 0.286167 0.156087 -0.0358584 -0.150656 1.34042 -1.84228 0.996235 1 0 0 0 0 0 0 0
105 1 0.1 5.67601 2.39108 0.137434 -0.0307567 -0.0985619 0.00138286 0.81589 0.0901425 0.350774 1 0 0 0 0 0 0 0
106 1 0.1 5.66128 2.61375 0.137297 0.0304689 -0.0981624 -0.0512879 0.359915 -0.0970144 -0.0475024 1 0 0 0 0 0 0 0
107 1 0.1 5.46868 2.66685 0.137718 0.036468 -0.135329 -0.0522817 -0.529458 0.135185 0.414131 1 0 0 0 0 0 0 0
108 1 0.1 5.5953 2.64597 0.322926 0.17594 -0.0821409 -0.0654241 -0.433719 1.59059 -0.367362 1 0 0 0 0 0 0 0
109 1 0.1 5.37751 2.88803 0.137197 0.359478 0.00496395 0.0237211 -0.161879 1.53855 -1.61136 1 0 0 0 0 0 0 0
110 1 0.1 5.27452 2.71165 0.138231 0.0919292 0.0354106 0.0248489 0.30821 0.693567 -2.26524 1 0 0 0 0 0 0 0
111 1 0.1 4.99649 2.81182 0.151511 0.244416 0.0086965 -0.149763 -2.76184 0.101626 0.442388 1 0 0 0 0 0 0 0
112 1 0.1 5.00236 2.99931 0.21648 0.193499 0.0238244 -0.132793 2.98485 0.576612 0.287264 1 0 0 0 0 0 0 0
113 1 0.1 5.18359 3.08497 0.143681 0.121505 0.0763168 -0.0112143 0.0905016 0.0419518 0.517131 1 0 0 0 0 0 0 0
114 1 0.1 5.28809 3.25983 0.136827 0.0613487 -0.024456 0.0149314 0.196944 0.693959 0.238977 1 0 0 0 0 0 0 0
115 1 0.1 5.35392 3.43642 0.231511 0.0325731 -0.0348446 0.0400348 -0.205185 0.323288 0.385242 1 0 0 0 0 0 0 0
116 1 0.1 5.51736 3.51682 0.136934 0.0115676 0.0073711 0.00456791 -0.0115865 -0.00551736 0.159057 1 0 0 0 0 0 0 0
117 1 0.1 5.68931 3.58543 0.212602 0.0292179 0.0219774 -0.0350689 0.0911779 -0.325289 0.321492 1 0 0 0 0 0 0 0
118 1 0.1 5.67093 3.38883 0.137507 0.0238514 0.0191569 -0.000125597 0.124237 -0.0223336 0.00774627 1 0 0 0 0 0 0 0
119 1 0.1 5.48307 3.32028 0.137195 0.0326603 -0.000634691 0.0096364 0.104573 0.290957 0.200131 1 0 0 0 0 0 0 0
120 1 0.1 5.85798 3.6615 0.137393 0.0370014 0.0527238 0.00356454 -0.0423209 -0.136279 -0.0121202 1 0 0 0 0 0 0 0
121 1 0.1 5.81577 3.26527 0.527276 0.10711 0.00880279 0.0206412 0.948896 0.254236 -0.786894 1 0 0 0 0 0 0 0
122 1 0.1 6.08272 4.43228 0.137402 -0.00558587 0.00266693 0.000954905 0.00669673 -0.00711721 -0.273745 1 0 0 0 0 0 0 0
123 1 0.1 6.09941 4.57856 0.272179 0.0136128 -0.000850649 0.00216268 0.0109081 0.0272412 0.0241755 1 0 0 0 0 0 0 0
124 1 0.1 6.17402 4.75398 0.137313 -0.00145031 -0.000729167 0.00031148 0.00349048 -0.0141808 -0.00112483 1 0 0 0 0 0 0 0
125 1 0.1 6.07655 0.942389 0.359753 0.000990103 0.00120907 0.0045671 -0.00120376 -0.0434497 -0.0155228 1 0 0 0 0 0 0 0
126 1 0.1 5.93496 1.08247 0.343911 -0.000556691 0.000662148 0.000545873 0.00705882 -0.00711154 -0.0101356 1 0 0 0 0 0 0 0
127 1 0.1 5.79353 1.22319 0.346078 -0.00041623 0.00120659 -0.00146037 -0.0249222 0.00216683 0.00304623 1 0 0 0 0 0 0 0
128 1 0.1 5.65287 1.36446 0.342943 3.25488e-05 -0.00105241 -0.00320923 -0.0210647 0.00731003 0.016148 1 0 0 0 0 0 0 0
129 1 0.1 5.51242 1.5049 0.35882 0.00197617 -0.00324645 -0.0055511 -0.044331 0.0341424 -0.0261212 1 0 0 0 0 0 0 0
130 1 0.1 5.22962 1.78761 0.341626 -0.000362905 -0.00496337 0.00515659 -0.00801023 0.00165332 0.00294186 1 0 0 0 0 0 0 0
131 1 0.1 5.10347 1.94169 0.312477 -0.632615 -0.252243 0.252969 2.19016 -7.86217 -1.86509 1 0 0 0 0 0 0 0
132 1 0.1 4.99201 2.15491 0.314517 0.0294824 -0.0683757 -0.0350725 0.264093 -0.0197507 0.266589 1 0 0 0 0 0 0 0
133 1 0.1 4.83235 2.19211 0.423385 0.0783251 -0.0577591 0.000779095 0.482644 0.487 -0.926819 1 0 0 0 0 0 0 0
134 1 0.1 4.75574 2.36221 0.470517 0.0950332 -0.0845715 0.0207142 0.101475 -1.03719 0.87573 1 0 0 0 0 0 0 0
135 1 0.1 4.41158 2.65105 0.305632 0.117245 0.0689913 -0.0354212 -3.08121 -1.18578 -0.226498 1 0 0 0 0 0 0 0
136 1 0.1 4.20516 2.8251 0.320252 0.0752875 -0.0760217 -0.0283167 0.703361 1.2129 -1.05576 1 0 0 0 0 0 0 0
137 1 0.1 4.19572 3.01845 0.369205 -0.0436154 -0.120723 0.0894635 0.506799 -0.832461 2.3832 1 0 0 0 0 0 0 0
138 1 0.1 4.23336 3.2127 0.342524 -0.100732 -0.114713 0.0824479 -0.83192 -0.447801 -1.60513 1 0 0 0 0 0 0 0
139 1 0.1 4.37337 3.3546 0.351228 -0.0669439 -0.133582 0.0383141 -0.189869 0.0597919 1.18707 1 0 0 0 0 0 0 0
140 1 0.1 4.516 3.49213 0.329217 -0.0692932 -0.0921084 0.00687716 -0.128328 0.00542376 -0.780217 1 0 0 0 0 0 0 0
141 1 0.1 4.65473 3.63161 0.338594 -0.0462614 -0.1064 -0.0817907 -0.293203 0.876786 0.475447 1 0 0 0 0 0 0 0
142 1 0.1 4.8081 3.7532 0.320385 -0.121008 0.00942642 -0.0342674 1.01822 -0.825601 0.87337 1 0 0 0 0 0 0 0
143 1 0.1 4.95989 3.94002 0.350373 -0.289987 -0.20896 0.0162818 -0.0205984 -0.332469 -2.0326 1 0 0 0 0 0 0 0
144 1 0.1 5.12927 4.09109 0.369341 -0.0198595 -0.0257527 0.0140752 -0.112027 -0.00547198 -0.236843 1 0 0 0 0 0 0 0
145 1 0.1 5.26345 4.23545 0.374948 -0.0117313 -0.0243593 0.00250806 -0.0524074 -0.141398 -0.130111 1 0 0 0 0 0 0 0
146 1 0.1 5.44068 4.4155 0.388031 -0.0151781 -0.0230505 0.00399014 -0.199752 -0.050369 -0.19625 1 0 0 0 0 0 0 0
147 1 0.1 5.57625 4.55621 0.345411 -0.0162843 -0.0206104 0.0113781 0.0289492 -0.161888 -0.242483 1 0 0 0 0 0 0 0
148 1 0.1 5.7291 4.70964 0.339203 -0.00304095 -0.00457695 5.93269e-05 0.0212436 0.00947394 -0.029713 1 0 0 0 0 0 0 0
149 1 0.1 6.01757 4.99854 0.34859 -0.00176292 -0.00133873 0.000431544 -0.00363538 0.0034601 -0.0224675 1 0 0 0 0 0 0 0
150 1 0.1 6.21631 0.799843 0.350854 0.00131486 0.00453179 0.00860071 0.0691165 -0.0657357 0.0387479 1 0 0 0 0 0 0 0
151 1 0.1 5.97196 1.29655 0.293608 -0.000314866 0.00266854 0.00702468 -0.239875 -0.204574 0.0916724 1 0 0 0 0 0 0 0
152 1 0.1 5.84453 1.43496 0.362043 0.0288757 0.00964158 -0.0164926 0.0733136 -0.770315 0.516301 1 0 0 0 0 0 0 0
153 1 0.1 5.70101 1.5733 0.347229 0.00585403 -0.0158762 -0.044449 0.143996 0.211525 -0.112351 1 0 0 0 0 0 0 0
154 1 0.1 5.55417 1.69261 0.408723 0.0076566 -0.00428725 -0.019807 -0.10643 -0.0303778 0.0111777 1 0 0 0 0 0 0 0
155 1 0.1 5.37088 1.64586 0.343518 0.000121181 -0.00240854 -0.00356609 -0.0232527 0.022592 -0.00348228 1 0 0 0 0 0 0 0
156 1 0.1 5.3165 2.00126 0.404183 0.0146956 -0.00990542 -0.0141424 -0.378049 0.117959 -0.26453 1 0 0 0 0 0 0 0
157 1 0.1 5.17797 2.13526 0.375666 0.0280444 -0.0225793 -0.0216481 0.282224 -0.0996745 0.300031 1 0 0 0 0 0 0 0
158 1 0.1 4.99141 2.3114 0.43845 0.14444 -0.118069 0.003378 -1.69971 -1.38221 -0.162143 1 0 0 0 0 0 0 0
159 1 0.1 4.94673 2.48451 0.351792 0.235066 -0.109815 -0.0113722 1.58466 0.998133 -0.583379 1 0 0 0 0 0 0 0
160 1 0.1 4.57779 2.52527 0.283818 0.127439 -0.178339 -0.042009 0.641723 -0.69189 1.13369 1 0 0 0 0 0 0 0
161 1 0.1 4.44097 2.84475 0.326035 0.163747 0.0486853 -0.014831 3.09523 1.35019 -0.542635 1 0 0 0 0 0 0 0
162 1 0.1 4.37755 3.02953 0.285941 -0.0357698 -0.0203087 -0.00370615 0.156846 0.77443 -0.204241 1 0 0 0 0 0 0 0
163 1 0.1 4.48733 3.19364 0.317298 0.0641817 -0.0620573 -0.0856619 0.198121 1.29799 -0.593437 1 0 0 0 0 0 0 0
164 1 0.1 4.64693 3.34233 0.320522 0.0160635 -0.0426032 0.108417 0.369918 -0.210919 -0.42372 1 0 0 0 0 0 0 0
165 1 0.1 4.79696 3.4717 0.342962 0.0661282 -0.0946926 0.105419 -1.74802 -0.0550476 -0.724521 1 0 0 0 0 0 0 0
166 1 0.1 4.94892 3.59327 0.328924 0.0734824 -0.139803 -0.104126 -0.0588922 0.275745 0.616852 1 0 0 0 0 0 0 0
167 1 0.1 5.04843 3.76051 0.34168 -0.0187801 -0.0857269 -0.146319 -0.194145 0.088168 0.527122 1 0 0 0 0 0 0 0
168 1 0.1 5.17788 3.90043 0.380794 -0.059191 -0.047496 -0.100149 1.11327 0.110723 0.134776 1 0 0 0 0 0 0 0
169 1 0.1 5.2932 4.03332 0.46948 -0.123362 -0.0699639 0.0165959 0.0994327 -0.0917103 -0.113921 1 0 0 0 0 0 0 0
170 1 0.1 5.45452 4.14783 0.405056 -0.136194 0.000642329 0.103728 0.0924193 -1.11276 0.187209 1 0 0 0 0 0 0 0
171 1 0.1 5.66762 4.23676 0.310457 0.0132291 0.00108655 -0.0122847 -0.121035 0.141687 -0.0560681 1 0 0 0 0 0 0 0
172 1 0.1 5.8132 4.33294 0.407098 0.00861913 -0.00584379 0.00160218 0.303466 -0.202093 0.118182 1 0 0 0 0 0 0 0
173 1 0.1 5.80149 4.53171 0.392975 -0.00405563 -0.00565217 0.0137759 -0.167082 0.0479038 -0.000749088 1 0 0 0 0 0 0 0
174 1 0.1 6.15873 5.13996 0.350381 -0.00137024 -0.000836088 -4.58467e-05 -0.022267 0.0284935 -0.00422581 1 0 0 0 0 0 0 0
175 1 0.1 6.35895 0.656748 0.348471 -0.00171022 0.0029542 0.000177708 -0.00912623 -0.00518171 0.0319455 1 0 0 0 0 0 0 0
176 1 0.1 6.12 1.15063 0.31301 -0.00194013 0.00185257 0.00171884 -0.00667891 -0.00226001 0.0252799 1 0 0 0 0 0 0 0
177 1 0.1 5.99792 1.65519 0.337927 0.0480339 0.0338404 0.0166903 -0.141064 -0.515 0.735355 1 0 0 0 0 0 0 0
178 1 0.1 5.82125 1.73209 0.391104 0.0138915 -0.0127478 -0.0227711 -0.104896 0.172815 -0.125361 1 0 0 0 0 0 0 0
179 1 0.1 5.70801 1.89221 0.428116 0.0162714 -0.0148273 -0.0158359 0.112054 -0.0563918 0.115047 1 0 0 0 0 0 0 0
180 1 0.1 5.41146 1.82885 0.412597 0.00111333 -0.011638 -0.00385098 0.138159 0.17165 0.0428896 1 0 0 0 0 0 0 0
181 1 0.1 5.4799 1.97745 0.293686 -0.0207063 -0.0515351 -0.0184068 -0.267393 0.148767 0.245886 1 0 0 0 0 0 0 0
182 1 0.1 5.35577 2.23264 0.367622 -0.151033 -0.122097 -0.169224 0.316209 1.88177 -1.8874 1 0 0 0 0 0 0 0
183 1 0.1 5.1535 2.30809 0.283241 0.0233105 -0.0271233 -0.0110911 -0.186025 -0.168417 -0.120746 1 0 0 0 0 0 0 0
184 1 0.1 5.12721 2.55693 0.311952 0.233303 -0.0411974 0.0133453 -0.149629 -0.752702 0.886386 1 0 0 0 0 0 0 0
185 1 0.1 4.81048 2.62615 0.328589 0.30032 -0.0302863 0.00810621 -0.923856 -1.36303 -0.316345 1 0 0 0 0 0 0 0
186 1 0.1 4.68493 2.77788 0.304063 0.314701 -0.0542826 -0.0921603 0.733188 -0.0546831 0.358917 1 0 0 0 0 0 0 0
187 1 0.1 4.6943 2.96339 0.38255 -0.187028 -0.201744 0.11385 0.544937 2.25703 2.87506 1 0 0 0 0 0 0 0
188 1 0.1 4.73034 3.16014 0.379339 -0.330452 -0.16002 -0.230462 -1.47244 2.28369 -2.15315 1 0 0 0 0 0 0 0
189 1 0.1 5.00767 3.15983 0.331465 0.142087 -0.112429 0.0670244 -0.495406 -0.0482849 0.549517 1 0 0 0 0 0 0 0
190 1 0.1 4.9706 3.34093 0.398517 0.0725936 -0.109459 -0.00464078 -0.306583 0.219961 0.156542 1 0 0 0 0 0 0 0
191 1 0.1 5.1454 3.58617 0.343616 0.0538397 -0.0705096 -0.033938 -0.546895 -0.969713 -0.0223385 1 0 0 0 0 0 0 0
192 1 0.1 5.27875 3.73371 0.340445 -0.00255736 -0.0169541 -0.0736803 -1.32193 -0.449387 0.693639 1 0 0 0 0 0 0 0
193 1 0.1 5.47189 3.78212 0.322963 -0.00850292 0.0237846 -0.045202 -0.0567582 -0.219018 -0.00580753 1 0 0 0 0 0 0 0
194 1 0.1 5.68064 3.88171 0.429069 -0.0320886 0.068967 0.0618051 -0.357711 -0.201596 0.0399556 1 0 0 0 0 0 0 0
195 1 0.1 5.73173 4.04753 0.316447 -0.018256 -0.0104757 -0.0195516 -0.0117436 0.289401 -0.383014 1 0 0 0 0 0 0 0
196 1 0.1 5.87389 4.14303 0.41968 -0.00248799 -0.0147338 -0.0278636 0.0411452 -0.0676873 0.203559 1 0 0 0 0 0 0 0
197 1 0.1 5.98071 4.27135 0.309853 -0.00168505 -0.00155572 -0.0120114 0.0733893 -0.0841576 -0.0775339 1 0 0 0 0 0 0 0
198 1 0.1 5.87197 4.85366 0.346652 -0.00293843 -0.00298626 -0.000638147 0.0203849 -0.00726318 -0.0343801 1 0 0 0 0 0 0 0
199 1 0.1 6.30011 5.28136 0.349989 -0.00116152 -0.00082604 0.000291044 0.0179634 -0.0341774 4.17945e-05 1 0 0 0 0 0 0 0
200 1 0.1 6.36691 0.872167 0.241154 -0.00320731 0.0206736 0.0125617 0.276858 0.211367 -0.23613 1 0 0 0 0 0 0 0
201 1 0.1 6.26235 1.0126 0.337519 0.00150596 0.0144841 0.0253156 -0.0861145 -0.232407 0.15739 1 0 0 0 0 0 0 0
202 1 0.1 5.86678 1.98517 0.327406 -0.136045 -0.0640558 -0.0376646 0.158944 0.0999675 -0.0251496 1 0 0 0 0 0 0 0
203 1 0.1 5.65751 2.66986 0.762411 0.197145 0.0414442 0.00872917 -0.225234 0.699315 -0.499108 1 0 0 0 0 0 0 0
204 1 0.1 5.72544 2.31802 0.316801 -0.271294 -0.121212 0.0531681 0.175665 -1.80041 0.934427 1 0 0 0 0 0 0 0
205 1 0.1 5.67628 2.02663 0.283554 -0.125726 -0.0188973 0.036552 0.199573 0.573707 -0.385625 1 0 0 0 0 0 0 0
206 1 0.1 5.53957 2.16374 0.331751 -0.110743 -0.041592 -0.0481454 -0.297082 -1.54825 0.301373 1 0 0 0 0 0 0 0
207 1 0.1 5.35915 2.42316 0.307667 -0.0661013 -0.0807982 -0.0553357 0.754898 2.25227 -0.115962 1 0 0 0 0 0 0 0
208 1 0.1 5.31485 2.62488 0.31547 0.228162 -0.0257786 0.0238922 -0.32506 0.427976 -0.681222 1 0 0 0 0 0 0 0
209 1 0.1 5.13132 2.75751 0.288824 -0.0747751 0.0148036 0.147081 -0.284714 -2.56665 -2.35075 1 0 0 0 0 0 0 0
210 1 0.1 5.0271 2.67848 0.441135 -0.301027 -0.0791425 -0.0115793 2.00729 1.88423 -0.694231 1 0 0 0 0 0 0 0
211 1 0.1 4.86313 2.84823 0.288268 0.279435 0.0158769 -0.0929882 1.65528 0.836864 0.489963 1 0 0 0 0 0 0 0
212 1 0.1 4.9204 2.99724 0.403297 0.234952 -0.113253 0.0501545 0.475455 -0.140302 0.374424 1 0 0 0 0 0 0 0
213 1 0.1 5.14643 3.0631 0.438004 0.107319 -0.123521 0.0706894 -0.134341 0.433014 -0.0311668 1 0 0 0 0 0 0 0
214 1 0.1 5.19886 3.20199 0.304465 0.122552 -0.06631 0.0661873 0.0475861 0.014012 0.168059 1 0 0 0 0 0 0 0
215 1 0.1 5.19876 3.39497 0.348693 0.0706218 -0.0691121 0.072626 0.0558682 -0.0785282 0.30294 1 0 0 0 0 0 0 0
216 1 0.1 5.32833 3.53602 0.401918 0.0322179 -0.0410321 0.0431446 0.0858754 0.217357 0.243088 1 0 0 0 0 0 0 0
217 1 0.1 5.51226 3.56569 0.330343 0.00872133 0.023143 0.0117097 -0.130368 0.100595 0.457282 1 0 0 0 0 0 0 0
218 1 0.1 5.65964 3.68761 0.387012 -0.0184946 0.0556391 0.0505144 0.360672 -0.374752 -0.0397723 1 0 0 0 0 0 0 0
219 1 0.1 5.79318 3.75111 0.530096 -0.0516869 0.0277371 0.0603934 0.959378 -0.309526 -0.112777 1 0 0 0 0 0 0 0
220 1 0.1 5.82506 3.76459 0.305562 -0.00432221 0.00763952 0.0284858 -0.349078 0.619252 -0.534813 1 0 0 0 0 0 0 0
221 1 0.1 5.87069 3.9433 0.425639 -0.013508 -0.00982841 -0.0338844 0.0254626 0.90248 -0.3891 1 0 0 0 0 0 0 0
222 1 0.1 6.00669 4.04795 0.534776 -0.0149263 0.103277 0.0950685 0.789068 -2.29592 1.66882 1 0 0 0 0 0 0 0
223 1 0.1 6.06252 4.81251 0.292202 -0.00360763 -0.00247169 -0.000186278 0.015377 -0.0116975 0.00248053 1 0 0 0 0 0 0 0
224 1 0.1 6.19859 4.95743 0.270852 -0.0031399 -0.00204572 -0.00103868 -0.0253093 0.0142451 -0.0359451 1 0 0 0 0 0 0 0
225 1 0.1 6.23528 1.3712 0.137408 -0.0271046 0.0298506 0.00287672 -0.284466 -0.252307 0.38262 1 0 0 0 0 0 0 0
226 1 0.1 6.16439 1.33629 0.371395 -0.0245762 0.0221588 -0.0517987 -0.521799 0.156672 0.269632 1 0 0 0 0 0 0 0
227 1 0.1 6.03053 1.47376 0.426372 -0.0237323 0.00272894 -0.0143359 0.0543961 0.901447 0.175423 1 0 0 0 0 0 0 0
228 1 0.1 5.98735 2.10757 0.430409 -0.0638706 -0.0093985 -0.0641643 0.381311 0.821344 0.85079 1 0 0 0 0 0 0 0
229 1 0.1 5.72483 2.85815 0.762038 0.237779 0.0223745 -0.0249576 0.111088 -0.0185481 0.0701122 1 0 0 0 0 0 0 0
230 1 0.1 5.52997 2.35573 0.385092 -0.0621467 -0.0653506 -0.0496933 -0.904257 -2.1733 0.105892 1 0 0 0 0 0 0 0
231 1 0.1 5.67729 2.4877 0.413398 -0.0725944 -0.0940873 0.131776 -1.13933 -2.15521 -0.921555 1 0 0 0 0 0 0 0
232 1 0.1 5.70384 2.58318 0.587408 0.335881 -0.0489111 0.049973 -0.608164 -0.883295 -0.190621 1 0 0 0 0 0 0 0
233 1 0.1 5.6454 3.06069 0.340298 0.376939 -0.0458426 0.0499132 -1.06122 0.544262 0.783656 1 0 0 0 0 0 0 0
234 1 0.1 5.17859 2.88592 0.136724 0.25375 0.0948183 -0.0244447 0.093844 -2.39961 0.642801 1 0 0 0 0 0 0 0
235 1 0.1 5.44364 2.76727 0.370338 0.23349 -0.0304531 0.0173724 0.174218 -0.466972 0.526872 1 0 0 0 0 0 0 0
236 1 0.1 5.09486 2.87171 0.470243 0.0889552 -0.304337 0.187173 -3.72468 2.7871 0.047756 1 0 0 0 0 0 0 0
237 1 0.1 5.27628 2.9001 0.310243 0.083497 -0.0287686 0.0942192 1.21825 0.53426 -0.69841 1 0 0 0 0 0 0 0
238 1 0.1 5.34746 3.08084 0.357147 0.149307 -0.0421628 0.0581734 0.039117 -0.00359433 0.216647 1 0 0 0 0 0 0 0
239 1 0.1 5.34638 3.27125 0.419879 0.0832721 0.00193102 0.0340999 -0.686209 -0.139855 0.272377 1 0 0 0 0 0 0 0
240 1 0.1 5.49256 3.20565 0.300663 0.0945521 0.0189628 0.0358197 -0.0670431 0.331462 0.569786 1 0 0 0 0 0 0 0
241 1 0.1 5.66615 3.14479 0.598094 0.118935 0.00197273 -0.0181704 -0.273582 0.121431 0.641063 1 0 0 0 0 0 0 0
242 1 0.1 5.49635 3.40133 0.44223 0.0752979 0.0138345 0.016216 0.165157 0.393568 0.0689066 1 0 0 0 0 0 0 0
243 1 0.1 5.58846 3.15133 0.136271 0.0421146 0.0148958 -0.00248332 -0.269871 0.517959 0.0187592 1 0 0 0 0 0 0 0
244 1 0.1 5.38962 3.08761 0.137493 0.133677 0.0178513 -5.66941e-05 -0.512814 0.283045 0.72727 1 0 0 0 0 0 0 0
245 1 0.1 5.69405 2.98171 0.137438 0.0290069 -0.00167292 -0.00171678 0.0436596 0.285829 -0.160223 1 0 0 0 0 0 0 0
246 1 0.1 5.66357 3.43209 0.337587 0.0405345 0.016428 -0.0361794 -0.065876 0.252163 -0.107542 1 0 0 0 0 0 0 0
247 1 0.1 5.98001 4.45844 0.445152 -0.0189227 -0.0417591 0.0159778 0.116552 -0.0447482 -0.423798 1 0 0 0 0 0 0 0
248 1 0.1 5.94372 4.66763 0.36074 -0.00452231 -0.00533936 -0.00239998 0.0114163 -0.00025781 0.0124737 1 0 0 0 0 0 0 0
249 1 0.1 6.18753 4.70205 0.401945 0.0076739 0.00594446 -0.00229226 -0.0112212 0.0521815 0.146173 1 0 0 0 0 0 0 0
250 1 0.1 6.1045 0.920607 0.557928 -0.00865717 0.00746473 0.000917834 0.00792327 -0.00369853 0.0239025 1 0 0 0 0 0 0 0
251 1 0.1 5.96376 1.06145 0.541504 -0.00767331 0.00953518 0.00224036 0.0367001 -0.00310993 0.00691047 1 0 0 0 0 0 0 0
252 1 0.1 5.82384 1.20368 0.542721 -0.00751754 0.00997509 -0.0010353 0.0238738 -0.0965943 0.074194 1 0 0 0 0 0 0 0
253 1 0.1 5.66519 1.35491 0.547038 -0.0784472 0.0484783 0.0173014 -0.0119219 -0.116701 0.243664 1 0 0 0 0 0 0 0
254 1 0.1 5.52499 1.49706 0.558666 -0.0824339 0.0524537 -0.0195461 -0.0869698 0.180222 0.830561 1 0 0 0 0 0 0 0
255 1 0.1 5.24255 1.77917 0.558154 -0.0682732 0.0648014 0.00960991 0.222508 0.040739 0.828355 1 0 0 0 0 0 0 0
256 1 0.1 5.13173 1.93869 0.510343 -0.608616 -0.135709 0.277927 -3.25303 8.05887 2.75204 1 0 0 0 0 0 0 0
257 1 0.1 5.17478 2.11431 0.596178 0.0311657 -0.0289973 -0.108091 -2.10515 -0.406343 1.32901 1 0 0 0 0 0 0 0
258 1 0.1 4.99313 2.1154 0.513363 0.0524834 -0.19992 -0.119456 1.10502 0.112215 -0.0273569 1 0 0 0 0 0 0 0
259 1 0.1 4.60277 2.41747 0.573336 0.113942 -0.0657324 0.00621746 0.336914 0.547843 -1.54924 1 0 0 0 0 0 0 0
260 1 0.1 4.4837 2.53772 0.453468 0.118828 -0.098985 -0.114394 -1.38056 0.246666 -1.68089 1 0 0 0 0 0 0 0
261 1 0.1 4.23947 2.78345 0.510822 0.102812 -0.0428496 -0.024657 -1.48957 0.522845 -2.80315 1 0 0 0 0 0 0 0
262 1 0.1 4.18946 2.95636 0.559314 0.00247827 -0.0637964 -0.0748506 0.384702 0.281211 -0.564196 1 0 0 0 0 0 0 0
263 1 0.1 4.19618 3.16956 0.563157 0.000848001 -0.00013525 -0.0123245 0.0405446 0.162655 0.018328 1 0 0 0 0 0 0 0
264 1 0.1 4.33523 3.31259 0.55038 -0.00347285 0.003695 -0.0177689 0.168114 0.0896159 -0.017472 1 0 0 0 0 0 0 0
265 1 0.1 4.49617 3.46711 0.525479 -0.0435198 -0.0446923 0.0192969 -0.112898 0.250181 -0.60266 1 0 0 0 0 0 0 0
266 1 0.1 4.6361 3.6085 0.563848 -0.027607 -0.0399561 0.0523276 -1.2389 0.864993 -0.361437 1 0 0 0 0 0 0 0
267 1 0.1 4.79184 3.764 0.509987 -0.0185222 -0.0310632 -0.0458259 -0.632541 1.81299 -0.764138 1 0 0 0 0 0 0 0
268 1 0.1 4.92657 3.88952 0.573024 -0.000933118 -0.0764374 0.0121859 0.141182 -0.572071 0.217958 1 0 0 0 0 0 0 0
269 1 0.1 5.06019 4.03648 0.549977 -0.039781 -0.0421143 0.000113693 -0.000695583 0.000476809 -0.0025101 1 0 0 0 0 0 0 0
270 1 0.1 5.35745 4.33307 0.563618 -0.00533403 -0.00593845 -0.00244623 0.0930763 -0.113984 0.0561115 1 0 0 0 0 0 0 0
271 1 0.1 5.51022 4.49083 0.559616 -0.0037702 -0.00957879 -0.00514514 -0.048308 0.0611053 -0.0659969 1 0 0 0 0 0 0 0
272 1 0.1 5.653 4.63593 0.556387 -0.00130041 0.00228313 -0.00859335 0.183089 0.00532154 -0.0103411 1 0 0 0 0 0 0 0
273 1 0.1 5.79449 4.77613 0.540414 -0.000272412 0.00238084 0.0033213 -0.0150501 -0.0301234 0.017235 1 0 0 0 0 0 0 0
274 1 0.1 6.06228 5.04026 0.551199 0.000496567 0.000299978 0.000724173 -0.00872561 0.00368258 0.0073494 1 0 0 0 0 0 0 0
275 1 0.1 6.2451 0.778543 0.552918 -0.00707741 0.00520201 0.00165752 0.0414582 -0.0242021 -0.000836634 1 0 0 0 0 0 0 0
276 1 0.1 6.01036 1.24672 0.483393 -0.0188087 0.0226335 0.0158643 0.0646308 -0.0205057 0.0659781 1 0 0 0 0 0 0 0
277 1 0.1 5.89059 1.39146 0.551184 -0.0374941 0.0208014 0.00443396 -0.0594895 -0.0997411 0.138809 1 0 0 0 0 0 0 0
278 1 0.1 5.75229 1.53008 0.588649 -0.0368311 0.0282153 -0.000613655 -0.0658457 0.125718 -0.169388 1 0 0 0 0 0 0 0
279 1 0.1 5.64324 1.69613 0.586548 -0.0430308 0.0315975 0.00737629 0.230955 -0.241584 0.189734 1 0 0 0 0 0 0 0
280 1 0.1 5.38322 1.63756 0.546205 -0.0922578 0.0439355 -0.0158059 -0.075985 0.080392 -0.900861 1 0 0 0 0 0 0 0
281 1 0.1 5.35846 2.18616 0.563533 0.0451484 -0.0457834 -0.00356579 -0.0233183 -0.255305 0.183123 1 0 0 0 0 0 0 0
282 1 0.1 5.21514 2.40924 0.65263 0.183622 -0.0557534 0.00500358 -0.417756 -1.34854 -0.0784642 1 0 0 0 0 0 0 0
283 1 0.1 5.21001 2.29607 0.487956 0.0237085 -0.0513116 0.0119355 0.65607 0.0906721 0.195288 1 0 0 0 0 0 0 0
284 1 0.1 4.88964 2.3774 0.601154 0.103952 0.0173041 0.00830391 -0.233764 1.2844 0.257022 1 0 0 0 0 0 0 0
285 1 0.1 4.68691 2.56133 0.469679 0.299029 -0.196458 -0.0609236 -1.54755 -0.427229 -0.533557 1 0 0 0 0 0 0 0
286 1 0.1 4.56857 2.71262 0.437498 0.330933 -0.184603 -0.162449 0.547735 0.0241316 0.064637 1 0 0 0 0 0 0 0
287 1 0.1 4.42309 2.7981 0.514064 0.219807 -0.469903 -0.119318 2.45944 -0.975193 1.45265 1 0 0 0 0 0 0 0
288 1 0.1 4.35833 3.09851 0.471879 0.0141153 -0.0204571 0.0017136 -0.149209 -0.362733 -0.136473 1 0 0 0 0 0 0 0
289 1 0.1 4.50744 3.21133 0.542925 -0.0481348 -0.0888634 0.220183 -0.775777 -2.50037 -1.03306 1 0 0 0 0 0 0 0
290 1 0.1 4.68595 3.42986 0.495121 -0.0205705 -0.0318098 0.0681224 1.12708 -0.894129 0.494687 1 0 0 0 0 0 0 0
291 1 0.1 4.96801 3.50599 0.503864 0.0534002 -0.077847 -0.0904464 -0.611068 -0.687924 -0.112123 1 0 0 0 0 0 0 0
292 1 0.1 4.97701 3.69965 0.517399 -0.0239707 -0.0856701 -0.123276 0.0233772 -0.161435 0.383579 1 0 0 0 0 0 0 0
293 1 0.1 5.15763 3.78163 0.540215 -0.0277841 -0.0902423 -0.128679 -0.365787 0.28762 -0.375253 1 0 0 0 0 0 0 0
294 1 0.1 5.22143 4.19008 0.564963 -0.0090889 -0.00641278 0.000752452 -0.374918 -0.0937173 -0.420838 1 0 0 0 0 0 0 0
295 1 0.1 5.51479 4.21322 0.588452 -0.0298342 -0.0426308 -0.0131695 -0.21581 0.138016 -0.891942 1 0 0 0 0 0 0 0
296 1 0.1 5.60803 4.34198 0.468839 -0.0247824 -0.0323293 -0.00566499 0.165693 0.0318064 1.03988 1 0 0 0 0 0 0 0
297 1 0.1 5.74667 4.44764 0.565037 -0.0291294 -0.0356833 0.00129935 0.600222 0.140011 -0.699676 1 0 0 0 0 0 0 0
298 1 0.1 5.88008 4.59729 0.564431 -0.0116956 0.000531013 0.0140318 -0.00649082 -0.163599 -0.0926984 1 0 0 0 0 0 0 0
299 1 0.1 6.20357 5.18165 0.550647 7.28739e-05 0.000181728 -0.000476334 0.00153867 0.00437777 -0.000333672 1 0 0 0 0 0 0 0
300 1 0.1 6.38583 0.636686 0.550065 -0.00526124 0.00483171 -0.000110738 0.00511176 0.00734394 0.0622422 1 0 0 0 0 0 0 0
301 1 0.1 6.15572 1.10632 0.504291 -0.00681018 0.00649788 0.00463329 -0.0335012 -0.0782432 0.0517095 1 0 0 0 0 0 0 0
302 1 0.1 5.91916 1.61208 0.516804 -0.015417 0.00353168 0.00527337 -0.239086 -0.395022 -0.0135055 1 0 0 0 0 0 0 0
303 1 0.1 5.8625 1.79387 0.57675 -0.0509557 0.00174575 -0.00549298 0.287648 -0.126998 0.197537 1 0 0 0 0 0 0 0
304 1 0.1 5.66237 1.90505 0.623704 -0.0028118 -0.0335769 0.045683 -0.0638483 -0.857082 0.0549653 1 0 0 0 0 0 0 0
305 1 0.1 5.48231 1.81329 0.598763 -0.0785628 0.0102414 0.027339 0.19049 0.199927 0.238526 1 0 0 0 0 0 0 0
306 1 0.1 5.33803 1.95045 0.594803 -0.0371278 0.0657293 0.00352563 -0.466804 -0.24488 -1.03585 1 0 0 0 0 0 0 0
307 1 0.1 5.24505 2.48988 0.456866 0.150975 -0.0639204 0.0861551 0.0812818 -0.210954 -1.4573 1 0 0 0 0 0 0 0
308 1 0.1 5.34011 2.6149 0.579208 0.381001 -0.129703 0.000644259 -1.1787 0.805767 -1.42455 1 0 0 0 0 0 0 0
309 1 0.1 5.05903 2.4788 0.549253 0.306575 0.0515969 -0.063555 0.819251 0.351741 -1.18267 1 0 0 0 0 0 0 0
310 1 0.1 4.87903 2.56125 0.523491 0.300076 0.0182356 -0.0316431 -1.72155 0.41264 1.35761 1 0 0 0 0 0 0 0
311 1 0.1 4.75341 2.76922 0.490395 0.375914 -0.0941938 -0.111134 -0.649672 0.599611 -2.03193 1 0 0 0 0 0 0 0
312 1 0.1 4.51189 2.97068 0.46416 -0.0955763 -0.183488 0.315519 -1.10502 -2.27387 -1.74397 1 0 0 0 0 0 0 0
313 1 0.1 4.60078 3.00792 0.658755 0.0716389 -0.227835 -0.0364356 -1.59899 0.158859 0.60227 1 0 0 0 0 0 0 0
314 1 0.1 4.71243 3.24861 0.557811 0.067512 -0.0823133 -0.171698 1.18176 0.612819 0.525145 1 0 0 0 0 0 0 0
315 1 0.1 4.93935 3.33303 0.595323 0.0511566 -0.0323723 0.0139346 -0.476297 -0.319739 0.633929 1 0 0 0 0 0 0 0
316 1 0.1 5.12186 3.3835 0.531523 0.0570393 -0.0475709 0.0635036 -0.447128 -0.11669 0.145156 1 0 0 0 0 0 0 0
317 1 0.1 5.14676 3.58226 0.5502 0.0535409 -0.0956226 -0.0616061 -0.148481 -0.166944 -0.143741 1 0 0 0 0 0 0 0
318 1 0.1 5.31615 3.87767 0.614684 -0.0818879 -0.0689495 -0.0419176 1.28898 -0.811434 1.05232 1 0 0 0 0 0 0 0
319 1 0.1 5.45017 4.02444 0.592967 -0.146129 0.00361922 0.0436304 -0.0385265 0.60811 -0.213843 1 0 0 0 0 0 0 0
320 1 0.1 5.64045 3.93446 0.617747 -0.191464 -0.0166177 0.041778 1.31891 -0.997517 -0.234121 1 0 0 0 0 0 0 0
321 1 0.1 5.62614 4.08336 0.484947 -0.0903858 -0.0806788 -0.0391244 -0.0143644 0.575911 0.536306 1 0 0 0 0 0 0 0
322 1 0.1 5.73876 4.22826 0.568201 -0.0962369 -0.0872384 0.0204039 -0.224237 -0.387161 -1.95798 1 0 0 0 0 0 0 0
323 1 0.1 5.97342 4.86181 0.562746 -0.000850371 0.0012797 0.00223923 0.0302211 0.0436348 -0.0198431 1 0 0 0 0 0 0 0
324 1 0.1 6.34516 5.32284 0.548098 4.44683e-05 -7.30849e-06 -0.000537352 0.00327626 0.00562728 -0.000924106 1 0 0 0 0 0 0 0
325 1 0.1 6.39994 0.831451 0.436589 -0.0116307 0.00781817 -0.00439416 -0.0252653 0.0885354 0.12395 1 0 0 0 0 0 0 0
326 1 0.1 6.29815 0.970629 0.537732 -0.00613046 0.00511073 0.00484677 0.0181118 0.101775 -0.064399 1 0 0 0 0 0 0 0
327 1 0.1 5.97917 1.85023 0.423569 -0.0412588 0.0659525 -0.0290564 0.00478397 -0.165505 1.09123 1 0 0 0 0 0 0 0
328 1 0.1 5.91571 1.98629 0.572201 0.0598507 -0.0226123 -0.0280591 -0.785943 -0.322364 0.506288 1 0 0 0 0 0 0 0
329 1 0.1 5.74179 2.08378 0.582574 -0.0407571 -0.139288 -0.0399021 -1.53119 1.69349 1.13104 1 0 0 0 0 0 0 0
330 1 0.1 5.53356 1.96953 0.485311 0.020468 -0.0319185 -0.0099527 0.057044 0.19026 -0.008526 1 0 0 0 0 0 0 0
331 1 0.1 5.51387 2.08905 0.642839 0.0610062 -0.0375646 -0.00452912 0.0721432 0.265663 0.0180383 1 0 0 0 0 0 0 0
332 1 0.1 5.65289 2.23128 0.481635 -0.189127 -0.175355 0.0400409 1.39176 0.426348 -0.895211 1 0 0 0 0 0 0 0
333 1 0.1 5.62564 2.84191 0.405718 0.177073 0.10792 -0.00582812 0.060536 0.75946 1.04359 1 0 0 0 0 0 0 0
334 1 0.1 5.43865 2.78685 0.600248 0.396842 -0.0892969 -0.12982 1.42386 1.98196 1.64313 1 0 0 0 0 0 0 0
335 1 0.1 5.14857 2.6975 0.59982 -0.124703 -0.0563405 -0.118839 -1.51139 0.457919 0.306866 1 0 0 0 0 0 0 0
336 1 0.1 4.93335 2.8065 0.569101 0.127917 -0.154491 0.705261 1.3672 -8.19553 3.54293 1 0 0 0 0 0 0 0
337 1 0.1 4.77379 2.96998 0.565921 0.096875 -0.123368 -0.00529413 -1.36952 0.160001 2.18288 1 0 0 0 0 0 0 0
338 1 0.1 4.88228 3.15421 0.518755 0.111389 -0.0513729 -0.0624931 -1.52428 -1.72818 -0.0787235 1 0 0 0 0 0 0 0
339 1 0.1 5.06943 3.18266 0.579666 0.0811192 -0.0360389 0.061764 -0.0733742 0.215448 -0.317959 1 0 0 0 0 0 0 0
340 1 0.1 5.25494 3.25045 0.595939 0.099563 -0.0294453 0.0296607 0.723995 0.355582 0.366134 1 0 0 0 0 0 0 0
341 1 0.1 5.30457 3.46442 0.586685 0.0390342 -0.0548912 0.032014 0.101887 -0.0280895 -0.486005 1 0 0 0 0 0 0 0
342 1 0.1 5.49203 3.53339 0.592482 0.0306825 -0.0313184 0.0200159 -0.24039 0.113097 0.73421 1 0 0 0 0 0 0 0
343 1 0.1 5.37132 3.69012 0.519334 -0.0425418 -0.037949 0.0332553 -0.0852105 -0.0533033 0.692116 1 0 0 0 0 0 0 0
344 1 0.1 5.49446 3.84687 0.513307 -0.169181 0.0350522 -0.0189734 0.316157 1.11074 0.738182 1 0 0 0 0 0 0 0
345 1 0.1 5.60791 3.6959 0.581093 -0.0852388 0.0444957 -0.0503027 -0.00885161 0.734197 0.626374 1 0 0 0 0 0 0 0
346 1 0.1 5.92469 3.88095 0.607789 -0.0185839 0.0498464 -0.0148631 -0.895228 -0.673161 -0.397417 1 0 0 0 0 0 0 0
347 1 0.1 5.80737 4.04163 0.587871 -0.301871 -0.165632 -0.0495594 0.836445 0.709306 -0.255975 1 0 0 0 0 0 0 0
348 1 0.1 6.15515 4.89216 0.454455 -0.000679261 0.00197654 -0.000240415 0.00212655 0.0297625 -0.0174216 1 0 0 0 0 0 0 0
349 1 0.1 6.2955 5.03453 0.451182 0.00026688 0.000664208 -0.00131274 0.00804742 -0.000673628 0.0103825 1 0 0 0 0 0 0 0
350 1 0.1 6.30691 1.2036 0.41696 -0.0278501 0.0398044 0.00512661 -0.303354 -0.138354 0.577973 1 0 0 0 0 0 0 0
351 1 0.1 6.1603 1.40602 0.562454 -0.00168285 0.00633049 -0.0320815 0.196094 -0.774254 0.159101 1 0 0 0 0 0 0 0
352 1 0.1 6.01547 1.50147 0.661854 0.00644592 0.0098725 -0.0302814 0.0667401 0.645735 -0.42499 1 0 0 0 0 0 0 0
353 1 0.1 6.10794 1.96888 0.520129 0.0670688 -0.0596502 -0.0216667 0.514331 0.191218 -0.931541 1 0 0 0 0 0 0 0
354 1 0.1 5.6556 2.79995 0.210864 0.0447094 -0.0523162 -0.106534 1.46145 1.4703 -0.374233 1 0 0 0 0 0 0 0
355 1 0.1 5.856 2.23976 0.524202 -0.905935 -0.422018 -0.253395 0.279707 2.55205 -3.42694 1 0 0 0 0 0 0 0
356 1 0.1 5.63756 2.38488 0.608675 -0.199326 -0.0554312 -0.159548 -1.64558 1.6772 0.520036 1 0 0 0 0 0 0 0
357 1 0.1 5.40049 2.42122 0.561788 0.109797 -0.219935 0.0616761 -1.11624 1.05212 -1.19196 1 0 0 0 0 0 0 0
358 1 0.1 5.5235 2.59864 0.502851 0.355045 -0.149479 -0.0420961 0.808079 -0.127893 1.42689 1 0 0 0 0 0 0 0
359 1 0.1 5.4983 3.12835 0.4831 0.145244 0.019925 0.0355991 0.274302 0.0201087 0.319366 1 0 0 0 0 0 0 0
360 1 0.1 5.49035 2.94486 0.291596 0.390459 -0.0714887 0.0309216 -0.776868 -2.10266 -1.11734 1 0 0 0 0 0 0 0
361 1 0.1 5.27915 2.79543 0.480367 0.193256 -0.19353 0.03372 0.492276 0.417053 1.10585 1 0 0 0 0 0 0 0
362 1 0.1 4.99506 2.99825 0.587931 0.128663 -0.0832731 0.0593188 -0.240055 -0.87981 0.82792 1 0 0 0 0 0 0 0
363 1 0.1 5.232 3.03014 0.61538 0.21504 0.0309589 0.067753 -0.0188312 -0.881297 0.380321 1 0 0 0 0 0 0 0
364 1 0.1 5.45086 3.2846 0.597289 0.0908189 0.0144914 0.0278179 -0.283622 -0.324876 0.105048 1 0 0 0 0 0 0 0
365 1 0.1 5.39573 2.95748 0.506145 0.163636 -0.0508209 0.0473247 0.15855 -0.0560471 0.106162 1 0 0 0 0 0 0 0
366 1 0.1 5.64124 3.34278 0.586594 0.0896736 0.000558883 -0.0267438 -0.0218533 0.903596 -0.288816 1 0 0 0 0 0 0 0
367 1 0.1 5.81515 3.04735 0.689098 0.16797 -0.0470759 -0.146145 0.406903 1.44193 -1.00841 1 0 0 0 0 0 0 0
368 1 0.1 5.65364 3.24693 0.411739 0.148938 0.00750909 -0.0376297 0.0652768 -0.886854 1.54776 1 0 0 0 0 0 0 0
369 1 0.1 5.80431 3.45438 0.616876 0.0440237 0.0579848 -0.0034252 -0.0152281 -1.04234 0.996779 1 0 0 0 0 0 0 0
370 1 0.1 5.77372 2.91787 0.516538 0.195592 0.0529124 -0.000985606 1.02448 -0.226996 0.629915 1 0 0 0 0 0 0 0
371 1 0.1 5.89725 3.75762 0.762518 -0.0776316 0.0799744 0.000868068 0.497861 -0.0107327 0.336761 1 0 0 0 0 0 0 0
372 1 0.1 5.92762 4.31063 0.569249 -0.00885288 -0.0537952 0.00659826 0.121807 0.0183849 -0.358064 1 0 0 0 0 0 0 0
373 1 0.1 6.07821 4.5735 0.575965 -0.0127896 -0.0116855 -0.0122884 -0.106553 0.442778 -0.0406053 1 0 0 0 0 0 0 0
374 1 0.1 6.1822 4.74422 0.596816 0.00641837 -0.0221505 0.00308325 0.27356 0.0979986 0.687276 1 0 0 0 0 0 0 0
375 1 0.1 6.0421 0.985035 0.738259 -0.00857302 0.00828057 0.00213867 0.0180815 -0.0215337 0.100661 1 0 0 0 0 0 0 0
376 1 0.1 5.89072 1.13477 0.761238 -0.00766217 0.00688085 -0.00524562 -0.0682709 0.0133877 0.0382341 1 0 0 0 0 0 0 0
377 1 0.1 5.75581 1.27476 0.716612 -0.0098189 0.00872114 -0.00431194 -0.0281018 0.0752981 0.11136 1 0 0 0 0 0 0 0
378 1 0.1 5.60452 1.4173 0.749929 -0.00846248 0.00624513 0.00815939 0.0584018 -0.051239 0.109418 1 0 0 0 0 0 0 0
379 1 0.1 5.45121 1.56997 0.74083 -0.407366 0.256253 0.0499074 -0.0838418 -0.481 2.1285 1 0 0 0 0 0 0 0
380 1 0.1 5.17721 1.84382 0.750602 -0.476043 0.357019 -0.0826932 0.27243 0.0187803 -0.0171979 1 0 0 0 0 0 0 0
381 1 0.1 5.02747 2.04125 0.750137 -0.983428 0.287577 -0.211404 2.72113 0.818839 -0.837416 1 0 0 0 0 0 0 0
382 1 0.1 4.71979 2.30154 0.749995 0.00163154 -0.00223454 -0.00305068 -0.0167947 0.0205732 -0.0255038 1 0 0 0 0 0 0 0
383 1 0.1 4.58044 2.44419 0.764288 0.00668985 0.00372673 -0.00213575 -0.27378 -0.557383 -0.313237 1 0 0 0 0 0 0 0
384 1 0.1 4.44862 2.58413 0.765807 0.0109949 -0.00716173 -0.00121128 0.430069 0.169248 0.3749 1 0 0 0 0 0 0 0
385 1 0.1 4.33464 2.68626 0.648648 -0.00681734 -0.0222683 0.0216728 -0.247404 -0.0743958 0.00388104 1 0 0 0 0 0 0 0
386 1 0.1 4.21101 2.81267 0.749961 0.000427368 -0.000237149 -0.000535068 -0.00348226 0.0030309 -0.00545168 1 0 0 0 0 0 0 0
387 1 0.1 4.29283 2.99477 0.758092 0.00227355 -0.000297077 -0.00527516 -0.0296752 0.033189 -0.0073796 1 0 0 0 0 0 0 0
388 1 0.1 4.19524 3.16906 0.762529 0.00621597 -0.00142647 0.00284981 0.0218099 0.0801243 0.00267118 1 0 0 0 0 0 0 0
389 1 0.1 4.33453 3.31197 0.750419 -0.00111378 0.00293624 -0.0120212 0.0602195 0.125194 0.0233132 1 0 0 0 0 0 0 0
390 1 0.1 4.49918 3.47032 0.723879 -0.0121649 -0.0176128 0.0234839 -0.40821 0.24379 -0.300663 1 0 0 0 0 0 0 0
391 1 0.1 4.65163 3.62831 0.760908 0.018909 0.0142538 0.0400057 0.591114 -0.602703 0.137722 1 0 0 0 0 0 0 0
392 1 0.1 4.79992 3.78271 0.749919 -0.083704 -0.112784 0.0423362 0.0586497 -0.552467 -1.36138 1 0 0 0 0 0 0 0
393 1 0.1 5.08681 4.06624 0.764962 -0.00285809 -0.015027 0.000796256 0.0557211 -0.0602332 0.0578598 1 0 0 0 0 0 0 0
394 1 0.1 5.23194 4.20211 0.762491 0.0257949 -0.0493472 -0.00316168 0.799957 0.478705 -0.0930686 1 0 0 0 0 0 0 0
395 1 0.1 5.51101 4.49328 0.759441 0.00507278 0.00203557 -0.00410239 -0.0591725 0.0522782 -0.218598 1 0 0 0 0 0 0 0
396 1 0.1 5.66316 4.62106 0.755487 0.0282502 -0.0226807 -0.0114742 0.14059 0.0187279 0.38473 1 0 0 0 0 0 0 0
397 1 0.1 5.79163 4.77321 0.755007 0.0012993 0.00114095 0.000903938 0.0181958 -0.0217115 -0.0358533 1 0 0 0 0 0 0 0
398 1 0.1 5.93183 4.9147 0.750873 0.00131554 0.000146773 0.00247154 -0.0285465 -0.0126965 0.0305238 1 0 0 0 0 0 0 0
399 1 0.1 6.07275 5.05578 0.750265 -0.000251622 0.000496724 0.000128411 -0.0144043 -0.00936257 -0.00687923 1 0 0 0 0 0 0 0
400 1 0.1 6.32682 0.6992 0.757112 -0.000161437 0.000479649 0.00047245 0.015605 -0.0082125 0.0095675 1 0 0 0 0 0 0 0
401 1 0.1 6.07324 1.1712 0.674007 -0.0163057 0.0130975 -0.00264642 -0.0642208 -0.0179067 -0.00692036 1 0 0 0 0 0 0 0
402 1 0.1 5.95655 1.32267 0.72898 -0.0178746 0.0206568 -0.0159096 -0.0506875 -0.0553819 -0.0135857 1 0 0 0 0 0 0 0
403 1 0.1 5.81546 1.45868 0.763186 -0.0177674 0.0171165 -0.00518991 0.099465 0.150058 0.0285311 1 0 0 0 0 0 0 0
404 1 0.1 5.67792 1.60292 0.759714 -0.0305128 0.0131891 0.00289418 -0.124843 0.0688142 0.117144 1 0 0 0 0 0 0 0
405 1 0.1 5.35041 1.74471 0.759677 -0.690335 -0.0362838 -0.0343632 0.395076 -0.798138 -3.36641 1 0 0 0 0 0 0 0
406 1 0.1 5.24609 2.03082 0.762733 -0.174094 0.233891 0.0746887 -0.251448 -1.48499 -1.23508 1 0 0 0 0 0 0 0
407 1 0.1 5.19375 2.23295 0.762721 0.0726663 -0.0874209 0.000784723 -0.287934 -0.0160472 0.230265 1 0 0 0 0 0 0 0
408 1 0.1 5.06385 2.2786 0.620684 0.0614569 -0.028945 0.0485977 0.20333 0.678997 -1.31548 1 0 0 0 0 0 0 0
409 1 0.1 4.9741 2.374 0.768421 0.121571 0.0311401 0.00732878 0.021297 -1.14596 -0.450156 1 0 0 0 0 0 0 0
410 1 0.1 4.88535 2.59594 0.7642 0.0967252 0.00392682 0.0129025 -0.122937 -0.791177 -0.243484 1 0 0 0 0 0 0 0
411 1 0.1 4.68078 2.78711 0.764936 0.285806 -0.0847712 -0.0298146 -0.990446 -2.90944 1.72931 1 0 0 0 0 0 0 0
412 1 0.1 4.59417 2.82692 0.595569 0.249311 -0.235569 -0.110157 1.61365 1.91437 3.18895 1 0 0 0 0 0 0 0
413 1 0.1 4.43693 3.1333 0.762301 -0.287793 0.300874 0.000726806 -0.171665 -0.321047 4.17088 1 0 0 0 0 0 0 0
414 1 0.1 4.57027 3.28893 0.764487 0.0391218 -0.0256436 -0.0164816 0.621476 0.556034 0.584453 1 0 0 0 0 0 0 0
415 1 0.1 4.70524 3.43591 0.762257 0.0187149 0.00838432 -0.0189797 0.117805 0.248138 -0.2149 1 0 0 0 0 0 0 0
416 1 0.1 4.84821 3.57517 0.763059 0.0264929 0.0133765 -0.00544277 0.0575809 -0.170039 0.324537 1 0 0 0 0 0 0 0
417 1 0.1 4.94704 3.92824 0.762938 -0.00353534 -0.00979 0.000440909 -0.276169 0.0437958 -0.0880648 1 0 0 0 0 0 0 0
418 1 0.1 5.12177 3.83244 0.765978 -0.0278927 -0.0585989 0.00936054 0.209979 -0.738193 -0.33213 1 0 0 0 0 0 0 0
419 1 0.1 5.36796 4.34788 0.762537 -0.00706512 -0.0120455 -0.00199492 -0.28376 0.151991 0.185967 1 0 0 0 0 0 0 0
420 1 0.1 5.57488 4.30128 0.759949 -0.243222 0.212654 -0.0269224 0.00590786 0.251849 3.34068 1 0 0 0 0 0 0 0
421 1 0.1 5.72605 4.43214 0.762772 -0.0191467 -0.0422537 0.000770667 -0.372599 0.135367 -1.08176 1 0 0 0 0 0 0 0
422 1 0.1 5.8683 4.5719 0.762393 -0.0168888 -0.0474532 0.00752103 0.478902 -0.0832083 1.11794 1 0 0 0 0 0 0 0
423 1 0.1 5.99596 4.72569 0.761837 -0.0553128 -0.0170863 0.0297131 -0.256449 0.0052298 -0.625164 1 0 0 0 0 0 0 0
424 1 0.1 6.21441 5.19665 0.749959 0.00245734 -0.00225649 -0.000973307 0.0114039 0.0192873 -0.0324269 1 0 0 0 0 0 0 0
425 1 0.1 6.46698 0.556781 0.750035 -4.92497e-05 0.000125617 -7.20097e-05 0.0063199 0.00691616 -0.00298198 1 0 0 0 0 0 0 0
426 1 0.1 6.22275 1.06822 0.75768 -0.0168869 0.0244476 0.0119735 -0.0516009 -0.100967 0.114289 1 0 0 0 0 0 0 0
427 1 0.1 6.1516 1.35061 0.762512 -0.0213577 0.0240066 -0.000357285 0.173571 -0.0864023 0.0657353 1 0 0 0 0 0 0 0
428 1 0.1 5.9452 1.65902 0.762545 -0.0124176 -0.0221116 0.00272362 0.0854032 -0.0348628 1.09308 1 0 0 0 0 0 0 0
429 1 0.1 5.78964 1.78405 0.762548 -0.0369607 -0.0593957 -0.000713624 0.0938608 -0.15978 -0.656427 1 0 0 0 0 0 0 0
430 1 0.1 5.59012 1.78158 0.763145 -0.041536 0.00329844 0.00486671 -0.0206451 0.222404 -0.0396531 1 0 0 0 0 0 0 0
431 1 0.1 5.44397 1.93827 0.762955 -0.0351401 0.0231413 -0.00019022 0.249023 0.339847 -0.155571 1 0 0 0 0 0 0 0
432 1 0.1 5.38509 2.18101 0.76326 0.0778319 -0.0509017 0.00775075 -0.0406643 -0.0101837 0.0689253 1 0 0 0 0 0 0 0
433 1 0.1 5.38356 2.3963 0.75932 0.10573 -0.0403547 0.0869794 0.04558 0.231365 -0.0479185 1 0 0 0 0 0 0 0
434 1 0.1 5.28126 2.56703 0.763054 0.193587 0.0200749 -0.000294407 0.198179 -2.11261 -1.06484 1 0 0 0 0 0 0 0
435 1 0.1 5.08646 2.5352 0.742682 0.149122 0.0472556 -0.0621165 -0.657991 1.47056 0.527454 1 0 0 0 0 0 0 0
436 1 0.1 4.739 2.64095 0.641856 0.21763 -0.0418788 -0.0965365 -0.0339647 -1.09392 0.467162 1 0 0 0 0 0 0 0
437 1 0.1 4.76015 2.96828 0.765373 0.0673451 0.011154 0.00763369 0.0454388 -0.550094 1.40064 1 0 0 0 0 0 0 0
438 1 0.1 4.70645 3.15459 0.727161 0.00860817 -0.0579308 -0.166284 -1.16595 -1.14294 -0.73547 1 0 0 0 0 0 0 0
439 1 0.1 4.86551 3.26376 0.763742 -0.00649122 -0.0442382 -0.0216024 0.188524 -0.938249 0.550426 1 0 0 0 0 0 0 0
440 1 0.1 5.02381 3.50723 0.695802 -0.0265159 -0.0720839 -0.0629492 -0.09818 0.73405 -1.21238 1 0 0 0 0 0 0 0
441 1 0.1 4.98384 3.70994 0.708588 0.000676254 0.00302127 -0.140076 -1.01399 0.54129 -0.0319165 1 0 0 0 0 0 0 0
442 1 0.1 5.1683 3.63991 0.740437 -0.0315812 -0.0517915 -0.0681032 -0.384148 -0.675472 0.17029 1 0 0 0 0 0 0 0
443 1 0.1 5.28693 4.01004 0.761505 -0.201023 -0.128756 0.00286493 -0.162879 -1.73803 -2.12189 1 0 0 0 0 0 0 0
444 1 0.1 5.43374 4.15976 0.762813 -0.0174393 -0.0135351 0.00146899 0.0585677 0.215505 -0.168514 1 0 0 0 0 0 0 0
445 1 0.1 5.62022 4.08914 0.753557 -0.0172075 -0.00854314 -0.0285515 -0.094304 0.120343 0.172196 1 0 0 0 0 0 0 0
446 1 0.1 5.78245 4.20527 0.762435 0.0227838 -0.0672453 -0.0034092 0.373682 -0.231057 -0.856297 1 0 0 0 0 0 0 0
447 1 0.1 5.91145 4.35788 0.762686 -0.0145761 -0.0363131 0.00132488 -0.373926 0.15943 1.31419 1 0 0 0 0 0 0 0
448 1 0.1 6.13882 4.86773 0.762519 -0.008697 -0.00224267 5.34566e-05 -0.00950958 0.0437129 -0.123985 1 0 0 0 0 0 0 0
449 1 0.1 6.35547 5.33822 0.750027 3.38053e-05 5.09752e-05 -0.000123715 0.00348448 -0.00327737 0.0214889 1 0 0 0 0 0 0 0
450 1 0.1 6.40819 0.845668 0.648219 -0.00227705 0.00130316 -0.00122144 -0.0236833 0.0237849 0.00463297 1 0 0 0 0 0 0 0
451 1 0.1 6.18119 0.842325 0.750618 -0.00621095 0.00831844 0.00210131 0.0258992 0.0114663 0.0573346 1 0 0 0 0 0 0 0
452 1 0.1 6.26945 1.50004 0.701136 -0.0437858 0.0352915 -0.0160909 -0.337948 0.295472 -0.125275 1 0 0 0 0 0 0 0
453 1 0.1 6.07796 1.83527 0.762548 -0.0271065 0.00658245 0.00404858 0.231953 0.120455 -0.251666 1 0 0 0 0 0 0 0
454 1 0.1 6.00119 2.01981 0.762383 0.0193813 0.0173603 -0.0221796 -1.21255 -0.851692 0.875376 1 0 0 0 0 0 0 0
455 1 0.1 5.8048 1.98293 0.753817 0.0502249 -0.060574 0.0159591 0.0581374 0.0682568 -0.181974 1 0 0 0 0 0 0 0
456 1 0.1 5.66855 2.12857 0.762785 0.076831 -0.0345316 -0.00806228 -0.190228 -0.181427 -0.176621 1 0 0 0 0 0 0 0
457 1 0.1 5.55191 2.29027 0.762579 0.0882767 -0.0289988 0.00903297 0.409717 0.302612 0.118898 1 0 0 0 0 0 0 0
458 1 0.1 5.56273 2.48996 0.762515 0.0965557 -0.0299565 0.00851235 0.050953 1.19949 -1.99914 1 0 0 0 0 0 0 0
459 1 0.1 5.45795 2.66016 0.755477 0.193547 0.032797 0.121674 -0.3273 0.668765 1.18666 1 0 0 0 0 0 0 0
460 1 0.1 5.25658 2.76494 0.76255 0.206011 0.03401 -0.00423575 0.0918822 -0.704443 0.989341 1 0 0 0 0 0 0 0
461 1 0.1 5.03633 2.72645 0.762744 0.0860464 0.0150958 0.0105229 0.73551 1.18771 0.39209 1 0 0 0 0 0 0 0
462 1 0.1 4.94622 2.90296 0.755237 0.0822111 -0.000334546 0.0811205 -0.734582 0.140025 -0.314047 1 0 0 0 0 0 0 0
463 1 0.1 4.97734 3.09922 0.762911 0.0705727 0.0071127 0.00749296 0.0330365 -0.131356 0.377352 1 0 0 0 0 0 0 0
464 1 0.1 5.05643 3.32166 0.762702 -0.00226714 -0.0416953 0.000788751 -0.399654 -0.00934493 -0.262312 1 0 0 0 0 0 0 0
465 1 0.1 5.21227 3.44626 0.762606 -0.00182087 -0.0392332 0.00324751 -0.145796 -0.433141 0.269509 1 0 0 0 0 0 0 0
466 1 0.1 5.4394 3.40465 0.762538 0.0410278 -0.0011514 -0.00442142 -0.227408 -0.0361504 0.63649 1 0 0 0 0 0 0 0
467 1 0.1 5.35992 3.58801 0.762604 -0.031327 -0.0227133 0.00180724 0.361681 -0.0520743 0.146825 1 0 0 0 0 0 0 0
468 1 0.1 5.45056 3.75107 0.691357 -0.0475235 -0.000603225 0.021456 -0.0458283 0.206871 -0.043348 1 0 0 0 0 0 0 0
469 1 0.1 5.49994 3.93012 0.762837 -0.0132065 -0.00669918 0.000950109 -0.0303309 0.153847 -0.171871 1 0 0 0 0 0 0 0
470 1 0.1 5.77719 3.94939 0.762631 -0.154215 -0.106168 0.0061417 -1.01613 1.46939 -0.681058 1 0 0 0 0 0 0 0
471 1 0.1 5.93335 4.07418 0.758105 -0.0923077 -0.207904 -0.0489276 0.74809 -0.156322 -0.986645 1 0 0 0 0 0 0 0
472 1 0.1 6.05068 4.22734 0.703005 -0.116119 -0.161092 0.039013 -0.399078 -0.353626 -1.67966 1 0 0 0 0 0 0 0
473 1 0.1 6.27773 5.00581 0.722911 -0.00593155 -0.00847635 -0.011161 -0.0204918 0.0880706 0.0432068 1 0 0 0 0 0 0 0
474 1 0.1 6.38653 5.15928 0.655336 -0.00548561 -0.0094908 -0.0127537 0.123676 0.0874181 -0.126581 1 0 0 0 0 0 0 0
475 1 0.1 6.41383 1.00968 0.762511 -0.0238419 0.00107432 4.97479e-05 0.0104994 0.23815 -0.36011 1 0 0 0 0 0 0 0
476 1 0.1 6.25327 1.2382 0.618684 -0.0125581 0.0122238 0.00035976 -0.090705 -0.0834037 0.0311005 1 0 0 0 0 0 0 0
477 1 0.1 5.83315 2.43101 0.578053 -0.0396946 -0.370308 -0.0596756 1.23227 1.60714 -4.46339 1 0 0 0 0 0 0 0
478 1 0.1 6.14444 1.64352 0.762504 -0.00536459 0.0640678 -0.00219567 0.180708 0.0857719 -0.243819 1 0 0 0 0 0 0 0
479 1 0.1 5.6298 3.03403 0.76288 0.211113 0.00636348 -0.00677956 0.0146743 0.18003 0.222912 1 0 0 0 0 0 0 0
480 1 0.1 5.87453 2.1652 0.710106 -0.0102473 -0.0560117 -0.134971 -0.968656 1.62541 -0.721564 1 0 0 0 0 0 0 0
481 1 0.1 5.75022 2.31262 0.762027 0.0967195 -0.00248386 -0.0477263 0.478348 0.354168 0.0289361 1 0 0 0 0 0 0 0
482 1 0.1 5.77826 2.51052 0.761471 0.12965 -0.00318176 -0.0180186 -0.104479 0.174501 -0.333629 1 0 0 0 0 0 0 0
483 1 0.1 5.64759 2.77634 0.593469 0.0827151 -0.0784925 -0.0585239 0.368677 0.269721 -0.613071 1 0 0 0 0 0 0 0
484 1 0.1 5.58588 2.96457 0.566574 0.175728 -0.0359447 0.0283238 -0.0463258 0.287636 0.0566504 1 0 0 0 0 0 0 0
485 1 0.1 5.52479 2.86407 0.762666 0.267902 -0.0486796 -0.0174774 -0.450143 -2.76705 0.708619 1 0 0 0 0 0 0 0
486 1 0.1 5.34115 2.94629 0.762995 0.131763 -0.0403236 -0.00626687 0.0573827 -0.632724 -0.377155 1 0 0 0 0 0 0 0
487 1 0.1 5.14297 2.92884 0.762596 0.11186 -0.018701 -0.0067178 -0.0330487 0.670315 0.10209 1 0 0 0 0 0 0 0
488 1 0.1 5.16856 3.15595 0.760476 0.0812652 -0.00729836 -0.000824212 -0.200292 0.18267 -0.526649 1 0 0 0 0 0 0 0
489 1 0.1 5.35653 3.22284 0.763489 0.10277 -0.0438589 0.0114282 -0.249534 -0.477615 0.0942436 1 0 0 0 0 0 0 0
490 1 0.1 5.45851 3.07794 0.670935 0.169468 -0.0299277 0.0301673 0.0759752 0.0720903 0.352916 1 0 0 0 0 0 0 0
491 1 0.1 5.55637 3.22659 0.762507 0.114983 -0.0122852 6.01925e-05 0.0339481 0.443243 0.216736 1 0 0 0 0 0 0 0
492 1 0.1 5.7532 3.25448 0.740749 0.117314 0.042845 -0.0388119 0.277786 0.494267 0.219082 1 0 0 0 0 0 0 0
493 1 0.1 5.5737 3.61054 0.76251 -0.196433 -0.14181 -0.00030668 0.151714 0.183515 -1.30341 1 0 0 0 0 0 0 0
494 1 0.1 5.64827 3.79613 0.762255 -0.144509 -0.160941 -0.029062 -0.819796 1.06298 -1.62083 1 0 0 0 0 0 0 0
495 1 0.1 5.66554 3.43286 0.762606 0.0247318 -0.00989764 -4.71808e-05 -0.0825775 -0.262175 0.973141 1 0 0 0 0 0 0 0
496 1 0.1 5.78823 3.59023 0.76274 -0.0504119 0.057279 -0.006647 -0.0640359 0.65188 0.00113768 1 0 0 0 0 0 0 0
497 1 0.1 6.05633 4.50491 0.762511 0.0048649 0.0135821 -0.000255427 -0.0927941 0.026459 -0.547979 1 0 0 0 0 0 0 0
498 1 0.1 6.20668 4.63635 0.762806 0.0329111 -0.0185118 0.000366023 -0.203835 -0.301956 0.115534 1 0 0 0 0 0 0 0
499 1 0.1 6.32562 4.79688 0.762502 -0.00445564 0.00935013 3.98612e-05 -0.0317915 -0.0272114 0.309245 1 0 0 0 0 0 0 0
