500
0 1 0.1 6.04068 0.982918 0.150062 0.00134208 -0.00060654 0.000126161 0.00372711 0.00111281 -0.00523063 1 0 0 0 0 0 0 0
1 1 0.1 5.89953 1.12409 0.149928 0.00324823 -0.00270539 0.00127261 0.00958248 0.00257666 -0.00431668 1 0 0 0 0 0 0 0
2 1 0.1 5.75876 1.26545 0.149427 0.00588597 -0.00550622 0.00315728 0.0113521 0.000631796 0.00517705 1 0 0 0 0 0 0 0
3 1 0.1 5.61767 1.4064 0.1485 0.007192 -0.00821142 0.00435344 0.00944069 0.000691214 0.000625006 1 0 0 0 0 0 0 0
4 1 0.1 5.47818 1.54835 0.15831 0.0100063 -0.00855997 0.00283639 -0.0310261 0.000159022 -0.0203121 1 0 0 0 0 0 0 0
5 1 0.1 5.33823 1.68864 0.138329 0.00946822 -0.0109126 0.000154022 -0.011444 0.0033239 0.0398754 1 0 0 0 0 0 0 0
6 1 0.1 5.1969 1.82825 0.144241 0.0113569 -0.0126505 0.00611803 0.0899471 -0.0193859 -0.0189062 1 0 0 0 0 0 0 0
7 1 0.1 5.01078 2.00758 0.149034 -0.0226123 0.00851958 0.0582628 0.246703 -0.553539 0.172845 1 0 0 0 0 0 0 0
8 1 0.1 4.87031 2.1498 0.143808 -0.0158633 0.012339 0.0274737 0.0239036 -0.198399 -0.044688 1 0 0 0 0 0 0 0
9 1 0.1 4.73598 2.29768 0.136006 -0.000770603 0.0226548 -0.000628779 -0.227827 0.0196383 -0.0721909 1 0 0 0 0 0 0 0
10 1 0.1 4.44418 2.57439 0.135622 -0.00030369 -0.00418013 0.00250258 0.359165 -0.0021593 -0.085493 1 0 0 0 0 0 0 0
11 1 0.1 4.29218 2.73007 0.149944 -0.000392397 0.000323626 -0.0010034 -0.0180089 -0.00110576 0.00499606 1 0 0 0 0 0 0 0
12 1 0.1 4.19043 2.90169 0.137227 -0.000725407 -0.000606338 -0.00162624 0.0183453 -0.00429839 -0.00148148 1 0 0 0 0 0 0 0
13 1 0.1 4.18748 3.10166 0.149978 0.000156646 0.000569241 2.24021e-05 0.000247745 -0.000421631 0.00532583 1 0 0 0 0 0 0 0
14 1 0.1 4.29539 3.26959 0.137962 0.000269026 0.0005161 0.000511179 -3.61197e-05 -0.00805296 0.00613204 1 0 0 0 0 0 0 0
15 1 0.1 4.45062 3.43604 0.149908 -0.00663301 -0.00380783 0.00126512 0.000274326 -0.0033133 -0.0110935 1 0 0 0 0 0 0 0
16 1 0.1 4.59202 3.57743 0.150155 -0.00397639 -0.00490758 0.000248585 -0.0143171 0.00875873 -0.033647 1 0 0 0 0 0 0 0
17 1 0.1 4.78064 3.75498 0.135852 0.0105172 0.0118619 -0.00561944 0.116356 0.159734 -0.0493064 1 0 0 0 0 0 0 0
18 1 0.1 5.0178 4.00055 0.141018 -0.000592002 0.00086915 0.00213496 -0.0634432 -0.0109764 -0.00240351 1 0 0 0 0 0 0 0
19 1 0.1 5.15755 4.14304 0.149955 -8.1219e-05 2.23983e-06 0.000320576 -0.00910212 -0.00164397 -0.0145485 1 0 0 0 0 0 0 0
20 1 0.1 5.4128 4.27281 0.25216 0.00131615 -0.00316139 0.00100379 0.0701314 -0.00673903 -0.0557995 1 0 0 0 0 0 0 0
21 1 0.1 5.48128 4.4492 0.18763 -0.00297208 -0.002645 -0.00199151 0.00802145 0.0188698 -0.0511716 1 0 0 0 0 0 0 0
22 1 0.1 5.67331 4.41992 0.234763 -0.00225107 -0.00157891 -0.00428897 0.0263949 -0.000274407 0.0709147 1 0 0 0 0 0 0 0
23 1 0.1 5.61574 4.58838 0.137483 -0.0026149 -0.00230139 1.15719e-05 0.0221331 -0.0269115 0.0406289 1 0 0 0 0 0 0 0
24 1 0.1 5.79307 4.77807 0.150104 -0.000757651 -0.0010773 -0.00101882 0.0110207 0.00433104 -0.0146722 1 0 0 0 0 0 0 0
25 1 0.1 6.32349 0.70068 0.1482 0.000472332 -0.000649139 -2.93979e-05 0.000908394 0.00123068 -0.00523202 1 0 0 0 0 0 0 0
26 1 0.1 6.08574 1.23851 0.137147 0.00642728 0.00282624 0.00668685 -0.00935873 0.0229696 -0.00820778 1 0 0 0 0 0 0 0
27 1 0.1 5.90003 1.40729 0.13754 -0.500732 -0.189519 0.00269668 -0.938858 -0.58721 -3.45458 1 0 0 0 0 0 0 0
28 1 0.1 5.84388 1.58023 0.221059 0.0153431 0.00220408 -0.0196735 0.313521 -0.132317 0.43167 1 0 0 0 0 0 0 0
29 1 0.1 5.64973 1.64855 0.137487 0.00706036 -0.00504227 -0.00294122 0.0338785 0.0685283 0.0627497 1 0 0 0 0 0 0 0
30 1 0.1 5.4961 1.76781 0.231898 0.0309697 -0.024399 -0.0271632 -0.0140551 0.300199 -0.0767113 1 0 0 0 0 0 0 0
31 1 0.1 5.3828 1.9028 0.137491 0.0078992 -0.022402 0.000473117 -0.0330732 0.258162 0.0169752 1 0 0 0 0 0 0 0
32 1 0.1 5.22392 2.02403 0.134147 0.00473796 -0.0247306 -0.00277242 -0.246048 0.14535 0.0861253 1 0 0 0 0 0 0 0
33 1 0.1 5.04775 2.25676 0.137461 -0.0100482 -0.0216413 -0.000203246 0.213741 -0.100774 -0.408804 1 0 0 0 0 0 0 0
34 1 0.1 4.90037 2.34827 0.236727 0.00401098 -0.00152563 0.00130715 0.0883714 -0.0609187 -0.0672499 1 0 0 0 0 0 0 0
35 1 0.1 4.70822 2.41326 0.294044 0.00723443 0.0204632 0.00648971 -0.210839 0.294846 0.222803 1 0 0 0 0 0 0 0
36 1 0.1 4.56316 2.73289 0.137049 -0.0099481 0.00544165 0.000908313 -0.0184494 -0.0174169 0.19373 1 0 0 0 0 0 0 0
37 1 0.1 4.42809 2.87955 0.134228 -0.014332 0.0102205 0.00228837 -0.114502 -0.153765 -0.0930173 1 0 0 0 0 0 0 0
38 1 0.1 4.49005 3.0745 0.137461 0.0751936 0.0244959 -0.00878044 -0.264454 1.11192 -0.794805 1 0 0 0 0 0 0 0
39 1 0.1 4.55215 3.26441 0.136566 0.07276 0.0401487 0.00146421 -0.720954 0.932371 0.190635 1 0 0 0 0 0 0 0
40 1 0.1 4.69256 3.40469 0.144631 0.0752855 0.0373503 0.0511581 1.19545 -0.514829 -0.230123 1 0 0 0 0 0 0 0
41 1 0.1 4.84629 3.56981 0.145382 0.00435961 0.0140986 0.0212318 -0.171987 0.451824 -0.0816023 1 0 0 0 0 0 0 0
42 1 0.1 4.97983 3.80569 0.137435 0.0210335 -0.000691555 -0.00019317 0.0769293 0.0561428 0.219675 1 0 0 0 0 0 0 0
43 1 0.1 5.34314 3.93444 0.293514 0.00746738 0.005012 0.00020014 -0.0175602 -0.00590381 -0.0168339 1 0 0 0 0 0 0 0
44 1 0.1 5.34872 4.08628 0.163524 -0.00159271 -0.0111613 -0.0194231 -0.229966 0.280648 -0.117039 1 0 0 0 0 0 0 0
45 1 0.1 5.57336 4.25989 0.136609 0.000119733 -0.00314808 0.000158742 0.0272711 0.00778369 -0.0138214 1 0 0 0 0 0 0 0
46 1 0.1 5.87017 4.29441 0.145437 0.00520482 -0.000961228 -0.000216117 -0.0120567 -0.0739199 -0.0284046 1 0 0 0 0 0 0 0
47 1 0.1 5.9211 4.45422 0.253103 0.00223518 -0.000125761 -0.000212038 -0.00601794 0.000355247 0.0123044 1 0 0 0 0 0 0 0
48 1 0.1 5.81863 4.5804 0.137352 0.00282456 -0.00080015 -0.000463741 -0.00711153 0.000389117 -0.01316 1 0 0 0 0 0 0 0
49 1 0.1 6.0942 5.07239 0.145525 0.000734342 0.000673933 0.000304331 -0.00490897 0.00353888 0.00590812 1 0 0 0 0 0 0 0
50 1 0.1 6.46455 0.55904 0.150019 0.000174967 -0.000378852 -0.0001127 -0.000301259 0.000808524 -0.00118456 1 0 0 0 0 0 0 0
51 1 0.1 6.21266 1.08401 0.13751 0.00394229 -0.000353236 0.00135012 0.0415748 0.0117164 -0.0174049 1 0 0 0 0 0 0 0
52 1 0.1 6.02125 1.61654 0.137196 0.0134456 0.0593103 -0.00165129 -0.00343284 -0.0115581 0.00550886 1 0 0 0 0 0 0 0
53 1 0.1 5.85713 1.76133 0.137462 -0.00142083 0.00400247 -0.00116259 -0.0157527 0.0114047 -0.0056991 1 0 0 0 0 0 0 0
54 1 0.1 5.80869 1.96467 0.137602 -0.641562 0.00138733 0.00482701 -0.685863 -0.638911 -4.70792 1 0 0 0 0 0 0 0
55 1 0.1 5.69691 1.80886 0.24702 -0.000663115 -0.00672456 0.000920726 0.0658292 -0.0169156 0.0553519 1 0 0 0 0 0 0 0
56 1 0.1 5.58299 1.93027 0.136778 -0.00347118 -0.00439418 -0.00259943 -0.0120371 0.0134798 -0.00935712 1 0 0 0 0 0 0 0
57 1 0.1 5.38206 2.14562 0.136945 0.0019605 -0.010125 0.000263399 0.039701 -0.0130973 -0.0266342 1 0 0 0 0 0 0 0
58 1 0.1 5.27967 2.31624 0.136639 0.0392005 0.00990781 -0.00018743 -0.107955 0.450343 -0.340789 1 0 0 0 0 0 0 0
59 1 0.1 5.12648 2.46874 0.14406 -0.0224578 0.00555478 -0.00881299 0.0267516 0.112932 -0.331136 1 0 0 0 0 0 0 0
60 1 0.1 4.87692 2.52098 0.140043 0.0106073 0.00397272 0.0133047 0.0831128 -0.17992 0.144595 1 0 0 0 0 0 0 0
61 1 0.1 4.67884 2.49654 0.132252 0.0153731 -0.0176193 -0.00532873 -0.175277 -0.411639 -0.0398319 1 0 0 0 0 0 0 0
62 1 0.1 4.63097 2.91962 0.13873 0.00919334 -0.000358155 -0.00685314 0.0185732 -0.0498482 -0.198741 1 0 0 0 0 0 0 0
63 1 0.1 4.68508 3.11471 0.155391 0.0639342 0.0587913 0.0191466 0.160425 -1.54376 1.14161 1 0 0 0 0 0 0 0
64 1 0.1 4.83867 3.30451 0.244481 0.00839934 -0.000749691 0.0140774 -0.0789654 0.158313 0.0703604 1 0 0 0 0 0 0 0
65 1 0.1 4.95696 3.41036 0.133207 -0.0190635 0.00341099 -0.00285401 -0.256087 -0.232208 0.0218571 1 0 0 0 0 0 0 0
66 1 0.1 5.03964 3.61631 0.137454 0.00295027 -0.00455257 -0.00149615 0.062819 -0.321876 -0.226939 1 0 0 0 0 0 0 0
67 1 0.1 5.17498 3.80096 0.180464 0.018219 0.0194744 0.00718267 0.332158 -0.143016 0.0798671 1 0 0 0 0 0 0 0
68 1 0.1 5.46129 3.90025 0.137135 0.00342271 -0.000165322 -0.000625836 -0.00240275 0.0398164 -0.0499289 1 0 0 0 0 0 0 0
69 1 0.1 5.53688 3.97626 0.318873 0.00750778 0.00235503 0.00355017 0.0823008 -0.0154156 0.00371122 1 0 0 0 0 0 0 0
70 1 0.1 5.73748 4.14592 0.137417 0.00250547 0.00191629 -0.00062208 -0.0277636 0.0188367 -0.0184685 1 0 0 0 0 0 0 0
71 1 0.1 5.90296 4.05427 0.20218 -0.00169984 0.000448017 0.00783252 0.075531 -0.140276 0.0487468 1 0 0 0 0 0 0 0
72 1 0.1 6.03818 4.18662 0.137436 0.00127531 -0.00713346 -3.18914e-05 0.0793924 0.00839769 -0.0461661 1 0 0 0 0 0 0 0
73 1 0.1 5.97747 4.70184 0.137495 0.000574845 0.00260916 -2.36477e-05 -0.00938463 -0.0160786 0.0517656 1 0 0 0 0 0 0 0
74 1 0.1 6.27521 5.25307 0.151945 1.0779e-05 0.000179853 -0.000183064 -0.000673858 0.00191547 0.000879753 1 0 0 0 0 0 0 0
75 1 0.1 6.5078 0.777392 0.137462 0.00110724 -0.00274225 0.000200458 0.0197591 0.00315665 -0.0107887 1 0 0 0 0 0 0 0
76 1 0.1 6.18192 0.841684 0.149986 0.000535228 -0.000411469 -3.60216e-05 -0.00173125 -0.000826284 -0.00167141 1 0 0 0 0 0 0 0
77 1 0.1 6.025 1.86987 0.139662 -0.176651 0.273272 0.0268784 -0.436762 -0.640603 3.21865 1 0 0 0 0 0 0 0
78 1 0.1 5.92997 2.20931 0.264585 -0.218886 0.164082 0.227878 1.25033 -2.88709 1.29096 1 0 0 0 0 0 0 0
79 1 0.1 5.85839 2.34703 0.137492 0.0497879 0.0731557 0.00103394 -0.280843 0.464523 0.509802 1 0 0 0 0 0 0 0
80 1 0.1 5.78088 2.1627 0.139807 0.00216577 0.0929268 -0.0128753 0.153707 0.112108 0.832289 1 0 0 0 0 0 0 0
81 1 0.1 5.58139 2.15149 0.13729 0.00395462 -0.00047263 -0.000267065 -0.0135324 0.0242024 0.110419 1 0 0 0 0 0 0 0
82 1 0.1 5.47923 2.32347 0.137477 0.0412655 -0.0379667 0.000951851 0.0660655 -0.486268 -0.131741 1 0 0 0 0 0 0 0
83 1 0.1 5.51078 2.50142 0.223104 0.0123677 -0.0487331 0.0290198 -0.0296364 -0.742414 -0.914302 1 0 0 0 0 0 0 0
84 1 0.1 5.32864 2.50898 0.1412 0.0376186 0.00889275 -0.0160369 0.125418 0.222587 0.356979 1 0 0 0 0 0 0 0
85 1 0.1 5.05797 2.65223 0.135386 0.01502 0.0118934 -0.00621372 0.22255 0.239799 -0.00156926 1 0 0 0 0 0 0 0
86 1 0.1 4.75674 2.67991 0.133621 -0.00101102 -0.00669253 -0.0028705 0.221469 -0.102358 -0.0115047 1 0 0 0 0 0 0 0
87 1 0.1 4.82493 2.96327 0.137114 0.00986025 0.000779638 0.00147477 0.0367336 -0.0508759 -0.00777285 1 0 0 0 0 0 0 0
88 1 0.1 4.89946 3.14642 0.141944 0.00745972 0.00212237 0.00946568 -0.015246 -0.048348 0.0161175 1 0 0 0 0 0 0 0
89 1 0.1 5.07481 3.23659 0.136652 0.00517158 -0.00285191 -0.00307424 -0.0649102 0.147307 -0.0489877 1 0 0 0 0 0 0 0
90 1 0.1 5.16578 3.41433 0.139205 0.00341427 -0.00339004 -0.000702235 0.740589 1.40991 0.04014 1 0 0 0 0 0 0 0
91 1 0.1 5.23633 3.59897 0.166088 -0.00357102 -0.00378806 0.0326284 0.129908 -0.0752579 0.219435 1 0 0 0 0 0 0 0
92 1 0.1 5.40118 3.71008 0.148045 -0.0107311 0.0058389 0.0233868 -0.190899 0.146146 -0.102242 1 0 0 0 0 0 0 0
93 1 0.1 5.59527 3.75461 0.165751 -0.00641 -0.00815789 0.0113921 -0.115362 -0.0923985 -0.0771138 1 0 0 0 0 0 0 0
94 1 0.1 5.6489 3.96722 0.139772 0.00386182 -0.000517584 0.000389944 0.000419421 -0.0534491 0.0373753 1 0 0 0 0 0 0 0
95 1 0.1 5.82876 3.88025 0.137398 0.00474278 0.00136467 0.000106968 -0.0205976 0.0659105 -0.00986135 1 0 0 0 0 0 0 0
96 1 0.1 5.78543 3.54577 0.43928 0.0134616 -0.00480024 0.0030903 0.024325 -0.0158983 -0.135659 1 0 0 0 0 0 0 0
97 1 0.1 5.98266 3.8775 0.265025 -0.00034653 0.0225596 0.00736843 0.0843885 -0.150163 0.329006 1 0 0 0 0 0 0 0
98 1 0.1 5.93455 4.9194 0.149981 -0.000644974 -0.00110977 -0.000113557 0.00695932 -0.0031075 -0.0156531 1 0 0 0 0 0 0 0
99 1 0.1 6.30969 5.05667 0.137422 0.000692872 0.000497138 0.000123919 -0.00507037 0.0074884 0.00706398 1 0 0 0 0 0 0 0
100 1 0.1 6.34061 1.2156 0.216842 -0.0199279 0.0176281 0.0138483 -0.0940426 0.279478 -0.196719 1 0 0 0 0 0 0 0
101 1 0.1 6.09075 1.45836 0.237136 -0.0505256 0.0052856 -0.0528934 1.05852 -1.03877 -0.134787 1 0 0 0 0 0 0 0
102 1 0.1 6.05332 1.73691 0.589751 -0.079779 0.0726852 -0.0800859 1.23828 -1.12951 0.219541 1 0 0 0 0 0 0 0
103 1 0.1 5.99114 2.06702 0.137742 -0.546464 0.200392 0.00812168 -0.086769 0.232609 -0.645173 1 0 0 0 0 0 0 0
104 1 0.1 5.74992 2.66749 0.310158 -0.00692741 -0.0547188 0.0732088 0.861643 0.0870263 -0.251939 1 0 0 0 0 0 0 0
105 1 0.1 5.66495 2.39669 0.145975 0.0292945 -0.0124318 0.0374554 -0.2147 0.0381525 0.399801 1 0 0 0 0 0 0 0
106 1 0.1 5.66746 2.59642 0.137724 -0.00318585 -0.0131073 0.00428223 -0.112221 -0.0156798 -0.0540457 1 0 0 0 0 0 0 0
107 1 0.1 5.48926 2.68687 0.137375 0.00145694 -0.00288438 -0.000336339 0.0042448 0.0182222 -0.0509765 1 0 0 0 0 0 0 0
108 1 0.1 5.55248 2.65812 0.339973 -0.0134245 -0.0120859 -0.0226012 -0.796734 -1.00569 -0.167499 1 0 0 0 0 0 0 0
109 1 0.1 5.38361 2.88091 0.138476 0.00589957 -0.00272958 0.00360508 0.0177289 0.0402967 -0.0527845 1 0 0 0 0 0 0 0
110 1 0.1 5.29038 2.70425 0.137683 0.0016721 0.000960545 0.00315042 0.0205212 0.0152222 0.00625817 1 0 0 0 0 0 0 0
111 1 0.1 4.97423 2.83061 0.141083 0.0123244 -0.00165126 0.0278974 -0.326725 -0.0105438 0.0839324 1 0 0 0 0 0 0 0
112 1 0.1 5.00269 3.00336 0.234977 0.00387652 0.00217083 0.0131431 0.166212 -0.0997334 -0.0236611 1 0 0 0 0 0 0 0
113 1 0.1 5.18488 3.07143 0.137213 0.00723292 0.00113277 0.000173384 -0.0245674 0.00761985 0.0190245 1 0 0 0 0 0 0 0
114 1 0.1 5.27725 3.24871 0.138498 0.0117657 -0.000670649 -0.0705601 -0.836076 -0.0109376 0.0546478 1 0 0 0 0 0 0 0
115 1 0.1 5.35122 3.44605 0.224227 -0.00732828 -0.0168742 -0.00147668 0.11349 -0.197132 0.0802869 1 0 0 0 0 0 0 0
116 1 0.1 5.52302 3.51343 0.137137 0.00605318 -0.00313372 0.000795252 0.0215455 0.0564708 0.00062324 1 0 0 0 0 0 0 0
117 1 0.1 5.69299 3.58654 0.212616 0.00645602 -0.00441211 -0.000484705 0.0408474 -0.0140079 0.0169191 1 0 0 0 0 0 0 0
118 1 0.1 5.66848 3.37636 0.136973 0.00496884 -0.00279421 -0.00121268 0.0292643 0.0400918 -0.00684996 1 0 0 0 0 0 0 0
119 1 0.1 5.47736 3.31897 0.137181 0.00619356 -0.00293798 0.00107588 -0.000126868 0.00507164 -0.0154065 1 0 0 0 0 0 0 0
120 1 0.1 5.86442 3.65658 0.137461 0.00254088 0.0035567 -0.000298141 -0.0327956 0.018563 0.0757151 1 0 0 0 0 0 0 0
121 1 0.1 5.80854 3.27842 0.502574 -0.0304261 -0.111763 0.149186 -1.43175 -1.78953 -1.77636 1 0 0 0 0 0 0 0
122 1 0.1 6.08282 4.4356 0.137308 0.0024029 0.00193312 -0.000283608 -0.0200795 0.0243718 -0.0431995 1 0 0 0 0 0 0 0
123 1 0.1 6.09831 4.58247 0.271422 0.0031392 0.00233853 -0.00191593 0.00752825 -0.0187688 0.0390881 1 0 0 0 0 0 0 0
124 1 0.1 6.17328 4.75328 0.137421 0.00263974 0.00137575 0.000368868 -0.0121618 0.0288 -0.0253117 1 0 0 0 0 0 0 0
125 1 0.1 6.07623 0.943142 0.360107 0.00155695 -0.00194398 0.000414122 0.000132664 -0.000865117 -0.00685169 1 0 0 0 0 0 0 0
126 1 0.1 5.93456 1.08309 0.343628 0.00373214 -0.0022844 0.0030178 0.0276144 -0.00407436 -0.00822598 1 0 0 0 0 0 0 0
127 1 0.1 5.79329 1.22397 0.344835 0.00667335 -0.00732665 0.0109513 0.0460332 -0.0204833 0.0459059 1 0 0 0 0 0 0 0
128 1 0.1 5.65274 1.36503 0.342587 0.00506398 -0.0161295 0.0225828 0.16425 -0.0462033 0.0246627 1 0 0 0 0 0 0 0
129 1 0.1 5.5125 1.50523 0.359898 0.0165021 -0.0144148 0.00891033 -0.0751449 -0.188563 -0.132869 1 0 0 0 0 0 0 0
130 1 0.1 5.23252 1.78432 0.335619 0.0295424 -0.0349081 -0.00751854 -0.34085 -0.0465295 0.34728 1 0 0 0 0 0 0 0
131 1 0.1 5.16094 1.96198 0.305922 0.0293501 -0.0388794 0.0062432 0.0862565 -0.011487 0.385464 1 0 0 0 0 0 0 0
132 1 0.1 4.99287 2.19194 0.318746 -0.0138462 -0.00798797 0.0151208 -0.127007 -0.189844 -0.0568949 1 0 0 0 0 0 0 0
133 1 0.1 4.81645 2.20526 0.407215 0.00476345 -0.00433106 0.0431157 0.716814 0.448551 -0.302444 1 0 0 0 0 0 0 0
134 1 0.1 4.71293 2.35462 0.466436 0.050321 0.03712 0.0047219 0.026846 -0.0978097 0.376996 1 0 0 0 0 0 0 0
135 1 0.1 4.38366 2.637 0.307484 -0.00339251 0.00893341 -0.000755549 -0.333774 -0.250596 0.437386 1 0 0 0 0 0 0 0
136 1 0.1 4.1978 2.83665 0.3256 0.00189179 -0.0184911 -0.0137693 0.163404 0.0785804 -0.0951067 1 0 0 0 0 0 0 0
137 1 0.1 4.19433 3.03121 0.37084 -0.00860474 -0.00423171 -0.068758 1.38996 0.548266 -0.22753 1 0 0 0 0 0 0 0
138 1 0.1 4.23776 3.21992 0.335986 -0.00229357 0.00411418 0.0240115 -0.358257 -0.105072 0.0598105 1 0 0 0 0 0 0 0
139 1 0.1 4.37788 3.36178 0.350623 0.00148459 0.001748 0.000556347 -0.0146341 0.00889625 0.0156076 1 0 0 0 0 0 0 0
140 1 0.1 4.5209 3.50337 0.343976 -0.00625691 -0.0284169 -0.0349874 0.0430632 0.0852303 -0.0967043 1 0 0 0 0 0 0 0
141 1 0.1 4.68891 3.66431 0.357625 -0.00728098 -0.0120455 0.0170739 -0.279047 0.00780913 -0.19399 1 0 0 0 0 0 0 0
142 1 0.1 4.84079 3.78842 0.322342 0.000734613 -0.0270132 -0.00405713 -0.21094 -0.0789241 0.135353 1 0 0 0 0 0 0 0
143 1 0.1 4.98199 3.95502 0.337691 0.00479317 -0.00258661 -0.0189954 0.276152 0.0139077 0.054943 1 0 0 0 0 0 0 0
144 1 0.1 5.12141 4.09518 0.363111 -0.000912529 0.00124412 -0.00738773 0.0737631 0.158353 0.029877 1 0 0 0 0 0 0 0
145 1 0.1 5.26298 4.23364 0.376719 -0.00151409 -0.000579218 -0.00232927 0.0508895 0.00363017 -0.0905736 1 0 0 0 0 0 0 0
146 1 0.1 5.44116 4.41642 0.387468 0.000680928 -0.000246109 -0.00158677 -0.134686 0.111832 0.0220158 1 0 0 0 0 0 0 0
147 1 0.1 5.57688 4.5567 0.344273 0.000616804 -0.000504537 -0.00328657 0.0652078 -0.00175181 0.0141246 1 0 0 0 0 0 0 0
148 1 0.1 5.73066 4.7114 0.342463 -0.00151706 -0.0015315 -0.00205774 0.0181821 0.00724575 -0.0192106 1 0 0 0 0 0 0 0
149 1 0.1 6.0181 4.99888 0.34912 -0.00091769 0.00138949 0.00127946 0.0289724 -0.0263989 0.0290311 1 0 0 0 0 0 0 0
150 1 0.1 6.21595 0.800431 0.350839 0.000744558 -0.00220414 0.000140185 -0.00210105 2.24957e-05 -0.00691582 1 0 0 0 0 0 0 0
151 1 0.1 5.97283 1.29377 0.292308 0.00308235 0.0142527 0.0113499 -0.252835 -0.00683954 0.211083 1 0 0 0 0 0 0 0
152 1 0.1 5.83945 1.4348 0.35802 -0.0360934 0.0774921 0.0806292 -1.11465 -0.904758 0.908397 1 0 0 0 0 0 0 0
153 1 0.1 5.69264 1.59053 0.3507 0.0236585 -0.039584 -0.00743908 0.00864012 0.30813 -0.126243 1 0 0 0 0 0 0 0
154 1 0.1 5.54522 1.70818 0.416274 0.0554391 0.00654992 -0.0220661 -0.32361 -0.0329747 0.119163 1 0 0 0 0 0 0 0
155 1 0.1 5.37384 1.6457 0.336321 0.0426903 -0.0160475 0.00305716 -0.0479094 0.217455 -0.0634084 1 0 0 0 0 0 0 0
156 1 0.1 5.32071 2.03437 0.409358 -0.0026344 -0.0250604 -0.00235398 0.0409832 0.0531334 0.285861 1 0 0 0 0 0 0 0
157 1 0.1 5.18608 2.15399 0.326345 -0.0227816 -0.0409623 0.0126637 -0.0133375 0.305273 -0.308339 1 0 0 0 0 0 0 0
158 1 0.1 4.95133 2.35105 0.429977 0.00964235 0.00452664 -0.00192473 -0.0614189 0.2688 -0.165202 1 0 0 0 0 0 0 0
159 1 0.1 4.89441 2.51918 0.339845 0.00521695 0.00198505 -0.00224863 -0.0740609 0.046527 0.0528467 1 0 0 0 0 0 0 0
160 1 0.1 4.56201 2.54766 0.307413 0.0157273 0.035356 -0.0484387 -0.285075 -0.564364 -0.377293 1 0 0 0 0 0 0 0
161 1 0.1 4.40537 2.82403 0.319418 -0.0636014 0.0236042 -0.00809182 0.00557755 -0.345911 0.182731 1 0 0 0 0 0 0 0
162 1 0.1 4.35802 3.00605 0.270755 0.0506152 0.0642525 0.00417613 1.55521 -0.823766 -0.201861 1 0 0 0 0 0 0 0
163 1 0.1 4.56285 3.15599 0.326049 0.0182137 -0.0114488 -0.00110427 -0.0885876 -0.240136 0.0989178 1 0 0 0 0 0 0 0
164 1 0.1 4.63675 3.34148 0.324773 0.0214697 -0.0155123 0.0104477 -0.0110181 -0.313938 -0.290461 1 0 0 0 0 0 0 0
165 1 0.1 4.76901 3.48923 0.310354 0.00929356 -0.00381473 0.0192843 0.180393 0.0759163 0.29343 1 0 0 0 0 0 0 0
166 1 0.1 4.93097 3.60253 0.317377 -0.00889684 0.012662 0.0174294 0.0832669 -0.640918 -0.195874 1 0 0 0 0 0 0 0
167 1 0.1 5.03857 3.76477 0.334604 0.00620519 -0.00706229 0.0163033 -0.679415 -0.122208 0.0931055 1 0 0 0 0 0 0 0
168 1 0.1 5.16874 3.90428 0.383926 0.00213787 0.00330639 -0.0112321 -0.0317923 -0.124562 0.0669156 1 0 0 0 0 0 0 0
169 1 0.1 5.29484 4.04008 0.457723 -0.00268089 0.00108373 -0.00134414 0.0238574 -0.0465561 -0.0808226 1 0 0 0 0 0 0 0
170 1 0.1 5.45568 4.14162 0.39652 -0.000101226 -0.0016144 0.00209659 -0.0787009 -0.0285552 0.0706333 1 0 0 0 0 0 0 0
171 1 0.1 5.66479 4.2358 0.31226 0.00239259 -9.55448e-05 -0.000673102 -0.0817392 0.0176166 -0.0370459 1 0 0 0 0 0 0 0
172 1 0.1 5.81132 4.33364 0.406323 0.00189163 -0.000139584 0.000879492 0.0202234 -0.0759699 -0.00533224 1 0 0 0 0 0 0 0
173 1 0.1 5.8034 4.53282 0.393672 0.00138367 -0.000119436 -0.00131473 -0.0512234 0.0498047 0.0347656 1 0 0 0 0 0 0 0
174 1 0.1 6.1591 5.14028 0.350229 0.00118216 -0.000312879 -0.000608978 -0.0059882 0.00128635 0.00736535 1 0 0 0 0 0 0 0
175 1 0.1 6.35885 0.656787 0.348701 0.000223764 -0.000454412 -0.000481481 -0.00225811 0.00236882 0.000633352 1 0 0 0 0 0 0 0
176 1 0.1 6.11944 1.15177 0.31371 0.00456737 -0.00123188 0.00461106 0.0396062 -0.00475333 -0.00486933 1 0 0 0 0 0 0 0
177 1 0.1 5.99136 1.65641 0.336066 -0.091233 -0.0307595 -0.148115 -0.459529 0.46328 -1.73428 1 0 0 0 0 0 0 0
178 1 0.1 5.81866 1.73989 0.392392 -0.041806 0.0260223 -0.0700429 -0.0273241 0.671809 1.26442 1 0 0 0 0 0 0 0
179 1 0.1 5.70923 1.90454 0.421793 -0.0211053 0.0326466 -0.0117893 -0.531504 -0.325664 -0.200688 1 0 0 0 0 0 0 0
180 1 0.1 5.40294 1.85058 0.415658 0.0195213 -0.00373094 -0.00551411 -0.046028 -0.0218882 0.262205 1 0 0 0 0 0 0 0
181 1 0.1 5.47685 1.99032 0.293894 -0.000228776 -0.00029553 -0.00575522 -0.0230058 -0.00451714 0.0164813 1 0 0 0 0 0 0 0
182 1 0.1 5.36115 2.23317 0.379765 -0.0193261 -0.0208722 -0.0256821 -0.050231 0.0254351 0.309227 1 0 0 0 0 0 0 0
183 1 0.1 5.16141 2.34459 0.291565 -0.0720243 -0.0725081 -0.0752664 0.567932 -1.71998 1.16982 1 0 0 0 0 0 0 0
184 1 0.1 5.08993 2.55089 0.320749 0.00323467 0.013657 -0.00901922 -0.0622345 0.0195983 0.101072 1 0 0 0 0 0 0 0
185 1 0.1 4.75318 2.65853 0.32898 -0.00844646 -0.0063755 -0.00704844 -0.0417088 -0.00113231 0.102847 1 0 0 0 0 0 0 0
186 1 0.1 4.60532 2.79264 0.321394 -0.00479879 -0.00584235 -0.010591 0.158354 0.143575 -0.0749037 1 0 0 0 0 0 0 0
187 1 0.1 4.70266 2.97072 0.326382 0.011447 0.00788508 0.00457408 0.00727597 -0.142906 -0.153291 1 0 0 0 0 0 0 0
188 1 0.1 4.75621 3.16166 0.343413 0.011915 0.00517555 0.00675682 0.0767263 -0.00809003 -0.0118391 1 0 0 0 0 0 0 0
189 1 0.1 4.98559 3.16698 0.347354 0.060888 0.0361269 -0.0324104 -0.668958 -0.356675 -1.08964 1 0 0 0 0 0 0 0
190 1 0.1 4.95207 3.35736 0.393463 0.0526796 0.0348578 -0.039999 0.44603 0.85555 1.01914 1 0 0 0 0 0 0 0
191 1 0.1 5.13761 3.59431 0.339962 0.0164474 -0.00115773 0.04695 0.0780718 0.497506 0.0390175 1 0 0 0 0 0 0 0
192 1 0.1 5.27455 3.73981 0.342752 0.00784834 0.00391686 0.00723777 -0.112059 0.00189854 -0.034889 1 0 0 0 0 0 0 0
193 1 0.1 5.46894 3.78163 0.322083 0.00716512 0.00714184 0.014245 -0.0712294 -0.113327 0.0905689 1 0 0 0 0 0 0 0
194 1 0.1 5.68794 3.88178 0.409484 0.000292512 -0.000224968 0.0124277 0.0571565 -0.188982 0.0402809 1 0 0 0 0 0 0 0
195 1 0.1 5.73777 4.05011 0.314766 -0.00112114 -0.00160225 0.00960817 -0.101491 0.157114 -0.00538041 1 0 0 0 0 0 0 0
196 1 0.1 5.88075 4.14639 0.416033 0.00329065 -7.47378e-05 0.00135651 0.0143268 -0.03042 0.0434294 1 0 0 0 0 0 0 0
197 1 0.1 5.99029 4.2757 0.310233 0.00131049 -0.000239852 -0.000368556 -0.0168653 0.0616731 -0.0405398 1 0 0 0 0 0 0 0
198 1 0.1 5.8725 4.85474 0.349203 0.00121516 0.000425276 -0.00217933 0.0222047 0.00395213 0.0157078 1 0 0 0 0 0 0 0
199 1 0.1 6.30048 5.28162 0.349968 0.00038243 0.000304976 -0.000371992 0.00483739 -0.0027295 0.00421118 1 0 0 0 0 0 0 0
200 1 0.1 6.36559 0.873276 0.240079 0.00197878 -0.0031925 0.00191739 0.0249256 -0.0103824 -0.0166377 1 0 0 0 0 0 0 0
201 1 0.1 6.26189 1.0137 0.337353 0.00253994 -0.00357254 0.00299711 0.0139527 -0.0216784 -0.0143724 1 0 0 0 0 0 0 0
202 1 0.1 5.86651 1.99417 0.330503 0.00403574 0.0718908 0.0162081 1.79027 -1.25182 1.25318 1 0 0 0 0 0 0 0
203 1 0.1 5.61768 2.66635 0.762719 0.0287721 -0.00299445 0.00295237 -0.140862 -0.216995 0.0291667 1 0 0 0 0 0 0 0
204 1 0.1 5.77934 2.32599 0.335434 -0.859452 -0.17081 -0.0179197 -2.90582 -1.03736 5.07264 1 0 0 0 0 0 0 0
205 1 0.1 5.67949 2.03698 0.275188 -0.00868514 0.0129319 -0.0241942 0.242192 0.37194 0.0356281 1 0 0 0 0 0 0 0
206 1 0.1 5.54578 2.17395 0.332266 -0.00691807 0.00417937 -0.00281851 -0.0584842 -0.271167 0.00822365 1 0 0 0 0 0 0 0
207 1 0.1 5.35489 2.42518 0.324923 -0.242654 -0.101478 -0.286882 0.559889 2.04361 -2.69058 1 0 0 0 0 0 0 0
208 1 0.1 5.28019 2.61012 0.335286 0.0143451 -0.00699279 -0.092288 0.35842 0.941241 0.0783438 1 0 0 0 0 0 0 0
209 1 0.1 5.14139 2.7465 0.290594 -0.00241623 0.010259 0.00375301 0.119094 -0.0225324 -0.173737 1 0 0 0 0 0 0 0
210 1 0.1 4.97995 2.67972 0.424267 0.00876898 0.0113804 -0.000444053 0.0811495 0.00629579 0.00102833 1 0 0 0 0 0 0 0
211 1 0.1 4.84037 2.83333 0.287572 -0.00567678 0.0011749 0.000945501 0.264564 -0.180565 0.0461304 1 0 0 0 0 0 0 0
212 1 0.1 4.88768 2.99308 0.397806 0.00471672 -0.00640965 0.0114542 -0.0265283 0.0819884 -0.027156 1 0 0 0 0 0 0 0
213 1 0.1 5.12388 3.05041 0.431911 0.0198461 0.0123475 0.00666745 -0.161092 0.534785 0.259825 1 0 0 0 0 0 0 0
214 1 0.1 5.17509 3.21162 0.306263 0.0578465 0.0117283 -0.0380097 0.719985 0.430932 0.852798 1 0 0 0 0 0 0 0
215 1 0.1 5.19822 3.4048 0.344683 0.0156727 -0.00434014 0.0308846 -0.221292 0.50245 -0.100766 1 0 0 0 0 0 0 0
216 1 0.1 5.32125 3.55075 0.399618 0.02708 -0.0102456 -0.00351612 0.245268 -0.100895 0.0380429 1 0 0 0 0 0 0 0
217 1 0.1 5.5055 3.56879 0.327593 0.0233979 -0.00571489 0.00215799 -0.00266293 0.0933597 -0.0605821 1 0 0 0 0 0 0 0
218 1 0.1 5.65626 3.68699 0.381464 0.0183279 -0.0023502 0.000814758 0.0167907 -0.0700759 0.110438 1 0 0 0 0 0 0 0
219 1 0.1 5.82437 3.74705 0.499321 0.00345239 0.00148373 0.00196577 -0.0303732 0.0228419 -0.039461 1 0 0 0 0 0 0 0
220 1 0.1 5.82139 3.76461 0.300178 0.0133952 0.00376856 0.00196756 -0.00990273 0.0658521 -0.0283439 1 0 0 0 0 0 0 0
221 1 0.1 5.87657 3.94661 0.419786 0.000603048 -0.000392543 0.0184971 -0.187568 0.0790266 -0.05426 1 0 0 0 0 0 0 0
222 1 0.1 6.02299 4.04529 0.513657 0.00463873 0.00577741 0.00531324 -0.00346742 -0.0301729 0.0414486 1 0 0 0 0 0 0 0
223 1 0.1 6.06332 4.81255 0.29336 0.00209606 0.00144339 0.000854119 0.0115927 -0.0305747 0.0285845 1 0 0 0 0 0 0 0
224 1 0.1 6.19899 4.95741 0.270878 0.000891348 0.00127914 0.000832986 -0.00151887 -0.00452565 -0.00898284 1 0 0 0 0 0 0 0
225 1 0.1 6.23825 1.36781 0.137368 -0.00556048 0.0219463 -0.000186737 -0.231956 -0.059296 -0.118608 1 0 0 0 0 0 0 0
226 1 0.1 6.16103 1.33595 0.378284 -0.0171317 0.0249691 -0.0576888 -0.506937 0.873383 0.523121 1 0 0 0 0 0 0 0
227 1 0.1 6.02706 1.4767 0.425512 -0.0364397 0.0163943 -0.050827 -1.11157 1.16613 -0.11007 1 0 0 0 0 0 0 0
228 1 0.1 5.97536 2.12183 0.439 -0.20004 0.0930304 0.248378 -0.830495 3.04299 -6.30159 1 0 0 0 0 0 0 0
229 1 0.1 5.69808 2.85712 0.76256 0.00892499 -0.00202616 0.00339682 -9.89567e-05 -0.0613528 0.00922347 1 0 0 0 0 0 0 0
230 1 0.1 5.53894 2.38219 0.389903 -0.335499 -0.20961 -0.0891198 -0.166986 -4.28222 1.66012 1 0 0 0 0 0 0 0
231 1 0.1 5.70172 2.49699 0.407253 -0.505033 0.0297064 -0.0721384 -0.240284 3.78852 1.21405 1 0 0 0 0 0 0 0
232 1 0.1 5.65088 2.58711 0.578376 -0.0488646 -0.0621325 0.124513 -0.66811 -2.6129 -1.66017 1 0 0 0 0 0 0 0
233 1 0.1 5.61908 3.05517 0.36604 0.00934036 -0.00137585 -0.0234596 -0.098179 0.352889 0.201343 1 0 0 0 0 0 0 0
234 1 0.1 5.18386 2.87241 0.13668 0.00531907 0.00232362 0.00117734 0.0230495 -0.127456 -0.0489981 1 0 0 0 0 0 0 0
235 1 0.1 5.39529 2.76908 0.394129 -0.0162893 0.00787385 -0.0659977 0.103872 0.911776 0.140682 1 0 0 0 0 0 0 0
236 1 0.1 5.04307 2.86867 0.414258 0.0222859 0.00957373 0.0260283 0.216468 0.0574468 -0.181791 1 0 0 0 0 0 0 0
237 1 0.1 5.26563 2.90084 0.315335 0.0118787 -0.00552793 0.00484545 0.0178182 0.167305 -0.0577294 1 0 0 0 0 0 0 0
238 1 0.1 5.32375 3.08706 0.352994 0.021698 -0.00809582 0.00568401 0.034465 -0.0111193 -0.00432287 1 0 0 0 0 0 0 0
239 1 0.1 5.3346 3.27751 0.411284 0.0227802 -0.00701217 0.00720071 -0.00867254 0.0284707 -0.00909642 1 0 0 0 0 0 0 0
240 1 0.1 5.47789 3.20009 0.297039 0.0172685 -0.00380094 0.00318979 0.00195285 0.0668695 0.0539367 1 0 0 0 0 0 0 0
241 1 0.1 5.63711 3.15325 0.592196 0.0170328 -0.0179619 0.000789025 -0.0129489 -0.0191413 0.0136447 1 0 0 0 0 0 0 0
242 1 0.1 5.49519 3.39507 0.425718 0.0226043 -0.0081827 0.00598385 -0.0344524 -0.0602718 -0.0200263 1 0 0 0 0 0 0 0
243 1 0.1 5.58264 3.14731 0.136859 0.00672132 -0.000306991 -0.000434345 -0.0072612 0.0673103 -0.0110261 1 0 0 0 0 0 0 0
244 1 0.1 5.38535 3.08072 0.13746 0.0146429 -0.00193917 0.00112087 -0.0287925 0.0197481 -0.0405346 1 0 0 0 0 0 0 0
245 1 0.1 5.68738 2.97707 0.137426 0.00180297 -0.00169787 0.000442346 0.00646735 0.0104504 -0.0105187 1 0 0 0 0 0 0 0
246 1 0.1 5.66747 3.42677 0.330143 0.0176657 -0.00618699 -0.000589791 0.0243389 0.145122 0.0519804 1 0 0 0 0 0 0 0
247 1 0.1 5.98318 4.46558 0.449439 0.00120585 0.00102427 -0.00149058 -0.0319372 -0.0188128 -0.0514572 1 0 0 0 0 0 0 0
248 1 0.1 5.94558 4.66951 0.366686 0.000151522 0.000139389 -0.00472364 0.0157496 -0.0321081 -0.0232512 1 0 0 0 0 0 0 0
249 1 0.1 6.18852 4.70164 0.403608 0.00151323 0.00265001 -0.00247521 0.0219168 0.056305 0.0256113 1 0 0 0 0 0 0 0
250 1 0.1 6.10413 0.920955 0.557804 0.00203845 -0.00165686 0.002455 0.00961964 -0.0131146 -0.0169839 1 0 0 0 0 0 0 0
251 1 0.1 5.963 1.0624 0.54108 0.0040836 -0.00297879 0.010401 0.0663687 -0.0455384 0.00267839 1 0 0 0 0 0 0 0
252 1 0.1 5.8216 1.20364 0.541644 0.00147383 -0.00490647 0.00685691 -0.0059266 -0.0389937 -0.0303299 1 0 0 0 0 0 0 0
253 1 0.1 5.67228 1.3489 0.549998 0.0258152 -0.0192451 -0.00372861 0.00155157 6.51618e-06 -0.00279305 1 0 0 0 0 0 0 0
254 1 0.1 5.5361 1.49326 0.573647 0.0316985 -0.0226577 0.00835286 0.0914096 0.0554756 -0.00836971 1 0 0 0 0 0 0 0
255 1 0.1 5.25246 1.7741 0.56684 0.0275473 -0.0214757 0.00357697 -0.133538 -0.101026 0.0340235 1 0 0 0 0 0 0 0
256 1 0.1 5.1695 1.94146 0.49907 0.0121526 -0.0204267 0.00965263 -0.238473 0.0605774 -0.137694 1 0 0 0 0 0 0 0
257 1 0.1 5.09819 2.08374 0.61156 0.0324455 -0.001764 -0.00524608 0.188307 -0.209648 -0.179207 1 0 0 0 0 0 0 0
258 1 0.1 4.91525 2.11029 0.546889 0.0416103 -0.031929 -0.0143041 -0.196963 0.0520509 0.448316 1 0 0 0 0 0 0 0
259 1 0.1 4.58654 2.4362 0.578094 0.0135566 -0.0201922 -0.00335278 -0.0904996 -0.0120432 0.372556 1 0 0 0 0 0 0 0
260 1 0.1 4.45382 2.56549 0.473708 0.0146306 -0.0290087 -0.0443963 0.870479 0.43315 -0.345091 1 0 0 0 0 0 0 0
261 1 0.1 4.21764 2.80832 0.52201 0.0318033 -0.0469751 -0.0245035 0.210396 0.0808599 0.865807 1 0 0 0 0 0 0 0
262 1 0.1 4.19065 2.99153 0.570888 0.00016498 -0.0768717 -0.0409971 0.0935835 0.291433 -0.281979 1 0 0 0 0 0 0 0
263 1 0.1 4.21813 3.19048 0.564103 -0.0460898 -0.0494611 -0.00904778 -0.0871743 0.203689 -0.64814 1 0 0 0 0 0 0 0
264 1 0.1 4.36251 3.33967 0.552119 -0.00396425 -0.00235026 -0.00479891 0.033347 0.0392969 -0.0241402 1 0 0 0 0 0 0 0
265 1 0.1 4.50905 3.48587 0.542798 -0.00432896 -0.0205805 -0.0313504 0.485151 0.307156 -0.12353 1 0 0 0 0 0 0 0
266 1 0.1 4.65033 3.62865 0.553205 -0.00274359 -0.00417603 -0.00433435 0.00155465 0.014249 -0.0351546 1 0 0 0 0 0 0 0
267 1 0.1 4.79531 3.77017 0.513326 -0.00238765 0.00331575 -0.0119473 -0.0627258 0.218242 0.054579 1 0 0 0 0 0 0 0
268 1 0.1 4.93016 3.90283 0.567665 -0.0105595 -0.0170568 0.0178574 -0.186491 -0.0581185 -0.197416 1 0 0 0 0 0 0 0
269 1 0.1 5.0686 4.04602 0.549965 -0.0134381 -0.0162711 0.00353445 0.0435805 -0.0817866 -0.201037 1 0 0 0 0 0 0 0
270 1 0.1 5.35451 4.32991 0.558324 0.000318878 -0.000331616 0.00593214 0.0637326 -0.112807 -0.0414567 1 0 0 0 0 0 0 0
271 1 0.1 5.51148 4.49308 0.56006 -0.000645767 -0.00199499 0.000290241 -0.0126958 -0.00887281 -0.0162262 1 0 0 0 0 0 0 0
272 1 0.1 5.65324 4.63468 0.560156 -0.000966179 0.00176539 -0.00869496 0.172398 0.00641161 -0.0200037 1 0 0 0 0 0 0 0
273 1 0.1 5.79414 4.77486 0.538605 0.000644409 0.00166713 0.00125834 -0.0115694 -0.00942347 0.0194135 1 0 0 0 0 0 0 0
274 1 0.1 6.06141 5.03972 0.550317 0.000909903 0.000929396 0.00106339 -0.00991473 -0.00918766 0.00925789 1 0 0 0 0 0 0 0
275 1 0.1 6.24548 0.777902 0.552179 0.0016331 -0.000591068 0.000706653 0.00714778 0.000207241 -0.0173835 1 0 0 0 0 0 0 0
276 1 0.1 6.00937 1.24812 0.483409 0.0057257 0.00292532 0.020983 0.0066698 -0.115154 0.043636 1 0 0 0 0 0 0 0
277 1 0.1 5.88688 1.39234 0.547807 -0.00810566 -0.00300995 0.00324996 -0.0495249 -0.00069934 0.106086 1 0 0 0 0 0 0 0
278 1 0.1 5.74842 1.53011 0.589063 0.00786018 0.00994644 -0.00245395 -0.00435482 -0.0131105 -0.306157 1 0 0 0 0 0 0 0
279 1 0.1 5.63962 1.69663 0.591329 0.0298494 0.0207236 -0.00177323 0.233592 -0.321409 0.0474321 1 0 0 0 0 0 0 0
280 1 0.1 5.39443 1.63411 0.576715 0.0325318 -0.02198 0.0188554 0.0163 -0.00262833 -0.0024029 1 0 0 0 0 0 0 0
281 1 0.1 5.3178 2.17907 0.567455 0.0203622 0.00624307 -0.00121399 0.113752 0.075086 -0.252665 1 0 0 0 0 0 0 0
282 1 0.1 5.16172 2.39051 0.696095 0.028499 0.00122926 0.00678697 0.134249 0.141077 -0.0764328 1 0 0 0 0 0 0 0
283 1 0.1 5.16597 2.27352 0.480918 0.0251787 -0.000409751 -0.0140557 -0.459235 0.0977297 0.0433004 1 0 0 0 0 0 0 0
284 1 0.1 4.84904 2.36148 0.600544 0.0364486 0.0296957 0.00632655 0.0491725 -0.0137805 -0.388284 1 0 0 0 0 0 0 0
285 1 0.1 4.64473 2.60034 0.481957 0.00443582 -0.0156957 -0.00320418 -0.208079 -0.0339958 0.423405 1 0 0 0 0 0 0 0
286 1 0.1 4.47127 2.76218 0.489414 -0.0105394 -0.0353157 -0.0152485 2.13384 0.472274 -0.298025 1 0 0 0 0 0 0 0
287 1 0.1 4.36916 2.93125 0.506854 0.00718272 -0.0418062 -0.0426546 -0.398148 -0.29967 0.261477 1 0 0 0 0 0 0 0
288 1 0.1 4.36918 3.12337 0.451557 -0.0112503 -0.0204652 0.0216936 0.934541 -0.55018 0.206338 1 0 0 0 0 0 0 0
289 1 0.1 4.53229 3.24928 0.499604 -0.00650968 -0.00464621 -0.00992834 -0.00768663 0.00227689 -0.00947097 1 0 0 0 0 0 0 0
290 1 0.1 4.69354 3.44654 0.484614 -0.000172458 -0.0110402 0.00450099 -0.173728 -0.332518 0.0329836 1 0 0 0 0 0 0 0
291 1 0.1 4.9449 3.52304 0.49979 0.0264341 0.000135672 0.00763003 0.13467 0.0202653 0.122924 1 0 0 0 0 0 0 0
292 1 0.1 4.98293 3.71317 0.528081 -0.0106422 0.000655034 0.000187164 -0.198168 -0.127244 0.279422 1 0 0 0 0 0 0 0
293 1 0.1 5.16844 3.78115 0.540191 -0.00935622 0.00616542 -0.00505701 -0.0259468 0.090785 -0.228684 1 0 0 0 0 0 0 0
294 1 0.1 5.21461 4.18819 0.564668 0.000362768 0.00176467 -0.00222242 -0.0185209 0.0329474 0.0338383 1 0 0 0 0 0 0 0
295 1 0.1 5.51017 4.20738 0.581937 0.00347767 0.00479247 0.00398112 -0.132987 0.153967 -0.000134349 1 0 0 0 0 0 0 0
296 1 0.1 5.60635 4.34165 0.471226 0.00274215 0.000919492 -0.00127782 0.0716403 -0.0499715 0.0226795 1 0 0 0 0 0 0 0
297 1 0.1 5.74512 4.45006 0.564743 0.00889725 -0.00632307 -0.00119204 0.125948 0.0567233 -0.0577854 1 0 0 0 0 0 0 0
298 1 0.1 5.88403 4.59831 0.564353 0.00461358 0.00290393 -0.00425588 0.0737537 -0.0235716 0.0510368 1 0 0 0 0 0 0 0
299 1 0.1 6.20326 5.18052 0.550064 0.00264556 -0.000716928 0.000347642 0.00912536 0.00413744 0.00102115 1 0 0 0 0 0 0 0
300 1 0.1 6.38647 0.636196 0.549968 0.000329969 -0.00060353 9.92228e-05 0.000185493 -0.000368613 -0.00217596 1 0 0 0 0 0 0 0
301 1 0.1 6.15537 1.10675 0.504739 0.00222309 -0.00263603 0.00329655 -0.0194923 -0.0250535 0.0229576 1 0 0 0 0 0 0 0
302 1 0.1 5.91397 1.61416 0.515848 -0.0460355 0.0474449 -0.0917858 -0.927518 0.542017 1.28136 1 0 0 0 0 0 0 0
303 1 0.1 5.86291 1.79686 0.578879 -0.0943126 0.032877 -0.0579367 0.648125 1.18048 -0.29793 1 0 0 0 0 0 0 0
304 1 0.1 5.66572 1.89977 0.616401 -0.0143635 0.0347648 -0.00210718 0.578847 0.423778 0.0752091 1 0 0 0 0 0 0 0
305 1 0.1 5.48022 1.81468 0.596102 0.0213357 -0.00254299 -0.00650159 0.236669 -0.0667694 0.159532 1 0 0 0 0 0 0 0
306 1 0.1 5.34437 1.95829 0.591683 0.0134257 -0.0174819 0.000706213 -0.111652 0.0181452 0.0402854 1 0 0 0 0 0 0 0
307 1 0.1 5.20967 2.4664 0.456133 0.0168977 9.17387e-05 -0.0191979 0.419861 -0.0496139 0.0698018 1 0 0 0 0 0 0 0
308 1 0.1 5.27079 2.62728 0.557046 0.00609295 -0.0190786 0.0261856 -0.0468895 -0.281023 -0.099445 1 0 0 0 0 0 0 0
309 1 0.1 5.00859 2.4786 0.572279 0.0478022 -0.00438441 -0.00363525 0.188599 0.0690282 0.0115513 1 0 0 0 0 0 0 0
310 1 0.1 4.83124 2.57621 0.550297 -0.0579614 -0.0787897 0.0189769 -0.0485299 -0.735165 -1.58984 1 0 0 0 0 0 0 0
311 1 0.1 4.66957 2.80716 0.508467 -0.0127079 -0.00322821 -0.0185958 -0.253985 -0.223379 -0.0228892 1 0 0 0 0 0 0 0
312 1 0.1 4.51459 2.97788 0.385222 0.018671 -0.0113305 -0.0110838 0.354186 -0.0391039 0.161412 1 0 0 0 0 0 0 0
313 1 0.1 4.55647 3.08555 0.618088 0.0105264 0.000520407 0.0166209 0.627309 0.166283 -0.259738 1 0 0 0 0 0 0 0
314 1 0.1 4.71247 3.27746 0.58104 -0.0151218 -0.00625393 0.00763349 0.151169 -0.188208 0.0828907 1 0 0 0 0 0 0 0
315 1 0.1 4.92885 3.35383 0.604674 0.000132339 0.000719262 0.00450413 -0.0604058 -0.149211 -0.0991868 1 0 0 0 0 0 0 0
316 1 0.1 5.09989 3.4008 0.516427 0.00917886 -0.00330912 0.0197683 0.416903 -0.685636 -0.20706 1 0 0 0 0 0 0 0
317 1 0.1 5.17915 3.58196 0.54238 -0.00428969 0.00395107 0.0197416 -0.249255 0.38505 0.275291 1 0 0 0 0 0 0 0
318 1 0.1 5.32076 3.87735 0.621696 0.00276425 -0.00325948 -0.00544045 0.0485326 -0.034561 0.0873849 1 0 0 0 0 0 0 0
319 1 0.1 5.45854 4.01505 0.58056 -6.47192e-05 0.0046209 0.00772017 0.148694 0.040468 -0.0388781 1 0 0 0 0 0 0 0
320 1 0.1 5.67537 3.93488 0.616038 -0.0101324 -0.00694391 0.000666968 0.0409239 -0.0484682 -0.0478262 1 0 0 0 0 0 0 0
321 1 0.1 5.62278 4.07479 0.483345 -0.000330881 0.000965182 0.00498419 0.0367969 0.0122384 -0.0598789 1 0 0 0 0 0 0 0
322 1 0.1 5.74509 4.23553 0.567472 0.00107439 -0.00167608 -0.000734828 -0.0140074 0.00403876 -0.0159541 1 0 0 0 0 0 0 0
323 1 0.1 5.97295 4.86086 0.561487 0.000305164 0.00146351 0.000824557 0.0123705 0.0131256 -0.0201446 1 0 0 0 0 0 0 0
324 1 0.1 6.34422 5.32227 0.549532 0.000513806 0.000615879 -2.59559e-05 -0.00739065 0.00706875 0.00469372 1 0 0 0 0 0 0 0
325 1 0.1 6.40048 0.83116 0.437134 0.000804853 -0.000367324 -0.0017721 -0.000411654 0.0392992 0.0130062 1 0 0 0 0 0 0 0
326 1 0.1 6.29737 0.970302 0.536937 0.00358292 -0.001429 0.00280115 0.0183331 0.0287062 -0.00828414 1 0 0 0 0 0 0 0
327 1 0.1 5.98343 1.84753 0.427586 -0.164834 0.203103 -0.0617085 0.951389 -0.288799 0.999398 1 0 0 0 0 0 0 0
328 1 0.1 5.89796 1.99355 0.574068 -0.00661955 0.0244228 -0.0291277 -0.144107 -0.250136 -0.229094 1 0 0 0 0 0 0 0
329 1 0.1 5.72259 2.08865 0.584158 -0.00385648 0.0398407 -0.0152972 0.561617 0.188214 0.0855444 1 0 0 0 0 0 0 0
330 1 0.1 5.52894 1.98835 0.486939 0.0112244 0.00577757 -0.00813056 0.182426 0.209545 -0.0395695 1 0 0 0 0 0 0 0
331 1 0.1 5.48101 2.09661 0.647915 0.011552 -0.00713313 0.000933671 -0.0423511 -0.147105 0.115816 1 0 0 0 0 0 0 0
332 1 0.1 5.65063 2.24653 0.485349 -0.176359 0.0472606 0.0996399 1.21185 -0.80337 2.42738 1 0 0 0 0 0 0 0
333 1 0.1 5.60535 2.85762 0.415272 0.0226119 -0.0143445 -0.00558856 -0.0592747 -0.0163088 0.0628086 1 0 0 0 0 0 0 0
334 1 0.1 5.3704 2.79118 0.614349 0.0154048 -0.00834179 0.00274077 0.01398 0.0898229 0.037448 1 0 0 0 0 0 0 0
335 1 0.1 5.08873 2.70205 0.589348 0.00909668 0.00134599 -0.000521319 -0.0662414 -0.00983768 -0.11637 1 0 0 0 0 0 0 0
336 1 0.1 4.86809 2.81748 0.514267 -0.0149955 -0.00493415 -0.00546564 -0.0312262 -0.0821731 0.104304 1 0 0 0 0 0 0 0
337 1 0.1 4.70842 3.00139 0.522957 -0.0167273 -0.0074208 -0.00280346 0.164275 -0.19891 -0.0243087 1 0 0 0 0 0 0 0
338 1 0.1 4.84866 3.14564 0.519888 0.00243845 0.00160672 0.0103868 -0.027457 -0.049679 0.0425246 1 0 0 0 0 0 0 0
339 1 0.1 5.03208 3.17899 0.591422 0.00596758 -0.0219561 0.0048899 -0.591656 -0.022997 -0.540215 1 0 0 0 0 0 0 0
340 1 0.1 5.21025 3.26666 0.611843 0.00490016 -0.0178255 -0.00163589 0.399232 0.00547953 0.545836 1 0 0 0 0 0 0 0
341 1 0.1 5.3302 3.46836 0.606711 0.00628472 0.00587419 -0.000433809 0.00294348 0.0662016 -0.337891 1 0 0 0 0 0 0 0
342 1 0.1 5.50681 3.54679 0.555491 0.0126434 -0.00592551 0.00481573 0.113011 -0.0743522 0.175771 1 0 0 0 0 0 0 0
343 1 0.1 5.38405 3.69951 0.515581 0.00224181 -0.0134104 0.00666757 -0.0434259 0.138156 0.299737 1 0 0 0 0 0 0 0
344 1 0.1 5.52858 3.83729 0.521703 -0.0130216 0.00266693 -0.00567837 -0.0332461 -0.0328797 -0.0808693 1 0 0 0 0 0 0 0
345 1 0.1 5.65124 3.68924 0.580773 0.00317115 0.000470241 -0.000417785 -0.0505137 -0.0766076 0.091752 1 0 0 0 0 0 0 0
346 1 0.1 5.91882 3.87959 0.615422 0.00581878 0.000767014 0.000834656 0.0175398 -0.0145899 0.00996806 1 0 0 0 0 0 0 0
347 1 0.1 5.84001 4.06172 0.592481 0.00250286 -0.000653234 0.00100001 -0.00282561 -0.0142055 0.0314361 1 0 0 0 0 0 0 0
348 1 0.1 6.15507 4.89182 0.454448 0.00132189 0.000892857 0.00140916 0.00328712 0.0131153 -0.00713823 1 0 0 0 0 0 0 0
349 1 0.1 6.29564 5.03389 0.450364 0.00206061 -3.58832e-05 -0.000864573 -0.0032086 0.0131028 -0.00236543 1 0 0 0 0 0 0 0
350 1 0.1 6.30722 1.19903 0.413259 -0.0635878 0.11563 0.0148378 -1.26403 -0.904757 2.31356 1 0 0 0 0 0 0 0
351 1 0.1 6.15286 1.40614 0.565162 -0.0571923 0.0193581 -0.066389 0.514964 -1.13112 -0.0499059 1 0 0 0 0 0 0 0
352 1 0.1 6.00933 1.50358 0.664232 -0.0380709 0.0005166 -0.0344393 0.02021 1.28243 -0.100022 1 0 0 0 0 0 0 0
353 1 0.1 6.09242 1.98093 0.529432 0.00912974 -0.0242165 0.0485441 -0.10304 -0.536623 -0.217554 1 0 0 0 0 0 0 0
354 1 0.1 5.62309 2.8081 0.222647 0.0108905 -0.0103527 -0.00760109 0.0866676 0.159047 0.0119673 1 0 0 0 0 0 0 0
355 1 0.1 5.92319 2.29913 0.531171 -0.0908086 0.191915 0.0589805 -0.81056 -3.17808 5.77679 1 0 0 0 0 0 0 0
356 1 0.1 5.63498 2.3927 0.620094 -0.31117 -0.0326944 0.182043 -0.116752 0.754489 -0.636298 1 0 0 0 0 0 0 0
357 1 0.1 5.37237 2.43401 0.56761 0.00755043 -0.0291744 -0.0099745 -0.11788 -0.11575 -0.219865 1 0 0 0 0 0 0 0
358 1 0.1 5.46386 2.6069 0.511608 0.00299591 0.0250933 -0.0294745 0.192366 0.948741 0.567663 1 0 0 0 0 0 0 0
359 1 0.1 5.47267 3.12687 0.481809 0.0207922 -0.0114686 -0.000728917 0.0649193 -0.0303845 -0.0255444 1 0 0 0 0 0 0 0
360 1 0.1 5.46014 2.94711 0.310875 0.011531 -0.0161687 0.00597878 0.0360195 -0.0531389 -0.130564 1 0 0 0 0 0 0 0
361 1 0.1 5.22048 2.80601 0.483541 0.0188787 -0.0111037 0.0070806 0.0276651 -0.0898595 0.0192026 1 0 0 0 0 0 0 0
362 1 0.1 4.96226 2.98725 0.58318 -0.0386353 0.0889706 0.0315196 0.131246 -0.634195 2.8317 1 0 0 0 0 0 0 0
363 1 0.1 5.22433 3.06733 0.603851 0.0161848 -0.00695587 0.010667 0.240843 -0.599526 -0.447276 1 0 0 0 0 0 0 0
364 1 0.1 5.41653 3.28287 0.592222 0.0207023 -0.0145268 0.00499347 0.046827 -0.0439449 -0.0397685 1 0 0 0 0 0 0 0
365 1 0.1 5.35303 2.95472 0.50029 0.00607912 -0.000362662 -0.00744026 0.168827 0.521573 0.187767 1 0 0 0 0 0 0 0
366 1 0.1 5.60422 3.35022 0.586903 0.0195917 -0.0163156 0.00675066 0.041096 0.0706666 -0.0263706 1 0 0 0 0 0 0 0
367 1 0.1 5.77844 3.06361 0.701599 0.0131481 -0.0370086 -0.00963525 -0.023923 0.187365 -0.312865 1 0 0 0 0 0 0 0
368 1 0.1 5.63062 3.24835 0.416538 0.0204856 -0.00883011 0.00599584 0.126315 -0.029139 -0.0134857 1 0 0 0 0 0 0 0
369 1 0.1 5.77915 3.44376 0.611148 0.0136816 -0.00548146 0.00175433 -0.01064 0.00227629 0.160624 1 0 0 0 0 0 0 0
370 1 0.1 5.74893 2.91729 0.553462 0.000300353 -0.0141154 -0.15194 -0.627941 1.65633 0.00954745 1 0 0 0 0 0 0 0
371 1 0.1 5.88561 3.74856 0.762552 0.00226413 -0.000425351 -0.000588475 0.00116653 -0.0232495 -0.0215671 1 0 0 0 0 0 0 0
372 1 0.1 5.92851 4.31488 0.568942 0.000243387 0.0012566 -0.00185707 0.0326518 0.0154714 0.0451887 1 0 0 0 0 0 0 0
373 1 0.1 6.08255 4.58042 0.579578 0.00455418 0.000796789 -0.00405475 0.0643616 0.00782363 -0.0615906 1 0 0 0 0 0 0 0
374 1 0.1 6.19149 4.75535 0.595953 0.00513972 -0.00359818 -0.00154456 0.0452138 -0.00229811 0.0371509 1 0 0 0 0 0 0 0
375 1 0.1 6.04199 0.98483 0.73874 0.00166096 -0.000892679 0.00137903 0.0152242 -0.00911391 -0.0147949 1 0 0 0 0 0 0 0
376 1 0.1 5.89074 1.13535 0.762298 0.000671556 -0.000964684 0.00250969 0.0214921 -0.00317105 -0.00295487 1 0 0 0 0 0 0 0
377 1 0.1 5.75548 1.27518 0.716213 0.00136904 -0.00276358 0.0044363 0.0011033 -0.011024 0.00775635 1 0 0 0 0 0 0 0
378 1 0.1 5.60607 1.41608 0.750008 0.000129153 4.23962e-05 -0.000549155 -0.0019392 0.000446935 -0.00393181 1 0 0 0 0 0 0 0
379 1 0.1 5.46346 1.55856 0.751013 0.00152304 -0.00295179 -0.00400225 -0.0301678 0.0159793 0.0152216 1 0 0 0 0 0 0 0
380 1 0.1 5.20658 1.81827 0.755756 0.00532504 -0.00742061 -0.00899193 -0.257324 -0.151964 0.023985 1 0 0 0 0 0 0 0
381 1 0.1 5.06946 1.96762 0.765223 0.0132192 0.0308033 0.0052858 0.365207 -0.198215 -0.189584 1 0 0 0 0 0 0 0
382 1 0.1 4.715 2.31074 0.741318 0.006778 -0.0082452 0.000930098 0.0318874 0.0222871 -0.095214 1 0 0 0 0 0 0 0
383 1 0.1 4.5755 2.45166 0.766768 0.00592487 -0.00871795 -0.00368388 -0.0501447 -0.0714333 0.0137712 1 0 0 0 0 0 0 0
384 1 0.1 4.43762 2.58854 0.76385 0.0107686 -0.0116372 0.00488423 0.144591 0.106982 -0.00485722 1 0 0 0 0 0 0 0
385 1 0.1 4.32854 2.70816 0.652057 0.0383604 -0.0034453 -0.00563786 0.138878 -0.718902 0.136615 1 0 0 0 0 0 0 0
386 1 0.1 4.19902 2.82356 0.748786 0.0197459 -0.0166712 -0.00525144 0.472947 0.467262 -0.114491 1 0 0 0 0 0 0 0
387 1 0.1 4.29272 2.99733 0.751987 0.00915804 -0.00812208 0.00726553 -0.0938416 -0.0230681 0.239655 1 0 0 0 0 0 0 0
388 1 0.1 4.2029 3.17368 0.762785 0.00719824 -0.00423687 -0.000650876 -0.0218127 -0.0566276 -0.0763717 1 0 0 0 0 0 0 0
389 1 0.1 4.3394 3.31688 0.749127 0.00136832 0.00148792 -0.00320874 -0.0692723 0.014399 0.058671 1 0 0 0 0 0 0 0
390 1 0.1 4.51176 3.49556 0.740744 -0.0112517 -0.0197541 -0.0344226 -0.163377 -0.12889 0.474653 1 0 0 0 0 0 0 0
391 1 0.1 4.65588 3.63406 0.757849 -3.21426e-05 -0.000384343 -0.000927411 0.00340689 0.0101194 -0.00564244 1 0 0 0 0 0 0 0
392 1 0.1 4.80146 3.7817 0.740774 -0.000408772 0.00383234 0.0130501 -0.0564282 -0.123897 0.0305675 1 0 0 0 0 0 0 0
393 1 0.1 5.08466 4.06323 0.763406 0.0042144 0.00571921 0.00275976 -0.0454752 0.0776846 0.0344995 1 0 0 0 0 0 0 0
394 1 0.1 5.22578 4.20314 0.762807 0.00363783 0.00179573 -0.00140107 0.0300377 -0.000541807 -0.0292841 1 0 0 0 0 0 0 0
395 1 0.1 5.50715 4.48689 0.759868 0.00140406 0.00651107 -0.000962753 -0.0408462 0.09529 -0.100763 1 0 0 0 0 0 0 0
396 1 0.1 5.65187 4.62324 0.759763 0.0122021 -0.00738494 -0.00915732 0.0262954 -0.0925311 0.178318 1 0 0 0 0 0 0 0
397 1 0.1 5.78838 4.76849 0.754197 0.00108772 0.00213466 -6.14777e-05 0.00298161 -0.00916046 -0.026715 1 0 0 0 0 0 0 0
398 1 0.1 5.92872 4.91022 0.750058 0.000816118 0.000994418 0.000727719 -0.00831202 -0.00551372 0.0175442 1 0 0 0 0 0 0 0
399 1 0.1 6.06995 5.05133 0.750156 -4.8364e-05 0.000429315 0.000370259 -0.00357705 -0.00476117 -0.0136533 1 0 0 0 0 0 0 0
400 1 0.1 6.32654 0.699311 0.756567 0.00198045 -0.00152939 0.0013697 0.00977704 -0.00539933 0.010598 1 0 0 0 0 0 0 0
401 1 0.1 6.07357 1.17097 0.674996 0.000436925 -0.00122131 0.00168037 -0.0142485 0.0239233 0.0190416 1 0 0 0 0 0 0 0
402 1 0.1 5.95601 1.32221 0.728759 -0.00227785 0.000486644 0.000249407 -0.0344419 0.0184056 0.00938192 1 0 0 0 0 0 0 0
403 1 0.1 5.81609 1.45946 0.762903 -0.00106158 -0.000887088 -8.90783e-05 -0.0276475 0.0284633 0.00204896 1 0 0 0 0 0 0 0
404 1 0.1 5.67716 1.60243 0.762724 0.0013785 0.000186587 -0.0017893 -0.0127338 -0.0235206 -0.0142722 1 0 0 0 0 0 0 0
405 1 0.1 5.39165 1.74441 0.762722 0.00745924 -0.00218554 0.00130278 0.0291253 0.0636009 -0.0356216 1 0 0 0 0 0 0 0
406 1 0.1 5.2618 2.01708 0.762969 0.0138791 -0.000584885 -0.00243634 -0.0243905 -0.0563067 -0.104771 1 0 0 0 0 0 0 0
407 1 0.1 5.14245 2.20353 0.763522 0.0191507 0.00117806 -0.000822913 0.0288821 -0.187739 -0.0701216 1 0 0 0 0 0 0 0
408 1 0.1 5.02466 2.2692 0.618055 0.0311598 0.00591531 -0.00369554 0.145964 0.00797148 0.152505 1 0 0 0 0 0 0 0
409 1 0.1 4.94326 2.37089 0.766836 0.0216103 -0.00174029 0.00216432 -0.0319189 -0.171039 -0.264545 1 0 0 0 0 0 0 0
410 1 0.1 4.84023 2.61611 0.764504 -0.0250555 0.0211799 0.000185147 0.0708963 0.204896 -0.272835 1 0 0 0 0 0 0 0
411 1 0.1 4.62096 2.82223 0.76753 -0.0135285 0.0337445 -0.00812063 0.458022 0.0275152 -0.902545 1 0 0 0 0 0 0 0
412 1 0.1 4.52661 2.89235 0.617065 -0.000192382 0.0161386 -0.0414764 -0.292927 0.379402 0.122202 1 0 0 0 0 0 0 0
413 1 0.1 4.43132 3.14025 0.762922 -0.00158716 0.00321002 0.00191169 0.00628156 0.00458292 -0.0803582 1 0 0 0 0 0 0 0
414 1 0.1 4.54262 3.30715 0.764783 0.0177847 -0.00681956 0.00323479 -0.168407 -0.150719 -0.108292 1 0 0 0 0 0 0 0
415 1 0.1 4.70212 3.42698 0.762358 0.0142671 -0.00594163 0.00271184 -0.0889138 -0.0262302 0.14172 1 0 0 0 0 0 0 0
416 1 0.1 4.84422 3.56715 0.762566 0.0021523 0.00268799 -0.000362493 0.0116366 -0.01384 0.00602203 1 0 0 0 0 0 0 0
417 1 0.1 4.94467 3.92365 0.762979 0.00859239 0.0114347 0.00248655 0.112783 -0.0985038 -0.0543756 1 0 0 0 0 0 0 0
418 1 0.1 5.12589 3.84026 0.763056 0.00063679 -0.00369663 0.00271969 0.0074582 -0.018556 -0.0219973 1 0 0 0 0 0 0 0
419 1 0.1 5.36631 4.34494 0.762375 0.00222662 0.00345375 0.00317425 -0.012371 -0.0139896 0.0367858 1 0 0 0 0 0 0 0
420 1 0.1 5.59182 4.28804 0.762427 -0.00565358 0.00269898 -0.000611019 0.0163792 -0.00198376 0.121665 1 0 0 0 0 0 0 0
421 1 0.1 5.72398 4.4374 0.762724 0.0063797 -0.00654899 -0.000628383 -0.0656691 -0.0573156 -0.276587 1 0 0 0 0 0 0 0
422 1 0.1 5.86329 4.57991 0.762394 0.0112498 -0.0114177 -0.00492189 0.0346445 0.0800943 0.197695 1 0 0 0 0 0 0 0
423 1 0.1 6.0012 4.72429 0.759757 -0.00019629 0.000544512 -0.00475729 0.0628272 0.0178943 -0.0322063 1 0 0 0 0 0 0 0
424 1 0.1 6.21132 5.19264 0.750005 0.000414778 0.000729076 4.50133e-06 -0.00306218 0.002381 0.0105567 1 0 0 0 0 0 0 0
425 1 0.1 6.46678 0.556969 0.750013 0.00158938 -0.00161435 0.000420915 0.00890623 0.00398323 -0.0225721 1 0 0 0 0 0 0 0
426 1 0.1 6.22305 1.0674 0.757991 0.0029482 -0.000557908 -0.000344124 -0.0286662 0.00638789 -0.0116598 1 0 0 0 0 0 0 0
427 1 0.1 6.15109 1.34955 0.762505 -0.00251602 -0.00114352 0.000611131 -0.0235172 -0.0350825 -0.0355729 1 0 0 0 0 0 0 0
428 1 0.1 5.9369 1.66221 0.761379 0.0253869 0.000109086 0.00851511 0.00756827 -0.116383 0.0513893 1 0 0 0 0 0 0 0
429 1 0.1 5.7849 1.79135 0.76279 0.0169634 -0.00639115 -0.00268522 -0.0598775 0.0194333 0.0300978 1 0 0 0 0 0 0 0
430 1 0.1 5.5858 1.79055 0.762846 0.0125187 -0.00752543 -0.00467443 -0.0970021 -0.0616397 0.00246417 1 0 0 0 0 0 0 0
431 1 0.1 5.44478 1.93704 0.762838 0.0113468 -0.00517352 0.00220019 -0.00900477 -0.0296013 0.0095279 1 0 0 0 0 0 0 0
432 1 0.1 5.34934 2.19621 0.762987 0.0156918 -0.00270751 -0.000557944 -0.0964806 -0.147953 0.0630493 1 0 0 0 0 0 0 0
433 1 0.1 5.34963 2.3961 0.762598 0.0288592 -0.00253994 -0.000610363 0.0387086 -0.0616488 0.0965844 1 0 0 0 0 0 0 0
434 1 0.1 5.24353 2.56538 0.76263 0.0266836 -0.00191974 0.00145264 -0.00557445 0.0365406 -0.100379 1 0 0 0 0 0 0 0
435 1 0.1 5.04573 2.53952 0.758575 0.0266709 -0.00187593 -0.000601159 -0.196077 -0.177521 0.232713 1 0 0 0 0 0 0 0
436 1 0.1 4.69159 2.67437 0.654437 -0.0259758 0.0113184 -0.00730357 0.137246 -0.094076 0.22169 1 0 0 0 0 0 0 0
437 1 0.1 4.72578 2.98574 0.762751 0.0228425 -0.00163214 0.00316802 -0.199028 0.0175912 0.361336 1 0 0 0 0 0 0 0
438 1 0.1 4.67822 3.17249 0.742474 -0.000671718 -0.0128238 0.00109127 0.0572646 0.445531 -0.193478 1 0 0 0 0 0 0 0
439 1 0.1 4.84756 3.265 0.763744 -0.018204 0.00419435 -0.00128209 0.0792793 0.0988864 0.160161 1 0 0 0 0 0 0 0
440 1 0.1 5.02059 3.51147 0.686643 0.00244937 0.0019388 -0.000418097 -0.194781 0.0659703 0.0707216 1 0 0 0 0 0 0 0
441 1 0.1 4.98479 3.70444 0.726941 -0.000239754 0.00514055 -0.00402562 0.189741 0.25297 -0.0289514 1 0 0 0 0 0 0 0
442 1 0.1 5.17168 3.64321 0.760882 -2.14369e-05 -0.00333529 -0.0181838 -0.0388122 -0.147471 -0.0280891 1 0 0 0 0 0 0 0
443 1 0.1 5.30087 4.01643 0.762768 -0.00193159 -0.00433563 -0.000922123 -0.0193942 -0.0328343 0.159359 1 0 0 0 0 0 0 0
444 1 0.1 5.43957 4.15934 0.7626 -0.00515673 0.000849038 -0.000392431 0.0354146 0.0491247 -0.106165 1 0 0 0 0 0 0 0
445 1 0.1 5.62461 4.08465 0.754107 -0.0051645 0.00360482 -0.00122959 -0.00462496 -0.0450602 0.131521 1 0 0 0 0 0 0 0
446 1 0.1 5.7793 4.21071 0.762662 -0.000543828 -0.00256993 -0.000186632 -0.0198779 0.009353 -0.215366 1 0 0 0 0 0 0 0
447 1 0.1 5.90912 4.36252 0.762521 0.0041011 -0.007926 0.000203437 0.0538488 0.0241199 0.160675 1 0 0 0 0 0 0 0
448 1 0.1 6.14252 4.86545 0.762527 0.000845462 0.00084014 -4.83671e-05 0.0119948 -0.00876655 0.0261897 1 0 0 0 0 0 0 0
449 1 0.1 6.35469 5.337 0.75009 0.000543049 0.000819364 0.000321288 0.00113243 -0.00461901 0.00926269 1 0 0 0 0 0 0 0
450 1 0.1 6.40774 0.846015 0.647854 0.003298 -0.00264896 0.00166737 -0.018066 -0.0127071 -0.0146107 1 0 0 0 0 0 0 0
451 1 0.1 6.1815 0.842193 0.750527 0.00121349 -0.00117518 0.000746272 0.00433578 0.00223381 -0.00030857 1 0 0 0 0 0 0 0
452 1 0.1 6.2664 1.50091 0.70107 -0.0659426 -0.0206247 -0.164986 -0.27634 2.51892 -0.136061 1 0 0 0 0 0 0 0
453 1 0.1 6.08359 1.83283 0.762523 -0.136934 -0.0642124 0.00203337 0.0842133 -0.257014 -1.56468 1 0 0 0 0 0 0 0
454 1 0.1 5.9852 2.00683 0.762531 0.00405921 0.0170233 -0.0013114 0.128109 -0.00735894 0.167285 1 0 0 0 0 0 0 0
455 1 0.1 5.78664 1.99039 0.747116 0.00849983 -0.00612855 0.000693861 0.0955508 0.0258563 0.0411788 1 0 0 0 0 0 0 0
456 1 0.1 5.64177 2.12692 0.762688 0.00807722 -0.00519546 0.00271548 -0.0266923 -0.0425754 -0.0595551 1 0 0 0 0 0 0 0
457 1 0.1 5.52585 2.28917 0.762676 0.0112402 -0.000909107 -0.0010257 -0.0312886 0.0140339 0.0107013 1 0 0 0 0 0 0 0
458 1 0.1 5.52645 2.48881 0.760451 0.0276396 -0.000466904 0.00402264 0.0575018 0.0582561 -0.0405101 1 0 0 0 0 0 0 0
459 1 0.1 5.4179 2.66271 0.759841 0.0306788 -0.00936667 -0.00743689 0.0391783 0.0922301 0.0208853 1 0 0 0 0 0 0 0
460 1 0.1 5.21213 2.76231 0.752221 0.0288106 -0.00294585 0.000949025 -0.0138486 0.0473818 0.0735818 1 0 0 0 0 0 0 0
461 1 0.1 5.00247 2.73098 0.764594 -0.00052367 -0.00860663 -0.00178286 0.215722 -0.0917497 0.0206491 1 0 0 0 0 0 0 0
462 1 0.1 4.9025 2.90081 0.75323 0.0199369 0.00589347 0.00963681 -0.0536912 0.0166869 -0.264706 1 0 0 0 0 0 0 0
463 1 0.1 4.95083 3.0943 0.752873 0.000403413 0.0104836 0.0195998 0.23938 0.0257434 0.455722 1 0 0 0 0 0 0 0
464 1 0.1 5.03925 3.32752 0.764514 -0.0190825 -0.000385697 0.00427771 0.0410458 0.259614 -0.00183585 1 0 0 0 0 0 0 0
465 1 0.1 5.2006 3.44543 0.762327 -0.0129244 -0.00645659 -0.00429125 -0.0788343 -0.00221868 -0.0952836 1 0 0 0 0 0 0 0
466 1 0.1 5.43534 3.40096 0.762661 -0.000110484 -0.00728965 -0.000587752 -0.0605868 -0.0117317 -0.0107193 1 0 0 0 0 0 0 0
467 1 0.1 5.3638 3.58872 0.762761 0.00218793 0.00210302 0.00112974 0.0320277 -0.0535597 0.0769642 1 0 0 0 0 0 0 0
468 1 0.1 5.45677 3.75108 0.693435 0.00326762 -0.00170821 -0.00223111 -0.0193286 -0.0386575 -0.0503711 1 0 0 0 0 0 0 0
469 1 0.1 5.49443 3.93354 0.762994 0.00669866 -0.00653064 0.00130052 -0.112344 -0.0526015 0.0398963 1 0 0 0 0 0 0 0
470 1 0.1 5.8094 3.96066 0.762193 -0.0030717 -0.0067674 -0.00401988 0.057914 -0.0229466 -0.110877 1 0 0 0 0 0 0 0
471 1 0.1 5.94844 4.10422 0.762504 -0.00324997 -0.0052379 3.528e-05 -0.029265 0.00676139 0.134515 1 0 0 0 0 0 0 0
472 1 0.1 6.06562 4.25422 0.701233 -0.000118712 -0.0096737 -0.00675549 -0.0190768 0.0467642 -0.193027 1 0 0 0 0 0 0 0
473 1 0.1 6.27919 5.00625 0.724975 4.96162e-05 0.00141312 0.000900176 -0.00549507 -0.000190667 -0.0124831 1 0 0 0 0 0 0 0
474 1 0.1 6.38721 5.1614 0.660132 0.000972011 0.000903865 0.000533629 -0.000337785 -0.00117229 -6.57751e-05 1 0 0 0 0 0 0 0
475 1 0.1 6.41437 1.0097 0.762526 0.00340914 -0.00162317 -1.94188e-05 -0.00193266 0.000484659 0.00161359 1 0 0 0 0 0 0 0
476 1 0.1 6.25199 1.24063 0.61772 -0.0299214 0.0502439 -0.0295238 -0.423573 0.160666 0.708996 1 0 0 0 0 0 0 0
477 1 0.1 5.81697 2.47593 0.573446 -0.143747 -0.198937 -0.142708 1.49564 4.9773 0.532433 1 0 0 0 0 0 0 0
478 1 0.1 6.13538 1.63888 0.762502 0.029207 -0.00136964 -0.000113674 0.0857673 0.191206 -0.0574002 1 0 0 0 0 0 0 0
479 1 0.1 5.59173 3.0264 0.762596 0.0106971 -0.00602899 0.0011134 -0.0591787 -0.0844249 0.0139067 1 0 0 0 0 0 0 0
480 1 0.1 5.87442 2.16773 0.719858 -0.0250494 0.0070042 0.00769 0.00133306 -0.684927 1.03957 1 0 0 0 0 0 0 0
481 1 0.1 5.7553 2.32216 0.762771 -0.104185 -0.0493006 -0.00212447 -0.453063 1.07026 0.0599858 1 0 0 0 0 0 0 0
482 1 0.1 5.7553 2.5218 0.761916 -0.0286936 -0.0533304 -0.0226724 0.244637 0.484974 -0.807409 1 0 0 0 0 0 0 0
483 1 0.1 5.61001 2.78123 0.599967 0.0480301 -0.0183921 -0.00618526 -0.0307209 -0.24517 0.338795 1 0 0 0 0 0 0 0
484 1 0.1 5.55733 2.97116 0.572431 0.0155139 -0.0186353 -0.00731185 0.0829915 -0.040161 -0.00884956 1 0 0 0 0 0 0 0
485 1 0.1 5.48755 2.85579 0.762602 0.011415 -0.00520524 0.000905822 -0.0471115 -0.109831 -0.00904856 1 0 0 0 0 0 0 0
486 1 0.1 5.298 2.94621 0.762608 0.0158496 -0.00745918 0.000491617 -0.00291651 -0.014699 -0.00631736 1 0 0 0 0 0 0 0
487 1 0.1 5.09959 2.92689 0.762612 0.018217 -0.0125021 0.00148835 -0.0339898 0.0341427 0.0677398 1 0 0 0 0 0 0 0
488 1 0.1 5.1408 3.1553 0.762635 -0.000325613 0.0030482 0.00261652 0.0405461 0.0205698 -0.265762 1 0 0 0 0 0 0 0
489 1 0.1 5.33219 3.23 0.763829 0.00961509 -0.0105068 -0.0021525 -0.0887346 -0.0983364 0.0694818 1 0 0 0 0 0 0 0
490 1 0.1 5.4203 3.07573 0.672926 0.0162464 -0.0121637 -0.00279956 -0.0425356 0.0459034 -0.0293144 1 0 0 0 0 0 0 0
491 1 0.1 5.53156 3.21713 0.762503 0.010866 -0.00656136 0.00171222 -0.00396146 0.0362099 -0.0289442 1 0 0 0 0 0 0 0
492 1 0.1 5.72869 3.25025 0.761714 0.0104035 0.00284634 -0.00606769 0.0455324 0.0530175 0.12594 1 0 0 0 0 0 0 0
493 1 0.1 5.59522 3.62494 0.76093 0.000162473 -0.00838761 -0.00588556 0.116301 -0.000263844 0.0290851 1 0 0 0 0 0 0 0
494 1 0.1 5.69083 3.80001 0.76275 -0.00642067 -0.00523091 0.000321515 -0.0553131 0.0770057 0.0775122 1 0 0 0 0 0 0 0
495 1 0.1 5.64712 3.4329 0.76296 0.0101327 -0.00621793 0.00109551 -0.152979 -0.116913 0.107449 1 0 0 0 0 0 0 0
496 1 0.1 5.78856 3.57392 0.7626 0.00234332 -0.00080624 0.000158604 -0.025453 0.00738789 0.0215742 1 0 0 0 0 0 0 0
497 1 0.1 6.04905 4.50655 0.762383 0.0128011 -0.00535538 -0.00507789 -0.0403875 -0.0691276 -0.145904 1 0 0 0 0 0 0 0
498 1 0.1 6.19284 4.64533 0.762644 0.00999658 -0.00351371 -0.000328875 -0.053749 -0.0801231 0.171457 1 0 0 0 0 0 0 0
499 1 0.1 6.32845 4.79218 0.759528 0.00137633 0.00342614 0.00072313 -0.0141388 -0.000751975 -0.0454456 1 0 0 0 0 0 0 0
