500
0 1 0.1 6.06938 0.949575 0.150123 -0.00143065 -0.000881532 -0.00199334 0.00568897 0.0178464 -0.0584147 1 0 0 0 0 0 0 0
1 1 0.1 5.9286 1.09111 0.147291 -0.00069113 0.00120917 -0.00109159 0.00490076 -0.00927333 0.0389792 1 0 0 0 0 0 0 0
2 1 0.1 5.78831 1.23321 0.14018 -0.00352885 -0.00142971 0.00945749 0.165303 -0.0327192 0.0402642 1 0 0 0 0 0 0 0
3 1 0.1 5.64589 1.37263 0.150077 0.000517685 0.00627958 -0.00726028 0.0407817 -0.29802 -0.210676 1 0 0 0 0 0 0 0
4 1 0.1 5.50486 1.5132 0.152966 -0.00564049 0.00595706 -0.00969746 -0.00142543 0.112732 0.166165 1 0 0 0 0 0 0 0
5 1 0.1 5.29805 1.71716 0.149988 0.00194855 -0.00298522 -0.000292053 -0.00795218 0.000456635 -0.0385308 1 0 0 0 0 0 0 0
6 1 0.1 5.15798 1.85944 0.139704 0.00140315 -0.00317008 -0.00121995 -0.00714203 0.0821876 -0.0845857 1 0 0 0 0 0 0 0
7 1 0.1 5.01313 2.00824 0.138309 0.000566838 -0.00117281 -0.000135294 0.00769674 -0.000355885 0.00157086 1 0 0 0 0 0 0 0
8 1 0.1 4.87784 2.14618 0.189279 -0.000154127 -0.00131598 -0.00321133 -0.0485878 0.00341825 0.0131208 1 0 0 0 0 0 0 0
9 1 0.1 4.72825 2.29178 0.144544 -0.001013 0.00154026 0.000275887 -0.0138779 -0.0119352 0.0251567 1 0 0 0 0 0 0 0
10 1 0.1 4.44904 2.57059 0.139166 -0.00356154 -0.00646638 -0.00256637 -0.0108076 0.00244234 -0.0312364 1 0 0 0 0 0 0 0
11 1 0.1 4.29262 2.73075 0.14678 0.000366869 0.000176972 -0.00324567 0.00855265 0.0380151 0.00306552 1 0 0 0 0 0 0 0
12 1 0.1 4.1872 2.9006 0.149965 4.28301e-05 1.1197e-05 -0.000239297 0.00210433 0.00243874 0.000383703 1 0 0 0 0 0 0 0
13 1 0.1 4.19129 3.10476 0.164016 0.000626551 0.00098434 0.00403602 -0.00217421 -0.0372902 0.0138526 1 0 0 0 0 0 0 0
14 1 0.1 4.29762 3.27246 0.167916 0.000189973 -0.000994184 0.00464222 -0.068596 -0.0581749 -0.0114519 1 0 0 0 0 0 0 0
15 1 0.1 4.49117 3.46555 0.143168 1.31883e-05 -0.0012855 0.00110509 -0.0396846 -0.0222303 0.0494127 1 0 0 0 0 0 0 0
16 1 0.1 4.63252 3.60687 0.144476 -0.000866717 -0.000596691 0.000909209 -0.00640135 -0.0100107 -0.0127774 1 0 0 0 0 0 0 0
17 1 0.1 4.78585 3.76344 0.145184 -0.00390113 -0.00452203 -0.00549746 0.0586092 -0.0103654 -0.00696156 1 0 0 0 0 0 0 0
18 1 0.1 5.03401 4.00677 0.139601 0.00242588 -0.00300326 -0.00197164 -0.0530028 -0.0947212 -0.0832132 1 0 0 0 0 0 0 0
19 1 0.1 5.17001 4.15126 0.149085 -0.000699737 -0.000456274 0.00038091 0.00879218 0.0178951 0.128166 1 0 0 0 0 0 0 0
20 1 0.1 5.31184 4.29217 0.148455 -0.000231467 -0.000119626 -0.000183943 -0.00244581 -0.003836 0.00287834 1 0 0 0 0 0 0 0
21 1 0.1 5.45298 4.43378 0.150028 -0.000194741 -0.000122051 -7.61788e-05 0.000352367 0.00113986 -0.0019601 1 0 0 0 0 0 0 0
22 1 0.1 5.74321 4.4445 0.276022 -0.00326894 -0.00388732 0.000611487 -0.0159432 0.0194077 0.00235439 1 0 0 0 0 0 0 0
23 1 0.1 5.64397 4.61963 0.13746 -0.000627149 -0.00105945 9.33146e-05 0.0118832 -0.00441935 -0.00801453 1 0 0 0 0 0 0 0
24 1 0.1 5.83805 4.81457 0.149521 0.000569195 0.000632336 -0.000223437 0.00475406 -0.00258865 0.00495551 1 0 0 0 0 0 0 0
25 1 0.1 6.35181 0.667277 0.14998 -0.00054224 0.000602427 2.43312e-06 7.19573e-05 0.000893422 0.0081918 1 0 0 0 0 0 0 0
26 1 0.1 6.10637 1.18184 0.137446 -0.00758528 0.0149167 0.00172467 -0.188986 -0.125931 0.117277 1 0 0 0 0 0 0 0
27 1 0.1 5.96243 1.33121 0.13748 -0.0127461 0.018369 -0.00181436 -0.0154928 0.261991 0.183199 1 0 0 0 0 0 0 0
28 1 0.1 5.81586 1.47487 0.161803 -0.0292109 0.0646186 0.139282 1.20639 -1.90005 0.715471 1 0 0 0 0 0 0 0
29 1 0.1 5.67542 1.61468 0.137363 -0.0264059 0.0356124 -0.00469871 -0.295431 -0.302726 0.202564 1 0 0 0 0 0 0 0
30 1 0.1 5.48786 1.74195 0.224142 -0.0212187 0.0682636 0.0230774 0.835839 0.344489 -0.0256358 1 0 0 0 0 0 0 0
31 1 0.1 5.35112 1.90966 0.137245 8.51795e-05 -0.000801876 -0.000245862 0.00470757 -0.0105736 0.0567111 1 0 0 0 0 0 0 0
32 1 0.1 5.20869 2.05217 0.136868 -0.000331272 -0.00242633 0.00123526 0.0196099 -0.0102563 0.0441551 1 0 0 0 0 0 0 0
33 1 0.1 5.06267 2.2029 0.13706 0.00808435 -0.00144621 7.48256e-05 0.0191917 0.055357 0.0189024 1 0 0 0 0 0 0 0
34 1 0.1 4.92116 2.34077 0.196379 -0.00524407 -0.00195723 -0.00977796 -0.030853 -0.0673809 0.0298297 1 0 0 0 0 0 0 0
35 1 0.1 4.58968 2.43323 0.171671 0.0030008 0.00445735 0.00605686 0.146152 -0.00129107 0.0190972 1 0 0 0 0 0 0 0
36 1 0.1 4.54549 2.74472 0.136782 -0.000420785 -0.00172075 -0.00101495 -0.0828279 0.0686826 0.0271545 1 0 0 0 0 0 0 0
37 1 0.1 4.42742 2.90499 0.13617 -0.00482678 -0.00067168 -0.000641266 0.267839 0.106127 0.0797277 1 0 0 0 0 0 0 0
38 1 0.1 4.38877 3.09739 0.136116 -0.000640149 -0.00212085 -0.000857101 0.0246665 0.0153541 0.0688101 1 0 0 0 0 0 0 0
39 1 0.1 4.4949 3.26654 0.140608 -0.00129914 -0.00333367 0.00808026 -0.0249675 -0.0136021 -0.0736268 1 0 0 0 0 0 0 0
40 1 0.1 4.6662 3.36918 0.150752 -0.00199981 -0.0045295 0.0158077 -0.0250357 -0.104317 0.0344942 1 0 0 0 0 0 0 0
41 1 0.1 4.83941 3.57357 0.136541 -0.00468163 -0.00719114 -0.00135716 -0.0661518 -0.153074 -0.0192465 1 0 0 0 0 0 0 0
42 1 0.1 4.97701 3.81653 0.137362 -0.00398379 -0.00129006 -0.000355186 0.00446729 -0.0161279 0.0226431 1 0 0 0 0 0 0 0
43 1 0.1 5.34988 3.91849 0.317519 -0.00414897 0.00326172 -0.000729489 0.0658496 0.0334026 -0.0488235 1 0 0 0 0 0 0 0
44 1 0.1 5.33875 4.10475 0.244509 0.000830021 0.00713619 0.00199829 -0.0062643 -0.0325433 -0.0283842 1 0 0 0 0 0 0 0
45 1 0.1 5.48392 4.19101 0.137489 0.00134702 0.0030469 -1.30614e-05 -0.0673876 0.0327514 0.034784 1 0 0 0 0 0 0 0
46 1 0.1 5.85594 4.28492 0.159958 0.000196913 0.000854087 -0.00196243 0.0359136 -0.000121293 -0.0422579 1 0 0 0 0 0 0 0
47 1 0.1 5.93777 4.45237 0.230651 -0.00234312 0.00112826 0.00047308 -0.00920973 -0.00497119 0.0578453 1 0 0 0 0 0 0 0
48 1 0.1 5.88785 4.62161 0.137487 -0.00186609 0.000374288 -0.00024369 0.00587942 -0.0363139 -0.0367802 1 0 0 0 0 0 0 0
49 1 0.1 6.12092 5.09669 0.148512 8.22736e-05 0.000141973 0.00012997 -0.000656161 -0.00146164 0.000707664 1 0 0 0 0 0 0 0
50 1 0.1 6.49323 0.525921 0.150031 -0.000288739 0.000647629 -0.00015066 0.00099881 0.00104792 0.000717555 1 0 0 0 0 0 0 0
51 1 0.1 6.24723 1.03991 0.137459 -0.00948549 0.0109367 0.000979109 -0.1071 -0.0988058 0.214922 1 0 0 0 0 0 0 0
52 1 0.1 5.99901 1.53041 0.134336 -0.0581887 0.0363059 -0.00924652 -0.90946 0.982514 -1.55906 1 0 0 0 0 0 0 0
53 1 0.1 5.86507 1.67715 0.141293 -0.033386 0.0522866 0.00610678 -0.408612 -0.0458226 -0.0237016 1 0 0 0 0 0 0 0
54 1 0.1 5.83109 1.8729 0.137521 -0.028842 0.0486664 0.00538194 0.348756 0.354379 -0.00854904 1 0 0 0 0 0 0 0
55 1 0.1 5.68206 1.78668 0.238444 -0.0145273 0.0285949 0.00776915 0.500183 0.181041 -0.296405 1 0 0 0 0 0 0 0
56 1 0.1 5.55764 1.90459 0.13632 0.00306899 0.0496704 0.00182269 -0.78102 -0.0474309 -0.372823 1 0 0 0 0 0 0 0
57 1 0.1 5.37529 2.1622 0.137421 -0.00282999 0.00116575 0.000938633 -0.0285228 0.000267109 0.014076 1 0 0 0 0 0 0 0
58 1 0.1 5.23235 2.30862 0.137498 0.00281449 0.0109595 -4.39565e-05 0.086134 0.00918114 0.122005 1 0 0 0 0 0 0 0
59 1 0.1 5.08298 2.44156 0.137144 -0.00610511 0.000119359 0.000596669 -0.0100159 -0.071887 0.023774 1 0 0 0 0 0 0 0
60 1 0.1 4.87679 2.54789 0.136989 -0.0028134 0.0025925 0.00179294 -0.0343878 -0.0145947 0.0178727 1 0 0 0 0 0 0 0
61 1 0.1 4.68486 2.60191 0.135414 -0.00159076 -0.000989519 -0.00275993 0.0714539 -0.131789 0.0951124 1 0 0 0 0 0 0 0
62 1 0.1 4.64269 2.92935 0.135178 -0.00364774 -0.0094851 0.00152399 0.061429 -0.0103861 -0.0167292 1 0 0 0 0 0 0 0
63 1 0.1 4.63862 3.12856 0.138093 -0.00503513 -0.00873676 0.0102354 0.0188641 -0.00493146 0.018578 1 0 0 0 0 0 0 0
64 1 0.1 4.83385 3.29963 0.23628 0.00631255 -0.00138781 0.00922876 -0.0594991 0.161277 0.101384 1 0 0 0 0 0 0 0
65 1 0.1 4.95653 3.41312 0.135668 -0.00521279 -0.00635316 -0.00303854 -0.110824 0.0052173 -0.0638838 1 0 0 0 0 0 0 0
66 1 0.1 5.04908 3.58902 0.136983 -0.00576412 -0.00489107 0.000978461 -0.040552 0.0417548 0.0576283 1 0 0 0 0 0 0 0
67 1 0.1 5.16988 3.76555 0.138323 -0.00413003 0.00582312 0.00224466 0.00872048 -0.0163634 0.0359381 1 0 0 0 0 0 0 0
68 1 0.1 5.43286 3.90107 0.137093 -0.00373931 0.00451292 -0.000545059 -0.0368883 -0.0325658 0.0519082 1 0 0 0 0 0 0 0
69 1 0.1 5.51657 4.01954 0.274466 -0.00280548 -0.00023034 0.00218445 0.0148873 0.0272946 -0.0592023 1 0 0 0 0 0 0 0
70 1 0.1 5.69578 4.16852 0.136687 0.00302901 -0.000265882 -0.000116567 -0.0173449 0.0467241 0.0729955 1 0 0 0 0 0 0 0
71 1 0.1 5.91986 4.10158 0.207164 -0.0725929 -0.00574536 0.0760722 -0.0327904 -2.45114 -0.12042 1 0 0 0 0 0 0 0
72 1 0.1 6.05351 4.26372 0.137423 0.000380774 0.00134919 -0.000259673 -0.00799999 0.00133413 0.000216506 1 0 0 0 0 0 0 0
73 1 0.1 6.03032 4.76177 0.137212 -0.00015572 -0.00106666 8.79972e-05 0.00841209 -0.00272976 0.021793 1 0 0 0 0 0 0 0
74 1 0.1 6.28087 5.26165 0.149984 1.62662e-05 7.71029e-05 -5.13081e-05 -2.21912e-05 0.000246579 -0.000334439 1 0 0 0 0 0 0 0
75 1 0.1 6.53888 0.736653 0.137497 -0.0246063 0.0655795 -1.43183e-05 -0.181999 -0.0680054 0.697863 1 0 0 0 0 0 0 0
76 1 0.1 6.21431 0.812193 0.146344 -0.00336974 -0.00249689 -0.00187676 -0.0174084 -0.00980919 0.033918 1 0 0 0 0 0 0 0
77 1 0.1 6.06655 1.71279 0.180478 -0.0491079 0.0662314 -0.14018 -0.234592 2.18837 -0.28493 1 0 0 0 0 0 0 0
78 1 0.1 5.91982 2.07454 0.257992 0.00805051 0.0441832 0.00525693 -0.481951 -0.250402 -0.589 1 0 0 0 0 0 0 0
79 1 0.1 5.79891 2.23116 0.230267 0.0346829 0.0569882 -0.00708299 0.434023 0.175053 0.254473 1 0 0 0 0 0 0 0
80 1 0.1 5.76137 2.05878 0.137264 0.0122445 0.0590368 0.000196419 -0.55068 0.0567095 -0.423791 1 0 0 0 0 0 0 0
81 1 0.1 5.56709 2.10568 0.137373 0.000919965 0.00870375 -0.00011571 -0.0815923 0.0397516 0.05934 1 0 0 0 0 0 0 0
82 1 0.1 5.48547 2.32878 0.141815 -0.0169408 0.00943063 -0.00359965 -0.0331069 0.000974462 0.140089 1 0 0 0 0 0 0 0
83 1 0.1 5.45754 2.50835 0.225028 -0.0124365 0.00920209 8.99608e-06 0.075983 -0.0639547 -0.21534 1 0 0 0 0 0 0 0
84 1 0.1 5.27229 2.50417 0.150027 -0.0122268 0.0163645 0.00056451 0.00169853 0.0697669 0.163671 1 0 0 0 0 0 0 0
85 1 0.1 5.11807 2.63873 0.137438 0.000783165 -0.00178906 -0.000784091 0.0135893 0.00994632 -0.0186567 1 0 0 0 0 0 0 0
86 1 0.1 4.82151 2.74731 0.137491 -0.000941035 -0.00258941 0.00132387 -0.134584 -0.0174844 -0.137812 1 0 0 0 0 0 0 0
87 1 0.1 4.83979 2.9445 0.162753 7.35592e-05 -0.000455967 0.00612015 0.163223 -0.000750275 0.130576 1 0 0 0 0 0 0 0
88 1 0.1 4.89134 3.13581 0.137385 -0.00181932 2.10188e-06 0.000476103 -0.0438078 0.0191208 -0.047018 1 0 0 0 0 0 0 0
89 1 0.1 5.06051 3.24233 0.138082 -0.0013581 -0.00195949 -0.00140209 0.00240629 -0.0150279 0.0315141 1 0 0 0 0 0 0 0
90 1 0.1 5.15528 3.41844 0.137211 -0.00139066 0.00110942 -0.00133965 -0.03367 0.0245767 0.127419 1 0 0 0 0 0 0 0
91 1 0.1 5.25715 3.5879 0.163904 -0.00691285 0.00622677 -0.00180441 0.0453373 -0.00803114 -0.0473059 1 0 0 0 0 0 0 0
92 1 0.1 5.42024 3.70153 0.147152 -0.00249898 0.00164953 0.00103534 0.0101967 0.0138643 -0.0182709 1 0 0 0 0 0 0 0
93 1 0.1 5.60328 3.78047 0.137429 -0.000529892 0.000288712 3.45712e-05 0.00441916 0.00339967 -0.00312746 1 0 0 0 0 0 0 0
94 1 0.1 5.66063 3.97189 0.137432 0.00390788 -0.000838128 -0.00132001 -0.032186 0.0127575 -0.0506842 1 0 0 0 0 0 0 0
95 1 0.1 5.85512 3.92587 0.137418 0.00322805 -0.00544459 -0.000294278 -0.00558504 -0.00189811 0.00943365 1 0 0 0 0 0 0 0
96 1 0.1 5.88999 3.64167 0.312179 0.000882626 0.0635453 0.0345562 -0.0752034 -0.355582 0.567126 1 0 0 0 0 0 0 0
97 1 0.1 6.07929 4.05407 0.318017 -0.107388 -0.235061 0.0274858 2.15032 2.427 -1.28291 1 0 0 0 0 0 0 0
98 1 0.1 5.98045 4.95463 0.156297 1.5475e-05 0.000359168 7.97908e-05 -2.31807e-05 0.000322376 -0.00291082 1 0 0 0 0 0 0 0
99 1 0.1 6.33934 5.0709 0.137436 -0.000121415 0.000199139 -4.36837e-05 -0.000743683 -0.00222597 -0.0013184 1 0 0 0 0 0 0 0
100 1 0.1 6.41033 1.08983 0.241696 -0.00282423 0.0537465 -0.030275 -0.0688635 0.429205 0.194805 1 0 0 0 0 0 0 0
101 1 0.1 6.12821 1.40506 0.22126 -4.16158e-05 0.0554568 -0.0593753 -0.237595 0.295672 0.190548 1 0 0 0 0 0 0 0
102 1 0.1 6.13741 1.66547 0.582923 0.0670323 0.0994725 -0.0160685 -0.052116 -0.799452 -0.316426 1 0 0 0 0 0 0 0
103 1 0.1 6.00458 1.89508 0.23426 -0.00484035 0.0478953 -0.0333348 0.603087 0.250843 0.540793 1 0 0 0 0 0 0 0
104 1 0.1 5.72004 2.65994 0.319672 0.00639231 -0.00231784 -0.00707522 -0.0481974 0.0327348 -0.0225274 1 0 0 0 0 0 0 0
105 1 0.1 5.68226 2.36367 0.137474 -0.018491 0.00858385 0.000651889 0.0180516 -0.0445425 -0.138876 1 0 0 0 0 0 0 0
106 1 0.1 5.68066 2.5631 0.137381 0.000194718 0.00440621 -0.000374207 -0.0180485 -0.00602774 -0.0904103 1 0 0 0 0 0 0 0
107 1 0.1 5.51728 2.67745 0.136794 0.00498392 0.00640171 -0.000940747 -0.0645882 0.0501471 0.0315903 1 0 0 0 0 0 0 0
108 1 0.1 5.50664 2.67844 0.335438 0.0229362 0.0101982 -0.00415375 0.0235296 0.111903 0.0899739 1 0 0 0 0 0 0 0
109 1 0.1 5.43648 2.85964 0.150442 0.0093969 0.00804275 0.0011284 0.0158873 0.134084 -0.0642307 1 0 0 0 0 0 0 0
110 1 0.1 5.31559 2.69895 0.137354 -0.000668433 0.0144401 0.00145449 -0.161681 -0.0306914 0.00451729 1 0 0 0 0 0 0 0
111 1 0.1 5.00805 2.81908 0.137487 0.00178817 -0.0114269 -0.000192835 0.116406 0.0275746 0.0447907 1 0 0 0 0 0 0 0
112 1 0.1 5.02004 2.99523 0.232078 0.00742025 0.00114666 0.00168441 0.140528 0.151111 -0.0294187 1 0 0 0 0 0 0 0
113 1 0.1 5.17917 3.06939 0.137294 0.00633581 0.00842777 -0.00106389 -0.00788328 -0.0238699 0.00328871 1 0 0 0 0 0 0 0
114 1 0.1 5.27555 3.22266 0.222057 -0.00475202 0.0133378 0.0014455 0.0688514 0.0625253 0.0211913 1 0 0 0 0 0 0 0
115 1 0.1 5.33261 3.41421 0.227823 0.00199674 0.0117987 -0.00568825 -0.108371 0.0248203 -0.0893132 1 0 0 0 0 0 0 0
116 1 0.1 5.48272 3.50892 0.137191 0.00435062 0.00250405 -0.00158921 -0.023905 0.0351263 0.0170714 1 0 0 0 0 0 0 0
117 1 0.1 5.66639 3.58734 0.137591 0.00509476 -0.00124851 -1.01531e-05 0.0252799 -0.0455565 -0.052611 1 0 0 0 0 0 0 0
118 1 0.1 5.65621 3.37651 0.137429 -0.000541279 -7.0802e-05 0.000537047 0.00276776 0.00262078 -0.000150335 1 0 0 0 0 0 0 0
119 1 0.1 5.47066 3.30214 0.137425 -0.00219838 0.000289523 -0.000419049 -0.0051657 -0.01757 -0.0102073 1 0 0 0 0 0 0 0
120 1 0.1 5.8227 3.71178 0.137407 0.00385401 -0.000195049 0.00217032 -0.00793575 0.0323255 0.0645449 1 0 0 0 0 0 0 0
121 1 0.1 5.79385 3.50275 0.419149 0.0110007 0.0109774 -0.0147536 -0.00380546 0.18839 0.0652899 1 0 0 0 0 0 0 0
122 1 0.1 6.11134 4.48653 0.137475 -0.00207378 0.00233176 0.000141357 -0.0304799 0.00599204 -0.0334611 1 0 0 0 0 0 0 0
123 1 0.1 6.13262 4.63012 0.274856 0.000246166 0.0019232 -0.00056122 0.0249918 -0.0120044 -0.00690291 1 0 0 0 0 0 0 0
124 1 0.1 6.22943 4.75708 0.154415 -0.000508367 0.00965767 0.00687277 0.0356819 -0.0648992 0.0900076 1 0 0 0 0 0 0 0
125 1 0.1 6.07711 0.937792 0.35112 -0.00328551 0.00542141 0.00613915 0.0219417 -0.0660255 0.116324 1 0 0 0 0 0 0 0
126 1 0.1 5.9359 1.07893 0.349531 0.0110472 -0.00384827 -0.0139689 -0.170119 -0.0480106 -0.137833 1 0 0 0 0 0 0 0
127 1 0.1 5.79619 1.22117 0.34146 -0.0192598 -0.0484437 0.111634 1.58285 0.359991 0.656571 1 0 0 0 0 0 0 0
128 1 0.1 5.66048 1.36222 0.376481 0.102414 -0.00272011 0.0586223 0.109401 -3.68804 -4.65559 1 0 0 0 0 0 0 0
129 1 0.1 5.51139 1.50415 0.352635 -0.00621023 0.00029496 -0.0102443 -0.0374602 0.0914508 0.0179945 1 0 0 0 0 0 0 0
130 1 0.1 5.22691 1.78855 0.350159 0.00155646 -0.00278241 0.000236101 0.00730091 0.00436997 -0.0339674 1 0 0 0 0 0 0 0
131 1 0.1 5.0921 1.93128 0.312824 0.00361372 -5.7281e-05 -0.0044771 -0.0208342 -0.078596 0.0105735 1 0 0 0 0 0 0 0
132 1 0.1 4.92836 2.10166 0.378338 0.0008289 -0.000560795 0.00143728 0.00598637 0.0027933 -0.0194311 1 0 0 0 0 0 0 0
133 1 0.1 4.76603 2.2628 0.369685 0.00422294 -0.00509653 -0.000531716 0.00229591 0.0148957 -0.0502501 1 0 0 0 0 0 0 0
134 1 0.1 4.62323 2.40256 0.363702 0.00574221 -0.0072797 0.00185106 -0.0192992 0.0182862 0.0409755 1 0 0 0 0 0 0 0
135 1 0.1 4.37682 2.64918 0.308715 -0.000676025 -0.0122028 -0.0103497 -0.0573292 0.0304857 0.0491547 1 0 0 0 0 0 0 0
136 1 0.1 4.20476 2.81775 0.347141 8.49939e-05 0.00273409 0.000476216 -0.0179596 0.17555 -0.0536046 1 0 0 0 0 0 0 0
137 1 0.1 4.18752 3.01402 0.358157 0.0102585 0.0107083 0.0114329 -0.279375 -0.406121 0.164322 1 0 0 0 0 0 0 0
138 1 0.1 4.22923 3.20892 0.348158 0.00601393 0.00699235 -0.00110098 0.00333654 0.000725229 0.0560925 1 0 0 0 0 0 0 0
139 1 0.1 4.37032 3.3505 0.350011 0.00490188 0.00730697 3.13866e-05 0.000475792 -0.000493766 -0.0112506 1 0 0 0 0 0 0 0
140 1 0.1 4.58119 3.55451 0.331138 -0.00872861 -0.0110141 -7.65163e-05 0.0496812 -0.0351851 -0.160089 1 0 0 0 0 0 0 0
141 1 0.1 4.721 3.69697 0.342119 -0.00795714 -0.00995576 0.00607916 -0.0241291 -0.0360691 0.156588 1 0 0 0 0 0 0 0
142 1 0.1 4.86402 3.8341 0.315146 -0.00575467 -0.0102562 -0.00699505 -0.0325556 0.099074 -0.128578 1 0 0 0 0 0 0 0
143 1 0.1 5.03376 4.01109 0.339298 0.0013169 0.00257188 -0.00187231 0.0521733 0.0219491 -0.122391 1 0 0 0 0 0 0 0
144 1 0.1 5.17467 4.15225 0.348965 0.00531376 -0.00280643 0.000235647 0.0245636 0.0176198 0.0478038 1 0 0 0 0 0 0 0
145 1 0.1 5.31481 4.29459 0.350334 0.000868419 0.000365183 0.000337757 -0.00451224 0.000552963 0.00611054 1 0 0 0 0 0 0 0
146 1 0.1 5.45612 4.43599 0.349988 0.000231553 0.000314426 -2.59428e-05 0.00032783 -0.00033571 0.00173441 1 0 0 0 0 0 0 0
147 1 0.1 5.61397 4.58588 0.332217 -0.00175327 -0.0014632 0.000187401 -0.00292905 -0.0023895 -0.0234181 1 0 0 0 0 0 0 0
148 1 0.1 5.75224 4.72919 0.350175 -0.00180156 -0.00066563 -0.00353411 0.00252902 0.047521 -0.000417566 1 0 0 0 0 0 0 0
149 1 0.1 6.03545 5.01228 0.349709 0.00039708 -0.000185169 -0.000589129 0.00775929 -0.00168132 0.00555436 1 0 0 0 0 0 0 0
150 1 0.1 6.25146 0.772029 0.349953 -0.0942576 0.0843162 0.00469701 0.00290669 -0.000902625 0.00250043 1 0 0 0 0 0 0 0
151 1 0.1 5.98894 1.27199 0.326769 -0.0695617 0.115535 0.0419997 0.268313 0.872734 0.919029 1 0 0 0 0 0 0 0
152 1 0.1 5.84411 1.4174 0.3451 0.105788 0.0464462 0.0971386 -0.664362 2.89461 5.19404 1 0 0 0 0 0 0 0
153 1 0.1 5.69526 1.58023 0.333898 -0.0142598 0.000455421 -0.0383164 0.107866 0.243836 -0.000897511 1 0 0 0 0 0 0 0
154 1 0.1 5.55714 1.70532 0.406482 0.0188646 0.016794 -0.00248063 -0.0458276 -0.0387203 0.627261 1 0 0 0 0 0 0 0
155 1 0.1 5.36932 1.64481 0.349491 -0.00356106 0.00395694 -0.00909067 -0.0927384 0.105284 0.020727 1 0 0 0 0 0 0 0
156 1 0.1 5.26903 1.99524 0.38043 -0.00344287 0.0073362 0.00696694 -0.0890455 -0.0243567 0.0201229 1 0 0 0 0 0 0 0
157 1 0.1 5.13452 2.12557 0.305947 -0.000632863 0.000175849 0.00424909 -0.0375694 0.0126157 -0.0298778 1 0 0 0 0 0 0 0
158 1 0.1 4.96309 2.29762 0.392478 0.00418002 -0.00140336 0.0213181 0.207536 0.125618 -0.0131536 1 0 0 0 0 0 0 0
159 1 0.1 4.80267 2.46262 0.30086 0.0059863 -0.00674402 0.00387697 0.167502 0.176978 -0.0842821 1 0 0 0 0 0 0 0
160 1 0.1 4.5692 2.58357 0.298774 -0.00472422 -0.012995 0.0181438 0.0448043 0.152457 0.195401 1 0 0 0 0 0 0 0
161 1 0.1 4.40018 2.8456 0.319728 0.00201187 -0.026023 -0.00972678 0.014387 -0.00268086 -0.138724 1 0 0 0 0 0 0 0
162 1 0.1 4.38285 3.04087 0.357756 0.018178 -0.0315479 0.0125424 -0.462958 0.227939 -0.920948 1 0 0 0 0 0 0 0
163 1 0.1 4.52368 3.17857 0.367886 0.0988786 -0.103762 0.0288007 -0.386829 -1.3054 -0.182586 1 0 0 0 0 0 0 0
164 1 0.1 4.61405 3.35507 0.350518 0.0557407 -0.0729381 0.0258313 -0.43403 -0.157814 0.876567 1 0 0 0 0 0 0 0
165 1 0.1 4.76068 3.47644 0.290968 -0.00654576 -0.0061972 0.00282655 -0.146369 -0.00792155 0.219391 1 0 0 0 0 0 0 0
166 1 0.1 4.9344 3.61235 0.305461 -0.00767319 -0.00722707 -0.00230421 -0.0178436 0.106406 0.133761 1 0 0 0 0 0 0 0
167 1 0.1 5.07227 3.81661 0.313162 -0.00135721 0.00227944 -0.00102641 0.0324943 0.0527289 0.180266 1 0 0 0 0 0 0 0
168 1 0.1 5.19408 3.94834 0.437719 -0.00395863 -0.00342262 -0.00176322 0.0153193 -0.0584556 0.0509238 1 0 0 0 0 0 0 0
169 1 0.1 5.34594 4.07296 0.472188 -0.00339198 -0.00546239 0.00542841 0.0182242 -0.0104703 -0.0708343 1 0 0 0 0 0 0 0
170 1 0.1 5.48323 4.19167 0.389193 0.00494151 -0.0123895 0.00650355 0.00392094 0.00672274 -0.0522222 1 0 0 0 0 0 0 0
171 1 0.1 5.62973 4.28083 0.286972 0.00199366 -0.00834684 0.00332 0.0378427 0.0542653 0.0671007 1 0 0 0 0 0 0 0
172 1 0.1 5.85157 4.35793 0.41993 -0.000807226 -0.00238434 -0.000353022 -0.00695054 0.0105224 -0.00282958 1 0 0 0 0 0 0 0
173 1 0.1 5.84409 4.55988 0.403961 -0.000641501 -0.000203646 -0.00454426 -0.043974 0.0125888 -0.00912861 1 0 0 0 0 0 0 0
174 1 0.1 6.17678 5.15376 0.350047 0.000274255 0.000245319 0.000118114 0.00247071 0.0064005 -0.0142755 1 0 0 0 0 0 0 0
175 1 0.1 6.39287 0.630649 0.350007 -0.0952788 0.0866483 0.00147778 0.0156757 0.0146361 0.0271866 1 0 0 0 0 0 0 0
176 1 0.1 6.14292 1.12486 0.325588 -0.128739 0.0556931 0.0373392 -0.132758 -1.3425 0.463415 1 0 0 0 0 0 0 0
177 1 0.1 5.96486 1.60616 0.315836 0.0775592 0.0724564 0.00351495 0.930266 -0.901931 1.22791 1 0 0 0 0 0 0 0
178 1 0.1 5.81991 1.73185 0.372045 -0.00652207 -0.0152265 -0.0140987 -0.338669 0.101429 -0.187634 1 0 0 0 0 0 0 0
179 1 0.1 5.67616 1.91491 0.39108 0.00923413 0.0159831 0.0180613 -0.376456 -0.118826 0.0416414 1 0 0 0 0 0 0 0
180 1 0.1 5.4132 1.85493 0.379234 -0.0074279 0.0224938 0.000265993 -0.023824 -0.0135862 0.306057 1 0 0 0 0 0 0 0
181 1 0.1 5.44455 2.02319 0.272148 -0.00406614 0.00834204 -0.00516143 -0.0690189 0.0364848 0.051226 1 0 0 0 0 0 0 0
182 1 0.1 5.29505 2.23891 0.341203 0.0020988 0.00313398 -0.00565406 -0.0214202 -0.0178756 0.0366553 1 0 0 0 0 0 0 0
183 1 0.1 5.13544 2.35451 0.308974 -0.00286665 0.00308408 0.00359407 -0.0307336 0.122693 -0.0396916 1 0 0 0 0 0 0 0
184 1 0.1 4.99734 2.51573 0.301644 -0.0120504 -0.00262906 -0.00347626 0.162589 -0.122865 -0.285803 1 0 0 0 0 0 0 0
185 1 0.1 4.72676 2.60492 0.419716 0.00285736 -0.00749988 0.0127969 0.0429739 -0.0535555 -0.0575243 1 0 0 0 0 0 0 0
186 1 0.1 4.58832 2.78034 0.326527 -0.00207163 -0.0157617 -0.000413535 0.257338 -0.298381 0.116516 1 0 0 0 0 0 0 0
187 1 0.1 4.62857 3.00171 0.316186 0.1688 -0.122342 0.0594929 1.01625 2.15789 0.6482 1 0 0 0 0 0 0 0
188 1 0.1 4.71954 3.17606 0.33658 0.101981 -0.0787847 0.0327755 0.812217 1.06418 0.503239 1 0 0 0 0 0 0 0
189 1 0.1 4.92115 3.1505 0.334928 0.055968 0.017185 -0.00585019 0.0871284 0.0541835 0.35036 1 0 0 0 0 0 0 0
190 1 0.1 4.90705 3.33098 0.419047 0.0182106 0.0088457 0.00485095 0.0370584 0.00740332 0.179617 1 0 0 0 0 0 0 0
191 1 0.1 5.13378 3.61228 0.319432 -0.00541457 0.00813572 0.00324177 0.0921468 -0.0280475 0.0236203 1 0 0 0 0 0 0 0
192 1 0.1 5.2983 3.72575 0.326406 -0.000427403 0.00537395 0.00869112 -0.109155 0.21445 0.0892321 1 0 0 0 0 0 0 0
193 1 0.1 5.49573 3.78701 0.353706 -0.00460539 0.00242188 -0.00504209 -0.0541197 0.0247577 0.031343 1 0 0 0 0 0 0 0
194 1 0.1 5.6284 3.92554 0.41016 -0.00276091 -0.000201764 0.000866713 0.00427979 0.0370175 0.0075276 1 0 0 0 0 0 0 0
195 1 0.1 5.69756 4.08969 0.319592 -0.00164791 -0.00334285 -0.00219896 -0.0271912 -0.0104777 0.012867 1 0 0 0 0 0 0 0
196 1 0.1 5.86207 4.15608 0.411798 0.00168616 -0.00603941 -0.00494483 0.0997925 0.0741001 -0.00166156 1 0 0 0 0 0 0 0
197 1 0.1 6.0069 4.26813 0.331709 -0.000755449 -0.0015984 -0.00136034 0.0393464 -0.0161549 -0.0027172 1 0 0 0 0 0 0 0
198 1 0.1 5.89543 4.86984 0.358195 -0.000105204 0.000390534 0.00015396 -0.00871356 0.00837473 0.00896934 1 0 0 0 0 0 0 0
199 1 0.1 6.31817 5.29512 0.349997 0.000581244 0.000387495 -5.95728e-06 -0.0010917 -0.000116502 0.00876023 1 0 0 0 0 0 0 0
200 1 0.1 6.41456 0.862813 0.230629 -0.205779 -0.0537421 -0.0903661 -0.184218 2.15853 -2.23864 1 0 0 0 0 0 0 0
201 1 0.1 6.2724 0.969003 0.322727 -0.0212651 0.0773642 0.0312353 -0.116877 -0.185933 0.577128 1 0 0 0 0 0 0 0
202 1 0.1 5.87564 1.92763 0.389215 0.0113276 -0.00166509 0.00845633 -0.19961 0.171957 -0.218585 1 0 0 0 0 0 0 0
203 1 0.1 5.5715 2.67316 0.762787 0.00128985 0.00668689 -0.00131803 0.0743464 -0.0344141 -0.0550891 1 0 0 0 0 0 0 0
204 1 0.1 5.73872 2.29628 0.408977 0.0181686 0.00371382 0.0062891 0.0175423 -0.230714 0.117133 1 0 0 0 0 0 0 0
205 1 0.1 5.65845 2.09878 0.314856 0.00739812 0.0059464 -0.00366537 0.144523 0.0269262 0.0122081 1 0 0 0 0 0 0 0
206 1 0.1 5.49054 2.19955 0.354201 0.00614285 0.00250038 0.00333354 0.106942 -0.0872775 -0.0279126 1 0 0 0 0 0 0 0
207 1 0.1 5.35783 2.42518 0.377935 0.00475531 0.00473659 -0.0153281 -0.069494 0.0621397 -0.0482093 1 0 0 0 0 0 0 0
208 1 0.1 5.3127 2.61115 0.316713 -0.00419046 0.0190562 0.00587288 0.105834 0.00231705 -0.030239 1 0 0 0 0 0 0 0
209 1 0.1 5.10049 2.69991 0.326895 0.00282547 -0.00471243 -0.000982128 0.0214446 -0.00689378 -0.0201851 1 0 0 0 0 0 0 0
210 1 0.1 4.92774 2.66114 0.419509 -0.00119401 0.00561496 -0.0118814 -0.139087 -0.109527 -0.0257818 1 0 0 0 0 0 0 0
211 1 0.1 4.7845 2.78735 0.36178 -0.00634928 -0.00350231 -0.00178401 -0.00194831 0.33734 0.0413619 1 0 0 0 0 0 0 0
212 1 0.1 4.8192 2.98398 0.363753 0.185797 -0.0380113 -0.065231 0.103833 -0.953854 0.736169 1 0 0 0 0 0 0 0
213 1 0.1 5.04583 3.027 0.427381 0.031063 0.00889668 -0.00335665 -0.223006 -0.00256206 -0.244739 1 0 0 0 0 0 0 0
214 1 0.1 5.10461 3.22628 0.335137 0.037349 0.018474 4.11734e-05 0.0955718 -0.0410325 -0.164164 1 0 0 0 0 0 0 0
215 1 0.1 5.16529 3.41555 0.336555 0.0106599 0.0099648 -0.000808368 -0.0888909 0.0664554 0.303216 1 0 0 0 0 0 0 0
216 1 0.1 5.307 3.54059 0.400794 0.00671394 0.00638244 -0.00177769 0.22438 0.0235277 -0.174562 1 0 0 0 0 0 0 0
217 1 0.1 5.49991 3.59072 0.318159 0.000458217 0.00236817 -0.00197267 0.0197905 -0.0439065 0.0235869 1 0 0 0 0 0 0 0
218 1 0.1 5.69088 3.64839 0.328763 -0.00228258 0.00551859 -4.33721e-06 0.0167305 0.0185003 0.0101928 1 0 0 0 0 0 0 0
219 1 0.1 5.75492 3.78056 0.464583 -0.00277205 -9.29973e-05 0.000515155 0.0220541 0.022393 0.00682132 1 0 0 0 0 0 0 0
220 1 0.1 5.74042 3.83373 0.272583 -0.00193415 0.00154744 0.0014393 -0.00992933 -0.0376487 0.00177115 1 0 0 0 0 0 0 0
221 1 0.1 5.82528 3.95965 0.405745 -0.00278828 -0.00454445 -0.0112606 -0.00504864 0.0869802 -0.0430151 1 0 0 0 0 0 0 0
222 1 0.1 6.00385 3.99879 0.494731 -0.0521623 -0.25565 0.0446735 -0.184857 -0.531509 -2.77524 1 0 0 0 0 0 0 0
223 1 0.1 6.10787 4.83073 0.30762 0.000313222 -0.000280274 9.28325e-05 -0.00960989 0.0113225 -0.00836569 1 0 0 0 0 0 0 0
224 1 0.1 6.24232 4.97662 0.284506 -8.92524e-05 -8.1373e-05 -0.000633968 0.00355994 -0.00333731 0.00892379 1 0 0 0 0 0 0 0
225 1 0.1 6.27344 1.26687 0.206739 -0.000772603 0.0695239 -0.0778153 -0.198145 0.957042 0.358449 1 0 0 0 0 0 0 0
226 1 0.1 6.1983 1.30668 0.387652 0.00818558 0.0494281 -0.0666152 0.722439 -1.04512 -1.01466 1 0 0 0 0 0 0 0
227 1 0.1 6.05539 1.44564 0.402976 0.0640894 0.103062 -0.0434937 -0.344761 1.001 0.200968 1 0 0 0 0 0 0 0
228 1 0.1 5.8199 2.11494 0.43169 -0.00762916 -0.00824894 0.019276 0.261915 -0.264692 0.109115 1 0 0 0 0 0 0 0
229 1 0.1 5.66507 2.84717 0.732631 0.00946226 0.00412056 0.00645337 -0.0197755 -0.0735412 -0.0139647 1 0 0 0 0 0 0 0
230 1 0.1 5.5531 2.38945 0.354302 0.00462364 0.00323762 -0.0161699 -0.310877 0.0229547 0.0720308 1 0 0 0 0 0 0 0
231 1 0.1 5.72576 2.49422 0.430992 0.00653471 0.00289609 0.000808365 -0.050036 0.031076 -0.0202563 1 0 0 0 0 0 0 0
232 1 0.1 5.62031 2.58724 0.572791 0.011122 0.00834518 -0.000356663 0.0618376 -0.0551162 -0.108255 1 0 0 0 0 0 0 0
233 1 0.1 5.59222 3.04526 0.310025 0.0362375 0.0280751 0.0324214 -0.0293252 -0.306648 0.0481277 1 0 0 0 0 0 0 0
234 1 0.1 5.20211 2.86737 0.137377 0.000929187 -0.00837717 0.000345759 0.0802725 0.0172145 -0.0230188 1 0 0 0 0 0 0 0
235 1 0.1 5.34236 2.80509 0.353534 0.0204271 0.0189042 0.00257587 -0.160662 -0.0997716 -0.229828 1 0 0 0 0 0 0 0
236 1 0.1 4.97389 2.85066 0.361947 -0.00193814 -0.00702191 -0.00624699 -0.0573217 -0.138394 -0.000230937 1 0 0 0 0 0 0 0
237 1 0.1 5.16654 2.90026 0.331145 0.0130519 -0.0152195 0.00425387 -0.0134774 0.116801 0.0433656 1 0 0 0 0 0 0 0
238 1 0.1 5.23323 3.08421 0.391595 0.0284129 0.00492792 -0.000586251 -0.00837056 -0.0590854 0.0426696 1 0 0 0 0 0 0 0
239 1 0.1 5.28483 3.27594 0.414511 0.00853658 0.0118333 0.00228369 -0.0478719 -0.00604812 -0.320484 1 0 0 0 0 0 0 0
240 1 0.1 5.46786 3.20181 0.310181 0.012999 0.0108565 0.00471007 -0.11543 0.054894 0.237441 1 0 0 0 0 0 0 0
241 1 0.1 5.60128 3.12705 0.529568 0.0220394 0.00750855 0.00757172 0.0561723 0.0437854 -0.0621782 1 0 0 0 0 0 0 0
242 1 0.1 5.4442 3.39521 0.395795 0.0082707 0.00752156 -0.0269115 -0.128727 0.233044 0.226347 1 0 0 0 0 0 0 0
243 1 0.1 5.59569 3.14643 0.137446 -0.00192252 0.000204576 6.90395e-05 0.0126958 0.000975734 0.0186691 1 0 0 0 0 0 0 0
244 1 0.1 5.3806 3.05094 0.137337 0.0217516 0.0118043 -2.41041e-05 -0.130428 0.219719 -0.0915258 1 0 0 0 0 0 0 0
245 1 0.1 5.69534 2.97318 0.137301 0.00341446 0.00294599 -0.000746104 -0.0373601 0.0581051 0.0376751 1 0 0 0 0 0 0 0
246 1 0.1 5.62924 3.4387 0.325456 0.00221736 0.0033968 0.000754881 -0.0287318 0.0157301 -0.00376491 1 0 0 0 0 0 0 0
247 1 0.1 6.02556 4.46644 0.409533 -0.00194158 0.00422186 -7.18243e-05 0.00236089 0.0146739 -0.000289565 1 0 0 0 0 0 0 0
248 1 0.1 5.98879 4.69733 0.396297 -0.000569281 0.000108043 -0.000702134 0.0220216 -0.0118568 -0.00777404 1 0 0 0 0 0 0 0
249 1 0.1 6.24656 4.72702 0.407509 0.000186288 -3.43612e-06 0.000432018 -0.0111637 0.00179513 -0.00639684 1 0 0 0 0 0 0 0
250 1 0.1 6.11795 0.907389 0.554795 -0.00662211 0.00731872 -0.0011383 -0.0145854 0.00286428 0.0778552 1 0 0 0 0 0 0 0
251 1 0.1 5.96967 1.05485 0.5528 -0.0370015 0.0332059 0.010219 0.436175 0.35638 0.427002 1 0 0 0 0 0 0 0
252 1 0.1 5.83033 1.19737 0.53698 -0.0724859 -0.0179436 0.109964 -0.45035 0.182447 0.021609 1 0 0 0 0 0 0 0
253 1 0.1 5.63642 1.38828 0.567882 -0.065971 0.0188144 -0.0208328 -0.211192 0.944619 -0.0150835 1 0 0 0 0 0 0 0
254 1 0.1 5.49939 1.53204 0.565928 -0.0485379 0.0163035 -0.0339865 -0.0400866 0.101563 -0.0720349 1 0 0 0 0 0 0 0
255 1 0.1 5.21394 1.80793 0.551927 -0.00528914 0.00510117 -0.00897135 -0.065792 -0.00628314 0.00933792 1 0 0 0 0 0 0 0
256 1 0.1 5.08544 1.95422 0.510738 -0.00550266 -0.010123 -0.00608192 0.129283 -0.00124458 0.111589 1 0 0 0 0 0 0 0
257 1 0.1 4.9555 2.06915 0.607385 0.0113366 -0.0312369 0.0146372 0.201199 0.0846172 -0.216767 1 0 0 0 0 0 0 0
258 1 0.1 4.79484 2.23189 0.571111 -0.00468509 0.0122647 0.0184611 0.166843 -0.117987 0.113057 1 0 0 0 0 0 0 0
259 1 0.1 4.65197 2.37578 0.573515 0.000631488 -0.0114459 -0.00249563 -0.00237648 0.00280812 0.000855361 1 0 0 0 0 0 0 0
260 1 0.1 4.46808 2.55466 0.466996 0.0085334 -0.000310415 0.0290892 0.191316 -0.102859 -0.0134173 1 0 0 0 0 0 0 0
261 1 0.1 4.23531 2.78055 0.549891 0.017333 -0.0275484 -0.0108485 -0.0801231 0.0942673 -0.155785 1 0 0 0 0 0 0 0
262 1 0.1 4.19081 2.97668 0.550914 0.011305 -0.0295011 -0.0451656 0.360799 -0.510595 -0.272456 1 0 0 0 0 0 0 0
263 1 0.1 4.19147 3.17092 0.545962 -0.00652248 -0.00314538 -0.0120807 -0.0774836 -0.110534 0.138033 1 0 0 0 0 0 0 0
264 1 0.1 4.33221 3.3112 0.549864 0.014787 0.00515415 0.000588249 0.0162698 -0.0606401 0.238453 1 0 0 0 0 0 0 0
265 1 0.1 4.52606 3.50325 0.552108 0.0147685 0.0147335 0.0108762 -0.0115994 -0.0780915 0.0516618 1 0 0 0 0 0 0 0
266 1 0.1 4.66382 3.64741 0.55827 0.00874243 0.0105359 0.000710308 0.0508699 -0.0660072 0.104288 1 0 0 0 0 0 0 0
267 1 0.1 4.80712 3.7841 0.500194 0.000559358 -5.10426e-05 -0.00464377 0.0328456 0.0411593 -0.0032732 1 0 0 0 0 0 0 0
268 1 0.1 4.94123 3.9193 0.561181 -0.000490717 -0.000409267 -0.000966037 0.00947115 0.0032635 -0.00877712 1 0 0 0 0 0 0 0
269 1 0.1 5.08633 4.069 0.555234 -0.00425078 -0.00485385 -0.00235868 0.0119159 0.0243589 -0.0647853 1 0 0 0 0 0 0 0
270 1 0.1 5.36947 4.35435 0.552722 0.000225202 -0.00109468 0.0028712 0.0216001 -0.00631817 0.0307208 1 0 0 0 0 0 0 0
271 1 0.1 5.51185 4.494 0.549716 0.00953188 -0.0111735 0.00147005 -0.0362434 -0.0298736 -0.150202 1 0 0 0 0 0 0 0
272 1 0.1 5.65307 4.63427 0.561614 -0.00168166 -0.00146515 -0.00101487 -0.072999 0.026027 0.128839 1 0 0 0 0 0 0 0
273 1 0.1 5.79293 4.77645 0.546911 -0.000510919 -0.000857408 -0.000274521 0.00302309 0.00369818 -0.00523913 1 0 0 0 0 0 0 0
274 1 0.1 6.0601 5.03797 0.550138 7.61283e-05 0.000187593 -0.000862922 0.0176422 -0.0083635 -0.00423286 1 0 0 0 0 0 0 0
275 1 0.1 6.26683 0.756353 0.549821 -0.00740155 0.00911626 0.000392745 -0.00424711 -0.0218522 0.13327 1 0 0 0 0 0 0 0
276 1 0.1 6.0429 1.24594 0.523326 0.0953623 0.10394 0.0408409 1.5154 0.801154 -1.59127 1 0 0 0 0 0 0 0
277 1 0.1 5.91066 1.39468 0.531037 0.172452 0.16753 0.11045 1.42947 -3.0204 0.43234 1 0 0 0 0 0 0 0
278 1 0.1 5.78559 1.54028 0.584309 0.0515666 0.101628 0.0175864 0.377575 -0.612996 -0.0617193 1 0 0 0 0 0 0 0
279 1 0.1 5.64183 1.67807 0.583933 0.0162168 0.0559291 0.00317766 0.194519 -0.182783 0.603962 1 0 0 0 0 0 0 0
280 1 0.1 5.35505 1.66771 0.547362 -0.0204884 0.0151004 -0.0153263 0.0263386 0.0953002 -0.0469517 1 0 0 0 0 0 0 0
281 1 0.1 5.27561 2.12816 0.529692 0.00444437 0.0137578 0.00463469 0.0951455 -0.0808834 -0.0603416 1 0 0 0 0 0 0 0
282 1 0.1 5.1539 2.34498 0.556133 0.00381315 0.0077312 0.316385 0.806828 -3.89451 -0.364978 1 0 0 0 0 0 0 0
283 1 0.1 5.08467 2.16856 0.491939 -0.00641289 -0.00706023 0.00946529 0.0322557 0.0725473 0.372885 1 0 0 0 0 0 0 0
284 1 0.1 4.83072 2.41094 0.490289 -0.00328276 0.00935819 0.00857219 -0.344407 -0.270989 0.042328 1 0 0 0 0 0 0 0
285 1 0.1 4.65163 2.57342 0.602195 -0.0232505 -0.0263182 0.00399955 0.0731503 -0.222822 0.169786 1 0 0 0 0 0 0 0
286 1 0.1 4.46363 2.74976 0.476983 0.0120976 -0.000423024 0.00136359 -0.513587 0.257401 0.039499 1 0 0 0 0 0 0 0
287 1 0.1 4.36775 2.92831 0.541238 -0.0175045 -0.0229676 -0.0124835 0.141104 1.00176 1.90547 1 0 0 0 0 0 0 0
288 1 0.1 4.39211 3.125 0.537936 -0.0461941 -0.0183643 0.0120833 0.38876 -1.67758 -1.00096 1 0 0 0 0 0 0 0
289 1 0.1 4.53015 3.30549 0.528257 0.0140902 0.0239501 0.0108459 0.00302865 -0.0554115 -0.245262 1 0 0 0 0 0 0 0
290 1 0.1 4.70914 3.47057 0.482335 0.00154812 0.0116052 -0.000810437 -0.125894 0.057493 0.0194785 1 0 0 0 0 0 0 0
291 1 0.1 4.89047 3.55103 0.488165 0.00658953 -0.00453736 -0.00161093 -0.0489542 -0.00522543 0.0648573 1 0 0 0 0 0 0 0
292 1 0.1 4.9915 3.71964 0.468255 0.00186119 -0.00395685 -0.00220083 -0.016872 -0.0845505 -0.0433428 1 0 0 0 0 0 0 0
293 1 0.1 5.1376 3.80863 0.566468 -8.12658e-06 -0.00396987 -0.00109795 -0.0195611 0.0330766 0.0291909 1 0 0 0 0 0 0 0
294 1 0.1 5.22823 4.21297 0.552099 0.000482428 -0.00106717 0.00288556 -0.0274353 -0.0214853 -0.00444385 1 0 0 0 0 0 0 0
295 1 0.1 5.52186 4.22974 0.584883 0.00408433 0.00044987 0.00070691 0.0135788 0.00893995 0.0138358 1 0 0 0 0 0 0 0
296 1 0.1 5.63284 4.35709 0.471094 0.00424037 -0.0134069 0.00363475 0.0101143 0.034343 0.0977828 1 0 0 0 0 0 0 0
297 1 0.1 5.76741 4.47033 0.566136 -0.00253763 -0.00184723 -0.000741285 0.00532504 0.0422396 0.0902631 1 0 0 0 0 0 0 0
298 1 0.1 5.92652 4.63028 0.573543 -0.00103189 -0.00117033 -0.00125502 -0.00232507 0.00934652 -0.00153604 1 0 0 0 0 0 0 0
299 1 0.1 6.20147 5.17927 0.550158 9.22067e-05 9.72003e-06 2.92727e-05 -0.00375835 0.00446534 0.00195684 1 0 0 0 0 0 0 0
300 1 0.1 6.40827 0.614995 0.550014 -0.00767705 0.00868529 -0.000517788 0.00202772 0.003349 0.0166264 1 0 0 0 0 0 0 0
301 1 0.1 6.17552 1.09666 0.526488 -0.0158174 0.00746757 -0.0457007 -0.60703 -0.531227 0.13019 1 0 0 0 0 0 0 0
302 1 0.1 5.9672 1.58606 0.514579 0.0677151 0.0650225 0.00576623 -0.840353 0.65842 0.342341 1 0 0 0 0 0 0 0
303 1 0.1 5.84328 1.73242 0.570405 0.0178801 0.0317444 -0.0125687 -0.0848641 0.14637 0.655451 1 0 0 0 0 0 0 0
304 1 0.1 5.67964 1.87461 0.586347 0.0052343 -0.013383 0.0121519 0.67789 0.167508 -0.376165 1 0 0 0 0 0 0 0
305 1 0.1 5.49167 1.80823 0.599617 -0.00704326 0.0130914 0.00659403 -0.100584 -0.0584137 0.0569436 1 0 0 0 0 0 0 0
306 1 0.1 5.3545 1.94885 0.565832 -0.00553469 0.00717539 -0.00431408 0.0674213 -0.0633199 -0.018832 1 0 0 0 0 0 0 0
307 1 0.1 5.18279 2.50795 0.427265 0.00669104 -0.0018346 0.00558913 0.128724 0.156888 0.120575 1 0 0 0 0 0 0 0
308 1 0.1 5.22125 2.60825 0.59561 0.0155982 0.0144284 -0.00935211 0.0913596 0.39767 -0.00228913 1 0 0 0 0 0 0 0
309 1 0.1 5.01275 2.4839 0.528262 0.00217641 -0.00137364 0.00498477 -0.35729 -0.228869 0.000785239 1 0 0 0 0 0 0 0
310 1 0.1 4.85088 2.58427 0.586573 6.15683e-05 0.022759 -0.0143137 0.0548282 0.177945 -0.124433 1 0 0 0 0 0 0 0
311 1 0.1 4.64603 2.76755 0.556521 0.0128098 -0.017487 0.0509676 0.455282 -0.618421 -0.232423 1 0 0 0 0 0 0 0
312 1 0.1 4.55345 2.9252 0.476245 -0.00491321 -0.025649 0.0115559 -0.890221 -3.18197 -3.22145 1 0 0 0 0 0 0 0
313 1 0.1 4.57907 3.08546 0.589355 -0.045522 -0.0322868 0.0283069 0.755774 1.24762 1.71346 1 0 0 0 0 0 0 0
314 1 0.1 4.70413 3.26348 0.617551 0.00382597 0.000906974 0.00240484 0.143892 0.0931978 0.0429272 1 0 0 0 0 0 0 0
315 1 0.1 4.85427 3.39339 0.600469 0.0045023 0.000395595 0.00245882 -0.0100209 -0.110663 -0.0337979 1 0 0 0 0 0 0 0
316 1 0.1 5.0597 3.44885 0.502505 0.00806086 0.000824896 -0.000308456 0.00360395 -0.0114394 -0.0178969 1 0 0 0 0 0 0 0
317 1 0.1 5.16389 3.61761 0.517072 0.00564782 -0.0021132 0.00208006 -0.0011711 -0.04081 0.0248152 1 0 0 0 0 0 0 0
318 1 0.1 5.31521 3.88392 0.606677 -0.00871034 -0.000156019 0.0119983 -0.000129363 0.147118 0.103912 1 0 0 0 0 0 0 0
319 1 0.1 5.48231 4.03245 0.612636 0.00280311 -0.00398672 6.43922e-05 -0.105741 0.118868 0.00295941 1 0 0 0 0 0 0 0
320 1 0.1 5.6815 3.91899 0.602854 -0.00270653 -0.000897482 0.000379672 -0.0257328 0.042987 -0.0100347 1 0 0 0 0 0 0 0
321 1 0.1 5.65051 4.09483 0.513647 0.00223605 -0.00182621 0.00010656 0.00884259 -0.0250721 -0.0584218 1 0 0 0 0 0 0 0
322 1 0.1 5.77021 4.2464 0.564487 0.00855791 -0.00801332 -0.000484283 -0.0480836 -0.0175846 -0.0405533 1 0 0 0 0 0 0 0
323 1 0.1 5.97488 4.85761 0.56306 -0.000308767 0.000188785 -0.000368185 -0.0184605 -0.0097002 0.0110157 1 0 0 0 0 0 0 0
324 1 0.1 6.3429 5.32058 0.549633 1.66456e-05 -7.33555e-06 -0.000254645 0.00362277 0.000143438 0.000116249 1 0 0 0 0 0 0 0
325 1 0.1 6.42633 0.806984 0.440384 -0.0520576 0.0284094 -0.0564807 0.548305 0.817217 -0.318096 1 0 0 0 0 0 0 0
326 1 0.1 6.31031 0.949191 0.519794 -0.00561661 0.0149571 0.0334637 0.290164 -0.292778 -0.0366372 1 0 0 0 0 0 0 0
327 1 0.1 6.02743 1.77859 0.395087 0.0488413 0.0913744 -0.0114967 -1.1868 0.728258 -0.974797 1 0 0 0 0 0 0 0
328 1 0.1 5.86456 1.95025 0.587617 -0.00440435 0.0077726 0.00521756 -0.103678 0.140563 0.604634 1 0 0 0 0 0 0 0
329 1 0.1 5.70689 2.07266 0.591154 -0.0183358 -0.0091445 0.0108388 -0.108125 0.10298 -0.381421 1 0 0 0 0 0 0 0
330 1 0.1 5.51334 2.00857 0.458957 0.00300291 0.0201875 -0.00766805 -0.017583 0.0320572 0.0558892 1 0 0 0 0 0 0 0
331 1 0.1 5.45471 2.11554 0.616784 0.00648145 0.00668971 0.00240106 0.165052 0.0549788 0.00852802 1 0 0 0 0 0 0 0
332 1 0.1 5.40419 2.28016 0.515218 0.00888937 0.00611849 0.00212315 -0.124 0.0814613 -0.0122635 1 0 0 0 0 0 0 0
333 1 0.1 5.5361 2.86941 0.403795 0.0204965 0.00733896 0.00266842 -0.0214645 0.018454 -0.139336 1 0 0 0 0 0 0 0
334 1 0.1 5.3146 2.78281 0.606482 0.0177793 0.00547568 -0.010262 0.0352782 -0.122195 -0.0519757 1 0 0 0 0 0 0 0
335 1 0.1 5.02977 2.67071 0.605911 -0.00224191 0.00914601 8.99302e-05 0.0290304 -0.15628 -0.144807 1 0 0 0 0 0 0 0
336 1 0.1 4.8459 2.78216 0.558177 0.0704284 0.0401658 0.00773986 -0.0938478 2.29773 -1.26453 1 0 0 0 0 0 0 0
337 1 0.1 4.7316 2.94776 0.564434 -0.0600226 0.00679049 0.132947 0.041356 -0.128537 0.906291 1 0 0 0 0 0 0 0
338 1 0.1 4.8033 3.12642 0.511002 0.00575037 -0.0465625 0.0694011 -1.48885 -1.64289 -1.09451 1 0 0 0 0 0 0 0
339 1 0.1 4.95281 3.21953 0.605397 0.00100967 -0.00455004 0.00885288 -0.296102 0.458497 -0.0456514 1 0 0 0 0 0 0 0
340 1 0.1 5.17891 3.32253 0.598724 0.00634441 0.000434056 -0.00218934 0.0847422 -0.0480901 0.0470806 1 0 0 0 0 0 0 0
341 1 0.1 5.30903 3.47361 0.590662 -0.00225784 0.00495178 0.00279916 -0.0294713 0.00585393 0.062125 1 0 0 0 0 0 0 0
342 1 0.1 5.47363 3.55491 0.512761 -0.00349976 -4.02469e-05 -0.0025252 0.0571791 0.0746697 -0.128194 1 0 0 0 0 0 0 0
343 1 0.1 5.34298 3.7059 0.520665 0.00116334 0.00417561 0.00802336 0.0292919 -0.0231859 0.0623359 1 0 0 0 0 0 0 0
344 1 0.1 5.50479 3.84579 0.544415 -0.00098597 -0.00344336 -0.00263053 0.109316 0.0039098 -0.061263 1 0 0 0 0 0 0 0
345 1 0.1 5.61667 3.68205 0.569963 -0.00126999 -0.00383095 -0.00202697 -0.0608899 -0.0843114 0.0809234 1 0 0 0 0 0 0 0
346 1 0.1 5.87309 3.85808 0.605826 0.000415344 -0.00297802 -0.000361147 0.031516 0.0322958 0.0120422 1 0 0 0 0 0 0 0
347 1 0.1 5.83287 4.05275 0.583061 0.00149451 -0.00798919 -0.00210009 -0.0160824 0.0459377 -0.015019 1 0 0 0 0 0 0 0
348 1 0.1 6.1912 4.90956 0.471193 0.000490656 0.000390877 -0.00021187 -0.00335012 -0.0139793 -0.00112815 1 0 0 0 0 0 0 0
349 1 0.1 6.32332 5.05787 0.44825 -8.24906e-06 0.00060622 -0.000948861 -0.000315301 0.0139888 0.0121836 1 0 0 0 0 0 0 0
350 1 0.1 6.32765 1.15603 0.411258 -0.0110649 0.0379093 -0.0268217 -0.287044 -0.0796888 0.931882 1 0 0 0 0 0 0 0
351 1 0.1 6.18876 1.40058 0.563825 -0.0592399 -0.0316877 -0.0221194 0.288449 -0.349603 -0.19665 1 0 0 0 0 0 0 0
352 1 0.1 6.04619 1.48917 0.672258 -0.0166909 -0.00690505 0.0188593 -0.275794 0.88149 -0.128112 1 0 0 0 0 0 0 0
353 1 0.1 6.02423 1.83019 0.588095 0.0559907 0.0894515 -0.00960269 1.22656 -0.802405 0.418586 1 0 0 0 0 0 0 0
354 1 0.1 5.6253 2.81373 0.234539 0.00823297 0.00265687 -0.00084045 0.0727164 0.0569852 -0.0551023 1 0 0 0 0 0 0 0
355 1 0.1 5.59613 2.22714 0.530526 0.00803609 0.00606996 -0.00130498 -0.158213 0.0374056 -0.0227808 1 0 0 0 0 0 0 0
356 1 0.1 5.54504 2.40496 0.605864 0.0060536 0.0102787 0.00165404 0.0887964 0.221017 0.129652 1 0 0 0 0 0 0 0
357 1 0.1 5.35518 2.46191 0.580782 0.00737609 0.00958201 -0.0165416 0.024235 -0.446298 -0.0990911 1 0 0 0 0 0 0 0
358 1 0.1 5.39708 2.6381 0.496456 0.0307373 0.00821738 -0.00445378 -0.0780454 -0.0656786 0.0332816 1 0 0 0 0 0 0 0
359 1 0.1 5.40719 3.12107 0.482591 0.0235363 0.0114857 0.00614791 0.0187807 -0.0661777 0.0424821 1 0 0 0 0 0 0 0
360 1 0.1 5.39966 2.99463 0.328012 0.035946 0.0168481 -9.6415e-05 0.0981802 -0.0104251 0.0817782 1 0 0 0 0 0 0 0
361 1 0.1 5.13959 2.80221 0.503157 0.018165 -0.00479837 0.0097775 -0.106496 -0.0922702 0.0106949 1 0 0 0 0 0 0 0
362 1 0.1 4.92853 2.96652 0.593407 -0.0694418 0.202286 -0.0156909 0.775977 -0.113713 2.71537 1 0 0 0 0 0 0 0
363 1 0.1 5.14573 3.12959 0.565545 0.0227901 0.00121633 -0.000221122 0.0467895 -0.226079 -0.082158 1 0 0 0 0 0 0 0
364 1 0.1 5.37697 3.28564 0.591334 0.00330124 0.00692238 0.00662252 0.0149037 -0.0717768 0.125322 1 0 0 0 0 0 0 0
365 1 0.1 5.25157 2.96184 0.548121 0.0227502 0.00390261 -0.002717 0.0803788 -0.0107555 0.0692865 1 0 0 0 0 0 0 0
366 1 0.1 5.55536 3.37426 0.578692 0.00315533 0.0119851 -0.00707018 -0.0823632 0.196828 -0.0854933 1 0 0 0 0 0 0 0
367 1 0.1 5.70503 3.07124 0.691031 0.016683 -0.00291947 0.0057001 -0.0203025 -0.0428831 -0.0954179 1 0 0 0 0 0 0 0
368 1 0.1 5.68245 3.29077 0.448791 0.0137779 0.0115212 0.00535715 -0.051729 0.004823 0.139791 1 0 0 0 0 0 0 0
369 1 0.1 5.7336 3.46036 0.604978 0.0116638 0.00310522 -0.0111469 0.0739935 -0.162836 -0.0340076 1 0 0 0 0 0 0 0
370 1 0.1 5.65113 2.93495 0.553547 0.0202822 0.00422061 0.00367231 -0.0033767 -0.0586075 0.0431751 1 0 0 0 0 0 0 0
371 1 0.1 5.89357 3.73573 0.762566 0.000779227 -0.00260709 -0.000384456 -0.0311214 -0.0176054 -0.0229279 1 0 0 0 0 0 0 0
372 1 0.1 5.96175 4.30222 0.57725 0.00491125 0.0057829 -0.0013995 0.0171503 0.0144037 0.180144 1 0 0 0 0 0 0 0
373 1 0.1 6.10833 4.54706 0.572545 0.000271737 0.00205206 -0.000185858 0.0330095 0.0223756 0.020053 1 0 0 0 0 0 0 0
374 1 0.1 6.23402 4.7658 0.603237 0.000223588 0.000629151 0.00018255 0.00391143 -0.000597896 0.0096006 1 0 0 0 0 0 0 0
375 1 0.1 6.05248 0.970868 0.750546 -0.00290025 0.00683007 0.0098543 0.144505 0.0102879 0.0644283 1 0 0 0 0 0 0 0
376 1 0.1 5.89309 1.13299 0.761549 0.00402439 0.00850115 0.0568691 0.516606 -0.21853 0.011145 1 0 0 0 0 0 0 0
377 1 0.1 5.75965 1.27232 0.708254 -0.0178385 0.0215467 0.0869893 -0.0485205 -0.81755 -0.0783147 1 0 0 0 0 0 0 0
378 1 0.1 5.62237 1.40644 0.76379 -0.00259379 0.0255301 -0.00155698 0.0652774 -0.137928 -0.00447084 1 0 0 0 0 0 0 0
379 1 0.1 5.47709 1.5505 0.762919 -0.0152638 0.00830659 -0.0165987 0.109899 0.155457 -0.0161621 1 0 0 0 0 0 0 0
380 1 0.1 5.21569 1.8055 0.752366 -0.00618156 0.00656568 0.00370818 0.00908187 0.00704343 0.0398851 1 0 0 0 0 0 0 0
381 1 0.1 5.07503 1.94727 0.757165 -0.00415999 0.00626408 -0.000692883 0.01757 0.0151811 0.0275798 1 0 0 0 0 0 0 0
382 1 0.1 4.8646 2.15994 0.761502 -0.0318247 0.0311737 -0.0270895 -0.13058 0.158391 0.282567 1 0 0 0 0 0 0 0
383 1 0.1 4.72253 2.30066 0.762882 -0.0353873 0.0385415 0.00349419 0.538614 0.370868 0.406286 1 0 0 0 0 0 0 0
384 1 0.1 4.48603 2.53782 0.74961 -0.752952 0.676197 0.0860227 -0.844074 -1.34017 7.02706 1 0 0 0 0 0 0 0
385 1 0.1 4.36767 2.663 0.642271 0.135995 0.18928 0.285057 -1.53793 -2.43659 2.89006 1 0 0 0 0 0 0 0
386 1 0.1 4.20402 2.81948 0.749556 -0.000978985 0.00126831 3.31267e-05 -0.000495732 0.00152898 0.0152697 1 0 0 0 0 0 0 0
387 1 0.1 4.29119 2.99767 0.730385 0.000622275 0.000936567 -0.00540383 -0.00684541 0.111754 -0.0392159 1 0 0 0 0 0 0 0
388 1 0.1 4.19196 3.1699 0.751246 0.000385588 -0.000210112 0.000371815 0.0196938 0.0398809 0.0610151 1 0 0 0 0 0 0 0
389 1 0.1 4.33316 3.31106 0.74983 2.50594e-05 -5.02522e-05 0.00133242 -0.00356115 -0.0211318 -0.000742553 1 0 0 0 0 0 0 0
390 1 0.1 4.51966 3.50491 0.750453 -0.000485533 0.00236661 0.00260966 -0.0482208 0.0980487 -0.0758356 1 0 0 0 0 0 0 0
391 1 0.1 4.67695 3.62615 0.762327 0.00161344 -0.00083774 -0.0025164 -0.0201744 -0.0700199 0.0341413 1 0 0 0 0 0 0 0
392 1 0.1 4.80135 3.77935 0.735083 -0.000198139 1.66664e-05 0.000563311 -0.00537338 -0.00411433 -0.0071529 1 0 0 0 0 0 0 0
393 1 0.1 5.08211 4.05951 0.762493 -0.000448688 -0.000226274 -0.000317974 0.000694172 0.00379193 -0.00759375 1 0 0 0 0 0 0 0
394 1 0.1 5.22248 4.20095 0.756639 0.001239 -0.00183777 -0.000180238 4.00098e-05 -0.00396673 -0.0165246 1 0 0 0 0 0 0 0
395 1 0.1 5.50351 4.4842 0.75081 -0.00039356 -0.000288631 -0.000285831 -0.00832441 0.0072493 -0.00806521 1 0 0 0 0 0 0 0
396 1 0.1 5.64763 4.62557 0.761297 0.000719272 0.000627637 -0.000673175 0.00412547 0.00314931 0.0103532 1 0 0 0 0 0 0 0
397 1 0.1 5.78889 4.76694 0.760163 0.000107386 0.000386517 -0.000234241 0.00543486 -0.00104371 -0.00329911 1 0 0 0 0 0 0 0
398 1 0.1 5.92844 4.9098 0.75035 -1.10512e-05 0.000377749 -0.000681044 -0.00314125 0.0115992 0.00540702 1 0 0 0 0 0 0 0
399 1 0.1 6.06987 5.05119 0.750008 0.000172225 0.000263715 8.19974e-05 0.000549493 -0.00190522 0.00437039 1 0 0 0 0 0 0 0
400 1 0.1 6.33502 0.688517 0.750022 -0.000404611 0.000526324 -0.000148101 -0.000219836 -0.00040134 0.00298527 1 0 0 0 0 0 0 0
401 1 0.1 6.08256 1.16156 0.699604 0.0170359 0.00859066 0.0185192 -0.043305 -0.153889 -0.249287 1 0 0 0 0 0 0 0
402 1 0.1 5.95469 1.31532 0.70855 -0.0029576 0.0142678 0.105197 0.238207 0.898897 -0.143692 1 0 0 0 0 0 0 0
403 1 0.1 5.8159 1.45621 0.762775 -0.000234366 0.0356606 -0.00119069 0.296185 0.0157634 0.0349267 1 0 0 0 0 0 0 0
404 1 0.1 5.67529 1.59871 0.763172 0.00698556 0.0222511 -0.00240263 0.239183 -0.132527 -0.0557819 1 0 0 0 0 0 0 0
405 1 0.1 5.40216 1.73546 0.762596 -0.00841324 0.012263 0.0016103 0.0549338 0.0474413 -0.00792699 1 0 0 0 0 0 0 0
406 1 0.1 5.26994 1.99729 0.751431 0.00781392 0.0020006 0.0236654 0.159871 -0.225961 -0.205922 1 0 0 0 0 0 0 0
407 1 0.1 5.13114 2.12512 0.689458 0.0027911 0.0162558 0.024005 0.207675 -0.147498 -0.0479675 1 0 0 0 0 0 0 0
408 1 0.1 4.99451 2.25996 0.641327 -0.0857661 -0.0521202 -0.00514917 -0.414143 -0.00618727 1.15942 1 0 0 0 0 0 0 0
409 1 0.1 4.8722 2.40379 0.684821 -0.0158509 -0.0243782 0.00913321 0.427542 0.332486 -1.69382 1 0 0 0 0 0 0 0
410 1 0.1 4.76732 2.55273 0.763582 0.031542 0.0276351 -0.0108401 -0.0448621 -0.202864 -1.51119 1 0 0 0 0 0 0 0
411 1 0.1 4.55486 2.73631 0.771294 -0.025974 0.134308 0.0105216 -0.0990297 -0.622106 1.32607 1 0 0 0 0 0 0 0
412 1 0.1 4.48224 2.83829 0.646146 0.025769 0.081188 -0.0569108 -0.411583 -0.545443 -0.752533 1 0 0 0 0 0 0 0
413 1 0.1 4.43863 3.13101 0.744743 0.00248681 0.000293546 -0.00846874 0.073746 -0.0097757 0.0300592 1 0 0 0 0 0 0 0
414 1 0.1 4.53241 3.30603 0.76279 -0.000430928 0.00159057 0.000931029 0.0404635 0.0315671 0.00962088 1 0 0 0 0 0 0 0
415 1 0.1 4.69825 3.41606 0.76272 -0.00115996 -0.00230989 0.00256379 -0.0431336 -0.0240509 -0.0400213 1 0 0 0 0 0 0 0
416 1 0.1 4.86234 3.55206 0.762336 0.000105713 -0.00626726 -0.0027214 0.0683299 0.0511395 -0.0908389 1 0 0 0 0 0 0 0
417 1 0.1 4.94125 3.91847 0.762532 -0.000358671 4.47559e-05 0.000238619 -0.00132723 0.00293088 0.00870904 1 0 0 0 0 0 0 0
418 1 0.1 5.12732 3.84537 0.762597 -0.000598181 0.000562487 -0.000932108 0.00723754 0.00759058 -0.0267341 1 0 0 0 0 0 0 0
419 1 0.1 5.36367 4.34174 0.76108 -0.00077033 0.000543347 0.000164515 0.00113051 -0.0127624 0.0427563 1 0 0 0 0 0 0 0
420 1 0.1 5.59829 4.30585 0.758516 0.00397023 -0.00124268 -0.000409463 0.00506205 0.0258658 0.0347348 1 0 0 0 0 0 0 0
421 1 0.1 5.73825 4.4477 0.762654 0.00236042 0.00148614 0.000284932 -0.00723129 -0.0255721 0.00123718 1 0 0 0 0 0 0 0
422 1 0.1 5.87933 4.58851 0.762696 0.00178466 0.00112067 -0.000174934 -0.017733 0.0162277 0.00119565 1 0 0 0 0 0 0 0
423 1 0.1 6.01818 4.7317 0.762206 0.000910249 0.000693357 -0.00115269 0.00692551 -0.0196234 0.00289195 1 0 0 0 0 0 0 0
424 1 0.1 6.21155 5.19297 0.749914 0.000211743 0.000288498 -0.000134081 -0.000829992 0.0034581 0.000458509 1 0 0 0 0 0 0 0
425 1 0.1 6.47639 0.547168 0.749996 5.24556e-05 9.79044e-05 -3.85272e-05 -0.000492879 5.4026e-05 -0.00215385 1 0 0 0 0 0 0 0
426 1 0.1 6.23564 1.04992 0.762633 0.0102911 -0.013403 -0.00255194 -0.00188194 0.0344373 -0.00613003 1 0 0 0 0 0 0 0
427 1 0.1 6.14495 1.34072 0.762744 0.0449306 0.00757993 -0.00564178 -0.0926507 0.419965 0.0801575 1 0 0 0 0 0 0 0
428 1 0.1 5.96376 1.64752 0.761734 0.0435401 0.0305139 0.0110889 -0.209731 -0.147194 -0.234599 1 0 0 0 0 0 0 0
429 1 0.1 5.79701 1.75728 0.762923 0.0221168 0.00538756 -0.00209855 0.0803496 0.0620941 0.55656 1 0 0 0 0 0 0 0
430 1 0.1 5.60694 1.81619 0.7627 0.0044613 -0.0299617 0.00190223 -0.262799 0.00720218 -0.176925 1 0 0 0 0 0 0 0
431 1 0.1 5.46234 1.95025 0.740321 0.00802468 -0.0188322 0.0130231 0.12915 0.273719 0.0251581 1 0 0 0 0 0 0 0
432 1 0.1 5.31392 2.1906 0.736638 0.0148642 -0.00231549 0.0233276 -0.163955 0.235357 0.130649 1 0 0 0 0 0 0 0
433 1 0.1 5.3018 2.38786 0.760905 -0.00358726 0.000237001 -0.000795894 -0.117471 0.116163 0.113419 1 0 0 0 0 0 0 0
434 1 0.1 5.15724 2.5242 0.762978 0.0358842 0.0452173 0.00147958 -0.126632 0.134648 -0.707735 1 0 0 0 0 0 0 0
435 1 0.1 4.96309 2.55921 0.763485 0.0188627 -0.0513019 0.00673784 -0.282177 0.0397882 1.67002 1 0 0 0 0 0 0 0
436 1 0.1 4.74741 2.74491 0.763023 -0.0525272 -0.00294235 -0.00412151 0.154689 1.2481 -0.690549 1 0 0 0 0 0 0 0
437 1 0.1 4.63395 2.92649 0.738184 -0.000290343 0.0451431 -0.0217738 -0.226273 -0.478505 -0.223496 1 0 0 0 0 0 0 0
438 1 0.1 4.66029 3.135 0.763373 0.00880836 -0.0100326 -0.00186278 -0.113651 -0.109796 0.21868 1 0 0 0 0 0 0 0
439 1 0.1 4.84567 3.28158 0.762949 0.00174706 0.000966872 -0.00031523 -0.00849517 0.107524 -0.0584205 1 0 0 0 0 0 0 0
440 1 0.1 5.04202 3.49581 0.695662 0.00162717 -0.00463941 -0.00200794 0.0303262 -0.0869919 0.0742579 1 0 0 0 0 0 0 0
441 1 0.1 4.98708 3.70568 0.733271 -0.00152705 -0.00163156 0.00141736 -0.0226314 0.00665616 -0.0128872 1 0 0 0 0 0 0 0
442 1 0.1 5.17103 3.6331 0.762533 -0.0023728 -0.00264127 0.000241188 -0.0276873 0.0253335 -0.0103427 1 0 0 0 0 0 0 0
443 1 0.1 5.35555 3.99664 0.763018 0.00022206 0.00464711 0.000926405 0.030104 0.00587922 -0.00157677 1 0 0 0 0 0 0 0
444 1 0.1 5.45707 4.16603 0.76291 -0.000126261 0.00343267 0.000389321 0.0233516 0.0188779 -0.0932864 1 0 0 0 0 0 0 0
445 1 0.1 5.63624 4.07734 0.7625 -0.00121442 0.00201994 -0.00014078 -0.0175031 -0.00952417 -0.0233836 1 0 0 0 0 0 0 0
446 1 0.1 5.7797 4.22339 0.762652 0.0027281 -0.0011794 0.00025944 -0.0204032 -0.0295904 -0.0335202 1 0 0 0 0 0 0 0
447 1 0.1 5.92041 4.36514 0.762519 0.00185597 -0.00110565 0.000191406 -0.0115124 -0.00605743 0.0361347 1 0 0 0 0 0 0 0
448 1 0.1 6.15929 4.87286 0.762539 0.000310544 0.000463273 0.000183232 -0.00052457 0.00169009 -0.000924074 1 0 0 0 0 0 0 0
449 1 0.1 6.37021 5.35168 0.750149 -9.38804e-06 2.58992e-05 -2.29787e-05 0.000692983 -0.00106911 -0.000614472 1 0 0 0 0 0 0 0
450 1 0.1 6.42301 0.835244 0.646465 0.00137194 -0.00315873 -0.00415609 0.0825587 0.11829 -0.243452 1 0 0 0 0 0 0 0
451 1 0.1 6.19487 0.83085 0.755178 0.000129273 0.00640923 -0.000746823 0.0270174 -0.0336166 -0.0440286 1 0 0 0 0 0 0 0
452 1 0.1 6.31072 1.44256 0.716813 -0.0201223 0.096638 -0.067151 0.104163 0.320251 0.960958 1 0 0 0 0 0 0 0
453 1 0.1 6.11184 1.78731 0.762572 -0.00258513 -0.000279464 -0.000759635 -0.00162405 0.0276505 -0.0207842 1 0 0 0 0 0 0 0
454 1 0.1 5.94286 1.89409 0.762582 0.0100863 0.017939 0.00117746 0.170093 -0.104036 -0.199458 1 0 0 0 0 0 0 0
455 1 0.1 5.73392 1.97045 0.760854 -0.0113491 -0.0198671 0.00171005 0.243576 -0.0200287 0.369966 1 0 0 0 0 0 0 0
456 1 0.1 5.59088 2.11229 0.762672 0.00674468 -0.00251643 0.000756376 -0.022662 -0.0572091 0.0127542 1 0 0 0 0 0 0 0
457 1 0.1 5.47986 2.29786 0.762593 0.00520059 0.0088138 -0.00115725 0.0637041 -0.0266127 0.0165284 1 0 0 0 0 0 0 0
458 1 0.1 5.4633 2.50523 0.758143 -0.00882088 0.0105901 -0.000923392 -0.107077 -0.322865 -0.0273923 1 0 0 0 0 0 0 0
459 1 0.1 5.32909 2.65313 0.760283 -0.0297927 0.00136435 -0.0197707 0.161991 -0.0915248 -0.189274 1 0 0 0 0 0 0 0
460 1 0.1 5.14216 2.72333 0.762583 -0.0263726 0.0453868 -0.00044315 0.133124 0.18344 0.90818 1 0 0 0 0 0 0 0
461 1 0.1 4.94649 2.76344 0.762123 -0.0551226 -0.0236806 -0.00909289 -0.00485565 -0.265273 -0.129325 1 0 0 0 0 0 0 0
462 1 0.1 4.83067 2.92602 0.762809 -0.0185101 0.00261359 -0.00498003 0.0324425 0.273859 -0.157529 1 0 0 0 0 0 0 0
463 1 0.1 4.92648 3.09958 0.763089 -0.00765239 -0.00510124 8.93478e-05 0.0825114 0.0125109 -0.0741902 1 0 0 0 0 0 0 0
464 1 0.1 5.04392 3.30722 0.762197 0.00148156 -0.00551921 -0.00477368 -0.00244931 -0.0581657 -0.0205157 1 0 0 0 0 0 0 0
465 1 0.1 5.21802 3.43024 0.762894 0.000332582 0.0018426 0.00193514 0.0141308 0.00662335 0.0103053 1 0 0 0 0 0 0 0
466 1 0.1 5.42232 3.37954 0.762812 -0.0081505 -0.00183286 0.000375482 -0.0226268 0.0647145 -0.0122694 1 0 0 0 0 0 0 0
467 1 0.1 5.36426 3.57007 0.762512 0.000693364 0.000968145 0.000352132 0.0652856 0.0366086 0.0837802 1 0 0 0 0 0 0 0
468 1 0.1 5.42685 3.74826 0.699337 0.000802507 -0.000517466 -0.00187194 -0.0308686 0.141404 -0.141356 1 0 0 0 0 0 0 0
469 1 0.1 5.53353 3.90578 0.760887 -0.00245971 0.00287587 -0.00272979 0.0256693 -0.0192541 0.00658162 1 0 0 0 0 0 0 0
470 1 0.1 5.8152 3.96747 0.76273 0.00188885 -0.00354874 0.000206219 -0.0297989 -0.0216893 -0.017624 1 0 0 0 0 0 0 0
471 1 0.1 5.94842 4.11638 0.758077 0.00110022 -0.00318966 -0.000895416 0.0410113 0.0336051 0.00497652 1 0 0 0 0 0 0 0
472 1 0.1 6.0881 4.25843 0.740896 -0.00362172 -0.00269609 -0.0353014 -0.0320704 0.456253 -0.0489382 1 0 0 0 0 0 0 0
473 1 0.1 6.29868 5.01353 0.736345 0.000214858 0.000294714 -0.000578554 -0.000709102 0.00988228 -0.000236105 1 0 0 0 0 0 0 0
474 1 0.1 6.40122 5.17146 0.669339 0.00039377 0.000229654 -0.000202197 0.00331264 -0.0125874 -0.000719171 1 0 0 0 0 0 0 0
475 1 0.1 6.42862 0.997937 0.762525 0.0157125 -0.00547919 -0.000177846 -0.0355406 -0.0473523 0.11026 1 0 0 0 0 0 0 0
476 1 0.1 6.31392 1.23389 0.762169 0.0372017 -0.0207753 -0.0185423 -0.18539 -0.0800531 -0.320532 1 0 0 0 0 0 0 0
477 1 0.1 5.74374 2.37812 0.592555 0.00697324 0.00521121 0.00206846 0.015222 0.0188342 -0.0401621 1 0 0 0 0 0 0 0
478 1 0.1 6.18975 1.59507 0.762553 -0.0514948 0.0483702 -2.37361e-05 0.344241 0.0350656 -0.168945 1 0 0 0 0 0 0 0
479 1 0.1 5.53457 2.99554 0.762776 0.00940593 0.00230851 0.00178071 0.0233042 0.0161387 -0.000926187 1 0 0 0 0 0 0 0
480 1 0.1 5.81828 2.15166 0.762512 -0.0189684 -0.0175632 -6.85724e-07 -0.179142 0.191119 -0.290473 1 0 0 0 0 0 0 0
481 1 0.1 5.67945 2.29545 0.762648 0.0044657 0.00511079 0.000924326 0.0188636 -0.00616737 -0.0376789 1 0 0 0 0 0 0 0
482 1 0.1 5.66287 2.49476 0.762516 -0.0101486 0.00333939 0.000973484 0.0185645 0.296676 -0.0462011 1 0 0 0 0 0 0 0
483 1 0.1 5.52353 2.76095 0.590123 0.0190501 0.0125741 -0.000170937 0.0167885 -0.0825966 0.00628184 1 0 0 0 0 0 0 0
484 1 0.1 5.44929 2.94468 0.566596 0.0210752 0.0104068 0.000277857 0.0496298 -0.0824883 0.000668274 1 0 0 0 0 0 0 0
485 1 0.1 5.4326 2.82386 0.762529 0.00197289 -0.0020941 -0.00022713 -0.0177516 -0.0421196 -0.049086 1 0 0 0 0 0 0 0
486 1 0.1 5.23979 2.89782 0.762493 -0.0358904 0.048253 -0.00152433 -0.0211721 -0.00424116 0.542536 1 0 0 0 0 0 0 0
487 1 0.1 5.04397 2.93799 0.762375 -0.0452739 -0.0292558 -0.00322226 -0.0350477 0.00025246 -0.0557451 1 0 0 0 0 0 0 0
488 1 0.1 5.12438 3.12157 0.763212 -0.00496571 -0.0053911 -0.00074514 -0.0535376 -0.0619164 -0.0985308 1 0 0 0 0 0 0 0
489 1 0.1 5.28899 3.23224 0.762066 -0.00317995 -0.00700644 6.58337e-05 0.0200676 -0.0632845 0.0922617 1 0 0 0 0 0 0 0
490 1 0.1 5.35317 3.05328 0.702892 0.0101721 -0.00228577 -0.00232433 0.0235169 -0.0336057 0.0822258 1 0 0 0 0 0 0 0
491 1 0.1 5.48584 3.1901 0.762565 0.00129008 0.00174168 0.000545395 0.00243672 -0.00163275 0.0135384 1 0 0 0 0 0 0 0
492 1 0.1 5.67485 3.25547 0.762517 0.00235827 -0.00121113 -0.000119214 -0.0387234 -0.0683159 0.233045 1 0 0 0 0 0 0 0
493 1 0.1 5.58314 3.64252 0.763037 -0.00177068 -0.00170541 -0.000957692 0.00536506 0.0599924 0.0918255 1 0 0 0 0 0 0 0
494 1 0.1 5.70401 3.80134 0.762518 -0.00575961 0.000424223 -0.000194914 0.0159235 -0.03805 -0.050648 1 0 0 0 0 0 0 0
495 1 0.1 5.61089 3.44488 0.762341 -0.00807211 -0.00396088 -0.00370836 0.0257224 -0.0143942 -0.119241 1 0 0 0 0 0 0 0
496 1 0.1 5.77206 3.57707 0.762527 -0.00210205 -0.000577305 -0.000333165 -0.0202341 -0.0410757 -0.000638318 1 0 0 0 0 0 0 0
497 1 0.1 6.06161 4.50656 0.762571 0.000925587 0.00013697 -0.0002554 -0.00758328 -0.00708911 -0.0159964 1 0 0 0 0 0 0 0
498 1 0.1 6.20067 4.64998 0.762552 0.000913747 0.000114403 -7.11033e-05 -0.00223305 -0.00932764 0.0136459 1 0 0 0 0 0 0 0
499 1 0.1 6.34788 4.80653 0.762511 0.000298525 0.000769205 4.2585e-05 0.00821165 -0.002857 0.00310938 1 0 0 0 0 0 0 0
