500
0 1 0.1 6.06865 0.950599 0.149818 0.00103937 -0.00148819 -0.000454378 0.0103917 0.00806053 -0.0152415 1 0 0 0 0 0 0 0
1 1 0.1 5.92781 1.09173 0.148028 0.00147995 -0.00328923 -0.00221362 -0.0207381 -0.0168625 0.0174437 1 0 0 0 0 0 0 0
2 1 0.1 5.78834 1.23454 0.137591 0.00230931 -0.00165154 -0.00203218 0.012493 0.0372634 -0.00560119 1 0 0 0 0 0 0 0
3 1 0.1 5.64571 1.3746 0.146151 0.000554381 -7.36156e-06 -0.00060293 0.0145296 0.017361 -0.0224498 1 0 0 0 0 0 0 0
4 1 0.1 5.50396 1.51441 0.151612 0.00151451 -0.000136565 0.00290272 0.00830826 -0.0135081 -0.0463625 1 0 0 0 0 0 0 0
5 1 0.1 5.29662 1.71948 0.149879 0.00139454 -0.00260306 -0.00123392 -0.0130761 0.00729789 -0.0286503 1 0 0 0 0 0 0 0
6 1 0.1 5.15547 1.86223 0.143045 0.000732645 -0.00208586 0.0034688 -0.0413193 0.0366517 -0.0753239 1 0 0 0 0 0 0 0
7 1 0.1 5.01364 2.00756 0.137653 0.000232714 -0.000663767 -3.35922e-06 -0.00034195 -0.00125719 -0.00797495 1 0 0 0 0 0 0 0
8 1 0.1 4.87782 2.14612 0.190406 0.0011697 -0.00298168 -0.00119866 0.164306 0.108323 -0.0186543 1 0 0 0 0 0 0 0
9 1 0.1 4.72897 2.29093 0.144303 -0.00291941 0.00348513 0.00124939 -0.0465019 -0.0475589 0.0326362 1 0 0 0 0 0 0 0
10 1 0.1 4.4496 2.56949 0.138529 -0.00236966 0.0150341 0.00394857 -0.0424099 -0.00985684 0.0611086 1 0 0 0 0 0 0 0
11 1 0.1 4.29221 2.73042 0.149001 -2.58475e-05 -1.33869e-05 0.000112904 -0.000656896 -0.00193331 -0.000474156 1 0 0 0 0 0 0 0
12 1 0.1 4.18719 2.90055 0.150082 1.38725e-06 3.64696e-06 -2.59359e-05 -2.49843e-05 0.000177304 0.00043199 1 0 0 0 0 0 0 0
13 1 0.1 4.19071 3.10354 0.163302 0.000599846 0.00320668 0.00111636 -0.0173435 -0.00807015 0.038859 1 0 0 0 0 0 0 0
14 1 0.1 4.29753 3.27183 0.166945 0.00079462 0.00186054 -0.000563389 0.0119805 0.0190287 -0.0322079 1 0 0 0 0 0 0 0
15 1 0.1 4.49054 3.46453 0.141808 0.000305763 0.00113122 0.00196711 -0.0148848 -0.0152326 0.00740231 1 0 0 0 0 0 0 0
16 1 0.1 4.63195 3.60716 0.146296 0.000651964 -0.00171329 0.0154445 -0.106679 0.0485065 0.0460404 1 0 0 0 0 0 0 0
17 1 0.1 4.78389 3.76069 0.145237 0.00907246 0.011429 -0.0042639 0.101953 0.205334 -0.00251194 1 0 0 0 0 0 0 0
18 1 0.1 5.03279 4.00893 0.141081 0.00323015 -0.00220291 -0.015223 0.0350783 -0.089547 0.0418878 1 0 0 0 0 0 0 0
19 1 0.1 5.1707 4.15171 0.148817 0.00215414 0.00113907 0.00119038 -0.0102994 -0.0527893 -0.00518805 1 0 0 0 0 0 0 0
20 1 0.1 5.3123 4.29244 0.147954 0.0029009 0.00397172 0.00382265 -0.0126296 -0.0201969 -0.0459463 1 0 0 0 0 0 0 0
21 1 0.1 5.45339 4.43406 0.150091 0.00298061 0.00111534 0.000729685 -0.0286333 0.0326077 0.0361787 1 0 0 0 0 0 0 0
22 1 0.1 5.74877 4.44514 0.288955 -0.0362105 -0.0491242 -0.00966171 0.176517 -0.0275168 0.086008 1 0 0 0 0 0 0 0
23 1 0.1 5.76081 4.73695 0.149656 -0.343982 -0.336697 -0.00873632 -0.0193408 0.266716 -4.66272 1 0 0 0 0 0 0 0
24 1 0.1 5.90662 4.88286 0.149946 -0.211173 -0.210801 -0.00952454 0.105641 0.0778365 -2.79689 1 0 0 0 0 0 0 0
25 1 0.1 6.35109 0.668299 0.149941 0.000591398 -0.000796775 2.58996e-05 -0.000541239 0.000688807 -0.0102978 1 0 0 0 0 0 0 0
26 1 0.1 6.10617 1.18056 0.137378 -0.0003702 -0.000434686 -0.0004012 -0.0110057 0.023558 -0.0354856 1 0 0 0 0 0 0 0
27 1 0.1 5.96965 1.32615 0.13729 0.00935173 0.00679801 0.000407883 -0.0599087 0.0950387 -0.119657 1 0 0 0 0 0 0 0
28 1 0.1 5.82425 1.46244 0.137522 0.00196804 -0.00176139 0.000473084 0.0521812 -0.0447473 0.0990959 1 0 0 0 0 0 0 0
29 1 0.1 5.67741 1.61151 0.137001 0.000741085 0.00222804 -0.00127966 -0.0315981 -0.00898219 -0.0194512 1 0 0 0 0 0 0 0
30 1 0.1 5.48938 1.73603 0.22091 0.00150019 0.00485146 0.00669931 0.0437083 0.0664419 -0.0258283 1 0 0 0 0 0 0 0
31 1 0.1 5.34867 1.91199 0.137061 0.00307022 -0.0037601 -0.000750029 0.027086 0.0388747 0.00326816 1 0 0 0 0 0 0 0
32 1 0.1 5.20773 2.05481 0.13672 3.90967e-05 -0.00226573 -0.00289453 0.0230992 -0.0181971 0.00133383 1 0 0 0 0 0 0 0
33 1 0.1 5.06008 2.21206 0.136351 0.00407925 -0.00426258 -0.000504959 0.0359882 0.0475379 -0.0654345 1 0 0 0 0 0 0 0
34 1 0.1 4.92085 2.34033 0.198887 0.00114658 -0.00415232 0.00373214 -0.11059 -0.0643008 0.0188724 1 0 0 0 0 0 0 0
35 1 0.1 4.59038 2.43245 0.17178 -0.00595785 0.00142285 -0.00304827 0.0233815 0.0196619 -0.053688 1 0 0 0 0 0 0 0
36 1 0.1 4.54698 2.74311 0.139376 -0.00939056 0.00396711 -0.00176192 -0.016324 0.00167134 -0.00402932 1 0 0 0 0 0 0 0
37 1 0.1 4.42759 2.9018 0.143176 -0.00186226 0.0037574 -0.000321484 0.0133399 0.0109391 -0.0704703 1 0 0 0 0 0 0 0
38 1 0.1 4.38826 3.0964 0.137386 -5.59836e-05 0.00183701 0.000197819 -0.0120597 -0.000137669 0.0580114 1 0 0 0 0 0 0 0
39 1 0.1 4.49501 3.26538 0.137807 0.000596759 0.00187225 0.00317486 0.00437212 -0.0434935 -0.00495659 1 0 0 0 0 0 0 0
40 1 0.1 4.66607 3.36879 0.142587 0.000718608 0.00157606 0.0083641 -0.0290779 -0.033825 -0.000583323 1 0 0 0 0 0 0 0
41 1 0.1 4.83661 3.56959 0.136161 0.00445727 0.015606 -0.00750933 -0.138649 -0.0109317 -0.0627323 1 0 0 0 0 0 0 0
42 1 0.1 4.97687 3.81848 0.136046 0.0103149 0.00039662 -0.00579275 -0.0234938 0.10784 0.010598 1 0 0 0 0 0 0 0
43 1 0.1 5.35385 3.91936 0.318177 -0.0354865 -0.010247 0.00269782 0.14594 -0.163277 -0.199522 1 0 0 0 0 0 0 0
44 1 0.1 5.33964 4.10368 0.242641 -0.00138997 -0.00551286 0.0148738 -0.024542 -0.0866989 -0.0876786 1 0 0 0 0 0 0 0
45 1 0.1 5.48492 4.19209 0.137489 -0.00678206 -0.0128146 0.000389634 0.015107 0.0578449 -0.139608 1 0 0 0 0 0 0 0
46 1 0.1 5.85661 4.29067 0.152251 0.0165649 -0.0592783 0.139431 3.36631 1.38109 -0.551644 1 0 0 0 0 0 0 0
47 1 0.1 5.93218 4.46651 0.213153 -0.0464975 -0.336535 -0.0183827 -0.971611 0.395929 -1.05175 1 0 0 0 0 0 0 0
48 1 0.1 5.94111 4.6513 0.138092 -0.393334 -0.437873 -0.0832136 -0.0297304 0.457854 3.22528 1 0 0 0 0 0 0 0
49 1 0.1 6.20603 5.18517 0.149851 -0.096828 -0.13032 0.00174916 0.270917 -0.22161 -1.58925 1 0 0 0 0 0 0 0
50 1 0.1 6.49253 0.526956 0.149993 0.000483975 -0.0007252 6.15199e-05 8.55365e-05 -0.000912036 -0.006606 1 0 0 0 0 0 0 0
51 1 0.1 6.24747 1.03915 0.13779 6.27448e-05 -0.000209639 0.000957519 0.00222693 0.00798741 0.0309244 1 0 0 0 0 0 0 0
52 1 0.1 6.01248 1.52903 0.137247 -8.83844e-05 -0.00114899 -0.00128937 -0.00815738 0.00876203 0.00844949 1 0 0 0 0 0 0 0
53 1 0.1 5.86784 1.67212 0.141273 0.000310772 0.0015983 0.00200978 0.0046576 -0.0748707 -0.0641943 1 0 0 0 0 0 0 0
54 1 0.1 5.83415 1.86918 0.137437 0.00528814 0.00239284 0.000336182 -0.0154583 0.0345005 0.0117959 1 0 0 0 0 0 0 0
55 1 0.1 5.68339 1.78423 0.237072 0.00643812 0.000196483 -0.000448611 0.0977937 -0.00131211 -0.0251936 1 0 0 0 0 0 0 0
56 1 0.1 5.55756 1.90172 0.136503 0.00385478 -0.00178988 -0.000623336 -0.0942758 -0.00409137 -0.0199919 1 0 0 0 0 0 0 0
57 1 0.1 5.37665 2.16124 0.137457 0.00525395 -0.00868186 -9.11828e-05 0.0179588 0.0306924 -0.0957531 1 0 0 0 0 0 0 0
58 1 0.1 5.23708 2.30392 0.148001 0.00698634 -0.00747021 -0.00326679 -0.0637087 -0.0143499 0.0134502 1 0 0 0 0 0 0 0
59 1 0.1 5.08175 2.44145 0.137279 0.00189958 -0.0069083 -0.00131346 0.0201104 0.0391751 -0.0246933 1 0 0 0 0 0 0 0
60 1 0.1 4.87846 2.54542 0.13675 -0.00958938 0.00617186 -0.00304852 -0.067439 -0.125378 0.0622146 1 0 0 0 0 0 0 0
61 1 0.1 4.68702 2.6017 0.136948 -0.00927548 0.00468851 0.00165876 -0.00995829 -0.0536452 0.0393172 1 0 0 0 0 0 0 0
62 1 0.1 4.64122 2.92655 0.135715 -0.00288753 0.00375984 -0.00341123 -0.0598985 -0.0342565 -0.0524185 1 0 0 0 0 0 0 0
63 1 0.1 4.6372 3.12573 0.137375 0.00133655 0.00389314 0.000133221 0.101716 -0.0110209 0.0207324 1 0 0 0 0 0 0 0
64 1 0.1 4.83024 3.29103 0.230517 -0.0224147 -0.00145617 0.00433741 -0.0685319 0.0235567 0.328606 1 0 0 0 0 0 0 0
65 1 0.1 4.95803 3.41093 0.137127 -0.0151936 -0.00070364 0.00458159 -0.0625873 -0.151334 -0.331094 1 0 0 0 0 0 0 0
66 1 0.1 5.04659 3.58941 0.137115 0.00140307 -0.00756792 0.00153141 0.045203 0.0264804 0.104502 1 0 0 0 0 0 0 0
67 1 0.1 5.1691 3.76499 0.137452 0.00602212 -0.00789099 -0.000837061 -0.00550446 -0.152111 -0.103653 1 0 0 0 0 0 0 0
68 1 0.1 5.43694 3.89965 0.137456 -0.0263372 0.00715025 0.0022425 0.0964412 0.0147688 -0.00942957 1 0 0 0 0 0 0 0
69 1 0.1 5.51912 4.02209 0.272818 -0.00996482 -0.0336472 0.012882 0.0636482 0.125087 -0.187379 1 0 0 0 0 0 0 0
70 1 0.1 5.69712 4.17157 0.137066 -0.020265 -0.0316291 0.00492778 0.359737 -0.241304 0.435624 1 0 0 0 0 0 0 0
71 1 0.1 5.99567 4.0633 0.153273 0.196277 -0.152152 0.146324 0.636456 -1.38197 -2.07611 1 0 0 0 0 0 0 0
72 1 0.1 6.05474 4.26898 0.13829 -0.0355025 -0.637866 0.0101457 -0.997163 -0.346274 -5.46391 1 0 0 0 0 0 0 0
73 1 0.1 6.0899 4.80405 0.137371 -0.267808 -0.305529 0.00916634 2.31386 -1.32978 1.4995 1 0 0 0 0 0 0 0
74 1 0.1 6.34745 5.32654 0.150005 -0.0966729 -0.130082 0.000759713 0.0213187 -0.0230326 -1.47895 1 0 0 0 0 0 0 0
75 1 0.1 6.53964 0.733464 0.137478 0.000394948 -0.000335927 -5.08438e-06 0.00311245 0.00196197 0.0131073 1 0 0 0 0 0 0 0
76 1 0.1 6.21459 0.814218 0.146708 0.000674609 -0.00133292 -0.000815328 -0.00685995 -0.00528716 0.0121407 1 0 0 0 0 0 0 0
77 1 0.1 6.08864 1.7011 0.204929 -0.13489 0.0885885 -0.0765466 -0.0681519 1.12563 1.46414 1 0 0 0 0 0 0 0
78 1 0.1 5.92164 2.0721 0.256505 -0.00735496 0.0159791 0.0113336 0.0516637 -0.16374 0.197006 1 0 0 0 0 0 0 0
79 1 0.1 5.79723 2.22694 0.233326 -0.0072198 0.0137416 -0.0119857 -0.0886902 0.32337 0.312141 1 0 0 0 0 0 0 0
80 1 0.1 5.76197 2.05544 0.13735 0.00314087 0.0016403 0.000650745 -0.0111817 0.030392 0.012977 1 0 0 0 0 0 0 0
81 1 0.1 5.56778 2.10262 0.137205 0.00318379 -0.00252749 -0.000639874 0.0100896 0.00903813 -0.000263158 1 0 0 0 0 0 0 0
82 1 0.1 5.48794 2.32686 0.143571 0.0117797 -0.00618768 -0.0309988 0.0718892 0.660394 0.115906 1 0 0 0 0 0 0 0
83 1 0.1 5.45783 2.50658 0.225382 0.0107359 -0.00843586 -0.00586291 0.0589079 -0.0295471 0.101626 1 0 0 0 0 0 0 0
84 1 0.1 5.27177 2.50077 0.152616 0.00549103 -0.00958736 -0.00604853 0.0438113 0.0308275 0.00279679 1 0 0 0 0 0 0 0
85 1 0.1 5.1255 2.63657 0.137321 0.00103951 -0.00672376 -0.000197036 0.0517648 0.000337555 0.0373003 1 0 0 0 0 0 0 0
86 1 0.1 4.82303 2.74774 0.137482 -0.00705513 0.00269917 0.000155202 -0.0397528 0.00531402 -0.0707547 1 0 0 0 0 0 0 0
87 1 0.1 4.83757 2.94501 0.16468 -0.00543398 0.00410555 -0.00350573 -0.00394944 0.0190818 0.0556512 1 0 0 0 0 0 0 0
88 1 0.1 4.90394 3.13168 0.136944 -0.00343529 0.00851562 0.000749197 -0.0768413 -0.0373091 -0.254228 1 0 0 0 0 0 0 0
89 1 0.1 5.07064 3.24057 0.137287 0.00342612 -0.00684872 -0.00132282 0.0491586 0.0394205 0.0762916 1 0 0 0 0 0 0 0
90 1 0.1 5.15771 3.42026 0.137347 -0.00936282 -0.0062659 -0.00527185 -0.0147065 -0.148029 0.0234303 1 0 0 0 0 0 0 0
91 1 0.1 5.25464 3.58955 0.179546 -0.00297166 -0.0118726 -0.0131416 0.0551989 0.332168 -0.0371185 1 0 0 0 0 0 0 0
92 1 0.1 5.41806 3.70295 0.167832 -0.0100615 -0.00013079 -0.0224074 0.170919 -0.0536883 0.154601 1 0 0 0 0 0 0 0
93 1 0.1 5.5989 3.78123 0.137368 0.000887548 -0.00360238 0.000384973 0.0720632 -0.0424921 -0.22936 1 0 0 0 0 0 0 0
94 1 0.1 5.65777 3.97346 0.137421 -0.0144814 -0.0311815 0.00191067 0.315799 -0.141908 -0.136166 1 0 0 0 0 0 0 0
95 1 0.1 5.85689 3.92074 0.137229 0.0216604 -0.00601214 -0.00228778 0.122035 0.093685 -0.207538 1 0 0 0 0 0 0 0
96 1 0.1 5.99741 3.89818 0.318072 -0.316396 -1.09829 0.110445 -2.95133 -1.76487 -5.42911 1 0 0 0 0 0 0 0
97 1 0.1 6.18432 4.12155 0.184025 0.243798 -0.320927 0.268188 -0.355962 0.188689 0.264226 1 0 0 0 0 0 0 0
98 1 0.1 6.16555 4.98952 0.138256 -0.921496 0.00642295 0.0321617 0.0694535 -0.0918127 0.738933 1 0 0 0 0 0 0 0
99 1 0.1 6.39004 5.10804 0.137487 -0.150533 -0.257518 0.000507998 0.0649311 0.0966816 0.188882 1 0 0 0 0 0 0 0
100 1 0.1 6.41162 1.08296 0.243164 -2.34136e-05 0.0011256 0.000563769 0.0330068 0.00510134 0.00906734 1 0 0 0 0 0 0 0
101 1 0.1 6.13321 1.39743 0.227026 0.00860696 0.00766343 0.000459072 0.0532566 -0.0992919 0.132729 1 0 0 0 0 0 0 0
102 1 0.1 6.13696 1.6555 0.583748 0.00751112 -0.0061014 -0.00423505 -0.0479544 0.0254722 -0.0438119 1 0 0 0 0 0 0 0
103 1 0.1 6.00553 1.87962 0.239679 -0.0428088 0.102934 0.0711944 0.618809 -0.821812 1.52263 1 0 0 0 0 0 0 0
104 1 0.1 5.72 2.66194 0.320304 0.000445369 0.00398802 0.011079 -0.0285932 -0.00177528 0.0561242 1 0 0 0 0 0 0 0
105 1 0.1 5.68437 2.36306 0.13749 0.02655 -0.0301787 0.00207841 0.241024 -0.971783 -0.356314 1 0 0 0 0 0 0 0
106 1 0.1 5.68011 2.56298 0.138279 -0.0147806 -0.0317729 0.00378474 -0.0600362 -0.0610404 -0.285276 1 0 0 0 0 0 0 0
107 1 0.1 5.51555 2.67647 0.137285 0.00216709 -0.00657258 -0.000963399 0.0472619 0.0108098 -0.0195997 1 0 0 0 0 0 0 0
108 1 0.1 5.50199 2.68117 0.338727 0.00195969 -0.0203677 -0.0028002 0.0244643 -0.0236681 -0.0411794 1 0 0 0 0 0 0 0
109 1 0.1 5.43212 2.85755 0.149753 0.00492589 -0.00634508 -0.000266542 -0.0398652 -0.0195346 -0.0133475 1 0 0 0 0 0 0 0
110 1 0.1 5.31663 2.69483 0.137041 0.00134764 -0.00558003 -0.00101072 0.00951037 -0.0406996 -0.000224071 1 0 0 0 0 0 0 0
111 1 0.1 5.00894 2.82113 0.137437 -0.00570208 -0.000233476 0.000488818 -0.0287433 -0.0419848 0.0408667 1 0 0 0 0 0 0 0
112 1 0.1 5.01787 2.9971 0.231745 -0.00612497 0.00190683 -0.00419759 -0.0307404 -0.0351425 -0.0906983 1 0 0 0 0 0 0 0
113 1 0.1 5.17721 3.07167 0.137566 0.00072375 -0.0104207 -0.00139346 -0.0700722 -0.0473674 0.00301 1 0 0 0 0 0 0 0
114 1 0.1 5.27691 3.22215 0.223065 -0.00898222 -0.0074574 0.00225135 -0.087994 -0.265214 -0.0632058 1 0 0 0 0 0 0 0
115 1 0.1 5.33269 3.41373 0.232981 -0.00583922 -0.00756383 -0.0088487 -0.167297 -0.239065 -0.0015561 1 0 0 0 0 0 0 0
116 1 0.1 5.47948 3.50892 0.137241 0.00550677 -0.00957504 0.000207231 0.0870464 0.0392093 -0.00616105 1 0 0 0 0 0 0 0
117 1 0.1 5.66478 3.58354 0.137436 0.0131867 -0.0246102 0.00130238 0.273935 0.111264 -0.145181 1 0 0 0 0 0 0 0
118 1 0.1 5.65907 3.37812 0.137396 0.00150497 0.00578562 0.00249814 -0.0396307 0.00923893 0.187941 1 0 0 0 0 0 0 0
119 1 0.1 5.47196 3.3083 0.137299 0.00441441 -0.0119857 0.00276271 0.130006 0.0496356 -0.0261502 1 0 0 0 0 0 0 0
120 1 0.1 5.81978 3.70971 0.137458 0.021946 -0.0249896 8.88207e-05 -0.065314 0.106737 0.0544794 1 0 0 0 0 0 0 0
121 1 0.1 5.80926 3.50016 0.424035 -0.0442652 0.0700978 -0.00588488 0.115107 0.238298 0.561248 1 0 0 0 0 0 0 0
122 1 0.1 6.10641 4.52849 0.137424 0.0111774 -0.263832 0.0104828 2.59252 0.204054 0.742161 1 0 0 0 0 0 0 0
123 1 0.1 6.15653 4.66977 0.269668 -0.0707986 -0.217519 0.00335447 -2.99202 -0.96882 -0.206674 1 0 0 0 0 0 0 0
124 1 0.1 6.28935 4.80268 0.151321 -0.272324 -0.228558 -0.134621 1.47998 2.73949 -0.466824 1 0 0 0 0 0 0 0
125 1 0.1 6.07586 0.939538 0.350676 0.000399829 -0.000420572 -0.00027721 0.00343937 0.00417514 -0.00721318 1 0 0 0 0 0 0 0
126 1 0.1 5.93456 1.08089 0.349108 0.000316346 -0.000170947 -0.000124713 0.00199253 -0.00510971 0.00362461 1 0 0 0 0 0 0 0
127 1 0.1 5.79533 1.22387 0.337207 0.000609423 -3.70539e-05 -0.00186096 -0.0281665 0.00557086 -0.00992131 1 0 0 0 0 0 0 0
128 1 0.1 5.65264 1.36359 0.345689 9.99862e-05 -0.000580312 -0.000274552 0.0732265 0.0291963 0.0311759 1 0 0 0 0 0 0 0
129 1 0.1 5.51125 1.50447 0.350901 0.00123548 -5.0268e-05 0.00237261 0.0395814 0.00390483 -0.0140284 1 0 0 0 0 0 0 0
130 1 0.1 5.22255 1.79552 0.349978 0.00460275 -0.00732227 -0.000587444 -0.0295188 -0.0111108 -0.0829916 1 0 0 0 0 0 0 0
131 1 0.1 5.08954 1.93988 0.31248 0.00843456 -0.00391021 0.00177656 0.0643597 0.00938163 0.0279848 1 0 0 0 0 0 0 0
132 1 0.1 4.94014 2.08471 0.369865 0.00389694 -0.00669178 -0.00368106 -0.157285 -0.0563307 -0.0517935 1 0 0 0 0 0 0 0
133 1 0.1 4.76431 2.26421 0.37069 0.00365491 -0.00113321 -8.69456e-05 -0.0556043 -0.0717377 -0.029276 1 0 0 0 0 0 0 0
134 1 0.1 4.62184 2.40414 0.365178 0.000186556 -0.00321406 -0.00168412 0.0266721 -0.00833255 0.0874614 1 0 0 0 0 0 0 0
135 1 0.1 4.37341 2.65415 0.319677 -0.000772537 -0.00164966 -0.00626835 -0.0863704 0.0216735 -0.0183424 1 0 0 0 0 0 0 0
136 1 0.1 4.20548 2.81654 0.347288 0.00384035 -0.00286025 -0.00118828 -0.0713081 -0.00382258 0.0847909 1 0 0 0 0 0 0 0
137 1 0.1 4.18698 3.01158 0.354089 -0.000648739 6.76175e-05 -0.00658212 -0.0437271 -0.411086 -0.0347479 1 0 0 0 0 0 0 0
138 1 0.1 4.22764 3.2073 0.349997 -0.00309359 -0.00278998 -0.00245805 0.0298461 0.001759 -0.0485121 1 0 0 0 0 0 0 0
139 1 0.1 4.36904 3.34867 0.349996 -0.00298055 -0.00460811 -0.000219741 0.00359619 0.00212225 -0.0534136 1 0 0 0 0 0 0 0
140 1 0.1 4.58324 3.55799 0.333447 0.00309027 -0.0173359 0.0221868 -0.00419067 -0.155884 0.0915243 1 0 0 0 0 0 0 0
141 1 0.1 4.72353 3.70021 0.341713 -0.0138536 -0.00535901 0.0444624 -0.179746 -0.377724 -0.0361739 1 0 0 0 0 0 0 0
142 1 0.1 4.87429 3.83984 0.302484 0.018387 -0.00541123 -0.00365696 0.0884172 -0.0541854 0.00409703 1 0 0 0 0 0 0 0
143 1 0.1 5.03706 4.01343 0.340872 -0.0742368 -0.0668362 -0.0237265 0.00695476 -0.0037947 -0.00848396 1 0 0 0 0 0 0 0
144 1 0.1 5.17708 4.15574 0.349375 -0.081113 -0.0658201 -0.0169732 0.0481584 -0.0380504 0.0624431 1 0 0 0 0 0 0 0
145 1 0.1 5.31833 4.29717 0.350267 -0.0885651 -0.0632213 -0.0109997 0.00120715 -0.000227953 -0.000305058 1 0 0 0 0 0 0 0
146 1 0.1 5.45968 4.43859 0.349949 -0.0882274 -0.0660957 0.000558531 0.0765961 -0.0855708 -0.0233244 1 0 0 0 0 0 0 0
147 1 0.1 5.61973 4.5911 0.332414 -0.0820186 -0.0780392 0.0143852 0.00386891 0.000487079 -0.00161559 1 0 0 0 0 0 0 0
148 1 0.1 5.758 4.73378 0.352267 -0.0724888 -0.0764742 -0.00136405 -0.11274 0.056315 -0.0998087 1 0 0 0 0 0 0 0
149 1 0.1 6.03958 5.01605 0.350813 -0.0778197 -0.106399 -0.017137 -0.0408859 0.0828196 -0.247265 1 0 0 0 0 0 0 0
150 1 0.1 6.25871 0.765066 0.350179 -0.000772509 0.00068083 0.000600428 0.0228277 0.0170254 0.0237274 1 0 0 0 0 0 0 0
151 1 0.1 5.99933 1.26867 0.326063 -0.00151269 0.00135512 0.000257373 0.0716496 -0.0853872 -0.26883 1 0 0 0 0 0 0 0
152 1 0.1 5.83638 1.4411 0.335791 -0.000854497 -0.00341378 -0.00142124 -0.0278987 -0.00927611 -0.0271965 1 0 0 0 0 0 0 0
153 1 0.1 5.69315 1.58519 0.334296 0.000351114 -0.00208327 -0.00351104 0.0716227 0.0770187 -0.0242899 1 0 0 0 0 0 0 0
154 1 0.1 5.55232 1.70661 0.407339 0.00640756 -0.000995791 0.00288442 0.00594716 0.00348689 -0.0289231 1 0 0 0 0 0 0 0
155 1 0.1 5.36929 1.64475 0.349719 0.000186444 -0.00106136 -0.000226444 -0.00110921 -0.0618008 0.0791987 1 0 0 0 0 0 0 0
156 1 0.1 5.27006 2.00251 0.370011 0.00993335 -0.00696771 0.00151966 0.013498 0.021835 -0.0368692 1 0 0 0 0 0 0 0
157 1 0.1 5.13459 2.13439 0.303593 0.00703135 -0.00535516 -0.00417669 -0.000626454 0.0761129 -0.0233364 1 0 0 0 0 0 0 0
158 1 0.1 4.95938 2.3009 0.390796 0.00745918 -0.00849924 0.00282334 0.109911 0.107703 0.0180627 1 0 0 0 0 0 0 0
159 1 0.1 4.80039 2.46255 0.299935 -0.00189894 0.00510755 -0.00156252 0.0487114 0.155937 -0.00273868 1 0 0 0 0 0 0 0
160 1 0.1 4.55977 2.58417 0.304571 0.00160221 -0.0102347 0.000857345 -0.223698 -0.0322806 0.072536 1 0 0 0 0 0 0 0
161 1 0.1 4.40138 2.85101 0.338312 0.00201523 0.000722298 0.00944245 0.224907 -0.071776 -0.0303951 1 0 0 0 0 0 0 0
162 1 0.1 4.37897 3.0465 0.369558 -0.0059578 0.00202334 0.00916845 -0.152894 -0.0353575 -0.0850863 1 0 0 0 0 0 0 0
163 1 0.1 4.50872 3.19164 0.38216 0.0122125 -0.0183243 -0.0127514 -0.549393 -0.309897 -0.214361 1 0 0 0 0 0 0 0
164 1 0.1 4.60686 3.3616 0.355777 0.0129786 -0.0611838 -0.118285 -0.671173 0.243345 0.075422 1 0 0 0 0 0 0 0
165 1 0.1 4.75922 3.4715 0.290826 -0.01726 -0.0298659 -0.0730012 0.558102 -0.780514 0.591849 1 0 0 0 0 0 0 0
166 1 0.1 4.91924 3.61634 0.309769 0.0183445 -0.0214347 -0.0102405 0.585822 0.204494 0.0726048 1 0 0 0 0 0 0 0
167 1 0.1 5.07325 3.81909 0.311162 -0.0103399 -0.0620187 0.00773252 -0.024937 -0.131448 0.229974 1 0 0 0 0 0 0 0
168 1 0.1 5.19745 3.94763 0.438965 -0.0588835 -0.0208802 -0.0143519 -0.2543 -0.0575465 0.450802 1 0 0 0 0 0 0 0
169 1 0.1 5.34755 4.07471 0.47103 -0.0344962 -0.0511239 0.01708 0.28814 -0.361905 -0.911603 1 0 0 0 0 0 0 0
170 1 0.1 5.48523 4.19105 0.386592 -0.0305295 -0.0265498 0.0405242 0.1831 0.417287 0.922243 1 0 0 0 0 0 0 0
171 1 0.1 5.63562 4.28102 0.292015 -0.05322 -0.0163877 -0.00180299 -0.476683 -0.126188 -0.559215 1 0 0 0 0 0 0 0
172 1 0.1 5.87508 4.34698 0.421171 -0.361157 0.133498 -0.0773319 -3.55857 -2.7949 0.273091 1 0 0 0 0 0 0 0
173 1 0.1 5.85624 4.56776 0.404692 -0.0824784 -0.0486345 0.0375651 -0.0551074 -0.589865 0.238236 1 0 0 0 0 0 0 0
174 1 0.1 6.18079 5.15724 0.349971 -0.125618 -0.111853 -0.00924832 0.196136 -0.016809 0.552348 1 0 0 0 0 0 0 0
175 1 0.1 6.40013 0.623716 0.349981 -0.000530755 0.000589073 4.6168e-05 -0.0196288 -0.0201781 -0.0415911 1 0 0 0 0 0 0 0
176 1 0.1 6.15208 1.12221 0.322975 0.000189376 -5.71579e-05 -0.000404671 -0.0040555 -0.00761092 0.00643784 1 0 0 0 0 0 0 0
177 1 0.1 5.957 1.59931 0.31581 0.00254597 -0.00565492 -0.000176304 0.0496739 0.0199914 -0.0156749 1 0 0 0 0 0 0 0
178 1 0.1 5.821 1.73416 0.372303 0.00430206 -0.00487899 -0.000438325 -0.0513111 -0.0151756 -0.0016426 1 0 0 0 0 0 0 0
179 1 0.1 5.67604 1.91283 0.389561 0.00786148 -0.00340884 0.00165466 -0.0527464 0.00998365 0.0147802 1 0 0 0 0 0 0 0
180 1 0.1 5.41124 1.85607 0.376217 0.00202226 -0.00150891 0.00408063 -0.0216329 -0.054922 0.137329 1 0 0 0 0 0 0 0
181 1 0.1 5.44235 2.02527 0.271766 0.00568459 -0.00675371 -0.00093297 0.0291667 0.0114536 0.0312678 1 0 0 0 0 0 0 0
182 1 0.1 5.29914 2.25406 0.341948 0.00331539 -0.00953168 -0.00254542 -0.0150565 0.0113384 0.0102287 1 0 0 0 0 0 0 0
183 1 0.1 5.1331 2.36122 0.312897 0.00353787 -0.00814306 -0.00380421 -0.0406175 0.0040704 -0.0296176 1 0 0 0 0 0 0 0
184 1 0.1 4.99257 2.51576 0.299442 0.00111697 -0.00726733 -0.00366081 0.0497083 -0.105145 -0.114829 1 0 0 0 0 0 0 0
185 1 0.1 4.72812 2.60939 0.412998 0.0138025 0.0103791 0.0162765 0.107634 -0.0673047 -0.1712 1 0 0 0 0 0 0 0
186 1 0.1 4.58781 2.78007 0.331448 -0.000280302 -0.00290265 -0.00503279 0.0666948 0.104281 -0.0192029 1 0 0 0 0 0 0 0
187 1 0.1 4.57051 2.9975 0.304862 0.0817527 0.0724358 -0.00306837 -0.690133 0.932549 -0.0664536 1 0 0 0 0 0 0 0
188 1 0.1 4.69713 3.18002 0.324948 0.0155164 -0.0357782 0.0170772 0.0146371 0.0623034 0.223422 1 0 0 0 0 0 0 0
189 1 0.1 4.92604 3.16028 0.347523 -0.0402697 -0.0238135 -0.0011539 0.244691 -0.0753216 0.0336893 1 0 0 0 0 0 0 0
190 1 0.1 4.90967 3.3613 0.399186 0.0110885 -0.114045 0.0257592 0.812921 -0.021007 -1.43584 1 0 0 0 0 0 0 0
191 1 0.1 5.11813 3.62142 0.321577 0.0100838 -0.0437884 0.000998151 0.597323 -0.253638 -0.21288 1 0 0 0 0 0 0 0
192 1 0.1 5.28453 3.7319 0.318288 -0.0081339 -0.0208019 0.0074649 -0.0710348 0.513652 0.493604 1 0 0 0 0 0 0 0
193 1 0.1 5.49798 3.78612 0.355556 -0.00656585 0.010839 -0.0220086 0.132476 0.259981 0.588665 1 0 0 0 0 0 0 0
194 1 0.1 5.62931 3.92766 0.410012 0.0126385 -0.0188998 0.00605251 -0.118135 0.0416106 0.38329 1 0 0 0 0 0 0 0
195 1 0.1 5.70028 4.09144 0.319855 -0.00746323 -0.0228206 0.00127359 -0.391879 -0.096569 0.205939 1 0 0 0 0 0 0 0
196 1 0.1 5.87597 4.14862 0.396125 -0.118714 0.0921029 0.174619 1.07883 -1.63444 1.38354 1 0 0 0 0 0 0 0
197 1 0.1 6.0453 4.23721 0.33658 -0.103245 -0.0936853 -0.129804 -1.04373 4.8221 -3.84823 1 0 0 0 0 0 0 0
198 1 0.1 5.9002 4.87364 0.360424 -0.0649866 -0.0922433 -0.0118897 0.000506698 0.00415647 -0.00512292 1 0 0 0 0 0 0 0
199 1 0.1 6.32212 5.29855 0.350142 -0.148873 -0.125751 -0.0287637 -0.146762 0.339287 -0.49737 1 0 0 0 0 0 0 0
200 1 0.1 6.4237 0.863043 0.236191 1.90095e-05 -0.00188646 0.0017756 0.00878971 0.00582728 0.0168798 1 0 0 0 0 0 0 0
201 1 0.1 6.27219 0.962333 0.320673 0.00108752 0.000739193 0.00100641 -0.0218323 -0.00924672 -0.0447156 1 0 0 0 0 0 0 0
202 1 0.1 5.87531 1.92781 0.386961 0.00806389 -0.00138142 -0.00210975 0.000727533 0.023042 0.00527232 1 0 0 0 0 0 0 0
203 1 0.1 5.57904 2.68148 0.762568 0.00567603 -0.000907877 0.000417485 0.0200929 -0.0492689 0.0220098 1 0 0 0 0 0 0 0
204 1 0.1 5.73893 2.29712 0.410915 0.00937927 0.00744118 -0.00102125 0.0699147 0.00620227 0.0286048 1 0 0 0 0 0 0 0
205 1 0.1 5.65831 2.09767 0.315357 0.00594104 -0.00511564 -0.00279012 0.00688634 0.0178638 -0.0132705 1 0 0 0 0 0 0 0
206 1 0.1 5.49155 2.20135 0.352531 0.00573574 -0.00592205 -0.00248239 -0.0160827 0.000997857 0.0199731 1 0 0 0 0 0 0 0
207 1 0.1 5.37114 2.4342 0.390456 -0.00102627 -0.00866326 -0.00492374 -0.0367089 0.113526 -0.00827361 1 0 0 0 0 0 0 0
208 1 0.1 5.31561 2.61184 0.318068 -0.00127074 -0.0120454 -0.00397167 0.00658241 -0.0210307 -0.00843797 1 0 0 0 0 0 0 0
209 1 0.1 5.09817 2.68233 0.32954 0.00587129 -0.012381 -0.000481194 -0.0113191 0.0617406 0.0435193 1 0 0 0 0 0 0 0
210 1 0.1 4.92146 2.6587 0.41951 0.0187083 -0.0149962 0.0147795 0.186967 0.160245 -0.0887021 1 0 0 0 0 0 0 0
211 1 0.1 4.78588 2.79482 0.349672 -0.00213263 -0.0203462 0.0122637 0.144774 -0.249159 -0.132686 1 0 0 0 0 0 0 0
212 1 0.1 4.76619 2.99363 0.345018 0.0718439 -0.0139579 0.0350178 0.211984 -0.994006 -0.576088 1 0 0 0 0 0 0 0
213 1 0.1 5.0517 3.02618 0.426282 -0.010428 -0.0027824 -0.00407727 0.0373857 -0.0341475 -0.173806 1 0 0 0 0 0 0 0
214 1 0.1 5.11036 3.23663 0.332824 -0.0120156 -0.0443045 0.00263207 0.301887 -0.213489 -0.902153 1 0 0 0 0 0 0 0
215 1 0.1 5.16742 3.42755 0.342684 0.00249892 -0.0421235 0.0215668 -0.190135 0.426078 0.673295 1 0 0 0 0 0 0 0
216 1 0.1 5.32463 3.53943 0.393713 -0.0323043 0.039955 -0.032587 0.16459 0.248334 0.363297 1 0 0 0 0 0 0 0
217 1 0.1 5.50246 3.59016 0.318064 -0.0127862 0.0051121 -0.00546546 -0.308457 -0.562054 -0.701381 1 0 0 0 0 0 0 0
218 1 0.1 5.69659 3.64222 0.325993 -0.097754 0.0300509 0.00849988 -0.0741875 0.633755 0.196376 1 0 0 0 0 0 0 0
219 1 0.1 5.75166 3.7782 0.461844 0.0468898 0.00546467 0.000629693 -0.0770082 0.0629012 0.0360456 1 0 0 0 0 0 0 0
220 1 0.1 5.73765 3.83366 0.270962 0.0224096 -0.0107977 0.000443213 -0.0879674 0.137215 0.052843 1 0 0 0 0 0 0 0
221 1 0.1 5.82732 3.95497 0.407067 0.0102938 0.031473 -0.00897191 0.180622 0.0871444 0.134491 1 0 0 0 0 0 0 0
222 1 0.1 6.02313 4.06954 0.513195 -0.0262881 -0.248174 -0.023744 -5.88236 -0.010386 -0.681932 1 0 0 0 0 0 0 0
223 1 0.1 6.17151 4.87286 0.306217 -0.26776 -0.266405 0.0223042 -1.84538 1.91629 0.20385 1 0 0 0 0 0 0 0
224 1 0.1 6.3112 5.01547 0.296205 -0.285801 -0.253422 -0.0616407 0.9914 -1.25776 -0.44802 1 0 0 0 0 0 0 0
225 1 0.1 6.2748 1.2569 0.212948 -0.000268416 -0.00134166 0.000261843 -0.00610527 -0.038308 0.0172234 1 0 0 0 0 0 0 0
226 1 0.1 6.19812 1.30428 0.391464 0.000429172 -0.000291798 6.15464e-05 0.0113825 -0.010518 -0.0254207 1 0 0 0 0 0 0 0
227 1 0.1 6.05138 1.44535 0.403306 0.0109078 -0.00489717 0.00610726 -0.0384159 -0.0285225 0.0778487 1 0 0 0 0 0 0 0
228 1 0.1 5.82171 2.11598 0.429072 0.00654441 0.00640913 -0.00528817 0.0154687 0.0138338 0.170143 1 0 0 0 0 0 0 0
229 1 0.1 5.67378 2.8532 0.724185 -0.0048357 0.0047737 0.00214963 -0.0616979 -0.0451354 0.120396 1 0 0 0 0 0 0 0
230 1 0.1 5.56352 2.38767 0.362477 0.0209808 -0.0208511 0.181281 1.08249 -2.29922 -0.279175 1 0 0 0 0 0 0 0
231 1 0.1 5.72901 2.49558 0.430405 0.00566377 0.00712539 0.0103389 0.0263056 0.0131733 0.00668139 1 0 0 0 0 0 0 0
232 1 0.1 5.62035 2.58786 0.570351 0.00219207 -0.00233053 0.0177952 0.125756 -0.0325354 0.00818024 1 0 0 0 0 0 0 0
233 1 0.1 5.59258 3.03489 0.303431 0.00518089 -0.0100131 -0.00191092 -0.0165137 -0.0307121 -0.00381132 1 0 0 0 0 0 0 0
234 1 0.1 5.23342 2.87661 0.137387 0.00480576 -0.0011711 0.000603331 -0.00664819 0.0399837 -0.0320214 1 0 0 0 0 0 0 0
235 1 0.1 5.34603 2.80522 0.354909 0.0073403 -0.0151598 -0.0109713 -0.0772053 -0.0649035 -0.107845 1 0 0 0 0 0 0 0
236 1 0.1 4.97984 2.84136 0.354714 -0.00358946 -0.0212872 0.00778113 -0.155526 0.287755 0.117554 1 0 0 0 0 0 0 0
237 1 0.1 5.16856 2.89968 0.324917 -0.00985231 -0.00877415 -0.00204231 0.10052 -0.189051 0.023595 1 0 0 0 0 0 0 0
238 1 0.1 5.24181 3.09979 0.395068 -0.0211705 -0.0555871 -0.00343418 -0.535132 0.395013 0.52843 1 0 0 0 0 0 0 0
239 1 0.1 5.29266 3.29153 0.41744 -0.00886647 -0.0582927 0.0121517 0.606602 -0.749013 -0.682653 1 0 0 0 0 0 0 0
240 1 0.1 5.49116 3.20705 0.308599 -0.00210107 -0.0175053 -0.00259889 0.0163189 -0.00348137 0.0721886 1 0 0 0 0 0 0 0
241 1 0.1 5.62455 3.13497 0.514174 -0.0336752 -0.00951615 0.00177366 0.00204992 0.256921 0.0602463 1 0 0 0 0 0 0 0
242 1 0.1 5.46353 3.38977 0.384822 -0.00643702 -0.0394287 0.0626802 0.374172 0.715831 0.63064 1 0 0 0 0 0 0 0
243 1 0.1 5.59357 3.15011 0.140049 0.00780894 -0.0122746 -0.00486655 -0.0350554 -0.0428459 0.0618249 1 0 0 0 0 0 0 0
244 1 0.1 5.37541 3.0486 0.137102 0.00231728 -0.00577118 -0.00046236 0.0395866 0.0358276 0.0454497 1 0 0 0 0 0 0 0
245 1 0.1 5.68883 2.97468 0.137394 0.00616116 -0.0112672 0.000611233 0.0247765 -0.0233915 -0.0831411 1 0 0 0 0 0 0 0
246 1 0.1 5.64419 3.44933 0.323456 -0.0289898 -0.00496609 0.0134835 0.203589 0.0604982 0.537249 1 0 0 0 0 0 0 0
247 1 0.1 6.04141 4.49536 0.378841 -0.56483 -0.323196 0.325687 1.74482 -3.30169 0.694052 1 0 0 0 0 0 0 0
248 1 0.1 6.04392 4.72306 0.426006 -0.148104 0.0189255 -0.120813 -1.09967 0.915345 2.45474 1 0 0 0 0 0 0 0
249 1 0.1 6.28121 4.741 0.408822 -0.0677528 -0.13684 -0.0371734 -0.842048 0.469708 -0.406114 1 0 0 0 0 0 0 0
250 1 0.1 6.117 0.907996 0.554057 0.00117314 -0.00108006 0.00125784 0.00569373 -0.0142709 -0.00723943 1 0 0 0 0 0 0 0
251 1 0.1 5.96995 1.05385 0.550464 -0.00124407 0.000620018 -0.00232512 0.0223711 0.0585074 -0.0131824 1 0 0 0 0 0 0 0
252 1 0.1 5.83143 1.19704 0.533227 -0.00192908 0.000811704 -0.000352008 -0.0162921 -0.0193433 0.0180279 1 0 0 0 0 0 0 0
253 1 0.1 5.63141 1.39415 0.541584 0.00553112 -0.00866214 -0.000873725 -0.0408795 -0.000947701 -0.112493 1 0 0 0 0 0 0 0
254 1 0.1 5.48781 1.53578 0.549411 0.00802893 -0.00989329 0.00252219 -0.00161547 -0.00885445 -0.0112804 1 0 0 0 0 0 0 0
255 1 0.1 5.205 1.81823 0.550212 0.00861046 -0.0088638 -0.00235446 0.00317641 -0.0438263 -0.0254691 1 0 0 0 0 0 0 0
256 1 0.1 5.08562 1.9714 0.507838 0.0132334 -0.0115769 -0.00146355 -0.00168031 0.0364861 0.0118264 1 0 0 0 0 0 0 0
257 1 0.1 4.94754 2.09259 0.580043 0.0439219 -0.00775314 0.0313358 -0.115099 0.567732 -0.0752892 1 0 0 0 0 0 0 0
258 1 0.1 4.79497 2.23063 0.568969 -0.00405038 0.00399696 -0.0029772 -0.0041551 0.0277122 0.0544181 1 0 0 0 0 0 0 0
259 1 0.1 4.64611 2.38233 0.573909 -0.00126758 0.00153835 -0.00377788 -0.0509848 0.000896539 0.0362799 1 0 0 0 0 0 0 0
260 1 0.1 4.45737 2.56602 0.479895 0.000930541 0.000669064 -0.00442827 -0.0337446 0.0179315 -0.0179968 1 0 0 0 0 0 0 0
261 1 0.1 4.23665 2.77907 0.550102 -0.0109661 0.0149881 -0.0075626 0.000203101 0.0870112 0.168682 1 0 0 0 0 0 0 0
262 1 0.1 4.19091 2.9738 0.546318 -0.000280164 0.0316784 -0.0334035 -0.0994921 -0.151387 0.0848497 1 0 0 0 0 0 0 0
263 1 0.1 4.19596 3.17297 0.548259 0.00812964 0.0144836 -0.0356559 0.265644 0.0584467 0.125011 1 0 0 0 0 0 0 0
264 1 0.1 4.34205 3.32013 0.548975 0.0224483 0.0228368 -0.020285 0.0683975 0.0980605 -0.0778937 1 0 0 0 0 0 0 0
265 1 0.1 4.5226 3.50788 0.551221 0.0759747 0.0765366 0.00119603 -0.357708 -0.0513339 1.25366 1 0 0 0 0 0 0 0
266 1 0.1 4.66433 3.64695 0.560431 0.076945 0.0568573 -0.0187321 0.170998 -0.10064 0.724138 1 0 0 0 0 0 0 0
267 1 0.1 4.82402 3.79798 0.486768 0.00825966 0.00158828 -0.00643812 -0.259425 -0.131711 0.217928 1 0 0 0 0 0 0 0
268 1 0.1 4.9486 3.93017 0.563922 -0.0063158 0.000982245 -0.00237991 0.13112 -0.0549075 -0.140626 1 0 0 0 0 0 0 0
269 1 0.1 5.08983 4.0704 0.555233 0.00126411 -0.00524585 0.0114017 -0.0485454 -0.0362041 0.0440992 1 0 0 0 0 0 0 0
270 1 0.1 5.36965 4.35464 0.551846 -0.000540889 -0.0009883 0.0027784 -0.0223784 -0.0230954 0.00422346 1 0 0 0 0 0 0 0
271 1 0.1 5.51082 4.49568 0.548927 -0.00144557 0.00119888 0.00385159 -0.0211078 -0.0284738 -0.00167522 1 0 0 0 0 0 0 0
272 1 0.1 5.65349 4.63464 0.561173 0.00142169 0.000484072 0.00151453 -0.0384299 0.0155418 -0.0131062 1 0 0 0 0 0 0 0
273 1 0.1 5.79299 4.77676 0.547118 0.00397443 0.000256313 -0.00662581 0.00482792 0.0590494 0.0143538 1 0 0 0 0 0 0 0
274 1 0.1 6.06011 5.03797 0.549949 0.00234021 0.00133964 -0.00331838 0.0168722 0.00647244 0.0116126 1 0 0 0 0 0 0 0
275 1 0.1 6.26738 0.755726 0.549821 -0.00079467 0.00110123 -0.00036771 0.00302643 0.0149217 0.0215781 1 0 0 0 0 0 0 0
276 1 0.1 6.03766 1.24119 0.520073 -0.00341085 -0.00559282 -0.000767218 -0.0467251 0.101698 -0.0148597 1 0 0 0 0 0 0 0
277 1 0.1 5.89899 1.38485 0.525112 0.00242134 -0.00139501 0.00168094 0.0185374 -0.0289235 -0.0689517 1 0 0 0 0 0 0 0
278 1 0.1 5.77949 1.53472 0.580737 0.00563788 -0.000415872 0.00232554 0.0335802 -0.024648 0.0132669 1 0 0 0 0 0 0 0
279 1 0.1 5.63886 1.67623 0.583838 0.00474545 -0.00300969 0.00134636 0.000371574 -0.0232149 0.00864309 1 0 0 0 0 0 0 0
280 1 0.1 5.34639 1.67707 0.550278 0.0081312 -0.00954179 0.000889976 -0.00422828 -0.00894433 0.00818842 1 0 0 0 0 0 0 0
281 1 0.1 5.28011 2.13067 0.522303 0.0123439 -0.00585715 -0.00265531 -0.0463329 -0.0692084 -0.0298128 1 0 0 0 0 0 0 0
282 1 0.1 5.21968 2.34305 0.50237 0.0076763 -0.00907478 -0.00181892 0.0304473 -0.0487805 0.0378479 1 0 0 0 0 0 0 0
283 1 0.1 5.09365 2.18983 0.488512 0.0158608 -0.0122595 -0.00928066 0.0243187 0.0114424 0.0650549 1 0 0 0 0 0 0 0
284 1 0.1 4.82517 2.41147 0.491276 0.00203324 0.000341964 -0.00526342 -0.0281527 -0.0312789 -0.0192662 1 0 0 0 0 0 0 0
285 1 0.1 4.63428 2.58135 0.586164 0.00403988 0.00252786 0.00538702 0.13078 -0.0204759 -0.0842095 1 0 0 0 0 0 0 0
286 1 0.1 4.43765 2.76187 0.513619 -0.026171 -0.00231662 0.0197409 0.28322 0.0204188 0.29147 1 0 0 0 0 0 0 0
287 1 0.1 4.37735 2.94861 0.550667 -0.00997374 0.0106895 -0.00282668 -0.0841155 0.813794 -0.182683 1 0 0 0 0 0 0 0
288 1 0.1 4.41132 3.1384 0.546619 0.000924816 0.0153048 -0.0213537 -0.0317628 -0.164851 0.0581124 1 0 0 0 0 0 0 0
289 1 0.1 4.53977 3.31231 0.536271 0.0492993 0.0629268 -0.0526875 -0.204677 0.403302 -0.536493 1 0 0 0 0 0 0 0
290 1 0.1 4.70737 3.46572 0.490906 -0.0477259 0.0100273 -0.13305 0.664152 0.218041 2.90153 1 0 0 0 0 0 0 0
291 1 0.1 4.87588 3.56749 0.496351 -0.037995 -0.0390778 -0.0382551 0.156466 -0.297906 -2.33975 1 0 0 0 0 0 0 0
292 1 0.1 5.00017 3.71413 0.464815 -0.00904019 -0.0557963 0.0151738 0.191683 0.162132 0.518417 1 0 0 0 0 0 0 0
293 1 0.1 5.14746 3.80039 0.562743 -0.0121438 -0.0318007 -0.000730364 0.13766 0.2198 0.0796487 1 0 0 0 0 0 0 0
294 1 0.1 5.22821 4.21374 0.550281 0.000126092 -0.00267549 0.00622153 -0.0786271 -0.0288804 -0.0054089 1 0 0 0 0 0 0 0
295 1 0.1 5.52379 4.23203 0.582971 -0.0203957 -0.0221217 0.0130512 0.154811 -0.222275 -0.251223 1 0 0 0 0 0 0 0
296 1 0.1 5.63954 4.36214 0.474632 -0.0253069 -0.0065348 -0.00853798 0.33236 -0.064575 -0.365851 1 0 0 0 0 0 0 0
297 1 0.1 5.78162 4.48138 0.569616 -0.293338 -0.25337 -0.123342 -0.97264 2.82361 -3.06622 1 0 0 0 0 0 0 0
298 1 0.1 5.94594 4.65452 0.586157 0.00915643 -0.00796401 -0.0179075 -0.0641475 0.114788 -0.0976751 1 0 0 0 0 0 0 0
299 1 0.1 6.20151 5.17928 0.549972 -0.0022925 0.000913687 -0.000793126 0.00708717 0.00411014 -0.000790244 1 0 0 0 0 0 0 0
300 1 0.1 6.40881 0.61438 0.549979 -0.000824919 0.000926975 -8.77856e-05 -0.011362 -0.00945649 -0.0175797 1 0 0 0 0 0 0 0
301 1 0.1 6.17534 1.09674 0.524962 -0.00169586 -0.00205172 -0.000350166 -0.0342495 -0.021045 0.0404506 1 0 0 0 0 0 0 0
302 1 0.1 5.96286 1.5851 0.515207 0.00454028 -0.00352769 -0.000313857 -0.0325061 -0.00939477 -0.0173379 1 0 0 0 0 0 0 0
303 1 0.1 5.83966 1.73207 0.570793 0.00949424 0.000958662 -0.000352734 -0.00914122 0.06103 -0.0324284 1 0 0 0 0 0 0 0
304 1 0.1 5.67815 1.87658 0.585948 0.0114424 -0.00105233 0.00152944 0.0326148 0.0314267 -0.00495738 1 0 0 0 0 0 0 0
305 1 0.1 5.49065 1.80866 0.599316 0.00895224 -0.0010047 0.0039755 -0.0314654 -0.0109846 -0.00193709 1 0 0 0 0 0 0 0
306 1 0.1 5.35449 1.94983 0.562834 0.00621523 -0.00513932 0.000149485 -0.00481352 -0.0583522 0.0509683 1 0 0 0 0 0 0 0
307 1 0.1 5.17475 2.52154 0.425556 0.00188011 -0.0111839 0.00156475 -0.00281625 0.0973613 0.0135533 1 0 0 0 0 0 0 0
308 1 0.1 5.20342 2.58873 0.618407 -0.00529633 -0.0205334 0.00609706 0.0134644 -0.100389 -0.263726 1 0 0 0 0 0 0 0
309 1 0.1 5.00499 2.48889 0.52401 0.00304871 -0.00903991 0.00496995 0.0615635 -0.0541135 -0.0702758 1 0 0 0 0 0 0 0
310 1 0.1 4.83381 2.58521 0.589656 0.00915392 -0.0128921 0.0055314 0.238332 0.0147179 -0.0821338 1 0 0 0 0 0 0 0
311 1 0.1 4.66843 2.77063 0.513859 -0.0239559 0.0154901 0.0022056 -0.243528 -0.543701 0.294128 1 0 0 0 0 0 0 0
312 1 0.1 4.56537 2.93983 0.492636 -0.0143685 0.0272766 -0.0256485 1.17625 -1.8743 -0.225697 1 0 0 0 0 0 0 0
313 1 0.1 4.60757 3.11673 0.573747 -0.012519 0.0168058 0.011803 -1.30288 -0.145029 -0.30111 1 0 0 0 0 0 0 0
314 1 0.1 4.71756 3.27552 0.623928 -0.026024 0.0622201 -0.0512536 -0.331146 -0.93764 0.162044 1 0 0 0 0 0 0 0
315 1 0.1 4.87427 3.39799 0.592752 -0.274477 -0.025056 0.087819 -1.31862 0.269569 -0.321315 1 0 0 0 0 0 0 0
316 1 0.1 5.04713 3.46976 0.494371 -0.0335536 -0.0866176 0.0281651 -1.0305 -0.0463488 1.79963 1 0 0 0 0 0 0 0
317 1 0.1 5.18713 3.60973 0.520712 -0.033328 -0.0486093 0.00663926 -0.225756 -0.22102 -0.208673 1 0 0 0 0 0 0 0
318 1 0.1 5.32013 3.88673 0.603108 -0.0169647 -0.00349782 -0.00267451 0.178484 0.218219 0.184001 1 0 0 0 0 0 0 0
319 1 0.1 5.48245 4.03562 0.613197 -0.00599023 -0.0603969 -0.0174408 -0.7169 0.0998344 -0.0482576 1 0 0 0 0 0 0 0
320 1 0.1 5.68218 3.92206 0.604625 -0.00940754 -0.0267064 -0.0117799 -0.126531 0.0667457 0.172586 1 0 0 0 0 0 0 0
321 1 0.1 5.65384 4.09744 0.513921 -0.0259726 -0.0210713 0.002036 0.323002 -0.100395 0.00496443 1 0 0 0 0 0 0 0
322 1 0.1 5.77661 4.2471 0.563843 -0.0382445 -0.00841452 0.00357009 -0.398634 0.0283198 0.165192 1 0 0 0 0 0 0 0
323 1 0.1 5.97487 4.85772 0.56318 0.00332469 0.00168736 -0.00690726 0.0357511 -0.0169223 0.00358022 1 0 0 0 0 0 0 0
324 1 0.1 6.34293 5.32066 0.549673 -0.000540531 0.000154919 -0.000184754 0.00225228 0.000542022 -0.00574038 1 0 0 0 0 0 0 0
325 1 0.1 6.4299 0.806306 0.444868 -0.00017761 -0.000218137 1.38236e-05 -0.00628362 -0.00613184 -0.0263626 1 0 0 0 0 0 0 0
326 1 0.1 6.30921 0.948587 0.516704 0.00139805 0.000480976 0.00106632 0.0217274 0.01372 0.00707105 1 0 0 0 0 0 0 0
327 1 0.1 6.0385 1.76225 0.398134 -0.00890542 0.00424085 -0.00878432 0.0140275 0.316369 0.325791 1 0 0 0 0 0 0 0
328 1 0.1 5.86599 1.94485 0.585962 0.012343 -0.00111054 -0.00191158 -0.00292161 0.0144056 0.000233996 1 0 0 0 0 0 0 0
329 1 0.1 5.71328 2.07336 0.59157 0.0118179 -0.000446215 -0.00278129 -0.046565 0.0131047 -0.00072839 1 0 0 0 0 0 0 0
330 1 0.1 5.51373 2.00752 0.457151 0.00779588 -0.00340115 -0.000789559 -0.0443256 0.0132712 0.0117533 1 0 0 0 0 0 0 0
331 1 0.1 5.45549 2.1148 0.615 0.013876 -0.00411487 -0.00169282 0.0134897 0.0783465 0.0211598 1 0 0 0 0 0 0 0
332 1 0.1 5.40941 2.28309 0.515404 0.00906984 -0.00359288 -0.00224556 -0.036133 0.0491667 0.00904362 1 0 0 0 0 0 0 0
333 1 0.1 5.53817 2.8725 0.406462 -0.0206687 -8.70191e-05 -0.00658173 0.0134652 -0.1772 -0.192417 1 0 0 0 0 0 0 0
334 1 0.1 5.28181 2.77305 0.602631 -0.00218496 -0.0238575 0.000788211 -0.0558498 0.0486435 0.0568578 1 0 0 0 0 0 0 0
335 1 0.1 5.01966 2.66712 0.611495 7.05174e-05 -0.00713075 0.00254347 -0.107282 0.0994618 0.119795 1 0 0 0 0 0 0 0
336 1 0.1 4.86147 2.78156 0.565076 -0.0074683 -0.00717351 -0.00568976 -0.39978 -0.385624 0.290647 1 0 0 0 0 0 0 0
337 1 0.1 4.75783 2.95062 0.54164 -0.0364774 -0.0244959 0.0498567 0.790554 1.03753 0.0387062 1 0 0 0 0 0 0 0
338 1 0.1 4.79317 3.14205 0.495834 -0.00293585 -0.0330305 0.0368488 -0.305201 -0.123592 -0.740851 1 0 0 0 0 0 0 0
339 1 0.1 4.95253 3.21388 0.592685 -0.0101884 0.00632685 0.00641495 -0.0743299 0.197183 0.940322 1 0 0 0 0 0 0 0
340 1 0.1 5.15704 3.33144 0.585129 0.047404 -0.0149739 0.0561805 0.777574 -0.145356 -0.434244 1 0 0 0 0 0 0 0
341 1 0.1 5.30756 3.46218 0.580442 0.0220154 0.00470894 0.0264491 -0.451578 0.727554 0.709041 1 0 0 0 0 0 0 0
342 1 0.1 5.47999 3.54216 0.519212 -0.0119796 0.0327429 -0.050931 0.0762261 0.00789788 -0.297469 1 0 0 0 0 0 0 0
343 1 0.1 5.3555 3.71637 0.504581 -0.0445428 -0.0208999 0.0193442 -0.0482318 -0.0815428 0.521029 1 0 0 0 0 0 0 0
344 1 0.1 5.50678 3.84723 0.545478 -0.0129903 -0.0164968 -0.00881537 0.16924 -0.288465 -0.454917 1 0 0 0 0 0 0 0
345 1 0.1 5.61712 3.67828 0.569499 0.016793 0.00551099 -0.0128924 0.0833159 -0.369114 -0.120541 1 0 0 0 0 0 0 0
346 1 0.1 5.8705 3.8549 0.603076 0.012462 0.0331167 0.0204919 0.0952087 -0.33573 0.418643 1 0 0 0 0 0 0 0
347 1 0.1 5.83618 4.05187 0.581756 -0.0310043 -0.00351905 0.01611 -0.10375 -0.120972 0.268174 1 0 0 0 0 0 0 0
348 1 0.1 6.21656 4.92738 0.493179 -0.0394843 -0.0392 -0.0720329 -0.183868 0.909566 -0.458265 1 0 0 0 0 0 0 0
349 1 0.1 6.35592 5.07044 0.484371 -0.0821309 0.0105512 -0.17513 0.635271 1.04134 1.03989 1 0 0 0 0 0 0 0
350 1 0.1 6.3289 1.15432 0.410642 -0.000512097 -0.00156137 0.00132803 0.00239729 -0.0126262 -0.0179081 1 0 0 0 0 0 0 0
351 1 0.1 6.19096 1.40167 0.565671 0.00078868 -0.00152075 0.000365432 0.00181664 -0.000457814 -0.000516154 1 0 0 0 0 0 0 0
352 1 0.1 6.04671 1.49065 0.671349 0.00199868 -0.000759853 0.000976322 -0.0300506 0.028691 0.0108102 1 0 0 0 0 0 0 0
353 1 0.1 6.01959 1.8172 0.589372 0.0122365 -0.00285166 -0.00441165 0.0297254 -0.00413212 -0.0131447 1 0 0 0 0 0 0 0
354 1 0.1 5.62222 2.81381 0.235208 -0.00316386 -0.00731571 0.00210589 -0.0553442 -0.0678992 0.0433628 1 0 0 0 0 0 0 0
355 1 0.1 5.60008 2.22838 0.537014 0.0100959 -0.00120998 -0.0048331 0.0220681 -0.0160339 0.0128726 1 0 0 0 0 0 0 0
356 1 0.1 5.54606 2.40662 0.609347 0.00636436 -0.00579113 0.0020153 0.0489783 0.0432715 0.0361755 1 0 0 0 0 0 0 0
357 1 0.1 5.35511 2.46203 0.587899 0.00409471 -0.0101636 0.00280377 0.0261385 0.0378123 0.000827141 1 0 0 0 0 0 0 0
358 1 0.1 5.39299 2.6373 0.500513 0.00329107 -0.0135155 -0.00124969 -0.0422259 0.0754528 -0.0553578 1 0 0 0 0 0 0 0
359 1 0.1 5.42827 3.1226 0.478535 -0.0319985 -0.00989346 -0.00553277 -0.153435 -0.346114 -0.0861771 1 0 0 0 0 0 0 0
360 1 0.1 5.3981 2.99556 0.327934 0.00462081 -0.015907 -0.00582485 0.0887039 -0.0710742 0.162039 1 0 0 0 0 0 0 0
361 1 0.1 5.11665 2.79498 0.492848 0.00587643 -0.0161136 -0.00209069 0.0174916 -0.121861 -0.182263 1 0 0 0 0 0 0 0
362 1 0.1 4.95264 2.95822 0.586093 -0.0178259 0.00141942 -0.00581583 0.418222 0.460308 -0.165737 1 0 0 0 0 0 0 0
363 1 0.1 5.14478 3.13384 0.566121 -0.00443589 -0.0147702 -0.00268976 -0.160191 -0.0763625 -0.126056 1 0 0 0 0 0 0 0
364 1 0.1 5.38468 3.2788 0.594444 0.0118689 -0.00225395 0.00377835 0.350747 0.0655759 -0.702567 1 0 0 0 0 0 0 0
365 1 0.1 5.22747 2.95557 0.532745 0.000919217 -0.0229446 0.0350505 -0.0388842 -0.579159 0.0756358 1 0 0 0 0 0 0 0
366 1 0.1 5.56536 3.36325 0.585893 0.0149543 -0.0161688 0.00187188 -0.210503 0.0199459 0.52975 1 0 0 0 0 0 0 0
367 1 0.1 5.70937 3.07636 0.685761 -0.0165464 -0.00565915 -0.000677041 0.051812 -0.094346 -0.0526774 1 0 0 0 0 0 0 0
368 1 0.1 5.70305 3.308 0.451971 -0.00750782 -0.0251689 -0.0139282 0.0736243 0.281656 -0.548083 1 0 0 0 0 0 0 0
369 1 0.1 5.74076 3.45659 0.60673 -0.00951466 0.0278914 -0.00537715 0.139478 0.0156149 -0.0138454 1 0 0 0 0 0 0 0
370 1 0.1 5.66441 2.94156 0.545146 -0.0185024 -0.0063967 -0.00192104 -0.0462035 0.114568 0.0445704 1 0 0 0 0 0 0 0
371 1 0.1 5.89368 3.73653 0.762539 0.00303963 -0.000505559 -0.000127981 0.00108469 -0.00044952 0.00076153 1 0 0 0 0 0 0 0
372 1 0.1 6.01501 4.33954 0.587745 -0.342801 -0.290013 -0.138264 -4.79064 -0.772743 4.59155 1 0 0 0 0 0 0 0
373 1 0.1 6.11986 4.55711 0.571118 -0.0717542 -0.147013 -0.0387924 -2.03841 1.31459 -1.32984 1 0 0 0 0 0 0 0
374 1 0.1 6.24546 4.76372 0.604146 -0.0158748 -0.0309599 -0.0402456 -0.191528 0.0317926 0.0990787 1 0 0 0 0 0 0 0
375 1 0.1 6.0531 0.970279 0.75036 -7.32483e-05 5.43868e-05 -2.59517e-05 0.00412477 0.00649672 0.0173658 1 0 0 0 0 0 0 0
376 1 0.1 5.89624 1.13025 0.760772 0.00205056 -0.00184792 -0.00119978 -0.010295 -0.00841648 -0.023215 1 0 0 0 0 0 0 0
377 1 0.1 5.76165 1.27063 0.705522 0.001234 -0.00104151 0.000864505 0.0320923 0.0300831 -0.0111817 1 0 0 0 0 0 0 0
378 1 0.1 5.61986 1.40694 0.739873 0.000852525 0.000453449 -0.00432166 -0.0770543 -0.0468323 -0.00702756 1 0 0 0 0 0 0 0
379 1 0.1 5.47474 1.54959 0.752303 0.000792191 -0.000734851 0.000373459 0.00854346 0.00320342 -0.0127931 1 0 0 0 0 0 0 0
380 1 0.1 5.21543 1.80621 0.752026 0.00356847 0.000477182 -0.000974224 0.0057597 -0.000850337 0.0120378 1 0 0 0 0 0 0 0
381 1 0.1 5.07376 1.94691 0.750873 0.00231055 -0.00530121 0.00176052 -0.00505021 -0.0263313 -0.0498329 1 0 0 0 0 0 0 0
382 1 0.1 4.87411 2.14153 0.754903 -0.00394815 0.00252079 -0.00239903 -0.0782447 -0.527805 0.127255 1 0 0 0 0 0 0 0
383 1 0.1 4.73568 2.28331 0.763708 0.000751165 0.00411279 0.00530645 0.0183558 -0.0280276 -0.0703216 1 0 0 0 0 0 0 0
384 1 0.1 4.59529 2.42366 0.762591 -0.00018424 0.000651898 -0.00113732 -0.0328447 -0.0951548 0.0766107 1 0 0 0 0 0 0 0
385 1 0.1 4.46837 2.5587 0.69313 0.00279032 0.00317919 0.00685028 0.148445 0.0831956 -0.0927114 1 0 0 0 0 0 0 0
386 1 0.1 4.20443 2.81914 0.749635 -0.00597109 0.00204764 0.00065504 0.00411579 -0.00468462 0.0552336 1 0 0 0 0 0 0 0
387 1 0.1 4.29175 2.99769 0.732891 -0.00804992 -0.0098334 -0.00618634 -0.0203921 0.125083 -0.0987567 1 0 0 0 0 0 0 0
388 1 0.1 4.1921 3.17004 0.751086 0.00285534 -0.0012907 0.000790448 0.0168202 -0.0114651 0.0651829 1 0 0 0 0 0 0 0
389 1 0.1 4.33341 3.31119 0.749949 -0.00308512 -0.00586264 0.00156351 -0.00125106 0.00701774 -0.0375343 1 0 0 0 0 0 0 0
390 1 0.1 4.52066 3.50635 0.750036 -0.0557495 -0.0503919 0.018713 -0.0121732 0.0436441 -0.00405399 1 0 0 0 0 0 0 0
391 1 0.1 4.67671 3.62767 0.763051 0.00830058 0.0255354 -0.0478704 -0.0465244 0.0825062 0.0170062 1 0 0 0 0 0 0 0
392 1 0.1 4.80192 3.78048 0.736405 0.00623503 0.010754 -0.0345034 0.257052 -0.0146408 -0.0375544 1 0 0 0 0 0 0 0
393 1 0.1 5.08323 4.06021 0.762649 -0.00243824 -0.00301422 -0.000190124 -0.0184118 0.0215968 0.014718 1 0 0 0 0 0 0 0
394 1 0.1 5.22297 4.2021 0.756824 -0.00239993 -0.0027809 -0.00192404 0.0129651 -0.00931432 -0.0168541 1 0 0 0 0 0 0 0
395 1 0.1 5.50405 4.48506 0.750767 -0.00117336 -0.0022979 0.000794891 -0.00689324 0.00237645 -0.00338579 1 0 0 0 0 0 0 0
396 1 0.1 5.6476 4.62546 0.761256 0.000619751 0.00077239 -0.00108728 0.00630499 0.0064859 0.0109097 1 0 0 0 0 0 0 0
397 1 0.1 5.78891 4.76693 0.760306 0.00091277 0.00153972 -0.00210999 0.0137688 0.0178962 0.0220706 1 0 0 0 0 0 0 0
398 1 0.1 5.92854 4.9098 0.750568 0.00104344 -0.000480432 -0.00203462 0.00177534 0.00156566 -0.00216736 1 0 0 0 0 0 0 0
399 1 0.1 6.0699 5.05123 0.750018 7.70207e-05 -0.000202394 -0.000317152 0.000543717 -0.000700499 -0.00495117 1 0 0 0 0 0 0 0
400 1 0.1 6.33567 0.687796 0.749996 -0.00040493 0.000408747 1.96393e-05 0.000215516 -0.000652519 0.00708895 1 0 0 0 0 0 0 0
401 1 0.1 6.08327 1.16162 0.697594 0.00258392 0.000834099 0.000534668 0.0138248 -0.0121828 0.0143244 1 0 0 0 0 0 0 0
402 1 0.1 5.95609 1.31536 0.703874 0.00110314 -0.00139129 -0.00115415 -0.0108693 -0.00782653 0.00420259 1 0 0 0 0 0 0 0
403 1 0.1 5.81387 1.4549 0.762544 0.00146706 -0.00187104 7.77225e-05 -0.0278146 -0.0149316 0.0175046 1 0 0 0 0 0 0 0
404 1 0.1 5.6737 1.59736 0.763301 0.00148889 -0.00155629 0.00161317 -0.0142009 -0.0111935 -0.0278916 1 0 0 0 0 0 0 0
405 1 0.1 5.40179 1.7354 0.762561 0.0027881 -4.89683e-05 0.0006463 0.00238016 -0.0213093 -0.0107926 1 0 0 0 0 0 0 0
406 1 0.1 5.26509 1.99955 0.734516 0.00921553 -0.0142695 0.00637545 -0.0507862 -0.048242 -0.0485394 1 0 0 0 0 0 0 0
407 1 0.1 5.12201 2.1258 0.676634 0.0186302 -0.012769 -0.00651172 -0.0788409 -0.00127901 -0.114269 1 0 0 0 0 0 0 0
408 1 0.1 5.05825 2.31101 0.641172 0.00992743 -0.0200901 -0.0162774 -0.0538052 0.0408282 0.205342 1 0 0 0 0 0 0 0
409 1 0.1 4.8836 2.39198 0.685195 0.0215694 -0.0229828 -0.00264367 0.240308 0.109945 -0.442571 1 0 0 0 0 0 0 0
410 1 0.1 4.73493 2.57279 0.762988 0.0299024 -0.0195284 0.00502071 -0.196753 -0.145738 -0.536502 1 0 0 0 0 0 0 0
411 1 0.1 4.55189 2.72105 0.767595 -0.0195776 0.0177246 0.00545291 -0.664017 -0.45643 0.110953 1 0 0 0 0 0 0 0
412 1 0.1 4.44916 2.85556 0.692969 0.0262556 -0.00486592 -0.0580595 0.223891 -0.0623263 -0.22312 1 0 0 0 0 0 0 0
413 1 0.1 4.43753 3.13297 0.747826 0.0348085 -0.0630172 -0.00184808 0.161225 -0.0448206 -0.469647 1 0 0 0 0 0 0 0
414 1 0.1 4.53275 3.30762 0.762542 0.0100671 -0.0530595 0.00932662 0.0238601 0.07564 0.682895 1 0 0 0 0 0 0 0
415 1 0.1 4.69934 3.41777 0.762924 -0.0673937 0.0758834 -0.057204 0.183755 0.207242 -0.12999 1 0 0 0 0 0 0 0
416 1 0.1 4.8621 3.55433 0.762442 -0.00919553 0.0292301 -0.0161607 -0.0495857 -0.330894 0.022153 1 0 0 0 0 0 0 0
417 1 0.1 4.94202 3.91999 0.762782 0.000492174 -0.00221961 -0.00275834 0.0278648 -0.0456292 -0.00169475 1 0 0 0 0 0 0 0
418 1 0.1 5.1282 3.8472 0.762007 0.00145614 -0.00263567 -0.00261092 0.373335 -0.120612 0.00195843 1 0 0 0 0 0 0 0
419 1 0.1 5.36439 4.34248 0.760695 -0.00174195 -0.0025255 0.000187477 0.00133215 -0.00443066 0.00981178 1 0 0 0 0 0 0 0
420 1 0.1 5.59771 4.30735 0.758875 0.00136378 -0.00418236 -0.00327484 0.00823173 0.0163445 0.0182465 1 0 0 0 0 0 0 0
421 1 0.1 5.7387 4.44768 0.762535 0.00188412 0.000437394 -0.00196872 0.0143147 -0.0114605 0.00531414 1 0 0 0 0 0 0 0
422 1 0.1 5.87938 4.58864 0.762572 0.00284843 0.00267213 -0.00271311 -0.0102126 -0.0259729 -0.00304669 1 0 0 0 0 0 0 0
423 1 0.1 6.01838 4.73169 0.762506 0.00341115 0.00063062 -0.000896311 0.00328118 -0.0063299 0.0127747 1 0 0 0 0 0 0 0
424 1 0.1 6.21161 5.19306 0.74994 0.00016716 4.08316e-07 0.000133538 0.000225894 -0.0012054 -0.00207261 1 0 0 0 0 0 0 0
425 1 0.1 6.47707 0.546431 0.750002 -0.000380289 0.000432488 -8.11081e-06 0.000816436 0.000801875 -0.0216317 1 0 0 0 0 0 0 0
426 1 0.1 6.23585 1.0502 0.762508 0.000574948 -0.00133716 5.99957e-06 0.0186389 -0.00443753 -0.033028 1 0 0 0 0 0 0 0
427 1 0.1 6.145 1.34268 0.762608 0.000172617 -0.000829779 0.000265459 -0.00870533 0.00300673 -0.045252 1 0 0 0 0 0 0 0
428 1 0.1 5.95766 1.64568 0.759789 0.00770941 0.000839464 0.0023371 0.0212777 0.0169844 -0.0499311 1 0 0 0 0 0 0 0
429 1 0.1 5.79368 1.75905 0.762718 0.00787474 -0.000288554 -0.000504073 0.0147101 -0.0767724 0.0555531 1 0 0 0 0 0 0 0
430 1 0.1 5.60446 1.82116 0.763132 0.00991559 0.00223221 0.00119633 -0.0562534 -0.0498485 -0.0346114 1 0 0 0 0 0 0 0
431 1 0.1 5.45884 1.95345 0.733056 0.00675372 -0.00415802 0.00222675 0.0213277 0.0746367 0.119761 1 0 0 0 0 0 0 0
432 1 0.1 5.30642 2.19409 0.722225 0.0157916 -0.0159076 -0.00215568 0.0104636 -0.00703741 0.00161186 1 0 0 0 0 0 0 0
433 1 0.1 5.28623 2.38874 0.76019 0.0133168 -0.0176721 0.00428955 0.049682 0.0623438 0.0139832 1 0 0 0 0 0 0 0
434 1 0.1 5.10781 2.47611 0.762692 0.0326871 0.0127183 -0.000417081 0.16629 -0.232686 -0.372141 1 0 0 0 0 0 0 0
435 1 0.1 4.93213 2.56836 0.762595 0.0210806 -0.0235683 -0.0015099 -0.0845763 0.170415 0.74634 1 0 0 0 0 0 0 0
436 1 0.1 4.74191 2.77001 0.752213 -0.0150546 -0.0286543 0.0248071 0.479158 0.124865 -0.103539 1 0 0 0 0 0 0 0
437 1 0.1 4.62023 2.9577 0.694224 0.0351377 -0.0172235 -0.0247109 0.37932 0.00662038 0.0397363 1 0 0 0 0 0 0 0
438 1 0.1 4.66762 3.14048 0.76267 -0.00883474 0.0673828 -0.00132066 0.613743 0.133106 -0.16504 1 0 0 0 0 0 0 0
439 1 0.1 4.86028 3.30069 0.761439 -0.120535 -0.1394 0.1238 2.34903 1.68591 0.836758 1 0 0 0 0 0 0 0
440 1 0.1 5.03921 3.49506 0.692402 -0.020762 0.0173328 0.0103473 -0.0532485 0.143276 -0.232798 1 0 0 0 0 0 0 0
441 1 0.1 4.98789 3.70726 0.735232 0.000512172 0.0085858 -0.022489 -0.325395 -0.0734333 -0.0934825 1 0 0 0 0 0 0 0
442 1 0.1 5.16992 3.62912 0.762513 -0.00870867 0.00352974 0.000537326 -0.0566028 -0.0353202 -0.00958429 1 0 0 0 0 0 0 0
443 1 0.1 5.35615 3.99677 0.763017 -0.00332372 -0.00477115 0.000445756 -0.0297671 0.000929589 0.0382223 1 0 0 0 0 0 0 0
444 1 0.1 5.45784 4.16632 0.762852 -0.0033421 -0.00306911 -0.000590826 0.0170536 0.0532094 -0.0633304 1 0 0 0 0 0 0 0
445 1 0.1 5.63849 4.0807 0.762373 -0.0467275 -0.0960223 -0.00312978 -0.251199 0.096048 -0.840755 1 0 0 0 0 0 0 0
446 1 0.1 5.77935 4.22447 0.762516 -0.00934036 -0.0271573 0.00138488 0.0261619 -0.0839693 -0.266874 1 0 0 0 0 0 0 0
447 1 0.1 5.92097 4.36545 0.762308 -0.00905576 -0.0257514 0.00121017 0.0100953 0.139749 0.284592 1 0 0 0 0 0 0 0
448 1 0.1 6.15943 4.87294 0.76252 0.00230594 0.000384274 0.000142038 -0.00128978 -0.00808227 0.000880665 1 0 0 0 0 0 0 0
449 1 0.1 6.37034 5.35175 0.750141 -0.000232669 0.00020739 -2.34443e-05 0.000113976 0.000228039 -0.00285044 1 0 0 0 0 0 0 0
450 1 0.1 6.42303 0.83518 0.646829 0.000551953 -0.000599156 -0.000441105 0.00695421 -0.00776541 -0.0402784 1 0 0 0 0 0 0 0
451 1 0.1 6.19582 0.83052 0.755635 0.000173539 0.000592158 -0.000396321 -0.000906854 -0.00466805 -0.0128791 1 0 0 0 0 0 0 0
452 1 0.1 6.31647 1.43516 0.717663 0.00118944 -0.0026441 0.000406955 0.0174605 0.00878617 0.00866768 1 0 0 0 0 0 0 0
453 1 0.1 6.11477 1.7873 0.762553 0.00625397 -0.00383672 -0.000366213 -0.0380898 -0.0647339 -0.0200784 1 0 0 0 0 0 0 0
454 1 0.1 5.94315 1.89185 0.762562 0.00719048 -0.000627459 0.000283461 -0.010332 -0.0663982 -0.0266794 1 0 0 0 0 0 0 0
455 1 0.1 5.73534 1.97204 0.762456 0.0151663 0.00081285 -0.00157488 0.0261556 0.0391144 -0.0135369 1 0 0 0 0 0 0 0
456 1 0.1 5.58825 2.11149 0.763022 0.0100721 -0.00210983 0.000904316 -0.0614917 -0.132831 -0.054272 1 0 0 0 0 0 0 0
457 1 0.1 5.46739 2.30544 0.76267 0.0121822 -0.00878896 0.00109084 -0.0469571 -0.0319895 0.04853 1 0 0 0 0 0 0 0
458 1 0.1 5.44883 2.50449 0.762635 0.00701153 -0.0100843 0.000391467 -0.0646366 0.0116494 0.0973052 1 0 0 0 0 0 0 0
459 1 0.1 5.3265 2.66242 0.762611 0.00245889 -0.0159537 0.000894639 -0.0201221 0.00163121 -0.0150838 1 0 0 0 0 0 0 0
460 1 0.1 5.1367 2.7249 0.762591 0.00575387 -0.000972839 -0.00128978 0.00493401 -0.0553835 -0.156706 1 0 0 0 0 0 0 0
461 1 0.1 4.94055 2.76995 0.762718 -0.00850517 -0.00790846 0.00081338 -0.0782408 0.0862189 0.275424 1 0 0 0 0 0 0 0
462 1 0.1 4.81596 2.95349 0.731898 0.0244677 -0.0493405 0.0236508 -0.623103 -0.41774 -0.363886 1 0 0 0 0 0 0 0
463 1 0.1 4.92502 3.11538 0.764375 0.000625489 -0.048326 -0.011592 -0.230618 -0.359721 0.478377 1 0 0 0 0 0 0 0
464 1 0.1 5.05987 3.30776 0.758251 -0.0635207 0.0354413 0.00389205 0.1767 -0.274685 -0.263705 1 0 0 0 0 0 0 0
465 1 0.1 5.2177 3.43039 0.7625 -0.178295 0.17763 -0.00150453 0.0302561 0.517452 2.05683 1 0 0 0 0 0 0 0
466 1 0.1 5.42227 3.37982 0.762586 -0.00716193 -0.00123394 0.00160308 -0.0375447 -0.0265172 -0.0335351 1 0 0 0 0 0 0 0
467 1 0.1 5.36144 3.56983 0.762654 -0.00874116 -0.00170046 -0.00268002 -0.0194077 0.00684453 0.0650432 1 0 0 0 0 0 0 0
468 1 0.1 5.42508 3.74845 0.700974 -0.00510174 -0.00164853 -0.0116267 -0.0808862 -0.148417 -0.0368894 1 0 0 0 0 0 0 0
469 1 0.1 5.53576 3.90915 0.758932 -0.0501289 -0.0906863 0.039826 0.0654893 -0.138922 -0.42969 1 0 0 0 0 0 0 0
470 1 0.1 5.81629 3.96883 0.762523 -0.019638 -0.00430365 0.00757151 0.0816718 -0.00549953 0.226774 1 0 0 0 0 0 0 0
471 1 0.1 5.94878 4.11846 0.75975 -0.00756028 -0.0223464 0.011519 -0.0663937 -0.00755822 0.296193 1 0 0 0 0 0 0 0
472 1 0.1 6.1575 4.20791 0.758714 -0.125209 -0.0336736 -0.165936 -0.394843 -1.32296 -3.3558 1 0 0 0 0 0 0 0
473 1 0.1 6.29881 5.01365 0.736438 0.00135507 0.000334884 0.000697441 -0.00349615 -0.00337902 0.0054646 1 0 0 0 0 0 0 0
474 1 0.1 6.40132 5.17152 0.66931 0.000261347 0.00054513 0.000364383 -0.00454125 -0.00457351 0.00960412 1 0 0 0 0 0 0 0
475 1 0.1 6.4288 0.99811 0.762538 0.000319913 -0.000694443 -4.78928e-06 -0.00413826 -0.000853484 0.0384201 1 0 0 0 0 0 0 0
476 1 0.1 6.31314 1.23458 0.761718 1.7465e-05 -0.00110067 0.00108672 -0.00945339 -0.000896984 0.0405156 1 0 0 0 0 0 0 0
477 1 0.1 5.74461 2.38026 0.592869 0.0090295 0.00364225 0.00603198 0.0270169 0.0129009 0.0068816 1 0 0 0 0 0 0 0
478 1 0.1 6.1956 1.588 0.762554 0.00316486 -0.00117638 -0.000479519 -0.0128009 -0.034809 -0.0377952 1 0 0 0 0 0 0 0
479 1 0.1 5.54174 2.99855 0.761952 -0.0196725 -0.00540153 -0.00670739 -0.0197581 0.00320407 0.101889 1 0 0 0 0 0 0 0
480 1 0.1 5.81101 2.15703 0.762538 0.0161795 0.00155537 0.000170389 0.0159256 0.0199691 0.00517865 1 0 0 0 0 0 0 0
481 1 0.1 5.66674 2.29514 0.756026 0.0119693 -0.00173767 0.00319213 0.0134197 -0.00814354 0.043659 1 0 0 0 0 0 0 0
482 1 0.1 5.64841 2.49407 0.762515 0.00707747 -0.000986925 0.0013754 -0.014921 -0.0236997 -0.00185728 1 0 0 0 0 0 0 0
483 1 0.1 5.52301 2.76113 0.587905 -0.00643241 -0.00472864 0.00217935 -0.108874 -0.330157 0.03912 1 0 0 0 0 0 0 0
484 1 0.1 5.45718 2.94849 0.572294 -0.0316036 -0.0136576 -0.00275862 0.149258 0.0895985 0.250175 1 0 0 0 0 0 0 0
485 1 0.1 5.44115 2.82599 0.758509 -0.00634892 -0.0122254 -0.00164587 -0.0212328 0.0117001 0.0999469 1 0 0 0 0 0 0 0
486 1 0.1 5.2518 2.88929 0.762539 -0.0148007 -0.0250201 -0.000943095 -0.130293 0.0286393 0.0296496 1 0 0 0 0 0 0 0
487 1 0.1 5.0568 2.93189 0.759915 -0.0124876 -0.00251198 -0.0023427 0.0733638 -0.0475423 -0.209378 1 0 0 0 0 0 0 0
488 1 0.1 5.12458 3.11946 0.763324 -0.0169791 0.00611191 8.08799e-05 -0.0948597 0.0182733 0.165286 1 0 0 0 0 0 0 0
489 1 0.1 5.28914 3.23146 0.762867 -0.00223858 -0.00410339 -0.000683797 -0.0108571 -0.04279 0.109439 1 0 0 0 0 0 0 0
490 1 0.1 5.35495 3.05177 0.708264 -0.0181622 -0.015009 0.00948858 -0.0947827 0.0633292 -0.317769 1 0 0 0 0 0 0 0
491 1 0.1 5.4878 3.19102 0.762519 -0.0204352 -0.00621106 -0.000926345 0.0506253 0.0983662 -0.102696 1 0 0 0 0 0 0 0
492 1 0.1 5.67717 3.25807 0.762503 -0.0129323 -0.00410183 -4.15246e-05 -0.00397762 -0.174387 -0.104409 1 0 0 0 0 0 0 0
493 1 0.1 5.58387 3.64422 0.76291 -0.011037 -0.00164238 -0.00517493 -0.0232363 0.132647 0.0441718 1 0 0 0 0 0 0 0
494 1 0.1 5.70512 3.80285 0.762725 -0.000394306 -0.012638 0.00123521 -0.0565512 -0.043013 -0.0252258 1 0 0 0 0 0 0 0
495 1 0.1 5.61043 3.44643 0.762556 -0.00717143 -0.00143391 -0.000919681 0.0338399 0.0437873 0.0397497 1 0 0 0 0 0 0 0
496 1 0.1 5.77238 3.57761 0.76255 -0.00623812 0.00921252 0.00194737 0.059209 0.0152576 -0.0149563 1 0 0 0 0 0 0 0
497 1 0.1 6.06191 4.50722 0.762525 -0.0101932 -0.0182004 -0.000427029 0.0744841 -0.0354491 -0.212511 1 0 0 0 0 0 0 0
498 1 0.1 6.20113 4.65063 0.762618 -0.00338097 -0.0175279 -0.00626727 -0.170798 0.0330475 0.0954316 1 0 0 0 0 0 0 0
499 1 0.1 6.35285 4.82248 0.762467 -0.00781629 -0.0458581 -0.00540085 0.0297704 0.0618651 -0.475045 1 0 0 0 0 0 0 0
