500
0 1 0.1 6.1383 0.881375 0.150033 0.00025567 -0.000234005 0.000167332 -0.000218739 -0.00150156 -0.00971289 1 0 0 0 0 0 0 0
1 1 0.1 5.95432 1.06707 0.151421 9.66589e-05 0.000149646 0.000165914 0.00137022 0.00172961 0.00099613 1 0 0 0 0 0 0 0
2 1 0.1 5.81296 1.20836 0.151776 0.000389071 0.000580884 0.00092426 0.0100359 -0.00135779 -0.00345077 1 0 0 0 0 0 0 0
3 1 0.1 5.6717 1.34934 0.148666 0.00111282 0.000293078 0.000555643 0.00104086 -0.0116413 0.00268727 1 0 0 0 0 0 0 0
4 1 0.1 5.53064 1.49039 0.149989 0.00192282 -0.000696895 7.10567e-05 0.00267329 0.00262283 -0.00907776 1 0 0 0 0 0 0 0
5 1 0.1 5.30261 1.71478 0.147261 0.00499394 0.00156968 0.00191056 -0.0084248 -0.00106924 -0.0386877 1 0 0 0 0 0 0 0
6 1 0.1 5.16079 1.85473 0.150088 0.00183475 -0.00133908 0.000374802 -0.00716473 0.000393044 0.0620622 1 0 0 0 0 0 0 0
7 1 0.1 5.02076 1.99564 0.150044 0.00450988 -0.00177173 -0.00259874 -0.0305721 -0.0116723 -0.0272966 1 0 0 0 0 0 0 0
8 1 0.1 4.86866 2.14883 0.147189 0.00747693 -0.00865981 -0.0151553 -0.288463 -0.0229519 -0.180782 1 0 0 0 0 0 0 0
9 1 0.1 4.67684 2.34494 0.145309 0.019875 0.0113873 -0.010707 0.0595637 0.0350388 0.238428 1 0 0 0 0 0 0 0
10 1 0.1 4.46499 2.55404 0.150023 -0.0242186 0.0195098 -0.00152816 -0.0181788 0.000913655 0.320691 1 0 0 0 0 0 0 0
11 1 0.1 4.29252 2.7296 0.152291 -0.00474428 0.00439013 -0.000197449 0.0117745 0.00686216 0.0604127 1 0 0 0 0 0 0 0
12 1 0.1 4.1871 2.89696 0.149419 -0.000100836 -0.00419824 -6.59446e-05 -0.00691331 -0.0400263 0.0884445 1 0 0 0 0 0 0 0
13 1 0.1 4.19023 3.1 0.163929 -5.24215e-05 -4.18817e-07 -0.000276499 1.7969e-05 0.00290583 9.47706e-05 1 0 0 0 0 0 0 0
14 1 0.1 4.3056 3.28214 0.171747 0.00706949 0.0132425 -0.000342391 0.0252598 -0.00896197 0.13596 1 0 0 0 0 0 0 0
15 1 0.1 4.46713 3.44698 0.15255 -0.00330115 -0.000309546 1.02487e-05 -0.00393838 0.00830644 -0.0150775 1 0 0 0 0 0 0 0
16 1 0.1 4.66252 3.64829 0.150392 0.00503088 0.00416853 0.00468553 -0.0732478 -0.032358 0.0887514 1 0 0 0 0 0 0 0
17 1 0.1 4.80538 3.78722 0.139483 0.00477044 0.0042705 0.000385551 -0.00314234 -0.00757097 -0.011728 1 0 0 0 0 0 0 0
18 1 0.1 5.05439 4.02691 0.137445 -0.000144229 -0.00019077 -0.000173509 0.00735855 0.00400786 -0.0139681 1 0 0 0 0 0 0 0
19 1 0.1 5.201 4.17692 0.146979 0.000601429 -0.00106571 -0.000920025 0.0232269 0.000151815 -0.0219333 1 0 0 0 0 0 0 0
20 1 0.1 5.34208 4.31834 0.149999 0.00368585 0.00113352 5.77444e-05 -0.00587334 -0.0071886 0.0695272 1 0 0 0 0 0 0 0
21 1 0.1 5.4846 4.45833 0.14243 -0.000162736 0.0023121 0.000479044 -0.00286757 -0.00358612 -0.00402534 1 0 0 0 0 0 0 0
22 1 0.1 5.63762 4.61603 0.150177 0.00209384 -0.00130613 0.00124571 -0.00608984 -0.00438147 0.00193009 1 0 0 0 0 0 0 0
23 1 0.1 5.80295 4.78507 0.150019 0.000487549 -0.000793069 0.000658866 -0.00328606 -0.000666288 0.00316971 1 0 0 0 0 0 0 0
24 1 0.1 5.95118 4.92929 0.156027 -0.000493678 -0.000566365 -0.000424817 0.00062784 0.00302177 -0.00268725 1 0 0 0 0 0 0 0
25 1 0.1 6.39679 0.626922 0.14999 -9.13938e-05 1.87643e-05 -2.74779e-05 0.000454618 0.000154167 0.00525709 1 0 0 0 0 0 0 0
26 1 0.1 6.15095 1.15317 0.137487 0.000384402 0.000410535 5.62483e-05 0.00207475 0.000692259 -0.000415365 1 0 0 0 0 0 0 0
27 1 0.1 5.99809 1.28101 0.136981 -0.000544362 0.00177241 0.000404877 -0.00535104 0.00654502 0.0032175 1 0 0 0 0 0 0 0
28 1 0.1 5.85296 1.43208 0.137405 0.00355811 0.00124547 0.00126975 -0.00416422 0.000172998 -0.0112353 1 0 0 0 0 0 0 0
29 1 0.1 5.7117 1.57397 0.137618 0.00505594 -0.00210423 -0.000672127 -0.0143646 -0.00466238 -0.00851495 1 0 0 0 0 0 0 0
30 1 0.1 5.49749 1.6851 0.177054 0.00406057 -0.00227981 0.000753404 -0.00132462 0.0184124 -0.00238775 1 0 0 0 0 0 0 0
31 1 0.1 5.35109 1.91487 0.137338 0.00227474 -0.00165133 -0.000468055 0.00724549 -0.00608355 0.00213327 1 0 0 0 0 0 0 0
32 1 0.1 5.21065 2.05606 0.137497 0.00578104 0.000780698 7.76157e-05 0.0225995 -0.0186454 -0.0277865 1 0 0 0 0 0 0 0
33 1 0.1 5.06241 2.18944 0.143606 0.00253303 -0.00250491 -0.00957934 -0.0450385 -0.0892485 0.117927 1 0 0 0 0 0 0 0
34 1 0.1 4.87311 2.34532 0.135612 0.0096063 -0.0139574 -0.00669401 0.174703 0.0491696 0.38234 1 0 0 0 0 0 0 0
35 1 0.1 4.66019 2.54044 0.13768 -0.0350906 -0.00190283 0.00234143 0.0114259 -0.0054272 -0.580942 1 0 0 0 0 0 0 0
36 1 0.1 4.48837 2.74767 0.141251 -0.0144639 0.0122331 0.00181378 0.0116798 -0.0565329 -0.380353 1 0 0 0 0 0 0 0
37 1 0.1 4.38514 2.91605 0.151586 -0.000205908 0.0189077 0.00194673 0.0110101 0.0185304 0.176818 1 0 0 0 0 0 0 0
38 1 0.1 4.40412 3.11217 0.143736 0.00104005 0.0129884 0.00193087 -0.0144255 -0.0445594 -0.19431 1 0 0 0 0 0 0 0
39 1 0.1 4.53454 3.26121 0.137354 0.0059442 0.00321693 -0.000344655 -0.013663 0.0613769 0.091848 1 0 0 0 0 0 0 0
40 1 0.1 4.66548 3.44996 0.135747 -0.00856081 0.00567741 -0.00388257 -0.663547 -0.337114 -0.0819018 1 0 0 0 0 0 0 0
41 1 0.1 4.852 3.59095 0.137827 0.0106278 0.00246862 0.00961258 0.0296345 0.00260532 -0.0844982 1 0 0 0 0 0 0 0
42 1 0.1 4.99843 3.83583 0.154647 0.00776787 0.000138813 0.00189025 -0.00113153 -0.004235 -0.0185095 1 0 0 0 0 0 0 0
43 1 0.1 5.23887 3.98929 0.203707 -0.00127519 0.000484845 0.000160362 -0.0242661 -0.00541057 0.0226548 1 0 0 0 0 0 0 0
44 1 0.1 5.38445 4.13234 0.211424 0.00631875 0.000314716 -0.00234304 0.0321645 0.00559248 0.108847 1 0 0 0 0 0 0 0
45 1 0.1 5.52889 4.24909 0.137502 0.0055826 -0.00583512 0.00235054 -0.00152427 -0.023874 -0.155186 1 0 0 0 0 0 0 0
46 1 0.1 5.73316 4.44131 0.137028 0.0089946 -0.00649866 0.00229256 0.0158054 -0.00503987 0.0048053 1 0 0 0 0 0 0 0
47 1 0.1 5.86082 4.5942 0.142411 0.00382166 -0.00337203 0.00228014 -0.00690237 0.0106826 0.0201811 1 0 0 0 0 0 0 0
48 1 0.1 6.00125 4.73587 0.148544 0.000894511 -0.000798444 -0.00049907 -0.00920807 0.0125661 0.0177299 1 0 0 0 0 0 0 0
49 1 0.1 6.22442 5.20756 0.149868 -0.000315457 -0.000247222 -2.23893e-06 -0.000705882 -0.0046177 -0.0022586 1 0 0 0 0 0 0 0
50 1 0.1 6.5382 0.48558 0.149993 0.000130905 -7.22143e-05 6.52819e-06 -0.000189804 -0.000379239 -0.00333412 1 0 0 0 0 0 0 0
51 1 0.1 6.29055 1.01031 0.137447 0.00066393 1.48534e-06 0.000206172 -0.00285503 0.000205512 0.00423922 1 0 0 0 0 0 0 0
52 1 0.1 6.04617 1.48319 0.137488 0.00578218 -0.0017895 -0.000300301 0.00832968 0.0178942 -0.0148764 1 0 0 0 0 0 0 0
53 1 0.1 5.90505 1.6248 0.137799 0.00569123 -0.000690927 0.00012065 -0.00658959 -0.0071827 0.00585527 1 0 0 0 0 0 0 0
54 1 0.1 5.84987 1.81663 0.137485 0.00494738 -0.00103319 -0.00177059 0.0103428 -0.00808177 -0.00438331 1 0 0 0 0 0 0 0
55 1 0.1 5.6801 1.75261 0.221601 0.00646565 -0.00320321 -0.0022719 0.00818935 0.00937051 0.00390152 1 0 0 0 0 0 0 0
56 1 0.1 5.54651 1.87463 0.137295 0.00307288 -0.00215437 0.000180409 0.0125468 0.0116636 0.000339126 1 0 0 0 0 0 0 0
57 1 0.1 5.38972 2.1446 0.137343 0.00491574 0.00475209 -0.000405481 -0.0377489 0.0485381 -0.0329857 1 0 0 0 0 0 0 0
58 1 0.1 5.23818 2.28414 0.137496 0.00358466 -0.00528936 7.88179e-05 0.0112578 -0.0413536 -0.140201 1 0 0 0 0 0 0 0
59 1 0.1 5.0675 2.38874 0.138658 0.0074773 0.000738331 -0.00144905 0.14077 0.0578131 -0.175905 1 0 0 0 0 0 0 0
60 1 0.1 4.87012 2.54997 0.136906 -0.00498283 -0.012482 -0.000807352 0.129014 -0.0559556 0.0132709 1 0 0 0 0 0 0 0
61 1 0.1 4.68803 2.7385 0.137525 -0.0158604 -0.00498948 0.00151885 0.0222846 0.0205341 -0.179373 1 0 0 0 0 0 0 0
62 1 0.1 4.58591 2.91939 0.137364 0.0134337 0.000210668 0.00290431 0.0329247 0.10966 0.0871049 1 0 0 0 0 0 0 0
63 1 0.1 4.65718 3.10414 0.137153 0.0118626 0.00547943 -0.00433152 -0.0771991 0.102156 -0.0418929 1 0 0 0 0 0 0 0
64 1 0.1 4.75588 3.27568 0.137483 -0.0133448 0.0195237 0.00243028 0.977217 1.23685 0.34286 1 0 0 0 0 0 0 0
65 1 0.1 4.91179 3.40069 0.137637 0.00661052 -0.000104837 0.00249323 0.0470094 -0.0186262 0.0470895 1 0 0 0 0 0 0 0
66 1 0.1 5.05069 3.59373 0.136744 0.0160965 -0.006067 0.00317004 0.0193304 0.0646997 0.00703931 1 0 0 0 0 0 0 0
67 1 0.1 5.19528 3.80562 0.137685 0.0090601 -0.00273287 -0.00144048 -0.00803342 0.041326 -0.0157389 1 0 0 0 0 0 0 0
68 1 0.1 5.40791 3.90601 0.137591 -0.000238862 0.010484 -0.00364223 0.0121948 0.0567042 0.0815898 1 0 0 0 0 0 0 0
69 1 0.1 5.55589 4.031 0.197948 0.0192584 -0.00325498 0.000828022 0.235745 -0.232252 -0.141746 1 0 0 0 0 0 0 0
70 1 0.1 5.72736 4.22711 0.137322 0.00358193 -0.0205953 0.00345198 0.213524 0.000480437 0.0339878 1 0 0 0 0 0 0 0
71 1 0.1 5.89884 4.32964 0.142016 0.013699 -0.0366111 -0.0475212 -0.112904 0.659185 -0.227264 1 0 0 0 0 0 0 0
72 1 0.1 6.02769 4.48445 0.137415 0.00213403 -0.00161837 0.000987837 -0.00255627 0.0153112 0.00142006 1 0 0 0 0 0 0 0
73 1 0.1 6.17268 4.83771 0.137391 -0.000334793 -0.000154221 -0.00247683 0.00631777 0.00223882 -0.00423614 1 0 0 0 0 0 0 0
74 1 0.1 6.36591 5.34881 0.149702 -0.00108483 1.75571e-05 0.00161461 -0.00717996 -0.0203226 -0.00640855 1 0 0 0 0 0 0 0
75 1 0.1 6.57585 0.714973 0.13744 -3.24772e-05 -4.19796e-05 -3.54914e-06 -0.00100811 -0.00165235 -0.00302675 1 0 0 0 0 0 0 0
76 1 0.1 6.32653 0.814021 0.147887 0.000346789 8.41439e-05 0.000204058 0.00299903 -0.00134806 -0.00949678 1 0 0 0 0 0 0 0
77 1 0.1 6.18246 1.56813 0.256635 -0.0326396 0.178269 -0.0826295 0.854939 0.777395 1.53054 1 0 0 0 0 0 0 0
78 1 0.1 6.02079 1.91805 0.159025 -0.140398 0.251734 0.0639618 0.0954692 -0.644978 2.91823 1 0 0 0 0 0 0 0
79 1 0.1 5.92976 2.0961 0.158348 -0.157671 0.248578 0.120442 0.509953 -0.434955 -0.0953369 1 0 0 0 0 0 0 0
80 1 0.1 5.7589 1.99424 0.138342 0.00256687 -0.00027631 0.000612975 0.017127 -0.0105695 0.01839 1 0 0 0 0 0 0 0
81 1 0.1 5.5772 2.07645 0.137405 -0.0011939 -0.000677726 -0.00121541 0.00489123 -0.0199368 -0.0170379 1 0 0 0 0 0 0 0
82 1 0.1 5.54286 2.27316 0.137462 0.013085 0.00243453 -0.000560567 -0.0315386 0.115469 -0.157308 1 0 0 0 0 0 0 0
83 1 0.1 5.42477 2.42375 0.194222 0.0266115 0.0154273 -0.00653685 -0.278237 0.181895 0.107169 1 0 0 0 0 0 0 0
84 1 0.1 5.24311 2.48388 0.13722 0.0168046 -0.00481143 0.00203722 0.00170593 0.0157237 0.0100502 1 0 0 0 0 0 0 0
85 1 0.1 5.07187 2.58691 0.139114 0.0249931 0.00116832 0.00577283 -0.0663659 0.0598395 -0.0046494 1 0 0 0 0 0 0 0
86 1 0.1 4.89169 2.74848 0.145382 0.000550173 -0.0128191 0.0171248 0.0474307 0.0201755 -0.0704321 1 0 0 0 0 0 0 0
87 1 0.1 4.78426 2.91647 0.158368 0.0165193 -0.00024005 0.00152242 -0.197385 -0.0779337 -0.130482 1 0 0 0 0 0 0 0
88 1 0.1 4.85617 3.10206 0.14303 0.0157447 0.000273827 -0.00494251 0.109875 -0.0329368 0.133822 1 0 0 0 0 0 0 0
89 1 0.1 5.01133 3.22766 0.137479 0.0124506 0.00427796 0.00355752 -0.0520098 -0.0197282 0.00717365 1 0 0 0 0 0 0 0
90 1 0.1 5.11167 3.40319 0.137725 0.00670755 0.00112763 -0.0030984 0.0210972 0.0777276 -0.032071 1 0 0 0 0 0 0 0
91 1 0.1 5.24614 3.55368 0.137613 0.029881 0.00155398 0.00560503 -0.103745 -0.0296213 0.136025 1 0 0 0 0 0 0 0
92 1 0.1 5.37076 3.70973 0.137458 0.0149254 0.0102014 -0.00138318 -0.014874 0.0039326 0.0584842 1 0 0 0 0 0 0 0
93 1 0.1 5.59831 3.84542 0.137271 -0.00793025 -0.00482578 -0.0100495 -0.0564984 0.0540592 -0.0768871 1 0 0 0 0 0 0 0
94 1 0.1 5.74085 3.98542 0.137464 0.0311231 -0.0917077 0.0064634 0.82587 0.0535579 -1.05801 1 0 0 0 0 0 0 0
95 1 0.1 5.89459 4.11723 0.137408 -0.0382918 -0.127194 -0.000919212 1.28034 -0.356719 0.169628 1 0 0 0 0 0 0 0
96 1 0.1 6.05554 4.22135 0.202532 -0.00451702 -0.05598 0.00789981 -1.41776 -0.241666 -0.472427 1 0 0 0 0 0 0 0
97 1 0.1 6.18434 4.35964 0.137461 -0.0228943 -0.0363196 0.000483041 0.369789 -0.226261 0.790527 1 0 0 0 0 0 0 0
98 1 0.1 6.26814 5.01323 0.137434 -0.000635668 -0.000177839 -0.000777827 -0.000249932 -0.0122426 -0.00461111 1 0 0 0 0 0 0 0
99 1 0.1 6.41707 5.15568 0.137467 -0.000496812 -0.000646473 0.000428079 0.00365632 -0.00130473 -0.000756644 1 0 0 0 0 0 0 0
100 1 0.1 6.48753 1.04032 0.153451 -0.0432521 0.245853 0.0825817 -0.442097 -0.903281 2.45409 1 0 0 0 0 0 0 0
101 1 0.1 6.20185 1.36073 0.164611 -0.205823 -0.267453 0.023979 -0.423905 -0.00527696 -3.45711 1 0 0 0 0 0 0 0
102 1 0.1 6.29889 1.46598 0.419444 -0.12818 0.295236 0.324353 -1.69743 -4.67343 2.83268 1 0 0 0 0 0 0 0
103 1 0.1 6.0677 1.72457 0.197443 -0.0925904 0.220753 -0.0984312 -0.25476 1.0645 2.61386 1 0 0 0 0 0 0 0
104 1 0.1 5.8129 2.40686 0.281839 -0.559969 0.775279 -0.470282 -0.0798235 3.37988 8.63094 1 0 0 0 0 0 0 0
105 1 0.1 5.79847 2.24543 0.137424 -0.15637 0.233843 0.00128576 -1.07924 -0.729897 0.23637 1 0 0 0 0 0 0 0
106 1 0.1 5.64588 2.44457 0.137519 -0.592865 0.366247 0.000803583 -2.50462 -2.73036 0.744822 1 0 0 0 0 0 0 0
107 1 0.1 5.54551 2.61759 0.138451 -0.659396 0.334742 -0.611679 -0.854525 4.57045 3.70134 1 0 0 0 0 0 0 0
108 1 0.1 5.4077 2.60203 0.282504 -0.0208224 0.0248812 -0.0305679 -0.257554 2.4563 1.74566 1 0 0 0 0 0 0 0
109 1 0.1 5.41105 2.82155 0.137474 0.0335689 -0.017187 0.00198196 -0.0398664 0.110584 -0.467839 1 0 0 0 0 0 0 0
110 1 0.1 5.26786 2.68193 0.137163 0.0157806 0.000748959 0.00207845 0.00459308 0.0707452 0.00795917 1 0 0 0 0 0 0 0
111 1 0.1 5.09545 2.78376 0.137143 0.0196067 0.00284189 0.00317304 0.0605154 0.0682837 0.0906139 1 0 0 0 0 0 0 0
112 1 0.1 4.98088 2.94693 0.13788 0.0222067 0.00450189 0.00186274 -0.0304627 -0.156257 -0.0966492 1 0 0 0 0 0 0 0
113 1 0.1 5.13652 3.07198 0.137185 0.0250508 0.00852218 0.00285592 -0.0581806 0.171108 0.139438 1 0 0 0 0 0 0 0
114 1 0.1 5.1753 3.22828 0.254776 0.0412847 0.00356673 0.00500764 0.129892 0.0807229 -0.102258 1 0 0 0 0 0 0 0
115 1 0.1 5.29388 3.38788 0.237727 0.0471325 0.00670425 0.0202193 0.0207213 -0.13878 0.0743816 1 0 0 0 0 0 0 0
116 1 0.1 5.43496 3.48768 0.13745 0.037367 0.0126539 0.00117737 -0.10043 0.358103 -0.00717613 1 0 0 0 0 0 0 0
117 1 0.1 5.55852 3.64282 0.162524 -0.00335803 0.0721719 -0.105099 0.437317 1.81091 0.942562 1 0 0 0 0 0 0 0
118 1 0.1 5.73447 3.54256 0.137453 -0.0769314 -0.351019 -0.00138251 3.52224 -0.776833 3.64247 1 0 0 0 0 0 0 0
119 1 0.1 5.41453 3.26328 0.138523 0.0573942 0.0259057 0.00180872 0.0549506 0.124348 -0.225866 1 0 0 0 0 0 0 0
120 1 0.1 5.76566 3.73866 0.161115 -0.25411 -0.345261 0.193439 -1.43193 -0.756948 -2.42006 1 0 0 0 0 0 0 0
121 1 0.1 5.76851 3.71146 0.396119 -0.407102 -0.245463 0.0859681 -1.65875 -2.73606 -4.27335 1 0 0 0 0 0 0 0
122 1 0.1 6.1809 4.61276 0.137434 -0.000159842 -0.00235611 -0.00275987 -0.0018092 0.0105984 0.0050175 1 0 0 0 0 0 0 0
123 1 0.1 6.29352 4.72671 0.256779 -0.00466364 -0.00339779 -0.010431 -0.0153901 -0.00468841 0.0162131 1 0 0 0 0 0 0 0
124 1 0.1 6.39011 4.85479 0.137477 -0.00229556 -0.00285719 -0.00244829 0.0394449 -0.0334974 -0.0193588 1 0 0 0 0 0 0 0
125 1 0.1 6.13836 0.881316 0.350028 -3.20762e-05 0.000237227 0.000186397 0.000542989 -0.000629905 0.00341491 1 0 0 0 0 0 0 0
126 1 0.1 5.92982 1.08813 0.35013 0.000977255 9.2621e-05 -0.000195987 -0.00237393 0.00370466 -0.00531313 1 0 0 0 0 0 0 0
127 1 0.1 5.7885 1.22952 0.350091 0.00132346 -0.000544591 0.000686047 0.00745461 0.00334603 -6.14189e-05 1 0 0 0 0 0 0 0
128 1 0.1 5.64709 1.37071 0.350052 0.00148869 -0.000837554 0.00177948 0.0168623 -0.00803966 0.00700318 1 0 0 0 0 0 0 0
129 1 0.1 5.50577 1.51175 0.349832 0.00431591 -0.00211234 0.00419334 -0.0312133 0.117933 -0.0290047 1 0 0 0 0 0 0 0
130 1 0.1 5.22644 1.79372 0.340072 0.00172501 -0.000846555 -0.000940366 -0.0251531 -0.000292612 -0.0240916 1 0 0 0 0 0 0 0
131 1 0.1 5.0855 1.93448 0.339038 0.000637461 -0.000611831 -0.00569273 -0.0515341 0.00708828 0.028617 1 0 0 0 0 0 0 0
132 1 0.1 4.94329 2.07278 0.354782 0.00196536 -0.00176349 -0.00659233 -0.0241429 0.0822652 -0.0624233 1 0 0 0 0 0 0 0
133 1 0.1 4.75786 2.26417 0.350152 0.00789899 -0.00447393 0.000588167 0.0483141 0.0727332 0.243851 1 0 0 0 0 0 0 0
134 1 0.1 4.61692 2.40532 0.34979 0.00469219 -0.00500565 0.00943693 0.0492689 -0.0891091 -0.0545703 1 0 0 0 0 0 0 0
135 1 0.1 4.3795 2.64264 0.327655 0.00405522 0.00597274 -0.00642596 0.0497444 0.08985 -0.0186372 1 0 0 0 0 0 0 0
136 1 0.1 4.22478 2.80246 0.33034 -0.00410917 0.004029 0.00213389 0.0231745 -0.0140967 0.0862831 1 0 0 0 0 0 0 0
137 1 0.1 4.18869 2.99708 0.341886 -0.00132616 0.00140554 0.000376356 -0.0422431 -0.0759399 0.0646771 1 0 0 0 0 0 0 0
138 1 0.1 4.21754 3.19442 0.350802 0.000886137 0.00113701 0.00040398 -0.0103895 -0.00600313 0.0421871 1 0 0 0 0 0 0 0
139 1 0.1 4.40297 3.38105 0.35145 0.00539397 0.00364546 -0.000361203 -0.00128193 0.00519814 0.047371 1 0 0 0 0 0 0 0
140 1 0.1 4.57997 3.55928 0.349766 -0.0024849 -0.00338242 0.000102108 0.00274507 8.66771e-05 -0.0466157 1 0 0 0 0 0 0 0
141 1 0.1 4.72743 3.70917 0.350425 -0.0238463 -0.0403806 0.00645711 -0.0774694 -0.0283569 -0.489461 1 0 0 0 0 0 0 0
142 1 0.1 4.90424 3.87657 0.33138 -0.00095809 -0.00209384 -0.00057091 0.0424109 -0.0354329 -0.0394112 1 0 0 0 0 0 0 0
143 1 0.1 5.06265 4.03939 0.349468 -0.00150104 -0.00172095 -0.00669285 0.0931725 0.014673 -0.0163647 1 0 0 0 0 0 0 0
144 1 0.1 5.20349 4.18005 0.349684 -4.51883e-05 -0.00191408 -0.000575849 0.0108193 -0.0104009 0.00153927 1 0 0 0 0 0 0 0
145 1 0.1 5.3457 4.31952 0.357728 -0.000141386 -0.000904304 0.000798658 -0.0156082 -0.0100048 -0.000624943 1 0 0 0 0 0 0 0
146 1 0.1 5.48539 4.46161 0.350354 0.000172274 -0.000506927 0.000630524 -0.00637325 -0.00667391 0.000859255 1 0 0 0 0 0 0 0
147 1 0.1 5.62636 4.60271 0.349878 0.000709335 -0.000299488 0.000930903 -0.00399155 -0.00819357 0.00146661 1 0 0 0 0 0 0 0
148 1 0.1 5.76745 4.74377 0.349904 0.000466978 0.000421772 0.0017834 -0.00929504 -0.0143659 0.00325103 1 0 0 0 0 0 0 0
149 1 0.1 6.03797 5.0145 0.350389 -0.000418416 -0.000559072 0.000916408 -0.0093626 -0.00141749 -6.02356e-05 1 0 0 0 0 0 0 0
150 1 0.1 6.28781 0.727471 0.350065 0.00013818 -0.000175089 1.12222e-05 0.000885774 0.000372798 -0.00179399 1 0 0 0 0 0 0 0
151 1 0.1 6.07407 1.22104 0.31185 0.00289058 0.00115876 -0.00818143 0.0175541 0.116115 -0.0270553 1 0 0 0 0 0 0 0
152 1 0.1 5.9402 1.36944 0.305896 0.00132687 0.00339941 0.00372396 0.00885747 -0.00959275 0.0187694 1 0 0 0 0 0 0 0
153 1 0.1 5.79283 1.50324 0.316605 0.0053177 0.0016066 0.00719141 0.0385607 -0.00060003 -0.0373691 1 0 0 0 0 0 0 0
154 1 0.1 5.65969 1.63281 0.388861 0.00554584 0.000261152 0.0058334 -0.0113416 -0.035686 0.0460383 1 0 0 0 0 0 0 0
155 1 0.1 5.36894 1.65501 0.327238 0.00405678 -0.00159165 0.0048015 -0.0549997 -0.00369434 0.0275066 1 0 0 0 0 0 0 0
156 1 0.1 5.27021 1.99511 0.385987 0.00144654 -0.0131728 0.0126365 0.167119 0.101357 -0.0895433 1 0 0 0 0 0 0 0
157 1 0.1 5.12842 2.13492 0.393044 0.0058451 -0.00509519 -0.00986777 -0.320726 -0.25006 0.0136721 1 0 0 0 0 0 0 0
158 1 0.1 4.94981 2.26126 0.294563 0.00612226 -0.00163336 -0.0134994 -0.0836877 -0.288519 0.0678681 1 0 0 0 0 0 0 0
159 1 0.1 4.80149 2.46023 0.300554 0.00347006 -0.00875323 0.00326644 -0.20838 0.126697 0.0273383 1 0 0 0 0 0 0 0
160 1 0.1 4.57168 2.59662 0.321484 0.0072908 -0.00687728 0.00584915 -0.0953688 -0.198585 -0.142678 1 0 0 0 0 0 0 0
161 1 0.1 4.42053 2.83668 0.34099 -0.00712179 0.00919437 0.000565788 0.0481154 0.0353733 -0.016627 1 0 0 0 0 0 0 0
162 1 0.1 4.38385 3.0327 0.341178 -0.00280194 0.0076776 0.00687381 0.0173935 -0.00109588 -0.00118276 1 0 0 0 0 0 0 0
163 1 0.1 4.48418 3.20051 0.37326 0.00488055 0.00364099 0.00213857 -0.0441671 0.0261163 -0.0589558 1 0 0 0 0 0 0 0
164 1 0.1 4.60188 3.36063 0.352351 0.00633077 -0.0011693 -0.00469025 0.0407569 0.0230612 0.138557 1 0 0 0 0 0 0 0
165 1 0.1 4.77039 3.51825 0.305277 -0.0147069 -0.0408336 -0.0217768 0.0710874 0.219385 -0.35674 1 0 0 0 0 0 0 0
166 1 0.1 4.91656 3.65427 0.316163 -0.0178375 -0.042833 0.0375207 0.556083 -0.44371 0.381326 1 0 0 0 0 0 0 0
167 1 0.1 5.09318 3.84606 0.385936 0.00379245 -0.00162258 -0.00595888 -0.0894782 -0.0411812 0.0810176 1 0 0 0 0 0 0 0
168 1 0.1 5.24545 3.97293 0.402552 -0.000374692 -0.000115014 0.000987524 -0.0190254 0.0824377 -0.0787108 1 0 0 0 0 0 0 0
169 1 0.1 5.38251 4.11592 0.410469 0.00444475 -0.00645276 -0.00213821 0.0562834 -0.0116764 0.00100199 1 0 0 0 0 0 0 0
170 1 0.1 5.52994 4.24329 0.374422 0.00558322 -0.00730689 0.00138976 0.0134732 0.027893 -0.0111602 1 0 0 0 0 0 0 0
171 1 0.1 5.67869 4.35741 0.308997 0.00963042 -0.00904498 0.00342265 0.0121377 -0.00948181 -0.0211221 1 0 0 0 0 0 0 0
172 1 0.1 5.80246 4.51418 0.316155 0.00276768 -0.00407934 0.00277302 -0.0141212 0.0247531 0.0973178 1 0 0 0 0 0 0 0
173 1 0.1 5.93486 4.6431 0.392418 0.00104615 -0.00168475 0.00167058 0.0337898 0.0104502 -0.0385666 1 0 0 0 0 0 0 0
174 1 0.1 6.17915 5.15582 0.349978 -0.000185913 -0.000136455 0.000355038 -0.0029446 -0.00532957 -0.000774926 1 0 0 0 0 0 0 0
175 1 0.1 6.42923 0.586126 0.350041 1.17382e-05 -0.000102538 -0.000149511 -0.00016977 0.00162657 0.000199973 1 0 0 0 0 0 0 0
176 1 0.1 6.20374 1.06565 0.308853 0.000491977 0.000299496 0.000385431 -0.00298708 -0.00528147 -0.00558406 1 0 0 0 0 0 0 0
177 1 0.1 5.99349 1.56147 0.321538 0.00513801 0.00466749 0.00958137 0.082275 0.223756 -0.0217583 1 0 0 0 0 0 0 0
178 1 0.1 5.84577 1.69602 0.31766 0.00581341 0.00169874 0.0149398 -0.0275488 -0.180885 0.0374033 1 0 0 0 0 0 0 0
179 1 0.1 5.72877 1.83852 0.395078 -0.0100886 -0.0107242 -0.000308916 0.0690889 -0.117922 0.103428 1 0 0 0 0 0 0 0
180 1 0.1 5.53512 1.78504 0.357488 0.00225655 -0.00474187 -0.00154305 -0.0149003 -0.0536526 0.0327239 1 0 0 0 0 0 0 0
181 1 0.1 5.44887 1.95699 0.306142 -0.00208243 -0.00749827 0.000399641 0.0555128 -0.00606583 0.0448664 1 0 0 0 0 0 0 0
182 1 0.1 5.29872 2.19416 0.307775 0.0119716 0.00281054 0.00345606 0.0569885 0.0348589 0.0395666 1 0 0 0 0 0 0 0
183 1 0.1 5.14082 2.31616 0.309645 0.00703757 0.000529203 -0.00206396 -0.249865 0.0627296 0.131617 1 0 0 0 0 0 0 0
184 1 0.1 4.99443 2.44673 0.347235 0.00431098 -2.72149e-05 -0.0118191 0.00913287 -0.00051723 -0.0919006 1 0 0 0 0 0 0 0
185 1 0.1 4.75104 2.62338 0.404148 0.00904303 -0.00646696 0.00357759 0.0978288 0.233899 0.158244 1 0 0 0 0 0 0 0
186 1 0.1 4.61503 2.79078 0.341982 -0.0118197 0.0015783 -0.0104797 -0.0184921 0.0929513 -0.136676 1 0 0 0 0 0 0 0
187 1 0.1 4.57806 2.9869 0.329231 -0.00377362 0.00521666 -0.00795652 -0.00386916 0.150786 -0.023616 1 0 0 0 0 0 0 0
188 1 0.1 4.67528 3.16692 0.330148 0.00990808 0.00263834 -0.000768135 0.0148925 0.0550514 -0.113609 1 0 0 0 0 0 0 0
189 1 0.1 4.80057 3.32126 0.323176 0.0526041 -0.0240798 -0.0122548 -0.313972 -0.335345 -0.175382 1 0 0 0 0 0 0 0
190 1 0.1 4.92551 3.48212 0.4261 -0.0116484 0.0052131 -0.00997474 -0.574571 -0.246944 0.563115 1 0 0 0 0 0 0 0
191 1 0.1 5.13662 3.67511 0.296152 0.0198841 -0.0035234 0.0031363 -0.00183976 -0.0102664 0.0531208 1 0 0 0 0 0 0 0
192 1 0.1 5.28216 3.77165 0.392361 0.0123682 -0.000636691 0.00463267 -0.00509577 -0.04439 0.0145382 1 0 0 0 0 0 0 0
193 1 0.1 5.43292 3.90125 0.378383 0.00795545 -0.00373028 0.0106907 -0.00877811 -0.05138 0.00688937 1 0 0 0 0 0 0 0
194 1 0.1 5.56919 4.04508 0.400467 0.00488363 -0.00991903 0.015008 -0.0769327 -0.107184 -0.0458412 1 0 0 0 0 0 0 0
195 1 0.1 5.71353 4.15999 0.32489 0.0120909 -0.0303419 0.00478339 -0.123982 0.100053 -0.0997988 1 0 0 0 0 0 0 0
196 1 0.1 5.86299 4.29033 0.346785 0.0118125 -0.0314322 -0.0135965 -0.086008 -0.0126489 0.100262 1 0 0 0 0 0 0 0
197 1 0.1 5.99795 4.43633 0.329071 -0.0318525 0.0048786 0.000794966 -0.154916 -0.489787 0.507107 1 0 0 0 0 0 0 0
198 1 0.1 5.93977 4.84202 0.372481 -0.00138067 -0.000513985 0.00245401 -0.0125045 -0.00934881 -0.00759195 1 0 0 0 0 0 0 0
199 1 0.1 6.32157 5.29594 0.343168 -9.35918e-05 5.67383e-05 0.000529335 -0.00369882 -0.00338114 0.00223163 1 0 0 0 0 0 0 0
200 1 0.1 6.51608 0.834212 0.286276 8.60934e-05 -0.000246569 -0.000190282 -0.00102837 -0.00067423 0.00182462 1 0 0 0 0 0 0 0
201 1 0.1 6.33829 0.918615 0.320845 0.000184968 -0.000281665 0.000345374 0.00460252 0.00604737 0.000310324 1 0 0 0 0 0 0 0
202 1 0.1 6.00937 1.79548 0.37508 -0.0260103 0.0821976 -0.0241376 0.627752 1.05188 1.14203 1 0 0 0 0 0 0 0
203 1 0.1 5.84672 2.28738 0.493625 -0.866663 1.21445 0.019424 3.91783 1.30321 13.2738 1 0 0 0 0 0 0 0
204 1 0.1 5.80552 2.09669 0.380601 -0.0289531 0.102556 -0.0787688 0.304408 0.845114 0.857517 1 0 0 0 0 0 0 0
205 1 0.1 5.6433 2.00284 0.31113 -0.00749815 0.0150586 0.00408139 -0.142354 -0.0657922 0.17668 1 0 0 0 0 0 0 0
206 1 0.1 5.49148 2.15002 0.334682 -0.00342322 -0.0183305 0.0775211 0.52819 -0.933446 -0.186875 1 0 0 0 0 0 0 0
207 1 0.1 5.40604 2.33554 0.39979 0.000749204 -0.00147326 0.0219867 0.0478427 -0.266236 -0.00498775 1 0 0 0 0 0 0 0
208 1 0.1 5.27001 2.46667 0.33459 0.0137335 0.00165034 0.00642203 0.0317963 -0.0251161 -0.0320904 1 0 0 0 0 0 0 0
209 1 0.1 5.14753 2.59951 0.419913 0.0143645 0.00314259 0.00317886 -0.0186996 -0.0657499 0.00395629 1 0 0 0 0 0 0 0
210 1 0.1 4.95029 2.62799 0.411721 0.0119239 -0.00103159 -0.00722629 0.0629583 -0.04792 -0.0312085 1 0 0 0 0 0 0 0
211 1 0.1 4.80761 2.81461 0.39006 -0.0104557 -0.0011512 -0.00229084 -0.208765 -0.206866 0.0103552 1 0 0 0 0 0 0 0
212 1 0.1 4.79411 3.00632 0.336457 0.0202241 0.00758237 0.00325169 0.0640867 -0.024365 -0.114461 1 0 0 0 0 0 0 0
213 1 0.1 4.91802 3.1625 0.325162 0.0524981 -0.0112861 0.00765685 0.149515 0.0350402 0.0419623 1 0 0 0 0 0 0 0
214 1 0.1 5.01454 3.33501 0.306086 0.0432709 -0.00539495 0.0152449 -0.0323417 0.0271414 0.108034 1 0 0 0 0 0 0 0
215 1 0.1 5.13926 3.4838 0.347709 0.0331158 0.000535655 0.00858971 -0.0233586 0.00453718 0.0343711 1 0 0 0 0 0 0 0
216 1 0.1 5.30608 3.57341 0.409607 0.0267152 0.0135059 0.0144665 -0.0344487 -0.0632269 0.0916096 1 0 0 0 0 0 0 0
217 1 0.1 5.48957 3.63213 0.359047 0.0214871 0.0120964 0.0165714 -0.369876 -0.07165 0.0418425 1 0 0 0 0 0 0 0
218 1 0.1 5.59937 3.79568 0.330575 -0.013686 0.0187114 -0.0121015 -0.113116 -0.140399 0.299981 1 0 0 0 0 0 0 0
219 1 0.1 5.72403 3.92043 0.423324 -0.0169787 -0.0209285 0.0418862 0.166757 -0.636924 -0.845913 1 0 0 0 0 0 0 0
220 1 0.1 5.85377 4.00942 0.3006 0.0409854 -0.161639 -0.00676878 -1.39619 0.49336 -0.192107 1 0 0 0 0 0 0 0
221 1 0.1 5.98957 4.1375 0.371513 -0.0447469 -0.0812507 -0.00915374 1.31777 -0.647972 1.3701 1 0 0 0 0 0 0 0
222 1 0.1 6.11133 4.29181 0.408057 -0.225934 -0.00669511 0.258485 -0.92247 -2.60695 -0.999919 1 0 0 0 0 0 0 0
223 1 0.1 6.21589 4.9279 0.310378 -0.00322648 -0.00158422 -0.00534216 0.0129954 -0.0300426 -0.00124397 1 0 0 0 0 0 0 0
224 1 0.1 6.35532 5.07116 0.307813 -0.000908956 -0.00205715 0.000906471 0.0148985 0.00473925 -0.00582593 1 0 0 0 0 0 0 0
225 1 0.1 6.34155 1.18441 0.22582 -0.72458 0.452311 -0.558806 2.2303 9.24248 4.80079 1 0 0 0 0 0 0 0
226 1 0.1 6.25198 1.25147 0.397642 -0.00162479 0.0194036 -0.0218312 -0.535029 -0.129196 -0.0398635 1 0 0 0 0 0 0 0
227 1 0.1 6.11281 1.39476 0.403131 0.00794131 0.00986515 -0.0243339 0.199255 0.360352 0.0941734 1 0 0 0 0 0 0 0
228 1 0.1 5.87943 1.92931 0.300011 -0.100626 0.0807256 -0.0462137 -0.720603 -0.0111313 0.0337392 1 0 0 0 0 0 0 0
229 1 0.1 5.59052 2.94902 0.52806 0.153698 0.125708 0.296324 -1.18184 -2.60312 2.10079 1 0 0 0 0 0 0 0
230 1 0.1 5.67412 2.2183 0.291453 -0.0718548 0.158268 0.0587364 0.337995 1.46256 1.90089 1 0 0 0 0 0 0 0
231 1 0.1 5.66897 2.37396 0.416719 0.0439456 0.186384 0.032515 -0.848562 3.19692 0.363151 1 0 0 0 0 0 0 0
232 1 0.1 5.55148 2.48674 0.532517 0.0360303 0.0626836 0.150067 1.78105 -2.12924 0.839854 1 0 0 0 0 0 0 0
233 1 0.1 5.39666 2.92221 0.320515 0.059518 -0.0414707 0.0403152 0.20643 -0.221572 -0.879441 1 0 0 0 0 0 0 0
234 1 0.1 5.24254 2.91311 0.193754 0.050835 0.021623 0.00874842 -0.0358274 -0.0381094 0.0478917 1 0 0 0 0 0 0 0
235 1 0.1 5.19624 2.75641 0.307144 0.0280417 0.00558969 0.00551335 0.0117986 -0.0522815 -0.0376764 1 0 0 0 0 0 0 0
236 1 0.1 4.99629 2.79224 0.310142 0.0208851 0.00124578 0.00376781 0.0204286 -0.0126688 -0.222381 1 0 0 0 0 0 0 0
237 1 0.1 4.99291 2.98309 0.360962 0.0465683 -0.00459889 0.000704328 -0.0444451 -0.159446 -0.0774276 1 0 0 0 0 0 0 0
238 1 0.1 5.09391 3.1455 0.417378 0.0442556 -0.00346315 0.00591124 -0.045917 -0.0751593 0.0692692 1 0 0 0 0 0 0 0
239 1 0.1 5.19919 3.31435 0.433592 0.0379676 0.00162714 0.00961095 0.000815162 -0.0355064 0.0183218 1 0 0 0 0 0 0 0
240 1 0.1 5.37378 3.25108 0.359614 0.0464003 0.00516091 0.0243486 0.0588184 -0.12363 0.0721029 1 0 0 0 0 0 0 0
241 1 0.1 5.47443 3.08481 0.40689 0.0130435 0.0592338 -0.0522832 -1.37065 0.901726 1.13032 1 0 0 0 0 0 0 0
242 1 0.1 5.4442 3.43774 0.359626 0.0323224 0.0112491 0.0431323 0.0545017 -0.12604 0.0698703 1 0 0 0 0 0 0 0
243 1 0.1 5.60028 3.43116 0.23509 -0.0599165 -0.408742 -0.0486023 -1.97564 1.39058 -3.89867 1 0 0 0 0 0 0 0
244 1 0.1 5.33976 3.07797 0.1373 0.040887 0.0300474 0.00122451 0.0303 0.00809121 0.000914368 1 0 0 0 0 0 0 0
245 1 0.1 5.56531 3.14489 0.214638 -1.90484 -1.36458 -0.634049 2.73423 -1.20482 -6.01035 1 0 0 0 0 0 0 0
246 1 0.1 5.66053 3.54167 0.409639 -0.231625 -0.370237 0.188568 -0.574244 -0.823264 -2.44148 1 0 0 0 0 0 0 0
247 1 0.1 6.13797 4.56645 0.387254 -0.0500228 0.00863491 0.0202546 -0.217728 -0.138705 -0.557194 1 0 0 0 0 0 0 0
248 1 0.1 6.17334 4.76153 0.412573 2.56988e-05 -0.0012354 -0.00575755 -0.0387537 0.112977 0.0217443 1 0 0 0 0 0 0 0
249 1 0.1 6.36182 4.82812 0.414975 -0.00631062 -0.000558274 -0.022951 -0.0181246 -0.0016774 0.00993753 1 0 0 0 0 0 0 0
250 1 0.1 6.13292 0.888724 0.550095 1.08726e-05 -0.000107967 0.000146178 0.00270743 0.00113841 -0.000362733 1 0 0 0 0 0 0 0
251 1 0.1 5.99165 1.03007 0.54968 -0.000102876 0.00057963 0.000641784 0.00388582 -0.00084172 -0.00491336 1 0 0 0 0 0 0 0
252 1 0.1 5.85108 1.17196 0.555362 -0.000705145 0.00172775 0.00149848 0.0111019 -0.00417019 0.00592023 1 0 0 0 0 0 0 0
253 1 0.1 5.65317 1.36174 0.550457 0.0303915 -0.0167564 0.00324081 0.0605866 0.0235767 -0.370703 1 0 0 0 0 0 0 0
254 1 0.1 5.51202 1.50319 0.548981 0.0299358 -0.0120743 -0.000109629 0.0444147 -0.17265 0.317043 1 0 0 0 0 0 0 0
255 1 0.1 5.2304 1.78481 0.549619 0.00391368 -0.00284222 -0.000433326 0.0234292 0.0244434 0.0115178 1 0 0 0 0 0 0 0
256 1 0.1 5.09093 1.92602 0.553726 -0.000782116 -0.00210763 0.00535992 0.0513519 -0.0195366 0.0147715 1 0 0 0 0 0 0 0
257 1 0.1 4.95203 2.06776 0.555677 0.00360434 -0.00163206 0.0109402 0.069255 -0.0217346 -0.0625459 1 0 0 0 0 0 0 0
258 1 0.1 4.81027 2.20648 0.551414 0.00465503 -0.00605016 0.00953093 0.000555251 -0.0601069 0.0764523 1 0 0 0 0 0 0 0
259 1 0.1 4.65593 2.36264 0.548438 -0.000330725 0.00351482 -0.00208473 0.0156257 0.0289426 0.0453308 1 0 0 0 0 0 0 0
260 1 0.1 4.46167 2.55664 0.549901 0.000940731 0.000155846 0.000232834 0.0135029 0.0243171 0.0669998 1 0 0 0 0 0 0 0
261 1 0.1 4.25242 2.76902 0.54383 -0.000988728 0.000493079 0.000791328 0.00138439 -0.012351 0.010124 1 0 0 0 0 0 0 0
262 1 0.1 4.19315 2.95988 0.550119 0.000663588 0.00115003 -0.000161643 0.000357903 -0.00241699 0.0133362 1 0 0 0 0 0 0 0
263 1 0.1 4.19307 3.16466 0.550007 -8.59384e-06 0.000113243 -2.86598e-05 0.000132748 0.000100681 0.00122594 1 0 0 0 0 0 0 0
264 1 0.1 4.3345 3.31267 0.549615 0.00358289 0.00233976 -0.000928416 -0.00362546 -0.00387673 0.0423697 1 0 0 0 0 0 0 0
265 1 0.1 4.52156 3.50694 0.549988 0.00366779 0.00221795 0.00133725 -0.0235064 -0.0100086 0.0359487 1 0 0 0 0 0 0 0
266 1 0.1 4.69556 3.67309 0.547712 -0.00228203 -0.00782264 0.00160815 0.0346331 0.025586 0.101504 1 0 0 0 0 0 0 0
267 1 0.1 4.83794 3.80643 0.505514 -0.00702248 -0.00397756 -0.00488478 0.0596205 0.011762 -0.152688 1 0 0 0 0 0 0 0
268 1 0.1 4.98906 3.96568 0.549731 0.00587822 0.00608835 0.0011891 0.0129331 -0.0291209 0.084514 1 0 0 0 0 0 0 0
269 1 0.1 5.1431 4.09214 0.554099 0.00439443 0.00664862 0.00169537 -0.0325816 0.00590949 -0.0731532 1 0 0 0 0 0 0 0
270 1 0.1 5.39321 4.37074 0.551862 0.0047131 0.00219804 0.000694187 -0.0236193 -0.0344726 0.00591363 1 0 0 0 0 0 0 0
271 1 0.1 5.53433 4.51204 0.551451 0.0030241 0.00241361 0.00146022 -0.0261495 0.00449233 0.00534137 1 0 0 0 0 0 0 0
272 1 0.1 5.69397 4.67021 0.550017 0.00236483 0.000341132 -0.00172283 0.0106886 0.0147304 0.018953 1 0 0 0 0 0 0 0
273 1 0.1 5.83537 4.81165 0.550011 0.0015952 -6.23852e-05 -0.000944768 0.000937952 0.0034322 0.0129876 1 0 0 0 0 0 0 0
274 1 0.1 6.06451 5.04344 0.551324 -0.00186528 0.00190072 -0.00245845 0.0166458 0.00681209 0.02612 1 0 0 0 0 0 0 0
275 1 0.1 6.32513 0.698542 0.550054 -2.79524e-05 -0.000349733 -0.000122143 -0.00184547 -0.00071831 0.00026485 1 0 0 0 0 0 0 0
276 1 0.1 6.08606 1.2059 0.530467 -0.000654704 -0.00207267 0.00290527 0.0206031 -0.0142519 0.0225934 1 0 0 0 0 0 0 0
277 1 0.1 5.94204 1.34173 0.503468 0.00368947 0.00186474 0.0046086 0.0221383 0.00297655 -0.0745065 1 0 0 0 0 0 0 0
278 1 0.1 5.82063 1.49437 0.546696 0.0165488 0.0112121 0.00581325 0.0140031 -0.0370189 -0.0903623 1 0 0 0 0 0 0 0
279 1 0.1 5.66979 1.6184 0.587935 0.00745292 0.00768846 0.00527845 -0.0189579 0.0386582 0.136761 1 0 0 0 0 0 0 0
280 1 0.1 5.37239 1.64518 0.557379 0.00694632 -0.013681 -0.00709653 -0.00888024 0.0442607 -0.0727176 1 0 0 0 0 0 0 0
281 1 0.1 5.26842 2.01059 0.585257 -0.00981162 0.00184963 0.0105756 0.0785991 0.0476287 -0.110475 1 0 0 0 0 0 0 0
282 1 0.1 5.13926 2.16212 0.590895 -0.00712691 0.0118696 -0.0104581 -0.0226756 0.095462 0.134532 1 0 0 0 0 0 0 0
283 1 0.1 5.00093 2.2561 0.485481 -0.0140433 -0.0279357 -0.0218644 0.30595 0.135077 0.271453 1 0 0 0 0 0 0 0
284 1 0.1 4.84229 2.38933 0.482074 0.00534686 -0.00876196 0.00484552 -0.0714607 -0.0688929 -0.0492774 1 0 0 0 0 0 0 0
285 1 0.1 4.65907 2.56032 0.572011 0.00322761 0.00363433 -0.00535028 -0.0404178 0.026203 -0.0643694 1 0 0 0 0 0 0 0
286 1 0.1 4.48813 2.75372 0.549328 -0.000452357 0.000930429 -0.00216592 -0.0273851 0.0130394 -0.0689379 1 0 0 0 0 0 0 0
287 1 0.1 4.38941 2.92619 0.554159 0.00374681 0.00425503 -0.00275257 -0.000246784 0.0254687 0.0194557 1 0 0 0 0 0 0 0
288 1 0.1 4.398 3.12484 0.556849 0.00521926 0.00399749 -0.00246048 0.00456011 0.0148733 -0.0258264 1 0 0 0 0 0 0 0
289 1 0.1 4.53349 3.30823 0.534134 0.00612047 0.00261387 0.00147176 0.0299123 -0.0412324 -0.0192106 1 0 0 0 0 0 0 0
290 1 0.1 4.70605 3.45068 0.497368 0.00164025 -0.00464274 0.000632872 0.036627 0.0137973 -0.112721 1 0 0 0 0 0 0 0
291 1 0.1 4.88591 3.62209 0.563301 0.0121193 0.00527921 -0.00415856 -0.0211049 0.0378184 0.115516 1 0 0 0 0 0 0 0
292 1 0.1 5.01672 3.76811 0.586636 0.00529468 0.00684737 -0.00339559 0.0190885 -0.0552332 -0.06957 1 0 0 0 0 0 0 0
293 1 0.1 5.17207 3.88834 0.566345 0.00368037 0.000696976 0.00478454 0.024416 -0.0285096 0.0206902 1 0 0 0 0 0 0 0
294 1 0.1 5.31404 4.19054 0.583696 0.00545763 0.00255919 0.00293936 -0.0437559 -0.0651922 0.0203663 1 0 0 0 0 0 0 0
295 1 0.1 5.5723 4.2836 0.565048 0.00456712 -0.00103658 -0.00162531 -0.0570078 -0.0171542 -0.0374217 1 0 0 0 0 0 0 0
296 1 0.1 5.71098 4.41011 0.498914 0.00949921 -0.00511583 0.00141699 -0.0380388 0.00782815 -0.00137981 1 0 0 0 0 0 0 0
297 1 0.1 5.8386 4.53652 0.583775 0.00714086 -0.00271477 -0.00119007 2.79687e-05 -0.027606 -0.00556182 1 0 0 0 0 0 0 0
298 1 0.1 5.97904 4.67726 0.584435 0.00709647 -0.00268355 -3.67553e-05 -0.013512 -0.0197734 0.0220932 1 0 0 0 0 0 0 0
299 1 0.1 6.20567 5.18472 0.550029 0.00112959 -0.00107905 0.000600877 0.00441001 -0.0115359 0.0155224 1 0 0 0 0 0 0 0
300 1 0.1 6.4667 0.557363 0.549037 -7.07661e-05 -0.000167255 0.000205325 0.000472585 -0.0025318 -1.55395e-05 1 0 0 0 0 0 0 0
301 1 0.1 6.22763 1.067 0.507104 0.000392462 -0.000122381 0.00104693 0.00496104 0.00373382 -0.00549997 1 0 0 0 0 0 0 0
302 1 0.1 6.01557 1.52693 0.517224 0.0255708 -0.00384391 0.00988113 0.0246029 -0.00282261 -0.0631361 1 0 0 0 0 0 0 0
303 1 0.1 5.90073 1.67701 0.58146 0.0105099 -0.00995875 0.00310781 -0.0211098 -0.166446 0.167182 1 0 0 0 0 0 0 0
304 1 0.1 5.75381 1.81163 0.591403 -0.00801904 -0.0158851 -0.00286369 -0.021396 0.115437 -0.00970398 1 0 0 0 0 0 0 0
305 1 0.1 5.55532 1.77867 0.556157 -0.00894129 -0.000777466 0.000425463 -0.0206631 -0.0473779 0.0330395 1 0 0 0 0 0 0 0
306 1 0.1 5.42068 1.91451 0.49949 -0.0161773 -0.00296782 -0.000589736 0.0128452 0.0380889 0.0330571 1 0 0 0 0 0 0 0
307 1 0.1 5.20244 2.32702 0.498591 0.00376425 0.0105075 -0.00385716 0.0979139 -0.140325 -0.202947 1 0 0 0 0 0 0 0
308 1 0.1 5.19132 2.50384 0.589038 0.00706955 0.00455168 0.00618979 0.0231675 -0.0565852 0.037745 1 0 0 0 0 0 0 0
309 1 0.1 5.00563 2.42975 0.590007 0.00746451 -0.00202548 -0.000720229 0.0407898 -0.0116272 -0.0318413 1 0 0 0 0 0 0 0
310 1 0.1 4.85771 2.5645 0.576823 0.00592202 -0.000326327 -0.00895839 0.101809 0.00044379 0.0171617 1 0 0 0 0 0 0 0
311 1 0.1 4.68942 2.75522 0.541299 0.00528258 0.00295624 -0.00774092 0.00728935 -0.0623685 0.0560333 1 0 0 0 0 0 0 0
312 1 0.1 4.58873 2.92753 0.545352 0.0045517 0.00227401 -0.00658718 0.0341539 0.0118203 -0.0468941 1 0 0 0 0 0 0 0
313 1 0.1 4.59631 3.12411 0.579104 0.00597907 0.00190842 -0.00176675 0.0265496 -0.0713179 0.0412157 1 0 0 0 0 0 0 0
314 1 0.1 4.71881 3.28225 0.604531 0.00597201 -0.000454452 0.0012238 -0.0287825 0.0829465 -0.0937893 1 0 0 0 0 0 0 0
315 1 0.1 4.87114 3.43421 0.617746 0.0242325 0.00597476 0.00491799 -0.0686083 -0.0913187 0.0413607 1 0 0 0 0 0 0 0
316 1 0.1 5.07452 3.58589 0.510315 0.0240624 0.00134617 -0.00799055 -0.313547 0.0449631 -0.0389653 1 0 0 0 0 0 0 0
317 1 0.1 5.23144 3.69387 0.569228 0.0361025 -0.0122276 0.00286643 0.440715 -0.124949 -0.111137 1 0 0 0 0 0 0 0
318 1 0.1 5.36002 3.95301 0.573218 -0.000269691 0.00488811 0.0118222 -0.0167136 0.00273231 0.0486829 1 0 0 0 0 0 0 0
319 1 0.1 5.49313 4.1009 0.576605 -0.00490189 0.00355741 0.00433088 -0.049182 -0.0136976 -0.0535915 1 0 0 0 0 0 0 0
320 1 0.1 5.68639 4.05266 0.567896 -0.0173078 -0.0179329 0.0313953 -0.0343122 -0.233363 -0.116965 1 0 0 0 0 0 0 0
321 1 0.1 5.79637 4.21875 0.572137 -0.0780369 0.00852526 0.00150102 -0.304871 0.289601 0.758747 1 0 0 0 0 0 0 0
322 1 0.1 5.92177 4.36565 0.52212 -0.0415215 -0.029904 0.0112563 -0.225521 -1.04442 -1.04168 1 0 0 0 0 0 0 0
323 1 0.1 6.08399 4.84589 0.569775 0.00421519 0.000718767 -0.00268487 -0.0211332 -0.00576907 0.0419555 1 0 0 0 0 0 0 0
324 1 0.1 6.34769 5.32539 0.553649 5.46622e-05 -0.000175469 0.00014492 -0.00802249 0.00584382 0.00527579 1 0 0 0 0 0 0 0
325 1 0.1 6.49067 0.784577 0.478218 -5.86226e-05 -0.000622774 -0.000127576 0.000265784 -0.0020306 0.00184476 1 0 0 0 0 0 0 0
326 1 0.1 6.33058 0.89629 0.521429 0.000337927 -0.0011921 -7.30479e-05 0.00115961 0.00310104 -0.0059701 1 0 0 0 0 0 0 0
327 1 0.1 6.18847 1.62166 0.484065 -0.199019 0.264498 -0.425217 0.771698 5.46653 2.94227 1 0 0 0 0 0 0 0
328 1 0.1 5.95397 1.8676 0.553096 -0.0115541 -0.0104907 0.0162446 0.00362307 -0.380808 0.140071 1 0 0 0 0 0 0 0
329 1 0.1 5.82692 2.02042 0.573522 -0.0167906 -0.0199656 -0.0260022 0.218943 -0.515706 -0.14544 1 0 0 0 0 0 0 0
330 1 0.1 5.64156 1.9629 0.524884 -0.0184732 -0.0188527 -0.0039628 -0.0481276 0.083407 0.0109233 1 0 0 0 0 0 0 0
331 1 0.1 5.50775 2.10358 0.570905 -0.0123477 -0.0100044 0.00292277 0.0538951 -0.0412182 -0.0636987 1 0 0 0 0 0 0 0
332 1 0.1 5.33629 2.17965 0.503764 -0.0158213 -0.00161216 0.00127597 0.0248161 -0.0325924 -0.0324322 1 0 0 0 0 0 0 0
333 1 0.1 5.35938 2.73775 0.420716 0.0242255 -0.00214065 0.0151125 0.0623409 -0.0654528 0.00154057 1 0 0 0 0 0 0 0
334 1 0.1 5.24451 2.71838 0.610601 0.00482664 -0.022624 -0.00311011 0.129321 0.0638808 -0.273771 1 0 0 0 0 0 0 0
335 1 0.1 5.0429 2.63725 0.587482 0.00647712 0.00596977 -0.00496087 0.0983151 -0.0616741 0.0448965 1 0 0 0 0 0 0 0
336 1 0.1 4.88788 2.76097 0.564808 0.00497981 0.00340317 -0.000692655 0.0376602 0.280308 -0.0336099 1 0 0 0 0 0 0 0
337 1 0.1 4.78806 2.93349 0.552893 0.00371995 0.00181388 0.0090112 0.0129762 -0.165625 0.0439168 1 0 0 0 0 0 0 0
338 1 0.1 4.77783 3.12486 0.496273 0.0103838 0.000257855 0.00208094 -0.0733905 -0.0243558 -0.0624501 1 0 0 0 0 0 0 0
339 1 0.1 4.90807 3.29222 0.486089 0.0228922 0.00773008 0.0102206 0.0425813 0.0482149 -0.0952932 1 0 0 0 0 0 0 0
340 1 0.1 5.05971 3.39439 0.565287 0.0287608 0.00464994 0.0104178 0.0263913 0.00761951 0.059239 1 0 0 0 0 0 0 0
341 1 0.1 5.23571 3.48746 0.575328 0.028432 0.0130173 0.0119077 0.023011 -0.0399992 0.0202124 1 0 0 0 0 0 0 0
342 1 0.1 5.42672 3.54442 0.576585 0.0655689 -0.0478633 -0.116881 -0.314902 1.32008 -0.716683 1 0 0 0 0 0 0 0
343 1 0.1 5.41808 3.75822 0.53876 0.0741757 -0.106716 -0.0253089 0.0447179 0.592061 -1.03534 1 0 0 0 0 0 0 0
344 1 0.1 5.55493 3.90368 0.545823 0.0672678 -0.0911939 -0.0227763 0.189983 -0.386308 1.21209 1 0 0 0 0 0 0 0
345 1 0.1 5.71928 3.78904 0.573743 -0.00288026 0.0116376 0.0798169 -0.650562 0.705485 1.02899 1 0 0 0 0 0 0 0
346 1 0.1 5.88641 3.97206 0.5279 -0.0508112 -0.121868 0.143762 -0.408601 -0.688804 -0.561558 1 0 0 0 0 0 0 0
347 1 0.1 5.99167 4.17685 0.567437 -0.102648 -0.112269 0.00511463 -1.01207 -0.0450878 -1.94753 1 0 0 0 0 0 0 0
348 1 0.1 6.23856 4.95593 0.506944 -0.00126596 0.00120785 -0.0108291 -0.0177463 0.066661 -0.0153729 1 0 0 0 0 0 0 0
349 1 0.1 6.3797 5.09755 0.504479 -0.000717282 -0.00214477 0.00338494 -0.00685662 -0.0213142 -0.0320849 1 0 0 0 0 0 0 0
350 1 0.1 6.4538 1.0533 0.509825 -0.168211 0.118298 -0.155539 0.442489 3.07081 1.90836 1 0 0 0 0 0 0 0
351 1 0.1 6.35584 1.21855 0.565082 -0.128548 0.0618184 0.0406078 -0.18541 -1.0922 -0.458237 1 0 0 0 0 0 0 0
352 1 0.1 6.14461 1.41085 0.617677 -0.702972 -0.23253 0.719325 -0.731006 -9.57558 -3.24141 1 0 0 0 0 0 0 0
353 1 0.1 6.08903 1.73421 0.616315 0.0168397 0.000836987 -0.0323399 0.343709 0.64282 -0.0170346 1 0 0 0 0 0 0 0
354 1 0.1 5.56291 2.74543 0.430402 -0.929061 0.140149 -0.527621 7.60122 7.07614 0.0077922 1 0 0 0 0 0 0 0
355 1 0.1 5.69419 2.16397 0.532263 0.0133597 -0.00203855 -0.0197913 0.282163 0.0419965 -0.0386495 1 0 0 0 0 0 0 0
356 1 0.1 5.56545 2.29981 0.60144 0.020421 0.00426689 -0.00295786 0.0588341 -0.158515 -0.163469 1 0 0 0 0 0 0 0
357 1 0.1 5.37392 2.35595 0.596201 0.00826553 0.000576297 -0.00119228 0.0880312 0.105681 0.237739 1 0 0 0 0 0 0 0
358 1 0.1 5.36907 2.5672 0.523883 0.0124671 -0.00111707 0.017209 -0.0849581 -0.0713508 -0.0578842 1 0 0 0 0 0 0 0
359 1 0.1 5.28402 3.10666 0.463754 0.0360574 -0.00133065 0.0159691 -0.0136459 -0.0221912 -0.0773783 1 0 0 0 0 0 0 0
360 1 0.1 5.2714 2.90802 0.475602 0.023753 -0.000932365 0.0146368 0.0242622 -0.102809 -0.0495563 1 0 0 0 0 0 0 0
361 1 0.1 5.10953 2.79158 0.482598 0.0162719 0.00615203 0.0019352 -0.00775525 -0.06643 -0.042357 1 0 0 0 0 0 0 0
362 1 0.1 4.98945 2.93214 0.553885 0.0152971 0.00221535 -0.0021191 0.0634684 -0.070861 -0.0379827 1 0 0 0 0 0 0 0
363 1 0.1 4.96265 3.12629 0.580715 0.0175736 0.00075728 0.00330355 0.027784 -0.012887 0.0218117 1 0 0 0 0 0 0 0
364 1 0.1 5.14312 3.21583 0.597638 0.0281165 0.00183744 0.00654454 0.00627223 -0.0730538 -0.018566 1 0 0 0 0 0 0 0
365 1 0.1 5.18711 3.02164 0.61653 0.0188096 0.000581591 0.00784592 0.0222342 -0.0892741 -0.0784715 1 0 0 0 0 0 0 0
366 1 0.1 5.3346 3.2674 0.573012 0.0349736 -0.0253256 0.00977053 0.0744127 0.0555928 -0.269928 1 0 0 0 0 0 0 0
367 1 0.1 5.52753 3.21519 0.575771 -0.111395 -0.580798 -0.185846 -0.791884 2.16412 -5.47619 1 0 0 0 0 0 0 0
368 1 0.1 5.56205 3.40334 0.517482 -0.269234 -0.439 0.171977 3.58817 0.129397 -0.20675 1 0 0 0 0 0 0 0
369 1 0.1 5.60612 3.62728 0.603564 0.0873145 -0.0865247 -0.0340267 1.35054 -1.75163 0.369013 1 0 0 0 0 0 0 0
370 1 0.1 5.67128 3.11913 0.413933 0.170083 -0.718404 -0.487855 1.41453 3.54139 -9.0449 1 0 0 0 0 0 0 0
371 1 0.1 5.91095 3.80078 0.629206 0.00505742 -0.181741 0.101222 2.47464 -0.804385 -2.53513 1 0 0 0 0 0 0 0
372 1 0.1 6.06531 4.49797 0.563256 -0.0167209 -0.0476626 -0.00712853 -1.26145 -0.0404851 0.346659 1 0 0 0 0 0 0 0
373 1 0.1 6.17772 4.65914 0.598442 -0.00475871 -0.0419648 -0.0408087 0.217511 -0.835668 -0.632141 1 0 0 0 0 0 0 0
374 1 0.1 6.3374 4.81853 0.613157 -0.170227 -0.148866 -0.0638744 1.48674 -1.17746 -1.50603 1 0 0 0 0 0 0 0
375 1 0.1 6.14699 0.869904 0.754161 0.000446478 -0.000184508 0.000479591 0.00103697 -0.00133647 -0.00392272 1 0 0 0 0 0 0 0
376 1 0.1 5.95672 1.0662 0.754908 -0.000263627 -9.79105e-05 -0.00013776 -0.00545171 -0.00263019 -0.00764181 1 0 0 0 0 0 0 0
377 1 0.1 5.81694 1.20837 0.762516 -0.000989654 0.000560194 0.000171439 0.0214594 -0.00835784 0.0205339 1 0 0 0 0 0 0 0
378 1 0.1 5.67424 1.34726 0.74984 -0.00184605 -0.00012973 0.000892355 0.00609822 -0.00539253 0.0200253 1 0 0 0 0 0 0 0
379 1 0.1 5.53391 1.48882 0.749897 -0.00238062 -0.0038813 0.00188506 0.00509199 0.00337774 -0.0178339 1 0 0 0 0 0 0 0
380 1 0.1 5.3054 1.72674 0.756703 0.000373799 -0.00208195 0.00231455 -0.00197109 -0.00589572 -0.00663096 1 0 0 0 0 0 0 0
381 1 0.1 5.15625 1.85843 0.749713 -0.000711491 -0.000351218 0.00122547 0.0120264 -0.0106954 -0.0013642 1 0 0 0 0 0 0 0
382 1 0.1 4.96709 2.05595 0.754747 0.00674768 -0.00187939 0.0100229 0.11726 -0.00763732 -0.0761486 1 0 0 0 0 0 0 0
383 1 0.1 4.82495 2.19634 0.749807 0.00555716 -0.00173254 0.0106942 -0.153393 -0.0436368 -0.0157337 1 0 0 0 0 0 0 0
384 1 0.1 4.64542 2.37652 0.749883 -0.00379768 0.00614268 0.00069922 -0.0143699 0.00792262 0.0130411 1 0 0 0 0 0 0 0
385 1 0.1 4.43404 2.58761 0.750129 -7.93029e-05 0.000966473 -0.000138848 0.00210793 -0.00113685 0.0102575 1 0 0 0 0 0 0 0
386 1 0.1 4.27524 2.74853 0.750001 -0.00192731 0.00185321 -7.09771e-06 -0.00415667 -0.00543172 0.0297532 1 0 0 0 0 0 0 0
387 1 0.1 4.19225 2.93045 0.749504 0.000301288 0.00293147 -0.000398688 0.00018168 0.00873521 0.029873 1 0 0 0 0 0 0 0
388 1 0.1 4.19261 3.13037 0.749972 0.000375333 0.00299529 -0.000133008 -0.0119529 0.00178801 0.0377774 1 0 0 0 0 0 0 0
389 1 0.1 4.30931 3.29486 0.749887 0.0010161 0.000797489 0.000301811 -0.0010455 -0.00615757 0.0123737 1 0 0 0 0 0 0 0
390 1 0.1 4.50994 3.4909 0.748964 -0.00076776 -0.00168576 -0.00209752 0.233402 -0.126392 -0.197388 1 0 0 0 0 0 0 0
391 1 0.1 4.65121 3.63005 0.751418 -0.00086044 -0.0109059 0.0156461 -0.0729907 0.122599 0.60296 1 0 0 0 0 0 0 0
392 1 0.1 4.7947 3.77207 0.75826 0.00947293 0.0118889 -0.000257395 -0.0232087 0.0222694 0.152034 1 0 0 0 0 0 0 0
393 1 0.1 5.06341 4.0403 0.749942 0.00580565 0.00695627 -0.000479556 -0.00634273 0.00587131 0.0479636 1 0 0 0 0 0 0 0
394 1 0.1 5.20407 4.18045 0.750195 -0.000489242 0.00482561 -0.00021479 0.00953397 -0.00749009 -0.0368527 1 0 0 0 0 0 0 0
395 1 0.1 5.48517 4.46167 0.749832 -0.000934975 -0.000215665 -0.000128109 -0.00626297 0.00580596 -0.00262666 1 0 0 0 0 0 0 0
396 1 0.1 5.62621 4.60269 0.749888 -0.000110672 -0.000414647 -0.000733516 0.00713628 0.0033032 -0.00381946 1 0 0 0 0 0 0 0
397 1 0.1 5.76833 4.74307 0.750307 0.000369236 -0.000659709 0.00348584 0.0326315 -0.0234841 -0.00509086 1 0 0 0 0 0 0 0
398 1 0.1 5.9088 4.8852 0.749921 -1.27493e-05 0.000113067 -0.00139521 -0.060842 0.0646921 0.00606744 1 0 0 0 0 0 0 0
399 1 0.1 6.05229 5.02874 0.750321 -0.000460922 1.704e-05 -0.00134178 0.0236875 -0.00997322 -0.00634989 1 0 0 0 0 0 0 0
400 1 0.1 6.40271 0.620941 0.749708 -0.000476423 0.000407471 9.71672e-05 -0.00491715 -0.0057389 0.00869062 1 0 0 0 0 0 0 0
401 1 0.1 6.1448 1.05885 0.688725 -0.000997615 -3.14933e-05 0.000910754 -0.00472562 -0.00816643 0.0233893 1 0 0 0 0 0 0 0
402 1 0.1 5.9877 1.27977 0.687861 -0.00247815 -0.00179209 0.00289332 -0.0119848 -0.0119832 -0.0507304 1 0 0 0 0 0 0 0
403 1 0.1 5.90287 1.44428 0.762604 0.00248699 0.0011018 0.00119509 0.0103649 -0.0127818 -0.0138107 1 0 0 0 0 0 0 0
404 1 0.1 5.7319 1.54711 0.762917 0.00604064 0.00493644 0.00060006 0.0496826 -0.0452768 -0.0351428 1 0 0 0 0 0 0 0
405 1 0.1 5.50017 1.68504 0.758513 0.000869774 -0.00567989 0.00260995 -0.00146039 0.00571813 -0.0193129 1 0 0 0 0 0 0 0
406 1 0.1 5.33675 1.94846 0.762499 -0.0161993 -0.031448 -0.0015321 0.0561429 0.0504823 -0.230699 1 0 0 0 0 0 0 0
407 1 0.1 5.16944 2.05623 0.762863 0.00474545 -0.00236686 0.00351722 0.0186553 -0.0498828 -0.0948389 1 0 0 0 0 0 0 0
408 1 0.1 5.07278 2.22913 0.764038 0.00750043 -0.00534929 -0.000418452 -0.0448813 -0.0895876 0.111984 1 0 0 0 0 0 0 0
409 1 0.1 4.9281 2.36614 0.762859 0.00813695 -0.00160406 -0.000421633 -0.0495719 0.0310818 0.0314837 1 0 0 0 0 0 0 0
410 1 0.1 4.73336 2.55455 0.76251 0.00155627 0.00748985 -0.00139745 -0.00128246 0.016677 -0.0371931 1 0 0 0 0 0 0 0
411 1 0.1 4.5178 2.76765 0.758633 -0.000645674 0.00313827 -0.000816473 -0.00427481 0.00372255 0.019601 1 0 0 0 0 0 0 0
412 1 0.1 4.39038 2.91966 0.755877 0.000574605 0.00301362 -0.00174274 -0.0198792 0.00953488 -0.0296444 1 0 0 0 0 0 0 0
413 1 0.1 4.40131 3.11847 0.762557 0.00269593 0.00210539 -0.00024853 0.0314448 -0.0388733 0.00883591 1 0 0 0 0 0 0 0
414 1 0.1 4.50902 3.28855 0.755805 0.000807256 -0.000630435 0.00508965 -0.00460876 -0.0430199 -0.0273991 1 0 0 0 0 0 0 0
415 1 0.1 4.69961 3.43734 0.729239 0.00419013 -0.00369601 0.00496868 0.0764575 -0.0482982 0.114635 1 0 0 0 0 0 0 0
416 1 0.1 4.8423 3.57871 0.762521 0.00973964 0.0160552 2.65529e-05 0.0104785 0.0142468 -0.197736 1 0 0 0 0 0 0 0
417 1 0.1 4.97036 3.86506 0.758496 0.00580391 0.0123564 -0.00142249 0.0101308 -0.0160775 -0.0973418 1 0 0 0 0 0 0 0
418 1 0.1 5.20036 3.88881 0.763065 -0.000547929 -0.000378073 0.0012909 -0.0201404 0.00950568 0.0453001 1 0 0 0 0 0 0 0
419 1 0.1 5.34652 4.31914 0.762114 -0.000583656 0.00032805 0.00108552 0.00251459 0.00348552 -0.00852048 1 0 0 0 0 0 0 0
420 1 0.1 5.62042 4.31527 0.761383 -0.00552599 0.000173497 0.00114291 -0.019151 -0.00645456 -0.028361 1 0 0 0 0 0 0 0
421 1 0.1 5.76162 4.45649 0.762558 -0.00155224 -0.0035226 -0.000669232 -0.0116504 0.00120963 -0.0307629 1 0 0 0 0 0 0 0
422 1 0.1 5.90907 4.59112 0.762565 0.0026063 -0.00320927 -0.000318316 -0.0128211 -0.0191788 0.0130701 1 0 0 0 0 0 0 0
423 1 0.1 6.04388 4.73845 0.762792 0.00112268 -4.86899e-05 0.000244988 -0.0103081 -0.0197379 -0.00469894 1 0 0 0 0 0 0 0
424 1 0.1 6.21525 5.19872 0.749987 -0.00016744 -0.000324905 -0.000243033 -0.00163698 -0.00192791 -0.00131113 1 0 0 0 0 0 0 0
425 1 0.1 6.54416 0.479617 0.75003 -0.00030765 0.000468416 -4.40139e-05 0.00523617 0.00519587 -0.00709005 1 0 0 0 0 0 0 0
426 1 0.1 6.32919 0.996522 0.733475 -0.000394707 0.0014963 0.00161145 0.00954845 -0.00227687 -0.00440987 1 0 0 0 0 0 0 0
427 1 0.1 6.17864 1.24976 0.737467 -0.0134016 -0.00302496 0.0190444 -0.127617 -0.133435 0.00443468 1 0 0 0 0 0 0 0
428 1 0.1 5.99909 1.61935 0.753778 -0.000192742 0.00322944 0.000493322 -0.0221005 0.0161864 -0.0297226 1 0 0 0 0 0 0 0
429 1 0.1 5.82811 1.72216 0.762563 0.00177903 0.00198185 0.00183144 -0.00929157 0.0181729 0.0392094 1 0 0 0 0 0 0 0
430 1 0.1 5.65153 1.81519 0.762702 0.00042824 -0.00697541 0.000214334 -0.0492684 -0.0161856 0.0295282 1 0 0 0 0 0 0 0
431 1 0.1 5.51691 1.9356 0.678762 -0.0136612 -0.0279337 -0.00453335 0.0299474 -0.0188558 0.172318 1 0 0 0 0 0 0 0
432 1 0.1 5.3407 2.15552 0.737329 0.00508002 -0.00724446 0.0016825 -0.0184756 0.062153 0.0471082 1 0 0 0 0 0 0 0
433 1 0.1 5.26271 2.33767 0.762502 0.00774132 -0.0067643 0.00748216 0.063103 -0.0349787 -0.0754168 1 0 0 0 0 0 0 0
434 1 0.1 5.10459 2.45959 0.763044 0.0104628 -0.004788 0.00314587 0.0210555 -0.106027 0.0312029 1 0 0 0 0 0 0 0
435 1 0.1 4.93195 2.56434 0.762386 0.00266715 -0.00231081 -0.00486983 0.0312364 0.002559 -0.0694127 1 0 0 0 0 0 0 0
436 1 0.1 4.71535 2.75259 0.7585 0.00102048 0.00613033 -0.00145352 0.00116734 0.000197149 -0.0075641 1 0 0 0 0 0 0 0
437 1 0.1 4.58644 2.95795 0.75254 0.00111104 0.000408525 -0.00178108 0.0175124 -0.0108278 0.00518539 1 0 0 0 0 0 0 0
438 1 0.1 4.67229 3.13816 0.762849 -0.000643703 0.000882593 0.000209997 0.00693076 0.0187491 0.0133176 1 0 0 0 0 0 0 0
439 1 0.1 4.84393 3.30607 0.763861 0.00970194 0.00370355 0.00157502 0.066819 -0.0380726 -0.0210636 1 0 0 0 0 0 0 0
440 1 0.1 5.02803 3.5088 0.760381 0.00835427 0.0019955 -0.000493532 -0.00373202 -0.0179139 0.0531584 1 0 0 0 0 0 0 0
441 1 0.1 5.08252 3.70012 0.762641 0.00290794 0.00634526 -0.00191037 -0.0134963 0.0268728 0.0245755 1 0 0 0 0 0 0 0
442 1 0.1 5.28152 3.69442 0.762613 0.0104577 -0.0550104 0.00342642 -0.229327 -0.103965 -0.681784 1 0 0 0 0 0 0 0
443 1 0.1 5.33843 4.03309 0.762594 -0.00471304 0.00198968 0.00126661 0.023987 0.0197288 -0.0458017 1 0 0 0 0 0 0 0
444 1 0.1 5.4815 4.17197 0.762773 -0.00462218 -0.00130213 0.00151535 0.00198485 0.0224397 0.00125435 1 0 0 0 0 0 0 0
445 1 0.1 5.68854 4.12748 0.753207 -0.0412687 -0.00717087 0.0279913 -0.0758938 -0.0526035 0.0948762 1 0 0 0 0 0 0 0
446 1 0.1 5.82956 4.26868 0.762642 -0.0286515 -0.0123925 -0.000775944 -0.110978 0.294014 -0.227801 1 0 0 0 0 0 0 0
447 1 0.1 5.97705 4.40325 0.756298 -0.0205788 -0.017286 -0.028219 0.118223 0.0755448 0.108281 1 0 0 0 0 0 0 0
448 1 0.1 6.18503 4.87968 0.762539 0.000144736 -0.000251331 6.79437e-06 -0.0058039 0.000115976 0.00518913 1 0 0 0 0 0 0 0
449 1 0.1 6.38874 5.36513 0.74798 -0.00422877 -0.000538332 0.0089481 -0.0149624 -0.1292 -0.00988868 1 0 0 0 0 0 0 0
450 1 0.1 6.55139 0.716158 0.655969 -0.000598159 0.000328452 0.000271159 -0.00487154 -0.0041424 0.00209843 1 0 0 0 0 0 0 0
451 1 0.1 6.41771 0.819776 0.762579 -0.000741744 0.000775961 0.000147626 0.00376384 0.00338226 -0.00318933 1 0 0 0 0 0 0 0
452 1 0.1 6.36795 1.19128 0.762632 -0.0212707 -0.00535898 0.012584 -0.0314969 0.211461 -0.0737885 1 0 0 0 0 0 0 0
453 1 0.1 6.19426 1.57751 0.762381 -0.00302625 -0.0015525 -0.00118711 -0.0273471 0.0122846 -0.0328847 1 0 0 0 0 0 0 0
454 1 0.1 5.9977 1.83553 0.762521 -0.0599796 -0.116796 0.00038674 0.322176 -0.180715 -1.29659 1 0 0 0 0 0 0 0
455 1 0.1 5.81871 1.92451 0.76243 -0.00320893 -0.00287255 -0.00369731 -0.0528622 0.00147873 0.0269279 1 0 0 0 0 0 0 0
456 1 0.1 5.68696 2.06553 0.708856 -0.0394531 -0.0496352 -0.0368136 0.58097 -0.0957788 -0.83985 1 0 0 0 0 0 0 0
457 1 0.1 5.53645 2.18533 0.762635 0.00432497 -0.00115862 -0.00591992 -0.00385762 0.00363377 0.0171355 1 0 0 0 0 0 0 0
458 1 0.1 5.45718 2.4281 0.762674 0.00709886 -0.00049149 -0.00151764 0.0266919 -0.0189505 0.0501452 1 0 0 0 0 0 0 0
459 1 0.1 5.29581 2.54548 0.762465 -0.00206078 -0.00884512 -0.000268083 0.0171109 -0.0172862 0.0681315 1 0 0 0 0 0 0 0
460 1 0.1 5.13078 2.65751 0.763355 -2.81149e-06 -0.00227845 -0.000993299 -0.00365521 -0.00361829 -0.150115 1 0 0 0 0 0 0 0
461 1 0.1 4.91757 2.76248 0.762395 0.0179889 0.000123499 -0.00194732 0.00159382 -0.0170504 -0.0537415 1 0 0 0 0 0 0 0
462 1 0.1 4.80691 2.92886 0.761298 0.0156256 0.00053522 -0.000923093 0.00882725 0.00725035 -0.0465101 1 0 0 0 0 0 0 0
463 1 0.1 4.88355 3.11273 0.763069 0.0118389 0.00524856 0.00043099 -0.0445304 -0.0845472 0.0695282 1 0 0 0 0 0 0 0
464 1 0.1 5.04366 3.31079 0.762522 0.012569 0.00274872 -0.000673608 0.015365 -0.0197864 0.000766314 1 0 0 0 0 0 0 0
465 1 0.1 5.20857 3.42402 0.762643 0.0133576 0.00497064 0.00449182 0.0360992 -0.0723862 0.0115991 1 0 0 0 0 0 0 0
466 1 0.1 5.40801 3.41197 0.76138 -0.00355462 -0.313648 0.0725739 -0.857117 -0.560219 -3.19583 1 0 0 0 0 0 0 0
467 1 0.1 5.46615 3.61783 0.762439 -0.0318099 -0.162505 0.00612991 -0.148389 0.23162 -0.460899 1 0 0 0 0 0 0 0
468 1 0.1 5.4107 3.84284 0.732187 0.0141585 -0.0559671 -0.0239597 -0.173806 0.0160696 0.718038 1 0 0 0 0 0 0 0
469 1 0.1 5.54862 3.98674 0.731101 -0.0206961 -0.0130969 -0.00798681 0.164479 -0.198312 -0.174503 1 0 0 0 0 0 0 0
470 1 0.1 5.87896 4.06677 0.749732 -0.0557724 -0.0233304 0.00268656 0.890738 0.0648723 -0.286291 1 0 0 0 0 0 0 0
471 1 0.1 6.02159 4.20812 0.762555 -0.0436152 -0.0199603 -0.00651814 -0.215978 0.324018 0.00755877 1 0 0 0 0 0 0 0
472 1 0.1 6.17216 4.35994 0.759688 -0.019416 -0.00926667 -0.010656 0.00231792 -0.259002 0.204238 1 0 0 0 0 0 0 0
473 1 0.1 6.31792 5.02736 0.741697 -0.000281557 -0.000535455 -0.000620282 -0.00297591 -0.00290384 0.000311514 1 0 0 0 0 0 0 0
474 1 0.1 6.42844 5.1817 0.679209 -0.00101465 0.00172626 0.00379182 0.0881816 0.0191199 0.00131078 1 0 0 0 0 0 0 0
475 1 0.1 6.60617 0.884927 0.748639 -0.00269646 -0.00414739 -0.0554599 -0.181843 0.525755 -0.0463959 1 0 0 0 0 0 0 0
476 1 0.1 6.52457 1.06741 0.753484 -0.0345623 -0.0178918 -0.0307532 0.0223685 0.377076 -0.0812869 1 0 0 0 0 0 0 0
477 1 0.1 6.49526 1.44474 0.753793 -0.126247 0.587603 -0.0551167 -0.0132754 0.441492 6.08516 1 0 0 0 0 0 0 0
478 1 0.1 6.29907 1.4073 0.762531 -0.0109319 -0.00489652 0.0015236 -0.0870714 0.114325 -0.0460124 1 0 0 0 0 0 0 0
479 1 0.1 5.63395 2.69455 0.718568 -0.237204 0.928787 0.876379 -4.79951 -9.15046 8.60153 1 0 0 0 0 0 0 0
480 1 0.1 5.92485 2.09201 0.737283 -0.00107379 -0.00416025 -0.00412997 0.0438591 -0.0133091 -0.0535082 1 0 0 0 0 0 0 0
481 1 0.1 5.78745 2.23494 0.762509 0.00589516 0.00262514 0.000663264 0.0463279 -0.0143204 -0.0533653 1 0 0 0 0 0 0 0
482 1 0.1 5.65131 2.38115 0.76255 0.00828719 0.00498962 0.00158543 0.00597645 -0.0459417 0.0260395 1 0 0 0 0 0 0 0
483 1 0.1 5.45007 2.70812 0.640175 0.0232488 0.0050324 0.000749294 -0.0727426 0.191102 -0.00704896 1 0 0 0 0 0 0 0
484 1 0.1 5.40737 3.00591 0.58449 0.0238026 -0.0167068 0.0178502 -0.0501464 -0.0490893 -0.159659 1 0 0 0 0 0 0 0
485 1 0.1 5.38385 2.85159 0.762561 0.0185825 0.00113806 0.00133494 0.0743756 -0.155302 0.106387 1 0 0 0 0 0 0 0
486 1 0.1 5.18437 2.8495 0.750031 0.018298 -0.00439063 -0.00627311 -0.0230906 0.0855 -0.059164 1 0 0 0 0 0 0 0
487 1 0.1 5.0065 2.93952 0.762617 0.0178077 -0.000857122 -0.000669496 -0.00422679 -0.0115946 0.0480886 1 0 0 0 0 0 0 0
488 1 0.1 5.09216 3.11816 0.763134 0.0125876 0.00179455 0.000868959 -0.00418211 -0.0548068 -0.0149609 1 0 0 0 0 0 0 0
489 1 0.1 5.25727 3.23043 0.76181 0.0154728 0.00239339 0.000835855 0.0246161 0.0544259 0.00667651 1 0 0 0 0 0 0 0
490 1 0.1 5.32478 3.04249 0.762631 0.0113847 -0.00144528 0.00303632 -0.0277589 -0.120084 -0.0711139 1 0 0 0 0 0 0 0
491 1 0.1 5.45464 3.19449 0.76195 -0.0593384 0.0584468 -0.0167438 -0.410203 -0.0843319 1.00284 1 0 0 0 0 0 0 0
492 1 0.1 5.59507 3.35851 0.715424 -0.0970801 -0.683956 0.118199 -1.74951 0.815348 -0.119387 1 0 0 0 0 0 0 0
493 1 0.1 5.60104 3.78242 0.734809 -0.0026541 -0.11678 0.0692646 0.548282 -1.10456 -1.31527 1 0 0 0 0 0 0 0
494 1 0.1 5.73667 3.92676 0.762505 -0.0347957 -0.0805196 0.000285374 -0.193814 0.131028 -0.550601 1 0 0 0 0 0 0 0
495 1 0.1 5.69016 3.54022 0.762597 -0.147394 -0.252251 0.000340669 0.0038891 -0.338045 -0.716687 1 0 0 0 0 0 0 0
496 1 0.1 5.78718 3.71497 0.762461 -0.0487138 -0.297278 -0.0179637 -0.414931 1.91382 -0.604345 1 0 0 0 0 0 0 0
497 1 0.1 6.11209 4.5506 0.762138 -0.0254396 -0.00761884 -0.00798052 0.134122 -0.0914976 -0.259028 1 0 0 0 0 0 0 0
498 1 0.1 6.28503 4.6968 0.762657 -0.0587941 -0.090231 0.00311703 -0.832499 0.550728 0.246452 1 0 0 0 0 0 0 0
499 1 0.1 6.45391 4.8822 0.762542 -0.255539 -0.214001 0.00625213 -2.04667 -0.155925 -0.403731 1 0 0 0 0 0 0 0
