500
0 1 0.1 6.06845 0.95091 0.15003 -0.000101321 0.000317259 -0.000321716 0.000167233 0.00403698 0.00768256 1 0 0 0 0 0 0 0
1 1 0.1 5.92748 1.09228 0.148352 0.000249373 -4.25254e-05 -0.000239098 0.0070542 -0.00856526 -0.00978903 1 0 0 0 0 0 0 0
2 1 0.1 5.78801 1.23485 0.13766 -7.49742e-05 -0.000453432 0.000413997 0.00445255 -0.00354827 -0.00432031 1 0 0 0 0 0 0 0
3 1 0.1 5.64559 1.37479 0.146301 -0.000100759 0.000218623 -5.52681e-05 0.00104874 -0.0059436 -0.0475461 1 0 0 0 0 0 0 0
4 1 0.1 5.50364 1.5148 0.151108 -1.1866e-05 0.000161585 0.00124677 -0.0137597 0.0698623 0.023554 1 0 0 0 0 0 0 0
5 1 0.1 5.29643 1.71977 0.149811 0.000694613 -0.00141512 -0.000630404 -0.00705306 0.00388007 -0.0155707 1 0 0 0 0 0 0 0
6 1 0.1 5.15466 1.86174 0.147429 0.00235884 -0.00410904 -0.00575841 0.020714 0.134473 -0.0663088 1 0 0 0 0 0 0 0
7 1 0.1 5.01283 2.00803 0.138728 0.00103212 -0.00149304 0.00258387 -0.0166499 -0.0445155 -0.00541217 1 0 0 0 0 0 0 0
8 1 0.1 4.87795 2.14617 0.190199 0.00234582 -0.0021833 0.00214884 0.000908513 -0.0224941 0.0279649 1 0 0 0 0 0 0 0
9 1 0.1 4.72946 2.29035 0.143836 0.000534444 -0.000988322 0.00034482 -0.00792356 -0.005724 -0.0186052 1 0 0 0 0 0 0 0
10 1 0.1 4.45009 2.56962 0.138564 0.000210495 -0.00105013 -0.00241314 0.0579733 0.0526686 -0.00321348 1 0 0 0 0 0 0 0
11 1 0.1 4.29223 2.73042 0.14895 -2.19618e-05 -7.01739e-06 8.63881e-05 -0.00100942 -0.00182268 -0.000495378 1 0 0 0 0 0 0 0
12 1 0.1 4.18719 2.90055 0.150104 2.9125e-06 9.05884e-06 -7.05199e-05 -0.000328465 0.00076618 0.000489378 1 0 0 0 0 0 0 0
13 1 0.1 4.19044 3.10289 0.162465 -0.000427248 -3.99206e-05 0.00015538 -0.00952866 0.00263635 -0.00397079 1 0 0 0 0 0 0 0
14 1 0.1 4.29772 3.27151 0.167265 -0.000619092 -0.000474764 -0.00087158 0.00487175 0.00781962 -0.00696973 1 0 0 0 0 0 0 0
15 1 0.1 4.4906 3.46414 0.1411 -0.000584787 -0.0002768 0.00169863 -0.000770386 -0.0192738 -0.0025134 1 0 0 0 0 0 0 0
16 1 0.1 4.63107 3.60626 0.146894 0.000189855 -0.000219461 -0.00218835 -0.0239307 0.0672612 -0.0337526 1 0 0 0 0 0 0 0
17 1 0.1 4.78451 3.76042 0.144841 -0.00345395 -0.00307751 0.00528703 0.0344529 -0.0519211 0.0451543 1 0 0 0 0 0 0 0
18 1 0.1 5.03374 4.01023 0.139338 -0.00190215 -0.000956787 0.0029405 -0.0175877 -0.015891 -0.00989896 1 0 0 0 0 0 0 0
19 1 0.1 5.17336 4.15261 0.147368 -0.00406384 0.000727823 0.00379953 -0.0275116 -0.0168499 0.009775 1 0 0 0 0 0 0 0
20 1 0.1 5.31466 4.2937 0.146862 -0.00226004 0.00147474 0.000625711 -0.00466356 0.000832587 -0.0051666 1 0 0 0 0 0 0 0
21 1 0.1 5.45545 4.43553 0.150001 -0.000494938 0.0001898 -0.000131118 0.00179286 0.000162257 -0.00158045 1 0 0 0 0 0 0 0
22 1 0.1 5.63521 4.58687 0.1814 0.0490368 -0.104349 0.0604594 -0.397997 -0.0727452 -0.132991 1 0 0 0 0 0 0 0
23 1 0.1 5.79635 4.78094 0.150258 -0.00151958 -0.00174989 -0.00273535 -0.0251521 0.0953983 -0.0765936 1 0 0 0 0 0 0 0
24 1 0.1 5.93779 4.92225 0.149965 -0.00174393 -0.00106526 -0.000218389 0.0583942 -0.0826012 0.0702824 1 0 0 0 0 0 0 0
25 1 0.1 6.35094 0.668527 0.149944 -3.02594e-05 -9.27173e-05 -9.649e-06 -0.001593 -0.000738957 1.56647e-05 1 0 0 0 0 0 0 0
26 1 0.1 6.10605 1.18097 0.137498 0.000473929 -0.00115026 0.000125495 -0.000546289 0.00823013 0.0019379 1 0 0 0 0 0 0 0
27 1 0.1 5.96704 1.32453 0.137336 0.00169101 -0.000433429 -2.58656e-05 0.00282044 0.00841741 -0.0205789 1 0 0 0 0 0 0 0
28 1 0.1 5.8238 1.4637 0.137491 0.000689706 -0.00305493 0.000137659 0.0119374 0.0120293 0.0084639 1 0 0 0 0 0 0 0
29 1 0.1 5.67881 1.60856 0.13715 -0.00291835 0.00221601 -0.0014244 -0.0276538 -0.0430474 0.00767595 1 0 0 0 0 0 0 0
30 1 0.1 5.49021 1.73251 0.218699 -0.00152841 0.00364129 0.00228276 0.0410073 0.0293454 -0.00690154 1 0 0 0 0 0 0 0
31 1 0.1 5.3477 1.91249 0.137355 0.00197273 -0.00235145 -8.93583e-05 0.0185291 0.0184121 0.000141773 1 0 0 0 0 0 0 0
32 1 0.1 5.20684 2.05428 0.139351 0.00305964 -0.00341264 0.00440177 0.00168275 0.0243664 -0.0184802 1 0 0 0 0 0 0 0
33 1 0.1 5.06348 2.21609 0.136388 -0.00894752 -0.013756 -0.00336502 0.140943 -0.0834187 -0.211119 1 0 0 0 0 0 0 0
34 1 0.1 4.92008 2.34106 0.196212 0.00443643 -0.00147605 -0.000682932 -0.0656638 -0.10674 -0.0499685 1 0 0 0 0 0 0 0
35 1 0.1 4.59056 2.43165 0.170642 0.00255807 0.00141865 -0.00220367 0.000733739 -0.0141764 0.0551255 1 0 0 0 0 0 0 0
36 1 0.1 4.54904 2.74291 0.139471 0.000187792 -0.000484639 0.00170252 0.0221337 -0.0108066 -0.0415766 1 0 0 0 0 0 0 0
37 1 0.1 4.42698 2.90049 0.14319 0.00183049 -6.05002e-06 0.00128752 -0.00639648 -0.0168776 0.0301029 1 0 0 0 0 0 0 0
38 1 0.1 4.38824 3.09592 0.137444 -0.00115061 -0.00113571 -0.000211672 -0.00742446 0.000473936 0.00343469 1 0 0 0 0 0 0 0
39 1 0.1 4.49512 3.26474 0.137496 -0.000760906 -0.000710766 0.000119496 0.0163827 -0.0193916 0.00512686 1 0 0 0 0 0 0 0
40 1 0.1 4.66608 3.36835 0.140249 -0.000889877 -0.000911471 0.00439813 0.00858427 -0.0159676 -0.00331738 1 0 0 0 0 0 0 0
41 1 0.1 4.83466 3.56785 0.137061 0.00374511 -0.00130308 0.000655953 0.0720477 0.0563648 0.0242364 1 0 0 0 0 0 0 0
42 1 0.1 4.97495 3.81963 0.136609 -0.0055607 -0.00232709 -0.00204732 0.0388973 -0.066099 -0.0383632 1 0 0 0 0 0 0 0
43 1 0.1 5.3638 3.92128 0.319794 -0.00819423 -0.00218222 -0.0124372 -0.0110801 0.0916932 0.0828893 1 0 0 0 0 0 0 0
44 1 0.1 5.34366 4.10298 0.238942 -0.0145127 0.0154188 0.0209414 -0.0783232 0.0481802 -0.0282351 1 0 0 0 0 0 0 0
45 1 0.1 5.48857 4.1957 0.13742 -0.00511982 0.00337797 0.00296494 -0.0253074 -0.00633965 -0.0139475 1 0 0 0 0 0 0 0
46 1 0.1 5.72575 4.42373 0.133839 0.0314134 -0.056588 -0.0143269 0.0808395 -0.0885065 -0.0654894 1 0 0 0 0 0 0 0
47 1 0.1 5.85559 4.57413 0.151795 0.0143545 -0.0461924 0.0069728 -0.143629 -0.342624 0.364682 1 0 0 0 0 0 0 0
48 1 0.1 5.98718 4.72364 0.137498 -0.00628488 -0.0296623 0.000110183 -0.301674 -0.0413506 -0.165767 1 0 0 0 0 0 0 0
49 1 0.1 6.21685 5.20143 0.149857 -0.00441165 -0.00736751 0.000402547 -0.0069938 -0.00319878 -0.0878719 1 0 0 0 0 0 0 0
50 1 0.1 6.49237 0.527173 0.149984 8.66035e-05 -6.15503e-05 -6.63422e-05 0.000456006 0.00118369 -0.00127099 1 0 0 0 0 0 0 0
51 1 0.1 6.24725 1.03948 0.137474 0.000707197 -0.000295688 0.00015169 -0.000643158 -0.00169096 0.00510592 1 0 0 0 0 0 0 0
52 1 0.1 6.01232 1.52958 0.137312 0.000433981 -0.00136096 -1.87586e-05 -0.0238134 -0.012056 0.00895361 1 0 0 0 0 0 0 0
53 1 0.1 5.8686 1.67082 0.138824 -0.00347049 0.0012005 0.00492381 -0.024581 -0.0342674 -0.0285983 1 0 0 0 0 0 0 0
54 1 0.1 5.83479 1.86774 0.137417 0.000433874 0.00103384 0.000210744 -0.0224008 -0.0198152 0.00948212 1 0 0 0 0 0 0 0
55 1 0.1 5.68357 1.78201 0.236121 0.000296269 0.00142021 0.00113293 0.0254858 0.0151731 -0.0222667 1 0 0 0 0 0 0 0
56 1 0.1 5.55765 1.90043 0.136749 0.000774464 -0.000362921 -0.00087283 -0.0705686 -0.0119056 -0.0117281 1 0 0 0 0 0 0 0
57 1 0.1 5.37828 2.15547 0.137355 0.00365713 -0.00373877 0.0016873 0.0204707 0.0223467 0.0282518 1 0 0 0 0 0 0 0
58 1 0.1 5.24317 2.30175 0.139824 -0.00890277 -0.0214929 0.00871038 0.0285964 0.0410833 0.157939 1 0 0 0 0 0 0 0
59 1 0.1 5.08852 2.43074 0.13723 0.00136527 0.00890275 -0.00116414 -0.080628 0.0175545 0.189336 1 0 0 0 0 0 0 0
60 1 0.1 4.881 2.54408 0.136941 -0.000656172 0.00310556 -0.00103799 -0.0254803 -0.0151647 -0.0108481 1 0 0 0 0 0 0 0
61 1 0.1 4.6893 2.60057 0.136926 -0.000197576 0.000182887 -0.00197949 0.0201111 0.000362002 0.0458848 1 0 0 0 0 0 0 0
62 1 0.1 4.64293 2.92524 0.136713 -0.00176765 0.000946525 0.000325493 -0.0133703 -0.0127738 -0.0232667 1 0 0 0 0 0 0 0
63 1 0.1 4.63732 3.12475 0.137775 -2.48644e-05 0.00047514 0.000554562 0.0128491 -0.0150608 0.00695802 1 0 0 0 0 0 0 0
64 1 0.1 4.83251 3.28829 0.231288 0.000769884 -0.00330769 0.00160928 -0.0512051 0.0393713 -0.0297021 1 0 0 0 0 0 0 0
65 1 0.1 4.95691 3.41063 0.137094 0.000563712 -0.00291244 -0.00025877 0.054165 -0.0147665 0.0299331 1 0 0 0 0 0 0 0
66 1 0.1 5.04423 3.58963 0.137148 0.00792716 -0.00804154 0.00111866 0.080806 0.110269 0.0206758 1 0 0 0 0 0 0 0
67 1 0.1 5.16853 3.77116 0.137522 -0.0054608 -0.00547235 0.00223937 -0.00546559 0.0299526 0.0133774 1 0 0 0 0 0 0 0
68 1 0.1 5.45144 3.89324 0.137254 -0.00188857 0.0027404 0.00263475 0.000860997 0.00792113 0.0119444 1 0 0 0 0 0 0 0
69 1 0.1 5.52536 4.02661 0.265661 -0.00391672 0.00652448 0.00740634 -0.00253857 0.0212801 -0.0290004 1 0 0 0 0 0 0 0
70 1 0.1 5.68807 4.20796 0.137481 -0.00330802 0.00237269 0.000730193 -0.0033999 -1.82658e-05 0.00115075 1 0 0 0 0 0 0 0
71 1 0.1 5.87117 4.28769 0.148729 0.0293589 -0.0637765 -0.0345101 -0.0780336 -0.0303596 0.197909 1 0 0 0 0 0 0 0
72 1 0.1 6.00669 4.44453 0.137317 0.0300612 -0.0284954 0.000408055 0.28804 0.305924 -0.137638 1 0 0 0 0 0 0 0
73 1 0.1 6.15717 4.82867 0.137464 -0.0139434 -0.0183058 -0.000552858 0.132141 -0.0495088 0.305669 1 0 0 0 0 0 0 0
74 1 0.1 6.35829 5.34279 0.150004 -0.00447499 -0.0075847 -0.000379099 -0.0111305 0.0112659 -0.0938976 1 0 0 0 0 0 0 0
75 1 0.1 6.53986 0.732693 0.137488 -0.00116086 0.00288242 0.000125901 -0.0286796 -0.0114396 0.0354629 1 0 0 0 0 0 0 0
76 1 0.1 6.21439 0.814463 0.146944 0.000186582 0.000353977 -0.000412943 -0.00383176 0.000557331 -0.00374185 1 0 0 0 0 0 0 0
77 1 0.1 6.10101 1.69206 0.212901 -0.00229703 0.00132045 -0.00108678 0.004596 0.0161452 -0.0120344 1 0 0 0 0 0 0 0
78 1 0.1 5.93162 2.05679 0.246992 -0.00276741 0.00153576 -0.00479622 -0.048947 -0.0015815 0.00163208 1 0 0 0 0 0 0 0
79 1 0.1 5.81308 2.21768 0.242631 -0.0145992 -0.00121332 1.92307e-05 -0.000936002 0.197856 0.118297 1 0 0 0 0 0 0 0
80 1 0.1 5.76443 2.05475 0.137402 -0.000450465 -0.000918732 -0.00134767 0.0174391 0.0046065 -0.00521932 1 0 0 0 0 0 0 0
81 1 0.1 5.57 2.10029 0.137442 0.00279571 -0.000433953 0.000793938 0.00294717 0.00166991 0.00234543 1 0 0 0 0 0 0 0
82 1 0.1 5.52113 2.29524 0.137539 -0.0157906 0.0156956 -0.00199525 0.00805724 0.0660718 0.239273 1 0 0 0 0 0 0 0
83 1 0.1 5.48125 2.48267 0.194515 -0.0068334 0.0167136 0.0112226 -0.0434465 -0.0271726 0.625403 1 0 0 0 0 0 0 0
84 1 0.1 5.29006 2.49473 0.137832 -0.0114629 -0.0283872 0.010441 0.00919888 0.0227932 -0.145987 1 0 0 0 0 0 0 0
85 1 0.1 5.13811 2.62444 0.136604 0.018217 0.00752649 0.00336912 -0.0706147 0.092795 -0.108687 1 0 0 0 0 0 0 0
86 1 0.1 4.82742 2.74451 0.137361 -0.00259275 0.0012612 -0.000607156 -0.0136593 -0.0240424 -0.0115343 1 0 0 0 0 0 0 0
87 1 0.1 4.84075 2.94171 0.163165 -0.00217553 -0.00133687 0.0021641 0.0610181 0.117534 0.0145294 1 0 0 0 0 0 0 0
88 1 0.1 4.90593 3.12927 0.137128 0.00194257 0.00226972 -0.000894544 -0.000855219 -0.0171148 0.0180769 1 0 0 0 0 0 0 0
89 1 0.1 5.06991 3.24301 0.13738 0.00232586 -0.00164227 7.78173e-05 -0.00276744 0.00760529 0.00152159 1 0 0 0 0 0 0 0
90 1 0.1 5.15585 3.42317 0.137204 0.00145361 -0.00278128 0.000942285 0.00751536 0.0616204 0.00311842 1 0 0 0 0 0 0 0
91 1 0.1 5.24901 3.59401 0.18227 0.00379012 -0.00368449 -0.00103295 0.0150545 0.0493378 0.0684567 1 0 0 0 0 0 0 0
92 1 0.1 5.41735 3.70044 0.174683 0.000126676 0.00129376 -0.00286375 0.0457193 -0.00189876 -0.00192785 1 0 0 0 0 0 0 0
93 1 0.1 5.61942 3.78513 0.138322 -0.000308273 0.00190875 0.000823941 0.00389402 -0.00154808 -0.00516584 1 0 0 0 0 0 0 0
94 1 0.1 5.6703 3.97863 0.13723 -0.000451465 0.00147844 0.00161823 0.0113655 0.0107632 -0.00946251 1 0 0 0 0 0 0 0
95 1 0.1 5.84226 4.08063 0.137579 -0.00053333 0.00771793 0.000981783 -0.00395659 0.0013981 0.0688687 1 0 0 0 0 0 0 0
96 1 0.1 5.95638 4.16327 0.279787 0.0306009 -0.0324413 -0.00666942 -0.262193 -0.133208 0.00194465 1 0 0 0 0 0 0 0
97 1 0.1 6.0671 4.24972 0.137465 0.0376459 -0.0336492 -0.000924042 0.0313181 -0.235665 0.104939 1 0 0 0 0 0 0 0
98 1 0.1 6.2516 5.00492 0.137481 -0.0295482 -0.0116299 0.00124754 -0.016384 0.0322582 -0.163617 1 0 0 0 0 0 0 0
99 1 0.1 6.4082 5.14498 0.137494 -0.00766648 -0.0213123 -0.000420374 -0.0265799 0.0369513 -0.0471301 1 0 0 0 0 0 0 0
100 1 0.1 6.41139 1.08269 0.243115 9.81047e-05 0.00402796 -0.000214648 0.0873515 0.0320276 0.101514 1 0 0 0 0 0 0 0
101 1 0.1 6.13151 1.39602 0.225776 0.000705124 -0.000780008 0.00130707 0.0066747 0.0067706 -0.00340022 1 0 0 0 0 0 0 0
102 1 0.1 6.14273 1.64361 0.578434 -0.00193344 0.00096766 0.000838813 0.0244685 -0.00207542 0.00138999 1 0 0 0 0 0 0 0
103 1 0.1 6.01036 1.86917 0.2328 -0.000328131 0.00229494 0.000965149 0.00312443 0.0116604 -0.00735774 1 0 0 0 0 0 0 0
104 1 0.1 5.73101 2.64752 0.306666 0.0727646 0.00627804 0.0220824 0.348141 0.269865 0.0692329 1 0 0 0 0 0 0 0
105 1 0.1 5.71209 2.35434 0.137444 -0.0105103 0.00751336 -0.00282039 -0.0787544 -0.0991457 -0.309469 1 0 0 0 0 0 0 0
106 1 0.1 5.68285 2.55205 0.137678 0.0636593 0.0204887 0.0163149 0.257499 0.198276 -0.454317 1 0 0 0 0 0 0 0
107 1 0.1 5.52495 2.67446 0.137434 0.0450347 0.000214857 0.00141668 0.14099 -0.690348 0.736113 1 0 0 0 0 0 0 0
108 1 0.1 5.5444 2.69074 0.363826 0.073667 -0.00355578 0.0304157 -0.15279 -0.22453 -0.0242622 1 0 0 0 0 0 0 0
109 1 0.1 5.47939 2.869 0.144782 0.0389855 -0.00357852 0.0712724 0.496909 0.391745 -0.0782673 1 0 0 0 0 0 0 0
110 1 0.1 5.32585 2.69007 0.135503 0.0388064 -0.0439521 -0.00633581 -0.00569113 0.528348 -0.404187 1 0 0 0 0 0 0 0
111 1 0.1 5.01259 2.81961 0.137453 -0.00193081 -0.000482351 -0.00113185 0.000297429 -0.0168828 -0.0207909 1 0 0 0 0 0 0 0
112 1 0.1 5.0204 2.9956 0.231723 -0.0048459 0.000665139 -0.00330306 0.0377881 -0.058004 -0.0467557 1 0 0 0 0 0 0 0
113 1 0.1 5.1779 3.07477 0.137439 0.00047929 -0.00328313 0.000384212 0.0211965 0.0107226 -0.0239599 1 0 0 0 0 0 0 0
114 1 0.1 5.33112 3.22162 0.225339 0.00359582 -0.00233624 -0.00380676 -0.0853533 0.0897032 -0.0946806 1 0 0 0 0 0 0 0
115 1 0.1 5.32725 3.41983 0.239209 0.00510402 -0.00350956 -0.00551017 0.0191057 0.0765563 -0.0547896 1 0 0 0 0 0 0 0
116 1 0.1 5.47329 3.50999 0.137379 0.00198655 -0.00165764 0.000434945 0.0218773 0.00453066 0.00806843 1 0 0 0 0 0 0 0
117 1 0.1 5.65691 3.58878 0.137361 0.000380445 0.00121203 -0.00035163 3.24119e-05 0.0125838 0.00224717 1 0 0 0 0 0 0 0
118 1 0.1 5.67386 3.38069 0.137366 0.00399397 0.00322206 -0.000177209 -0.0332246 0.0484789 -0.0653708 1 0 0 0 0 0 0 0
119 1 0.1 5.48685 3.31059 0.137794 0.00604145 -0.00236519 -0.00158232 0.0109977 -0.108451 0.0957733 1 0 0 0 0 0 0 0
120 1 0.1 5.81346 3.73717 0.141539 -0.00183487 -0.00499692 0.00539683 0.0123038 -0.0494913 -0.0582687 1 0 0 0 0 0 0 0
121 1 0.1 5.80105 3.52783 0.429664 0.00230904 0.0128504 0.00359734 -0.000180921 -0.0468332 0.109798 1 0 0 0 0 0 0 0
122 1 0.1 6.13934 4.59393 0.137416 0.011956 -0.011821 0.000775292 0.12429 0.134008 0.401834 1 0 0 0 0 0 0 0
123 1 0.1 6.22457 4.70473 0.280056 0.000342126 -0.00533481 0.00296781 0.125089 0.144672 0.173216 1 0 0 0 0 0 0 0
124 1 0.1 6.34867 4.83611 0.194425 -0.010958 -0.00411255 -0.0111681 0.323934 0.177583 -0.0215713 1 0 0 0 0 0 0 0
125 1 0.1 6.0758 0.939676 0.350883 0.000738667 -0.00116831 -0.000230221 0.00757461 0.00509975 -0.0150846 1 0 0 0 0 0 0 0
126 1 0.1 5.9343 1.08081 0.349561 0.000372637 -0.00077775 -0.000786236 -0.000320717 0.0106275 -0.0110543 1 0 0 0 0 0 0 0
127 1 0.1 5.79665 1.22528 0.337671 0.000903956 0.000632753 -0.000645451 -0.0134864 0.00646152 -0.00467055 1 0 0 0 0 0 0 0
128 1 0.1 5.65258 1.36351 0.346083 -0.000434984 0.000382149 -0.000748464 3.42673e-05 0.0066891 0.0195741 1 0 0 0 0 0 0 0
129 1 0.1 5.51078 1.50407 0.350386 -0.000641108 -1.49413e-05 -0.00109519 -0.00594721 0.00849983 -0.0146295 1 0 0 0 0 0 0 0
130 1 0.1 5.224 1.79327 0.350337 -0.000659377 -0.000188278 0.000276301 -9.79215e-05 0.00062613 0.00617275 1 0 0 0 0 0 0 0
131 1 0.1 5.08385 1.9434 0.314222 0.012137 -0.0164868 -0.00312169 0.162611 -0.205292 0.294364 1 0 0 0 0 0 0 0
132 1 0.1 4.93982 2.08536 0.370082 0.000777075 -0.000372245 0.00385232 0.0127336 -0.00814282 0.00441666 1 0 0 0 0 0 0 0
133 1 0.1 4.76233 2.26531 0.36841 0.00881351 -0.0076313 0.00209417 0.00846547 -0.00568894 -0.114613 1 0 0 0 0 0 0 0
134 1 0.1 4.62074 2.40546 0.365424 0.00377935 -0.00815386 -0.00556282 -0.00202554 0.00106259 -0.0379911 1 0 0 0 0 0 0 0
135 1 0.1 4.37375 2.65317 0.321892 -0.00190161 0.00128484 -0.0015665 -0.00840143 0.00407918 0.0191586 1 0 0 0 0 0 0 0
136 1 0.1 4.20718 2.81595 0.346241 -0.00143904 0.00522629 -0.00497899 -0.0463837 -0.0221429 0.030469 1 0 0 0 0 0 0 0
137 1 0.1 4.1888 3.01254 0.349485 -0.000888098 0.0101678 -0.00934635 0.0815049 -0.21662 -0.0458808 1 0 0 0 0 0 0 0
138 1 0.1 4.22826 3.2082 0.350392 0.0218282 0.0374321 -0.0247746 -0.0211716 0.150855 0.128648 1 0 0 0 0 0 0 0
139 1 0.1 4.37129 3.34773 0.348447 0.130052 -0.0268718 -0.0381085 0.167582 0.124928 -1.41491 1 0 0 0 0 0 0 0
140 1 0.1 4.58322 3.55897 0.335168 0.00284884 0.00381065 -0.000359309 0.0180822 -0.00708356 -0.0431695 1 0 0 0 0 0 0 0
141 1 0.1 4.72735 3.69643 0.33853 0.013578 -0.00265106 0.00497772 0.0376135 0.0532813 -0.0611208 1 0 0 0 0 0 0 0
142 1 0.1 4.87014 3.84201 0.304143 -0.00356508 -9.92568e-05 -0.00207252 -0.0555539 0.0728172 -0.0265692 1 0 0 0 0 0 0 0
143 1 0.1 5.04869 4.02477 0.34517 -9.19146e-05 -0.0309826 0.000661852 0.0408132 -0.0098982 -0.0258797 1 0 0 0 0 0 0 0
144 1 0.1 5.18952 4.16569 0.348136 -0.0384949 0.0242755 0.0434406 -0.019255 0.0384416 -0.00231117 1 0 0 0 0 0 0 0
145 1 0.1 5.33071 4.30703 0.348352 -0.00110663 -0.00580587 0.00898692 -0.0364833 0.0160947 0.0144233 1 0 0 0 0 0 0 0
146 1 0.1 5.47206 4.44844 0.350797 -0.00441476 -0.00416873 -0.00123971 -0.0221429 0.0529085 -0.0327419 1 0 0 0 0 0 0 0
147 1 0.1 5.62429 4.599 0.37318 0.00232081 0.0157248 0.0193323 0.329691 0.0632009 0.00822171 1 0 0 0 0 0 0 0
148 1 0.1 5.76313 4.73945 0.350077 0.00433605 0.00464216 0.000662146 -0.164802 0.173703 0.0563813 1 0 0 0 0 0 0 0
149 1 0.1 6.03779 5.01368 0.352684 0.00194922 0.00265581 -0.0026885 0.0164791 0.00314789 0.0252773 1 0 0 0 0 0 0 0
150 1 0.1 6.25935 0.764432 0.35 -0.00369418 0.00383553 0.000256818 0.0320549 0.0279568 0.0632321 1 0 0 0 0 0 0 0
151 1 0.1 5.99978 1.26811 0.326054 -0.000361018 3.8898e-05 0.000622376 -0.0114862 -0.0305397 0.0235472 1 0 0 0 0 0 0 0
152 1 0.1 5.83637 1.4413 0.335878 -0.000220516 -0.000310884 -0.000899841 -0.00600287 -0.00588478 -0.0240043 1 0 0 0 0 0 0 0
153 1 0.1 5.69308 1.58446 0.335151 -0.000406922 -0.000848815 -0.00211165 0.0308882 0.0097625 0.00457487 1 0 0 0 0 0 0 0
154 1 0.1 5.55047 1.70714 0.407103 0.00029796 -0.00100435 -0.000304547 0.000767942 0.00383262 -0.017662 1 0 0 0 0 0 0 0
155 1 0.1 5.36932 1.64488 0.349939 -0.000240572 -0.000582027 -0.000985261 0.02306 -0.0276356 0.0669368 1 0 0 0 0 0 0 0
156 1 0.1 5.26695 2.00262 0.367684 0.0156475 0.0216587 -0.0545469 -0.107659 0.406307 0.379862 1 0 0 0 0 0 0 0
157 1 0.1 5.13012 2.13717 0.305895 0.00423506 -0.0179513 -0.0173193 -0.25286 0.446243 -0.225832 1 0 0 0 0 0 0 0
158 1 0.1 4.9571 2.30028 0.387958 0.0137578 -0.0136747 -0.008175 0.154044 0.153417 0.0847627 1 0 0 0 0 0 0 0
159 1 0.1 4.79982 2.46169 0.298716 0.00260224 -0.000783841 -0.00209049 0.0746316 0.0497723 0.0245492 1 0 0 0 0 0 0 0
160 1 0.1 4.56052 2.58564 0.304395 -0.00648636 -0.0108182 0.00126262 0.134051 -0.0908472 0.051831 1 0 0 0 0 0 0 0
161 1 0.1 4.40348 2.84952 0.337107 -0.00172952 0.00222461 -0.001994 0.0152079 0.0152913 -0.0351927 1 0 0 0 0 0 0 0
162 1 0.1 4.38219 3.04606 0.360444 -0.000690002 0.00344491 0.00719492 0.041454 0.0487202 0.0179542 1 0 0 0 0 0 0 0
163 1 0.1 4.50976 3.19257 0.388371 -0.00151211 0.00320708 -0.00186848 -0.146927 -0.0394878 -0.0165414 1 0 0 0 0 0 0 0
164 1 0.1 4.60725 3.36381 0.36825 -0.00145562 0.00170658 -0.00846163 0.0509136 0.000495546 0.00638164 1 0 0 0 0 0 0 0
165 1 0.1 4.75837 3.47036 0.293506 0.00279544 -0.0024523 -0.00205495 -0.0217318 -0.0477957 -0.0687926 1 0 0 0 0 0 0 0
166 1 0.1 4.91107 3.62489 0.312189 0.00938595 -0.0084954 -0.000317555 0.0201726 0.0145137 -0.0611902 1 0 0 0 0 0 0 0
167 1 0.1 5.10572 3.8353 0.319953 0.00289804 -0.0190412 0.000933303 -0.00979789 -0.0379459 0.032717 1 0 0 0 0 0 0 0
168 1 0.1 5.20958 3.95792 0.441606 0.00229207 -0.0182553 -0.00136025 0.01032 0.0169613 0.0959359 1 0 0 0 0 0 0 0
169 1 0.1 5.37171 4.07409 0.448358 -0.0055838 -0.00584533 -0.00218776 0.0494287 0.01085 0.0262357 1 0 0 0 0 0 0 0
170 1 0.1 5.50108 4.20519 0.371344 -0.00323853 -0.0036452 0.00608458 0.0274298 -0.0161152 -0.0106618 1 0 0 0 0 0 0 0
171 1 0.1 5.62458 4.33299 0.280262 0.0217282 -0.031533 -0.00189154 -0.491723 -0.348521 -0.112662 1 0 0 0 0 0 0 0
172 1 0.1 5.76633 4.46651 0.326068 -0.0127897 0.00914629 0.000464468 0.0168926 -0.0189806 0.0624205 1 0 0 0 0 0 0 0
173 1 0.1 5.8963 4.59919 0.400223 -0.00266942 -0.00126793 0.00118123 -0.0107149 0.00386549 -0.19899 1 0 0 0 0 0 0 0
174 1 0.1 6.17866 5.1552 0.350683 -0.0022267 0.00216565 -0.000946964 0.0151854 0.00513208 -0.0202736 1 0 0 0 0 0 0 0
175 1 0.1 6.40076 0.623073 0.349987 -0.00361222 0.00366608 -0.000270214 -0.0281596 -0.0264905 -0.0917125 1 0 0 0 0 0 0 0
176 1 0.1 6.15167 1.12241 0.323182 0.00175377 -0.00161982 0.000102689 0.000926805 -0.00402278 -3.34623e-05 1 0 0 0 0 0 0 0
177 1 0.1 5.95655 1.5998 0.315878 0.000310851 -0.000676346 -0.000396242 0.0071314 0.000253611 0.0171745 1 0 0 0 0 0 0 0
178 1 0.1 5.82011 1.73414 0.372953 -2.5873e-06 -0.00106328 -0.000337409 -0.00301023 -0.00359272 -0.0060116 1 0 0 0 0 0 0 0
179 1 0.1 5.67603 1.91066 0.388791 0.00167752 -0.00220154 0.00472636 0.0266193 0.00559204 0.0358991 1 0 0 0 0 0 0 0
180 1 0.1 5.41563 1.8483 0.363681 -0.00171378 -0.000437819 0.0054618 -0.0579033 -0.0674813 -0.00399276 1 0 0 0 0 0 0 0
181 1 0.1 5.44378 2.02388 0.272393 0.00552558 -0.00450256 0.000520517 -0.0101688 -0.00572759 -0.0459561 1 0 0 0 0 0 0 0
182 1 0.1 5.31285 2.26527 0.328963 0.00242417 -0.00545962 -0.000610931 0.292154 -0.227064 -0.109183 1 0 0 0 0 0 0 0
183 1 0.1 5.13496 2.35493 0.315979 0.00738311 0.00593121 -0.00557908 0.165524 -0.0589502 0.0223106 1 0 0 0 0 0 0 0
184 1 0.1 4.99242 2.51513 0.302032 -0.000712596 0.00691634 -0.0109551 0.0200295 0.0667111 0.0662381 1 0 0 0 0 0 0 0
185 1 0.1 4.72926 2.61018 0.409899 -0.000796092 -0.00998052 0.00225726 0.0297385 -0.0793998 0.0123582 1 0 0 0 0 0 0 0
186 1 0.1 4.59068 2.78011 0.339303 -0.0131908 -0.0124222 -0.00161916 -0.182147 0.0402424 -0.119795 1 0 0 0 0 0 0 0
187 1 0.1 4.5647 2.98213 0.31006 -0.00194478 0.00473137 0.000140138 -0.0320403 0.0255856 0.0429409 1 0 0 0 0 0 0 0
188 1 0.1 4.69754 3.18019 0.327695 6.20899e-06 -0.00258579 0.00201194 0.101841 0.00632735 -0.0245804 1 0 0 0 0 0 0 0
189 1 0.1 4.93344 3.17132 0.357639 0.00706565 -0.000914097 0.0027165 0.0576215 -0.0439619 0.127484 1 0 0 0 0 0 0 0
190 1 0.1 4.90734 3.37962 0.392186 -0.0123738 -0.0123822 0.0101654 0.116643 -0.236266 -0.049261 1 0 0 0 0 0 0 0
191 1 0.1 5.11015 3.63578 0.320103 0.00864341 -0.0134813 0.00409528 -0.0222897 -0.0572294 0.0256212 1 0 0 0 0 0 0 0
192 1 0.1 5.28103 3.7394 0.315721 0.00494089 -0.0065793 -0.000190261 -0.0224886 0.0768335 0.0711309 1 0 0 0 0 0 0 0
193 1 0.1 5.50323 3.78429 0.361578 -0.00358972 0.00374548 -0.00739255 -0.087353 -0.0544975 -0.0269064 1 0 0 0 0 0 0 0
194 1 0.1 5.63742 3.96213 0.41764 -0.000552406 0.00301964 0.000635598 0.0162615 0.0380132 -0.00247245 1 0 0 0 0 0 0 0
195 1 0.1 5.68349 4.1336 0.323051 0.000554792 0.00568371 0.00119233 -0.0367838 0.0372426 0.00534235 1 0 0 0 0 0 0 0
196 1 0.1 5.8121 4.27762 0.372941 -0.00373312 0.0117582 -0.000697834 0.00480143 -0.0423397 0.0636794 1 0 0 0 0 0 0 0
197 1 0.1 5.96003 4.40366 0.327101 0.024932 -0.0189852 0.00295757 -0.263321 -0.236533 -0.411128 1 0 0 0 0 0 0 0
198 1 0.1 5.93073 4.84606 0.366283 0.00172898 0.00547346 -0.0116984 0.0120384 -0.125974 -0.04017 1 0 0 0 0 0 0 0
199 1 0.1 6.32047 5.29598 0.346382 0.000500973 0.000936667 0.000269295 -0.00147336 -0.000433687 0.00754488 1 0 0 0 0 0 0 0
200 1 0.1 6.42351 0.862502 0.235439 -0.000460404 0.00304701 0.00109015 -0.0117793 0.0640349 0.00156433 1 0 0 0 0 0 0 0
201 1 0.1 6.27197 0.961695 0.319998 0.000815737 0.00431966 0.0019088 -0.0404695 -0.0204067 0.0127883 1 0 0 0 0 0 0 0
202 1 0.1 5.89381 1.91945 0.387214 -0.00180032 0.00214976 5.43045e-05 -0.0147922 -0.00367764 0.0189213 1 0 0 0 0 0 0 0
203 1 0.1 5.56845 2.68091 0.762885 0.0262215 0.00672746 -0.000545181 0.0864583 -0.242044 -0.0408377 1 0 0 0 0 0 0 0
204 1 0.1 5.74915 2.28887 0.418169 -0.00612904 0.00789089 -0.00270467 -0.138098 -0.0992729 -0.0590073 1 0 0 0 0 0 0 0
205 1 0.1 5.66874 2.09472 0.311104 0.00517496 -0.00124397 0.00451512 -0.0275122 -0.00671172 -0.0770461 1 0 0 0 0 0 0 0
206 1 0.1 5.50396 2.20703 0.324937 0.0028267 -0.00450954 0.0074001 0.0719032 0.0264413 0.106764 1 0 0 0 0 0 0 0
207 1 0.1 5.4404 2.44947 0.387434 0.00492775 -0.0110192 0.0099804 0.157054 -0.182998 -0.323459 1 0 0 0 0 0 0 0
208 1 0.1 5.36549 2.61859 0.312088 0.0753331 0.0178942 0.000465373 0.0432631 -0.157129 -0.235736 1 0 0 0 0 0 0 0
209 1 0.1 5.13664 2.66868 0.331546 -0.269714 0.0936501 -0.0123 -0.752702 -3.78869 -3.46474 1 0 0 0 0 0 0 0
210 1 0.1 4.92254 2.66029 0.420513 -0.00684515 0.00199004 -0.00279133 0.0417791 0.0544469 0.088791 1 0 0 0 0 0 0 0
211 1 0.1 4.78926 2.79442 0.355397 -0.032298 -0.00612688 -0.0350686 -0.193025 0.288527 0.202499 1 0 0 0 0 0 0 0
212 1 0.1 4.76223 2.99199 0.339713 -0.00223284 -0.0019006 0.00166949 -0.0420719 -0.150682 0.0189525 1 0 0 0 0 0 0 0
213 1 0.1 5.07709 3.04567 0.416561 0.00968884 -0.00656239 -0.00150785 -0.15622 0.0875333 -0.250749 1 0 0 0 0 0 0 0
214 1 0.1 5.11709 3.24581 0.33171 0.00737004 -0.00589811 -0.000978977 0.0214176 0.117944 -0.183168 1 0 0 0 0 0 0 0
215 1 0.1 5.15517 3.44205 0.335798 0.0184895 -0.0098164 0.00449151 0.0272865 0.0852156 0.0781389 1 0 0 0 0 0 0 0
216 1 0.1 5.3245 3.54222 0.396649 0.00150063 -0.00863724 -2.73571e-05 0.0446028 -0.0478506 0.0167226 1 0 0 0 0 0 0 0
217 1 0.1 5.50193 3.58913 0.318517 0.00124949 -0.000935674 0.00157662 -0.0178205 0.0265556 0.0638028 1 0 0 0 0 0 0 0
218 1 0.1 5.6902 3.65542 0.322856 -0.00149331 0.00444839 -0.000684464 -0.00787341 -0.0223383 0.00502859 1 0 0 0 0 0 0 0
219 1 0.1 5.7371 3.79387 0.458972 -0.00256249 0.00161539 -0.000180455 0.0126385 0.00918221 -0.00980321 1 0 0 0 0 0 0 0
220 1 0.1 5.76819 3.8849 0.283936 -0.00144115 -0.000305256 0.000650583 -0.0119253 -0.00363729 -0.0273753 1 0 0 0 0 0 0 0
221 1 0.1 5.84611 4.03664 0.388014 0.00791289 -0.00579472 0.000220019 -0.0477251 -0.0974918 -0.168847 1 0 0 0 0 0 0 0
222 1 0.1 5.95733 4.19061 0.479294 -0.0101435 0.0217919 0.0169175 0.126044 -0.274976 0.172476 1 0 0 0 0 0 0 0
223 1 0.1 6.20668 4.91558 0.310627 -0.0113082 -0.0233949 0.00125998 -0.221657 0.0649132 -0.281495 1 0 0 0 0 0 0 0
224 1 0.1 6.34749 5.05743 0.30671 -0.0253597 -0.00842031 -0.00115846 -0.270087 -0.503957 0.505105 1 0 0 0 0 0 0 0
225 1 0.1 6.27488 1.25723 0.212697 0.000804441 -0.000633396 -0.000411573 0.00757601 0.00339451 0.0054583 1 0 0 0 0 0 0 0
226 1 0.1 6.19737 1.30482 0.390796 0.00180083 -0.00165036 0.000375918 0.00276421 0.00883984 0.00136698 1 0 0 0 0 0 0 0
227 1 0.1 6.0512 1.44544 0.402308 -0.00315974 0.00156891 -0.0010105 -0.00973365 0.0220825 0.00562879 1 0 0 0 0 0 0 0
228 1 0.1 5.83735 2.1089 0.417527 0.0111208 0.00363111 0.00147051 -0.0531008 0.0492918 0.0609736 1 0 0 0 0 0 0 0
229 1 0.1 5.65248 2.84557 0.686971 0.0392281 0.0144108 0.0307271 -0.118549 -0.57053 0.258757 1 0 0 0 0 0 0 0
230 1 0.1 5.60816 2.37662 0.306829 -0.00436633 -0.00212465 -0.00613067 0.226813 0.238757 0.234099 1 0 0 0 0 0 0 0
231 1 0.1 5.70874 2.49436 0.4333 0.0373995 -0.0249718 -0.0218959 0.00770601 0.283653 -0.370296 1 0 0 0 0 0 0 0
232 1 0.1 5.55826 2.58221 0.53123 0.0797792 -0.00957469 0.0251796 0.299524 -0.663453 -0.355337 1 0 0 0 0 0 0 0
233 1 0.1 5.60871 3.04315 0.302512 0.0472194 0.00775232 0.00869788 -0.125433 -0.0554903 0.776848 1 0 0 0 0 0 0 0
234 1 0.1 5.28041 2.88371 0.154543 0.033248 -0.0395879 -0.0205914 -0.585797 -1.30031 0.440669 1 0 0 0 0 0 0 0
235 1 0.1 5.38965 2.81457 0.328604 0.0842981 0.0104829 0.0195794 0.136208 0.0774188 0.12891 1 0 0 0 0 0 0 0
236 1 0.1 4.98428 2.83719 0.348225 -0.0727343 0.0310557 -0.00764414 -0.454617 -0.770627 0.235667 1 0 0 0 0 0 0 0
237 1 0.1 5.17328 2.89756 0.322857 -0.266691 -0.0684955 -0.19984 1.59789 1.69962 -2.31686 1 0 0 0 0 0 0 0
238 1 0.1 5.26111 3.12197 0.400021 0.014737 -0.0173362 0.000738164 0.0309614 -0.1137 0.127881 1 0 0 0 0 0 0 0
239 1 0.1 5.2884 3.31897 0.417388 0.0160235 -0.0172691 -0.00173929 -0.0331528 0.0114528 -0.189235 1 0 0 0 0 0 0 0
240 1 0.1 5.50943 3.21769 0.315656 0.0150812 -0.00939965 -0.0268714 -0.142893 0.176561 -0.0973824 1 0 0 0 0 0 0 0
241 1 0.1 5.64124 3.16531 0.495317 0.0291702 0.00793614 0.00324026 -0.108595 -0.0219898 -0.125312 1 0 0 0 0 0 0 0
242 1 0.1 5.46678 3.40152 0.381767 0.0165203 -0.017996 -0.00162924 0.14414 0.0382864 0.160544 1 0 0 0 0 0 0 0
243 1 0.1 5.61252 3.15555 0.137394 0.00668546 -0.000721597 0.000543282 -0.00468175 0.0711915 -0.0756726 1 0 0 0 0 0 0 0
244 1 0.1 5.38627 3.05227 0.13697 -0.00802248 -0.0072887 -0.00119428 0.0516069 -0.0591615 0.1236 1 0 0 0 0 0 0 0
245 1 0.1 5.70014 2.97585 0.137474 -0.000388901 -0.0030941 -0.000441878 0.0139466 0.00180987 -0.0102886 1 0 0 0 0 0 0 0
246 1 0.1 5.64973 3.45465 0.321429 0.00967463 0.00468438 -0.000691564 0.0251392 0.00207891 0.0311888 1 0 0 0 0 0 0 0
247 1 0.1 6.09757 4.53844 0.38053 0.0134127 -0.00682848 0.0020601 -0.0549638 -0.0612399 0.466544 1 0 0 0 0 0 0 0
248 1 0.1 6.07013 4.7259 0.444338 -0.0148393 -0.00867316 -0.00503044 -0.0198361 0.0374386 -0.17353 1 0 0 0 0 0 0 0
249 1 0.1 6.32958 4.78983 0.427175 0.00245136 -0.00292411 0.000344594 -0.0216624 -0.00849646 0.0124186 1 0 0 0 0 0 0 0
250 1 0.1 6.11643 0.908485 0.553603 0.000675514 -0.000226955 0.00118802 0.00831346 -0.00740644 -0.00516436 1 0 0 0 0 0 0 0
251 1 0.1 5.97017 1.05376 0.550842 -0.000725915 0.000301254 -0.000983307 0.00753102 0.0135841 -0.0252003 1 0 0 0 0 0 0 0
252 1 0.1 5.8317 1.19691 0.533196 -0.000500227 0.000484751 0.000115572 -0.00150331 -0.00245616 0.00725479 1 0 0 0 0 0 0 0
253 1 0.1 5.62997 1.39606 0.542004 0.000381869 -0.000576804 -0.000782149 -0.00346218 -0.00772386 -6.32822e-05 1 0 0 0 0 0 0 0
254 1 0.1 5.48765 1.53678 0.547238 0.000325147 -0.000907224 9.29187e-05 0.000519784 -0.00178692 -0.000971682 1 0 0 0 0 0 0 0
255 1 0.1 5.20436 1.81885 0.549726 0.00111005 -0.00156636 0.00286917 0.00565411 0.00197984 0.0304403 1 0 0 0 0 0 0 0
256 1 0.1 5.09132 1.97825 0.510362 -0.0240795 -0.0233161 -0.00553936 -0.0842393 -0.0703645 0.308664 1 0 0 0 0 0 0 0
257 1 0.1 4.93709 2.08891 0.569868 0.00210077 0.000203859 0.00748569 -0.558695 0.742054 -0.38651 1 0 0 0 0 0 0 0
258 1 0.1 4.79555 2.22997 0.567503 -8.03535e-05 -0.00028969 0.00412869 -0.0275062 -0.0706228 0.0139274 1 0 0 0 0 0 0 0
259 1 0.1 4.64665 2.3825 0.574728 0.000549839 -0.00169488 0.000191303 0.0856697 0.0666072 -0.0288054 1 0 0 0 0 0 0 0
260 1 0.1 4.46254 2.56245 0.47741 0.00105522 -0.000348866 -0.000450007 -0.00391654 0.00173497 -0.00814406 1 0 0 0 0 0 0 0
261 1 0.1 4.24023 2.77533 0.549104 -0.000401956 0.00265218 -0.00509922 -0.0909863 -0.0505277 -0.00726372 1 0 0 0 0 0 0 0
262 1 0.1 4.19159 2.96915 0.543325 0.00340475 0.00456456 -0.0122681 0.0930229 0.126155 0.0359364 1 0 0 0 0 0 0 0
263 1 0.1 4.19257 3.17021 0.550002 2.94132e-06 6.13606e-06 -2.18534e-05 3.17329e-05 0.000288873 -0.000231574 1 0 0 0 0 0 0 0
264 1 0.1 4.33999 3.31795 0.550381 -0.00521703 -0.0041747 -0.000806122 0.0167466 -0.00309582 -0.0509702 1 0 0 0 0 0 0 0
265 1 0.1 4.52129 3.50577 0.553731 -0.000550497 0.0032483 -0.00383356 0.0211728 -0.0255244 0.117246 1 0 0 0 0 0 0 0
266 1 0.1 4.66349 3.64549 0.56239 0.000205604 0.00321822 -0.00297511 0.0338264 0.012939 0.0663114 1 0 0 0 0 0 0 0
267 1 0.1 4.81705 3.79307 0.487976 0.0125681 0.0112343 -0.000474377 -0.121301 0.0743437 0.27536 1 0 0 0 0 0 0 0
268 1 0.1 4.94611 3.92839 0.55796 0.00659318 -0.00255954 0.0327641 -0.183839 -0.0896519 0.00285915 1 0 0 0 0 0 0 0
269 1 0.1 5.0866 4.07027 0.553246 0.00312481 -0.00144554 0.0133861 -0.21223 -0.0330117 0.040102 1 0 0 0 0 0 0 0
270 1 0.1 5.36877 4.35323 0.551613 0.000149515 -0.000887195 -8.21203e-05 2.68265e-05 0.00401911 -0.00711204 1 0 0 0 0 0 0 0
271 1 0.1 5.51004 4.49447 0.550448 0.000706693 -0.001615 0.00586699 0.0656756 -0.030801 0.0442608 1 0 0 0 0 0 0 0
272 1 0.1 5.65753 4.62848 0.565606 -0.000446435 -0.00174878 0.0107016 -0.103145 -0.0285427 0.20121 1 0 0 0 0 0 0 0
273 1 0.1 5.79303 4.77776 0.549398 -0.000224598 -0.00266377 -0.00277027 0.0902809 -0.0175713 -0.00698457 1 0 0 0 0 0 0 0
274 1 0.1 6.0598 5.03769 0.549985 -0.000251266 -0.000779644 -0.00252743 0.028745 0.0125516 -0.0381377 1 0 0 0 0 0 0 0
275 1 0.1 6.26782 0.755213 0.549908 -0.00268414 0.00320673 -0.000293631 0.0134103 0.0161938 0.0505467 1 0 0 0 0 0 0 0
276 1 0.1 6.03888 1.24248 0.520272 -0.00210608 -0.000340192 0.000767284 0.0177662 0.0137947 -0.0148256 1 0 0 0 0 0 0 0
277 1 0.1 5.89871 1.38497 0.523977 -0.00125192 0.000635265 0.00247229 0.019948 -0.0150675 0.00241356 1 0 0 0 0 0 0 0
278 1 0.1 5.77875 1.53489 0.579133 -0.0022294 -0.000707972 0.00326485 0.0178051 -0.0186564 -0.000519874 1 0 0 0 0 0 0 0
279 1 0.1 5.63859 1.67707 0.583389 -0.00294607 -0.00158479 0.000383584 -0.00235993 -0.0394 0.0110282 1 0 0 0 0 0 0 0
280 1 0.1 5.34591 1.67774 0.550508 0.00157028 -0.000486762 0.00124762 0.0179915 0.00108052 -0.016646 1 0 0 0 0 0 0 0
281 1 0.1 5.27493 2.12969 0.521638 0.0275726 0.00834217 -0.0436384 0.345831 0.498623 0.553039 1 0 0 0 0 0 0 0
282 1 0.1 5.22815 2.32568 0.527814 -0.0217033 0.014359 -0.0261554 -0.768407 0.160128 0.418323 1 0 0 0 0 0 0 0
283 1 0.1 5.08738 2.19117 0.491663 0.00877368 -0.0311627 -0.023555 0.398258 -0.450437 0.0615741 1 0 0 0 0 0 0 0
284 1 0.1 4.82516 2.41154 0.490106 0.00161181 -0.00255442 0.000628438 -0.0367093 -0.0730097 0.0111234 1 0 0 0 0 0 0 0
285 1 0.1 4.63618 2.58183 0.584166 -0.00374394 -0.00135661 0.000263802 -0.140942 0.0337791 0.0429032 1 0 0 0 0 0 0 0
286 1 0.1 4.45718 2.75984 0.50754 -0.0197443 -0.000942298 0.00311271 0.0492884 -0.310896 0.171209 1 0 0 0 0 0 0 0
287 1 0.1 4.38299 2.94169 0.543859 -0.00441939 0.00705377 -0.00154471 -0.183966 -0.280074 -0.0221714 1 0 0 0 0 0 0 0
288 1 0.1 4.40996 3.13493 0.551046 -0.00679224 0.000319063 -0.00682831 0.0780473 -0.0447717 0.0634897 1 0 0 0 0 0 0 0
289 1 0.1 4.53821 3.30883 0.547301 -0.00332405 0.00993615 -0.00802432 0.0398634 0.0286846 -0.108744 1 0 0 0 0 0 0 0
290 1 0.1 4.71007 3.46024 0.508332 -0.000982846 0.0125827 -0.0192518 0.0332738 0.133317 0.0800731 1 0 0 0 0 0 0 0
291 1 0.1 4.8619 3.58682 0.516797 0.0255601 -0.0252101 -0.0183092 -0.185772 -0.258861 -0.69971 1 0 0 0 0 0 0 0
292 1 0.1 4.9983 3.71963 0.464878 0.00259062 -0.00534684 0.00329429 0.437233 0.205698 0.216776 1 0 0 0 0 0 0 0
293 1 0.1 5.14327 3.8131 0.561275 0.00797851 -0.0145641 -0.000139329 -0.071643 0.0720952 -0.0461902 1 0 0 0 0 0 0 0
294 1 0.1 5.22739 4.21201 0.549402 -4.75905e-06 0.000202272 0.00043515 -0.00458428 -0.00211457 0.00140279 1 0 0 0 0 0 0 0
295 1 0.1 5.54154 4.25573 0.573871 -0.000127912 -0.00183423 0.000164672 0.0158751 -0.014152 0.0014072 1 0 0 0 0 0 0 0
296 1 0.1 5.65617 4.38341 0.471171 -0.00462126 -0.00217988 -0.00491587 0.124693 0.029246 -0.154267 1 0 0 0 0 0 0 0
297 1 0.1 5.79928 4.48877 0.576701 0.0101666 0.0113232 0.0131499 0.109886 -0.0707378 -0.0385556 1 0 0 0 0 0 0 0
298 1 0.1 5.94613 4.65447 0.585716 0.000212799 -0.00244357 3.33242e-05 -0.0567451 -0.0371635 0.0350547 1 0 0 0 0 0 0 0
299 1 0.1 6.20419 5.17575 0.547961 0.000942573 -0.00194618 -0.000340483 0.0282447 0.0395568 0.0166149 1 0 0 0 0 0 0 0
300 1 0.1 6.40925 0.613862 0.549978 -0.00261311 0.00296838 -0.000166607 -0.00114895 -0.000868608 0.00165311 1 0 0 0 0 0 0 0
301 1 0.1 6.176 1.09721 0.525084 -0.00160975 0.000631869 0.00225079 -0.0116916 -0.0400928 0.0256895 1 0 0 0 0 0 0 0
302 1 0.1 5.96253 1.58406 0.515525 -0.00193287 0.00108267 0.000603469 0.0107638 0.0119873 0.00636932 1 0 0 0 0 0 0 0
303 1 0.1 5.8382 1.73 0.571268 -0.00134787 0.00193923 -0.000643681 -0.0305726 -0.00625508 -0.00818916 1 0 0 0 0 0 0 0
304 1 0.1 5.67695 1.87527 0.585315 0.00126038 -0.00319166 0.00230192 -0.00413903 -0.0179922 0.0237109 1 0 0 0 0 0 0 0
305 1 0.1 5.48914 1.80862 0.599002 -9.25256e-05 0.000939524 0.0014151 0.0144705 0.0094509 -0.0585865 1 0 0 0 0 0 0 0
306 1 0.1 5.35353 1.95051 0.562729 -0.00101005 0.000926789 -0.000843123 -0.0430297 0.00105862 0.0366804 1 0 0 0 0 0 0 0
307 1 0.1 5.189 2.50766 0.43797 -0.0430854 0.123185 -0.0806673 0.108576 0.715564 1.39025 1 0 0 0 0 0 0 0
308 1 0.1 5.21029 2.59647 0.627288 0.0148521 0.0299121 -0.0155925 0.234972 0.0880505 0.25881 1 0 0 0 0 0 0 0
309 1 0.1 5.00598 2.4922 0.516882 0.00201525 7.61601e-05 -0.00686416 -0.138145 0.0993246 -0.0337622 1 0 0 0 0 0 0 0
310 1 0.1 4.83593 2.58703 0.585183 -0.00447581 -0.00107829 -0.00337668 -0.107714 -0.00847182 -0.0487773 1 0 0 0 0 0 0 0
311 1 0.1 4.67746 2.76772 0.519019 -0.000105674 -0.00726149 -0.00749254 -0.0975934 -0.0942071 -0.116645 1 0 0 0 0 0 0 0
312 1 0.1 4.57482 2.9354 0.502601 -0.00655162 -0.0142475 -0.00643205 0.245429 -0.120844 0.231324 1 0 0 0 0 0 0 0
313 1 0.1 4.60844 3.123 0.57155 -0.00771804 0.003768 0.0075889 0.0402881 -0.104848 -0.0131307 1 0 0 0 0 0 0 0
314 1 0.1 4.71958 3.28264 0.626718 -0.00799258 -0.0102858 6.10468e-05 0.0583657 -0.125677 -0.0894518 1 0 0 0 0 0 0 0
315 1 0.1 4.89689 3.40668 0.589754 -0.0200609 -0.0116543 0.00706778 -0.153851 0.185856 0.2295 1 0 0 0 0 0 0 0
316 1 0.1 5.03666 3.50193 0.483163 0.016286 -0.0445646 0.013274 -0.098575 0.0959151 0.550904 1 0 0 0 0 0 0 0
317 1 0.1 5.19005 3.6244 0.518539 -0.00327608 -0.0149411 0.000238878 0.0457192 -0.0297057 -0.0382108 1 0 0 0 0 0 0 0
318 1 0.1 5.3207 3.89163 0.599476 0.000900962 -0.00354924 0.00149848 0.0723518 0.0401154 0.0772944 1 0 0 0 0 0 0 0
319 1 0.1 5.5018 4.06136 0.599325 -0.00607985 -0.00462751 0.0012269 0.0431842 -0.0302176 0.0607071 1 0 0 0 0 0 0 0
320 1 0.1 5.68145 3.94645 0.613091 0.00166477 -0.00102107 -0.00105172 -0.00312939 0.0222939 -0.00741457 1 0 0 0 0 0 0 0
321 1 0.1 5.68403 4.12513 0.523567 0.00192398 -0.000183774 0.0013125 0.0164523 -0.0241823 0.00905834 1 0 0 0 0 0 0 0
322 1 0.1 5.80118 4.28909 0.572029 -0.00112682 0.00979235 -7.48906e-05 0.0239796 0.0697648 -0.078693 1 0 0 0 0 0 0 0
323 1 0.1 5.9763 4.85652 0.563135 -0.00050732 -0.000334641 -0.00172393 0.000109185 0.0491479 0.0425973 1 0 0 0 0 0 0 0
324 1 0.1 6.34244 5.32012 0.550039 -0.000237268 -0.000360018 -0.000287649 -0.000210414 0.000416801 -0.00499188 1 0 0 0 0 0 0 0
325 1 0.1 6.43028 0.806076 0.44501 -0.00262759 0.00250499 -0.000850199 -0.00172596 -0.00687855 -0.0596354 1 0 0 0 0 0 0 0
326 1 0.1 6.30872 0.948035 0.516095 0.000305331 0.00302743 0.0020471 0.0519837 0.00732757 0.0125149 1 0 0 0 0 0 0 0
327 1 0.1 6.04726 1.75906 0.395584 -0.00190337 1.94574e-05 0.000174227 -0.00633006 0.012322 0.0235331 1 0 0 0 0 0 0 0
328 1 0.1 5.86881 1.93043 0.585183 -0.000632423 0.00274932 0.00155643 0.0098376 0.0219482 0.0251725 1 0 0 0 0 0 0 0
329 1 0.1 5.7396 2.08278 0.589971 0.00266746 0.00735672 -0.00409643 0.0105876 -0.145081 -0.0739493 1 0 0 0 0 0 0 0
330 1 0.1 5.51446 2.00575 0.458024 -1.08659e-05 -0.00204761 0.000369323 -0.0375008 -0.0393049 -0.0456088 1 0 0 0 0 0 0 0
331 1 0.1 5.45268 2.11677 0.612188 0.00530232 -0.00516172 0.00460092 0.165085 0.0711356 -0.0685191 1 0 0 0 0 0 0 0
332 1 0.1 5.42084 2.28295 0.496252 -0.01595 -0.011443 0.0121971 -0.175508 0.0245348 0.180064 1 0 0 0 0 0 0 0
333 1 0.1 5.55686 2.88434 0.412053 0.0905551 -0.0014389 0.017736 0.00814199 0.0127251 -0.202456 1 0 0 0 0 0 0 0
334 1 0.1 5.28939 2.79322 0.606073 -0.082686 -0.0681247 -0.0415386 -0.866433 -0.0882103 1.59323 1 0 0 0 0 0 0 0
335 1 0.1 5.02574 2.66884 0.608391 0.0107633 0.00786888 -0.0190291 0.00404702 -0.209024 0.0138297 1 0 0 0 0 0 0 0
336 1 0.1 4.8685 2.78354 0.569997 0.00176429 -0.00345106 -0.0167101 -0.0201201 0.200438 0.119646 1 0 0 0 0 0 0 0
337 1 0.1 4.7701 2.95396 0.53563 -0.00973468 -0.00614438 0.00159268 0.0722095 0.06816 -0.061772 1 0 0 0 0 0 0 0
338 1 0.1 4.79503 3.14896 0.499404 0.002006 -0.00716257 0.000989313 -0.0763685 -0.0115102 -0.000341679 1 0 0 0 0 0 0 0
339 1 0.1 4.95921 3.21669 0.59115 0.000794004 -0.00481277 0.00277354 -0.0663862 -0.0619266 -0.0547421 1 0 0 0 0 0 0 0
340 1 0.1 5.12665 3.34543 0.56742 0.0641123 -0.00855701 0.0189327 0.0249575 -0.114035 0.0809689 1 0 0 0 0 0 0 0
341 1 0.1 5.29932 3.46979 0.58122 -0.00350746 -0.0178669 -0.00571435 0.0783979 -0.0249802 0.0576748 1 0 0 0 0 0 0 0
342 1 0.1 5.481 3.54488 0.520635 0.00477359 -0.00651006 -0.00338915 0.073573 0.0617005 0.0736182 1 0 0 0 0 0 0 0
343 1 0.1 5.36197 3.72436 0.497956 -0.00806142 -0.00728197 0.00567141 -0.0237749 -0.00320201 0.0330806 1 0 0 0 0 0 0 0
344 1 0.1 5.51088 3.87021 0.541955 0.00117961 -0.00123177 -0.00225027 0.00858532 -0.0389835 -0.00052834 1 0 0 0 0 0 0 0
345 1 0.1 5.60303 3.69512 0.569218 -0.000903998 -0.00154948 -0.000655503 0.00700517 0.000753489 0.0361325 1 0 0 0 0 0 0 0
346 1 0.1 5.86604 3.85379 0.599242 0.000774026 -0.00290079 -0.00150202 0.0235936 0.0264369 -0.0135209 1 0 0 0 0 0 0 0
347 1 0.1 5.85948 4.05323 0.586695 0.00312404 -0.00139469 0.000522562 -0.00956182 0.0355701 -0.0132457 1 0 0 0 0 0 0 0
348 1 0.1 6.23096 4.94422 0.507033 -0.000883188 -0.00257237 -0.00332532 -0.0222122 -0.00489251 0.0228525 1 0 0 0 0 0 0 0
349 1 0.1 6.37527 5.08259 0.503148 -0.000415439 -0.00228733 -0.00533419 -0.00536323 0.006948 -0.0251131 1 0 0 0 0 0 0 0
350 1 0.1 6.32875 1.15544 0.410036 0.000313596 -0.00254145 0.00293002 -0.0483746 0.00432887 -0.0234728 1 0 0 0 0 0 0 0
351 1 0.1 6.19033 1.40246 0.564908 0.0015991 -0.00122702 0.000307458 -0.00693534 -0.00894842 0.00159378 1 0 0 0 0 0 0 0
352 1 0.1 6.04607 1.49058 0.671296 0.000965067 6.16102e-05 -0.00131819 0.000282957 -0.0116913 -0.0122088 1 0 0 0 0 0 0 0
353 1 0.1 6.02321 1.80358 0.588934 -0.00134421 0.00181668 -0.00017145 -0.0190625 -0.0046713 -0.0099598 1 0 0 0 0 0 0 0
354 1 0.1 5.64423 2.817 0.245256 0.0689864 -0.0173281 0.0130895 -0.15243 0.196411 0.121403 1 0 0 0 0 0 0 0
355 1 0.1 5.60616 2.22326 0.541468 -0.00277635 0.00846525 0.00200757 0.0895314 0.140307 0.106535 1 0 0 0 0 0 0 0
356 1 0.1 5.54214 2.39937 0.610975 -0.0189887 -0.00344937 0.0192783 0.0843703 -0.0848372 0.096837 1 0 0 0 0 0 0 0
357 1 0.1 5.35432 2.46464 0.591396 -0.0100604 0.00901149 -0.0234534 0.436121 -0.526388 -0.709595 1 0 0 0 0 0 0 0
358 1 0.1 5.36868 2.63979 0.505635 0.0877532 -0.00228282 -0.00903529 0.0724679 0.199369 0.325599 1 0 0 0 0 0 0 0
359 1 0.1 5.44424 3.13347 0.484878 0.0295151 0.0140683 -0.00979671 0.396365 -0.0638785 0.0852698 1 0 0 0 0 0 0 0
360 1 0.1 5.41222 3.01178 0.330318 0.0319202 0.0131314 -0.00555341 -0.332012 0.422745 0.399684 1 0 0 0 0 0 0 0
361 1 0.1 5.12213 2.79437 0.486334 -0.0786942 0.115195 -0.000138627 0.668837 0.626327 1.07157 1 0 0 0 0 0 0 0
362 1 0.1 4.96344 2.96374 0.585434 -0.0119503 0.0139786 0.00645579 0.123442 -0.124976 0.227464 1 0 0 0 0 0 0 0
363 1 0.1 5.15695 3.14848 0.568323 0.0171025 -0.0119019 0.000896958 0.155273 0.0716383 -0.541878 1 0 0 0 0 0 0 0
364 1 0.1 5.37728 3.28663 0.592836 0.00826091 -0.00823518 0.00471196 -0.125027 -0.0874926 0.0903487 1 0 0 0 0 0 0 0
365 1 0.1 5.25854 2.97903 0.539875 -0.135545 -0.0900351 -0.0765972 0.421915 0.489148 -1.16569 1 0 0 0 0 0 0 0
366 1 0.1 5.55738 3.37243 0.586458 0.00608141 -0.00337143 0.0019282 -0.159616 -0.0124754 -0.0216964 1 0 0 0 0 0 0 0
367 1 0.1 5.74107 3.10544 0.674051 0.0503424 -0.000251463 0.0193551 -0.0876764 -0.892652 0.0248459 1 0 0 0 0 0 0 0
368 1 0.1 5.74019 3.33363 0.45237 0.0216588 0.00917658 -0.00466258 0.010004 0.0118411 0.209152 1 0 0 0 0 0 0 0
369 1 0.1 5.73538 3.46112 0.606317 0.00395417 0.00202319 -0.000844271 0.059877 -0.00473054 0.0716526 1 0 0 0 0 0 0 0
370 1 0.1 5.68687 2.9718 0.535853 0.103525 -0.0193649 0.0166413 -0.317935 -0.203196 -0.364207 1 0 0 0 0 0 0 0
371 1 0.1 5.88858 3.74083 0.762571 0.000972158 -0.0028673 -0.00060379 -0.0242443 -0.0147068 -0.00177236 1 0 0 0 0 0 0 0
372 1 0.1 5.96665 4.39191 0.526497 0.00545715 0.00342094 0.00540134 0.0265539 0.0754457 -0.0847182 1 0 0 0 0 0 0 0
373 1 0.1 6.12365 4.56294 0.57725 0.00301511 0.00252884 0.00206169 0.0280552 0.0168449 0.0243104 1 0 0 0 0 0 0 0
374 1 0.1 6.26552 4.78048 0.616316 0.00192018 -0.000148598 8.21232e-06 -0.014888 0.00205707 0.00951404 1 0 0 0 0 0 0 0
375 1 0.1 6.05304 0.970344 0.750289 -2.17992e-05 -4.4747e-05 -0.000176648 0.00311799 0.00815371 0.0166564 1 0 0 0 0 0 0 0
376 1 0.1 5.89575 1.13061 0.760507 0.000500919 -7.49961e-06 0.00199545 0.00971902 -0.0269526 0.00775194 1 0 0 0 0 0 0 0
377 1 0.1 5.7619 1.27041 0.705585 -0.000381881 0.000781404 0.000205859 -0.0026655 0.00832847 -0.0135805 1 0 0 0 0 0 0 0
378 1 0.1 5.61998 1.40637 0.741268 -0.000723669 0.000386443 -0.00140648 -0.026487 -0.00564969 0.0108511 1 0 0 0 0 0 0 0
379 1 0.1 5.47623 1.54868 0.753817 -0.00294727 0.00205526 -0.00184243 -0.00375447 0.0237795 0.0339583 1 0 0 0 0 0 0 0
380 1 0.1 5.21589 1.80526 0.751064 -0.00149125 0.00259571 0.00188066 0.0114869 -0.0186155 0.0461848 1 0 0 0 0 0 0 0
381 1 0.1 5.07395 1.94606 0.749159 -0.00388338 0.000529228 0.00539209 0.0246264 -0.0178725 0.0561245 1 0 0 0 0 0 0 0
382 1 0.1 4.87392 2.1403 0.750302 0.00091964 0.00186943 0.00154099 0.222185 -0.358253 0.176049 1 0 0 0 0 0 0 0
383 1 0.1 4.73409 2.28272 0.757081 -0.000987212 -0.00154046 0.00208609 0.0250934 0.0188085 -0.0659071 1 0 0 0 0 0 0 0
384 1 0.1 4.59441 2.42512 0.762788 0.00179734 -0.00320185 0.000147306 -0.0562797 -0.0508412 0.0681346 1 0 0 0 0 0 0 0
385 1 0.1 4.46762 2.55887 0.688499 0.00141871 -0.00191863 0.00968843 0.167525 0.0851399 -0.0336328 1 0 0 0 0 0 0 0
386 1 0.1 4.20504 2.81875 0.749077 -0.000633209 0.000279894 0.000598303 -0.00166129 3.19803e-05 0.0105477 1 0 0 0 0 0 0 0
387 1 0.1 4.29138 2.99814 0.735015 0.00331687 -0.00354921 -0.0178966 -0.0460747 0.341723 -0.0819719 1 0 0 0 0 0 0 0
388 1 0.1 4.19218 3.17024 0.750972 0.000698282 -0.000820274 -0.000711789 0.0313502 0.0139111 0.104893 1 0 0 0 0 0 0 0
389 1 0.1 4.33375 3.31142 0.750152 -0.000501944 -0.000130168 -0.000697339 0.00511866 0.00223611 0.0315279 1 0 0 0 0 0 0 0
390 1 0.1 4.51918 3.50301 0.753069 0.00205249 0.00395515 -0.00477539 0.0317196 0.0228284 0.0466908 1 0 0 0 0 0 0 0
391 1 0.1 4.67396 3.62688 0.76282 -0.00247367 0.00319557 0.00176432 0.0787589 -0.0496709 -0.0131555 1 0 0 0 0 0 0 0
392 1 0.1 4.8008 3.77829 0.735026 -0.000482176 0.000932234 0.00520122 -0.0767179 -0.013981 -0.00896048 1 0 0 0 0 0 0 0
393 1 0.1 5.08268 4.05904 0.758915 0.000566379 -0.000211537 0.000412583 -0.00504191 -0.00641744 0.00457185 1 0 0 0 0 0 0 0
394 1 0.1 5.22259 4.20147 0.757333 8.31377e-05 -0.000129419 0.00200298 -0.000250149 -0.0223592 -0.000210093 1 0 0 0 0 0 0 0
395 1 0.1 5.5038 4.48495 0.750142 -0.000730287 -0.00103935 0.0009183 -0.0379657 0.0146582 -0.0187254 1 0 0 0 0 0 0 0
396 1 0.1 5.64709 4.62483 0.763013 1.55282e-05 0.00470211 0.00371528 0.0229856 0.0367825 -0.0570461 1 0 0 0 0 0 0 0
397 1 0.1 5.78766 4.76642 0.757796 0.000365867 -0.000256082 0.00357275 -0.0466614 0.0215856 -0.027289 1 0 0 0 0 0 0 0
398 1 0.1 5.92774 4.90865 0.749912 -0.000638038 -0.00219256 -0.00140525 -0.00665057 -0.0123397 0.0400629 1 0 0 0 0 0 0 0
399 1 0.1 6.06911 5.05003 0.749973 -0.00139306 -0.0020405 -0.000905932 0.0216464 -0.00626537 -0.0282355 1 0 0 0 0 0 0 0
400 1 0.1 6.33561 0.687855 0.74999 -0.00036317 0.000405055 3.76107e-06 0.000956425 -0.000580536 0.00665886 1 0 0 0 0 0 0 0
401 1 0.1 6.08292 1.16108 0.697393 -0.000123593 0.000844785 0.000926819 -0.0178017 0.0407344 -0.00295812 1 0 0 0 0 0 0 0
402 1 0.1 5.95621 1.31527 0.704342 -6.26832e-05 0.000284035 -0.000355578 -0.0226339 -0.00835218 0.00673596 1 0 0 0 0 0 0 0
403 1 0.1 5.81421 1.45479 0.762504 -0.0005935 0.00119689 3.28051e-05 -0.0019576 -0.0174024 0.0153321 1 0 0 0 0 0 0 0
404 1 0.1 5.67416 1.59743 0.762847 -0.00261651 -0.000345007 0.000400153 -0.00153047 0.0293416 0.0107339 1 0 0 0 0 0 0 0
405 1 0.1 5.40212 1.73411 0.762565 -0.00165716 0.00235772 0.000285634 0.0217266 0.0153307 -0.0444728 1 0 0 0 0 0 0 0
406 1 0.1 5.2645 2.00294 0.736971 0.000514087 -0.0136634 -0.000552411 -0.392898 0.102976 -0.073022 1 0 0 0 0 0 0 0
407 1 0.1 5.11419 2.12685 0.678559 0.00170127 -0.0262619 -0.0272479 -0.438313 0.454731 -0.217017 1 0 0 0 0 0 0 0
408 1 0.1 5.06173 2.31692 0.645032 -0.0353073 -0.0375369 -0.0408463 0.0888293 0.472966 -0.606021 1 0 0 0 0 0 0 0
409 1 0.1 4.88102 2.39438 0.681161 -0.00592077 0.00451661 0.00325008 -0.00972701 -0.0138141 0.120213 1 0 0 0 0 0 0 0
410 1 0.1 4.72635 2.57521 0.762603 -0.00304675 0.00107333 -9.53788e-05 0.00914099 0.0064034 -0.0123033 1 0 0 0 0 0 0 0
411 1 0.1 4.55599 2.71855 0.764432 -0.00878004 0.00245355 0.00489996 -0.171811 -0.201854 -0.0488616 1 0 0 0 0 0 0 0
412 1 0.1 4.43231 2.85878 0.712645 0.00369029 -0.0102916 -0.0273435 -0.0537193 -0.15549 0.0543654 1 0 0 0 0 0 0 0
413 1 0.1 4.43926 3.13141 0.751676 -0.00193568 0.00238421 -0.0236267 0.17056 -0.152935 0.178642 1 0 0 0 0 0 0 0
414 1 0.1 4.53882 3.30435 0.762488 -0.00768823 0.00373065 -0.000518981 -0.0707068 -0.137327 -0.132222 1 0 0 0 0 0 0 0
415 1 0.1 4.70309 3.4274 0.762888 -0.00104286 -0.00688581 6.11866e-05 0.00355762 0.00223143 -0.067281 1 0 0 0 0 0 0 0
416 1 0.1 4.85927 3.5523 0.76251 -0.00493896 -0.00035181 -0.000274578 -0.00519874 0.0444184 -0.0316541 1 0 0 0 0 0 0 0
417 1 0.1 4.94031 3.91917 0.757992 0.000409046 0.000405909 0.000538911 -4.86375e-05 0.00316729 -0.0123147 1 0 0 0 0 0 0 0
418 1 0.1 5.12619 3.8457 0.762502 -0.00132382 -0.00350802 -5.33373e-05 -0.000963244 0.00476029 -0.0305949 1 0 0 0 0 0 0 0
419 1 0.1 5.3639 4.34253 0.75881 2.94354e-06 -0.00107867 0.00350326 -0.027229 -0.0252512 -0.00785184 1 0 0 0 0 0 0 0
420 1 0.1 5.59787 4.30827 0.758744 -0.000527247 0.00034458 0.00289319 0.0242998 0.0288754 0.00382092 1 0 0 0 0 0 0 0
421 1 0.1 5.73954 4.44814 0.762859 0.000778291 0.000460403 0.00321818 0.0226726 0.00822708 -0.0131199 1 0 0 0 0 0 0 0
422 1 0.1 5.88013 4.58928 0.7627 0.000946729 -0.00012146 0.00125997 0.0115793 0.0322442 0.00846841 1 0 0 0 0 0 0 0
423 1 0.1 6.01991 4.73168 0.762519 0.00151452 -0.00127175 0.000168322 -0.00417583 -0.00810914 -0.0159262 1 0 0 0 0 0 0 0
424 1 0.1 6.21121 5.19251 0.749969 4.06778e-05 0.000242093 -0.000385105 0.002909 0.00302324 0.000894993 1 0 0 0 0 0 0 0
425 1 0.1 6.47702 0.546489 0.750001 -0.000365203 0.000415001 -3.32838e-05 0.000115075 0.000334807 -0.019938 1 0 0 0 0 0 0 0
426 1 0.1 6.23585 1.0502 0.762519 -7.40581e-05 0.000346801 -8.21769e-05 -0.000469405 -0.0112718 -0.0120711 1 0 0 0 0 0 0 0
427 1 0.1 6.14531 1.34291 0.762561 -0.000191814 0.000527274 3.81476e-06 0.00734556 0.00118697 -0.00500675 1 0 0 0 0 0 0 0
428 1 0.1 5.95553 1.64437 0.760506 0.00169988 0.00105543 -0.00330744 -0.00615238 -0.0208064 -0.0111505 1 0 0 0 0 0 0 0
429 1 0.1 5.79236 1.75905 0.762854 0.0013822 -0.000558426 -8.52467e-05 0.0483674 0.0361951 0.0264152 1 0 0 0 0 0 0 0
430 1 0.1 5.6029 1.82182 0.76284 0.00199392 -0.00291406 0.0010227 -0.01756 0.0138544 0.00969942 1 0 0 0 0 0 0 0
431 1 0.1 5.45862 1.95658 0.732741 -0.00166782 -0.0118361 -0.000870954 -0.0288356 -0.000443685 0.0817044 1 0 0 0 0 0 0 0
432 1 0.1 5.29727 2.19743 0.707919 -0.0145539 -0.0159512 -0.030326 0.0161328 -0.641821 0.17013 1 0 0 0 0 0 0 0
433 1 0.1 5.28001 2.38823 0.758525 -0.029986 -0.0211553 -0.0499303 -0.124178 0.225772 -0.0802476 1 0 0 0 0 0 0 0
434 1 0.1 5.10273 2.47892 0.761135 -0.0174156 -0.00887361 -0.0205633 -0.0571404 0.199101 -0.0739595 1 0 0 0 0 0 0 0
435 1 0.1 4.92617 2.57083 0.762655 -0.00534891 0.00521572 -0.000851463 -0.0127559 0.0624525 -0.0993892 1 0 0 0 0 0 0 0
436 1 0.1 4.74569 2.77324 0.74612 -0.00893136 0.00144075 0.00709091 0.106995 0.178084 0.0514831 1 0 0 0 0 0 0 0
437 1 0.1 4.59711 2.97057 0.700525 0.00105668 -0.00795517 -0.00612213 0.194508 -0.00645407 -0.0286656 1 0 0 0 0 0 0 0
438 1 0.1 4.66584 3.14731 0.76276 -0.00760737 -0.00843269 0.000519255 -0.0875132 0.0769602 0.14015 1 0 0 0 0 0 0 0
439 1 0.1 4.86541 3.31266 0.760276 -0.00272523 -0.0114463 0.00184102 0.0451768 -0.0833339 -0.102208 1 0 0 0 0 0 0 0
440 1 0.1 5.03949 3.50345 0.691125 -0.0115283 -0.00530016 -0.0125624 0.0636832 0.0789598 -0.0509704 1 0 0 0 0 0 0 0
441 1 0.1 4.98657 3.7046 0.738261 -0.00166256 -0.00294163 -0.0015931 0.0971366 0.0804758 -0.0270857 1 0 0 0 0 0 0 0
442 1 0.1 5.17266 3.63519 0.761102 -0.0421903 -0.0613526 0.15083 0.492611 -1.93798 -0.528168 1 0 0 0 0 0 0 0
443 1 0.1 5.35254 3.99922 0.762741 0.00273073 -0.00254799 -0.00141468 -0.00291053 -0.0678038 0.0652317 1 0 0 0 0 0 0 0
444 1 0.1 5.45808 4.16698 0.762942 -0.00254088 -0.00140705 0.00145173 0.0365373 0.0340141 -0.0105707 1 0 0 0 0 0 0 0
445 1 0.1 5.6425 4.08995 0.762449 0.00132777 0.0071206 -2.61335e-05 -0.0376379 -0.0474703 0.170004 1 0 0 0 0 0 0 0
446 1 0.1 5.78264 4.2326 0.762651 0.00288045 0.00567646 -0.000248058 0.0168217 -0.00711402 -0.0050068 1 0 0 0 0 0 0 0
447 1 0.1 5.92484 4.37313 0.761992 0.00214866 0.00556949 0.00347487 0.0523164 0.0193903 0.0298282 1 0 0 0 0 0 0 0
448 1 0.1 6.16125 4.87284 0.761674 0.000502943 -0.00072064 0.00488559 0.0213492 -0.0414885 0.0286882 1 0 0 0 0 0 0 0
449 1 0.1 6.37421 5.35444 0.749957 -0.00304336 -0.0021722 -0.00240978 0.0294489 0.00141224 -0.0376817 1 0 0 0 0 0 0 0
450 1 0.1 6.42321 0.835271 0.646814 -0.00213523 0.00214462 -0.000391959 -0.0162202 -0.0171147 -0.065472 1 0 0 0 0 0 0 0
451 1 0.1 6.19539 0.830206 0.755857 0.000205273 0.000528853 -0.000478737 -0.00223552 -0.00506888 -0.0119375 1 0 0 0 0 0 0 0
452 1 0.1 6.31708 1.4342 0.716273 0.000515585 -0.000361852 0.00101896 -0.0154305 -0.00842204 -0.0148702 1 0 0 0 0 0 0 0
453 1 0.1 6.11814 1.77545 0.762554 -0.00119022 0.00129799 -0.000169562 0.0121903 0.0120757 -0.0110266 1 0 0 0 0 0 0 0
454 1 0.1 5.94814 1.88453 0.76263 0.000889921 0.00152126 0.000111119 0.0155036 -0.00636534 -0.00535684 1 0 0 0 0 0 0 0
455 1 0.1 5.73331 1.97327 0.762284 -0.00548539 0.00230354 -0.000905309 0.0024769 0.0012471 0.0816189 1 0 0 0 0 0 0 0
456 1 0.1 5.58368 2.11418 0.7627 0.00689063 -0.0116807 0.001061 -0.130467 -0.0247197 0.00206567 1 0 0 0 0 0 0 0
457 1 0.1 5.45783 2.30183 0.763806 -0.0346467 -0.0116578 0.00499969 -0.381322 -0.06688 0.155688 1 0 0 0 0 0 0 0
458 1 0.1 5.44419 2.50097 0.763722 -0.0445402 -0.0161503 -0.000312154 -0.207317 0.475879 0.0925426 1 0 0 0 0 0 0 0
459 1 0.1 5.33309 2.67699 0.762649 0.0040307 0.0203691 -0.000148615 0.204593 -0.0419957 0.0697918 1 0 0 0 0 0 0 0
460 1 0.1 5.13824 2.72403 0.76292 -0.00528501 0.00427085 -0.00178332 0.0662646 0.0356065 0.0307879 1 0 0 0 0 0 0 0
461 1 0.1 4.94387 2.76951 0.761914 -0.00695976 0.00592997 -0.00635954 -0.00464226 -0.0419528 0.0041167 1 0 0 0 0 0 0 0
462 1 0.1 4.81279 2.95987 0.730042 -0.00417531 -0.0020412 -0.000880813 -0.124581 -0.0228726 -0.116379 1 0 0 0 0 0 0 0
463 1 0.1 4.92137 3.12263 0.763524 -0.00294495 -0.00658367 0.00178946 0.108879 -0.0883524 0.068429 1 0 0 0 0 0 0 0
464 1 0.1 5.06445 3.31042 0.754777 -0.00240445 -0.00704115 0.0025307 0.0561883 0.074002 0.130042 1 0 0 0 0 0 0 0
465 1 0.1 5.2289 3.42326 0.762518 -0.00700949 0.0053517 3.1887e-05 0.0438724 0.0243896 0.00123617 1 0 0 0 0 0 0 0
466 1 0.1 5.42403 3.37973 0.762771 -0.00387166 0.00327667 0.000128116 0.00171259 -0.00759632 -0.0654257 1 0 0 0 0 0 0 0
467 1 0.1 5.36315 3.5711 0.762524 -0.00315279 0.00244729 0.000456478 0.0156014 0.0246439 -0.0535906 1 0 0 0 0 0 0 0
468 1 0.1 5.42008 3.75293 0.702574 0.00437767 -0.00102776 -0.00279803 -0.0509232 0.00276985 -0.0352003 1 0 0 0 0 0 0 0
469 1 0.1 5.53573 3.92166 0.747655 0.00478336 0.00270379 0.00218447 0.00673883 0.0325476 -0.0315341 1 0 0 0 0 0 0 0
470 1 0.1 5.83036 3.96324 0.762668 0.00519873 -0.00679317 -0.00031965 0.00308135 -0.0135381 -0.0264303 1 0 0 0 0 0 0 0
471 1 0.1 5.94982 4.12324 0.762522 -4.45418e-05 -0.00144409 0.000331371 -0.00159636 -0.0176698 0.0186302 1 0 0 0 0 0 0 0
472 1 0.1 6.047 4.25667 0.649814 0.00242135 -0.00299555 0.001003 -0.00699875 -0.00152299 -0.035505 1 0 0 0 0 0 0 0
473 1 0.1 6.30094 5.01415 0.740522 -0.00133419 3.95876e-05 0.000507863 -0.0515513 0.0735119 -0.00988935 1 0 0 0 0 0 0 0
474 1 0.1 6.40919 5.17069 0.679452 -0.00294506 -0.00147562 -0.00471242 0.000679418 -0.0495921 0.0194065 1 0 0 0 0 0 0 0
475 1 0.1 6.42887 0.998194 0.762525 0.000233327 0.00162345 7.0251e-05 0.0224289 0.00310085 0.0255981 1 0 0 0 0 0 0 0
476 1 0.1 6.31331 1.23454 0.761831 -0.00016797 0.000429898 0.00012004 -0.00353074 -0.00532127 0.00427307 1 0 0 0 0 0 0 0
477 1 0.1 5.74093 2.38155 0.595178 -0.0148487 -0.00327744 0.000388928 -0.0970843 0.0214393 -0.0275357 1 0 0 0 0 0 0 0
478 1 0.1 6.19591 1.5864 0.762531 0.000218718 -0.000145872 -7.97818e-05 0.00809851 0.000867559 0.0146788 1 0 0 0 0 0 0 0
479 1 0.1 5.58167 3.0165 0.762771 -0.000156029 0.0097831 0.00108597 -0.019919 0.0172832 -0.0881128 1 0 0 0 0 0 0 0
480 1 0.1 5.80498 2.1599 0.762506 -0.004842 0.00115101 0.000355718 -0.00283642 -0.0248398 -0.0912135 1 0 0 0 0 0 0 0
481 1 0.1 5.6608 2.29825 0.758265 -0.00979607 -0.00520179 -0.00120108 0.0622204 -0.0449377 0.171058 1 0 0 0 0 0 0 0
482 1 0.1 5.64667 2.4973 0.762535 -0.00139781 -0.00434552 5.27278e-05 -0.0364607 0.0105002 -0.255063 1 0 0 0 0 0 0 0
483 1 0.1 5.49419 2.76274 0.597211 0.0573821 0.0170531 -0.00299398 0.117374 -0.163697 0.149783 1 0 0 0 0 0 0 0
484 1 0.1 5.4779 2.96061 0.578921 0.0208841 0.00963059 -0.0189491 -0.187125 -0.796631 0.31405 1 0 0 0 0 0 0 0
485 1 0.1 5.45205 2.86521 0.762594 0.0153085 0.00092721 -0.00229261 -0.0286445 -0.18775 0.280783 1 0 0 0 0 0 0 0
486 1 0.1 5.25766 2.91529 0.762501 -0.00246005 -0.0321714 0.0020197 -0.0307472 0.00340216 -0.236057 1 0 0 0 0 0 0 0
487 1 0.1 5.05853 2.93224 0.758522 0.000388027 8.6645e-05 -0.0019542 -0.00452376 -0.0465514 -0.0910853 1 0 0 0 0 0 0 0
488 1 0.1 5.12398 3.12031 0.763016 0.00853446 -0.00403257 0.000208239 -0.037276 -0.0872547 -0.00171259 1 0 0 0 0 0 0 0
489 1 0.1 5.28912 3.23199 0.762692 0.00296091 -0.00221593 0.000637454 -0.0298291 -0.0684521 0.0999008 1 0 0 0 0 0 0 0
490 1 0.1 5.38758 3.0626 0.724827 -0.0342895 -0.0140211 -0.0381566 0.618896 -0.0920281 -0.529893 1 0 0 0 0 0 0 0
491 1 0.1 5.5244 3.20748 0.754131 -0.00189849 0.00710666 -0.00032992 -0.00227044 0.0199294 0.107345 1 0 0 0 0 0 0 0
492 1 0.1 5.70983 3.28175 0.762581 -0.000156645 0.00129986 -0.000266941 0.0192885 -0.00309999 0.0984261 1 0 0 0 0 0 0 0
493 1 0.1 5.58112 3.65165 0.762789 0.000965062 -0.00131549 -1.17725e-05 -0.011108 0.00189593 0.00215098 1 0 0 0 0 0 0 0
494 1 0.1 5.70137 3.81083 0.758569 0.000985253 -0.00222911 -0.00193614 0.0104554 -0.000240957 -0.0317031 1 0 0 0 0 0 0 0
495 1 0.1 5.60912 3.45428 0.7625 -0.00399971 -0.00113567 0.00120729 -0.000709373 0.00268345 -0.0509575 1 0 0 0 0 0 0 0
496 1 0.1 5.76812 3.58127 0.762601 8.2876e-05 -0.00166036 0.000834828 -0.00857587 0.000757208 -0.0091501 1 0 0 0 0 0 0 0
497 1 0.1 6.06576 4.51558 0.76263 0.00168193 0.00119021 0.00038559 -0.00179049 -0.0237884 -0.0451392 1 0 0 0 0 0 0 0
498 1 0.1 6.20586 4.65806 0.762499 0.00255847 0.000195889 0.000365442 -0.00404866 0.00284949 0.0207144 1 0 0 0 0 0 0 0
499 1 0.1 6.38976 4.83639 0.762545 0.000610179 0.00174567 0.000142704 0.0196202 -0.00490499 0.0322369 1 0 0 0 0 0 0 0
