500
0 1 0.1 6.12676 0.896277 0.150049 -0.000104919 0.000413184 -0.000115225 -2.46897e-05 0.00209827 0.0049379 1 0 0 0 0 0 0 0
1 1 0.1 5.9346 1.08051 0.150008 -0.00203418 0.00345984 0.000193101 0.000153377 -0.00192688 0.0418884 1 0 0 0 0 0 0 0
2 1 0.1 5.79417 1.22287 0.150636 0.00155999 0.00705507 0.00158868 -0.00443347 -0.0125641 0.0282465 1 0 0 0 0 0 0 0
3 1 0.1 5.65202 1.3627 0.149041 -0.00173734 0.00338421 -0.00155021 -0.015406 -0.037893 -0.00200859 1 0 0 0 0 0 0 0
4 1 0.1 5.51072 1.50386 0.149656 -0.00184681 0.00413072 0.000231608 0.0300648 0.00490895 0.0655919 1 0 0 0 0 0 0 0
5 1 0.1 5.3325 1.69177 0.152259 -0.0195377 0.012443 -0.0168639 0.160357 0.144766 -0.267813 1 0 0 0 0 0 0 0
6 1 0.1 5.19265 1.83405 0.139978 -0.0183119 0.0153053 0.000474283 -0.0224805 -0.0382702 0.234113 1 0 0 0 0 0 0 0
7 1 0.1 5.05244 1.97632 0.146463 -0.0226699 0.0127953 -0.0336507 -0.17523 -0.239781 -0.188276 1 0 0 0 0 0 0 0
8 1 0.1 4.91056 2.11596 0.162727 -0.00368777 0.021207 0.0682016 1.38202 0.473119 -0.0626695 1 0 0 0 0 0 0 0
9 1 0.1 4.72312 2.30121 0.135703 0.00137699 0.00249292 -0.0030902 0.138594 0.00248397 -0.0129165 1 0 0 0 0 0 0 0
10 1 0.1 4.4444 2.57503 0.141243 0.00188537 -0.00179922 0.00604035 -0.0131714 -0.0751854 -0.0548943 1 0 0 0 0 0 0 0
11 1 0.1 4.29237 2.73071 0.147733 -0.00636616 -0.00504585 0.03349 -0.0554983 -0.488033 -0.0875118 1 0 0 0 0 0 0 0
12 1 0.1 4.18724 2.90074 0.150031 -0.000205482 -0.000437106 -0.000946883 -0.061995 0.0209999 0.00967285 1 0 0 0 0 0 0 0
13 1 0.1 4.18969 3.10028 0.162505 -0.0041391 0.000526633 -0.00900238 -0.00183117 0.0923262 0.0118244 1 0 0 0 0 0 0 0
14 1 0.1 4.30042 3.27741 0.165784 -5.72867e-05 -0.00426713 0.00511145 -0.016003 -0.0282568 -0.0185445 1 0 0 0 0 0 0 0
15 1 0.1 4.47932 3.45636 0.140143 0.0246823 0.0230036 -0.00813782 0.0479119 0.0844258 0.339093 1 0 0 0 0 0 0 0
16 1 0.1 4.62047 3.59753 0.14998 0.0250355 0.0212286 -0.000642785 0.0037042 -0.00271511 0.00591515 1 0 0 0 0 0 0 0
17 1 0.1 4.79463 3.77246 0.143747 -0.00565282 -0.00580634 -0.00244732 -0.0461747 0.0555189 -0.135582 1 0 0 0 0 0 0 0
18 1 0.1 5.04958 4.02266 0.13736 -0.00818119 -0.00805985 0.000274302 0.0841891 -0.095615 -0.103253 1 0 0 0 0 0 0 0
19 1 0.1 5.1926 4.1691 0.149671 -0.000255749 -0.000106325 0.00025173 0.0162301 -0.01981 -0.0114486 1 0 0 0 0 0 0 0
20 1 0.1 5.33396 4.31034 0.149858 -0.000380664 -0.00130652 0.000649602 0.00529616 -0.00639928 0.00169351 1 0 0 0 0 0 0 0
21 1 0.1 5.47536 4.4517 0.150008 -0.00116014 -0.00108349 0.000163533 -0.00724144 0.00719301 0.00971741 1 0 0 0 0 0 0 0
22 1 0.1 5.63541 4.61294 0.151092 -0.00340613 -0.00612454 0.00158369 -0.0109048 -0.0142408 -0.0674178 1 0 0 0 0 0 0 0
23 1 0.1 5.80141 4.78403 0.15 -0.00609613 -0.00409368 0.000626718 -0.00022341 -0.0140355 -0.0782389 1 0 0 0 0 0 0 0
24 1 0.1 5.94769 4.92765 0.153644 -0.00595634 -0.00270529 -0.00548225 0.0369289 0.0433893 -0.0641334 1 0 0 0 0 0 0 0
25 1 0.1 6.37904 0.641994 0.150004 -2.76515e-05 1.67054e-06 -0.000252592 -0.00284644 0.00103925 0.00062156 1 0 0 0 0 0 0 0
26 1 0.1 6.12708 1.15791 0.13748 0.0047749 0.00376599 0.000671313 -0.0185917 -0.0193355 -0.0246352 1 0 0 0 0 0 0 0
27 1 0.1 5.98061 1.29293 0.137935 0.00272646 0.0024547 5.02846e-05 0.0011966 0.0275014 0.0536319 1 0 0 0 0 0 0 0
28 1 0.1 5.83737 1.43625 0.138176 -0.00757872 0.0197709 0.0131167 0.358957 0.0114455 0.153734 1 0 0 0 0 0 0 0
29 1 0.1 5.69299 1.58454 0.137466 -0.0063675 0.0202968 -3.50531e-05 -0.234633 -0.0425812 0.0229549 1 0 0 0 0 0 0 0
30 1 0.1 5.52195 1.71068 0.213167 -0.0689891 0.066115 0.121276 0.119889 -1.57316 0.922664 1 0 0 0 0 0 0 0
31 1 0.1 5.39075 1.88445 0.137118 -0.0415541 0.00889815 0.000917571 -0.00559708 -0.55873 0.133249 1 0 0 0 0 0 0 0
32 1 0.1 5.2444 2.03143 0.137501 -0.0170558 -0.00132372 0.00186902 -0.163943 -0.228277 0.0634544 1 0 0 0 0 0 0 0
33 1 0.1 5.10155 2.17102 0.147155 -0.00513834 0.00808315 0.0132583 0.0397475 0.51275 -0.199784 1 0 0 0 0 0 0 0
34 1 0.1 4.91659 2.31374 0.143667 -0.00528234 0.0180578 0.0418722 -1.82135 -0.470792 0.219273 1 0 0 0 0 0 0 0
35 1 0.1 4.5832 2.43637 0.152736 0.00164643 -0.00310262 0.00921652 0.137352 -0.082442 0.0780885 1 0 0 0 0 0 0 0
36 1 0.1 4.53817 2.74841 0.137825 0.0135967 -0.00228828 0.00937806 0.0107984 0.012631 -0.0476532 1 0 0 0 0 0 0 0
37 1 0.1 4.42608 2.90996 0.157861 -0.0053043 -0.014221 -0.00283231 -0.11003 -0.0693729 0.271869 1 0 0 0 0 0 0 0
38 1 0.1 4.38706 3.10244 0.137269 -0.0122694 -0.0133873 -0.000343541 0.200303 -0.176569 -0.163203 1 0 0 0 0 0 0 0
39 1 0.1 4.52527 3.24432 0.137014 -0.0214641 -0.0136963 -0.00409849 -0.222199 0.16134 0.483863 1 0 0 0 0 0 0 0
40 1 0.1 4.66243 3.38732 0.135538 -0.00376833 -0.0433835 0.000843863 -0.316252 -0.689886 -0.198045 1 0 0 0 0 0 0 0
41 1 0.1 4.84463 3.57899 0.137348 -0.0044489 -0.00319502 -0.00210081 0.0622059 -0.046919 0.140583 1 0 0 0 0 0 0 0
42 1 0.1 4.98447 3.8342 0.150906 -0.00679281 -0.00712002 -0.00586946 -0.0470673 -0.0579396 0.12255 1 0 0 0 0 0 0 0
43 1 0.1 5.22926 3.9822 0.2135 -0.00761277 -0.0139869 0.00108876 -0.228783 0.132443 -0.0148292 1 0 0 0 0 0 0 0
44 1 0.1 5.37437 4.11967 0.215959 -0.0110829 -0.0117186 0.0240569 0.415379 -0.330167 0.0172452 1 0 0 0 0 0 0 0
45 1 0.1 5.51831 4.23436 0.13756 -0.0096768 -0.0249595 -0.00565434 0.0173801 0.0652396 -0.255982 1 0 0 0 0 0 0 0
46 1 0.1 5.73085 4.43818 0.137151 -0.00589371 -0.00779248 -0.000704236 0.135338 -0.137353 0.0140663 1 0 0 0 0 0 0 0
47 1 0.1 5.85705 4.5923 0.144464 -0.00895969 -0.00560439 0.0062575 -0.0767596 0.0874784 0.0473453 1 0 0 0 0 0 0 0
48 1 0.1 5.99728 4.73434 0.144782 -0.0132215 -0.00484283 -0.0073949 -0.0306887 -0.00174706 -0.0119035 1 0 0 0 0 0 0 0
49 1 0.1 6.22304 5.20631 0.148512 -0.00327511 -0.00188964 0.00049769 0.00764454 -0.00766521 -0.018411 1 0 0 0 0 0 0 0
50 1 0.1 6.52046 0.500661 0.150013 9.5212e-05 -2.8292e-05 2.20409e-05 -0.000200575 -0.00166765 0.00257668 1 0 0 0 0 0 0 0
51 1 0.1 6.27742 1.02713 0.137383 0.000800111 0.000500139 0.000164934 0.0221092 0.0210707 -0.0201313 1 0 0 0 0 0 0 0
52 1 0.1 6.03925 1.48377 0.137127 -0.0131745 0.00677884 -0.00195941 -0.0779514 -0.158513 -0.0265667 1 0 0 0 0 0 0 0
53 1 0.1 5.88954 1.62925 0.13955 -0.00941768 0.0206621 0.034344 -0.127704 -0.00657435 -0.129082 1 0 0 0 0 0 0 0
54 1 0.1 5.88756 1.82919 0.137408 0.000658912 0.0210352 0.000466016 -0.210522 0.00886603 0.0193705 1 0 0 0 0 0 0 0
55 1 0.1 5.7208 1.76213 0.224502 -0.0159526 0.0314816 -0.0211417 -0.0629087 -0.384136 -0.0178258 1 0 0 0 0 0 0 0
56 1 0.1 5.59021 1.88523 0.13746 -0.0370284 0.02941 0.00128497 0.325066 0.544605 0.189785 1 0 0 0 0 0 0 0
57 1 0.1 5.42955 2.17974 0.137469 -0.00371776 0.00669238 -0.000380207 -0.0392631 0.0065927 -0.189579 1 0 0 0 0 0 0 0
58 1 0.1 5.26255 2.28886 0.141099 -0.00523986 0.00789659 0.0093306 0.414028 -0.130288 0.183412 1 0 0 0 0 0 0 0
59 1 0.1 5.0926 2.39328 0.135709 -0.00523144 0.00934767 -0.000230664 -0.170539 -0.0259666 -0.452783 1 0 0 0 0 0 0 0
60 1 0.1 4.88168 2.5522 0.136707 -9.42849e-05 0.00121737 0.00165277 -0.0234068 -0.00674197 -0.0123686 1 0 0 0 0 0 0 0
61 1 0.1 4.68178 2.60953 0.138371 0.00922947 -0.00795317 0.0127709 -0.0808394 0.00687289 -0.0173249 1 0 0 0 0 0 0 0
62 1 0.1 4.63434 2.92229 0.137344 0.0102512 0.00619799 -0.000553452 -0.0615589 0.114784 0.115946 1 0 0 0 0 0 0 0
63 1 0.1 4.67818 3.11673 0.141699 0.00494912 0.0139229 0.00312024 0.0948236 -0.156161 -0.0716142 1 0 0 0 0 0 0 0
64 1 0.1 4.80354 3.26692 0.179283 0.00564177 0.00641545 0.0438092 1.25832 0.986392 0.0861182 1 0 0 0 0 0 0 0
65 1 0.1 4.94229 3.40458 0.137496 -0.00666356 0.000587644 0.00252857 -0.375606 0.489126 -0.161014 1 0 0 0 0 0 0 0
66 1 0.1 5.04311 3.60365 0.137102 -0.0171502 -0.0239651 0.00109261 0.15741 -0.284427 0.144884 1 0 0 0 0 0 0 0
67 1 0.1 5.17411 3.77267 0.137779 -0.00212022 0.00931767 0.00436365 -0.0391455 -0.0218485 0.0472173 1 0 0 0 0 0 0 0
68 1 0.1 5.40522 3.92701 0.137469 -0.00875606 -0.0152482 -0.00113661 0.00708879 -0.0196419 0.0975267 1 0 0 0 0 0 0 0
69 1 0.1 5.55747 4.03976 0.209499 -0.00844769 -0.00501543 0.0160638 0.14155 0.174565 0.039508 1 0 0 0 0 0 0 0
70 1 0.1 5.71771 4.2205 0.137484 -0.00818767 -0.011795 3.94383e-05 0.0676185 -0.127834 0.388733 1 0 0 0 0 0 0 0
71 1 0.1 5.89148 4.31964 0.146334 -0.00232547 -0.003957 0.00288347 0.00400902 -0.00764081 0.0292655 1 0 0 0 0 0 0 0
72 1 0.1 6.01782 4.47397 0.137453 -0.00246911 -0.00140736 0.00183325 0.00191355 0.0240378 -0.00389873 1 0 0 0 0 0 0 0
73 1 0.1 6.16896 4.83622 0.137326 -0.0162717 -0.00334498 0.000653577 -0.0247217 -0.128579 0.0539801 1 0 0 0 0 0 0 0
74 1 0.1 6.36426 5.34785 0.150015 -0.00369535 -0.00226802 0.000255944 -0.000808867 0.000705162 0.00313747 1 0 0 0 0 0 0 0
75 1 0.1 6.56423 0.722533 0.137396 -0.00030569 -0.000371493 -6.95739e-05 0.00553465 -0.00174573 -0.00367356 1 0 0 0 0 0 0 0
76 1 0.1 6.31595 0.831406 0.145897 -0.000568291 2.51149e-05 -0.00155791 -0.0113526 -0.000560565 0.00474784 1 0 0 0 0 0 0 0
77 1 0.1 6.16195 1.6203 0.216363 -0.0170891 0.00451411 0.00665186 -0.0817503 -0.182636 -0.0933041 1 0 0 0 0 0 0 0
78 1 0.1 5.98662 2.00719 0.137492 0.0133826 0.0104258 -0.00020526 -0.0461292 -0.360919 -0.0338295 1 0 0 0 0 0 0 0
79 1 0.1 5.88251 2.1623 0.209786 0.0521834 0.013625 -0.0149689 -0.0252418 0.255014 0.0419074 1 0 0 0 0 0 0 0
80 1 0.1 5.7868 2.00185 0.138278 0.0122899 0.0308586 -0.0159909 -0.104613 0.20189 -0.170907 1 0 0 0 0 0 0 0
81 1 0.1 5.60499 2.08465 0.137076 0.00439609 0.0186064 0.000511073 -0.139196 0.0703795 0.314073 1 0 0 0 0 0 0 0
82 1 0.1 5.59358 2.29381 0.137444 0.0113997 -0.0172612 -0.000301045 0.171174 0.106556 -0.0815055 1 0 0 0 0 0 0 0
83 1 0.1 5.48741 2.45634 0.184508 0.0179838 -0.0110242 -0.0143076 -0.430132 0.0468899 0.0493656 1 0 0 0 0 0 0 0
84 1 0.1 5.29771 2.49508 0.135805 0.0207967 0.00839201 -0.00182627 -0.0977858 0.188887 -0.403759 1 0 0 0 0 0 0 0
85 1 0.1 5.12175 2.58756 0.147054 0.0221524 0.00176996 0.0077075 0.221484 -0.242886 0.151774 1 0 0 0 0 0 0 0
86 1 0.1 4.8238 2.74706 0.167954 0.00538259 -0.00226273 -0.00293788 -0.210196 -0.0689769 0.0499276 1 0 0 0 0 0 0 0
87 1 0.1 4.82632 2.94628 0.184749 0.0164966 -0.00130411 -0.0148981 0.115467 0.0445325 -0.164614 1 0 0 0 0 0 0 0
88 1 0.1 4.9246 3.11319 0.1369 0.0327356 -0.0136712 -0.00848496 0.12187 0.359362 -0.201511 1 0 0 0 0 0 0 0
89 1 0.1 5.0853 3.24529 0.135982 0.0347537 -0.00970353 -0.0084682 0.0799191 0.232939 -0.0941133 1 0 0 0 0 0 0 0
90 1 0.1 5.14779 3.43378 0.136823 0.0126004 -0.00427753 -0.00402096 0.0475672 0.0934161 0.305551 1 0 0 0 0 0 0 0
91 1 0.1 5.26371 3.59514 0.158116 -0.0201878 0.00974365 0.0762644 -0.0273982 -1.45254 -0.0723662 1 0 0 0 0 0 0 0
92 1 0.1 5.40712 3.73224 0.182615 -0.0438149 0.020634 0.162269 -1.63531 -1.3363 -0.0758552 1 0 0 0 0 0 0 0
93 1 0.1 5.592 3.85661 0.137162 -0.00269226 0.00111601 0.00369033 -0.0282035 -0.0431399 0.0729191 1 0 0 0 0 0 0 0
94 1 0.1 5.7405 3.98957 0.137433 -0.00155794 0.000549426 0.00137712 -0.0150779 -0.010319 -0.0924273 1 0 0 0 0 0 0 0
95 1 0.1 5.89128 4.12 0.143605 0.00311091 -0.00384925 0.00281125 -0.00120491 -0.0116804 0.0291544 1 0 0 0 0 0 0 0
96 1 0.1 6.03065 4.21203 0.253351 -0.0194756 -0.0461351 0.0685437 1.37913 -0.00654122 0.446369 1 0 0 0 0 0 0 0
97 1 0.1 6.14949 4.32352 0.137493 -0.0709294 -0.0621433 0.000107077 -1.17446 1.34395 -0.91445 1 0 0 0 0 0 0 0
98 1 0.1 6.26497 5.01136 0.137473 -0.0157378 -0.00574972 0.000668346 -0.00519588 -0.0224513 -0.114667 1 0 0 0 0 0 0 0
99 1 0.1 6.41547 5.15315 0.137484 -0.007624 -0.0112011 -0.000373484 0.101297 -0.0115753 -0.0829389 1 0 0 0 0 0 0 0
100 1 0.1 6.45715 1.04795 0.222378 0.00100798 -0.0015748 5.95728e-05 -0.0332748 -0.0236583 -0.0083326 1 0 0 0 0 0 0 0
101 1 0.1 6.174 1.35075 0.200758 -0.0143724 0.00357744 -0.00623693 0.0371415 0.230246 -0.0499012 1 0 0 0 0 0 0 0
102 1 0.1 6.19668 1.56699 0.570501 -0.0746026 0.201503 0.113562 0.740527 -1.22789 2.14283 1 0 0 0 0 0 0 0
103 1 0.1 6.05414 1.78709 0.239529 -0.00705851 0.0105173 0.00932492 0.326668 -0.145415 -0.0718219 1 0 0 0 0 0 0 0
104 1 0.1 5.6765 2.66253 0.341381 0.0439779 -0.00428211 -0.00199157 -0.829074 0.42127 0.0897304 1 0 0 0 0 0 0 0
105 1 0.1 5.81491 2.33547 0.137332 0.0258857 0.00511862 -0.00102837 -0.036471 0.256975 0.0551944 1 0 0 0 0 0 0 0
106 1 0.1 5.68212 2.48398 0.149775 0.0176743 -0.00471565 -0.00302206 -0.020109 -0.219323 0.0793334 1 0 0 0 0 0 0 0
107 1 0.1 5.57983 2.65485 0.137097 0.000894082 -0.0165486 -0.000166705 0.171052 0.0189756 0.140993 1 0 0 0 0 0 0 0
108 1 0.1 5.47896 2.66291 0.308854 0.0224425 -0.0112026 0.0110899 -0.113032 0.177642 -0.258035 1 0 0 0 0 0 0 0
109 1 0.1 5.4533 2.80942 0.140285 0.0242711 0.00181775 -0.0106446 0.228904 -0.708152 -0.501074 1 0 0 0 0 0 0 0
110 1 0.1 5.28578 2.70092 0.141015 0.00329456 0.0309283 -0.0185721 0.596645 1.14068 0.142327 1 0 0 0 0 0 0 0
111 1 0.1 5.0935 2.78273 0.135783 0.0019322 -0.0069242 -0.00245017 -0.269043 -0.0926147 0.0709127 1 0 0 0 0 0 0 0
112 1 0.1 5.02445 2.95561 0.207017 0.0203552 -0.0102078 -0.00412316 -0.2598 -0.172832 0.0445346 1 0 0 0 0 0 0 0
113 1 0.1 5.18875 3.07474 0.137416 -0.0231141 -0.0450115 -0.00134181 -0.127029 -0.270202 -0.584093 1 0 0 0 0 0 0 0
114 1 0.1 5.30077 3.21987 0.23333 0.0580505 0.000567838 0.0118712 -0.0611969 -0.290186 0.343234 1 0 0 0 0 0 0 0
115 1 0.1 5.34262 3.41485 0.246425 0.0266755 0.00825206 0.00319626 -0.141668 -0.26258 -0.062114 1 0 0 0 0 0 0 0
116 1 0.1 5.48204 3.50618 0.137329 0.0315116 -0.0041044 -0.000508479 0.0125709 0.232232 0.00112978 1 0 0 0 0 0 0 0
117 1 0.1 5.61178 3.65789 0.137488 0.0188637 0.00398964 -0.00162657 0.104757 -0.0531091 0.144314 1 0 0 0 0 0 0 0
118 1 0.1 5.66696 3.43037 0.137457 0.0318761 -0.0131224 0.00448749 -0.0195272 -0.0706764 -0.0420006 1 0 0 0 0 0 0 0
119 1 0.1 5.46906 3.2775 0.137243 0.0124748 0.00430731 6.82061e-05 -0.0375815 0.125557 0.0104658 1 0 0 0 0 0 0 0
120 1 0.1 5.74623 3.77178 0.232021 -0.00444241 0.00918436 0.0237303 0.0946969 -0.154674 0.0739797 1 0 0 0 0 0 0 0
121 1 0.1 5.6957 3.67088 0.41909 -0.165777 -0.163788 -0.00669921 0.110722 0.0495526 -2.32918 1 0 0 0 0 0 0 0
122 1 0.1 6.15959 4.61458 0.137478 0.00335486 0.00148858 0.00164163 0.00690661 0.029234 -0.000823569 1 0 0 0 0 0 0 0
123 1 0.1 6.26336 4.72119 0.270742 0.0155586 0.0155797 -0.00485096 0.0402289 0.260233 0.234076 1 0 0 0 0 0 0 0
124 1 0.1 6.36884 4.83776 0.138107 -0.0161172 -0.00880679 0.0140813 -0.0381759 -0.00298928 -0.104732 1 0 0 0 0 0 0 0
125 1 0.1 6.12726 0.895679 0.350213 0.000603328 -0.000360441 0.000581851 -0.00273262 -0.00377448 -0.00330053 1 0 0 0 0 0 0 0
126 1 0.1 5.93471 1.08033 0.350692 -0.000390488 0.00345219 0.00574879 0.019638 -0.0409956 -0.0201683 1 0 0 0 0 0 0 0
127 1 0.1 5.7937 1.22134 0.350846 0.000302187 0.00101584 0.0036101 0.0286851 -0.0319438 0.0485393 1 0 0 0 0 0 0 0
128 1 0.1 5.65239 1.36211 0.349975 0.000609012 -0.00122974 0.00145396 -0.000920851 -0.0145845 -0.0211313 1 0 0 0 0 0 0 0
129 1 0.1 5.51156 1.50348 0.351154 0.00136603 -0.000416475 0.00124307 0.0253043 -0.0198661 0.00924524 1 0 0 0 0 0 0 0
130 1 0.1 5.22926 1.78561 0.349774 0.000912444 -0.000394276 0.000837215 0.00490418 -0.00741756 0.0243515 1 0 0 0 0 0 0 0
131 1 0.1 5.09015 1.92801 0.339625 -0.0012092 -0.00258032 0.0025744 -0.00674288 0.0255705 -0.0903526 1 0 0 0 0 0 0 0
132 1 0.1 4.96103 2.07514 0.370472 0.017712 0.010089 0.00516598 0.0502635 -0.029938 -0.175977 1 0 0 0 0 0 0 0
133 1 0.1 4.76936 2.25489 0.35219 -0.00349107 0.00358183 0.0161957 0.0612019 -0.176163 0.0717512 1 0 0 0 0 0 0 0
134 1 0.1 4.62962 2.39742 0.360344 -0.00623507 0.00465396 -0.00855382 -0.118927 -0.132824 -0.0819339 1 0 0 0 0 0 0 0
135 1 0.1 4.37874 2.64695 0.31586 -0.0004701 0.000404392 0.00390595 0.099932 0.0201189 0.021876 1 0 0 0 0 0 0 0
136 1 0.1 4.22361 2.80169 0.33629 -0.00145238 0.00392273 0.00358311 -0.0135635 -0.0437093 0.0298707 1 0 0 0 0 0 0 0
137 1 0.1 4.18899 2.99807 0.344099 -0.000256075 0.00716366 0.00329191 -0.0378877 -0.0597067 0.0680253 1 0 0 0 0 0 0 0
138 1 0.1 4.21826 3.19547 0.349891 -0.000815225 0.00249407 0.000212646 0.0151044 0.00331573 -0.0126038 1 0 0 0 0 0 0 0
139 1 0.1 4.39641 3.37508 0.345104 0.00644397 0.000838519 -0.0103382 0.0954349 0.0502348 0.0660098 1 0 0 0 0 0 0 0
140 1 0.1 4.58113 3.56104 0.349688 -0.0024005 -0.00208565 -0.00657537 -0.031181 0.0877565 -0.0274588 1 0 0 0 0 0 0 0
141 1 0.1 4.72238 3.70206 0.349822 -0.00351511 -0.00538288 0.000935141 0.0558718 -0.0869702 -0.0455695 1 0 0 0 0 0 0 0
142 1 0.1 4.89749 3.87104 0.327001 -0.0090581 -0.00839389 -0.00785474 0.0717468 0.0257393 -0.16751 1 0 0 0 0 0 0 0
143 1 0.1 5.06092 4.03627 0.34246 -0.00655843 -0.00810435 -0.00990935 0.122797 -0.00370267 -0.0702411 1 0 0 0 0 0 0 0
144 1 0.1 5.20567 4.17268 0.350375 -0.00569439 -0.00811845 0.00378941 0.0184386 -0.0584006 0.0769776 1 0 0 0 0 0 0 0
145 1 0.1 5.34334 4.31712 0.357471 -0.00520359 -0.00696175 0.00349661 -0.0627256 0.0132811 -0.0831338 1 0 0 0 0 0 0 0
146 1 0.1 5.48321 4.45931 0.349699 -0.00540101 -0.00584845 0.000330024 0.0140613 -0.0180745 0.094454 1 0 0 0 0 0 0 0
147 1 0.1 5.62426 4.60064 0.350288 -0.00520539 -0.00478955 0.00045108 -0.0155808 0.012816 -0.0900369 1 0 0 0 0 0 0 0
148 1 0.1 5.76545 4.74167 0.350073 -0.00446697 -0.00445805 -0.00059224 -0.0159332 -0.0348961 0.0739021 1 0 0 0 0 0 0 0
149 1 0.1 6.03728 5.01374 0.350988 -0.00153488 -0.000535414 -0.000363221 -0.0030983 0.00122348 -0.0025872 1 0 0 0 0 0 0 0
150 1 0.1 6.28139 0.737631 0.349737 0.000212414 0.000217127 -0.000930664 -0.0121585 0.00162109 -0.00451998 1 0 0 0 0 0 0 0
151 1 0.1 6.05913 1.23162 0.312597 0.00284602 0.00047794 0.00703754 -0.00967211 0.0374151 0.0845334 1 0 0 0 0 0 0 0
152 1 0.1 5.91756 1.3728 0.30995 0.00111208 -0.00135921 0.00086264 -0.037131 0.0250338 0.0215843 1 0 0 0 0 0 0 0
153 1 0.1 5.70138 1.56488 0.336511 -0.0470629 0.012453 0.00479074 0.915371 1.4272 0.256455 1 0 0 0 0 0 0 0
154 1 0.1 5.56143 1.68852 0.407932 -0.0256626 -0.0246882 0.107136 0.523929 -1.50968 -0.217645 1 0 0 0 0 0 0 0
155 1 0.1 5.37045 1.64446 0.349336 0.00182548 -0.000365684 0.000904108 0.00690209 0.00368883 -0.019991 1 0 0 0 0 0 0 0
156 1 0.1 5.28574 1.97519 0.40613 0.0234657 0.00792742 -0.0154521 -0.395401 1.33241 0.123536 1 0 0 0 0 0 0 0
157 1 0.1 5.16469 2.11316 0.327556 -0.00458347 -0.00225209 0.0102578 -0.0844727 -0.356719 -0.260581 1 0 0 0 0 0 0 0
158 1 0.1 4.96679 2.26315 0.323503 -0.00502272 0.00988208 0.0285427 1.04157 0.631052 -0.150056 1 0 0 0 0 0 0 0
159 1 0.1 4.81822 2.45799 0.299328 0.00577535 -0.00102227 0.00581485 0.108625 0.174631 -0.170787 1 0 0 0 0 0 0 0
160 1 0.1 4.56604 2.57863 0.305539 0.000296353 0.00610839 -0.0135561 0.0762302 0.102658 0.0202675 1 0 0 0 0 0 0 0
161 1 0.1 4.419 2.84031 0.345073 0.000279093 -0.00156974 0.00221922 -0.104928 0.0168455 -0.0167086 1 0 0 0 0 0 0 0
162 1 0.1 4.38448 3.03653 0.342004 0.00521988 -0.00678628 -0.0162904 -0.0818895 0.0998244 0.0760091 1 0 0 0 0 0 0 0
163 1 0.1 4.49021 3.20167 0.373256 0.00456227 -0.00214182 -0.0119466 0.0291986 -0.24918 -0.0610961 1 0 0 0 0 0 0 0
164 1 0.1 4.60591 3.36324 0.355981 0.00402673 -0.000436489 -0.00218099 -0.0403549 0.0861398 0.0828893 1 0 0 0 0 0 0 0
165 1 0.1 4.75303 3.48201 0.286063 -0.0125331 -0.0140434 -0.0155239 0.0932103 -0.0450673 -0.164203 1 0 0 0 0 0 0 0
166 1 0.1 4.90714 3.632 0.319714 -0.00925267 -0.0204851 0.00413819 0.122209 -0.00869069 -0.14922 1 0 0 0 0 0 0 0
167 1 0.1 5.08475 3.84387 0.387691 -0.00658748 -0.0144866 -0.0185488 -0.123239 0.078105 0.0648885 1 0 0 0 0 0 0 0
168 1 0.1 5.23579 3.97141 0.412585 -0.0160747 -0.00642253 0.00157852 0.110932 -0.328114 0.202201 1 0 0 0 0 0 0 0
169 1 0.1 5.38235 4.10667 0.415362 -0.0121157 -0.00797001 0.0242431 -0.235917 -0.0978567 -0.259256 1 0 0 0 0 0 0 0
170 1 0.1 5.53722 4.22579 0.377017 -0.00493337 -0.0170739 0.0116984 -0.0773349 -0.00186752 0.200244 1 0 0 0 0 0 0 0
171 1 0.1 5.67642 4.35094 0.308239 -0.0156146 -0.00961686 -0.00414401 -0.0630234 0.083201 -0.0450978 1 0 0 0 0 0 0 0
172 1 0.1 5.79843 4.50901 0.316385 -0.00950082 -0.0125984 0.00328942 0.135893 -0.112356 -0.0199014 1 0 0 0 0 0 0 0
173 1 0.1 5.92982 4.63717 0.395197 -0.0137767 -0.0123772 0.0065941 -0.107894 0.0686518 0.0226887 1 0 0 0 0 0 0 0
174 1 0.1 6.17842 5.15517 0.350043 -0.000606145 -0.000467728 -0.000232155 0.001219 -0.00135208 -0.00392897 1 0 0 0 0 0 0 0
175 1 0.1 6.42278 0.596254 0.350019 -6.92272e-06 3.1074e-06 0.000123598 0.00271534 0.00129127 -0.00201584 1 0 0 0 0 0 0 0
176 1 0.1 6.19101 1.08188 0.310896 0.00307305 0.00348039 0.00297832 0.0353787 -0.009377 -0.0111927 1 0 0 0 0 0 0 0
177 1 0.1 6.00572 1.55287 0.321313 -0.030039 0.0111909 -0.00886591 0.0341881 -0.0123701 -0.00107012 1 0 0 0 0 0 0 0
178 1 0.1 5.87168 1.69968 0.339371 -0.0317456 0.0176518 0.00466845 0.153801 0.0399777 -0.0513855 1 0 0 0 0 0 0 0
179 1 0.1 5.75192 1.84721 0.402372 -0.0055272 0.0182781 -0.0120922 0.0687113 0.0907873 -0.846725 1 0 0 0 0 0 0 0
180 1 0.1 5.42431 1.83265 0.389187 0.0172041 4.83879e-06 -0.0186104 -0.37789 -0.495191 -0.123911 1 0 0 0 0 0 0 0
181 1 0.1 5.44275 2.00523 0.28695 -0.00296693 0.0482954 -0.040919 -0.600639 0.826927 -0.44593 1 0 0 0 0 0 0 0
182 1 0.1 5.33139 2.22315 0.318912 0.000776656 -0.0139614 -0.00560368 -0.228006 0.345049 0.137132 1 0 0 0 0 0 0 0
183 1 0.1 5.15753 2.32162 0.310764 -0.0022562 -0.0159448 -0.00752138 -0.227036 -0.0906203 -0.108832 1 0 0 0 0 0 0 0
184 1 0.1 5.01791 2.44672 0.380266 0.021972 0.0104678 0.00171576 -0.236203 0.59102 -0.000898213 1 0 0 0 0 0 0 0
185 1 0.1 4.74291 2.61221 0.400882 0.0155109 0.00199502 0.00419985 -0.0180071 0.0548568 -0.0191963 1 0 0 0 0 0 0 0
186 1 0.1 4.60674 2.7733 0.325827 0.00207528 0.00637938 -0.012494 -0.0449379 -0.00923696 -0.01505 1 0 0 0 0 0 0 0
187 1 0.1 4.57187 2.97014 0.324134 0.00984641 0.00759017 -0.0278135 -0.0921328 0.0836704 0.0990392 1 0 0 0 0 0 0 0
188 1 0.1 4.68402 3.17396 0.333194 0.0141193 0.0141725 0.00289979 0.303965 0.0282929 0.171049 1 0 0 0 0 0 0 0
189 1 0.1 4.95878 3.24088 0.285391 0.0468067 -0.027167 -0.0268849 -0.0150309 -0.235846 0.27925 1 0 0 0 0 0 0 0
190 1 0.1 4.91136 3.45049 0.403516 -0.0234481 -0.0264764 -0.00741754 -0.0445591 -0.0933638 0.0448095 1 0 0 0 0 0 0 0
191 1 0.1 5.12772 3.67021 0.303791 -0.0218129 -0.0233754 0.00143003 -0.14913 0.25235 -0.0729284 1 0 0 0 0 0 0 0
192 1 0.1 5.27449 3.7768 0.387831 -0.0277455 -0.00660355 -0.0102978 0.0801972 -0.140412 0.266535 1 0 0 0 0 0 0 0
193 1 0.1 5.41215 3.91683 0.337621 -0.00700821 0.00419779 0.0162117 0.124541 0.0882073 -0.182621 1 0 0 0 0 0 0 0
194 1 0.1 5.56477 4.02423 0.408697 -0.00431517 0.000442655 0.0161406 -0.201454 -0.142987 0.0799179 1 0 0 0 0 0 0 0
195 1 0.1 5.70434 4.1338 0.317178 -0.00451817 -0.0107074 0.00146436 -0.0186839 0.171857 -0.102493 1 0 0 0 0 0 0 0
196 1 0.1 5.85495 4.26376 0.334785 1.85093e-05 -0.0163775 -0.000211241 0.130039 -0.0519509 0.0461325 1 0 0 0 0 0 0 0
197 1 0.1 5.97739 4.42169 0.333897 -0.00807737 -0.011289 0.00694069 -0.0513088 0.034307 0.0478118 1 0 0 0 0 0 0 0
198 1 0.1 5.93539 4.84354 0.374251 -0.00745418 0.00253525 0.00492962 -0.136902 -0.122172 -0.0313995 1 0 0 0 0 0 0 0
199 1 0.1 6.32072 5.29547 0.344098 -0.000243213 -0.000413865 -1.39944e-05 -0.00129178 -0.00184323 -0.000453405 1 0 0 0 0 0 0 0
200 1 0.1 6.49854 0.848221 0.27808 0.000296674 -0.000872462 0.00069884 0.00601548 0.00702664 -0.00141856 1 0 0 0 0 0 0 0
201 1 0.1 6.32161 0.931147 0.319786 0.000744313 0.000627793 0.000902584 0.0205816 -0.0167444 -0.0188972 1 0 0 0 0 0 0 0
202 1 0.1 5.97447 1.85616 0.409434 -0.0101287 0.00277734 0.0109504 -0.112483 -0.0974452 -0.238641 1 0 0 0 0 0 0 0
203 1 0.1 5.61879 2.67451 0.76359 0.0117194 -0.0336111 0.000586433 -0.325992 -0.254729 -0.3518 1 0 0 0 0 0 0 0
204 1 0.1 5.7531 2.1817 0.360977 0.0232203 0.0179301 -0.0393835 0.510373 -0.2282 -0.569355 1 0 0 0 0 0 0 0
205 1 0.1 5.67593 2.00368 0.304571 0.0406308 0.0466563 0.000980849 -0.0304313 0.143587 0.110786 1 0 0 0 0 0 0 0
206 1 0.1 5.5552 2.16086 0.341624 0.0232634 0.0453711 -0.0777276 0.691013 -0.0277536 0.407698 1 0 0 0 0 0 0 0
207 1 0.1 5.49379 2.47644 0.383224 0.0037214 0.029256 -0.0186837 0.0320985 -0.12647 0.479012 1 0 0 0 0 0 0 0
208 1 0.1 5.31542 2.54934 0.324208 0.0150091 -0.000955006 -0.00167134 0.168277 -0.312528 0.19857 1 0 0 0 0 0 0 0
209 1 0.1 5.13788 2.60828 0.390857 0.0153299 7.54664e-05 -0.00599387 0.224497 0.156128 -0.313168 1 0 0 0 0 0 0 0
210 1 0.1 4.94068 2.62754 0.409921 0.0160632 0.00788269 -0.00296677 -0.0147598 -0.132815 0.136314 1 0 0 0 0 0 0 0
211 1 0.1 4.8024 2.79854 0.360167 0.00275779 0.00379258 -0.00720524 -0.0327449 0.174802 0.104529 1 0 0 0 0 0 0 0
212 1 0.1 4.76515 2.99466 0.368421 0.00746534 0.00548151 -0.0182802 -0.0713936 -0.211229 -0.153532 1 0 0 0 0 0 0 0
213 1 0.1 5.03311 3.10865 0.403211 0.0135767 -0.00373608 0.00132601 -0.177861 -0.735886 0.0305251 1 0 0 0 0 0 0 0
214 1 0.1 5.14358 3.28313 0.337508 0.03705 -0.0135486 -0.0117198 -0.00316361 0.0212963 -0.113765 1 0 0 0 0 0 0 0
215 1 0.1 5.17283 3.47835 0.329771 0.0124551 -0.0153097 -0.00288221 0.1211 0.0891657 0.367482 1 0 0 0 0 0 0 0
216 1 0.1 5.32514 3.57206 0.41796 0.014081 -0.0249477 0.0064925 0.186762 -0.0208998 -0.323306 1 0 0 0 0 0 0 0
217 1 0.1 5.49851 3.61284 0.327777 0.00619362 -0.0205662 -0.0115583 0.107166 0.283763 0.223553 1 0 0 0 0 0 0 0
218 1 0.1 5.57209 3.79798 0.326722 -0.0165137 -0.00961706 0.00299588 0.120667 -0.11603 0.0179277 1 0 0 0 0 0 0 0
219 1 0.1 5.71158 3.88834 0.437161 -0.0215234 -0.0393037 0.0311436 0.0472902 -0.179574 -0.287661 1 0 0 0 0 0 0 0
220 1 0.1 5.84664 3.94228 0.300076 -0.0389923 -0.0814654 0.000209702 0.367311 -0.0890413 -0.384262 1 0 0 0 0 0 0 0
221 1 0.1 5.97404 4.06739 0.389881 -0.0922959 -0.10837 0.10773 -0.296884 -1.53829 0.0337587 1 0 0 0 0 0 0 0
222 1 0.1 6.0428 4.24519 0.450147 -0.0430488 -0.121923 0.0844835 -0.650761 -0.357565 -1.16952 1 0 0 0 0 0 0 0
223 1 0.1 6.213 4.92584 0.310451 -0.0179699 -0.00383106 0.00125245 0.0178499 0.0926179 -0.0823058 1 0 0 0 0 0 0 0
224 1 0.1 6.35336 5.06827 0.307547 -0.00779581 -0.0139026 -0.00145701 -0.0420981 0.033516 -0.141469 1 0 0 0 0 0 0 0
225 1 0.1 6.31696 1.21102 0.205256 -0.0103691 0.00742196 -0.0100675 -0.134463 -0.0730574 0.115379 1 0 0 0 0 0 0 0
226 1 0.1 6.24341 1.26019 0.384596 0.00660758 0.00485484 -0.00180123 -0.102571 0.050381 -0.082901 1 0 0 0 0 0 0 0
227 1 0.1 6.10324 1.40003 0.411107 0.00526167 0.0064083 -0.0063436 -0.113549 0.0630044 0.148468 1 0 0 0 0 0 0 0
228 1 0.1 5.87178 2.01347 0.342263 0.0427176 0.0246658 -0.00889941 -0.0728527 -0.0437652 -0.352825 1 0 0 0 0 0 0 0
229 1 0.1 5.61173 2.86603 0.563282 -0.00896082 -0.111754 0.108684 -0.389078 -1.50006 -1.62319 1 0 0 0 0 0 0 0
230 1 0.1 5.63331 2.34414 0.326758 0.0124189 0.055684 -0.0197622 0.0248731 0.2185 -0.301704 1 0 0 0 0 0 0 0
231 1 0.1 5.71853 2.49009 0.433321 0.0545117 0.00608651 0.0151713 0.547899 -0.0626225 -0.158328 1 0 0 0 0 0 0 0
232 1 0.1 5.59247 2.56755 0.567618 0.0156105 -0.0209481 -0.00641465 0.213334 -0.748585 -0.237241 1 0 0 0 0 0 0 0
233 1 0.1 5.46301 2.99027 0.305968 0.0412574 -0.00324972 0.00500677 -0.224083 -0.294949 -0.015404 1 0 0 0 0 0 0 0
234 1 0.1 5.29112 2.91305 0.19408 0.0128932 -0.021933 -0.000886337 -0.279028 0.89405 0.810239 1 0 0 0 0 0 0 0
235 1 0.1 5.23189 2.77002 0.320493 0.0763367 -0.0227667 0.0260029 0.0739129 -0.408562 -0.357886 1 0 0 0 0 0 0 0
236 1 0.1 5.01143 2.7861 0.31466 0.00627225 0.00308612 -0.00766897 -0.0469202 0.0407896 0.0531147 1 0 0 0 0 0 0 0
237 1 0.1 5.1233 2.93606 0.379388 0.00660579 -0.00615497 0.00530505 0.206079 0.474703 -0.191434 1 0 0 0 0 0 0 0
238 1 0.1 5.23212 3.11518 0.39618 0.0161142 -0.0176384 -0.0135204 -0.267516 0.51253 -0.289925 1 0 0 0 0 0 0 0
239 1 0.1 5.32087 3.316 0.422099 0.0319884 -0.0210971 0.00327599 0.111614 -0.163775 0.0736247 1 0 0 0 0 0 0 0
240 1 0.1 5.4764 3.23052 0.330978 0.0268085 -0.0178328 -0.00594459 0.258848 0.082699 -0.258244 1 0 0 0 0 0 0 0
241 1 0.1 5.60452 3.0942 0.401647 0.0130694 -0.00162188 0.0471023 0.240406 -0.231762 0.0705542 1 0 0 0 0 0 0 0
242 1 0.1 5.48563 3.42249 0.386167 0.0321367 -0.0200079 -0.00140266 -0.200399 0.146292 -0.0867358 1 0 0 0 0 0 0 0
243 1 0.1 5.65803 3.27118 0.25812 0.017472 -0.0557452 -0.0500191 0.750092 0.629267 -0.56708 1 0 0 0 0 0 0 0
244 1 0.1 5.4052 3.08014 0.137187 0.0438455 -0.00362224 0.000545814 0.0598016 0.49467 -0.404402 1 0 0 0 0 0 0 0
245 1 0.1 5.5721 2.97016 0.137495 0.0396341 -0.00948994 0.00130215 -0.691869 -0.125434 0.327854 1 0 0 0 0 0 0 0
246 1 0.1 5.66126 3.49669 0.326023 0.0284627 0.00646815 0.0086618 -0.0750822 -0.379312 0.379751 1 0 0 0 0 0 0 0
247 1 0.1 6.11153 4.55392 0.400809 -0.0119696 -0.00438262 -0.000636652 0.0240416 0.049734 0.0534647 1 0 0 0 0 0 0 0
248 1 0.1 6.11245 4.75386 0.397992 -0.00970595 -0.0060011 -0.0153065 -0.302138 0.570928 -0.131345 1 0 0 0 0 0 0 0
249 1 0.1 6.35268 4.80981 0.425921 0.0111507 0.0212546 0.00254451 0.154906 -0.113721 0.167181 1 0 0 0 0 0 0 0
250 1 0.1 6.12953 0.892931 0.550112 0.00157544 -0.00169677 0.000833572 0.0184272 0.00615022 -0.0286705 1 0 0 0 0 0 0 0
251 1 0.1 5.98834 1.03462 0.548336 0.00175742 -0.00289601 -0.000126045 0.00718644 0.0180904 0.00824347 1 0 0 0 0 0 0 0
252 1 0.1 5.84859 1.17694 0.559595 0.00279385 -0.00250642 0.000742889 -0.00548241 -0.0112524 -0.0291309 1 0 0 0 0 0 0 0
253 1 0.1 5.65177 1.36324 0.549918 0.00178413 -0.00352023 0.000717877 -0.000690095 0.0055629 -0.0100147 1 0 0 0 0 0 0 0
254 1 0.1 5.51074 1.50463 0.551079 0.00296766 -0.00444065 0.00147702 -0.15665 0.144694 0.00769076 1 0 0 0 0 0 0 0
255 1 0.1 5.22776 1.78716 0.549945 0.00193017 -0.00315793 -0.000511235 -0.0978823 -0.0523084 -0.064171 1 0 0 0 0 0 0 0
256 1 0.1 5.09208 1.93402 0.549347 0.0492804 0.038738 -0.00472673 -0.145907 0.496465 -0.143359 1 0 0 0 0 0 0 0
257 1 0.1 4.94781 2.06804 0.56482 0.00510017 -0.0117786 -0.00317327 -0.385435 -0.127176 0.0964697 1 0 0 0 0 0 0 0
258 1 0.1 4.80867 2.21089 0.563769 0.0160983 -0.00499442 0.00226803 0.111033 0.0268403 0.118057 1 0 0 0 0 0 0 0
259 1 0.1 4.65633 2.36453 0.555754 -0.0155452 0.0225094 -0.00375308 -0.03778 0.00988433 0.28961 1 0 0 0 0 0 0 0
260 1 0.1 4.46504 2.55433 0.558075 0.0141661 -0.00670497 0.0188306 -0.0344413 -0.0890544 0.22062 1 0 0 0 0 0 0 0
261 1 0.1 4.24806 2.77115 0.546739 0.000131534 -0.00011195 0.000858685 0.00394841 -0.00928965 -0.00083252 1 0 0 0 0 0 0 0
262 1 0.1 4.19306 2.96334 0.550367 0.00019052 -0.000109042 0.0011251 -0.00190464 -0.0143492 -0.00152939 1 0 0 0 0 0 0 0
263 1 0.1 4.19305 3.16483 0.55 -8.85738e-06 0.000115341 -1.03916e-06 2.45199e-05 -0.000219237 0.0011946 1 0 0 0 0 0 0 0
264 1 0.1 4.33585 3.31421 0.549794 -0.00415641 -0.00363678 0.00107041 0.0545025 -0.0283138 0.0846278 1 0 0 0 0 0 0 0
265 1 0.1 4.52505 3.50858 0.548434 -0.00268151 -0.00285981 -0.00282622 0.000902075 0.00660677 -0.0412653 1 0 0 0 0 0 0 0
266 1 0.1 4.69576 3.67323 0.545512 -0.0113422 -0.00906553 -0.00192935 0.101154 0.0382919 -0.135956 1 0 0 0 0 0 0 0
267 1 0.1 4.84543 3.79624 0.504165 -0.00766752 -0.0226481 -0.0112528 0.00646577 0.118973 -0.105958 1 0 0 0 0 0 0 0
268 1 0.1 4.9872 3.96392 0.549017 -0.0112719 -0.0105095 -0.0144543 0.168043 0.0191911 -0.241992 1 0 0 0 0 0 0 0
269 1 0.1 5.15109 4.07713 0.564403 -0.00546438 -0.0195229 -0.00268836 -0.193225 -0.220829 0.135335 1 0 0 0 0 0 0 0
270 1 0.1 5.39058 4.36838 0.546707 -0.00357905 -0.000262626 0.000251113 0.0378022 -0.0837188 -0.0741789 1 0 0 0 0 0 0 0
271 1 0.1 5.53168 4.50957 0.552312 0.00270897 0.000466264 0.00350104 -0.032461 0.0137277 0.0420416 1 0 0 0 0 0 0 0
272 1 0.1 5.67247 4.65132 0.549877 0.00252131 0.00279203 0.00177859 0.00557913 -0.0111635 -0.011899 1 0 0 0 0 0 0 0
273 1 0.1 5.81381 4.7926 0.550066 0.0021767 0.00290304 -0.000409382 -0.00939652 0.0215694 0.0576575 1 0 0 0 0 0 0 0
274 1 0.1 6.06406 5.04252 0.55226 -0.00216941 -0.00277266 0.00127797 -0.00221146 -0.00304039 -0.0255055 1 0 0 0 0 0 0 0
275 1 0.1 6.31188 0.710031 0.550357 0.00115411 -0.000957793 0.000534797 0.00262768 -0.00338221 -0.0137884 1 0 0 0 0 0 0 0
276 1 0.1 6.0772 1.21329 0.536125 0.00169503 -0.00328459 -0.00226283 -0.0224297 -0.0128781 0.0266111 1 0 0 0 0 0 0 0
277 1 0.1 5.93449 1.34975 0.50775 0.00328331 -0.00378249 -0.0001504 0.0657496 0.0020223 -0.0382505 1 0 0 0 0 0 0 0
278 1 0.1 5.80498 1.49456 0.551956 0.00503874 -0.00424575 0.00120853 0.0136685 -0.0660225 0.00502044 1 0 0 0 0 0 0 0
279 1 0.1 5.6626 1.63131 0.578261 0.00493951 -0.00402083 -0.0103835 -0.00555997 -0.10151 -0.0259739 1 0 0 0 0 0 0 0
280 1 0.1 5.36928 1.64555 0.549299 0.00359575 -0.00369499 0.00049935 0.00519647 0.00840035 -0.0471472 1 0 0 0 0 0 0 0
281 1 0.1 5.24695 2.05116 0.586164 0.0625864 0.0218231 -0.0101897 0.040661 -0.596071 0.631247 1 0 0 0 0 0 0 0
282 1 0.1 5.24804 2.24779 0.557085 0.0108512 0.01513 -0.007962 -0.121644 0.0297397 -0.084222 1 0 0 0 0 0 0 0
283 1 0.1 5.07105 2.1998 0.481263 0.00857215 0.00054283 0.0139126 -0.0857155 0.0440107 0.0843455 1 0 0 0 0 0 0 0
284 1 0.1 4.84907 2.38522 0.481143 0.0160114 -0.0061527 0.00331218 -0.0995767 0.0742377 -0.160624 1 0 0 0 0 0 0 0
285 1 0.1 4.65951 2.57229 0.576515 0.0172558 -0.0028885 0.00380001 0.072497 0.21631 -0.19725 1 0 0 0 0 0 0 0
286 1 0.1 4.47582 2.7526 0.553225 -0.00444683 -0.0041552 0.0165781 0.0229007 -0.118565 -0.0507252 1 0 0 0 0 0 0 0
287 1 0.1 4.39009 2.9317 0.556257 4.32021e-05 -0.000407837 0.0126714 0.0425182 -0.106493 0.0025465 1 0 0 0 0 0 0 0
288 1 0.1 4.40428 3.12952 0.558134 0.00118948 -0.000612841 0.00928958 -0.0876918 -0.0875313 -0.0235037 1 0 0 0 0 0 0 0
289 1 0.1 4.53506 3.30942 0.535016 -0.00344407 -0.00362196 -0.0050772 0.00597509 0.078644 0.039076 1 0 0 0 0 0 0 0
290 1 0.1 4.71026 3.44782 0.503986 -8.50651e-05 0.00273381 -0.000355638 0.0945982 -0.0602671 0.0803245 1 0 0 0 0 0 0 0
291 1 0.1 4.88015 3.6021 0.530055 -0.0216499 -0.0283888 -0.00720521 0.0870817 0.0348968 -0.0967912 1 0 0 0 0 0 0 0
292 1 0.1 5.02281 3.73268 0.56675 -0.0118212 -0.0328558 -0.0328991 -0.248672 0.0651253 0.0385652 1 0 0 0 0 0 0 0
293 1 0.1 5.16133 3.87022 0.567691 -0.0276587 -0.0340476 -0.0171029 0.375271 -0.287014 0.0282331 1 0 0 0 0 0 0 0
294 1 0.1 5.31644 4.18716 0.586216 -0.0109352 -0.00139635 -0.00319701 -0.00395886 0.101599 0.0168437 1 0 0 0 0 0 0 0
295 1 0.1 5.56341 4.27109 0.569743 -0.00641076 0.00257165 0.00694929 -0.0550427 0.0192204 0.0738195 1 0 0 0 0 0 0 0
296 1 0.1 5.69398 4.40533 0.499855 -0.00330529 -0.00553076 -0.00755117 -0.0407509 0.180773 -0.156262 1 0 0 0 0 0 0 0
297 1 0.1 5.8302 4.53115 0.574721 -0.00924728 -0.00923663 0.0170803 0.0916207 -0.176426 -0.125484 1 0 0 0 0 0 0 0
298 1 0.1 5.96992 4.67368 0.587449 -0.00636851 0.000466028 0.00119848 -0.0605372 -0.00891995 -0.171747 1 0 0 0 0 0 0 0
299 1 0.1 6.20526 5.1839 0.549544 -0.00198166 -0.00341456 -0.00245754 0.00936235 0.0489664 0.0569711 1 0 0 0 0 0 0 0
300 1 0.1 6.45345 0.568507 0.550004 0.00142053 -0.0010859 0.000366028 0.0111628 0.00757308 -0.018376 1 0 0 0 0 0 0 0
301 1 0.1 6.21796 1.07422 0.510754 0.00275806 -0.00119653 0.00158597 -0.012175 -0.0069316 -0.00577285 1 0 0 0 0 0 0 0
302 1 0.1 6.00572 1.53598 0.520122 -0.00944133 7.75808e-05 -0.00967179 -0.0240298 0.053075 0.151383 1 0 0 0 0 0 0 0
303 1 0.1 5.88401 1.6818 0.581349 -0.0117992 -0.00531467 -0.0189355 0.063006 -0.219968 -0.140779 1 0 0 0 0 0 0 0
304 1 0.1 5.73744 1.81592 0.598723 -0.00472133 -0.0046612 -0.01229 0.235726 0.0479094 0.0490038 1 0 0 0 0 0 0 0
305 1 0.1 5.52073 1.76998 0.588389 0.0099357 -0.0075289 -0.00463029 0.058581 0.123314 -0.0049441 1 0 0 0 0 0 0 0
306 1 0.1 5.39674 1.9237 0.568942 0.0620078 0.0284287 0.0204293 0.0463525 0.138168 -0.632626 1 0 0 0 0 0 0 0
307 1 0.1 5.32375 2.38548 0.435435 0.0265156 -0.00713145 -0.0152341 -0.025647 0.240875 -0.0192219 1 0 0 0 0 0 0 0
308 1 0.1 5.19957 2.53409 0.566023 0.0230385 0.0341049 0.00489002 -0.203621 0.49805 -0.000234617 1 0 0 0 0 0 0 0
309 1 0.1 5.02131 2.44468 0.579837 0.0296937 0.0146684 0.00327208 0.208899 -0.516782 0.174959 1 0 0 0 0 0 0 0
310 1 0.1 4.85688 2.5584 0.577179 0.0161293 -0.00386698 -0.0131461 -0.0451648 -0.0339129 0.176648 1 0 0 0 0 0 0 0
311 1 0.1 4.68573 2.76139 0.519001 0.0149333 -0.00123744 0.00578754 0.00339371 0.0679006 0.122228 1 0 0 0 0 0 0 0
312 1 0.1 4.58698 2.93328 0.523091 -0.000117725 -0.0117856 0.00768021 -0.100186 0.149908 0.0782479 1 0 0 0 0 0 0 0
313 1 0.1 4.60262 3.12424 0.57598 0.00165264 -0.0085806 -0.000330088 0.0175512 0.200524 0.113781 1 0 0 0 0 0 0 0
314 1 0.1 4.71407 3.28441 0.618975 -0.00221479 -0.00264215 -0.00741362 0.00532291 -0.0327839 -0.0329052 1 0 0 0 0 0 0 0
315 1 0.1 4.88702 3.41778 0.599145 -0.0233838 -0.0297164 -0.00994096 -0.0964763 0.206311 -0.00480802 1 0 0 0 0 0 0 0
316 1 0.1 5.08847 3.56375 0.488108 -0.0056176 -0.0365823 -0.00853361 0.101359 -0.259649 -0.0371227 1 0 0 0 0 0 0 0
317 1 0.1 5.23066 3.68392 0.559422 -0.00860836 -0.0273144 -0.0156313 -0.168567 0.250744 0.00550975 1 0 0 0 0 0 0 0
318 1 0.1 5.34439 3.94455 0.587146 -0.0399389 -0.00907368 0.0114458 0.0418406 0.135486 0.107097 1 0 0 0 0 0 0 0
319 1 0.1 5.48896 4.08595 0.583055 0.00188485 -0.000466097 0.0170153 0.105164 0.283347 0.246047 1 0 0 0 0 0 0 0
320 1 0.1 5.67744 4.01933 0.584042 -0.00506388 -0.0257724 0.0170992 -0.0752026 -0.30651 -0.499167 1 0 0 0 0 0 0 0
321 1 0.1 5.75065 4.20371 0.553095 -0.0135055 -0.00120594 0.00480708 -0.0651401 0.0477964 -0.148813 1 0 0 0 0 0 0 0
322 1 0.1 5.88457 4.34758 0.516574 -0.00617274 -0.0114805 0.000915258 -0.116518 -0.203059 0.0885271 1 0 0 0 0 0 0 0
323 1 0.1 6.07354 4.84422 0.575833 0.00220202 -0.00375096 4.88702e-05 0.019288 -0.035974 0.0754916 1 0 0 0 0 0 0 0
324 1 0.1 6.34655 5.32534 0.550114 -0.00330458 -0.00184512 -0.00640667 0.036168 0.0551188 -0.0314685 1 0 0 0 0 0 0 0
325 1 0.1 6.47652 0.786907 0.466962 0.00114227 -0.00133361 0.000453918 0.000389243 0.00527075 -0.0123118 1 0 0 0 0 0 0 0
326 1 0.1 6.32702 0.907385 0.522253 0.00209108 -0.00104523 0.00178498 0.0105289 0.00522675 0.0028877 1 0 0 0 0 0 0 0
327 1 0.1 6.09118 1.69558 0.431993 -0.0232668 -0.00477655 0.00166731 0.183459 0.170253 0.0672754 1 0 0 0 0 0 0 0
328 1 0.1 5.90759 1.92017 0.586426 -0.0129628 0.0108129 0.00447243 0.0483786 -0.00208172 0.127384 1 0 0 0 0 0 0 0
329 1 0.1 5.72801 2.00843 0.545602 0.0606011 0.00894664 0.0154745 0.00882929 -0.0601512 -0.258056 1 0 0 0 0 0 0 0
330 1 0.1 5.55001 1.98534 0.457852 0.0607514 0.0119956 0.0121513 0.120953 0.0493383 0.304016 1 0 0 0 0 0 0 0
331 1 0.1 5.49297 2.12557 0.647881 0.0253947 -0.00104718 -0.0202918 -0.798866 0.173669 0.563687 1 0 0 0 0 0 0 0
332 1 0.1 5.44489 2.2371 0.48982 0.00631922 -0.0391127 -0.0455072 0.374907 -0.143599 -0.29487 1 0 0 0 0 0 0 0
333 1 0.1 5.46039 2.80314 0.448728 0.028426 -0.00113331 0.000814037 -0.0186226 -0.316195 0.0312207 1 0 0 0 0 0 0 0
334 1 0.1 5.28247 2.72537 0.613695 0.018551 0.0289784 0.0055567 -0.0500599 0.0802953 -0.105918 1 0 0 0 0 0 0 0
335 1 0.1 5.03585 2.64254 0.603535 0.00662922 0.0129522 0.00290188 -0.25505 -0.291785 -0.0673522 1 0 0 0 0 0 0 0
336 1 0.1 4.87972 2.76988 0.566493 0.0136143 -0.00720709 0.00815719 -0.139905 -0.101547 -0.221969 1 0 0 0 0 0 0 0
337 1 0.1 4.7838 2.9453 0.560991 0.0202892 -0.000586925 -0.0227187 0.103226 0.420605 -0.145398 1 0 0 0 0 0 0 0
338 1 0.1 4.78901 3.13823 0.505264 -0.000637955 -2.9349e-05 -0.0092173 0.11674 -0.131576 -0.0730739 1 0 0 0 0 0 0 0
339 1 0.1 4.95212 3.27108 0.481984 -0.0117679 -0.0203039 -0.0243313 -0.136599 -0.589113 -0.210508 1 0 0 0 0 0 0 0
340 1 0.1 5.12276 3.37003 0.515029 -1.55641e-05 -0.0339959 -0.00454575 0.258142 -0.357174 0.241838 1 0 0 0 0 0 0 0
341 1 0.1 5.28847 3.49713 0.599374 0.00177757 -0.0202311 0.00797067 -0.140606 -0.0388827 0.0601564 1 0 0 0 0 0 0 0
342 1 0.1 5.48648 3.48431 0.57631 -0.011763 -0.14207 0.0304502 0.494003 -0.178642 -1.31076 1 0 0 0 0 0 0 0
343 1 0.1 5.42513 3.71766 0.528374 -0.0160339 -0.0107053 -0.0445095 0.154272 0.0423068 0.163381 1 0 0 0 0 0 0 0
344 1 0.1 5.53153 3.88563 0.548842 -0.0366136 -0.00418919 0.00658205 0.233018 -0.403568 0.0413239 1 0 0 0 0 0 0 0
345 1 0.1 5.68552 3.76825 0.598547 -0.102916 -0.0931387 0.00706505 0.24013 0.0460385 -1.03823 1 0 0 0 0 0 0 0
346 1 0.1 5.84811 3.91514 0.580662 -0.0417178 -0.093578 0.0632929 0.26151 -0.194434 -0.197995 1 0 0 0 0 0 0 0
347 1 0.1 5.92036 4.10161 0.580181 -0.0789234 -0.078226 0.107969 -0.435746 -0.945805 -0.821071 1 0 0 0 0 0 0 0
348 1 0.1 6.2366 4.95298 0.506906 -0.00481692 -0.00486893 -0.000466444 -0.0221598 0.0447997 0.00103807 1 0 0 0 0 0 0 0
349 1 0.1 6.37811 5.09422 0.504255 -0.00330639 -0.00535763 -0.00334933 -0.0714143 -0.00943222 -0.060379 1 0 0 0 0 0 0 0
350 1 0.1 6.37604 1.11081 0.393991 0.00142536 -0.00016766 -0.000209369 0.0169459 0.0291773 0.0100311 1 0 0 0 0 0 0 0
351 1 0.1 6.32417 1.235 0.565717 0.00534781 0.00229751 -0.00101084 0.0586666 -0.0447811 -0.0779078 1 0 0 0 0 0 0 0
352 1 0.1 6.07932 1.45452 0.686996 -0.00632476 0.00251111 -0.00837934 0.0911735 -0.0440402 0.0488933 1 0 0 0 0 0 0 0
353 1 0.1 6.06883 1.74461 0.624508 -0.0161873 -0.00718318 0.00306865 -0.177541 -0.0570151 0.0919208 1 0 0 0 0 0 0 0
354 1 0.1 5.58393 2.83202 0.29 0.0264965 -0.0146003 -0.00919126 0.268516 0.459856 -0.161931 1 0 0 0 0 0 0 0
355 1 0.1 5.63582 2.18815 0.522766 0.0114478 -0.0185396 -0.0464773 -0.0559928 0.0776594 0.564383 1 0 0 0 0 0 0 0
356 1 0.1 5.62257 2.37249 0.599514 0.015973 -0.0206423 -0.00444033 -0.23196 0.483183 0.256846 1 0 0 0 0 0 0 0
357 1 0.1 5.43031 2.42686 0.598494 0.0148039 -0.0199216 -0.00660794 -0.0137254 -0.442278 -0.258925 1 0 0 0 0 0 0 0
358 1 0.1 5.39026 2.60045 0.501091 -0.00693344 -0.00191963 0.00825479 -0.112865 0.101438 -0.0959768 1 0 0 0 0 0 0 0
359 1 0.1 5.41852 3.10438 0.474219 -0.00861193 -0.0046865 -0.00690662 -0.362801 -0.347865 0.00774893 1 0 0 0 0 0 0 0
360 1 0.1 5.31599 2.93845 0.430912 0.0163255 -0.016484 -0.0234883 0.187214 -0.152762 0.212453 1 0 0 0 0 0 0 0
361 1 0.1 5.13447 2.7771 0.494511 0.0238257 -0.00214746 -0.00423971 -0.202689 -0.188806 0.216962 1 0 0 0 0 0 0 0
362 1 0.1 5.01514 2.92204 0.557712 0.0269702 -0.00449577 -0.000422241 0.362085 0.111706 -0.279085 1 0 0 0 0 0 0 0
363 1 0.1 4.99899 3.11598 0.595765 0.0312552 -0.0027094 -0.000113985 -0.182863 0.253022 0.263593 1 0 0 0 0 0 0 0
364 1 0.1 5.22304 3.20781 0.572751 0.0291539 -0.0209055 -0.0120079 0.310752 -0.316122 0.351342 1 0 0 0 0 0 0 0
365 1 0.1 5.19501 3.01118 0.59274 -0.00644456 -0.0185898 -0.0259439 -0.000573541 1.42494 -0.864001 1 0 0 0 0 0 0 0
366 1 0.1 5.41303 3.26595 0.592045 0.0196458 -0.00414787 0.0144188 -0.383645 0.0611789 -0.206515 1 0 0 0 0 0 0 0
367 1 0.1 5.57459 3.11825 0.598293 -0.0119072 0.014744 -0.00675961 -0.356437 0.266732 -0.327499 1 0 0 0 0 0 0 0
368 1 0.1 5.58708 3.29033 0.496743 -0.0543571 -0.237371 -0.178161 0.967387 2.23412 -2.79462 1 0 0 0 0 0 0 0
369 1 0.1 5.66685 3.56934 0.58892 -0.0361379 -0.138066 0.0277667 -0.0543156 0.30283 1.4741 1 0 0 0 0 0 0 0
370 1 0.1 5.71474 2.98333 0.276974 -0.020473 -0.058134 0.0680575 0.368899 -0.831059 -1.32983 1 0 0 0 0 0 0 0
371 1 0.1 5.87362 3.78065 0.726656 -0.0870455 -0.191759 0.0018342 -0.0686925 0.164864 -1.14108 1 0 0 0 0 0 0 0
372 1 0.1 6.02236 4.47651 0.582419 -0.00843241 -0.0104438 0.00138663 0.187822 0.270035 -0.0306068 1 0 0 0 0 0 0 0
373 1 0.1 6.16225 4.61936 0.582816 -0.0110339 -0.00802183 0.000907219 0.0650601 -0.000472744 0.0759136 1 0 0 0 0 0 0 0
374 1 0.1 6.2881 4.79264 0.61422 -0.00475631 -0.00637695 -0.00256753 0.0635852 -0.0821271 0.0378849 1 0 0 0 0 0 0 0
375 1 0.1 6.1258 0.89741 0.749998 0.000725918 -0.000842492 0.000868618 -0.0106234 -0.024469 -0.00934318 1 0 0 0 0 0 0 0
376 1 0.1 5.9334 1.08479 0.748474 -0.000312255 0.00426012 -0.000489524 0.0637811 0.0240242 -0.0936594 1 0 0 0 0 0 0 0
377 1 0.1 5.79302 1.22608 0.761393 -0.000810258 0.0030721 0.00540738 0.0209994 -0.0464755 0.0368682 1 0 0 0 0 0 0 0
378 1 0.1 5.64882 1.36797 0.7502 -0.000551757 0.00211205 -0.000865659 -0.0132503 0.00582817 0.0178301 1 0 0 0 0 0 0 0
379 1 0.1 5.4962 1.52556 0.749975 -0.0709806 0.0910762 0.000318697 -0.162621 -0.131097 1.13884 1 0 0 0 0 0 0 0
380 1 0.1 5.2404 1.77861 0.749932 -0.0956242 0.0649464 -0.000518437 -0.176251 -0.257194 1.12576 1 0 0 0 0 0 0 0
381 1 0.1 5.08492 1.93095 0.749985 -0.0192865 0.0316624 -0.00112119 -0.00352488 0.010356 0.383438 1 0 0 0 0 0 0 0
382 1 0.1 4.94647 2.0803 0.763142 0.00251827 0.0100449 -0.0010559 0.105042 -0.0179219 0.00415486 1 0 0 0 0 0 0 0
383 1 0.1 4.76353 2.25833 0.752505 0.01901 -0.0190752 -0.000127828 -0.0168487 -0.00856511 0.190352 1 0 0 0 0 0 0 0
384 1 0.1 4.62365 2.39919 0.749961 0.0114615 -0.0104465 0.00645284 0.0737357 0.0427938 0.253578 1 0 0 0 0 0 0 0
385 1 0.1 4.438 2.58399 0.753288 0.0263272 -0.0273215 0.01923 0.346273 0.00880985 -0.454411 1 0 0 0 0 0 0 0
386 1 0.1 4.25903 2.76147 0.751893 -0.0663563 0.0500348 0.00767878 0.0151858 -0.00214657 0.345451 1 0 0 0 0 0 0 0
387 1 0.1 4.20875 2.95196 0.761468 0.106304 0.0889853 0.100028 0.964511 0.447943 -1.7772 1 0 0 0 0 0 0 0
388 1 0.1 4.19233 3.1449 0.749987 -0.00250209 0.0597713 0.00476085 -1.74825 0.00379185 1.01533 1 0 0 0 0 0 0 0
389 1 0.1 4.31757 3.2997 0.748494 0.0306113 0.0181717 -0.0151565 0.155867 -0.0322106 0.328206 1 0 0 0 0 0 0 0
390 1 0.1 4.51904 3.50391 0.748714 0.0058919 0.00988091 0.00194831 0.00410483 -0.0903432 -0.0462682 1 0 0 0 0 0 0 0
391 1 0.1 4.66188 3.64202 0.761608 0.00746653 0.00645161 0.00698916 -0.0688567 -0.0285372 0.015237 1 0 0 0 0 0 0 0
392 1 0.1 4.80089 3.78435 0.749808 0.000799969 0.0174532 -0.00550343 -0.0297708 0.091794 0.180276 1 0 0 0 0 0 0 0
393 1 0.1 5.07804 4.05375 0.749041 -0.0211992 0.0424607 -0.00225534 0.231926 0.077378 -0.373572 1 0 0 0 0 0 0 0
394 1 0.1 5.21875 4.19492 0.760446 0.00223634 0.00557084 0.00202497 -0.027936 0.0212802 -0.0282368 1 0 0 0 0 0 0 0
395 1 0.1 5.4997 4.47914 0.750133 0.00116429 0.00204812 0.00259963 -0.0199045 -0.0147613 0.0251426 1 0 0 0 0 0 0 0
396 1 0.1 5.64664 4.62859 0.750005 0.00126335 0.0012452 0.000292009 -0.0057321 0.00110697 0.0181848 1 0 0 0 0 0 0 0
397 1 0.1 5.78803 4.76985 0.749937 0.000712255 0.00136814 -0.000171106 -0.000380719 0.000330786 0.00707178 1 0 0 0 0 0 0 0
398 1 0.1 5.92944 4.91112 0.750291 0.000757038 0.00121247 0.00012194 -6.12533e-05 -0.00170417 -0.00628444 1 0 0 0 0 0 0 0
399 1 0.1 6.07108 5.05218 0.751873 0.000678514 0.000745386 0.000825954 -0.00299197 -0.00899165 0.00540765 1 0 0 0 0 0 0 0
400 1 0.1 6.39378 0.629881 0.749013 -0.000318151 0.000279709 -0.000289511 -0.0285703 -0.025216 -0.00581398 1 0 0 0 0 0 0 0
401 1 0.1 6.12317 1.08694 0.686385 0.000143847 -0.000904878 0.000488224 -0.0036592 -0.0209858 0.0330459 1 0 0 0 0 0 0 0
402 1 0.1 5.97015 1.28743 0.694113 -0.00160219 -0.000388705 0.0013623 -0.186899 0.0360386 -0.000859568 1 0 0 0 0 0 0 0
403 1 0.1 5.86091 1.4403 0.762625 -0.000936399 -0.00105217 -0.00116312 -0.0215177 0.0911908 -0.0733303 1 0 0 0 0 0 0 0
404 1 0.1 5.70126 1.56021 0.760615 0.00124946 0.00387641 -0.00858 -0.0593663 -0.0629491 0.0303618 1 0 0 0 0 0 0 0
405 1 0.1 5.42896 1.71346 0.762506 -0.0894713 0.0842566 3.17698e-05 0.107944 0.274839 -0.930144 1 0 0 0 0 0 0 0
406 1 0.1 5.29158 1.97139 0.76306 0.0356027 0.0287472 0.000355284 0.252697 -0.358315 0.356089 1 0 0 0 0 0 0 0
407 1 0.1 5.15606 2.11785 0.751335 0.0200594 0.0162942 -0.0308191 -0.0281038 -0.331568 0.0898773 1 0 0 0 0 0 0 0
408 1 0.1 5.11193 2.30322 0.691287 0.00771161 0.0168743 -0.0218908 0.185427 -0.144667 0.184946 1 0 0 0 0 0 0 0
409 1 0.1 4.92907 2.36639 0.73833 0.00690379 -0.00374677 -0.0185547 -0.0738399 0.145208 0.00515842 1 0 0 0 0 0 0 0
410 1 0.1 4.73093 2.56328 0.762668 0.0211409 -0.0218495 0.000532802 -0.182656 -0.085917 -0.415211 1 0 0 0 0 0 0 0
411 1 0.1 4.5227 2.76386 0.762769 0.0625767 -0.0495338 0.00210304 -0.338213 0.258307 0.022363 1 0 0 0 0 0 0 0
412 1 0.1 4.40025 2.91613 0.762667 0.0642231 -0.0671741 0.00127811 -0.162763 0.361244 0.106917 1 0 0 0 0 0 0 0
413 1 0.1 4.39522 3.11601 0.762501 -0.185964 -0.0731297 -0.000117957 -0.0664808 -0.232664 -1.5475 1 0 0 0 0 0 0 0
414 1 0.1 4.51688 3.3045 0.762503 0.0278114 0.00808729 0.000252095 0.0444767 -0.073008 0.0285288 1 0 0 0 0 0 0 0
415 1 0.1 4.70919 3.44938 0.730414 -0.00143978 -0.00870988 0.0048921 0.108697 -0.0220079 -0.0893914 1 0 0 0 0 0 0 0
416 1 0.1 4.85383 3.58768 0.760242 0.00188459 -0.00207877 0.00254082 0.0316003 0.095539 -0.112215 1 0 0 0 0 0 0 0
417 1 0.1 4.97293 3.8845 0.737809 -0.0355061 0.0599224 -0.022038 0.105954 0.115428 0.220606 1 0 0 0 0 0 0 0
418 1 0.1 5.20029 3.89583 0.757586 -0.0171187 0.035588 -0.0443382 -0.183006 -0.299586 -0.152034 1 0 0 0 0 0 0 0
419 1 0.1 5.3603 4.33616 0.761325 0.00134115 0.0030994 -0.000509522 0.00871012 0.00281391 0.0218529 1 0 0 0 0 0 0 0
420 1 0.1 5.61662 4.3172 0.756672 0.00129071 0.00318254 0.00388357 -0.006172 0.0436479 -0.0137176 1 0 0 0 0 0 0 0
421 1 0.1 5.75416 4.46089 0.762536 0.00376392 0.00221418 5.25644e-05 5.78014e-05 0.0100256 0.00359228 1 0 0 0 0 0 0 0
422 1 0.1 5.89544 4.60167 0.76251 0.00150116 0.00200733 -0.000320355 0.00378035 0.00577675 0.00584989 1 0 0 0 0 0 0 0
423 1 0.1 6.03937 4.73994 0.76263 -0.000108076 0.000942367 -8.53641e-05 0.00695857 0.00218677 -0.00312036 1 0 0 0 0 0 0 0
424 1 0.1 6.2163 5.20045 0.74999 0.000165464 0.000216472 -0.00029987 0.00206456 0.00204092 0.00252684 1 0 0 0 0 0 0 0
425 1 0.1 6.53515 0.488451 0.749997 -0.000260847 0.000265698 -4.84199e-05 0.0166874 0.0192393 -0.00290476 1 0 0 0 0 0 0 0
426 1 0.1 6.29438 1.01286 0.757407 0.000104791 0.000530808 0.00261277 0.0485913 -0.022786 0.00408993 1 0 0 0 0 0 0 0
427 1 0.1 6.1568 1.26872 0.762558 -0.000684965 -9.81164e-05 -0.000446921 -0.00039662 0.00705928 -0.062351 1 0 0 0 0 0 0 0
428 1 0.1 5.96974 1.60778 0.753833 -0.00851979 0.00530515 -0.00274857 -0.0136147 -0.0635037 -0.134276 1 0 0 0 0 0 0 0
429 1 0.1 5.81003 1.72754 0.762631 -0.00429724 0.0129132 0.00118948 0.147226 0.0206478 0.0243988 1 0 0 0 0 0 0 0
430 1 0.1 5.62538 1.8078 0.76311 0.00798698 -0.0245242 -0.00205606 0.101194 0.107541 -0.16246 1 0 0 0 0 0 0 0
431 1 0.1 5.48862 1.95057 0.743649 0.0447558 0.0229878 0.030553 0.232934 0.0151279 -0.437546 1 0 0 0 0 0 0 0
432 1 0.1 5.3352 2.2046 0.741913 0.028274 -0.00773609 -0.0131499 0.0987341 0.16777 -0.352534 1 0 0 0 0 0 0 0
433 1 0.1 5.29439 2.39993 0.754708 -0.0113771 -0.014399 -0.0236186 -0.0465903 0.0947446 -0.0886463 1 0 0 0 0 0 0 0
434 1 0.1 5.11566 2.48904 0.763144 -0.00211802 0.00347167 0.00301603 0.019349 0.0643286 -0.135617 1 0 0 0 0 0 0 0
435 1 0.1 4.93106 2.56351 0.762054 -0.00222086 -0.00220206 -0.00812798 0.175164 -0.188097 0.0895795 1 0 0 0 0 0 0 0
436 1 0.1 4.71851 2.75862 0.757894 0.050009 -0.0269505 -0.0303269 -0.114544 0.0795898 0.181003 1 0 0 0 0 0 0 0
437 1 0.1 4.59536 2.95512 0.747591 0.0603378 -0.0424806 -0.0295231 0.0904289 -0.0620297 0.146845 1 0 0 0 0 0 0 0
438 1 0.1 4.67084 3.14142 0.76271 0.00993746 -0.00307058 -0.00137501 -0.0281859 -0.104599 0.0261867 1 0 0 0 0 0 0 0
439 1 0.1 4.85033 3.31348 0.763242 -0.00936174 -0.0144711 -0.000222257 0.00416894 0.10891 -0.201651 1 0 0 0 0 0 0 0
440 1 0.1 5.03237 3.49846 0.762597 -0.000683021 -0.00356292 4.23183e-05 0.00644382 -0.0833489 0.121237 1 0 0 0 0 0 0 0
441 1 0.1 5.0409 3.69822 0.762604 -0.249316 -0.00313791 0.000778188 0.0276992 -2.69532 0.214935 1 0 0 0 0 0 0 0
442 1 0.1 5.23991 3.68263 0.762565 -0.258444 0.0635496 -0.00415811 0.687585 2.98668 0.512012 1 0 0 0 0 0 0 0
443 1 0.1 5.33914 4.03377 0.764578 0.00375863 -0.000224222 0.00495462 -0.0830973 0.0374364 0.0807603 1 0 0 0 0 0 0 0
444 1 0.1 5.47813 4.1747 0.762962 -0.000733782 0.00366758 0.00160368 0.0817395 -0.00469169 -0.0140316 1 0 0 0 0 0 0 0
445 1 0.1 5.66631 4.10816 0.762601 -0.00475047 -0.00931701 0.00279921 -0.0945326 0.00385855 -0.131891 1 0 0 0 0 0 0 0
446 1 0.1 5.80592 4.251 0.759094 -0.00428867 -0.0120251 -0.00433857 -0.088638 -0.0886979 0.121946 1 0 0 0 0 0 0 0
447 1 0.1 5.9429 4.39645 0.752738 0.000812191 -0.0188761 -0.00451266 0.0235043 0.0260587 -0.220881 1 0 0 0 0 0 0 0
448 1 0.1 6.17809 4.8836 0.762336 0.000876784 0.000661743 0.00132923 -0.00256501 -0.0140575 -0.00835539 1 0 0 0 0 0 0 0
449 1 0.1 6.38582 5.36329 0.749951 -0.000171581 -3.10398e-05 -0.000794891 0.00705584 0.000297516 -0.00772166 1 0 0 0 0 0 0 0
450 1 0.1 6.5378 0.722383 0.645901 0.000921911 -0.000803003 0.000607623 -0.00546144 -0.00716291 0.0139255 1 0 0 0 0 0 0 0
451 1 0.1 6.36897 0.827612 0.762609 0.0003186 0.000401295 3.56103e-05 -0.00941297 -0.00745305 -0.00117816 1 0 0 0 0 0 0 0
452 1 0.1 6.34736 1.20848 0.762516 -0.00129855 -0.00136981 -0.000150422 -0.027717 -0.0136573 0.0347796 1 0 0 0 0 0 0 0
453 1 0.1 6.16711 1.63845 0.762525 -0.00493352 -0.000995758 -0.000314846 -0.00597988 0.0423206 0.0583786 1 0 0 0 0 0 0 0
454 1 0.1 5.96925 1.84937 0.76268 -0.00668095 0.00605077 -7.40647e-05 0.0672853 0.0299099 -0.0128109 1 0 0 0 0 0 0 0
455 1 0.1 5.7854 1.92741 0.758082 -0.0100627 0.00650912 -0.00256288 0.00307689 -0.0780072 -0.00189885 1 0 0 0 0 0 0 0
456 1 0.1 5.64703 2.07153 0.762651 0.0236492 0.0351328 -0.00051106 0.339939 -0.250444 -0.448579 1 0 0 0 0 0 0 0
457 1 0.1 5.50352 2.30978 0.76088 0.0307694 -0.0173907 -0.0170427 0.332465 0.144178 0.318601 1 0 0 0 0 0 0 0
458 1 0.1 5.50622 2.50941 0.763225 -0.00866228 -0.016881 0.000826428 -0.150497 0.0440815 -0.0275685 1 0 0 0 0 0 0 0
459 1 0.1 5.33315 2.60728 0.763046 0.00344746 0.025761 8.74867e-05 0.069912 0.0453286 -0.195269 1 0 0 0 0 0 0 0
460 1 0.1 5.14946 2.68606 0.76252 -0.0318127 0.00729042 -0.00237573 0.0326237 0.0109153 -0.240487 1 0 0 0 0 0 0 0
461 1 0.1 4.91407 2.76093 0.763303 0.0398032 0.000482803 0.00301951 -0.00556063 -0.376774 -0.478729 1 0 0 0 0 0 0 0
462 1 0.1 4.79422 2.94313 0.760375 0.0639264 -0.031354 -0.0273203 0.2032 0.0202548 -0.0165298 1 0 0 0 0 0 0 0
463 1 0.1 4.88927 3.11835 0.762908 0.0208398 -0.00523658 -0.000679678 0.0314205 -0.172865 0.527195 1 0 0 0 0 0 0 0
464 1 0.1 5.04811 3.29992 0.741211 -0.0124434 -0.0103187 -0.00787383 -0.145943 0.00077464 0.291612 1 0 0 0 0 0 0 0
465 1 0.1 5.21214 3.4118 0.76251 -0.0122184 -0.0187654 0.000282753 0.246416 -0.0218799 -0.34757 1 0 0 0 0 0 0 0
466 1 0.1 5.41999 3.36923 0.762696 0.0129065 0.0170283 0.000684685 0.151283 -0.099576 0.196773 1 0 0 0 0 0 0 0
467 1 0.1 5.4036 3.56836 0.754546 -0.335428 -0.0160328 -0.144248 -0.793662 -1.20879 -1.5283 1 0 0 0 0 0 0 0
468 1 0.1 5.38424 3.8208 0.739064 -0.0691993 -0.0928385 -0.0415441 0.316564 -0.188365 -1.16098 1 0 0 0 0 0 0 0
469 1 0.1 5.52582 3.96748 0.739684 -0.00806839 -0.0379823 -0.00859355 0.325994 -0.185419 -0.492427 1 0 0 0 0 0 0 0
470 1 0.1 5.84607 4.0217 0.749828 -0.0366584 -0.0742778 0.0513772 -0.475481 -0.249169 -0.567138 1 0 0 0 0 0 0 0
471 1 0.1 5.98594 4.16408 0.761896 -0.0335906 -0.0749117 0.0109853 -0.21484 0.0670962 -0.818363 1 0 0 0 0 0 0 0
472 1 0.1 6.10865 4.30434 0.689374 -0.186023 -0.124865 -0.342453 -0.22936 4.16079 -0.972392 1 0 0 0 0 0 0 0
473 1 0.1 6.31545 5.02707 0.740974 0.000760747 0.000540098 -0.00278043 -0.00973428 0.0600975 0.00563392 1 0 0 0 0 0 0 0
474 1 0.1 6.42592 5.18122 0.677848 -0.00400878 0.0022256 -0.00766213 0.0500797 0.0851946 0.000597627 1 0 0 0 0 0 0 0
475 1 0.1 6.5655 0.882426 0.762517 6.76965e-05 -0.000240017 6.98848e-06 -0.00124252 0.00374943 -0.00241282 1 0 0 0 0 0 0 0
476 1 0.1 6.48695 1.06588 0.749956 0.000191386 -7.33008e-05 0.00062632 -0.0195813 0.0513276 -0.0115495 1 0 0 0 0 0 0 0
477 1 0.1 5.7891 2.31681 0.503939 0.01844 -0.0163916 -0.00465262 -0.161946 -0.355639 0.0216719 1 0 0 0 0 0 0 0
478 1 0.1 6.26367 1.43793 0.762511 -0.00928021 -0.00224638 0.000181885 0.0261145 -0.0624625 -0.0426423 1 0 0 0 0 0 0 0
479 1 0.1 5.5427 2.98128 0.76153 -0.00629078 0.0389111 0.0107842 -0.0453472 0.0558867 0.816437 1 0 0 0 0 0 0 0
480 1 0.1 5.80592 2.14792 0.665704 0.0578418 -0.00322782 0.0326573 0.00737379 -0.347654 -0.05613 1 0 0 0 0 0 0 0
481 1 0.1 5.70216 2.28863 0.762588 0.0338026 0.00338156 -0.000507731 0.0256252 -0.348159 -0.088575 1 0 0 0 0 0 0 0
482 1 0.1 5.70498 2.48856 0.758803 -0.00553566 0.00388458 -0.00595214 -0.111368 0.186342 0.161434 1 0 0 0 0 0 0 0
483 1 0.1 5.48181 2.72208 0.62898 0.0234338 -0.0173757 -0.00284797 0.188079 0.268242 -0.0519538 1 0 0 0 0 0 0 0
484 1 0.1 5.43188 2.94697 0.595935 0.0258365 0.00476035 0.00568951 0.219968 0.445252 0.358044 1 0 0 0 0 0 0 0
485 1 0.1 5.39794 2.84341 0.762912 0.0427999 -0.0103978 0.00106597 -0.0772681 -0.323276 -0.237777 1 0 0 0 0 0 0 0
486 1 0.1 5.2027 2.87742 0.740717 0.061601 -0.0116351 -0.0162405 -0.21968 0.135988 0.254952 1 0 0 0 0 0 0 0
487 1 0.1 5.01159 2.9285 0.755563 0.0521659 -0.0126793 -0.00341921 -0.255356 0.111471 0.421932 1 0 0 0 0 0 0 0
488 1 0.1 5.09148 3.10688 0.766068 0.00879519 -0.00141249 0.00478788 0.283674 -0.220508 0.0612446 1 0 0 0 0 0 0 0
489 1 0.1 5.2805 3.22433 0.762904 -0.00178792 -0.0135602 -0.00124742 -0.136222 0.0353189 0.580344 1 0 0 0 0 0 0 0
490 1 0.1 5.32809 3.03056 0.761047 0.0583596 -0.000204694 -0.00506427 0.200395 -0.359415 -0.057017 1 0 0 0 0 0 0 0
491 1 0.1 5.47258 3.16855 0.762658 0.0163081 0.0470686 0.000700618 -0.283437 0.214432 0.690141 1 0 0 0 0 0 0 0
492 1 0.1 5.60173 3.30983 0.704403 -0.0310208 0.0339778 -0.162012 0.0548611 1.81815 -0.0693757 1 0 0 0 0 0 0 0
493 1 0.1 5.54704 3.70766 0.762512 -0.141475 -0.205618 0.000798288 -0.138067 -0.451427 -0.126178 1 0 0 0 0 0 0 0
494 1 0.1 5.7045 3.88104 0.762552 -0.0289816 -0.0869531 0.00018862 -0.380362 0.103781 -0.0352878 1 0 0 0 0 0 0 0
495 1 0.1 5.59173 3.50117 0.76195 -0.346463 -0.0171611 -0.0172339 0.737737 -0.117301 1.47808 1 0 0 0 0 0 0 0
496 1 0.1 5.73531 3.64079 0.762541 -0.103049 -0.139673 0.0215722 0.314241 0.154695 0.61462 1 0 0 0 0 0 0 0
497 1 0.1 6.08489 4.53668 0.762545 0.0030897 -0.020083 0.00077818 -0.00545673 -0.08117 0.205918 1 0 0 0 0 0 0 0
498 1 0.1 6.23289 4.67096 0.762612 -0.00684524 -0.00692988 -0.00143616 -0.0644551 0.0655938 -0.0443239 1 0 0 0 0 0 0 0
499 1 0.1 6.40843 4.85132 0.762574 -0.00777731 -0.00358807 -0.000156689 -0.0370433 0.0723412 0.0430479 1 0 0 0 0 0 0 0
