500
0 1 0.1 6.13818 0.881584 0.150021 0.000232689 -0.000560953 -3.62835e-05 -0.00107932 -0.00025199 -0.00889805 1 0 0 0 0 0 0 0
1 1 0.1 5.95469 1.06671 0.151194 0.00215987 -0.00144184 0.000522049 0.00621831 0.00394815 -0.0194392 1 0 0 0 0 0 0 0
2 1 0.1 5.81353 1.20814 0.15212 0.00288217 -0.000709826 0.000992787 0.00680756 -0.0130709 -0.034833 1 0 0 0 0 0 0 0
3 1 0.1 5.67226 1.34855 0.14899 0.00252527 -0.000348887 -0.00188576 0.0127437 -0.0274356 0.0207834 1 0 0 0 0 0 0 0
4 1 0.1 5.5328 1.48968 0.152139 0.00828778 0.00779682 0.0100989 0.135384 0.145183 -0.0738182 1 0 0 0 0 0 0 0
5 1 0.1 5.30995 1.71296 0.148658 0.0348929 -0.0016894 0.0253325 0.0684724 -0.401065 0.519777 1 0 0 0 0 0 0 0
6 1 0.1 5.16716 1.8497 0.150009 0.0244212 -0.0191767 -0.0029334 -0.0305454 -0.0304888 -0.308492 1 0 0 0 0 0 0 0
7 1 0.1 5.04265 1.99914 0.147696 -0.0293988 -0.0802666 0.0303025 0.00492254 0.554235 1.15183 1 0 0 0 0 0 0 0
8 1 0.1 4.89452 2.13003 0.137126 0.0475703 -0.0534321 -0.00466892 -0.771886 -0.33978 -1.92239 1 0 0 0 0 0 0 0
9 1 0.1 4.696 2.32669 0.149307 0.0929073 -0.0877032 0.0273658 0.0639334 0.0747811 0.958707 1 0 0 0 0 0 0 0
10 1 0.1 4.44865 2.56512 0.149944 0.00252291 -0.00111745 -0.00514391 0.00563776 -0.0120728 -0.222026 1 0 0 0 0 0 0 0
11 1 0.1 4.29581 2.74015 0.151941 0.0408364 0.0317608 -0.00257703 0.0469582 -0.0126593 0.284639 1 0 0 0 0 0 0 0
12 1 0.1 4.18614 2.89833 0.14958 -0.00140892 -0.00783919 -0.000290697 0.0359739 -0.166002 0.260684 1 0 0 0 0 0 0 0
13 1 0.1 4.19021 3.1 0.16379 -5.28248e-05 -4.10487e-07 -0.000277522 1.76752e-05 0.00291698 9.28488e-05 1 0 0 0 0 0 0 0
14 1 0.1 4.31071 3.29167 0.16861 0.00469242 0.00636983 -0.00330053 0.0308436 0.0255073 0.0832171 1 0 0 0 0 0 0 0
15 1 0.1 4.46995 3.44904 0.150613 -0.0171861 -0.0127324 -0.0125555 0.0718879 0.148705 -0.0690572 1 0 0 0 0 0 0 0
16 1 0.1 4.662 3.64757 0.150015 -0.0036488 -0.00735006 0.000282272 0.00289839 0.0050957 -0.0590743 1 0 0 0 0 0 0 0
17 1 0.1 4.805 3.78691 0.140353 -0.0073593 -0.00918437 0.00245904 0.00277221 -0.00908838 0.00731098 1 0 0 0 0 0 0 0
18 1 0.1 5.05502 4.02724 0.13721 -0.00276116 -0.00250256 0.00416832 0.0263565 0.0941903 0.00281065 1 0 0 0 0 0 0 0
19 1 0.1 5.20131 4.17737 0.1469 -0.00238433 -0.00601074 -0.00789397 0.0270153 0.0060906 -0.111701 1 0 0 0 0 0 0 0
20 1 0.1 5.34231 4.31875 0.150182 0.00484673 -0.0014073 -0.00530923 0.0253213 0.00998724 0.0204208 1 0 0 0 0 0 0 0
21 1 0.1 5.48488 4.45878 0.142987 0.0114648 0.0121362 0.0135576 -0.0776144 -0.0377375 0.139945 1 0 0 0 0 0 0 0
22 1 0.1 5.63766 4.6159 0.150495 0.00123985 0.00265192 0.000656993 -0.0118584 -0.00321556 0.0147181 1 0 0 0 0 0 0 0
23 1 0.1 5.80293 4.78505 0.149903 0.000599049 0.00103172 -0.00145475 0.0103237 0.00667732 0.00292577 1 0 0 0 0 0 0 0
24 1 0.1 5.95125 4.92938 0.155921 0.000760909 0.0012029 -0.000950792 0.00917074 0.00593159 0.00749781 1 0 0 0 0 0 0 0
25 1 0.1 6.39667 0.627001 0.149964 1.80423e-05 2.81167e-05 -4.37119e-05 -0.000873937 0.000422786 -0.00135362 1 0 0 0 0 0 0 0
26 1 0.1 6.1503 1.15199 0.137212 0.00234708 0.00214096 -0.000309071 -0.0121256 0.0227202 -0.0206927 1 0 0 0 0 0 0 0
27 1 0.1 5.99858 1.28063 0.13724 0.00247089 0.000348227 0.00122042 0.0119444 0.02138 0.0413821 1 0 0 0 0 0 0 0
28 1 0.1 5.85388 1.4312 0.137369 0.00813883 -0.00111716 0.000198127 0.0218836 -0.00228467 -0.10395 1 0 0 0 0 0 0 0
29 1 0.1 5.71359 1.57287 0.138118 0.0115208 0.000807075 -0.000496734 -0.0167502 0.0318371 0.045355 1 0 0 0 0 0 0 0
30 1 0.1 5.50365 1.68386 0.178696 0.0394032 0.0138794 0.0222206 -0.0815361 0.430548 -0.331932 1 0 0 0 0 0 0 0
31 1 0.1 5.35711 1.90884 0.137443 0.0339321 -0.0996782 -0.000737457 -0.325401 -0.440989 1.21779 1 0 0 0 0 0 0 0
32 1 0.1 5.2362 2.06569 0.137545 0.127051 -0.0177828 -0.0313599 0.401462 -0.124357 -2.49913 1 0 0 0 0 0 0 0
33 1 0.1 5.08282 2.19058 0.137124 0.0579146 -0.073647 0.00163354 0.150761 0.076016 3.29358 1 0 0 0 0 0 0 0
34 1 0.1 4.88385 2.32472 0.133553 0.0650878 -0.0728856 -0.00512992 0.814321 0.469171 1.26628 1 0 0 0 0 0 0 0
35 1 0.1 4.62423 2.50017 0.141498 -0.103732 -0.199019 0.0363123 -0.394298 -0.23338 -1.39234 1 0 0 0 0 0 0 0
36 1 0.1 4.48796 2.75324 0.141529 0.0349646 -0.00772688 0.00798874 0.0936706 -0.0231596 -0.632169 1 0 0 0 0 0 0 0
37 1 0.1 4.39218 2.9255 0.147949 0.0560418 0.00428849 0.0116803 -0.0126746 0.0151224 0.598347 1 0 0 0 0 0 0 0
38 1 0.1 4.40489 3.1219 0.137292 0.0032762 0.00815298 -2.20663e-06 -0.0995904 0.0426857 -0.0569362 1 0 0 0 0 0 0 0
39 1 0.1 4.54456 3.2639 0.139078 0.0195399 -0.0052899 0.0100329 -0.088771 -0.359589 -0.0645658 1 0 0 0 0 0 0 0
40 1 0.1 4.66843 3.43968 0.134909 -0.0215533 -0.0474974 -0.00508499 -0.84657 -0.819879 -0.116961 1 0 0 0 0 0 0 0
41 1 0.1 4.85223 3.59043 0.137722 -0.00116065 -0.0066976 -0.00162468 0.00822623 0.00606425 0.0732083 1 0 0 0 0 0 0 0
42 1 0.1 4.99771 3.83655 0.157454 -0.00795205 -0.0130844 -0.00366043 -0.0210242 0.0729676 -0.0606479 1 0 0 0 0 0 0 0
43 1 0.1 5.23934 3.99069 0.204747 -0.00688461 -0.01601 -0.00976257 -0.031799 0.0632635 0.0164068 1 0 0 0 0 0 0 0
44 1 0.1 5.38527 4.13343 0.21118 -0.00599381 -0.00964849 -0.0210504 -0.0243977 0.0952701 0.0421684 1 0 0 0 0 0 0 0
45 1 0.1 5.52955 4.25054 0.137438 0.000711463 -0.00264349 -0.00283826 0.00584095 -0.00559074 -0.00158136 1 0 0 0 0 0 0 0
46 1 0.1 5.73335 4.44104 0.137212 0.002336 0.00577552 -0.000871515 0.0395197 -0.00519189 0.0065696 1 0 0 0 0 0 0 0
47 1 0.1 5.86097 4.59422 0.142499 0.00110982 0.00355271 -0.001514 -0.028807 0.0310136 0.000666566 1 0 0 0 0 0 0 0
48 1 0.1 6.00135 4.73599 0.148481 0.000869391 0.00198874 -0.00275718 0.0168711 -0.0268677 -0.00839953 1 0 0 0 0 0 0 0
49 1 0.1 6.22431 5.20747 0.149321 0.000758262 -6.97982e-05 -0.00222707 0.0335051 -0.00914579 0.0144646 1 0 0 0 0 0 0 0
50 1 0.1 6.53811 0.485675 0.149997 1.69652e-06 8.90066e-06 6.34879e-05 -0.000822446 -0.00101301 -0.0275502 1 0 0 0 0 0 0 0
51 1 0.1 6.29083 1.01017 0.137478 0.000280417 -0.000267634 -0.000227097 0.00174346 0.00195461 -0.00985395 1 0 0 0 0 0 0 0
52 1 0.1 6.04737 1.48178 0.137424 0.00984813 -0.0203472 -0.000978733 0.125278 0.0902068 0.129135 1 0 0 0 0 0 0 0
53 1 0.1 5.90719 1.62382 0.137468 0.0254643 -0.000147641 0.00114585 -0.179828 0.0047708 -0.462333 1 0 0 0 0 0 0 0
54 1 0.1 5.85563 1.81657 0.137473 0.0552296 0.00598221 -0.00169371 0.0675175 0.252409 0.145452 1 0 0 0 0 0 0 0
55 1 0.1 5.68637 1.75228 0.221708 0.0520432 0.00352096 -0.00267877 -0.124971 -0.278906 -0.0207702 1 0 0 0 0 0 0 0
56 1 0.1 5.552 1.87254 0.137238 0.0533587 0.00249054 -0.000899962 0.0549708 0.494241 -0.0378639 1 0 0 0 0 0 0 0
57 1 0.1 5.4095 2.16493 0.13856 0.0750198 0.092264 0.0227219 -0.362851 0.0749514 -0.385103 1 0 0 0 0 0 0 0
58 1 0.1 5.25313 2.29203 0.137599 -0.0148511 0.0363813 -0.0139475 -0.236373 0.164013 -1.7547 1 0 0 0 0 0 0 0
59 1 0.1 5.07014 2.38896 0.136796 0.0508665 -0.0622192 0.00672249 0.498233 -0.0986941 -0.997879 1 0 0 0 0 0 0 0
60 1 0.1 4.87502 2.54543 0.137086 0.0326637 -0.0143237 0.000654512 0.178415 0.32734 -0.0100133 1 0 0 0 0 0 0 0
61 1 0.1 4.68335 2.71122 0.137499 -0.00290232 -0.190051 -4.15357e-06 0.102472 0.0267537 -1.81628 1 0 0 0 0 0 0 0
62 1 0.1 4.5956 2.91824 0.137245 0.0550303 -0.0190191 -0.0024079 0.129533 0.566977 0.376851 1 0 0 0 0 0 0 0
63 1 0.1 4.66411 3.10437 0.136669 0.0184377 -0.00668875 -0.00180821 0.173594 0.206654 0.0129833 1 0 0 0 0 0 0 0
64 1 0.1 4.76282 3.27209 0.159224 -0.00687176 -0.013421 0.0682596 1.49044 1.25891 0.327304 1 0 0 0 0 0 0 0
65 1 0.1 4.91387 3.40064 0.137604 -0.0207218 -0.0136368 -0.00360832 -0.148519 0.438878 -0.408767 1 0 0 0 0 0 0 0
66 1 0.1 5.05127 3.59229 0.137141 -0.00175224 0.00276032 -0.00122818 -0.0266163 -0.0120809 0.0164915 1 0 0 0 0 0 0 0
67 1 0.1 5.19448 3.80801 0.137489 -0.0142639 -0.0316855 -0.0155026 0.0661345 0.028304 -0.0704169 1 0 0 0 0 0 0 0
68 1 0.1 5.40853 3.9092 0.137391 0.0202072 0.0580932 0.0018527 -0.297425 -0.0799189 1.09031 1 0 0 0 0 0 0 0
69 1 0.1 5.55644 4.03141 0.197519 0.000913585 0.0132779 -0.0146173 -0.0277344 -0.115515 0.140017 1 0 0 0 0 0 0 0
70 1 0.1 5.72779 4.22582 0.13735 -0.00112084 0.001454 -0.00162326 0.00357978 -0.0103434 0.00385811 1 0 0 0 0 0 0 0
71 1 0.1 5.89894 4.32915 0.140701 -0.00440614 0.00283953 0.00546708 -0.0121665 -0.0949343 -0.0837796 1 0 0 0 0 0 0 0
72 1 0.1 6.02801 4.48473 0.137391 0.000437808 0.00254952 2.29427e-05 -0.020526 -0.00219192 -7.0005e-05 1 0 0 0 0 0 0 0
73 1 0.1 6.17288 4.83776 0.137327 0.000746263 0.000757084 -0.000462809 -0.00843217 0.00876497 0.000944207 1 0 0 0 0 0 0 0
74 1 0.1 6.36574 5.34878 0.150062 -0.000114893 5.29374e-05 0.000173339 -0.00263049 0.00214049 -0.00166542 1 0 0 0 0 0 0 0
75 1 0.1 6.57576 0.714973 0.137457 -8.44775e-05 0.000102718 -1.81478e-05 0.000512248 -0.0004179 -0.000758861 1 0 0 0 0 0 0 0
76 1 0.1 6.32634 0.813943 0.147903 -6.01572e-05 -6.68129e-05 -0.000277613 -0.00242614 -0.00114701 0.00167497 1 0 0 0 0 0 0 0
77 1 0.1 6.15837 1.62209 0.226801 0.0249231 -0.0249529 -0.00889766 0.209486 0.223051 -0.204893 1 0 0 0 0 0 0 0
78 1 0.1 5.96857 1.98166 0.137527 0.0431337 0.0127469 0.0034725 -0.143111 0.0535763 0.105967 1 0 0 0 0 0 0 0
79 1 0.1 5.8894 2.16107 0.176673 0.0170399 0.00439407 -0.011264 0.398843 -0.608188 -1.29946 1 0 0 0 0 0 0 0
80 1 0.1 5.76923 1.99656 0.137357 0.0373464 6.27237e-05 -0.00308695 -0.120621 -0.0942602 0.0241983 1 0 0 0 0 0 0 0
81 1 0.1 5.58811 2.0799 0.137027 0.0496485 0.0316628 0.000853872 -0.409702 0.473333 -0.364007 1 0 0 0 0 0 0 0
82 1 0.1 5.56893 2.28467 0.137134 0.103659 0.0558368 -0.00627767 0.0322067 -0.0331918 0.00244123 1 0 0 0 0 0 0 0
83 1 0.1 5.44178 2.42513 0.2008 0.145048 0.10063 -0.0424646 -1.06269 -0.0805156 0.087059 1 0 0 0 0 0 0 0
84 1 0.1 5.26387 2.48895 0.136254 0.114392 0.0174572 -0.0104616 0.231622 0.725486 0.486252 1 0 0 0 0 0 0 0
85 1 0.1 5.08924 2.58516 0.141257 0.092659 -0.0625782 0.0196703 -0.406038 -0.24011 0.437714 1 0 0 0 0 0 0 0
86 1 0.1 4.89461 2.74389 0.147809 0.0383281 -0.00706854 -0.0229621 -0.393798 -0.0256959 -0.039828 1 0 0 0 0 0 0 0
87 1 0.1 4.79352 2.91589 0.15693 0.0582379 0.0128579 -0.0383957 0.330587 -0.182151 -0.215335 1 0 0 0 0 0 0 0
88 1 0.1 4.86377 3.10106 0.138582 0.0283545 0.0311143 -0.0267229 -0.255929 0.143185 0.439843 1 0 0 0 0 0 0 0
89 1 0.1 5.01686 3.22912 0.137426 0.0590849 0.0135922 0.000315846 0.440937 -0.322279 -0.803228 1 0 0 0 0 0 0 0
90 1 0.1 5.11517 3.40301 0.139335 0.0686859 0.0177543 0.027635 -0.286684 0.0391451 0.72884 1 0 0 0 0 0 0 0
91 1 0.1 5.24744 3.55697 0.138925 -6.92009e-05 0.0373945 -0.00306582 -0.165171 0.0340158 0.238073 1 0 0 0 0 0 0 0
92 1 0.1 5.37057 3.71345 0.137371 0.0487033 0.0437319 0.00674173 0.213937 -0.248523 -0.771903 1 0 0 0 0 0 0 0
93 1 0.1 5.59784 3.84538 0.137342 -0.00312138 0.0098204 0.00111096 -0.125239 -0.0413887 -0.0537908 1 0 0 0 0 0 0 0
94 1 0.1 5.74129 3.98414 0.137435 -0.00908391 0.00731342 -0.00207295 -0.0440564 -0.0840488 -0.000897873 1 0 0 0 0 0 0 0
95 1 0.1 5.89338 4.11381 0.137478 -0.00554986 0.00139798 -0.00277439 -0.0240295 0.0318755 -0.0372309 1 0 0 0 0 0 0 0
96 1 0.1 6.05132 4.21648 0.204377 -0.0144611 -0.00228931 0.0112666 0.21748 -0.138168 0.0892787 1 0 0 0 0 0 0 0
97 1 0.1 6.17967 4.35444 0.137492 -0.0131237 -0.0136816 -0.000875649 -0.27935 0.272736 -0.216051 1 0 0 0 0 0 0 0
98 1 0.1 6.26843 5.01317 0.137518 0.000793277 0.000160892 -0.000232313 -0.0144466 0.00222899 0.0109743 1 0 0 0 0 0 0 0
99 1 0.1 6.41697 5.15588 0.137415 0.000723189 0.000199155 -0.000138828 0.00107784 0.0105687 0.00363128 1 0 0 0 0 0 0 0
100 1 0.1 6.46985 1.07294 0.200533 -0.0141264 -0.0585246 0.097833 0.0958943 -1.06204 -0.603876 1 0 0 0 0 0 0 0
101 1 0.1 6.18047 1.34703 0.200643 0.0104629 -0.0247676 -0.0137534 -0.0813291 0.0435208 -0.172221 1 0 0 0 0 0 0 0
102 1 0.1 6.21527 1.52467 0.51721 -0.000826369 0.00171166 0.0177008 -0.0924094 -0.0172424 0.0435583 1 0 0 0 0 0 0 0
103 1 0.1 6.04586 1.78296 0.188776 0.0510363 0.00154167 0.0198539 0.382264 -0.552812 -0.0550902 1 0 0 0 0 0 0 0
104 1 0.1 5.63315 2.59283 0.309327 0.0283817 0.0489849 -0.103465 -0.592831 2.95295 -1.45597 1 0 0 0 0 0 0 0
105 1 0.1 5.76667 2.31394 0.137497 0.107834 0.0825428 -0.00195408 0.182717 0.01973 0.233325 1 0 0 0 0 0 0 0
106 1 0.1 5.64256 2.46996 0.151908 0.0689292 0.0485349 -0.00706915 0.0340344 -0.3041 0.270321 1 0 0 0 0 0 0 0
107 1 0.1 5.5352 2.63782 0.137224 0.0658368 0.0573948 -0.00423012 -0.55982 0.653297 -0.0475023 1 0 0 0 0 0 0 0
108 1 0.1 5.41051 2.61587 0.291184 0.102077 0.0998399 0.0313163 0.690724 -0.0468104 -0.704668 1 0 0 0 0 0 0 0
109 1 0.1 5.42783 2.8195 0.137455 0.0269887 -0.00212959 0.000190807 0.0336539 0.272057 0.227409 1 0 0 0 0 0 0 0
110 1 0.1 5.27868 2.68638 0.137035 0.0116725 0.0246733 0.00473228 -0.198183 0.218344 0.465849 1 0 0 0 0 0 0 0
111 1 0.1 5.10284 2.78171 0.136286 -0.0235183 -0.0467223 0.00172615 0.230217 0.0172713 0.746072 1 0 0 0 0 0 0 0
112 1 0.1 4.99157 2.94814 0.141808 0.0198513 0.0286967 0.0102952 -0.10076 -0.286424 -0.560038 1 0 0 0 0 0 0 0
113 1 0.1 5.14792 3.07175 0.13672 0.0324428 0.00367823 -0.00134782 -0.0461829 0.303349 0.482751 1 0 0 0 0 0 0 0
114 1 0.1 5.20145 3.22173 0.255104 0.0499879 -0.0097779 0.003567 0.642357 1.12326 0.387415 1 0 0 0 0 0 0 0
115 1 0.1 5.29963 3.39349 0.239224 0.00961169 0.0214575 0.00820003 0.093095 -0.0700175 0.00656082 1 0 0 0 0 0 0 0
116 1 0.1 5.43803 3.49479 0.137386 0.00950169 0.0104624 0.00284336 -0.113222 0.0968106 -0.121735 1 0 0 0 0 0 0 0
117 1 0.1 5.55914 3.65128 0.163477 0.0143313 0.00657254 -0.0137257 0.420879 0.602229 0.156779 1 0 0 0 0 0 0 0
118 1 0.1 5.63413 3.45601 0.137922 -0.0293291 -0.180945 0.00654087 -0.109974 -0.0853434 -1.83193 1 0 0 0 0 0 0 0
119 1 0.1 5.42255 3.27332 0.137466 0.0234911 0.0301582 0.0015635 0.0090982 0.0809216 0.135049 1 0 0 0 0 0 0 0
120 1 0.1 5.74231 3.68738 0.234897 -0.0109597 0.107594 0.00304852 0.337625 -0.617327 1.23671 1 0 0 0 0 0 0 0
121 1 0.1 5.7204 3.67009 0.432903 -0.0135983 0.0328172 -0.00202675 0.212251 0.421869 0.567513 1 0 0 0 0 0 0 0
122 1 0.1 6.18093 4.6131 0.137377 -0.000324093 0.00183283 -0.00022219 -0.0161872 -0.0185258 -0.00201233 1 0 0 0 0 0 0 0
123 1 0.1 6.29344 4.72697 0.256979 -0.000120164 0.0012582 0.000374578 0.0114418 0.00942463 -0.0123451 1 0 0 0 0 0 0 0
124 1 0.1 6.3903 4.85466 0.137479 0.000753849 0.000234696 -5.49753e-05 -0.00742686 0.00472479 -0.0139589 1 0 0 0 0 0 0 0
125 1 0.1 6.13833 0.881351 0.350263 -0.000640029 0.000932207 -0.000356141 0.00199873 -0.000341998 0.00196251 1 0 0 0 0 0 0 0
126 1 0.1 5.93156 1.08531 0.350095 0.000827247 -0.00178408 0.000824661 -0.00247239 -0.00418944 -0.00956728 1 0 0 0 0 0 0 0
127 1 0.1 5.79067 1.22694 0.350013 0.00171419 -0.00336584 0.0014933 0.00818116 0.00662905 0.0125886 1 0 0 0 0 0 0 0
128 1 0.1 5.64917 1.36784 0.349176 0.00247929 -0.00515834 0.00251943 0.00323423 0.00126406 -0.0074061 1 0 0 0 0 0 0 0
129 1 0.1 5.50789 1.50872 0.349501 0.00508189 -0.00745242 0.00726317 0.0196792 0.0249439 -0.036419 1 0 0 0 0 0 0 0
130 1 0.1 5.22856 1.79015 0.342587 -0.00765554 -0.0291476 0.0679907 0.343009 0.0463998 0.0578159 1 0 0 0 0 0 0 0
131 1 0.1 5.08829 1.93123 0.329681 0.00372196 -0.0197952 0.0498292 -0.182402 -0.50578 -0.170658 1 0 0 0 0 0 0 0
132 1 0.1 4.94567 2.06861 0.347894 0.00757817 -0.0139584 0.0181032 0.417649 0.159466 -0.0139689 1 0 0 0 0 0 0 0
133 1 0.1 4.76083 2.26145 0.350325 0.0119726 -0.00917995 -0.000776671 0.0870214 0.0834229 -0.200087 1 0 0 0 0 0 0 0
134 1 0.1 4.62398 2.40472 0.352891 0.0290654 0.00787199 -0.00255372 -0.146813 0.0397791 0.00294319 1 0 0 0 0 0 0 0
135 1 0.1 4.37835 2.64673 0.318099 -0.00376169 0.00459237 -0.014455 0.122155 0.309342 -0.129449 1 0 0 0 0 0 0 0
136 1 0.1 4.22388 2.80355 0.331451 -0.00197359 0.00228414 0.00371458 0.0633166 -0.0315594 -0.0445129 1 0 0 0 0 0 0 0
137 1 0.1 4.18858 2.99753 0.342061 -0.00161436 0.000112272 0.0015063 -0.0650173 -0.0733669 0.132555 1 0 0 0 0 0 0 0
138 1 0.1 4.21776 3.19482 0.350661 -0.000694334 0.000141011 -0.000954721 0.00615793 0.010057 -0.0161792 1 0 0 0 0 0 0 0
139 1 0.1 4.40486 3.38236 0.350931 2.03003e-05 -0.000264418 0.0026164 -0.0165745 -0.00916225 0.00891623 1 0 0 0 0 0 0 0
140 1 0.1 4.58085 3.56048 0.34977 0.00190197 0.00214335 -0.00152135 -0.0228507 0.040996 0.0201859 1 0 0 0 0 0 0 0
141 1 0.1 4.72213 3.70173 0.34959 0.00146896 0.00229325 -0.00394159 0.00576797 0.0360669 -0.0136677 1 0 0 0 0 0 0 0
142 1 0.1 4.90512 3.87725 0.329974 0.00279403 0.00415463 -0.000738523 -0.00206902 0.060829 0.000242436 1 0 0 0 0 0 0 0
143 1 0.1 5.06311 4.0383 0.344404 0.00520271 0.00362415 -0.0108337 0.0695668 0.0265595 -0.0994542 1 0 0 0 0 0 0 0
144 1 0.1 5.20517 4.17731 0.351084 0.00489264 -0.000165025 -0.0113845 0.0232512 0.0483509 0.0615592 1 0 0 0 0 0 0 0
145 1 0.1 5.34568 4.31874 0.360157 0.00145237 0.00403093 -0.00970014 0.0569804 0.0307278 -0.00214618 1 0 0 0 0 0 0 0
146 1 0.1 5.48511 4.46133 0.350505 0.00131731 0.00289197 -0.004583 0.0605238 0.016146 -0.0082095 1 0 0 0 0 0 0 0
147 1 0.1 5.62629 4.60254 0.349678 0.00143402 0.00183321 0.000216472 0.0188279 -0.00353243 -0.000447081 1 0 0 0 0 0 0 0
148 1 0.1 5.76743 4.74372 0.350125 0.00155118 0.00131122 0.00128646 -0.00884314 -0.00210962 -0.002751 1 0 0 0 0 0 0 0
149 1 0.1 6.03794 5.01441 0.350572 0.000207527 0.000328322 0.000322338 -0.00050279 -0.00258602 -0.00674006 1 0 0 0 0 0 0 0
150 1 0.1 6.28781 0.727471 0.350072 -0.000109034 2.7418e-05 7.41643e-05 0.00175531 -0.00048759 -4.6359e-05 1 0 0 0 0 0 0 0
151 1 0.1 6.07395 1.22006 0.312282 0.000584845 -0.00416256 -0.0022562 -0.101217 -0.0436684 -0.00066774 1 0 0 0 0 0 0 0
152 1 0.1 5.94027 1.36867 0.306124 0.00235914 0.00287007 0.00395526 -0.0412877 -0.0237975 0.0109223 1 0 0 0 0 0 0 0
153 1 0.1 5.79383 1.50384 0.316404 0.00395926 0.017319 -0.00466734 -0.150471 0.0551617 -0.120834 1 0 0 0 0 0 0 0
154 1 0.1 5.65942 1.63233 0.388629 -0.00869914 0.0131263 -0.00117011 0.0285762 0.101247 0.315413 1 0 0 0 0 0 0 0
155 1 0.1 5.37073 1.65136 0.32859 0.00397672 -0.012751 0.0272628 0.30336 -0.111022 0.11254 1 0 0 0 0 0 0 0
156 1 0.1 5.27253 1.9787 0.391503 -0.0011926 -0.0308785 0.068876 -0.141627 0.485898 -0.102117 1 0 0 0 0 0 0 0
157 1 0.1 5.13534 2.12018 0.368093 0.0144984 -0.0225091 -0.0330791 -1.62705 -0.106883 -0.244874 1 0 0 0 0 0 0 0
158 1 0.1 4.95343 2.25922 0.298037 0.0181254 -0.0233758 0.0114376 -0.758068 -1.47 0.191255 1 0 0 0 0 0 0 0
159 1 0.1 4.80963 2.45819 0.303695 0.0372845 -0.0160831 0.00320752 -0.103811 -0.173709 -0.190555 1 0 0 0 0 0 0 0
160 1 0.1 4.56745 2.58984 0.310812 -0.0167759 -0.0129384 -0.032099 -0.188686 -0.0702509 0.243637 1 0 0 0 0 0 0 0
161 1 0.1 4.41936 2.83989 0.337994 -0.00308919 0.00312268 -0.00679196 0.0548673 0.143053 0.11767 1 0 0 0 0 0 0 0
162 1 0.1 4.38365 3.03619 0.342389 -0.00359229 0.00372913 -0.00395983 -0.0735458 0.0989159 -0.099568 1 0 0 0 0 0 0 0
163 1 0.1 4.48821 3.20227 0.373775 0.00105899 4.84301e-05 0.0007629 0.108524 -0.129546 0.0302627 1 0 0 0 0 0 0 0
164 1 0.1 4.60514 3.36248 0.35259 0.00150663 0.00154224 0.00732737 -0.0785054 0.0688135 -0.027418 1 0 0 0 0 0 0 0
165 1 0.1 4.76545 3.50503 0.297053 -0.0128489 -0.0243742 -0.0220969 0.213559 0.118536 -0.366714 1 0 0 0 0 0 0 0
166 1 0.1 4.9109 3.64216 0.321746 -0.00779205 -0.0335479 0.0068437 0.167929 -0.202914 -0.390419 1 0 0 0 0 0 0 0
167 1 0.1 5.09439 3.84509 0.383261 0.0030681 0.00585024 -0.00452778 -0.0784357 -0.0286361 -0.0602625 1 0 0 0 0 0 0 0
168 1 0.1 5.24611 3.97329 0.402853 0.00253745 0.00635405 -0.010971 -0.14614 0.0222057 0.06174 1 0 0 0 0 0 0 0
169 1 0.1 5.38498 4.11464 0.410065 0.00768311 0.00428652 -0.0223867 -0.0107427 -0.0183763 -0.0852293 1 0 0 0 0 0 0 0
170 1 0.1 5.53315 4.24137 0.376144 0.0108174 0.00257152 -0.0104132 0.0640392 -0.0715632 0.0446203 1 0 0 0 0 0 0 0
171 1 0.1 5.68092 4.35668 0.310222 0.0081521 0.00462002 -0.00269855 -0.00204316 0.0511278 -0.0231427 1 0 0 0 0 0 0 0
172 1 0.1 5.8036 4.51395 0.316157 0.00657686 0.00295725 -0.00200442 0.0399407 0.0046305 0.0282341 1 0 0 0 0 0 0 0
173 1 0.1 5.93496 4.64333 0.392934 0.00316314 0.00298514 0.000263226 0.0101401 0.00834076 0.0224854 1 0 0 0 0 0 0 0
174 1 0.1 6.17906 5.15574 0.350015 -0.000159477 9.24022e-06 0.000216526 -0.000594035 0.00432849 0.0135238 1 0 0 0 0 0 0 0
175 1 0.1 6.42923 0.586122 0.350011 -3.1208e-05 9.26898e-05 1.69843e-05 0.000402352 -9.56399e-05 0.000772697 1 0 0 0 0 0 0 0
176 1 0.1 6.20323 1.0658 0.309104 0.000488676 0.0013673 0.000259198 0.00229912 -0.0191905 -0.0150512 1 0 0 0 0 0 0 0
177 1 0.1 5.99388 1.56042 0.322208 0.0275406 -0.00276912 0.00785294 0.0986665 0.101603 -0.244054 1 0 0 0 0 0 0 0
178 1 0.1 5.84771 1.69632 0.324732 0.0371254 0.00902233 0.022519 0.0428204 -0.011903 0.0562085 1 0 0 0 0 0 0 0
179 1 0.1 5.72767 1.84044 0.395783 0.0250076 0.00563456 0.00313991 0.129359 0.0558205 0.192278 1 0 0 0 0 0 0 0
180 1 0.1 5.53866 1.78739 0.354886 0.0164677 0.0454464 -0.0093581 -0.0390589 -0.174667 -0.700558 1 0 0 0 0 0 0 0
181 1 0.1 5.45184 1.95999 0.305676 -0.0293449 0.0336208 -0.00979247 -0.0765956 0.444557 1.08942 1 0 0 0 0 0 0 0
182 1 0.1 5.30565 2.19606 0.303612 -0.0210253 0.0227595 -0.0316427 0.401642 -0.637123 1.50024 1 0 0 0 0 0 0 0
183 1 0.1 5.14991 2.32191 0.306038 0.0754349 0.0171228 0.0484156 -1.47322 0.266484 1.05762 1 0 0 0 0 0 0 0
184 1 0.1 4.9969 2.43668 0.373846 -0.0121727 -0.0223313 0.0076417 0.307758 0.237671 -0.226583 1 0 0 0 0 0 0 0
185 1 0.1 4.74139 2.61624 0.404685 -0.0301374 -0.0351365 -0.0164951 0.0959228 -0.132971 -0.522773 1 0 0 0 0 0 0 0
186 1 0.1 4.61114 2.78367 0.333411 -0.00830054 -0.0153906 -0.0199473 0.203755 -0.0826515 -0.319729 1 0 0 0 0 0 0 0
187 1 0.1 4.57488 2.98022 0.326261 -0.00979123 -0.0148598 -0.0114849 -0.0915753 0.0299431 -0.0796999 1 0 0 0 0 0 0 0
188 1 0.1 4.67987 3.15957 0.338158 -0.0101251 -0.048791 0.00661589 0.0731423 0.0343725 -0.56877 1 0 0 0 0 0 0 0
189 1 0.1 4.83457 3.28585 0.336515 0.0474724 -0.117706 0.0331662 -0.553059 -0.860037 -0.253634 1 0 0 0 0 0 0 0
190 1 0.1 4.91362 3.47227 0.427215 -0.018918 -0.042494 -0.0226482 -0.15775 -0.121288 0.152483 1 0 0 0 0 0 0 0
191 1 0.1 5.13756 3.66962 0.299309 -0.00497144 0.00219445 0.00274381 0.0178346 -0.0625385 -0.0711973 1 0 0 0 0 0 0 0
192 1 0.1 5.28141 3.77483 0.389401 0.0038322 0.00668638 -0.0142556 -0.23763 0.196636 0.113911 1 0 0 0 0 0 0 0
193 1 0.1 5.43159 3.90535 0.373064 0.00151618 0.00749051 -0.0197031 0.340339 -0.0200183 -0.098787 1 0 0 0 0 0 0 0
194 1 0.1 5.57187 4.04425 0.402369 0.00426984 0.000967709 0.000467633 -0.0796409 -0.0107344 0.0683997 1 0 0 0 0 0 0 0
195 1 0.1 5.7156 4.15876 0.325053 -0.00180975 0.00313969 -0.0022764 -0.0022637 -0.000572708 0.0204791 1 0 0 0 0 0 0 0
196 1 0.1 5.8656 4.28871 0.345183 0.00509904 -0.00640641 -0.000984501 -0.0404248 -0.0466882 -0.147548 1 0 0 0 0 0 0 0
197 1 0.1 5.99896 4.43592 0.328746 0.00492218 -0.0074701 -0.00108519 0.0488988 0.0492317 0.147666 1 0 0 0 0 0 0 0
198 1 0.1 5.93967 4.84214 0.373072 0.0010008 0.00184229 0.000692784 -0.00239101 0.00227691 0.00880978 1 0 0 0 0 0 0 0
199 1 0.1 6.32145 5.29589 0.343305 -0.000301538 -6.9817e-05 0.000651281 -0.00430541 -0.00457287 -0.00453421 1 0 0 0 0 0 0 0
200 1 0.1 6.51577 0.834475 0.286036 -0.000315942 0.000145011 8.30132e-05 0.00173016 0.000427044 0.00211295 1 0 0 0 0 0 0 0
201 1 0.1 6.3378 0.918674 0.320347 -0.000438465 8.69533e-05 0.000730191 0.00655679 0.0018083 -0.000202663 1 0 0 0 0 0 0 0
202 1 0.1 5.99252 1.82337 0.378036 0.0171572 0.0234748 0.0169856 -0.184498 -0.075514 0.155244 1 0 0 0 0 0 0 0
203 1 0.1 5.61781 2.65535 0.752475 -0.534622 0.466341 0.947204 1.47778 -9.51732 7.79846 1 0 0 0 0 0 0 0
204 1 0.1 5.78839 2.14083 0.348066 0.0451758 0.0168992 0.00532363 0.21795 -0.129683 -0.0896263 1 0 0 0 0 0 0 0
205 1 0.1 5.64675 2.00387 0.312431 -0.0351943 0.0368479 0.0327986 -0.0880766 -0.908409 -1.04028 1 0 0 0 0 0 0 0
206 1 0.1 5.50381 2.1408 0.372959 0.0771741 0.0308371 -0.0792098 0.866708 0.527402 -0.117723 1 0 0 0 0 0 0 0
207 1 0.1 5.42482 2.34937 0.38503 0.1629 0.157559 -0.0196331 0.203042 -0.874477 2.7234 1 0 0 0 0 0 0 0
208 1 0.1 5.27336 2.47783 0.333321 0.0548333 0.147944 -0.0147992 -1.51579 -1.3733 0.392766 1 0 0 0 0 0 0 0
209 1 0.1 5.1392 2.60304 0.409702 -0.0346532 0.0753572 -0.0910185 1.02731 0.766561 0.76898 1 0 0 0 0 0 0 0
210 1 0.1 4.94042 2.62345 0.409382 -0.0380693 -0.0336846 0.00239625 -0.412249 -0.0685117 0.548813 1 0 0 0 0 0 0 0
211 1 0.1 4.81052 2.80269 0.385391 0.0220819 -0.0541236 -0.0202256 -0.236057 -0.178284 -0.000464466 1 0 0 0 0 0 0 0
212 1 0.1 4.79506 2.99651 0.339794 -0.0140673 -0.0536422 -0.00785362 0.408044 -0.467018 0.52411 1 0 0 0 0 0 0 0
213 1 0.1 4.95632 3.13371 0.359206 0.080831 -0.0923256 0.00624533 0.766042 1.02373 0.692197 1 0 0 0 0 0 0 0
214 1 0.1 5.03132 3.31487 0.317443 0.0392063 -0.0564969 0.0392596 -0.14722 0.755692 1.06628 1 0 0 0 0 0 0 0
215 1 0.1 5.14795 3.47505 0.343266 -0.0344192 0.00524127 0.00658208 -0.03189 -0.419248 -0.0833964 1 0 0 0 0 0 0 0
216 1 0.1 5.3086 3.57749 0.403711 -0.0165688 0.000892459 -0.0269039 -0.234266 0.767195 -0.0834579 1 0 0 0 0 0 0 0
217 1 0.1 5.49471 3.62676 0.351114 -0.0165899 0.00182287 -0.0236632 -0.56191 -1.00554 0.370724 1 0 0 0 0 0 0 0
218 1 0.1 5.60166 3.79411 0.330405 -0.0311363 0.0141759 0.00101571 0.0881953 -0.192311 -0.0610123 1 0 0 0 0 0 0 0
219 1 0.1 5.72315 3.91678 0.430905 -0.0123437 -0.0128929 0.00825499 0.0679024 0.200572 -0.229415 1 0 0 0 0 0 0 0
220 1 0.1 5.85165 4.00099 0.303088 -0.0135493 -0.020115 0.00276595 0.210738 0.047487 -0.159802 1 0 0 0 0 0 0 0
221 1 0.1 5.98596 4.13126 0.372984 -0.012239 -0.0177964 -0.000666572 -0.188862 0.0505063 0.197143 1 0 0 0 0 0 0 0
222 1 0.1 6.0871 4.29184 0.435789 -0.0063504 -0.0206505 -0.00653358 0.228833 0.0966018 -0.217687 1 0 0 0 0 0 0 0
223 1 0.1 6.21671 4.92743 0.310369 0.00248079 -0.00128274 -0.000634346 0.0117345 0.0150994 -0.012904 1 0 0 0 0 0 0 0
224 1 0.1 6.35543 5.07145 0.30781 0.000247731 0.000760433 -0.000286931 -0.000205016 -0.011997 -0.0119591 1 0 0 0 0 0 0 0
225 1 0.1 6.32478 1.20963 0.216129 0.00813013 -0.0242886 0.0081293 -0.236588 -0.0441348 0.14736 1 0 0 0 0 0 0 0
226 1 0.1 6.2518 1.25268 0.397219 -0.000501948 0.000317875 -0.000273086 -0.0804217 -0.0164266 -0.0272981 1 0 0 0 0 0 0 0
227 1 0.1 6.11301 1.3965 0.402715 0.00184082 0.00282977 0.0110225 0.143506 -0.0208774 0.0248042 1 0 0 0 0 0 0 0
228 1 0.1 5.86319 1.9596 0.309878 0.0233337 0.0102183 -0.00190329 -0.0784251 0.0139132 -0.17535 1 0 0 0 0 0 0 0
229 1 0.1 5.53597 2.83621 0.521679 0.0110197 0.0858459 -0.115401 0.177061 4.56934 0.332776 1 0 0 0 0 0 0 0
230 1 0.1 5.64288 2.27518 0.32229 0.0847487 0.0562142 -0.00449632 -0.175642 -0.0862918 -0.446551 1 0 0 0 0 0 0 0
231 1 0.1 5.64719 2.43913 0.436098 0.137804 0.0964625 -0.0596122 -0.45358 0.484745 0.0772718 1 0 0 0 0 0 0 0
232 1 0.1 5.54799 2.5274 0.598553 -0.0767745 0.215455 -0.0142459 -0.853011 -2.10214 2.21615 1 0 0 0 0 0 0 0
233 1 0.1 5.41398 2.92274 0.316804 0.061742 0.0524954 -0.00592972 -0.327451 0.43813 0.341292 1 0 0 0 0 0 0 0
234 1 0.1 5.26076 2.9162 0.188619 0.0411769 0.0140723 0.0211479 -0.356753 -0.135958 -0.428603 1 0 0 0 0 0 0 0
235 1 0.1 5.20708 2.7645 0.306101 -0.0228762 0.00474073 0.0125992 0.386023 -0.521153 0.197054 1 0 0 0 0 0 0 0
236 1 0.1 5.00782 2.78045 0.309338 -0.00557306 -0.0444426 0.0168542 0.609565 0.180451 -1.04157 1 0 0 0 0 0 0 0
237 1 0.1 5.04941 2.961 0.372937 0.114518 -0.0656566 0.00145199 -0.919716 -0.67278 -0.344345 1 0 0 0 0 0 0 0
238 1 0.1 5.14437 3.12996 0.421368 0.0817738 -0.0347782 0.000904323 -0.474059 -0.955154 0.0336446 1 0 0 0 0 0 0 0
239 1 0.1 5.22644 3.3135 0.430796 -0.00557636 0.0194043 -0.00507166 0.29571 0.11398 0.611353 1 0 0 0 0 0 0 0
240 1 0.1 5.38944 3.24491 0.33805 -0.0218662 -0.00478251 0.00588409 -0.14122 0.00109182 -0.201391 1 0 0 0 0 0 0 0
241 1 0.1 5.5063 3.08836 0.379943 0.0655937 0.052685 -0.0138751 0.254899 0.390277 0.528645 1 0 0 0 0 0 0 0
242 1 0.1 5.44423 3.43437 0.370934 -0.00969065 -0.00174814 0.0238022 -0.11763 -0.198746 -0.171187 1 0 0 0 0 0 0 0
243 1 0.1 5.56629 3.31012 0.272005 0.0941025 -0.169052 0.134742 0.159812 -1.47381 -1.68372 1 0 0 0 0 0 0 0
244 1 0.1 5.35013 3.08713 0.137366 0.0506556 0.0138598 0.00392445 0.086391 0.230324 0.17309 1 0 0 0 0 0 0 0
245 1 0.1 5.52569 2.99304 0.154476 0.0362783 -0.0102076 0.0317945 0.097928 -0.644941 -0.414975 1 0 0 0 0 0 0 0
246 1 0.1 5.62871 3.49275 0.421185 -0.0140688 0.0321015 0.00306359 0.5324 0.535002 0.618138 1 0 0 0 0 0 0 0
247 1 0.1 6.13758 4.56693 0.387923 -0.00281787 0.000860712 -0.000481896 -0.0067931 -0.0207214 -0.0175947 1 0 0 0 0 0 0 0
248 1 0.1 6.17349 4.76181 0.413037 -0.000224846 0.0008375 0.000902766 0.016859 -0.0139902 -0.0114961 1 0 0 0 0 0 0 0
249 1 0.1 6.36194 4.82846 0.415044 0.000198006 -0.0007844 0.00150232 0.015259 -0.0064061 0.0136416 1 0 0 0 0 0 0 0
250 1 0.1 6.13287 0.888798 0.550057 -0.000146969 0.000136796 7.96635e-05 0.000973575 -0.000133327 -0.00352748 1 0 0 0 0 0 0 0
251 1 0.1 5.99155 1.03016 0.54982 -0.000253941 0.000745914 0.000662938 0.0104609 -0.000988941 0.00117761 1 0 0 0 0 0 0 0
252 1 0.1 5.85112 1.17215 0.555792 -0.000168034 0.00158861 0.00150516 0.0118248 -0.00829647 -0.000181174 1 0 0 0 0 0 0 0
253 1 0.1 5.65665 1.35953 0.550104 0.00183522 -0.000209598 0.00362548 0.0397436 0.0084984 -0.000542515 1 0 0 0 0 0 0 0
254 1 0.1 5.51942 1.50475 0.548897 -0.00261408 -0.00171552 0.006175 -0.120544 0.0310212 -0.0463299 1 0 0 0 0 0 0 0
255 1 0.1 5.23458 1.78439 0.543064 -0.000206778 0.000919038 -0.00350896 -0.0334983 0.0225214 0.00965109 1 0 0 0 0 0 0 0
256 1 0.1 5.09261 1.92446 0.551014 -0.00221189 0.000121119 -0.00449658 -0.0327246 0.0253466 0.0143959 1 0 0 0 0 0 0 0
257 1 0.1 4.95513 2.06879 0.558213 0.00309765 0.00631079 0.00892907 0.100101 0.108192 -0.0962231 1 0 0 0 0 0 0 0
258 1 0.1 4.8119 2.20748 0.557661 -0.000429134 0.00498117 0.0203184 0.0689949 -0.114687 0.126441 1 0 0 0 0 0 0 0
259 1 0.1 4.65409 2.36499 0.550133 -0.00445764 0.00500633 0.0047914 0.130764 0.0331447 0.0296893 1 0 0 0 0 0 0 0
260 1 0.1 4.46121 2.55673 0.550995 -0.00331112 0.000239271 -0.000985999 -0.017717 0.0177901 0.129007 1 0 0 0 0 0 0 0
261 1 0.1 4.25216 2.76912 0.544169 -0.00149854 0.000917847 0.00139842 0.00113932 -0.0124005 -0.0129305 1 0 0 0 0 0 0 0
262 1 0.1 4.19326 2.9601 0.550221 -0.000921897 0.00142648 0.000549522 0.00109829 -0.00455786 0.012244 1 0 0 0 0 0 0 0
263 1 0.1 4.19306 3.16471 0.550001 -8.7173e-06 0.000114409 -4.90485e-06 6.64992e-05 -0.000173546 0.00119248 1 0 0 0 0 0 0 0
264 1 0.1 4.33541 3.31348 0.549071 0.00206499 0.00143008 -0.0010013 -0.000380785 0.00694067 0.0567724 1 0 0 0 0 0 0 0
265 1 0.1 4.52385 3.50826 0.549639 0.0069266 0.00160858 -0.00293685 0.0644634 -0.0312653 0.0959116 1 0 0 0 0 0 0 0
266 1 0.1 4.69663 3.67325 0.545651 0.007749 0.00349121 -0.00385139 0.116731 0.0654156 0.0319166 1 0 0 0 0 0 0 0
267 1 0.1 4.83808 3.80633 0.503022 0.00500749 0.00486076 -0.00103695 0.00337384 -0.00235305 0.0508772 1 0 0 0 0 0 0 0
268 1 0.1 4.99209 3.96919 0.549725 0.00688229 0.00842241 -0.0019951 0.0335222 -0.00381958 0.124784 1 0 0 0 0 0 0 0
269 1 0.1 5.14667 4.09459 0.555494 0.00259809 0.0117725 0.000903951 0.0172549 0.0102843 -0.0770312 1 0 0 0 0 0 0 0
270 1 0.1 5.39649 4.37257 0.545894 0.00593371 0.0029505 -0.00891267 -0.0448354 0.0232427 -0.0770058 1 0 0 0 0 0 0 0
271 1 0.1 5.53669 4.51431 0.550688 0.0038151 0.00544371 -0.00632989 0.074288 -0.00804919 0.0742638 1 0 0 0 0 0 0 0
272 1 0.1 5.6953 4.67 0.549571 0.00885592 -0.00200225 -0.00441649 0.0316391 -0.00375755 0.00508622 1 0 0 0 0 0 0 0
273 1 0.1 5.83567 4.81214 0.550127 0.00268103 0.00288575 0.000100986 0.0162482 -0.0199496 -0.012428 1 0 0 0 0 0 0 0
274 1 0.1 6.06461 5.04361 0.551031 0.00108628 0.000497152 0.000360774 0.00260609 -0.0157824 -0.0376653 1 0 0 0 0 0 0 0
275 1 0.1 6.32498 0.698689 0.550012 0.000202624 -0.000215992 -0.000204382 0.000902147 0.00143591 0.00823114 1 0 0 0 0 0 0 0
276 1 0.1 6.08603 1.20589 0.530762 9.85167e-05 0.00249255 0.00280259 0.0101674 0.00598614 -0.002805 1 0 0 0 0 0 0 0
277 1 0.1 5.94219 1.34191 0.503766 0.00081948 0.00401944 0.00316194 0.0053159 0.00447444 -0.00853358 1 0 0 0 0 0 0 0
278 1 0.1 5.82023 1.4941 0.54631 0.00110064 0.00490734 0.00190407 -0.0138081 -0.00819773 0.00486839 1 0 0 0 0 0 0 0
279 1 0.1 5.67471 1.62435 0.587321 -0.00240174 -0.00132991 0.000148349 0.092623 -0.0606447 0.0123703 1 0 0 0 0 0 0 0
280 1 0.1 5.37467 1.64234 0.551925 -2.23928e-05 5.21372e-06 -0.0015328 -0.0305898 0.016155 -0.0152139 1 0 0 0 0 0 0 0
281 1 0.1 5.26007 2.02664 0.589563 -0.0715573 0.126895 -0.0381258 0.604601 0.726883 1.6295 1 0 0 0 0 0 0 0
282 1 0.1 5.17446 2.2073 0.597792 0.110687 0.217634 0.0048829 -1.1675 -1.36253 -1.86261 1 0 0 0 0 0 0 0
283 1 0.1 5.03874 2.25386 0.471153 0.17854 0.115279 -0.0771302 -0.818535 2.94603 0.122275 1 0 0 0 0 0 0 0
284 1 0.1 4.84159 2.39198 0.48903 -0.00294728 0.00239832 0.0195869 -0.118884 -0.190697 -0.00597992 1 0 0 0 0 0 0 0
285 1 0.1 4.65734 2.56273 0.577598 -0.011579 0.0086 0.0089069 -0.0846885 -0.152646 -0.0473078 1 0 0 0 0 0 0 0
286 1 0.1 4.48616 2.75381 0.550599 -0.0107257 -0.000231484 -0.00132985 0.0150639 -0.00543844 -0.0605933 1 0 0 0 0 0 0 0
287 1 0.1 4.39017 2.9276 0.554809 -0.00346653 0.00212007 0.00114879 0.0155573 -0.00433067 -0.0138539 1 0 0 0 0 0 0 0
288 1 0.1 4.39895 3.12601 0.556814 0.00268382 0.000958161 0.000650915 -0.019338 0.00418244 -0.0538304 1 0 0 0 0 0 0 0
289 1 0.1 4.53467 3.30964 0.535623 0.00238608 -0.000585566 0.000344025 -0.0893786 0.0503425 -0.152485 1 0 0 0 0 0 0 0
290 1 0.1 4.70818 3.44808 0.50105 0.00932757 0.00801276 -0.00131754 -0.0413257 0.0038236 -0.0286236 1 0 0 0 0 0 0 0
291 1 0.1 4.88871 3.62346 0.559533 0.0130372 0.0074728 -0.0106772 0.117984 0.0667534 -0.0677086 1 0 0 0 0 0 0 0
292 1 0.1 5.01811 3.76967 0.583522 0.0144341 0.00443741 -0.00601443 -0.122983 -0.151989 0.0445903 1 0 0 0 0 0 0 0
293 1 0.1 5.17332 3.88911 0.56642 0.00772086 0.0141323 -0.0012728 -0.0189634 -0.026732 0.085723 1 0 0 0 0 0 0 0
294 1 0.1 5.31761 4.19329 0.582355 0.00357962 0.00705274 -0.000877421 -0.0229593 0.00762194 0.0337762 1 0 0 0 0 0 0 0
295 1 0.1 5.57343 4.28254 0.567004 0.0037033 0.00411032 -0.0068815 -0.0164471 -0.0754241 0.0158579 1 0 0 0 0 0 0 0
296 1 0.1 5.71184 4.40818 0.500825 0.00721863 -0.00159042 -0.00199315 -0.0947129 0.107336 -0.0675123 1 0 0 0 0 0 0 0
297 1 0.1 5.84024 4.53615 0.580883 0.00792849 -0.00242726 -0.00812121 0.070324 -0.0421784 0.075165 1 0 0 0 0 0 0 0
298 1 0.1 5.979 4.67767 0.584812 0.00175887 0.00105614 0.000771743 0.0115127 -0.0160282 -0.0047631 1 0 0 0 0 0 0 0
299 1 0.1 6.20564 5.1848 0.550054 7.2983e-05 0.000300389 -0.000211925 5.50972e-05 -0.00882964 -0.0142719 1 0 0 0 0 0 0 0
300 1 0.1 6.46638 0.557349 0.549999 0.000356176 -0.000282112 -0.000105954 -0.00104533 0.000209401 -0.00547045 1 0 0 0 0 0 0 0
301 1 0.1 6.22783 1.06724 0.507257 -0.000539917 0.000847596 0.000502469 0.00326994 0.0100446 -0.0105301 1 0 0 0 0 0 0 0
302 1 0.1 6.01539 1.52745 0.518075 0.000671053 0.00449401 0.0101593 -0.113663 -0.0531862 -0.0692939 1 0 0 0 0 0 0 0
303 1 0.1 5.897 1.67507 0.582322 0.00396255 0.00655332 0.0109389 0.12105 0.0675967 0.0308467 1 0 0 0 0 0 0 0
304 1 0.1 5.74969 1.80966 0.591658 -0.0130734 -0.00981504 0.0101422 0.0669093 -0.498815 0.203173 1 0 0 0 0 0 0 0
305 1 0.1 5.55297 1.78125 0.570472 -0.0256575 -0.0079541 0.10398 0.504776 0.959222 0.216366 1 0 0 0 0 0 0 0
306 1 0.1 5.41323 1.91238 0.51591 -0.0330984 -0.0146237 0.113664 -0.386022 -0.89051 -0.112847 1 0 0 0 0 0 0 0
307 1 0.1 5.2392 2.35183 0.481103 0.151394 0.1819 0.00175715 0.894675 0.978215 1.55709 1 0 0 0 0 0 0 0
308 1 0.1 5.20306 2.51352 0.592433 0.0272661 0.0711475 0.175574 0.912436 -0.0290538 0.542413 1 0 0 0 0 0 0 0
309 1 0.1 5.00817 2.43724 0.589808 0.0274296 0.00437162 -0.0268975 -0.593013 0.346169 -0.318775 1 0 0 0 0 0 0 0
310 1 0.1 4.85586 2.56755 0.581259 -0.0198394 -0.00285044 0.0160483 -0.184915 0.103921 -0.0583806 1 0 0 0 0 0 0 0
311 1 0.1 4.68788 2.75586 0.537382 -0.0163821 -0.00117941 -0.0483753 -0.480886 -0.0515837 0.192683 1 0 0 0 0 0 0 0
312 1 0.1 4.58943 2.9293 0.539395 -0.00844805 0.00379182 -0.0416922 0.380573 0.364287 -0.275763 1 0 0 0 0 0 0 0
313 1 0.1 4.59746 3.12483 0.578085 0.00300281 -0.0020312 0.000115432 0.070004 -0.00840794 0.154504 1 0 0 0 0 0 0 0
314 1 0.1 4.71614 3.2842 0.615397 0.00849793 0.00466781 -0.00663037 -0.0888263 0.0612839 0.140361 1 0 0 0 0 0 0 0
315 1 0.1 4.88504 3.43807 0.622143 0.0246737 0.0142739 0.000895524 -0.240566 -0.607498 0.378151 1 0 0 0 0 0 0 0
316 1 0.1 5.07829 3.58948 0.505876 0.0183464 0.0225498 -0.0088106 -0.039102 -0.00401986 0.127944 1 0 0 0 0 0 0 0
317 1 0.1 5.23247 3.69921 0.567779 0.0135208 0.0199961 -0.00657715 0.112069 -0.0131471 -0.10756 1 0 0 0 0 0 0 0
318 1 0.1 5.36047 3.95411 0.574385 0.00170123 0.015477 0.0016454 -0.031107 -0.0191816 -0.0462884 1 0 0 0 0 0 0 0
319 1 0.1 5.49453 4.10023 0.577926 0.00330709 0.00716896 -0.00278183 -0.0492678 0.00589963 -0.0232953 1 0 0 0 0 0 0 0
320 1 0.1 5.68756 4.05038 0.575263 -0.00190084 -0.00813141 0.0092978 -0.242085 -0.00281688 -0.302831 1 0 0 0 0 0 0 0
321 1 0.1 5.79505 4.21798 0.571699 0.00806475 -0.0115235 -0.00171253 0.00632704 -0.135179 0.200916 1 0 0 0 0 0 0 0
322 1 0.1 5.9215 4.36384 0.521594 0.00596792 -0.00551921 0.000247591 -0.121998 -0.0332196 -0.102961 1 0 0 0 0 0 0 0
323 1 0.1 6.08369 4.84621 0.569844 8.73654e-05 0.000828103 0.000854961 -0.0125834 0.0202314 0.0162378 1 0 0 0 0 0 0 0
324 1 0.1 6.34771 5.32541 0.553659 0.000110938 0.000329889 0.000233726 -0.0107741 0.00737133 0.00564836 1 0 0 0 0 0 0 0
325 1 0.1 6.49047 0.784588 0.477967 -6.8791e-05 6.21876e-05 9.97559e-06 -0.00130614 0.00191869 0.000256323 1 0 0 0 0 0 0 0
326 1 0.1 6.33064 0.896504 0.521421 -0.000350415 0.000199678 -0.000467533 0.00231582 0.00044287 0.00844959 1 0 0 0 0 0 0 0
327 1 0.1 6.11858 1.6762 0.427187 -0.00395683 0.0166453 0.0360082 0.0282342 -0.299062 0.42203 1 0 0 0 0 0 0 0
328 1 0.1 5.95103 1.86772 0.568512 -0.00402663 0.0159818 0.0109406 0.290274 -0.125307 -0.253036 1 0 0 0 0 0 0 0
329 1 0.1 5.823 2.02108 0.575443 -0.015992 0.0130388 0.0282423 -0.02736 0.0696324 0.349163 1 0 0 0 0 0 0 0
330 1 0.1 5.6364 1.96336 0.533262 -0.0312173 0.000361817 0.0920972 0.67049 0.827817 -0.0623366 1 0 0 0 0 0 0 0
331 1 0.1 5.51951 2.1135 0.593348 -0.0180556 0.0145885 0.0805816 -0.782126 -0.603773 -0.0827907 1 0 0 0 0 0 0 0
332 1 0.1 5.36493 2.20008 0.503711 0.126747 0.137771 -0.0675543 -0.21723 -0.68654 -2.01778 1 0 0 0 0 0 0 0
333 1 0.1 5.37842 2.75909 0.425917 -0.0748615 0.0875388 0.000456152 -0.385414 -3.41374 -0.00990421 1 0 0 0 0 0 0 0
334 1 0.1 5.25766 2.70687 0.612316 -0.012045 0.0454894 -0.145807 -0.332702 1.56678 -0.0842659 1 0 0 0 0 0 0 0
335 1 0.1 5.04383 2.63366 0.586516 -0.0465948 0.0185126 0.0753947 -1.06754 -1.12328 0.420377 1 0 0 0 0 0 0 0
336 1 0.1 4.8879 2.76414 0.565596 -0.00269467 -0.00725981 -0.000399916 -0.0852143 -0.093476 -0.0394709 1 0 0 0 0 0 0 0
337 1 0.1 4.78852 2.93723 0.55566 -0.0102739 -0.0120082 -0.0163335 0.303752 -0.595941 0.165568 1 0 0 0 0 0 0 0
338 1 0.1 4.78395 3.13089 0.506404 0.00436172 -0.00603321 0.00487376 -0.0715468 -0.0205244 -0.179961 1 0 0 0 0 0 0 0
339 1 0.1 4.93103 3.28855 0.504196 0.0347844 0.00210494 0.0250748 -0.609132 0.865239 -0.098576 1 0 0 0 0 0 0 0
340 1 0.1 5.08422 3.39834 0.561281 0.0524803 0.0189834 -0.0388456 0.372599 -0.214822 0.187447 1 0 0 0 0 0 0 0
341 1 0.1 5.25311 3.50123 0.579538 0.0547498 0.0254196 0.00604928 0.0571611 -0.0206508 -0.113159 1 0 0 0 0 0 0 0
342 1 0.1 5.44658 3.54682 0.561915 0.0751288 -0.0279277 0.020963 0.438567 -0.0152474 -0.505923 1 0 0 0 0 0 0 0
343 1 0.1 5.42067 3.75684 0.53556 0.0259265 -0.0301675 -0.0391919 -0.089392 0.367285 -0.434233 1 0 0 0 0 0 0 0
344 1 0.1 5.55297 3.90588 0.545391 0.0198148 -0.0230803 -0.0209493 0.316127 -0.380585 0.544785 1 0 0 0 0 0 0 0
345 1 0.1 5.71665 3.80218 0.594559 0.020617 -0.011868 0.0118358 -0.119364 0.0710192 0.398918 1 0 0 0 0 0 0 0
346 1 0.1 5.85672 3.94391 0.578236 0.0036591 0.00154482 0.00410745 0.104883 0.117499 0.278667 1 0 0 0 0 0 0 0
347 1 0.1 5.98965 4.17283 0.568381 0.0100575 0.000412974 -0.00380195 0.0213866 0.20278 -0.0442734 1 0 0 0 0 0 0 0
348 1 0.1 6.23863 4.956 0.507185 0.000822043 0.000192762 0.00114818 -0.0354895 0.00870447 -0.0172229 1 0 0 0 0 0 0 0
349 1 0.1 6.37966 5.09769 0.504459 0.000465801 0.000671743 -0.000267062 0.0202684 -0.00947839 0.0138943 1 0 0 0 0 0 0 0
350 1 0.1 6.38593 1.10536 0.37998 -0.0322777 -0.0420656 0.106616 -0.257831 -1.20381 -0.556275 1 0 0 0 0 0 0 0
351 1 0.1 6.35487 1.22058 0.565323 -0.00100172 0.0015956 0.000425379 0.0257746 0.0224449 -0.0316834 1 0 0 0 0 0 0 0
352 1 0.1 6.11421 1.43221 0.663279 -0.0034523 0.00466035 0.0108512 0.108949 0.0187103 0.0443346 1 0 0 0 0 0 0 0
353 1 0.1 6.08634 1.72886 0.617383 -0.0027128 0.0227071 0.0346183 -0.0320314 -0.289951 0.13946 1 0 0 0 0 0 0 0
354 1 0.1 5.53941 2.76858 0.295149 0.10501 0.0870377 -0.0244963 -0.433027 0.789889 0.362256 1 0 0 0 0 0 0 0
355 1 0.1 5.70367 2.17374 0.526147 0.0199999 0.0304225 -0.0133596 -0.42418 0.104032 -1.28542 1 0 0 0 0 0 0 0
356 1 0.1 5.59744 2.32851 0.5947 0.14952 0.129776 -0.0361967 0.168491 -0.133072 -0.418437 1 0 0 0 0 0 0 0
357 1 0.1 5.40701 2.38627 0.582311 0.173961 0.214855 -0.0536981 0.226975 -0.144383 -0.442789 1 0 0 0 0 0 0 0
358 1 0.1 5.37407 2.57862 0.512168 -0.120656 -0.00640974 -0.243416 -1.16243 1.46405 0.224962 1 0 0 0 0 0 0 0
359 1 0.1 5.33421 3.11006 0.480027 0.0826257 -0.0273501 0.00438024 0.0947707 0.962866 -0.231679 1 0 0 0 0 0 0 0
360 1 0.1 5.26927 2.92176 0.462674 -0.11875 0.073647 -0.10141 0.791195 1.04195 -0.0966548 1 0 0 0 0 0 0 0
361 1 0.1 5.12456 2.78577 0.48643 -0.076605 0.00987113 0.0147181 0.162544 0.374441 0.154076 1 0 0 0 0 0 0 0
362 1 0.1 5.01345 2.92951 0.565093 -0.0118152 0.0390957 -0.0055959 0.0105975 -0.429358 -0.31372 1 0 0 0 0 0 0 0
363 1 0.1 4.98667 3.12293 0.596766 0.0184796 0.0235296 0.0225456 0.310228 -0.40919 -0.229924 1 0 0 0 0 0 0 0
364 1 0.1 5.16533 3.22016 0.596156 0.0238036 0.0153706 -0.0153245 -0.294234 -0.187188 -0.468863 1 0 0 0 0 0 0 0
365 1 0.1 5.18354 3.0223 0.611869 -0.00563624 0.0182681 0.00349783 0.0345525 0.400899 0.118147 1 0 0 0 0 0 0 0
366 1 0.1 5.35669 3.27712 0.588292 0.0423516 -0.0250854 0.0257364 -0.372999 -0.442435 0.0925053 1 0 0 0 0 0 0 0
367 1 0.1 5.50821 3.14623 0.571299 0.090283 -0.0623575 0.0178656 0.910837 -0.863368 0.359137 1 0 0 0 0 0 0 0
368 1 0.1 5.52889 3.36602 0.539367 0.0350496 -0.0399813 -0.0341908 -0.264564 0.79691 -0.102471 1 0 0 0 0 0 0 0
369 1 0.1 5.62579 3.62452 0.60305 0.0859761 -0.0465173 0.0339618 -0.07921 0.0312374 0.353819 1 0 0 0 0 0 0 0
370 1 0.1 5.63096 2.94474 0.318337 0.0805997 0.104877 -0.109004 0.21423 0.614628 0.100456 1 0 0 0 0 0 0 0
371 1 0.1 5.89066 3.77541 0.689304 -0.0633793 -0.0220452 0.183963 0.6124 -2.08807 -0.224304 1 0 0 0 0 0 0 0
372 1 0.1 6.06447 4.49765 0.56144 0.00688724 -0.00420472 -0.00208204 -0.0659734 -0.105137 0.0609402 1 0 0 0 0 0 0 0
373 1 0.1 6.17801 4.66043 0.585333 0.00141137 0.00017582 0.000418657 0.0333282 0.0132815 -0.00145377 1 0 0 0 0 0 0 0
374 1 0.1 6.31664 4.8026 0.60871 0.00194348 -1.25361e-05 0.000439757 0.0308591 0.0317197 0.00292696 1 0 0 0 0 0 0 0
375 1 0.1 6.14691 0.870011 0.754097 0.000421008 -0.000441854 0.000293996 0.00255512 -0.00219532 -0.00735271 1 0 0 0 0 0 0 0
376 1 0.1 5.95688 1.06611 0.754817 0.000938534 -0.000125358 0.00028654 -0.0104275 -0.0162539 -0.00639154 1 0 0 0 0 0 0 0
377 1 0.1 5.81709 1.20826 0.762494 0.000696187 -0.000512061 -0.000106571 0.0390158 -0.0150696 0.0188155 1 0 0 0 0 0 0 0
378 1 0.1 5.67422 1.34728 0.750077 0.000705626 -0.000816856 0.000388609 -0.00408218 -0.00674202 -0.023803 1 0 0 0 0 0 0 0
379 1 0.1 5.52038 1.49772 0.75 -0.219942 0.144186 0.000152685 0.0266178 0.0191628 1.94902 1 0 0 0 0 0 0 0
380 1 0.1 5.27841 1.74627 0.754564 -0.23273 0.258824 -0.0297727 0.029163 0.0240288 0.107156 1 0 0 0 0 0 0 0
381 1 0.1 5.13627 1.88687 0.750013 -0.228512 0.263545 0.00397622 0.035376 0.0238086 0.294623 1 0 0 0 0 0 0 0
382 1 0.1 4.96815 2.0553 0.757267 0.0113439 -0.00688292 0.00653297 0.0586839 -0.0377292 -0.316791 1 0 0 0 0 0 0 0
383 1 0.1 4.83148 2.19977 0.755961 0.0615565 0.0362492 0.0177828 -0.35582 0.668669 -0.138498 1 0 0 0 0 0 0 0
384 1 0.1 4.64216 2.38082 0.749969 -0.0206214 0.0245492 -0.000497852 -0.003352 0.00401928 0.331963 1 0 0 0 0 0 0 0
385 1 0.1 4.43421 2.58745 0.750041 -0.0023216 0.00091349 0.000145634 -0.00255259 0.000397791 0.0199867 1 0 0 0 0 0 0 0
386 1 0.1 4.27412 2.74959 0.750001 -0.00404473 0.00381119 1.4087e-05 0.000748313 0.000159261 0.0623333 1 0 0 0 0 0 0 0
387 1 0.1 4.1924 2.93208 0.749348 -0.000631202 0.00540059 4.39641e-05 -0.000841983 0.00228264 0.0487787 1 0 0 0 0 0 0 0
388 1 0.1 4.19278 3.13201 0.749982 0.000473615 0.00525192 0.000128977 -0.0134053 -0.000936683 0.0621585 1 0 0 0 0 0 0 0
389 1 0.1 4.31008 3.29529 0.750317 0.00158466 0.000934546 0.00100622 -0.00916552 -0.00627038 0.0178138 1 0 0 0 0 0 0 0
390 1 0.1 4.51798 3.50222 0.749209 0.00215203 0.00296505 -0.00262408 0.0461185 0.0146604 0.00633559 1 0 0 0 0 0 0 0
391 1 0.1 4.66063 3.64079 0.762259 0.000486302 0.00350162 -0.00136618 0.00590267 0.0136321 0.00666117 1 0 0 0 0 0 0 0
392 1 0.1 4.80223 3.78301 0.758044 0.00139321 0.00346258 -0.00305754 -0.022022 0.0526852 0.0670469 1 0 0 0 0 0 0 0
393 1 0.1 5.07906 4.05101 0.749342 0.00156688 0.00510048 -0.00591888 0.0376475 -0.0135793 -0.03721 1 0 0 0 0 0 0 0
394 1 0.1 5.2173 4.19501 0.755137 0.00248791 0.00331414 -0.000565609 0.00728878 -0.016089 0.0203535 1 0 0 0 0 0 0 0
395 1 0.1 5.49935 4.47862 0.74995 -0.000356754 -0.000981181 0.000439177 -0.00195916 -0.00309878 -0.00806142 1 0 0 0 0 0 0 0
396 1 0.1 5.64589 4.62746 0.750004 -0.000239245 -0.000328237 -8.89086e-07 -0.000550381 -0.00152109 -0.00579219 1 0 0 0 0 0 0 0
397 1 0.1 5.78728 4.76866 0.749872 7.9645e-06 -0.000314399 -6.62706e-05 0.00163441 0.00186869 -0.000156989 1 0 0 0 0 0 0 0
398 1 0.1 5.92863 4.90999 0.750045 -0.000103067 -0.000119732 -0.000420362 -0.000557424 0.00524972 0.000720079 1 0 0 0 0 0 0 0
399 1 0.1 6.07015 5.05121 0.750838 -0.000419918 4.47067e-05 -0.00163083 0.00457428 0.0159804 0.000665219 1 0 0 0 0 0 0 0
400 1 0.1 6.4025 0.621157 0.749716 -0.000247298 0.000262602 6.85648e-05 -0.00312799 -0.00493247 0.00526932 1 0 0 0 0 0 0 0
401 1 0.1 6.14517 1.05904 0.688927 0.00122308 3.73935e-05 0.00123897 0.00785999 0.00773717 0.00387605 1 0 0 0 0 0 0 0
402 1 0.1 5.98762 1.27963 0.688127 0.000302355 0.00227693 0.00285513 -0.00266606 -0.00532351 -0.00544763 1 0 0 0 0 0 0 0
403 1 0.1 5.90267 1.44405 0.762605 -0.00311194 0.00214036 0.000471083 -0.00982267 -0.00371278 0.0424645 1 0 0 0 0 0 0 0
404 1 0.1 5.73516 1.55268 0.762955 -0.00583425 -0.00329163 0.00016292 -0.0316406 0.0323895 0.0334901 1 0 0 0 0 0 0 0
405 1 0.1 5.4705 1.6911 0.760427 -0.270434 0.130652 0.0018348 0.0845457 -0.382994 -1.4436 1 0 0 0 0 0 0 0
406 1 0.1 5.32711 1.94578 0.762513 -0.1201 -0.0500938 -0.00740066 0.241668 -0.780308 0.0432001 1 0 0 0 0 0 0 0
407 1 0.1 5.19122 2.09233 0.765449 0.0485968 0.126245 0.00830177 0.286498 -1.06452 -1.26032 1 0 0 0 0 0 0 0
408 1 0.1 5.10715 2.26703 0.765257 0.0777864 0.128664 -0.00484354 1.77358 -0.767387 1.01914 1 0 0 0 0 0 0 0
409 1 0.1 4.93571 2.3691 0.762922 0.0438789 0.0470408 -0.00557017 0.230316 -0.341765 0.456246 1 0 0 0 0 0 0 0
410 1 0.1 4.73632 2.55676 0.762639 -0.00316459 0.0158939 0.000891552 0.0930497 -0.0399076 0.0896482 1 0 0 0 0 0 0 0
411 1 0.1 4.51706 2.7681 0.758267 -0.0128357 0.00142824 0.000952742 -0.00101575 -0.0198038 0.0504472 1 0 0 0 0 0 0 0
412 1 0.1 4.3905 2.92072 0.754752 -0.00505866 0.00255037 -0.00185813 -0.0413695 0.0214517 -0.0963237 1 0 0 0 0 0 0 0
413 1 0.1 4.40321 3.11939 0.762517 0.00374894 0.00199893 -0.000272339 0.050901 -0.0467283 0.00820825 1 0 0 0 0 0 0 0
414 1 0.1 4.50971 3.28927 0.758671 0.00130563 0.000776373 0.00727977 -0.010344 -0.0567397 -0.0207719 1 0 0 0 0 0 0 0
415 1 0.1 4.7089 3.44997 0.732097 0.00358178 0.0077019 0.000634923 -0.0161636 -0.056503 0.0326099 1 0 0 0 0 0 0 0
416 1 0.1 4.85315 3.58989 0.761543 0.00206506 0.00401037 -0.000652827 -0.02198 -0.0138801 0.0108294 1 0 0 0 0 0 0 0
417 1 0.1 4.97673 3.87963 0.751693 -0.00203126 0.00780115 -0.00983992 0.0106499 0.0179042 -0.00859504 1 0 0 0 0 0 0 0
418 1 0.1 5.20039 3.88906 0.76313 0.00174757 0.00730238 -0.00122123 0.0714453 -0.0121304 -0.0155909 1 0 0 0 0 0 0 0
419 1 0.1 5.36 4.33561 0.761865 0.000953375 0.000554792 0.00055898 -0.000533871 0.00127953 0.00905714 1 0 0 0 0 0 0 0
420 1 0.1 5.61755 4.31771 0.761095 0.00153128 -0.000707787 0.000902454 -0.00336966 0.00619792 0.00794844 1 0 0 0 0 0 0 0
421 1 0.1 5.75609 4.46142 0.762503 7.18781e-05 -0.000298377 -0.000128537 -0.000884803 0.00470858 0.00798368 1 0 0 0 0 0 0 0
422 1 0.1 5.90362 4.5961 0.762528 -0.000539664 -0.000563235 -8.36467e-05 0.00539249 -0.00184389 -0.0103177 1 0 0 0 0 0 0 0
423 1 0.1 6.04368 4.73858 0.762809 -5.46655e-05 -0.000755849 0.000115783 -0.00557357 0.00469344 0.00168065 1 0 0 0 0 0 0 0
424 1 0.1 6.21527 5.19878 0.750047 -6.80892e-05 -8.62701e-05 0.000190062 -0.00160186 -0.00130972 -0.000711588 1 0 0 0 0 0 0 0
425 1 0.1 6.54395 0.479839 0.750009 -0.000257414 0.000261179 -7.97162e-05 0.00377006 0.00411467 -0.029249 1 0 0 0 0 0 0 0
426 1 0.1 6.32962 0.99698 0.733804 0.00130211 0.000532365 0.000452853 0.00709386 -0.00344981 0.00201579 1 0 0 0 0 0 0 0
427 1 0.1 6.17734 1.24927 0.741455 0.000116087 0.000568693 0.00150138 -0.00394525 0.0175803 -0.0159069 1 0 0 0 0 0 0 0
428 1 0.1 5.99707 1.62022 0.75956 -0.0111269 0.00665309 0.0136393 0.165049 0.0183293 0.0269479 1 0 0 0 0 0 0 0
429 1 0.1 5.8294 1.72878 0.762549 -0.0166544 0.00347229 0.00233252 -0.0538203 -0.200424 0.0455205 1 0 0 0 0 0 0 0
430 1 0.1 5.64715 1.81089 0.76292 -0.0376502 -0.0234292 -0.00493223 -0.25076 0.366512 0.282021 1 0 0 0 0 0 0 0
431 1 0.1 5.51242 1.93771 0.687883 -0.0662235 0.0145167 0.0765771 0.839838 0.492961 -0.515089 1 0 0 0 0 0 0 0
432 1 0.1 5.36809 2.18255 0.742886 0.0470146 0.11798 -0.0138335 -0.486715 0.924789 1.04678 1 0 0 0 0 0 0 0
433 1 0.1 5.28277 2.36225 0.76253 0.0751585 0.132304 0.00166636 -0.349112 1.19704 -1.12427 1 0 0 0 0 0 0 0
434 1 0.1 5.10985 2.46545 0.762852 0.0420051 0.117208 0.0140201 -0.187118 0.0268625 0.0441721 1 0 0 0 0 0 0 0
435 1 0.1 4.93516 2.56692 0.762739 -0.00786615 0.0270199 0.00348719 -0.0620823 -0.0335315 0.0173674 1 0 0 0 0 0 0 0
436 1 0.1 4.71468 2.75479 0.758715 -0.019624 0.0147213 0.00534442 0.000618465 -0.0256285 0.0898486 1 0 0 0 0 0 0 0
437 1 0.1 4.58676 2.95843 0.750251 -0.00504693 0.00187697 -0.00768239 0.0231957 0.0347758 0.0894952 1 0 0 0 0 0 0 0
438 1 0.1 4.67304 3.13843 0.762572 0.000613459 -0.00132512 0.000339313 -0.00358962 -0.00560513 0.00391715 1 0 0 0 0 0 0 0
439 1 0.1 4.84637 3.31145 0.764649 0.00420325 0.0130202 -0.00203392 0.149694 -0.0313673 0.0267787 1 0 0 0 0 0 0 0
440 1 0.1 5.03638 3.51177 0.753904 0.00630616 0.00834863 0.00381029 -0.0239283 -0.0172837 0.0494891 1 0 0 0 0 0 0 0
441 1 0.1 5.0778 3.70628 0.762841 -0.00113621 0.00826506 0.000760832 0.0178045 0.0633815 0.0352514 1 0 0 0 0 0 0 0
442 1 0.1 5.27652 3.69146 0.762513 -0.00233461 -0.00806047 -0.000904454 0.0334751 -0.171986 -0.261067 1 0 0 0 0 0 0 0
443 1 0.1 5.33642 4.0348 0.762678 0.00183923 0.00316875 0.000770062 -0.0166906 0.00658606 -0.0086231 1 0 0 0 0 0 0 0
444 1 0.1 5.47848 4.17465 0.762613 0.00189375 0.000395877 9.3617e-05 0.0223388 -0.00482436 -0.00636873 1 0 0 0 0 0 0 0
445 1 0.1 5.68045 4.12786 0.760784 -0.00538001 -0.00528336 0.00430151 -0.0568968 0.0264986 0.0277413 1 0 0 0 0 0 0 0
446 1 0.1 5.81926 4.27179 0.762589 -0.00514361 -0.00275125 -0.000481812 -0.00667254 0.000256479 -0.0110406 1 0 0 0 0 0 0 0
447 1 0.1 5.96677 4.40644 0.758911 -0.00267641 -0.00184755 -0.000401857 -0.00409555 -0.00345163 -0.00202819 1 0 0 0 0 0 0 0
448 1 0.1 6.18461 4.87971 0.762644 -0.00118863 -0.000643269 0.000421459 0.0220783 -0.00629036 0.00570614 1 0 0 0 0 0 0 0
449 1 0.1 6.38838 5.36493 0.748368 -0.00132287 -0.000881506 0.000640306 0.00526201 -0.0148082 -0.0127429 1 0 0 0 0 0 0 0
450 1 0.1 6.55115 0.716155 0.655755 7.12502e-05 -9.92447e-05 2.69931e-05 -0.000945641 0.00130242 -0.00634716 1 0 0 0 0 0 0 0
451 1 0.1 6.41766 0.819943 0.762558 0.000319055 0.000174066 -4.36594e-05 0.00175354 -0.00200085 -0.0101744 1 0 0 0 0 0 0 0
452 1 0.1 6.36736 1.19179 0.762653 0.000221024 -0.00072039 9.78639e-05 -0.00538975 -0.00205549 -0.00152458 1 0 0 0 0 0 0 0
453 1 0.1 6.19405 1.58631 0.762534 -0.00849319 0.0129852 0.000623489 0.0397279 0.0717957 0.0493061 1 0 0 0 0 0 0 0
454 1 0.1 5.99294 1.84381 0.762534 -0.00538471 -0.0113047 0.00249607 -0.099352 0.0530728 0.0433838 1 0 0 0 0 0 0 0
455 1 0.1 5.81152 1.92779 0.762642 0.00272605 0.00306344 -0.000651695 0.0487833 -0.0206696 -0.258226 1 0 0 0 0 0 0 0
456 1 0.1 5.6726 2.06093 0.70987 -0.010955 0.0285302 0.0840846 0.62501 0.629172 0.181488 1 0 0 0 0 0 0 0
457 1 0.1 5.56276 2.22361 0.762279 0.0364998 0.163038 -0.00694198 0.982745 -0.889555 -0.524633 1 0 0 0 0 0 0 0
458 1 0.1 5.46919 2.44477 0.762705 0.0871737 0.0980685 0.00448758 0.967758 -0.850832 0.261589 1 0 0 0 0 0 0 0
459 1 0.1 5.30604 2.56075 0.76026 0.139397 0.125839 -0.0221458 0.242441 -0.0269972 0.447169 1 0 0 0 0 0 0 0
460 1 0.1 5.13395 2.66227 0.762617 0.124312 0.127357 -0.0120582 -0.1028 0.191462 -0.717236 1 0 0 0 0 0 0 0
461 1 0.1 4.91821 2.76467 0.763224 -0.00594844 0.0221564 0.000971735 0.0307837 -0.0231578 0.0789851 1 0 0 0 0 0 0 0
462 1 0.1 4.80747 2.93094 0.761283 -0.0215133 0.0124989 0.00492814 -0.0397675 -0.103242 -0.0458419 1 0 0 0 0 0 0 0
463 1 0.1 4.88096 3.11674 0.764039 -0.0113227 0.0111393 0.00203925 -0.210161 0.035533 -0.193039 1 0 0 0 0 0 0 0
464 1 0.1 5.05554 3.31388 0.75552 0.0208074 0.0113 0.014668 -0.0738401 -0.0401872 0.0796957 1 0 0 0 0 0 0 0
465 1 0.1 5.21908 3.42874 0.762601 0.0203805 0.017398 -0.00243726 0.172182 -0.232885 -0.349782 1 0 0 0 0 0 0 0
466 1 0.1 5.40996 3.36929 0.762506 0.00820516 -0.037287 0.00426286 -0.00115365 0.0807746 -0.2394 1 0 0 0 0 0 0 0
467 1 0.1 5.43341 3.56778 0.76181 -0.0389431 -0.0539155 0.011007 0.0486919 -0.0383193 -0.353891 1 0 0 0 0 0 0 0
468 1 0.1 5.40897 3.83715 0.730073 -0.00212764 -0.00892225 -0.00168615 -0.0308639 0.191627 0.253178 1 0 0 0 0 0 0 0
469 1 0.1 5.54096 3.9869 0.735846 -0.00932918 -0.00202898 -0.00372694 0.0714979 -0.118772 -0.13657 1 0 0 0 0 0 0 0
470 1 0.1 5.86503 4.05129 0.755313 -0.00347339 0.000660212 -0.00362147 0.00135333 0.080351 0.0430462 1 0 0 0 0 0 0 0
471 1 0.1 6.02126 4.20635 0.762656 0.0150903 -0.000666106 -0.00175458 -0.00734055 -0.155127 0.03881 1 0 0 0 0 0 0 0
472 1 0.1 6.15894 4.35135 0.761423 0.00158346 0.0121778 0.00919586 -0.0618509 -0.0771512 0.147682 1 0 0 0 0 0 0 0
473 1 0.1 6.31767 5.02726 0.741949 -0.000848743 -0.000590408 0.00179039 -0.0112924 -0.00792145 -0.00784383 1 0 0 0 0 0 0 0
474 1 0.1 6.42818 5.18158 0.679369 -0.000945888 -0.000850447 0.000937535 -0.005227 0.000480733 0.0118778 1 0 0 0 0 0 0 0
475 1 0.1 6.60596 0.885333 0.747187 0.000608167 -0.000658548 0.000654121 0.00790881 -0.00267542 2.18524e-05 1 0 0 0 0 0 0 0
476 1 0.1 6.52338 1.06734 0.751898 0.000348036 -0.000751141 0.00100256 -0.00155359 -0.00174245 0.00240629 1 0 0 0 0 0 0 0
477 1 0.1 6.22398 1.85049 0.696666 -0.905438 1.00888 0.125549 -0.259518 -1.1647 9.71823 1 0 0 0 0 0 0 0
478 1 0.1 6.29177 1.41186 0.762502 -0.012847 0.00997111 -3.09375e-05 -0.0209449 -0.0239789 0.164062 1 0 0 0 0 0 0 0
479 1 0.1 5.55693 2.94518 0.762121 -0.259457 0.563652 0.00218232 0.413089 0.194288 7.58305 1 0 0 0 0 0 0 0
480 1 0.1 5.91368 2.09759 0.736417 -0.0240901 0.0200835 0.0321041 0.432632 0.192781 0.543436 1 0 0 0 0 0 0 0
481 1 0.1 5.78965 2.25241 0.760626 0.0177396 0.0488062 0.0568717 0.365609 -0.803464 -1.17673 1 0 0 0 0 0 0 0
482 1 0.1 5.66713 2.41019 0.76277 0.0860694 0.102317 0.00190704 0.102864 -0.679539 0.289353 1 0 0 0 0 0 0 0
483 1 0.1 5.45345 2.70108 0.649164 -0.0686098 -0.0264975 -0.0467944 0.0840981 -2.67873 -0.78869 1 0 0 0 0 0 0 0
484 1 0.1 5.40773 2.96804 0.600043 -0.116519 -0.128114 0.00677237 0.0222486 -1.22294 -2.29963 1 0 0 0 0 0 0 0
485 1 0.1 5.38177 2.84897 0.762524 0.0344749 0.0555367 -0.0109504 0.546687 0.170205 -1.82874 1 0 0 0 0 0 0 0
486 1 0.1 5.18283 2.8542 0.750253 0.0345639 0.145831 -0.0132308 0.00857703 -0.206755 1.20236 1 0 0 0 0 0 0 0
487 1 0.1 5.00592 2.94349 0.762863 -0.0244637 0.026038 -0.00211923 0.160375 0.224233 0.159009 1 0 0 0 0 0 0 0
488 1 0.1 5.09717 3.11959 0.763085 0.0113059 0.0096055 0.0122587 0.10817 -0.116238 -0.166342 1 0 0 0 0 0 0 0
489 1 0.1 5.26626 3.2305 0.764193 0.00070618 0.0101511 0.000369673 0.0462901 -0.0910446 -0.0537167 1 0 0 0 0 0 0 0
490 1 0.1 5.31393 3.03667 0.762634 0.0222561 0.0475965 -0.00377829 0.0392002 -0.10261 0.393692 1 0 0 0 0 0 0 0
491 1 0.1 5.45833 3.17517 0.762619 -0.0102178 -0.0791481 -0.00429744 -0.793523 0.0423083 -0.390746 1 0 0 0 0 0 0 0
492 1 0.1 5.60188 3.30601 0.715604 -0.0052405 -0.092203 -0.0390127 0.208433 -0.0903405 0.387232 1 0 0 0 0 0 0 0
493 1 0.1 5.5917 3.75825 0.747823 -0.0228714 -0.0423116 0.0119207 0.194727 -0.414094 -0.63436 1 0 0 0 0 0 0 0
494 1 0.1 5.7236 3.91014 0.76258 -0.00417857 0.00174179 0.00166161 -0.00124836 0.0257721 0.167952 1 0 0 0 0 0 0 0
495 1 0.1 5.6212 3.49936 0.762505 -0.0565736 -0.0957165 0.00120641 0.204022 0.0421393 0.0961972 1 0 0 0 0 0 0 0
496 1 0.1 5.75668 3.64634 0.76252 -0.0688233 -0.0995759 0.00444426 0.122464 0.275293 -0.0493313 1 0 0 0 0 0 0 0
497 1 0.1 6.10689 4.54894 0.762035 -0.00132445 -0.00195696 0.000131721 0.00258306 -0.00480949 -0.0132041 1 0 0 0 0 0 0 0
498 1 0.1 6.26708 4.685 0.76257 0.00234601 -0.00120577 -6.48317e-05 -0.012625 -0.0219511 -0.0102554 1 0 0 0 0 0 0 0
499 1 0.1 6.42924 4.86243 0.762569 0.00200691 -0.000449866 0.000134274 -0.00591841 -0.0180385 0.0237325 1 0 0 0 0 0 0 0
