500
0 1 0.1 6.06138 0.960405 0.149876 -0.00128927 0.00160949 -0.000278211 0.00156382 0.00395001 0.0246854 1 0 0 0 0 0 0 0
1 1 0.1 5.92141 1.10285 0.143188 -0.00114476 0.00105495 1.78688e-05 -0.004392 0.00466684 -0.0220129 1 0 0 0 0 0 0 0
2 1 0.1 5.78036 1.24427 0.141365 -0.000350076 0.00102952 -0.000125687 -0.0010375 -0.0032551 0.0144223 1 0 0 0 0 0 0 0
3 1 0.1 5.63823 1.38455 0.14701 -0.000568428 0.000160464 -0.000199738 0.000660884 0.000348441 -0.00313719 1 0 0 0 0 0 0 0
4 1 0.1 5.49856 1.52654 0.16218 -0.000927303 0.000250738 -0.000114605 0.000165149 0.00193566 0.00767735 1 0 0 0 0 0 0 0
5 1 0.1 5.34351 1.68351 0.13826 0.0081286 -0.00770564 0.0065436 0.0722594 -0.00726377 -0.110391 1 0 0 0 0 0 0 0
6 1 0.1 5.19074 1.83557 0.138785 0.0065478 -0.0078536 -0.00183038 -0.021781 0.0119997 -0.0665368 1 0 0 0 0 0 0 0
7 1 0.1 5.01251 2.0096 0.137479 0.0968914 -0.148937 0.00232342 -0.483293 -0.441988 -0.399622 1 0 0 0 0 0 0 0
8 1 0.1 4.8726 2.14959 0.165435 0.004051 -0.143073 -0.448721 -2.19294 0.406689 0.891136 1 0 0 0 0 0 0 0
9 1 0.1 4.73236 2.28796 0.136792 0.0115463 -0.00456041 0.0047977 -0.0390394 0.0421494 -0.0569346 1 0 0 0 0 0 0 0
10 1 0.1 4.44538 2.57479 0.136494 -0.00228938 0.00344195 0.000469176 -0.0591318 0.0335757 -0.156395 1 0 0 0 0 0 0 0
11 1 0.1 4.29091 2.73065 0.148085 -7.90575e-05 -0.00219212 -0.00522009 -0.0527557 0.0525552 -0.0213531 1 0 0 0 0 0 0 0
12 1 0.1 4.18756 2.90175 0.150403 0.000215148 0.000141079 -0.00271826 0.0311866 0.0218074 0.00645502 1 0 0 0 0 0 0 0
13 1 0.1 4.18749 3.1017 0.149902 1.74669e-07 0.000112744 -6.2025e-05 0.00485703 -0.000820861 0.00155336 1 0 0 0 0 0 0 0
14 1 0.1 4.29544 3.26956 0.137603 -5.55652e-05 5.33409e-05 0.000325579 -0.00144421 -0.00197549 -0.00109778 1 0 0 0 0 0 0 0
15 1 0.1 4.45164 3.43654 0.150425 -0.00357997 -0.00240932 0.00121386 -0.019867 0.00710518 -0.039172 1 0 0 0 0 0 0 0
16 1 0.1 4.60337 3.5843 0.148827 0.00114611 0.000936854 -0.00252043 0.00851329 0.00114712 0.00335501 1 0 0 0 0 0 0 0
17 1 0.1 4.77954 3.75356 0.13702 -0.00158193 0.000249273 -0.00245832 0.0257622 0.0120906 -0.0310811 1 0 0 0 0 0 0 0
18 1 0.1 5.01798 4.00029 0.140223 -0.00492429 -0.00545276 -0.000557911 -0.00092063 -0.00260592 -0.0161079 1 0 0 0 0 0 0 0
19 1 0.1 5.15761 4.14303 0.150075 -0.00350149 -0.00335448 -0.00160332 -0.00590841 0.0117538 0.00432638 1 0 0 0 0 0 0 0
20 1 0.1 5.41333 4.27613 0.251723 4.30202e-05 -0.00309195 0.000293279 0.139682 0.0256057 -0.12609 1 0 0 0 0 0 0 0
21 1 0.1 5.48467 4.45233 0.189902 0.00165084 4.20212e-05 0.00682682 -0.104163 0.0194768 0.033156 1 0 0 0 0 0 0 0
22 1 0.1 5.67766 4.41794 0.22891 0.000759138 0.00356143 0.0141819 0.118283 -0.0992972 0.0045906 1 0 0 0 0 0 0 0
23 1 0.1 5.61866 4.59108 0.137475 -0.000245859 -0.000478891 -0.000122127 0.00551498 -0.00374793 0.0019186 1 0 0 0 0 0 0 0
24 1 0.1 5.79329 4.77837 0.150195 6.71286e-05 0.000137023 -2.55061e-06 -0.00231013 0.000342507 0.00299075 1 0 0 0 0 0 0 0
25 1 0.1 6.34407 0.677832 0.150085 -0.0015205 0.00171194 -6.0335e-05 0.00517875 0.00726506 0.0382213 1 0 0 0 0 0 0 0
26 1 0.1 6.08767 1.2263 0.137428 0.00306675 0.000202982 -0.000651667 -0.0086967 0.0280373 -0.148817 1 0 0 0 0 0 0 0
27 1 0.1 5.92046 1.39098 0.136867 -0.00108929 0.0128013 -0.00258132 0.0398428 0.0396245 -0.0636913 1 0 0 0 0 0 0 0
28 1 0.1 5.83721 1.55196 0.218283 -0.00417272 0.00366793 0.000154235 -0.123555 -0.255661 0.0798504 1 0 0 0 0 0 0 0
29 1 0.1 5.66625 1.63178 0.136942 -0.00372067 0.00228868 -0.00221028 -0.0979337 -0.0105245 -0.0421027 1 0 0 0 0 0 0 0
30 1 0.1 5.48433 1.78213 0.239152 0.00477768 0.00278916 0.00833267 -0.0990273 -0.0235865 0.169328 1 0 0 0 0 0 0 0
31 1 0.1 5.37369 1.91642 0.141345 0.0118821 0.0225033 0.031144 0.693164 -0.463954 0.0179978 1 0 0 0 0 0 0 0
32 1 0.1 5.21507 2.0331 0.134481 -0.00792582 -0.0125841 0.00897762 -0.301474 0.010212 -0.211183 1 0 0 0 0 0 0 0
33 1 0.1 5.0413 2.25318 0.137476 0.0112186 -0.0227283 0.00138103 0.253221 0.105078 0.107101 1 0 0 0 0 0 0 0
34 1 0.1 4.89391 2.33849 0.242245 0.019548 -0.0522512 0.0352327 0.492784 -0.108972 -0.221351 1 0 0 0 0 0 0 0
35 1 0.1 4.69486 2.4075 0.291857 0.0324421 -0.022958 0.0209002 0.480547 0.0532938 0.0963686 1 0 0 0 0 0 0 0
36 1 0.1 4.56224 2.73459 0.137321 0.00696836 -0.00430441 0.000854848 0.016435 0.0689677 0.0277766 1 0 0 0 0 0 0 0
37 1 0.1 4.42236 2.8777 0.135418 -0.000751774 -0.00813752 -0.00286017 0.0823012 -0.000198156 -0.0173588 1 0 0 0 0 0 0 0
38 1 0.1 4.49547 3.06992 0.137145 0.000179319 -0.00817973 0.00314437 -0.163363 0.0226437 0.0641498 1 0 0 0 0 0 0 0
39 1 0.1 4.5487 3.26227 0.137361 -0.00530309 -0.00295411 -0.000735952 0.0467839 -0.025956 0.0293354 1 0 0 0 0 0 0 0
40 1 0.1 4.68924 3.40424 0.137138 -0.00539451 -0.000545405 0.000112608 -0.0135072 -0.0344263 -0.0321342 1 0 0 0 0 0 0 0
41 1 0.1 4.84155 3.56611 0.137195 0.00982793 0.00645751 0.00227266 -0.0729698 -0.105482 0.206548 1 0 0 0 0 0 0 0
42 1 0.1 4.97242 3.80603 0.138248 0.0057392 -0.0171111 -0.00746322 0.0663579 0.0340808 0.16624 1 0 0 0 0 0 0 0
43 1 0.1 5.34036 3.93146 0.293519 0.0040976 0.00470656 -0.00119297 -0.075011 0.0210576 0.0191441 1 0 0 0 0 0 0 0
44 1 0.1 5.36987 4.09419 0.181343 -0.416957 0.0913718 0.0121575 1.8556 8.95282 -1.03586 1 0 0 0 0 0 0 0
45 1 0.1 5.57424 4.26166 0.136612 -0.000974571 -0.0020841 0.000646939 0.0185033 -0.0387685 0.0257809 1 0 0 0 0 0 0 0
46 1 0.1 5.8696 4.29422 0.146747 0.000933048 -0.000704204 -0.000168812 -0.00019679 0.00600444 0.00683819 1 0 0 0 0 0 0 0
47 1 0.1 5.92104 4.45477 0.253606 0.001089 -0.00104191 -0.000602827 0.00573989 0.000903883 -0.0104432 1 0 0 0 0 0 0 0
48 1 0.1 5.81827 4.5805 0.137368 0.000490535 -5.12367e-05 5.84316e-05 0.000126211 0.0037255 0.00389898 1 0 0 0 0 0 0 0
49 1 0.1 6.09422 5.07242 0.145661 -0.000383966 -0.000327435 -0.000433469 0.00285573 0.00352222 -0.00649622 1 0 0 0 0 0 0 0
50 1 0.1 6.48548 0.536474 0.149994 -0.00148639 0.00188879 1.76856e-05 -0.00931259 -0.00775864 -0.0561596 1 0 0 0 0 0 0 0
51 1 0.1 6.22439 1.07536 0.137495 -0.0128074 0.0177026 -0.000202715 0.134237 0.0913155 0.16046 1 0 0 0 0 0 0 0
52 1 0.1 6.01451 1.59659 0.137409 -0.00643393 0.00606632 -0.000937412 -0.135092 -0.147512 -0.0753037 1 0 0 0 0 0 0 0
53 1 0.1 5.86564 1.72982 0.136324 -0.00726505 -2.67472e-05 -0.00199561 0.0100061 -0.0810394 0.103374 1 0 0 0 0 0 0 0
54 1 0.1 5.83982 1.9277 0.13677 -1.58517e-07 -0.00170466 0.00145134 0.0586477 0.0870146 -0.0709141 1 0 0 0 0 0 0 0
55 1 0.1 5.70428 1.80843 0.220074 -0.00356986 -0.00184419 -0.00309178 0.201822 -0.294728 0.0161594 1 0 0 0 0 0 0 0
56 1 0.1 5.57078 1.92937 0.136127 -0.00222353 0.00441169 0.0073118 0.259893 0.200563 0.0855558 1 0 0 0 0 0 0 0
57 1 0.1 5.38488 2.15091 0.136552 -0.0132596 -0.00330123 0.00422979 0.0497746 -0.0752129 0.0995605 1 0 0 0 0 0 0 0
58 1 0.1 5.2711 2.31867 0.137618 -0.293884 -0.0599505 0.00778269 -0.224473 0.0162966 -0.118154 1 0 0 0 0 0 0 0
59 1 0.1 5.12999 2.46074 0.136738 -0.00434929 0.0173168 0.0032256 -0.186542 -0.034994 -0.0396553 1 0 0 0 0 0 0 0
60 1 0.1 4.88234 2.51447 0.138571 -0.366789 0.135477 0.0280864 -1.18316 0.563688 0.787266 1 0 0 0 0 0 0 0
61 1 0.1 4.67417 2.49059 0.12974 0.00941383 0.0090486 0.0118843 -0.278868 0.13705 0.073764 1 0 0 0 0 0 0 0
62 1 0.1 4.62803 2.9219 0.138448 0.000471512 -0.00210947 0.00672788 0.0667268 0.00805733 0.0178011 1 0 0 0 0 0 0 0
63 1 0.1 4.6889 3.11991 0.144868 -0.00135315 0.00404128 0.0150227 -0.0904344 -0.151733 0.0595496 1 0 0 0 0 0 0 0
64 1 0.1 4.83318 3.30447 0.237674 -0.000124042 0.00639174 0.0112513 -0.024596 0.0155152 -0.0430455 1 0 0 0 0 0 0 0
65 1 0.1 4.96174 3.41009 0.134987 -0.00385978 -9.85907e-05 -0.00232196 -0.148468 -0.00888263 -0.0719539 1 0 0 0 0 0 0 0
66 1 0.1 5.03446 3.61628 0.138586 0.0195689 -0.0195801 -0.00919062 -0.0632319 0.0184971 0.220136 1 0 0 0 0 0 0 0
67 1 0.1 5.16722 3.79557 0.181553 0.00710751 0.00889928 -0.0116751 0.0563013 -0.00833006 0.120675 1 0 0 0 0 0 0 0
68 1 0.1 5.45977 3.89975 0.137214 0.00334392 -0.00219586 -0.00036 0.00396041 0.0100401 0.00664531 1 0 0 0 0 0 0 0
69 1 0.1 5.53363 3.97585 0.318618 0.00530514 -0.00366676 0.00404707 0.155268 -0.0586777 -0.102107 1 0 0 0 0 0 0 0
70 1 0.1 5.73686 4.14552 0.137439 0.00104619 -0.00112271 0.000513308 -0.00328782 0.00832333 0.0102976 1 0 0 0 0 0 0 0
71 1 0.1 5.90252 4.05326 0.200989 0.0023754 -0.00125872 -0.000886068 0.0025984 0.00232458 9.52062e-05 1 0 0 0 0 0 0 0
72 1 0.1 6.03759 4.18628 0.137462 0.00156035 -0.000749894 -0.000237196 0.00221982 2.90093e-05 9.12836e-05 1 0 0 0 0 0 0 0
73 1 0.1 5.97743 4.70154 0.137497 0.000182801 0.000166917 -3.88593e-05 0.00133265 0.000437374 -0.000614903 1 0 0 0 0 0 0 0
74 1 0.1 6.27536 5.25327 0.15193 -0.000556822 -0.000771446 9.25628e-05 -0.00538786 0.00270796 -0.00813927 1 0 0 0 0 0 0 0
75 1 0.1 6.52068 0.770754 0.137485 -0.000884835 0.000807714 -0.000219734 -0.0132875 -0.0110996 -0.0463876 1 0 0 0 0 0 0 0
76 1 0.1 6.2028 0.819274 0.14954 -0.00117371 0.00194533 0.000327871 0.000109281 -0.00931626 -0.0481323 1 0 0 0 0 0 0 0
77 1 0.1 6.0457 1.81654 0.137476 0.00664181 -0.0268496 0.000159713 -0.0582891 -0.0387813 -0.182027 1 0 0 0 0 0 0 0
78 1 0.1 5.92277 2.16642 0.263362 0.00521837 -0.0244192 -0.0162549 0.320033 -0.192186 -0.11527 1 0 0 0 0 0 0 0
79 1 0.1 5.8556 2.30627 0.137352 0.0167187 0.00104936 0.00253539 -0.0209787 0.172094 -0.0405894 1 0 0 0 0 0 0 0
80 1 0.1 5.77726 2.11694 0.135375 -0.0128629 -0.00609372 -0.000487712 0.0433161 -0.176766 0.156504 1 0 0 0 0 0 0 0
81 1 0.1 5.58366 2.14158 0.135821 -0.0114876 -0.00910853 -0.00320393 0.119999 -0.430086 0.187212 1 0 0 0 0 0 0 0
82 1 0.1 5.47589 2.32867 0.137595 -0.0117267 3.23424e-05 -0.00764818 0.201326 0.811743 -0.0947238 1 0 0 0 0 0 0 0
83 1 0.1 5.51148 2.50943 0.214901 0.00746752 -0.00389449 -0.00151708 0.0171925 0.00905992 0.23424 1 0 0 0 0 0 0 0
84 1 0.1 5.32175 2.513 0.152815 0.00382273 -0.00695277 -0.00169819 -0.114549 -0.000730184 -0.217345 1 0 0 0 0 0 0 0
85 1 0.1 5.05372 2.64382 0.136676 0.00602161 0.0154187 -0.00274312 0.072102 0.092718 -0.0250622 1 0 0 0 0 0 0 0
86 1 0.1 4.75372 2.67307 0.135553 0.00778061 0.00466638 -0.00781281 -0.034041 0.103724 -0.0129547 1 0 0 0 0 0 0 0
87 1 0.1 4.82305 2.95821 0.137143 -0.00288443 0.00368678 0.00207371 0.0131337 0.00904394 0.0449129 1 0 0 0 0 0 0 0
88 1 0.1 4.89481 3.14295 0.139246 -0.00386343 0.00390463 0.00765306 0.028792 -0.00841241 -0.0363067 1 0 0 0 0 0 0 0
89 1 0.1 5.06932 3.23752 0.136935 5.98813e-05 -0.00332635 0.00113983 -0.0315979 0.0530915 -0.0475133 1 0 0 0 0 0 0 0
90 1 0.1 5.162 3.41427 0.137349 0.00536782 -0.00565831 -0.000239637 -0.0031611 0.0086699 -0.0153418 1 0 0 0 0 0 0 0
91 1 0.1 5.23256 3.6 0.156966 0.0183409 -0.00833432 -0.00557498 -0.0733404 -0.0395419 -0.115228 1 0 0 0 0 0 0 0
92 1 0.1 5.39863 3.70971 0.143047 0.0182987 -0.00697413 -0.00408401 0.0511676 0.00540518 0.131146 1 0 0 0 0 0 0 0
93 1 0.1 5.59326 3.75249 0.158633 0.0163094 0.0046253 0.0214373 -0.00258126 -0.245282 -0.0076638 1 0 0 0 0 0 0 0
94 1 0.1 5.64749 3.96707 0.139649 0.00229322 -0.00141232 0.000244705 0.00782166 -0.0130358 -0.00102575 1 0 0 0 0 0 0 0
95 1 0.1 5.82704 3.87938 0.137378 0.00140484 -0.00129525 0.000414548 -0.00187447 0.00979887 -2.58023e-05 1 0 0 0 0 0 0 0
96 1 0.1 5.79154 3.55037 0.418579 -0.265345 -0.121784 0.548356 0.259324 -7.9825 -1.63759 1 0 0 0 0 0 0 0
97 1 0.1 5.98316 3.87418 0.262141 -0.0100338 -0.0508291 0.0127199 -0.104901 -0.161627 -0.718668 1 0 0 0 0 0 0 0
98 1 0.1 5.93474 4.91971 0.14999 0.000228664 0.000275807 -0.000156435 0.00530826 -0.000634859 0.00735746 1 0 0 0 0 0 0 0
99 1 0.1 6.30978 5.05685 0.137453 -0.000599482 -0.000733206 -0.000132348 0.0079334 -0.00639829 0.00710982 1 0 0 0 0 0 0 0
100 1 0.1 6.35123 1.20864 0.215721 -0.00902573 0.0141067 -0.00119916 0.118233 0.185 -0.054911 1 0 0 0 0 0 0 0
101 1 0.1 6.10166 1.44996 0.2412 -0.0128511 0.00598033 0.00347465 -0.000871343 0.304708 -0.104461 1 0 0 0 0 0 0 0
102 1 0.1 6.06893 1.7285 0.585465 -0.0366519 0.0787923 -0.0105402 -0.0343746 0.912448 1.70506 1 0 0 0 0 0 0 0
103 1 0.1 6.01642 2.0087 0.184057 0.0128444 -0.0190608 -0.0212184 -0.16711 0.0277963 0.117788 1 0 0 0 0 0 0 0
104 1 0.1 5.76158 2.67291 0.29706 0.0268621 0.0180437 -0.0129469 -0.293629 0.487934 0.322883 1 0 0 0 0 0 0 0
105 1 0.1 5.66733 2.3854 0.147406 -0.0146964 0.0131592 -0.00452207 0.0711299 -0.76564 0.240407 1 0 0 0 0 0 0 0
106 1 0.1 5.67953 2.58476 0.137425 0.00269662 0.0124437 0.000411871 -0.0483551 -0.0430574 -0.0556284 1 0 0 0 0 0 0 0
107 1 0.1 5.51179 2.69359 0.137174 -0.00761621 -0.00324679 9.30055e-05 0.00554796 -0.113959 -0.0297213 1 0 0 0 0 0 0 0
108 1 0.1 5.55203 2.66684 0.331268 -0.0262555 0.00581338 -0.00299785 0.129625 0.641119 0.679372 1 0 0 0 0 0 0 0
109 1 0.1 5.39595 2.88742 0.137454 -0.00146863 -0.006639 -0.0020041 0.0665572 -0.00465682 -0.0490873 1 0 0 0 0 0 0 0
110 1 0.1 5.30211 2.71123 0.140906 0.00793801 -0.00704197 -0.00891565 0.0417008 0.0729425 0.145796 1 0 0 0 0 0 0 0
111 1 0.1 4.97142 2.82506 0.139299 0.00275528 0.0128156 0.00549879 -0.047583 0.0216656 0.045744 1 0 0 0 0 0 0 0
112 1 0.1 5.00279 3.00083 0.229153 -0.0316808 0.00214651 0.038389 0.162644 -0.66554 0.0704929 1 0 0 0 0 0 0 0
113 1 0.1 5.18246 3.07312 0.137802 -0.00211579 -0.00761423 0.00405226 -0.0171813 -0.0254402 0.0105461 1 0 0 0 0 0 0 0
114 1 0.1 5.2747 3.2502 0.152126 -0.000925168 -0.00851489 0.00072415 -0.0350979 0.0220653 -0.0550943 1 0 0 0 0 0 0 0
115 1 0.1 5.35151 3.45102 0.222895 -0.00878868 -0.000606193 -0.00212841 0.0260035 0.00296043 0.0371637 1 0 0 0 0 0 0 0
116 1 0.1 5.52059 3.51421 0.136977 -0.00326 -0.00369077 0.000900377 0.0292106 0.0112727 -0.0105014 1 0 0 0 0 0 0 0
117 1 0.1 5.69104 3.58656 0.212412 -0.00663333 -0.0196735 0.00781741 -0.0785568 -0.0872689 -0.188768 1 0 0 0 0 0 0 0
118 1 0.1 5.66629 3.37661 0.137466 -0.00688142 -0.000615244 0.00407922 0.0103877 -0.0407653 0.0363917 1 0 0 0 0 0 0 0
119 1 0.1 5.47467 3.31965 0.136938 -0.00654034 -0.000941631 -0.00098612 -0.00191558 -0.0172403 -0.0406783 1 0 0 0 0 0 0 0
120 1 0.1 5.87 3.6578 0.137472 -0.273054 -0.143312 0.0010538 0.00888418 -0.00585687 -0.990029 1 0 0 0 0 0 0 0
121 1 0.1 5.79908 3.33426 0.445702 0.159701 -0.269279 0.219767 -1.36233 -3.01846 -3.15016 1 0 0 0 0 0 0 0
122 1 0.1 6.08237 4.43502 0.137359 0.00107328 -1.9272e-05 3.49742e-05 0.00457723 0.00224292 -0.0182175 1 0 0 0 0 0 0 0
123 1 0.1 6.09724 4.58197 0.271743 0.00115548 -4.38025e-05 -0.000233669 -0.00789959 -0.0151217 0.00583486 1 0 0 0 0 0 0 0
124 1 0.1 6.17312 4.75316 0.137424 -0.000434078 -6.33938e-05 -3.68087e-05 0.00146641 -0.00538551 -0.00113708 1 0 0 0 0 0 0 0
125 1 0.1 6.07832 0.9404 0.360484 0.0017766 -0.00144264 -0.000551343 0.0130181 -0.0278954 0.0192916 1 0 0 0 0 0 0 0
126 1 0.1 5.937 1.08016 0.341271 0.00205491 -0.0022594 -0.000824955 0.0259164 -0.0153326 -0.0109226 1 0 0 0 0 0 0 0
127 1 0.1 5.80203 1.22587 0.343038 0.018483 0.00889529 -0.00793696 -0.096198 0.00689407 -0.173416 1 0 0 0 0 0 0 0
128 1 0.1 5.65517 1.37167 0.347019 0.00566494 0.0154237 1.57159e-05 0.024232 -0.0399015 -0.129629 1 0 0 0 0 0 0 0
129 1 0.1 5.51079 1.50668 0.360803 -0.00535351 0.00130771 -0.000626152 -0.00908025 0.100344 0.0412409 1 0 0 0 0 0 0 0
130 1 0.1 5.23073 1.7869 0.335427 -0.000420588 0.00145474 -0.0132963 0.0782539 0.00258274 0.153574 1 0 0 0 0 0 0 0
131 1 0.1 5.13918 1.95232 0.293701 0.00985122 0.00824132 0.0389319 0.0133348 0.36454 -0.063208 1 0 0 0 0 0 0 0
132 1 0.1 4.97566 2.16946 0.334704 -0.103775 0.150139 -0.387833 -1.17569 -1.80256 -0.656964 1 0 0 0 0 0 0 0
133 1 0.1 4.80439 2.21664 0.397647 -0.0528249 0.0345115 -0.114626 3.77046 3.64286 0.776592 1 0 0 0 0 0 0 0
134 1 0.1 4.68531 2.34659 0.464062 -0.0214426 -0.00681379 0.0484536 -0.860122 -0.738758 -0.0355606 1 0 0 0 0 0 0 0
135 1 0.1 4.38073 2.64115 0.3092 0.00245624 -0.00524704 -0.00320962 -0.016663 -0.173139 0.0554067 1 0 0 0 0 0 0 0
136 1 0.1 4.19415 2.8309 0.343631 0.0159083 0.013642 -0.0730085 -0.0378695 0.130758 0.0371528 1 0 0 0 0 0 0 0
137 1 0.1 4.19644 3.03349 0.382843 -0.00534309 -0.00488932 0.00849607 -0.152763 -0.140888 -0.0829533 1 0 0 0 0 0 0 0
138 1 0.1 4.23976 3.21919 0.327436 -0.00926146 -0.00950161 0.00312916 -0.0567445 -0.0430031 -0.145489 1 0 0 0 0 0 0 0
139 1 0.1 4.37788 3.36202 0.350024 -0.00685122 -0.0114642 0.000539815 -0.0126027 0.000806764 -0.136416 1 0 0 0 0 0 0 0
140 1 0.1 4.54659 3.52425 0.349826 -0.070398 -0.0768193 0.0332325 -0.129098 -0.189348 -0.699708 1 0 0 0 0 0 0 0
141 1 0.1 4.69015 3.66678 0.353592 0.00973139 0.00868848 0.00447196 -0.00709125 -0.0416452 0.124508 1 0 0 0 0 0 0 0
142 1 0.1 4.83802 3.79839 0.322496 0.00148442 -0.00760567 -0.000553334 0.057342 -0.00828281 -0.0763227 1 0 0 0 0 0 0 0
143 1 0.1 4.98099 3.9575 0.344743 -0.000381783 -0.00151575 -0.00792283 0.0657626 0.0400921 -0.0780812 1 0 0 0 0 0 0 0
144 1 0.1 5.1228 4.09534 0.365918 -0.00122256 0.00180015 -0.00262203 0.07798 0.0180816 0.0146046 1 0 0 0 0 0 0 0
145 1 0.1 5.26459 4.23469 0.377428 -0.00128156 -5.49215e-05 -0.000566084 0.00714368 0.0111228 -0.038231 1 0 0 0 0 0 0 0
146 1 0.1 5.44116 4.41705 0.389671 -0.000965058 -0.00221628 -0.00123025 -0.138192 0.109739 -0.0085071 1 0 0 0 0 0 0 0
147 1 0.1 5.57666 4.55817 0.348459 -0.00123519 -0.00298445 -0.00255909 0.072207 -0.0165786 -0.0169658 1 0 0 0 0 0 0 0
148 1 0.1 5.73119 4.71214 0.34346 -0.000345023 -0.000901799 -0.00205456 0.0169593 0.00563206 -0.014136 1 0 0 0 0 0 0 0
149 1 0.1 6.01788 4.99891 0.349547 0.000377945 -8.85774e-05 -0.000997742 0.0167329 -0.00495416 0.00672599 1 0 0 0 0 0 0 0
150 1 0.1 6.21757 0.797461 0.350218 0.00125854 -0.00117419 0.000703817 0.00534936 -0.00966856 -0.0150298 1 0 0 0 0 0 0 0
151 1 0.1 5.98556 1.2902 0.296918 0.0156722 0.0196203 -0.00215391 -0.153752 0.0565856 0.00999972 1 0 0 0 0 0 0 0
152 1 0.1 5.84717 1.41823 0.363421 0.00528626 0.00857089 -0.00225854 0.127214 0.045623 0.285775 1 0 0 0 0 0 0 0
153 1 0.1 5.68966 1.59318 0.346211 0.00747481 -0.0371055 0.0183397 1.09752 0.23481 -0.518293 1 0 0 0 0 0 0 0
154 1 0.1 5.53941 1.7126 0.417565 -0.0181763 0.0174841 0.0176449 0.00859774 -0.262299 -0.0961576 1 0 0 0 0 0 0 0
155 1 0.1 5.37157 1.64711 0.333907 -0.00346806 0.00477494 -0.00172143 -0.038561 0.0391379 0.183691 1 0 0 0 0 0 0 0
156 1 0.1 5.29573 2.02794 0.392275 -0.0190426 0.0389328 0.078245 0.957274 0.566278 0.837125 1 0 0 0 0 0 0 0
157 1 0.1 5.15981 2.14558 0.304918 -0.037804 -0.00647246 0.0243607 -1.02491 -1.89248 -0.499291 1 0 0 0 0 0 0 0
158 1 0.1 4.95521 2.34321 0.432379 -0.0723785 -0.0978918 0.072785 -0.14359 -1.04639 -0.629383 1 0 0 0 0 0 0 0
159 1 0.1 4.88872 2.51236 0.340253 -0.0241763 -0.0562321 0.0393214 -0.467306 0.193686 0.575289 1 0 0 0 0 0 0 0
160 1 0.1 4.55948 2.55261 0.311163 0.00469887 -0.0306486 -0.00579942 -0.393723 -0.0050107 -0.0166936 1 0 0 0 0 0 0 0
161 1 0.1 4.3984 2.83418 0.324907 0.0138921 -0.00389644 -0.00676296 0.003744 -0.121648 -0.2127 1 0 0 0 0 0 0 0
162 1 0.1 4.35144 3.01636 0.263106 -0.00892606 -0.00458108 0.0107939 -0.105155 -0.126265 0.0687392 1 0 0 0 0 0 0 0
163 1 0.1 4.55711 3.16248 0.316906 -0.017057 0.0120708 0.00800196 -0.038926 -0.120437 0.03075 1 0 0 0 0 0 0 0
164 1 0.1 4.63237 3.3457 0.318877 -0.00772258 0.0133071 -0.000436377 -0.102479 0.0556911 -0.0906757 1 0 0 0 0 0 0 0
165 1 0.1 4.76775 3.48989 0.305193 0.00436401 0.00977789 0.0043222 0.00628278 0.0705857 -0.184264 1 0 0 0 0 0 0 0
166 1 0.1 4.93056 3.60296 0.310505 0.0121215 0.00289775 -0.00412518 0.20344 0.212958 0.0473892 1 0 0 0 0 0 0 0
167 1 0.1 5.03505 3.76903 0.332979 0.0030628 0.00442887 -0.0143103 -0.0624644 0.113529 0.11348 1 0 0 0 0 0 0 0
168 1 0.1 5.16862 3.9036 0.390141 -0.00243386 0.00516161 -0.0126262 0.0725887 -0.15387 -0.0321747 1 0 0 0 0 0 0 0
169 1 0.1 5.2976 4.04041 0.457015 -0.000989441 -0.00260048 0.00290798 -0.0334563 -0.0523573 -0.0819887 1 0 0 0 0 0 0 0
170 1 0.1 5.45694 4.14397 0.394985 4.63577e-05 -0.00402036 0.00159046 -0.14516 -0.0463676 0.131355 1 0 0 0 0 0 0 0
171 1 0.1 5.66579 4.2365 0.312106 0.00168421 -0.00215101 0.00144883 0.0089709 0.0518288 0.0366273 1 0 0 0 0 0 0 0
172 1 0.1 5.81288 4.33417 0.405395 0.000530001 -0.000715755 0.00157706 -0.0079749 -0.0639549 -0.016346 1 0 0 0 0 0 0 0
173 1 0.1 5.80299 4.53327 0.394064 0.00085926 -0.00031386 -0.00189526 -0.027631 0.00410901 0.016389 1 0 0 0 0 0 0 0
174 1 0.1 6.15911 5.14025 0.350121 -5.40858e-05 -1.80832e-05 0.000132833 -0.00278812 0.00223028 -0.000829191 1 0 0 0 0 0 0 0
175 1 0.1 6.35975 0.655188 0.348856 2.74024e-05 1.29097e-05 -0.000280206 -0.00182237 0.00211861 0.000584829 1 0 0 0 0 0 0 0
176 1 0.1 6.12609 1.13826 0.312795 0.000785035 -0.000590699 -0.0018155 -0.0103006 0.0218191 0.0224805 1 0 0 0 0 0 0 0
177 1 0.1 5.99163 1.63525 0.332205 0.0076467 0.0265578 -0.00423873 -0.0555374 0.235158 -0.155855 1 0 0 0 0 0 0 0
178 1 0.1 5.82649 1.73094 0.39122 -0.0113219 -0.0298681 0.0296634 -0.28848 0.383625 0.935509 1 0 0 0 0 0 0 0
179 1 0.1 5.7197 1.8993 0.392629 -0.0535947 -0.0536802 0.0206939 0.246038 -0.476523 -0.436143 1 0 0 0 0 0 0 0
180 1 0.1 5.41186 1.86646 0.412138 -0.30928 -0.210208 -0.09624 -0.314912 0.70073 -2.37898 1 0 0 0 0 0 0 0
181 1 0.1 5.4699 2.01129 0.286964 0.0552875 -0.12128 0.132318 1.28888 0.75364 -0.137894 1 0 0 0 0 0 0 0
182 1 0.1 5.33101 2.23277 0.309194 -0.01572 -0.0458431 0.0465301 0.252046 0.461242 0.591961 1 0 0 0 0 0 0 0
183 1 0.1 5.13853 2.3416 0.293333 -0.00571508 -0.01125 -0.0284098 0.63289 -0.186711 0.286113 1 0 0 0 0 0 0 0
184 1 0.1 5.08509 2.53557 0.315767 -0.0297811 0.0356544 -0.0056574 0.0747048 0.191183 0.452039 1 0 0 0 0 0 0 0
185 1 0.1 4.74745 2.65244 0.330799 0.0113298 -0.00246352 -0.0205343 0.0885158 -0.0903427 -0.0393275 1 0 0 0 0 0 0 0
186 1 0.1 4.59371 2.7937 0.324676 0.00411464 -0.00937663 0.000541063 0.0281602 -0.10575 0.0492821 1 0 0 0 0 0 0 0
187 1 0.1 4.69526 2.96522 0.321386 -0.0137863 0.00807125 0.00813598 0.109541 -0.0822083 0.134798 1 0 0 0 0 0 0 0
188 1 0.1 4.75381 3.15475 0.334735 -0.0213554 0.017362 0.0120156 -0.136256 -0.0324951 0.00710117 1 0 0 0 0 0 0 0
189 1 0.1 4.97288 3.15856 0.349009 -0.0038728 0.000215019 0.00945532 -0.170648 0.121317 -0.118222 1 0 0 0 0 0 0 0
190 1 0.1 4.93007 3.3454 0.403893 0.00476938 0.00481926 0.00960753 0.123276 0.108511 0.14047 1 0 0 0 0 0 0 0
191 1 0.1 5.1319 3.5977 0.329651 0.00405 0.00677949 -0.0109913 -0.0744386 0.0218186 -0.0921299 1 0 0 0 0 0 0 0
192 1 0.1 5.27295 3.74046 0.342015 0.00307199 0.00653885 -0.0113319 0.0584564 -0.0665274 0.00942452 1 0 0 0 0 0 0 0
193 1 0.1 5.46757 3.77907 0.317547 0.00405132 0.00592029 -0.00873615 0.0830906 0.0702205 -0.0305805 1 0 0 0 0 0 0 0
194 1 0.1 5.68757 3.88148 0.407295 0.00261933 0.000267846 0.000713174 -0.0141287 -0.0381765 -0.0087137 1 0 0 0 0 0 0 0
195 1 0.1 5.73722 4.05026 0.313292 0.00448034 -0.000947476 -8.9519e-05 -0.00833491 0.0164074 -0.00388108 1 0 0 0 0 0 0 0
196 1 0.1 5.88037 4.14628 0.414705 0.00340557 -0.000552442 0.00133734 0.0374665 -0.000993921 0.027456 1 0 0 0 0 0 0 0
197 1 0.1 5.99354 4.2802 0.318697 -0.0112645 -0.0217367 -0.0440841 0.0893644 0.962429 -0.495168 1 0 0 0 0 0 0 0
198 1 0.1 5.87234 4.8548 0.349727 -1.03687e-05 -0.000167766 -0.000482081 0.00418232 -0.000797941 -0.00275071 1 0 0 0 0 0 0 0
199 1 0.1 6.30049 5.28162 0.349961 -3.22039e-05 -3.55048e-05 -1.54704e-05 0.00156691 -0.00182097 -0.000201895 1 0 0 0 0 0 0 0
200 1 0.1 6.37513 0.858128 0.243115 -0.000113567 0.00103691 -0.000752078 -0.00110248 0.025037 0.0378819 1 0 0 0 0 0 0 0
201 1 0.1 6.26783 0.999113 0.335847 0.0011027 0.000958506 -0.00100121 -0.0375445 0.0266036 0.00747773 1 0 0 0 0 0 0 0
202 1 0.1 5.89479 1.98023 0.34028 -0.119013 -0.0471144 -0.168066 -0.559375 2.4713 0.629187 1 0 0 0 0 0 0 0
203 1 0.1 5.60726 2.67589 0.765646 -0.00863346 0.0065199 0.00465464 0.0518764 -0.00300465 -0.23295 1 0 0 0 0 0 0 0
204 1 0.1 5.76829 2.30595 0.31692 0.0423152 0.0359168 0.0179934 0.63315 0.134931 -2.01273 1 0 0 0 0 0 0 0
205 1 0.1 5.66606 2.06799 0.303396 -0.0533457 -0.0856157 -0.0186221 -0.488786 -0.307121 0.88968 1 0 0 0 0 0 0 0
206 1 0.1 5.52132 2.20337 0.30437 -0.0304408 -0.073607 -0.00854687 0.732152 0.0176093 -0.901534 1 0 0 0 0 0 0 0
207 1 0.1 5.36687 2.42403 0.355148 -0.0092333 -0.0263315 -0.0371191 -0.790842 0.198712 -0.187822 1 0 0 0 0 0 0 0
208 1 0.1 5.27989 2.60365 0.343005 -0.0898065 -0.0614726 0.026945 0.79585 -0.576408 0.213159 1 0 0 0 0 0 0 0
209 1 0.1 5.14309 2.73872 0.288249 -0.056705 -0.0179141 0.0566481 0.635851 -0.390523 -0.296187 1 0 0 0 0 0 0 0
210 1 0.1 4.98074 2.67148 0.418762 -0.0697345 -0.0182579 0.0192833 0.277832 -0.105006 0.0707982 1 0 0 0 0 0 0 0
211 1 0.1 4.83502 2.82463 0.284904 -0.00451826 0.00397386 -0.00259305 -0.0251407 -0.146599 0.192064 1 0 0 0 0 0 0 0
212 1 0.1 4.88125 2.98695 0.39019 -0.0238644 0.00131957 0.0158063 0.17974 -0.0116104 -0.0910187 1 0 0 0 0 0 0 0
213 1 0.1 5.11909 3.04398 0.422781 -0.0418798 -0.0335683 0.0284578 -0.437716 0.0639951 -0.639994 1 0 0 0 0 0 0 0
214 1 0.1 5.16071 3.21433 0.312401 -0.000850166 -0.00614783 0.000575739 0.185549 -0.0248416 -0.0108924 1 0 0 0 0 0 0 0
215 1 0.1 5.19173 3.40943 0.334742 -0.00798814 0.00087609 0.00102033 -0.0348551 0.018662 -0.0646681 1 0 0 0 0 0 0 0
216 1 0.1 5.314 3.55336 0.397837 -0.00194654 0.00628613 -0.00358898 -0.124613 -0.0387731 -0.0386407 1 0 0 0 0 0 0 0
217 1 0.1 5.49872 3.57112 0.326381 -0.00170873 -0.00296099 0.00168002 -0.0231939 -0.0131607 -0.01119 1 0 0 0 0 0 0 0
218 1 0.1 5.65101 3.68737 0.38035 0.000357113 -0.00122095 0.00198751 -0.0193457 -0.0160112 -0.00664387 1 0 0 0 0 0 0 0
219 1 0.1 5.82216 3.7472 0.498561 0.000838798 -0.00150132 0.0022357 -0.0107076 -0.0051238 -0.0232282 1 0 0 0 0 0 0 0
220 1 0.1 5.81728 3.7627 0.2993 0.00192504 -0.0024002 0.00146601 0.00220127 0.00482392 -0.000765899 1 0 0 0 0 0 0 0
221 1 0.1 5.87628 3.94645 0.414886 0.00506135 -0.000834415 0.000690501 -0.0356827 0.020437 -0.0111658 1 0 0 0 0 0 0 0
222 1 0.1 6.02264 4.04346 0.510515 0.00544883 0.00138468 -0.000144666 0.00767721 -0.0128068 0.027938 1 0 0 0 0 0 0 0
223 1 0.1 6.06329 4.81267 0.29339 -0.000714469 -0.000384042 -0.00021563 0.00065352 0.00237099 0.00719587 1 0 0 0 0 0 0 0
224 1 0.1 6.19912 4.95754 0.271055 -0.000684092 -0.000761334 -0.00072436 -0.0051091 0.00402824 -0.00846353 1 0 0 0 0 0 0 0
225 1 0.1 6.24703 1.36019 0.137457 -0.0175334 0.00785988 -0.000112702 -0.0953884 -0.188079 0.1774 1 0 0 0 0 0 0 0
226 1 0.1 6.16486 1.32214 0.381118 0.00198174 0.00163921 -0.00559362 -0.009333 0.01569 -0.0247164 1 0 0 0 0 0 0 0
227 1 0.1 6.0305 1.46425 0.428182 0.00152539 0.0248072 -0.00707053 0.0264233 0.0301837 -0.0532286 1 0 0 0 0 0 0 0
228 1 0.1 5.8211 2.14099 0.433577 0.0141003 -0.0722311 -0.0156514 0.896997 0.479217 -0.937507 1 0 0 0 0 0 0 0
229 1 0.1 5.69352 2.85717 0.762696 0.00298487 0.00818304 0.000535606 0.0761644 -0.0287615 -0.000131051 1 0 0 0 0 0 0 0
230 1 0.1 5.59961 2.40391 0.359793 0.0479647 0.0472308 0.0145509 0.384825 -0.805431 1.59845 1 0 0 0 0 0 0 0
231 1 0.1 5.74314 2.52433 0.429393 0.0606524 0.0348004 0.0131985 0.185262 1.32698 -1.49083 1 0 0 0 0 0 0 0
232 1 0.1 5.6296 2.58869 0.587097 -0.0124986 -0.0126848 0.0133008 -0.399718 -0.0698248 -0.304433 1 0 0 0 0 0 0 0
233 1 0.1 5.61609 3.05769 0.363554 0.00304434 -0.0237725 0.0112591 -0.0773608 -0.0628944 0.0475148 1 0 0 0 0 0 0 0
234 1 0.1 5.18565 2.87355 0.136384 -0.00302334 -0.00968522 0.000348451 0.052239 -0.0433736 -0.0266441 1 0 0 0 0 0 0 0
235 1 0.1 5.38881 2.76704 0.388445 -0.0236704 -0.0140278 0.0372924 -0.49656 0.08762 -0.306099 1 0 0 0 0 0 0 0
236 1 0.1 5.03704 2.86266 0.403718 -0.0567432 -0.0226617 0.0534685 -0.102029 -0.499287 -0.215579 1 0 0 0 0 0 0 0
237 1 0.1 5.2592 2.90178 0.317777 -0.00366532 -0.00951865 0.00177869 -0.125391 0.00749217 -0.103562 1 0 0 0 0 0 0 0
238 1 0.1 5.31072 3.08976 0.355109 -0.00354155 -0.0072417 -0.000424015 0.0605756 -0.168282 0.0600745 1 0 0 0 0 0 0 0
239 1 0.1 5.32463 3.28115 0.406071 -0.0112053 -0.00395547 0.00450146 -0.0219998 -0.0166571 0.00164432 1 0 0 0 0 0 0 0
240 1 0.1 5.47101 3.20046 0.296336 -0.0118677 -0.0036485 -0.000498838 0.0370789 -0.00459047 -0.04236 1 0 0 0 0 0 0 0
241 1 0.1 5.62086 3.15836 0.597524 0.00110613 -0.00343066 0.00448234 -0.0375937 -0.0695657 0.043783 1 0 0 0 0 0 0 0
242 1 0.1 5.48592 3.39716 0.423295 -0.00326763 -0.0024686 0.00505357 -0.0203715 -0.0215349 0.0132294 1 0 0 0 0 0 0 0
243 1 0.1 5.57959 3.14686 0.137402 -0.00226866 -0.00269356 0.00295759 0.00894089 -0.00873832 0.00684554 1 0 0 0 0 0 0 0
244 1 0.1 5.38888 3.08699 0.138431 -0.00161445 -0.00842921 0.00303371 -0.0135345 0.00316505 0.0477181 1 0 0 0 0 0 0 0
245 1 0.1 5.69431 2.983 0.136872 -0.00529738 -0.00732086 -0.000553755 0.0105698 -0.0315117 0.00428198 1 0 0 0 0 0 0 0
246 1 0.1 5.66036 3.42769 0.330674 -0.0112922 -0.00257512 0.00788961 0.0111972 0.00721269 0.0178782 1 0 0 0 0 0 0 0
247 1 0.1 5.98292 4.4655 0.448704 0.00148032 0.00295493 -0.000806306 -0.0135347 -0.00433847 0.00307484 1 0 0 0 0 0 0 0
248 1 0.1 5.94583 4.66984 0.368219 -0.000400278 -0.000438828 -0.0019022 0.0137873 -0.0114822 -0.00347156 1 0 0 0 0 0 0 0
249 1 0.1 6.18851 4.7011 0.40353 -0.000646361 0.00058973 -7.53752e-05 -0.000756724 -0.00119306 0.00374238 1 0 0 0 0 0 0 0
250 1 0.1 6.10944 0.916663 0.558759 -0.00265193 0.00242831 0.000520881 0.00751276 0.00213934 0.0057714 1 0 0 0 0 0 0 0
251 1 0.1 5.96673 1.05949 0.539806 -0.00125498 0.00154486 -0.00160936 -0.0170517 0.0146661 0.0179769 1 0 0 0 0 0 0 0
252 1 0.1 5.82133 1.20374 0.5418 -0.00242784 0.00073552 0.00040891 0.0250304 -0.0120689 0.02886 1 0 0 0 0 0 0 0
253 1 0.1 5.66194 1.35638 0.551284 0.00865681 -0.00543292 -0.00217843 -0.0673025 -0.0744729 -0.127076 1 0 0 0 0 0 0 0
254 1 0.1 5.52636 1.50125 0.571611 0.00775175 -0.00222795 -0.0036785 0.0997247 0.0200211 0.110264 1 0 0 0 0 0 0 0
255 1 0.1 5.24247 1.78055 0.562741 0.0049474 -0.000472388 0.0301623 0.249084 0.00968304 0.0357023 1 0 0 0 0 0 0 0
256 1 0.1 5.14518 1.93768 0.489375 0.0316273 0.019382 0.0404035 -0.161499 -0.0668186 -0.340335 1 0 0 0 0 0 0 0
257 1 0.1 5.08055 2.07973 0.608779 -0.00910249 0.0453127 0.00277233 -0.0552465 -0.855343 0.0525025 1 0 0 0 0 0 0 0
258 1 0.1 4.89007 2.12885 0.551537 0.0235621 -0.0140566 -0.108724 -3.42478 -3.71206 -0.361311 1 0 0 0 0 0 0 0
259 1 0.1 4.58618 2.4393 0.58756 -0.036544 0.0527422 -0.00344745 0.149167 0.251998 -0.231877 1 0 0 0 0 0 0 0
260 1 0.1 4.44995 2.56961 0.477412 0.00364414 -0.00279581 -0.00992016 0.0022835 0.251064 -0.0651785 1 0 0 0 0 0 0 0
261 1 0.1 4.2184 2.80637 0.540505 0.0273164 -0.00228647 -0.0810712 1.03909 2.17179 0.420049 1 0 0 0 0 0 0 0
262 1 0.1 4.19037 2.99806 0.576685 -6.93044e-05 -0.015503 0.00363519 0.061238 -0.492084 0.366735 1 0 0 0 0 0 0 0
263 1 0.1 4.22542 3.19855 0.566696 -0.000408221 -0.00118528 -0.00303007 -0.00162883 0.0438321 -0.0122709 1 0 0 0 0 0 0 0
264 1 0.1 4.36426 3.34171 0.55229 0.000299661 0.000240232 0.00680791 -0.00755137 -0.0588654 -0.000949013 1 0 0 0 0 0 0 0
265 1 0.1 4.50899 3.48678 0.545169 0.00488665 -0.000105331 -0.00292583 0.00488804 0.057396 0.0466987 1 0 0 0 0 0 0 0
266 1 0.1 4.65079 3.62908 0.553949 0.00156179 0.00299106 0.00290686 -0.0056537 -0.0189053 0.0178395 1 0 0 0 0 0 0 0
267 1 0.1 4.79402 3.76655 0.514003 0.00302988 0.00725497 0.000563789 -0.234458 0.0138037 -0.136034 1 0 0 0 0 0 0 0
268 1 0.1 4.93004 3.90331 0.564093 0.00251725 0.00395023 0.00243942 0.0667727 0.00488856 -0.106266 1 0 0 0 0 0 0 0
269 1 0.1 5.06944 4.04614 0.552257 0.00274891 0.0036663 -0.000890001 -0.00109089 -0.00775642 0.122751 1 0 0 0 0 0 0 0
270 1 0.1 5.35373 4.32815 0.559699 0.00132346 0.00163386 0.000216043 -0.0088388 0.00685657 0.0101754 1 0 0 0 0 0 0 0
271 1 0.1 5.51175 4.49285 0.560909 0.000251814 0.000493541 -0.000203594 0.00427937 0.00190615 0.000467221 1 0 0 0 0 0 0 0
272 1 0.1 5.65343 4.63414 0.562484 -0.000348093 -0.000112308 -0.000628095 0.00157835 0.0102615 -0.00367498 1 0 0 0 0 0 0 0
273 1 0.1 5.79392 4.77429 0.538368 -0.000388256 -0.000172271 -0.000167936 0.0125102 -0.00078107 0.00377353 1 0 0 0 0 0 0 0
274 1 0.1 6.06115 5.03939 0.550245 9.67084e-05 0.000276134 -0.000385411 0.00383382 0.00318635 0.000861773 1 0 0 0 0 0 0 0
275 1 0.1 6.24986 0.774504 0.553086 -0.00405814 0.00344373 -0.000573002 0.00244422 0.00313854 -0.00987626 1 0 0 0 0 0 0 0
276 1 0.1 6.02362 1.24999 0.502551 0.00382143 0.00358554 -0.00272631 0.025214 0.0016862 -0.0293299 1 0 0 0 0 0 0 0
277 1 0.1 5.89314 1.39154 0.553946 0.00979192 0.00830598 -0.00680312 -0.0574186 -0.0160273 -0.0430154 1 0 0 0 0 0 0 0
278 1 0.1 5.75367 1.52976 0.589555 0.00136478 -0.000602277 -0.00453563 -0.0206109 -0.0380974 0.188126 1 0 0 0 0 0 0 0
279 1 0.1 5.63694 1.69102 0.588824 -0.0139191 -0.00947497 0.0104758 0.169815 0.332103 0.00782918 1 0 0 0 0 0 0 0
280 1 0.1 5.38382 1.64069 0.570476 0.00370445 -0.0016028 0.00917635 0.054605 -0.00636963 -0.0809673 1 0 0 0 0 0 0 0
281 1 0.1 5.31129 2.15968 0.543358 -0.119329 -0.0259586 0.116558 0.109622 -1.24599 -0.410832 1 0 0 0 0 0 0 0
282 1 0.1 5.15241 2.39358 0.692444 -0.0165419 0.0100483 -0.0160465 0.0565472 0.246717 -0.0915702 1 0 0 0 0 0 0 0
283 1 0.1 5.15049 2.25457 0.47195 -0.0343078 0.0238268 -0.00714763 -0.739595 0.0549401 -0.449347 1 0 0 0 0 0 0 0
284 1 0.1 4.83347 2.34717 0.595651 -0.0603471 0.0482793 0.0432177 0.00313919 0.326286 -0.0412867 1 0 0 0 0 0 0 0
285 1 0.1 4.64115 2.60105 0.486724 0.00115804 0.0143561 -0.0286237 -0.33542 -0.0852574 0.181254 1 0 0 0 0 0 0 0
286 1 0.1 4.4698 2.7648 0.495913 0.00705729 -0.00253246 -0.00429459 0.186876 0.140424 0.047173 1 0 0 0 0 0 0 0
287 1 0.1 4.36151 2.94276 0.505029 0.00613087 0.0114144 0.0254815 0.348114 0.124365 -0.220048 1 0 0 0 0 0 0 0
288 1 0.1 4.37378 3.13433 0.449138 0.00522672 0.00579861 -0.00120846 -0.191617 0.00808161 0.269482 1 0 0 0 0 0 0 0
289 1 0.1 4.53391 3.25504 0.492447 -0.00163891 -0.00042815 0.0149029 0.0666504 -0.0476857 -0.0546036 1 0 0 0 0 0 0 0
290 1 0.1 4.6943 3.44782 0.483806 0.00131526 0.00773925 -0.00178964 0.0880211 -0.0753357 -0.0362143 1 0 0 0 0 0 0 0
291 1 0.1 4.9337 3.52168 0.494089 0.00383449 0.00172135 0.0241077 0.0318111 0.134214 -0.0160529 1 0 0 0 0 0 0 0
292 1 0.1 4.98321 3.71045 0.525146 0.00116291 0.00692833 0.00257837 -0.218361 0.0839971 0.0824023 1 0 0 0 0 0 0 0
293 1 0.1 5.16856 3.77702 0.543661 0.000639877 0.0096994 -0.00930681 0.0353136 -0.0138437 -0.0857106 1 0 0 0 0 0 0 0
294 1 0.1 5.21313 4.18614 0.564135 0.00219028 0.00119844 0.00023434 0.0238271 0.00750824 0.00159069 1 0 0 0 0 0 0 0
295 1 0.1 5.51077 4.20461 0.581635 -0.000266513 0.0016906 -0.00136703 0.0497059 0.0546054 0.0285291 1 0 0 0 0 0 0 0
296 1 0.1 5.60562 4.34061 0.471587 0.000386525 0.000414167 0.000878998 -0.0244699 -0.0636603 -0.0324784 1 0 0 0 0 0 0 0
297 1 0.1 5.74306 4.45077 0.564894 0.00191428 0.00186302 -0.00175396 0.0193176 0.014254 -0.0310985 1 0 0 0 0 0 0 0
298 1 0.1 5.88473 4.59815 0.564545 -0.00178446 -0.000148407 -0.00107467 0.0235224 -0.051267 -0.006804 1 0 0 0 0 0 0 0
299 1 0.1 6.20262 5.18065 0.550005 4.66638e-05 7.55845e-05 6.68713e-05 0.00404326 -0.00402483 0.0312897 1 0 0 0 0 0 0 0
300 1 0.1 6.39069 0.6326 0.549966 -0.00468452 0.00405922 6.85246e-05 -0.00689292 -0.00745108 0.00880955 1 0 0 0 0 0 0 0
301 1 0.1 6.1588 1.10328 0.50697 -0.00136894 0.000387474 -0.00321259 -0.044449 0.00727769 -0.0160637 1 0 0 0 0 0 0 0
302 1 0.1 5.92229 1.61025 0.518567 0.0188196 -0.0104259 0.027086 0.237602 -0.232333 -0.390829 1 0 0 0 0 0 0 0
303 1 0.1 5.86391 1.79238 0.577645 0.0396985 0.0175481 0.00242947 -0.26983 0.136566 -1.04111 1 0 0 0 0 0 0 0
304 1 0.1 5.68418 1.88408 0.584348 -0.00373991 -0.0247236 0.0220561 -0.10875 0.769836 -0.110373 1 0 0 0 0 0 0 0
305 1 0.1 5.47453 1.8171 0.595515 -0.186029 0.108338 -0.0390124 -0.519853 -0.20948 2.17195 1 0 0 0 0 0 0 0
306 1 0.1 5.3216 1.96335 0.579683 0.036842 -0.0277112 0.046116 -0.15534 -0.104312 -0.387974 1 0 0 0 0 0 0 0
307 1 0.1 5.1957 2.44769 0.455716 -0.000154555 0.0155884 -0.0323842 0.492264 -0.0885387 -0.0572064 1 0 0 0 0 0 0 0
308 1 0.1 5.25901 2.61579 0.541647 -0.0096832 0.000679187 0.00867992 0.0115789 -0.0247391 0.083526 1 0 0 0 0 0 0 0
309 1 0.1 5.0079 2.47771 0.570472 -0.041405 -0.0698517 0.0237999 -0.949455 0.0403839 -0.95906 1 0 0 0 0 0 0 0
310 1 0.1 4.83346 2.56486 0.526735 0.00524262 0.0142263 -0.0186309 -0.237237 0.0812221 -0.286384 1 0 0 0 0 0 0 0
311 1 0.1 4.66633 2.80453 0.509375 -0.0258413 0.0173703 0.00373605 -0.121198 -0.128341 0.471865 1 0 0 0 0 0 0 0
312 1 0.1 4.50773 2.9858 0.382623 -0.00877508 0.00975891 0.0078487 -0.140855 0.144619 0.0564428 1 0 0 0 0 0 0 0
313 1 0.1 4.5618 3.09815 0.613217 -0.0259804 -0.00907245 0.0121198 0.020774 -0.0410751 0.139822 1 0 0 0 0 0 0 0
314 1 0.1 4.71676 3.27623 0.579906 -0.0173675 0.00657362 -0.0116536 0.0281265 -0.104848 -0.0370451 1 0 0 0 0 0 0 0
315 1 0.1 4.92415 3.35468 0.602827 0.0162529 -0.00199228 0.0168198 -0.0552818 -0.0209059 -0.119004 1 0 0 0 0 0 0 0
316 1 0.1 5.09124 3.39985 0.50651 0.00387492 0.00212598 0.00546834 0.0403257 0.0734315 0.0172771 1 0 0 0 0 0 0 0
317 1 0.1 5.17382 3.57787 0.537334 0.00114225 0.0075931 -0.00862559 -0.0291969 0.0855031 0.108798 1 0 0 0 0 0 0 0
318 1 0.1 5.31879 3.87773 0.621769 0.00499501 0.00180854 -0.00438817 0.0420402 -0.00667908 -0.00119039 1 0 0 0 0 0 0 0
319 1 0.1 5.45686 4.01332 0.574905 0.00405768 0.00432127 -0.00228883 -0.0158398 -0.00309836 0.0193084 1 0 0 0 0 0 0 0
320 1 0.1 5.67854 3.93257 0.612976 0.000876894 0.00409524 0.00175116 0.018565 -0.060204 0.0047741 1 0 0 0 0 0 0 0
321 1 0.1 5.62254 4.06874 0.477737 0.00668908 0.0127582 0.00635371 0.111706 -0.0634195 0.0283884 1 0 0 0 0 0 0 0
322 1 0.1 5.74683 4.23661 0.566826 0.00165513 -0.00126743 0.00088592 0.01443 0.0777785 0.0242186 1 0 0 0 0 0 0 0
323 1 0.1 5.97289 4.86032 0.56102 -0.00107125 0.000936739 0.000184371 -0.0132298 -0.00361791 0.00930181 1 0 0 0 0 0 0 0
324 1 0.1 6.34403 5.32206 0.54973 -2.14102e-05 1.14575e-05 -3.5529e-05 0.000676619 0.00058769 -0.00271121 1 0 0 0 0 0 0 0
325 1 0.1 6.40504 0.827893 0.438705 -0.002968 0.000664977 -0.000344368 0.00489742 0.00986714 0.0406016 1 0 0 0 0 0 0 0
326 1 0.1 6.3022 0.967746 0.537752 -0.0036912 -0.000182767 -0.000360479 -0.0187128 0.00937985 -0.0134784 1 0 0 0 0 0 0 0
327 1 0.1 5.99407 1.83239 0.431262 -0.0508101 0.0605867 -0.069803 -0.384252 0.161012 0.160346 1 0 0 0 0 0 0 0
328 1 0.1 5.86793 1.99206 0.569077 -0.0520129 0.013554 -0.0484536 -0.231568 -0.502083 2.03574 1 0 0 0 0 0 0 0
329 1 0.1 5.69602 2.09308 0.58293 -0.0860063 -0.0546631 -0.0357193 0.635628 0.420276 -1.31054 1 0 0 0 0 0 0 0
330 1 0.1 5.5562 1.99437 0.464777 -0.298133 -0.378339 0.302966 2.96521 -4.58304 2.14614 1 0 0 0 0 0 0 0
331 1 0.1 5.48749 2.09831 0.619232 -0.256646 -0.266285 0.274185 -4.33371 4.61608 -2.23 1 0 0 0 0 0 0 0
332 1 0.1 5.48502 2.28521 0.471853 0.0882974 -0.0259922 -0.0182894 -0.803297 -0.229673 0.0809335 1 0 0 0 0 0 0 0
333 1 0.1 5.62962 2.8629 0.421688 -0.00226306 -0.00844415 0.00041975 -0.00617392 0.0233133 -0.0325433 1 0 0 0 0 0 0 0
334 1 0.1 5.3704 2.78652 0.60763 -0.0763749 0.0338324 0.0419765 0.672353 0.130781 0.510944 1 0 0 0 0 0 0 0
335 1 0.1 5.08405 2.69834 0.588604 -0.0190479 -0.0200125 0.00558477 -0.773051 0.299751 0.344284 1 0 0 0 0 0 0 0
336 1 0.1 4.86568 2.81226 0.501668 -0.0332659 0.0030796 0.0227554 -0.0596498 -0.0651052 -0.612365 1 0 0 0 0 0 0 0
337 1 0.1 4.7072 2.99989 0.51791 -0.0284229 0.0106255 0.00580183 0.181752 0.0134562 -0.106486 1 0 0 0 0 0 0 0
338 1 0.1 4.84746 3.1422 0.510959 -0.0190495 5.84726e-05 0.011129 -0.17699 -0.0821262 -0.0368959 1 0 0 0 0 0 0 0
339 1 0.1 5.02616 3.18315 0.59075 -0.00790801 -0.0135815 -0.0098052 0.0645121 0.287739 -0.172449 1 0 0 0 0 0 0 0
340 1 0.1 5.20516 3.27485 0.610753 0.00356361 -0.00491813 -0.00259189 0.0660173 -0.06846 -0.0349557 1 0 0 0 0 0 0 0
341 1 0.1 5.32933 3.47263 0.605666 -0.00644061 -0.00222196 0.00292415 -0.0600118 -0.158419 -0.266708 1 0 0 0 0 0 0 0
342 1 0.1 5.50656 3.54871 0.552957 -0.0147768 -0.0101672 -0.0380537 0.0804047 0.631616 0.170121 1 0 0 0 0 0 0 0
343 1 0.1 5.38312 3.70072 0.512697 -0.00435173 0.0125518 -0.00490294 -0.000721878 -0.118291 -0.0342336 1 0 0 0 0 0 0 0
344 1 0.1 5.5298 3.83567 0.520932 0.0010246 0.00591983 0.000211638 -0.0206501 0.0295424 -0.0375137 1 0 0 0 0 0 0 0
345 1 0.1 5.64973 3.68706 0.579823 -0.00269911 0.00317414 0.00162834 -0.0127973 -0.0154301 -0.0246222 1 0 0 0 0 0 0 0
346 1 0.1 5.91892 3.87943 0.613078 0.00293575 -0.00307046 0.00239235 0.00428212 -0.0189148 -0.0182575 1 0 0 0 0 0 0 0
347 1 0.1 5.84101 4.06238 0.591859 0.00523945 -0.00141142 0.000777544 -0.0134696 0.0199789 0.00446269 1 0 0 0 0 0 0 0
348 1 0.1 6.15475 4.89145 0.454331 -0.000534683 0.000432218 -0.000537206 -0.00312849 0.000840237 -0.00605539 1 0 0 0 0 0 0 0
349 1 0.1 6.29517 5.03375 0.450787 -3.66203e-05 -7.63306e-05 0.000362205 0.0098559 -0.0105593 0.00668664 1 0 0 0 0 0 0 0
350 1 0.1 6.31138 1.18929 0.410676 0.000828338 0.00169528 -4.09225e-05 0.00351645 -0.0833726 0.0553924 1 0 0 0 0 0 0 0
351 1 0.1 6.15895 1.39986 0.567039 -0.0110529 0.0059478 -0.00696893 0.0890747 -0.10874 -0.123197 1 0 0 0 0 0 0 0
352 1 0.1 6.01632 1.50097 0.666831 0.012854 0.00268336 -0.00539728 0.049682 0.0221959 -0.0399201 1 0 0 0 0 0 0 0
353 1 0.1 6.05584 1.92802 0.595682 0.0113149 0.0786836 -0.112289 0.474888 1.52367 -1.08068 1 0 0 0 0 0 0 0
354 1 0.1 5.63946 2.81577 0.229335 -0.00937668 -0.00443371 0.00130992 0.0485606 0.0329297 -0.0593993 1 0 0 0 0 0 0 0
355 1 0.1 5.6828 2.27173 0.494355 0.0866794 -0.0121937 0.0319554 -0.412843 -0.260844 -0.106979 1 0 0 0 0 0 0 0
356 1 0.1 5.55191 2.4051 0.602985 -0.0183302 -0.00944063 0.00861044 0.251258 -0.034605 -0.0897811 1 0 0 0 0 0 0 0
357 1 0.1 5.36125 2.44544 0.565116 -0.0186143 -0.01401 -0.00284853 0.350266 -0.259936 0.274242 1 0 0 0 0 0 0 0
358 1 0.1 5.45323 2.60894 0.495181 -0.00861418 -0.00301555 0.00598598 -0.146995 0.0558061 -0.0879318 1 0 0 0 0 0 0 0
359 1 0.1 5.45967 3.12883 0.481647 -0.00838165 -0.00166972 0.00194142 -0.0780465 0.0693144 0.122021 1 0 0 0 0 0 0 0
360 1 0.1 5.45242 2.95254 0.317845 0.00144338 -0.0263641 0.00217873 0.100346 -0.0121456 -0.0670143 1 0 0 0 0 0 0 0
361 1 0.1 5.21598 2.80177 0.482715 -0.0430444 -0.00649432 -0.0060874 -0.0292244 -0.737797 0.542461 1 0 0 0 0 0 0 0
362 1 0.1 4.95284 2.97595 0.57625 -0.00276848 -0.00781025 0.00981948 -0.017204 0.214394 0.284103 1 0 0 0 0 0 0 0
363 1 0.1 5.21394 3.07569 0.595913 -0.0150657 -0.00807672 0.00299174 -0.157906 0.150931 -0.163217 1 0 0 0 0 0 0 0
364 1 0.1 5.40461 3.28824 0.588497 -0.0103509 -0.00527495 0.00395337 0.0421474 0.0370019 0.000700185 1 0 0 0 0 0 0 0
365 1 0.1 5.34213 2.95583 0.500238 -0.0283272 -0.0173496 -0.00126676 -0.0515319 0.0492483 -0.172633 1 0 0 0 0 0 0 0
366 1 0.1 5.59272 3.35575 0.586879 -0.00959308 -0.00458215 0.0025721 0.0462873 -0.00400352 0.0244386 1 0 0 0 0 0 0 0
367 1 0.1 5.77205 3.06658 0.714873 0.00127067 0.000415628 -0.00373035 -0.0160791 0.105536 0.138139 1 0 0 0 0 0 0 0
368 1 0.1 5.62022 3.24947 0.419737 0.00856016 -0.0126789 0.00443931 0.00133375 0.00817934 -0.0807532 1 0 0 0 0 0 0 0
369 1 0.1 5.77066 3.44372 0.610671 -0.0327401 0.0315158 -0.0214402 0.344973 0.459873 0.461586 1 0 0 0 0 0 0 0
370 1 0.1 5.7394 2.92605 0.57645 0.0021101 0.00322264 -0.00769516 0.108072 -0.00113961 -0.0267956 1 0 0 0 0 0 0 0
371 1 0.1 5.88867 3.7452 0.759127 -0.00223889 -0.000200265 -0.00339339 -0.0497128 0.0266881 -0.00995688 1 0 0 0 0 0 0 0
372 1 0.1 5.93063 4.31503 0.569544 -0.000201709 0.00269768 -0.00228524 0.013604 -0.0388571 0.0141048 1 0 0 0 0 0 0 0
373 1 0.1 6.08316 4.57899 0.579352 -0.00214246 0.00458041 0.000812524 -0.000678404 0.0269029 0.0524499 1 0 0 0 0 0 0 0
374 1 0.1 6.19108 4.75532 0.595891 -0.000794138 0.00105676 -0.000163494 -0.00474395 0.00096912 0.000653684 1 0 0 0 0 0 0 0
375 1 0.1 6.04118 0.984965 0.741658 -0.00121044 0.00145508 -0.00118856 -0.00571739 0.00310425 0.0295119 1 0 0 0 0 0 0 0
376 1 0.1 5.89162 1.13429 0.761035 -0.0110694 0.0105236 -0.00565312 -0.00772962 0.0760535 0.149399 1 0 0 0 0 0 0 0
377 1 0.1 5.75608 1.2745 0.71681 -0.00529184 0.00429368 -0.00209897 -0.0124723 -0.0081779 0.00471333 1 0 0 0 0 0 0 0
378 1 0.1 5.60892 1.41367 0.75017 0.00613772 -0.00607967 0.00350256 0.0307469 -0.0236578 -0.0846315 1 0 0 0 0 0 0 0
379 1 0.1 5.46712 1.5569 0.754377 -0.04604 0.0247174 -0.0358596 -0.194162 0.264441 0.411411 1 0 0 0 0 0 0 0
380 1 0.1 5.2083 1.81673 0.756115 -0.0346515 0.0358999 0.0113492 -0.596477 -0.386019 0.018623 1 0 0 0 0 0 0 0
381 1 0.1 5.06843 1.95908 0.764134 -0.0401296 0.0283062 -0.00433212 0.288227 0.347738 0.0845548 1 0 0 0 0 0 0 0
382 1 0.1 4.76719 2.26003 0.762617 -0.0154042 0.0242559 0.0174714 0.233393 0.0915957 0.155936 1 0 0 0 0 0 0 0
383 1 0.1 4.58052 2.44675 0.771375 -0.0807216 0.10177 0.000454649 1.12552 0.92355 0.075313 1 0 0 0 0 0 0 0
384 1 0.1 4.44424 2.58148 0.753651 -0.104884 0.112087 0.220284 0.651423 0.288885 0.0506948 1 0 0 0 0 0 0 0
385 1 0.1 4.32362 2.70633 0.670817 -0.00254981 0.0596487 -0.0107572 -1.37297 -3.1757 0.293605 1 0 0 0 0 0 0 0
386 1 0.1 4.19514 2.82753 0.757092 -0.0400844 0.025953 -0.0193969 1.90193 2.52925 -0.176852 1 0 0 0 0 0 0 0
387 1 0.1 4.28945 2.99895 0.75014 -0.0164086 0.00748547 0.0157736 -0.143766 -0.063655 -0.204685 1 0 0 0 0 0 0 0
388 1 0.1 4.19776 3.17225 0.762875 0.011947 0.0110934 0.001102 0.0491853 -0.074896 0.195351 1 0 0 0 0 0 0 0
389 1 0.1 4.33622 3.31391 0.748888 0.00155646 0.00686119 0.0025039 -0.0478588 0.0494341 -0.0990651 1 0 0 0 0 0 0 0
390 1 0.1 4.51627 3.49989 0.743797 -0.00597357 0.00281454 -0.00242334 -0.0907384 -0.0977584 0.355636 1 0 0 0 0 0 0 0
391 1 0.1 4.66201 3.63547 0.76002 -0.0322135 0.0329255 0.00635885 -0.121153 -0.0605865 -0.483284 1 0 0 0 0 0 0 0
392 1 0.1 4.79986 3.7785 0.738749 0.00127976 0.00167287 -0.000446411 -0.0167984 0.0126559 0.0194229 1 0 0 0 0 0 0 0
393 1 0.1 5.08142 4.05922 0.761397 -0.000242688 0.000508469 0.0029609 -0.0502588 0.00350958 0.00935068 1 0 0 0 0 0 0 0
394 1 0.1 5.22255 4.19983 0.762891 -0.000677672 -0.00179634 6.8251e-06 0.0155918 -0.0324002 -0.0303527 1 0 0 0 0 0 0 0
395 1 0.1 5.50541 4.48286 0.761439 -0.000279799 0.00161527 0.000685548 -0.00615628 -0.00082916 -0.0285017 1 0 0 0 0 0 0 0
396 1 0.1 5.64682 4.62366 0.762637 0.000467476 4.46214e-05 -0.000128827 -0.0123322 -0.00837889 -0.00751208 1 0 0 0 0 0 0 0
397 1 0.1 5.78671 4.76614 0.754374 -0.000818812 0.000941274 -0.001562 0.000109588 0.0113462 0.0347803 1 0 0 0 0 0 0 0
398 1 0.1 5.9273 4.90802 0.749861 0.000134871 -0.000481459 -0.000927552 0.0199303 -0.00194405 -0.00150208 1 0 0 0 0 0 0 0
399 1 0.1 6.06867 5.04939 0.749991 -1.49791e-05 -4.97188e-05 0.000369834 -0.0047231 -0.00142347 0.00104472 1 0 0 0 0 0 0 0
400 1 0.1 6.32853 0.697355 0.756464 -0.000620789 0.000223898 -0.000247558 0.00659833 -0.000824104 0.0135856 1 0 0 0 0 0 0 0
401 1 0.1 6.07663 1.17042 0.677793 -0.000369692 0.00122809 -0.00208123 -0.0188712 -0.0227493 -0.0201237 1 0 0 0 0 0 0 0
402 1 0.1 5.95626 1.32075 0.728888 0.00416167 0.00602757 -0.00907 -0.033242 -0.0357178 -0.0598734 1 0 0 0 0 0 0 0
403 1 0.1 5.81672 1.45818 0.763779 0.00101694 0.00315348 -5.99636e-05 0.0357337 -0.0251484 -0.0274215 1 0 0 0 0 0 0 0
404 1 0.1 5.67542 1.60142 0.762727 0.00969301 -0.0105216 0.000647839 -0.111063 -0.0871821 0.0320292 1 0 0 0 0 0 0 0
405 1 0.1 5.39371 1.74271 0.762577 -0.0567928 0.0152811 -0.00697203 0.133161 0.661185 -0.239298 1 0 0 0 0 0 0 0
406 1 0.1 5.26021 2.01534 0.762572 -0.0425113 0.0311948 0.00130314 -0.0399452 -0.317968 -0.0652093 1 0 0 0 0 0 0 0
407 1 0.1 5.14204 2.2062 0.762572 -0.0314451 0.0208915 -0.00940202 0.196038 0.184925 0.0615732 1 0 0 0 0 0 0 0
408 1 0.1 5.01724 2.26639 0.618638 -0.0420591 0.0382057 -0.0173087 0.241661 -0.253415 0.182576 1 0 0 0 0 0 0 0
409 1 0.1 4.9355 2.37226 0.763857 -0.0206152 0.0170509 0.00496633 0.149327 0.260444 -0.333631 1 0 0 0 0 0 0 0
410 1 0.1 4.8464 2.61248 0.764208 -0.0193675 0.012612 0.00136635 -0.165946 0.0566056 -0.0691488 1 0 0 0 0 0 0 0
411 1 0.1 4.60767 2.81334 0.765506 0.0112568 0.00455608 0.0054466 0.0599495 -0.102571 -0.30398 1 0 0 0 0 0 0 0
412 1 0.1 4.51355 2.90717 0.622595 0.0106727 -0.0191645 -0.00313766 0.0576478 0.126092 0.123257 1 0 0 0 0 0 0 0
413 1 0.1 4.43066 3.13836 0.757897 -0.0131772 0.00687736 0.0107291 -0.0386502 0.00171728 0.138949 1 0 0 0 0 0 0 0
414 1 0.1 4.53674 3.30639 0.763507 0.00332719 0.00638489 0.00233058 0.0490869 -0.00673705 -0.170975 1 0 0 0 0 0 0 0
415 1 0.1 4.69973 3.42191 0.759104 -0.0024159 0.0124446 0.00473779 -0.0430176 -0.000902711 0.232142 1 0 0 0 0 0 0 0
416 1 0.1 4.84628 3.55774 0.762509 -0.0237587 0.0324752 0.000411624 -0.0138729 0.00282142 0.0533455 1 0 0 0 0 0 0 0
417 1 0.1 4.94067 3.91802 0.762732 0.00185381 0.000487873 0.000475583 0.0331951 -0.0556203 0.0088626 1 0 0 0 0 0 0 0
418 1 0.1 5.12364 3.83764 0.76253 0.00214269 0.00161892 0.000874773 0.0157224 0.0211203 -0.000789269 1 0 0 0 0 0 0 0
419 1 0.1 5.36401 4.34171 0.762183 4.8669e-05 0.000499141 0.000850086 -0.0115091 -0.00201281 -0.00183417 1 0 0 0 0 0 0 0
420 1 0.1 5.59283 4.28722 0.762503 -0.000412183 0.00614154 0.00111898 -0.016118 -0.00214325 0.00493358 1 0 0 0 0 0 0 0
421 1 0.1 5.72238 4.43868 0.762744 0.00159629 0.00503837 -0.000699894 -0.024332 -0.0148926 -0.0463613 1 0 0 0 0 0 0 0
422 1 0.1 5.86205 4.58111 0.762454 0.000807696 0.00237723 -0.000399859 0.00266629 -0.0142079 0.0357983 1 0 0 0 0 0 0 0
423 1 0.1 6.0024 4.72304 0.759786 0.00175943 7.38995e-05 0.000283737 -0.0305978 -0.0205499 -0.0612886 1 0 0 0 0 0 0 0
424 1 0.1 6.21024 5.19107 0.749911 0.000196995 0.000342526 9.83882e-05 0.000799141 -0.00121801 0.00333892 1 0 0 0 0 0 0 0
425 1 0.1 6.46881 0.555014 0.750012 -0.000354218 0.000386434 -7.51935e-05 -0.00114898 0.00102699 0.000816704 1 0 0 0 0 0 0 0
426 1 0.1 6.22319 1.06462 0.762555 -0.00241557 0.000575242 0.000188589 0.000479673 -0.0117354 -0.0159735 1 0 0 0 0 0 0 0
427 1 0.1 6.151 1.34795 0.76266 0.00430147 0.00173719 3.48054e-05 0.00821382 -0.059537 -0.00415766 1 0 0 0 0 0 0 0
428 1 0.1 5.95795 1.66767 0.760182 -0.0255 -0.0132986 -0.00536042 0.051734 -0.293048 0.351093 1 0 0 0 0 0 0 0
429 1 0.1 5.79254 1.77943 0.763774 0.0218419 0.0551591 0.00159384 0.749202 -0.16388 -1.20263 1 0 0 0 0 0 0 0
430 1 0.1 5.58654 1.79541 0.761417 -0.0680964 0.0472575 -0.0468617 0.151553 -0.185748 0.566099 1 0 0 0 0 0 0 0
431 1 0.1 5.44358 1.93617 0.753912 -0.0510029 0.0151291 0.00113402 0.151803 0.27521 -0.120629 1 0 0 0 0 0 0 0
432 1 0.1 5.34174 2.19787 0.758267 -0.0272408 0.0249787 -0.00141468 -0.203884 -0.280278 -0.023555 1 0 0 0 0 0 0 0
433 1 0.1 5.33956 2.3978 0.76251 -0.025391 0.025279 -0.00122369 0.0584583 -0.409676 0.2826 1 0 0 0 0 0 0 0
434 1 0.1 5.23401 2.56795 0.762459 -0.00995425 0.0668305 -0.000535572 -0.103072 -0.0699493 0.522457 1 0 0 0 0 0 0 0
435 1 0.1 5.03585 2.54211 0.757529 -0.00579918 0.0104424 -0.00836778 -0.100643 -0.0234057 -0.136408 1 0 0 0 0 0 0 0
436 1 0.1 4.69755 2.67479 0.656769 -0.00925237 0.00714143 -0.0198893 0.41501 -0.0199579 -0.0976554 1 0 0 0 0 0 0 0
437 1 0.1 4.70791 2.98262 0.7616 0.00594894 0.00440082 -0.00980883 -0.211526 0.0609861 0.291346 1 0 0 0 0 0 0 0
438 1 0.1 4.68242 3.17673 0.747634 -0.0142062 -3.18419e-05 -0.0192722 0.121681 0.190042 -0.0919009 1 0 0 0 0 0 0 0
439 1 0.1 4.8553 3.2658 0.764728 -0.0170724 -0.00703525 0.000958004 0.163592 -0.37929 0.0370508 1 0 0 0 0 0 0 0
440 1 0.1 5.02575 3.51253 0.671401 0.0139712 0.00275663 0.0157452 -0.0960407 -0.156695 0.0793484 1 0 0 0 0 0 0 0
441 1 0.1 4.9828 3.69952 0.727406 0.00199344 0.00464144 6.67731e-05 -0.0171497 -0.00229335 -0.00153139 1 0 0 0 0 0 0 0
442 1 0.1 5.17127 3.64346 0.762505 0.000104634 0.001829 0.000125419 -0.00781422 0.00183637 -0.0264547 1 0 0 0 0 0 0 0
443 1 0.1 5.30172 4.0166 0.762694 0.00591145 0.000805385 -0.00109264 -0.0152568 -0.00346397 -0.00982213 1 0 0 0 0 0 0 0
444 1 0.1 5.44121 4.15798 0.762794 0.00344362 0.00302922 0.00011116 0.0359949 -0.0172222 0.0475448 1 0 0 0 0 0 0 0
445 1 0.1 5.62627 4.08363 0.753704 0.00397778 0.00182572 0.00155234 -0.0174938 -5.40131e-05 -0.0601163 1 0 0 0 0 0 0 0
446 1 0.1 5.77877 4.21195 0.762581 0.00731627 -4.49696e-05 -2.72538e-05 -0.0162041 -0.00775044 0.0278697 1 0 0 0 0 0 0 0
447 1 0.1 5.90788 4.36438 0.762043 0.00255296 0.003958 -0.000795392 0.0025859 0.00550384 0.0164868 1 0 0 0 0 0 0 0
448 1 0.1 6.1435 4.86422 0.762521 0.00237697 -0.0015318 -6.24766e-05 -0.0158297 -0.0207243 0.0432965 1 0 0 0 0 0 0 0
449 1 0.1 6.35494 5.33738 0.750048 -0.000217912 -0.000191586 -6.61128e-07 -0.000391367 0.000610355 -0.00334813 1 0 0 0 0 0 0 0
450 1 0.1 6.41237 0.843564 0.64905 -0.00296858 0.0011486 -0.000327628 -0.0028874 0.0109657 0.00873821 1 0 0 0 0 0 0 0
451 1 0.1 6.18074 0.842605 0.750526 -0.00189328 0.00142701 -0.000268585 0.00402254 0.00875826 0.0273318 1 0 0 0 0 0 0 0
452 1 0.1 6.28201 1.48518 0.699483 -0.0184124 0.0193937 -0.0109232 -0.215133 0.0769131 0.223969 1 0 0 0 0 0 0 0
453 1 0.1 6.0984 1.81662 0.76253 0.0416534 0.0288819 0.000643063 0.281246 -0.416759 -0.732451 1 0 0 0 0 0 0 0
454 1 0.1 5.93322 1.92875 0.753593 0.0840394 0.0871425 -0.0575577 0.211489 -0.621771 0.0545345 1 0 0 0 0 0 0 0
455 1 0.1 5.73766 1.96906 0.751403 0.0794269 0.0632651 -0.0587274 -0.813083 0.38695 0.408878 1 0 0 0 0 0 0 0
456 1 0.1 5.6198 2.12541 0.764814 0.0262557 0.0110803 -0.00530235 0.134021 -0.297616 0.666729 1 0 0 0 0 0 0 0
457 1 0.1 5.52151 2.29673 0.763882 -0.0189224 -0.013323 -0.00144412 -0.064088 0.176722 -0.16527 1 0 0 0 0 0 0 0
458 1 0.1 5.52169 2.50276 0.763651 0.0147652 0.00476611 -0.00282486 -0.50959 0.31927 -0.0569102 1 0 0 0 0 0 0 0
459 1 0.1 5.40788 2.66735 0.762852 -0.00651324 0.000291376 0.000136849 -0.00516341 0.0637459 0.337553 1 0 0 0 0 0 0 0
460 1 0.1 5.19842 2.76846 0.758272 -0.0214712 0.0701063 -0.0256609 0.152439 0.138794 0.386378 1 0 0 0 0 0 0 0
461 1 0.1 5.00128 2.73596 0.764253 -0.00969999 0.00569672 0.0015645 0.22364 -0.0908946 0.183711 1 0 0 0 0 0 0 0
462 1 0.1 4.88404 2.89431 0.746554 0.000954501 0.00852794 0.00991426 0.0969221 -0.220201 -0.253596 1 0 0 0 0 0 0 0
463 1 0.1 4.93884 3.08606 0.742132 0.00566869 0.00299995 0.00663375 -0.141476 0.179834 0.179521 1 0 0 0 0 0 0 0
464 1 0.1 5.04495 3.32868 0.759946 -0.016858 -0.00881125 0.041494 0.0537257 -0.49985 -0.120162 1 0 0 0 0 0 0 0
465 1 0.1 5.20636 3.44659 0.76252 -0.0212308 -0.00128454 -0.00121105 -0.0847044 0.273877 -0.0174508 1 0 0 0 0 0 0 0
466 1 0.1 5.43277 3.40378 0.762356 -0.00375092 -0.00420798 0.00196944 -0.00730447 -0.0117802 -0.0171506 1 0 0 0 0 0 0 0
467 1 0.1 5.36426 3.59161 0.762531 -0.000828507 -0.00168937 0.000166098 -0.0114758 0.00478015 -0.0115741 1 0 0 0 0 0 0 0
468 1 0.1 5.45738 3.75341 0.690476 0.00145448 -0.000596174 -0.00111284 -0.108122 0.00461381 -0.0540967 1 0 0 0 0 0 0 0
469 1 0.1 5.49262 3.93555 0.762807 0.00550783 -0.000879367 -0.000651047 0.00670824 -0.0522953 0.0955099 1 0 0 0 0 0 0 0
470 1 0.1 5.81519 3.96223 0.762576 0.00155514 -0.00237696 0.000236115 0.0245452 -0.031701 -0.0495618 1 0 0 0 0 0 0 0
471 1 0.1 5.95044 4.10952 0.761417 0.00485893 -0.0109115 0.00102514 -0.015168 0.0179935 -0.0999675 1 0 0 0 0 0 0 0
472 1 0.1 6.0684 4.26037 0.703763 -0.00555309 -0.0054684 -0.00137804 -0.00426496 0.0141784 -0.1271 1 0 0 0 0 0 0 0
473 1 0.1 6.27997 5.00533 0.725579 -0.000118101 0.000373955 -6.74499e-05 0.000854199 0.00461134 -0.00614041 1 0 0 0 0 0 0 0
474 1 0.1 6.38673 5.16134 0.660682 0.000103148 -3.42703e-05 -0.000237255 0.00144376 0.00278153 -0.000261105 1 0 0 0 0 0 0 0
475 1 0.1 6.41489 1.00818 0.762545 -0.00253212 0.00094735 0.000161472 0.00949272 0.0139144 0.000395126 1 0 0 0 0 0 0 0
476 1 0.1 6.25734 1.2345 0.621249 -0.00599089 0.00925045 -0.0105115 -0.051601 0.107242 0.187925 1 0 0 0 0 0 0 0
477 1 0.1 5.77546 2.41734 0.59506 0.0593928 0.0221367 0.00999002 -0.334253 -0.402701 0.0168504 1 0 0 0 0 0 0 0
478 1 0.1 6.15303 1.62428 0.762545 -0.0200301 0.0119921 0.000358115 0.119685 0.200385 -0.083025 1 0 0 0 0 0 0 0
479 1 0.1 5.58215 3.02615 0.762671 0.0043362 -0.00716083 0.000736448 -0.0450324 -0.0602375 -0.0408774 1 0 0 0 0 0 0 0
480 1 0.1 5.8302 2.14576 0.739833 0.0421683 0.0775106 -0.126874 0.510732 0.762686 0.351322 1 0 0 0 0 0 0 0
481 1 0.1 5.72066 2.31208 0.755963 -0.0232012 0.0236681 -0.0147272 0.326372 0.0198866 0.51239 1 0 0 0 0 0 0 0
482 1 0.1 5.72138 2.51183 0.762585 0.0133447 0.0228822 -0.00136335 0.310368 -0.0980153 0.0685993 1 0 0 0 0 0 0 0
483 1 0.1 5.59881 2.78628 0.601988 0.0017806 0.00467334 0.00422844 -0.140893 0.0401802 -0.000459049 1 0 0 0 0 0 0 0
484 1 0.1 5.54565 2.97518 0.57325 0.00306537 0.00221702 -0.000861198 0.0665397 0.00927899 -0.0368165 1 0 0 0 0 0 0 0
485 1 0.1 5.48569 2.85132 0.762604 -0.0167829 0.00498596 5.56697e-05 0.0903556 0.151647 -0.220182 1 0 0 0 0 0 0 0
486 1 0.1 5.27777 2.95199 0.762521 -0.00742922 0.0160899 0.000425459 0.120815 0.154567 -0.38843 1 0 0 0 0 0 0 0
487 1 0.1 5.07845 2.93764 0.761616 -0.0047146 0.0160118 0.025232 0.0509162 0.0946637 0.339515 1 0 0 0 0 0 0 0
488 1 0.1 5.12836 3.14501 0.762678 0.0042834 0.00985239 0.00095991 0.114813 -0.0544458 -0.141244 1 0 0 0 0 0 0 0
489 1 0.1 5.32598 3.23477 0.763461 -0.00356324 -0.00572387 0.00187075 -0.0380149 -0.0065016 0.0250686 1 0 0 0 0 0 0 0
490 1 0.1 5.40339 3.07671 0.669546 0.00372446 -0.00259459 0.00313284 0.0429358 -0.021658 0.03976 1 0 0 0 0 0 0 0
491 1 0.1 5.52522 3.21859 0.762508 -0.00507474 -0.00827358 0.00145072 -0.0208666 0.0208277 -0.0460537 1 0 0 0 0 0 0 0
492 1 0.1 5.72281 3.25436 0.762567 -0.00504554 -0.00156132 -0.000589672 0.00159095 0.0488425 -0.034321 1 0 0 0 0 0 0 0
493 1 0.1 5.5949 3.6297 0.762666 -0.000546976 -0.000261982 -0.000493103 0.0528825 0.0452318 0.0116548 1 0 0 0 0 0 0 0
494 1 0.1 5.69684 3.80135 0.762704 -0.00188788 0.000985138 0.000299434 0.0118292 0.0202134 0.00292034 1 0 0 0 0 0 0 0
495 1 0.1 5.64069 3.43652 0.762909 -0.00287359 -2.63359e-05 0.000536196 -0.0438495 -0.00966946 -0.0241556 1 0 0 0 0 0 0 0
496 1 0.1 5.78665 3.57322 0.76222 -0.000731564 -0.00187466 0.00280474 0.00977582 -0.0331067 -0.0342035 1 0 0 0 0 0 0 0
497 1 0.1 6.04779 4.50707 0.76256 0.000993868 0.00274374 0.00029876 0.0128125 -0.00841517 0.00277155 1 0 0 0 0 0 0 0
498 1 0.1 6.19205 4.64538 0.762592 6.80936e-05 0.00179416 0.000153398 -0.000599339 0.00364137 0.00725558 1 0 0 0 0 0 0 0
499 1 0.1 6.3294 4.7907 0.759903 0.00259382 -0.00109108 -0.00138733 0.0225798 0.031829 -0.0399869 1 0 0 0 0 0 0 0
