500
0 1 0.1 6.13163 0.890254 0.15026 -0.0706586 0.0888946 0.0022726 0.0491451 0.00672148 1.15856 1 0 0 0 0 0 0 0
1 1 0.1 5.93504 1.07989 0.149763 0.00216662 -0.00893026 -0.000758147 -0.00280524 3.58e-05 -0.0653422 1 0 0 0 0 0 0 0
2 1 0.1 5.79358 1.2211 0.150046 0.00295563 0.000488329 0.000308646 0.00606204 0.00681892 -0.0337555 1 0 0 0 0 0 0 0
3 1 0.1 5.65244 1.36235 0.148774 0.000264642 0.00186685 0.000234078 -0.0111098 0.00563315 -0.0222945 1 0 0 0 0 0 0 0
4 1 0.1 5.51111 1.50336 0.149943 0.00193587 0.000929724 -0.000849864 -0.00570103 0.00356568 -0.0140711 1 0 0 0 0 0 0 0
5 1 0.1 5.34141 1.68419 0.155703 0.00380809 -0.00260711 -0.000965944 -0.0138707 0.00207515 -0.00662693 1 0 0 0 0 0 0 0
6 1 0.1 5.2017 1.82503 0.138825 0.00616648 -0.00106611 0.00149096 0.0107562 0.0189483 -0.0181063 1 0 0 0 0 0 0 0
7 1 0.1 5.06883 1.9724 0.144652 0.00292847 -0.00572712 0.00364348 0.0594939 -0.0355212 0.0937539 1 0 0 0 0 0 0 0
8 1 0.1 4.92124 2.10484 0.139046 0.00420579 -0.00778697 0.0139633 0.170606 -0.0449603 -0.0864796 1 0 0 0 0 0 0 0
9 1 0.1 4.72583 2.29281 0.143576 0.00267385 0.0251937 -0.076795 0.175195 0.735894 -0.155487 1 0 0 0 0 0 0 0
10 1 0.1 4.44987 2.56686 0.140951 -0.00332303 0.00828689 -0.000395736 -0.101345 -0.061781 -0.551108 1 0 0 0 0 0 0 0
11 1 0.1 4.32724 2.74744 0.145977 0.0135591 -0.00727708 -0.0060661 0.0992216 0.0204861 0.00800519 1 0 0 0 0 0 0 0
12 1 0.1 4.18891 2.88716 0.149117 0.00320263 -0.0175952 -0.00043237 0.0134655 -0.0239445 -0.219656 1 0 0 0 0 0 0 0
13 1 0.1 4.19018 3.1 0.163651 -5.32312e-05 -4.01828e-07 -0.000278549 1.73682e-05 0.00292818 9.08736e-05 1 0 0 0 0 0 0 0
14 1 0.1 4.30608 3.28594 0.16705 -0.0227203 -0.0255539 -0.00347718 -0.0276688 0.0648992 -0.341678 1 0 0 0 0 0 0 0
15 1 0.1 4.4685 3.44747 0.145495 0.00535668 0.00338861 -0.0130462 0.10161 0.175405 0.11967 1 0 0 0 0 0 0 0
16 1 0.1 4.65791 3.64048 0.150047 -0.0136949 -0.0223095 -0.00310738 0.0158507 0.0273782 -0.27251 1 0 0 0 0 0 0 0
17 1 0.1 4.80061 3.78037 0.141169 -0.0153002 -0.0193318 0.00429471 -0.0681889 -0.00392128 -0.259946 1 0 0 0 0 0 0 0
18 1 0.1 5.05443 4.02663 0.137025 0.00245858 0.000782973 0.000753527 0.0127968 -0.0403597 -0.00986278 1 0 0 0 0 0 0 0
19 1 0.1 5.20091 4.17654 0.147573 -2.84101e-05 0.000577668 0.00406978 -0.0432558 -0.0143191 -0.0011792 1 0 0 0 0 0 0 0
20 1 0.1 5.34297 4.31962 0.149457 0.00149817 0.00175193 -0.000551635 0.0294848 -0.00540377 0.0422517 1 0 0 0 0 0 0 0
21 1 0.1 5.48517 4.45963 0.144063 0.00102476 0.00169417 0.00142845 -0.0316089 -0.00416197 0.0207711 1 0 0 0 0 0 0 0
22 1 0.1 5.63755 4.6155 0.150671 0.000146194 -0.000661484 0.000581146 -0.00812149 0.00462422 0.00362704 1 0 0 0 0 0 0 0
23 1 0.1 5.80365 4.78561 0.149314 0.00226139 0.00160022 0.00055223 -0.00754282 0.0007391 0.0255578 1 0 0 0 0 0 0 0
24 1 0.1 5.95157 4.92966 0.155681 0.00168918 0.000956158 0.000665879 -0.00751513 -0.00101618 0.021205 1 0 0 0 0 0 0 0
25 1 0.1 6.38728 0.635513 0.150017 -0.12452 0.104528 -0.00268701 -0.00106561 -0.000615027 0.0010438 1 0 0 0 0 0 0 0
26 1 0.1 6.12634 1.15644 0.137416 -0.0304434 -0.0292457 -0.00441136 0.255261 -0.181308 -0.749644 1 0 0 0 0 0 0 0
27 1 0.1 5.97965 1.29215 0.137612 0.00299428 0.0147375 -0.00132265 -0.0170962 0.00658633 0.240713 1 0 0 0 0 0 0 0
28 1 0.1 5.83786 1.43545 0.137431 0.00396598 0.00659263 -0.00143255 -0.0465445 0.0143006 0.0208667 1 0 0 0 0 0 0 0
29 1 0.1 5.69381 1.58341 0.137663 -0.000770334 0.0247044 -0.0344989 0.304382 0.474938 0.26161 1 0 0 0 0 0 0 0
30 1 0.1 5.53623 1.69591 0.195694 0.00640628 0.00498367 -0.00344678 -0.030496 0.0245088 0.0149257 1 0 0 0 0 0 0 0
31 1 0.1 5.39216 1.88382 0.137364 0.00705577 0.0144409 -0.00436996 -0.159892 0.0498717 0.157106 1 0 0 0 0 0 0 0
32 1 0.1 5.25876 2.03473 0.144433 0.0108674 -0.0237355 0.0148273 -0.127871 -0.100668 -0.290854 1 0 0 0 0 0 0 0
33 1 0.1 5.10984 2.16838 0.13924 0.00455972 -0.00899409 0.0042168 0.202623 0.239271 0.0590561 1 0 0 0 0 0 0 0
34 1 0.1 4.92004 2.30333 0.138539 0.00275282 -0.0108981 -0.0444501 -0.825474 -1.09282 -0.165435 1 0 0 0 0 0 0 0
35 1 0.1 4.58747 2.42964 0.15124 -0.0104539 0.00907701 -0.00143427 0.0231189 0.126286 0.408394 1 0 0 0 0 0 0 0
36 1 0.1 4.52394 2.74762 0.137373 0.0108017 0.00348613 -0.00280337 0.0674069 -0.0131476 0.134053 1 0 0 0 0 0 0 0
37 1 0.1 4.42306 2.92022 0.154295 0.00752119 -0.00920842 0.00132896 0.00583052 0.00703776 0.102488 1 0 0 0 0 0 0 0
38 1 0.1 4.4004 3.1157 0.137149 -0.0336381 -0.0216138 -0.000812376 -0.0288111 0.0107687 0.328601 1 0 0 0 0 0 0 0
39 1 0.1 4.53629 3.2595 0.137866 -0.0481939 -0.0199589 -0.0164811 0.00098289 0.20818 -0.0466789 1 0 0 0 0 0 0 0
40 1 0.1 4.66365 3.41279 0.134539 -0.0112369 -0.0538607 -0.0053267 -0.589508 -0.917811 -0.313951 1 0 0 0 0 0 0 0
41 1 0.1 4.84995 3.58688 0.137446 -0.00945954 -0.0158009 0.000696044 0.129934 -0.109821 0.334236 1 0 0 0 0 0 0 0
42 1 0.1 4.99178 3.83718 0.153234 -0.0217328 0.00639862 -0.032874 -0.161024 0.332841 0.511606 1 0 0 0 0 0 0 0
43 1 0.1 5.23694 3.98952 0.207496 0.00169928 0.00233773 0.0114839 -0.0487682 0.145 -0.0268759 1 0 0 0 0 0 0 0
44 1 0.1 5.39204 4.12927 0.208741 0.0155778 -0.0349709 -0.00417463 -0.339678 -0.294688 0.174889 1 0 0 0 0 0 0 0
45 1 0.1 5.53027 4.25378 0.137325 -0.00328938 -0.00999601 -0.000192169 0.115858 0.00350743 0.105008 1 0 0 0 0 0 0 0
46 1 0.1 5.73531 4.44164 0.137006 0.00567412 0.00209731 -0.000296574 0.0394148 -0.0169659 0.042446 1 0 0 0 0 0 0 0
47 1 0.1 5.86175 4.59516 0.141059 0.00325126 0.00247443 0.00016573 -0.00438696 0.0487412 -0.0160617 1 0 0 0 0 0 0 0
48 1 0.1 6.00227 4.73649 0.146795 0.00325739 0.00131756 -0.000401301 0.0199814 -0.0220834 0.00805201 1 0 0 0 0 0 0 0
49 1 0.1 6.22469 5.20756 0.148738 0.000678858 9.47189e-05 -0.000794254 0.0207279 -0.0142073 0.0140556 1 0 0 0 0 0 0 0
50 1 0.1 6.52868 0.494127 0.149977 -0.124372 0.104505 -0.00225425 -0.00150041 -0.00142106 0.00216543 1 0 0 0 0 0 0 0
51 1 0.1 6.27945 1.02392 0.137406 -0.0657455 0.0820989 0.000939278 -0.809359 -0.670371 -1.17537 1 0 0 0 0 0 0 0
52 1 0.1 6.0427 1.48172 0.137224 -0.0352001 0.0233367 -0.00101507 -0.029858 -0.131172 0.107291 1 0 0 0 0 0 0 0
53 1 0.1 5.89542 1.62675 0.137838 0.00492298 0.0128995 -0.00321134 0.0278082 -0.0228279 -0.0109372 1 0 0 0 0 0 0 0
54 1 0.1 5.8895 1.82644 0.137427 0.00481288 0.0166077 -0.0016336 -0.0126509 -0.0271906 0.0151454 1 0 0 0 0 0 0 0
55 1 0.1 5.72239 1.76083 0.225162 0.00582872 0.0133964 -0.00789323 -0.0305098 -0.013009 0.0128752 1 0 0 0 0 0 0 0
56 1 0.1 5.5918 1.88345 0.137468 0.0113763 0.0307303 0.00229032 0.40509 -0.142351 -0.0134723 1 0 0 0 0 0 0 0
57 1 0.1 5.43329 2.17685 0.138412 0.00693475 0.0177413 0.00157938 -0.052033 0.0594365 0.0338327 1 0 0 0 0 0 0 0
58 1 0.1 5.26914 2.28796 0.137322 -0.00297535 0.0046679 -0.00176075 -0.0567576 -0.0271866 0.119202 1 0 0 0 0 0 0 0
59 1 0.1 5.09638 2.38558 0.136603 -0.00264662 0.000675416 0.000426283 -0.0337656 0.0869935 -0.0604817 1 0 0 0 0 0 0 0
60 1 0.1 4.88244 2.55027 0.136725 -0.00165968 0.00028345 -0.000217723 0.000259578 -0.0210721 -0.00646743 1 0 0 0 0 0 0 0
61 1 0.1 4.66995 2.61118 0.137486 0.00824335 0.000351646 0.000112365 -0.00243085 -0.0343686 -0.427901 1 0 0 0 0 0 0 0
62 1 0.1 4.62159 2.91824 0.137414 0.0108765 0.00976961 0.00226827 -0.0108929 -0.0346489 -0.100016 1 0 0 0 0 0 0 0
63 1 0.1 4.66857 3.11134 0.135824 -0.0081822 0.0172912 0.000572681 -0.0599635 -0.159896 0.249718 1 0 0 0 0 0 0 0
64 1 0.1 4.77516 3.26575 0.187499 0.00303303 -0.00591322 0.0350999 1.29366 1.88568 0.405672 1 0 0 0 0 0 0 0
65 1 0.1 4.91595 3.39835 0.137451 -0.000989537 -0.0136703 -0.000892631 -0.0267621 -0.0891849 -0.241166 1 0 0 0 0 0 0 0
66 1 0.1 5.04888 3.60398 0.137457 -0.0117182 0.0155372 -0.000805725 -0.114013 0.120657 -0.0270087 1 0 0 0 0 0 0 0
67 1 0.1 5.18475 3.78747 0.137491 -0.0575643 -0.142383 0.000316471 0.580413 -0.789601 -2.08467 1 0 0 0 0 0 0 0
68 1 0.1 5.41173 3.92397 0.137252 0.00107198 0.0171412 0.000167297 -0.265697 0.0160483 0.332324 1 0 0 0 0 0 0 0
69 1 0.1 5.56567 4.03145 0.204316 0.0201371 -0.0225079 0.0246358 0.102031 0.0660804 0.00602493 1 0 0 0 0 0 0 0
70 1 0.1 5.72804 4.22688 0.13733 -0.00331193 -0.00694871 -0.000692258 0.0705441 -0.0340511 -0.0679467 1 0 0 0 0 0 0 0
71 1 0.1 5.90015 4.32855 0.141614 -0.00254805 -0.00920442 0.0116057 -0.0353116 -0.0805701 0.0474674 1 0 0 0 0 0 0 0
72 1 0.1 6.02718 4.48343 0.137496 -0.00248936 -0.00683372 0.000233084 -0.0290835 -0.0265351 -0.0901834 1 0 0 0 0 0 0 0
73 1 0.1 6.17382 4.83796 0.137363 0.0032994 -0.000213422 0.000465749 0.00543838 0.0293228 -0.0206417 1 0 0 0 0 0 0 0
74 1 0.1 6.36594 5.34892 0.15019 0.000362379 0.000236635 0.00028233 -0.00724101 0.00606543 0.00503373 1 0 0 0 0 0 0 0
75 1 0.1 6.56681 0.723368 0.137412 -0.0535247 -0.00772433 0.000391964 0.0768451 -0.535766 -0.363342 1 0 0 0 0 0 0 0
76 1 0.1 6.32006 0.823774 0.146789 -0.0563027 0.129077 -0.00688119 -0.0769751 0.0999808 -0.729022 1 0 0 0 0 0 0 0
77 1 0.1 6.16774 1.61661 0.215465 -0.0282846 0.0051809 0.0150078 0.0964918 -0.0377678 -0.310864 1 0 0 0 0 0 0 0
78 1 0.1 5.98854 2.01403 0.139684 0.0047326 0.148334 0.0105543 0.065881 -0.0923767 1.36592 1 0 0 0 0 0 0 0
79 1 0.1 5.8694 2.16652 0.212042 0.041131 0.00449866 0.00988582 -0.234962 0.0523005 0.0341678 1 0 0 0 0 0 0 0
80 1 0.1 5.7892 1.99922 0.137564 0.0133772 0.0237253 0.000894151 0.0541455 0.00526194 -0.123135 1 0 0 0 0 0 0 0
81 1 0.1 5.60763 2.08231 0.136897 0.0136352 0.0287721 0.00249172 -0.30746 0.13088 0.0749388 1 0 0 0 0 0 0 0
82 1 0.1 5.59143 2.29894 0.137393 0.012365 0.00881402 -0.000252806 -0.0496055 0.0754964 -0.0148767 1 0 0 0 0 0 0 0
83 1 0.1 5.48183 2.45746 0.190245 0.0136228 0.0126259 -0.00987622 -0.0735881 -0.0682035 0.00173832 1 0 0 0 0 0 0 0
84 1 0.1 5.29253 2.49178 0.136699 0.0067884 0.00991745 -0.00296969 -0.00245161 0.17376 0.016586 1 0 0 0 0 0 0 0
85 1 0.1 5.11517 2.58144 0.142845 -0.0126527 -0.00338678 0.000530462 0.0410762 -0.118509 0.123464 1 0 0 0 0 0 0 0
86 1 0.1 4.8988 2.74937 0.14471 -0.0613053 0.00313075 0.0535985 0.587627 0.298354 -0.572059 1 0 0 0 0 0 0 0
87 1 0.1 4.81801 2.93198 0.154163 0.00939861 0.0346909 0.056006 -0.509595 -0.554361 -0.0818688 1 0 0 0 0 0 0 0
88 1 0.1 4.89454 3.11383 0.137755 0.0299042 0.0200565 0.00527314 -0.714856 -1.03725 0.00505463 1 0 0 0 0 0 0 0
89 1 0.1 5.04414 3.24407 0.137209 0.040246 0.00608798 0.00058415 -0.0940856 0.386712 -0.179981 1 0 0 0 0 0 0 0
90 1 0.1 5.13143 3.42223 0.145692 0.00446218 0.0227001 -0.014659 0.34407 0.478894 0.596487 1 0 0 0 0 0 0 0
91 1 0.1 5.2488 3.58262 0.137361 -0.0184388 0.0435376 0.000470865 -0.0752772 -0.367361 -0.281572 1 0 0 0 0 0 0 0
92 1 0.1 5.38593 3.7267 0.142048 0.0141361 0.0133536 0.0350195 -0.110519 -0.322378 -0.182442 1 0 0 0 0 0 0 0
93 1 0.1 5.60018 3.84659 0.137409 0.00884822 -0.0118263 0.000903473 0.120733 0.0388675 -0.0201975 1 0 0 0 0 0 0 0
94 1 0.1 5.74718 3.98144 0.137358 0.0149678 -0.0131619 -0.000746851 0.14563 0.170327 -0.0423699 1 0 0 0 0 0 0 0
95 1 0.1 5.8946 4.1163 0.137478 0.00290869 0.00331073 0.000519378 0.0216019 -0.0402011 0.248222 1 0 0 0 0 0 0 0
96 1 0.1 6.05125 4.21665 0.210485 -0.0125375 0.00710125 0.03184 0.0982717 -0.275129 -0.153051 1 0 0 0 0 0 0 0
97 1 0.1 6.17834 4.35262 0.137498 -0.00777701 -0.0130935 0.000183744 -0.424859 0.419787 0.0123345 1 0 0 0 0 0 0 0
98 1 0.1 6.26912 5.01339 0.137673 0.00210802 0.000291711 0.000388169 0.00328605 0.00150944 0.031927 1 0 0 0 0 0 0 0
99 1 0.1 6.41738 5.15607 0.137447 0.000717003 0.000388386 4.50903e-05 -0.00602561 0.0149608 0.0203259 1 0 0 0 0 0 0 0
100 1 0.1 6.45843 1.04968 0.222614 -0.0470147 -0.0232968 -0.0042623 0.133129 0.64098 -0.33646 1 0 0 0 0 0 0 0
101 1 0.1 6.17667 1.34779 0.200392 -0.0188025 0.0465267 -0.00633789 0.247914 -0.016485 0.298247 1 0 0 0 0 0 0 0
102 1 0.1 6.20729 1.52939 0.536823 -0.0424085 0.0233204 0.115157 -0.397029 -0.733204 -0.229251 1 0 0 0 0 0 0 0
103 1 0.1 6.06169 1.78542 0.230353 -0.0086535 0.0128052 0.0228972 0.23804 -0.31009 0.0623845 1 0 0 0 0 0 0 0
104 1 0.1 5.66458 2.65827 0.328732 0.0359504 0.015878 0.0263457 -0.159117 -0.10238 0.549643 1 0 0 0 0 0 0 0
105 1 0.1 5.8004 2.33847 0.137444 0.0187592 -0.00792043 0.000886113 0.057705 0.164963 0.128018 1 0 0 0 0 0 0 0
106 1 0.1 5.67447 2.49285 0.150454 0.02067 -0.00599175 0.000123174 -0.143172 -0.0733618 -0.15015 1 0 0 0 0 0 0 0
107 1 0.1 5.57218 2.66371 0.137029 0.0247604 -0.00362816 -0.000772093 0.0334901 0.231343 0.0885586 1 0 0 0 0 0 0 0
108 1 0.1 5.46637 2.67018 0.305355 0.0355528 -0.0017808 0.00460777 0.110629 -0.112105 -0.360697 1 0 0 0 0 0 0 0
109 1 0.1 5.43836 2.81651 0.137461 0.000831142 -0.0830536 -8.03485e-05 0.0121137 -0.00461606 -0.146721 1 0 0 0 0 0 0 0
110 1 0.1 5.28203 2.69148 0.137474 -0.0711929 0.00901497 0.00226541 -0.0221617 0.0519001 0.177175 1 0 0 0 0 0 0 0
111 1 0.1 5.09897 2.77708 0.13595 -0.0150515 -0.000656396 -0.00342899 -0.0880556 -0.0640629 0.0542219 1 0 0 0 0 0 0 0
112 1 0.1 5.01558 2.95643 0.160459 0.0164382 0.0100381 0.0570724 0.490849 0.494189 -0.229349 1 0 0 0 0 0 0 0
113 1 0.1 5.16878 3.08221 0.136669 0.0335875 -0.0123686 0.00560599 -0.16135 0.429658 -0.0569148 1 0 0 0 0 0 0 0
114 1 0.1 5.23826 3.23556 0.241342 0.0818254 0.0048717 -0.0435511 -0.255338 0.699294 0.0395187 1 0 0 0 0 0 0 0
115 1 0.1 5.30632 3.4228 0.242441 0.000732054 0.0377825 -0.0169957 0.780295 -0.0599856 0.810905 1 0 0 0 0 0 0 0
116 1 0.1 5.45394 3.50401 0.13707 0.0128 0.0309977 -0.000703211 -0.314178 0.123265 -1.24674 1 0 0 0 0 0 0 0
117 1 0.1 5.59139 3.64775 0.150618 0.0642106 -0.0158006 -0.0197523 0.0855666 -0.0929559 0.554626 1 0 0 0 0 0 0 0
118 1 0.1 5.6421 3.43657 0.137496 -0.00143571 -0.00162541 0.00065268 -0.115638 0.0136249 0.901387 1 0 0 0 0 0 0 0
119 1 0.1 5.45714 3.27858 0.137261 0.0398767 -0.00253178 0.00203171 0.0215807 0.40316 0.067058 1 0 0 0 0 0 0 0
120 1 0.1 5.74952 3.74567 0.223968 -0.0178347 0.0330882 0.0965937 0.167529 -1.2129 0.182572 1 0 0 0 0 0 0 0
121 1 0.1 5.72384 3.68242 0.42129 -0.0238256 -0.0436612 -0.0387306 0.283489 0.693303 -0.265699 1 0 0 0 0 0 0 0
122 1 0.1 6.18019 4.61177 0.137383 -0.00258825 -0.00565073 6.65036e-06 0.0519056 -0.0182062 0.120411 1 0 0 0 0 0 0 0
123 1 0.1 6.29074 4.72712 0.25741 -0.00849001 -5.77461e-05 0.000314889 -0.0205413 0.0433853 0.0117282 1 0 0 0 0 0 0 0
124 1 0.1 6.38897 4.85338 0.137477 -0.00338884 -0.00402728 5.40649e-05 0.0225892 -0.0335084 -0.0996303 1 0 0 0 0 0 0 0
125 1 0.1 6.12777 0.895095 0.350109 -0.0726186 0.086818 0.00180836 0.0388481 0.00709565 1.16051 1 0 0 0 0 0 0 0
126 1 0.1 5.93507 1.07948 0.34975 0.000373408 0.00115213 0.00026633 0.00108279 0.00959025 0.0310994 1 0 0 0 0 0 0 0
127 1 0.1 5.79382 1.22078 0.350012 0.00128004 0.00183715 0.000921048 0.000206099 -0.00843051 -0.00141137 1 0 0 0 0 0 0 0
128 1 0.1 5.6525 1.36204 0.349961 6.65556e-05 0.000392496 -0.00143121 -0.0244701 -0.0023742 0.00594191 1 0 0 0 0 0 0 0
129 1 0.1 5.51162 1.50365 0.351895 -5.54375e-05 -0.00232877 -0.00561405 -0.0317669 0.00259193 -0.00758409 1 0 0 0 0 0 0 0
130 1 0.1 5.22921 1.78568 0.350057 0.00237788 -0.00313558 -0.00730673 -0.0120644 0.0493742 -0.0104593 1 0 0 0 0 0 0 0
131 1 0.1 5.09049 1.92845 0.338535 0.000327017 -0.00155951 0.00126686 0.0197914 0.0253647 0.00374375 1 0 0 0 0 0 0 0
132 1 0.1 4.9521 2.06873 0.367817 -0.000138679 0.00136927 0.00288692 0.0273847 -0.0637958 -0.0364508 1 0 0 0 0 0 0 0
133 1 0.1 4.77078 2.25315 0.349438 0.00291291 -0.00177831 -0.00353843 -0.0625565 -0.0140008 -0.0433626 1 0 0 0 0 0 0 0
134 1 0.1 4.63153 2.39599 0.361837 0.00478502 -0.00178026 0.00858752 0.139828 0.114846 0.0285815 1 0 0 0 0 0 0 0
135 1 0.1 4.37896 2.64653 0.310417 -0.000937252 -0.00261952 0.00147867 0.0167507 -0.0238622 -0.00890023 1 0 0 0 0 0 0 0
136 1 0.1 4.22487 2.80135 0.33482 -0.00198264 0.00053171 0.000382036 -8.38329e-05 -0.00841556 0.0221181 1 0 0 0 0 0 0 0
137 1 0.1 4.18895 2.9976 0.343806 0.000364988 0.00074602 -0.000124862 -0.0185286 -0.00556242 0.0105627 1 0 0 0 0 0 0 0
138 1 0.1 4.21815 3.19519 0.350319 0.00075007 0.000686376 -0.000137766 0.00291245 2.40434e-05 0.00748007 1 0 0 0 0 0 0 0
139 1 0.1 4.39507 3.3752 0.34976 -0.00116027 -0.000996074 -0.00131205 0.0130805 0.00360513 -0.0146168 1 0 0 0 0 0 0 0
140 1 0.1 4.58172 3.56166 0.350382 -0.00221666 -0.00114307 -0.00224892 0.0189533 0.0141439 -0.0140036 1 0 0 0 0 0 0 0
141 1 0.1 4.72307 3.70296 0.350105 -0.00205195 -0.00268835 0.000527436 -0.0022377 -0.000934297 -0.019986 1 0 0 0 0 0 0 0
142 1 0.1 4.90393 3.87655 0.32845 -0.00127817 -0.00891896 -0.0170857 -0.0781981 0.353788 -0.23663 1 0 0 0 0 0 0 0
143 1 0.1 5.06481 4.04053 0.344255 0.00355486 0.00408679 -0.00693021 0.0241022 0.00443568 -0.110002 1 0 0 0 0 0 0 0
144 1 0.1 5.20678 4.1786 0.350024 0.00417916 0.0028936 -0.00268753 -0.238824 -0.275768 0.0721303 1 0 0 0 0 0 0 0
145 1 0.1 5.34615 4.32021 0.358435 -0.00011728 0.00290054 0.00275853 0.0338233 0.0107664 -0.016915 1 0 0 0 0 0 0 0
146 1 0.1 5.48576 4.46213 0.349934 0.000194141 0.000771675 0.00259987 -0.0272985 -0.00571317 -0.000644428 1 0 0 0 0 0 0 0
147 1 0.1 5.62674 4.60314 0.349926 0.000132125 0.000241938 0.000592214 0.000193751 0.00587605 0.00118474 1 0 0 0 0 0 0 0
148 1 0.1 5.76787 4.74411 0.350484 0.000148656 0.000230287 0.000215289 -0.00254778 -0.00291369 0.00089812 1 0 0 0 0 0 0 0
149 1 0.1 6.0385 5.0148 0.350816 0.000427468 0.00037559 0.000582427 -0.00444173 -0.00369927 -0.0257233 1 0 0 0 0 0 0 0
150 1 0.1 6.28164 0.737185 0.350174 0.00184996 -0.00159005 5.19947e-06 0.00495806 0.000208761 0.00154939 1 0 0 0 0 0 0 0
151 1 0.1 6.0596 1.2308 0.312376 -0.0317823 0.0302228 -0.027444 -0.0417644 0.328521 0.143848 1 0 0 0 0 0 0 0
152 1 0.1 5.91704 1.37309 0.309917 -0.0061371 0.0168914 0.00809698 -0.0224688 -0.180107 0.0917215 1 0 0 0 0 0 0 0
153 1 0.1 5.72215 1.54882 0.334646 -0.0733115 0.0315071 0.0175302 0.623278 0.985364 0.161094 1 0 0 0 0 0 0 0
154 1 0.1 5.58709 1.68428 0.392675 -0.0919957 0.0397463 -0.0334474 -1.04217 -1.32303 -0.0571799 1 0 0 0 0 0 0 0
155 1 0.1 5.37012 1.6445 0.34974 0.00209767 -0.00122414 -0.00699215 -0.0355446 0.0466257 -0.00227963 1 0 0 0 0 0 0 0
156 1 0.1 5.27256 1.97145 0.409523 -0.00552859 -0.00316027 -0.0172269 0.146102 0.898632 0.408531 1 0 0 0 0 0 0 0
157 1 0.1 5.16864 2.11848 0.323165 -0.0230649 -0.0122496 0.00465942 -0.254435 -0.396655 -0.426439 1 0 0 0 0 0 0 0
158 1 0.1 4.96922 2.25977 0.32439 -0.0418932 -0.00435128 -0.0307774 0.23551 0.542121 0.10868 1 0 0 0 0 0 0 0
159 1 0.1 4.81968 2.45621 0.299768 -0.00405247 -0.00461816 -0.00430361 0.103843 0.0540892 -0.107396 1 0 0 0 0 0 0 0
160 1 0.1 4.56451 2.57502 0.304415 -0.00243773 -0.00817604 0.00193922 -0.308885 0.107231 -0.0134902 1 0 0 0 0 0 0 0
161 1 0.1 4.42091 2.83984 0.33731 -0.00185405 -0.00269884 0.00419423 -0.00713506 -0.0327414 -0.0134125 1 0 0 0 0 0 0 0
162 1 0.1 4.38456 3.036 0.34379 0.00112588 -0.00146506 -0.00105037 -0.0426094 0.000675956 -0.0224451 1 0 0 0 0 0 0 0
163 1 0.1 4.49032 3.20173 0.375202 -0.000326253 -0.00125446 -0.00110773 0.00764524 -0.0494382 0.0276748 1 0 0 0 0 0 0 0
164 1 0.1 4.60583 3.36347 0.355955 -0.00348251 -0.000801386 -0.00499026 -0.00754787 0.116153 -0.00627687 1 0 0 0 0 0 0 0
165 1 0.1 4.75947 3.49266 0.290589 -0.021138 -0.0375122 -0.0128524 0.0765891 0.0549674 -0.427238 1 0 0 0 0 0 0 0
166 1 0.1 4.91113 3.6425 0.319517 -0.013147 -0.0408802 0.0095816 0.0255023 -0.101956 -0.389146 1 0 0 0 0 0 0 0
167 1 0.1 5.09077 3.84865 0.392054 -0.000942401 0.00273066 -0.00987057 0.0218797 -0.445764 0.20653 1 0 0 0 0 0 0 0
168 1 0.1 5.24461 3.98001 0.405793 -0.00379655 0.0171647 0.0150804 -0.104203 -0.237231 0.206059 1 0 0 0 0 0 0 0
169 1 0.1 5.38694 4.11698 0.407622 0.00212499 0.00656007 -0.000375911 -0.10101 0.246867 -0.293748 1 0 0 0 0 0 0 0
170 1 0.1 5.53873 4.23823 0.373203 0.0109833 -0.011014 -0.0166579 -0.20433 -0.281735 0.145829 1 0 0 0 0 0 0 0
171 1 0.1 5.68467 4.3561 0.309242 0.00562206 -0.000331253 -0.00293557 -0.0508881 -0.0801361 0.124422 1 0 0 0 0 0 0 0
172 1 0.1 5.80562 4.51471 0.315163 -0.00207269 0.00479975 -0.000491832 -0.0426542 -0.0752886 -0.037828 1 0 0 0 0 0 0 0
173 1 0.1 5.93642 4.64429 0.392735 -0.000145925 0.00223642 -0.000236264 0.0103273 0.0412828 -0.0146284 1 0 0 0 0 0 0 0
174 1 0.1 6.17942 5.15606 0.349961 0.00016774 0.000125694 -2.42439e-05 -0.00530609 0.00503615 0.0298836 1 0 0 0 0 0 0 0
175 1 0.1 6.42305 0.595844 0.350036 0.00234842 0.000306467 -0.000997297 -0.00101949 0.00412433 -0.00315055 1 0 0 0 0 0 0 0
176 1 0.1 6.19116 1.08064 0.310604 -0.0492269 0.00586658 0.0100523 -1.08807 0.426841 -0.414215 1 0 0 0 0 0 0 0
177 1 0.1 6.01066 1.55226 0.321161 -0.0310275 -0.0106014 0.0110027 0.409932 0.187395 -0.0651012 1 0 0 0 0 0 0 0
178 1 0.1 5.87747 1.70011 0.334674 -0.0191381 0.00425397 0.0246321 -0.0260616 -0.389748 -0.145875 1 0 0 0 0 0 0 0
179 1 0.1 5.75294 1.84552 0.40328 0.00522265 0.00864774 -0.00465879 0.0907774 -0.0605303 -0.156653 1 0 0 0 0 0 0 0
180 1 0.1 5.44398 1.82354 0.398696 -0.0862796 0.0571486 -0.0652944 1.05253 0.826814 -0.132473 1 0 0 0 0 0 0 0
181 1 0.1 5.43601 1.99532 0.297019 -0.0343814 0.0767068 -0.0373404 -0.704186 -0.809539 -0.469242 1 0 0 0 0 0 0 0
182 1 0.1 5.33422 2.23052 0.319757 -0.0240063 -0.0128762 0.0229276 -0.160336 -0.0852176 0.432478 1 0 0 0 0 0 0 0
183 1 0.1 5.15804 2.32504 0.31691 -0.0331818 -0.0328799 -0.00125151 0.452719 -0.344143 -0.209461 1 0 0 0 0 0 0 0
184 1 0.1 5.0115 2.44782 0.375381 -0.0187713 -0.0200893 0.00520102 -0.0717092 0.114111 -0.127887 1 0 0 0 0 0 0 0
185 1 0.1 4.73678 2.6082 0.398937 0.00166967 -0.00161942 -0.0057813 -0.0250384 0.00475516 -0.0463491 1 0 0 0 0 0 0 0
186 1 0.1 4.60733 2.76959 0.321458 -0.00650293 -0.00694336 -0.0116236 0.210725 0.12418 -0.0543177 1 0 0 0 0 0 0 0
187 1 0.1 4.5722 2.96992 0.324187 8.72069e-05 -0.00693183 0.00452407 -0.0629967 -0.0241982 -0.0315954 1 0 0 0 0 0 0 0
188 1 0.1 4.68318 3.16374 0.339663 0.0108782 0.0393664 0.00774687 -0.309146 0.0255443 0.453778 1 0 0 0 0 0 0 0
189 1 0.1 4.87619 3.25439 0.344431 0.112707 -0.0487645 -0.0658925 -0.554951 -0.488955 -0.138698 1 0 0 0 0 0 0 0
190 1 0.1 4.9111 3.46851 0.418499 -0.00660185 -0.0479019 -0.0411952 -0.214002 0.278095 0.181908 1 0 0 0 0 0 0 0
191 1 0.1 5.13151 3.67351 0.305453 0.00198994 0.000702004 -0.00435425 0.0741548 -0.1305 -0.412966 1 0 0 0 0 0 0 0
192 1 0.1 5.28013 3.78121 0.384147 -0.00130184 0.00871172 -0.0197186 -0.390229 0.100083 0.395924 1 0 0 0 0 0 0 0
193 1 0.1 5.42727 3.91306 0.360726 -0.0144247 0.0226618 -0.0443396 1.08817 0.762369 -0.327536 1 0 0 0 0 0 0 0
194 1 0.1 5.57681 4.03717 0.404159 0.00471071 -0.0102647 -0.0060598 0.271495 -0.0650381 0.265527 1 0 0 0 0 0 0 0
195 1 0.1 5.71781 4.15158 0.322072 -0.0028316 -0.002422 -0.00139619 -0.0887475 0.161375 -0.238415 1 0 0 0 0 0 0 0
196 1 0.1 5.86664 4.28195 0.346364 0.00286832 -0.00971149 -0.00580443 0.156885 -0.0477346 0.15958 1 0 0 0 0 0 0 0
197 1 0.1 5.99058 4.43722 0.328409 -0.0141557 0.00537353 0.00167963 -0.151367 -0.0726158 0.0782884 1 0 0 0 0 0 0 0
198 1 0.1 5.93958 4.84312 0.373508 -0.00061529 0.00168739 0.000638871 -0.000540539 -0.00409643 0.013763 1 0 0 0 0 0 0 0
199 1 0.1 6.32176 5.29623 0.343389 7.0233e-05 0.00016115 -9.01077e-06 -0.000869206 -0.00389232 -0.00480865 1 0 0 0 0 0 0 0
200 1 0.1 6.49993 0.8483 0.278271 -0.040587 0.0146067 -0.0108669 -0.0227116 0.0677386 -0.38991 1 0 0 0 0 0 0 0
201 1 0.1 6.32233 0.93032 0.319144 -0.0415053 0.00864801 0.0253135 0.300867 0.210581 0.429641 1 0 0 0 0 0 0 0
202 1 0.1 5.98328 1.85663 0.399884 -0.00524848 -0.00743309 0.0293862 -0.15214 0.0132137 -0.187239 1 0 0 0 0 0 0 0
203 1 0.1 5.61915 2.68044 0.763032 0.0120181 -0.013112 0.00467803 -0.0174968 -0.0786014 0.0209265 1 0 0 0 0 0 0 0
204 1 0.1 5.75017 2.17213 0.373398 0.0436928 0.0310015 0.00640802 -0.217449 -0.102847 -0.15564 1 0 0 0 0 0 0 0
205 1 0.1 5.67736 1.99968 0.303368 0.0264061 0.037312 0.00815115 0.170572 -0.00885973 -0.0806343 1 0 0 0 0 0 0 0
206 1 0.1 5.54802 2.14834 0.359615 0.01312 0.0342587 -0.0178875 0.434897 0.102337 -0.441095 1 0 0 0 0 0 0 0
207 1 0.1 5.48987 2.46958 0.389647 0.015575 0.0236038 -0.010251 0.0916609 -0.0410173 0.137593 1 0 0 0 0 0 0 0
208 1 0.1 5.30836 2.55028 0.325949 0.016694 0.0162623 -0.010281 -0.0577936 -0.0458117 0.103445 1 0 0 0 0 0 0 0
209 1 0.1 5.13201 2.61425 0.392561 0.00573562 -0.0124828 -0.00785331 0.391712 -0.0536092 0.0510742 1 0 0 0 0 0 0 0
210 1 0.1 4.93405 2.62808 0.410306 0.0020594 -0.0103853 -0.00859861 -0.129579 0.0184328 -0.0641034 1 0 0 0 0 0 0 0
211 1 0.1 4.80148 2.79417 0.36229 -0.00727462 0.00526044 -0.0226285 0.0148191 0.0152711 0.230929 1 0 0 0 0 0 0 0
212 1 0.1 4.78621 2.99251 0.342015 -0.0348356 0.0115421 0.0567496 0.0689111 -0.578996 -0.984084 1 0 0 0 0 0 0 0
213 1 0.1 5.00039 3.1154 0.402204 0.0709236 -0.0262871 0.0138768 0.0205878 -0.327417 0.0599391 1 0 0 0 0 0 0 0
214 1 0.1 5.071 3.29026 0.334901 0.0989883 -0.0240626 -0.00937939 -0.0839414 -0.172107 0.475055 1 0 0 0 0 0 0 0
215 1 0.1 5.13886 3.47664 0.3375 0.00381504 0.0040822 -0.00791264 -0.0429495 -0.157987 0.471018 1 0 0 0 0 0 0 0
216 1 0.1 5.29733 3.58293 0.393642 -0.0195376 0.0113557 0.0493955 -0.284052 -0.77635 -0.493114 1 0 0 0 0 0 0 0
217 1 0.1 5.48243 3.62935 0.334998 -0.00356108 -0.0390514 0.0543823 -0.537228 0.515176 0.193938 1 0 0 0 0 0 0 0
218 1 0.1 5.58848 3.79854 0.330956 -0.0297218 -0.0228407 4.90332e-05 -0.00804447 -0.371615 0.120845 1 0 0 0 0 0 0 0
219 1 0.1 5.72475 3.90547 0.430494 -0.0205967 -0.0380098 -0.00327127 -0.292122 0.0535511 -0.60415 1 0 0 0 0 0 0 0
220 1 0.1 5.85739 3.9853 0.303929 0.00197449 -0.0693786 0.00843914 0.407646 -0.391653 -0.231923 1 0 0 0 0 0 0 0
221 1 0.1 5.98976 4.11797 0.373165 -0.00766484 -0.0524793 -0.00231026 -0.52802 0.454374 0.418952 1 0 0 0 0 0 0 0
222 1 0.1 6.08205 4.2877 0.424677 -0.0404189 -0.026671 -0.0228487 0.815584 0.538667 0.266843 1 0 0 0 0 0 0 0
223 1 0.1 6.21846 4.92674 0.310618 0.00198034 0.00030411 0.00100361 -0.0497672 -0.0366045 0.0189126 1 0 0 0 0 0 0 0
224 1 0.1 6.3561 5.0716 0.308006 0.00131446 0.000778293 0.000523896 -0.0106211 -0.0102307 -0.0121762 1 0 0 0 0 0 0 0
225 1 0.1 6.318 1.20671 0.208459 0.0116974 0.0848529 -0.0522623 0.133583 0.267269 0.181206 1 0 0 0 0 0 0 0
226 1 0.1 6.24316 1.25864 0.386465 -0.0238915 -0.00288812 -0.0389194 0.456282 -0.350376 -0.128878 1 0 0 0 0 0 0 0
227 1 0.1 6.10319 1.39925 0.410349 -0.00969715 0.00669097 0.018229 0.640973 0.0357061 -0.174858 1 0 0 0 0 0 0 0
228 1 0.1 5.87361 2.01201 0.338676 0.0262594 0.0106488 0.0207174 0.105526 -0.117674 -0.164864 1 0 0 0 0 0 0 0
229 1 0.1 5.58755 2.88443 0.523331 0.0391472 0.0330541 0.0221355 -0.430105 -0.0659023 0.693334 1 0 0 0 0 0 0 0
230 1 0.1 5.63175 2.3275 0.331034 0.0399704 0.0253255 -0.00873683 -0.100806 0.239803 0.151916 1 0 0 0 0 0 0 0
231 1 0.1 5.70236 2.48812 0.426598 0.0551441 0.0083512 0.00880508 0.403996 -0.0584085 -0.236347 1 0 0 0 0 0 0 0
232 1 0.1 5.58669 2.57226 0.566132 0.0370973 -0.0185894 0.00958051 0.185878 -0.35303 -0.0204013 1 0 0 0 0 0 0 0
233 1 0.1 5.43472 2.96478 0.307276 0.0260564 0.0234891 0.0164482 -0.13214 0.228585 -0.281198 1 0 0 0 0 0 0 0
234 1 0.1 5.27813 2.92381 0.189856 0.0343806 -0.0280118 0.0088295 -0.399611 0.383986 -0.359469 1 0 0 0 0 0 0 0
235 1 0.1 5.21445 2.7745 0.30632 0.0135919 0.00506986 0.0416838 -0.124066 -0.569758 0.246132 1 0 0 0 0 0 0 0
236 1 0.1 5.01498 2.78117 0.314128 0.0113825 -0.00658523 0.00246456 0.370325 0.144979 -0.182276 1 0 0 0 0 0 0 0
237 1 0.1 5.09914 2.94731 0.377412 0.0432657 -0.0334781 0.0234417 -0.04272 0.147857 -0.33744 1 0 0 0 0 0 0 0
238 1 0.1 5.19943 3.12805 0.404021 0.0724622 0.00921525 -0.0376254 0.389725 -1.14122 0.387585 1 0 0 0 0 0 0 0
239 1 0.1 5.27753 3.32841 0.415397 0.081527 0.00466392 -0.0203899 -0.850282 0.115476 -0.0305824 1 0 0 0 0 0 0 0
240 1 0.1 5.43834 3.24397 0.33285 0.0723643 -0.022253 0.00506299 0.169366 -0.0802476 -0.00369106 1 0 0 0 0 0 0 0
241 1 0.1 5.5636 3.09683 0.384169 0.0561532 -0.0184444 0.0342406 0.402956 -0.213551 -0.162199 1 0 0 0 0 0 0 0
242 1 0.1 5.44275 3.44045 0.387288 -0.0739318 -0.0224424 0.0562785 0.807862 -0.835855 0.0234862 1 0 0 0 0 0 0 0
243 1 0.1 5.62341 3.29225 0.27465 0.0708002 -0.00461477 0.00989894 0.037037 0.0727581 0.117738 1 0 0 0 0 0 0 0
244 1 0.1 5.3678 3.09899 0.137426 0.0227924 -0.000853667 -0.00203983 0.110709 -0.227428 0.149411 1 0 0 0 0 0 0 0
245 1 0.1 5.53635 2.99159 0.137372 0.00862218 -0.00814054 -0.0005879 0.0744673 0.0680448 -0.246001 1 0 0 0 0 0 0 0
246 1 0.1 5.63097 3.50678 0.398798 -0.070124 -0.0169734 -0.0401914 1.50288 2.6585 0.167338 1 0 0 0 0 0 0 0
247 1 0.1 6.12661 4.57028 0.38905 -0.0165089 0.0071492 0.00374413 -0.00379173 -0.109731 -0.122929 1 0 0 0 0 0 0 0
248 1 0.1 6.17322 4.76277 0.415118 -9.01079e-05 0.00333814 0.00586382 0.0110331 0.0544936 -0.0556574 1 0 0 0 0 0 0 0
249 1 0.1 6.36207 4.82838 0.414394 0.000998734 0.000280289 -0.00431698 0.030616 0.0670494 0.0258094 1 0 0 0 0 0 0 0
250 1 0.1 6.12955 0.892907 0.55008 -0.00770454 0.0101863 -0.000301607 0.00464813 0.0175031 0.137307 1 0 0 0 0 0 0 0
251 1 0.1 5.98835 1.03447 0.548688 -0.0113372 0.00498654 -0.00196344 -0.0132836 0.0111118 0.0731126 1 0 0 0 0 0 0 0
252 1 0.1 5.84856 1.17696 0.559726 -0.00745408 0.011263 0.00265079 0.0504432 0.0629597 0.215676 1 0 0 0 0 0 0 0
253 1 0.1 5.65162 1.36359 0.549953 -0.000412824 -0.000338743 -0.00195874 -0.0409691 -0.00661301 0.0091094 1 0 0 0 0 0 0 0
254 1 0.1 5.51039 1.50511 0.551784 -0.000684773 -0.00323224 -0.00561588 -0.0309905 0.0432903 -0.00717533 1 0 0 0 0 0 0 0
255 1 0.1 5.2288 1.78836 0.550034 0.00335029 0.00248234 -0.027789 -0.249553 -0.115986 -0.0315891 1 0 0 0 0 0 0 0
256 1 0.1 5.08674 1.92863 0.547255 0.00552072 0.0025868 -0.0276967 0.0583341 0.35209 -0.000120946 1 0 0 0 0 0 0 0
257 1 0.1 4.94812 2.07034 0.565183 -0.000134205 -0.00314951 -0.000230654 -0.12447 0.0292865 0.0179437 1 0 0 0 0 0 0 0
258 1 0.1 4.80708 2.2112 0.563175 0.00173568 -0.000566752 0.00133969 0.0388229 0.00847559 -4.07867e-05 1 0 0 0 0 0 0 0
259 1 0.1 4.65924 2.36034 0.556439 0.00685376 -0.0095214 0.00440684 -0.0618027 -0.0809348 -0.092087 1 0 0 0 0 0 0 0
260 1 0.1 4.46204 2.55589 0.55383 0.000860878 -0.0013213 0.00415463 -0.0498086 0.0403726 0.215505 1 0 0 0 0 0 0 0
261 1 0.1 4.24993 2.77032 0.545319 -0.0102267 0.00261955 0.00404536 0.00333464 -0.0619768 0.0598276 1 0 0 0 0 0 0 0
262 1 0.1 4.19303 2.96195 0.55017 0.000456093 0.00278533 -0.00040637 0.00118187 0.00371496 0.0186636 1 0 0 0 0 0 0 0
263 1 0.1 4.19306 3.16477 0.55 -8.78843e-06 0.000114892 -1.51576e-06 3.65388e-05 -0.00021321 0.00119085 1 0 0 0 0 0 0 0
264 1 0.1 4.33665 3.3145 0.549397 0.000143608 0.000583184 -0.000208983 0.0244978 -0.0437575 0.0767305 1 0 0 0 0 0 0 0
265 1 0.1 4.52638 3.50948 0.548729 0.00401895 0.00161817 -0.00486789 -0.0158157 0.120108 0.0136531 1 0 0 0 0 0 0 0
266 1 0.1 4.69942 3.67608 0.546868 0.0267858 0.0223523 0.0101682 0.0165421 -0.070871 0.00958672 1 0 0 0 0 0 0 0
267 1 0.1 4.84116 3.80802 0.502804 0.0545414 -0.00543351 0.00695197 -0.0445743 0.30575 -0.222893 1 0 0 0 0 0 0 0
268 1 0.1 4.99119 3.96849 0.547927 -0.0149935 -0.0150705 -0.0128949 0.144842 0.0584205 -0.343026 1 0 0 0 0 0 0 0
269 1 0.1 5.14792 4.0919 0.556143 -0.0239822 -0.00112447 -0.00591016 0.0583355 -0.0138348 0.452153 1 0 0 0 0 0 0 0
270 1 0.1 5.39731 4.37273 0.544165 -0.000293874 -0.0020065 0.00437438 -0.00240049 -0.0725384 0.000357533 1 0 0 0 0 0 0 0
271 1 0.1 5.53765 4.51502 0.550062 -0.0011871 -0.00120326 0.000790679 -0.0625931 0.0643319 -0.00487578 1 0 0 0 0 0 0 0
272 1 0.1 5.69941 4.66741 0.545663 0.00761127 -0.00909837 -0.00217833 0.0547886 0.020398 0.0636026 1 0 0 0 0 0 0 0
273 1 0.1 5.83638 4.81274 0.549927 -0.000336215 -0.000984086 -7.89654e-05 0.0126719 0.00621037 0.0157469 1 0 0 0 0 0 0 0
274 1 0.1 6.06492 5.04374 0.551379 0.000576522 -0.00187782 0.00280312 -0.00802446 0.00318372 -0.0917187 1 0 0 0 0 0 0 0
275 1 0.1 6.31271 0.709364 0.550136 -0.0322855 0.0256983 0.00329897 0.00122543 0.00126227 0.0026534 1 0 0 0 0 0 0 0
276 1 0.1 6.07692 1.21324 0.536645 -0.0300368 0.00852451 -0.00946789 0.0203917 0.167007 -0.0741687 1 0 0 0 0 0 0 0
277 1 0.1 5.93423 1.34989 0.507649 -0.0217129 0.0172521 0.00838684 0.0394931 0.010307 -0.0669796 1 0 0 0 0 0 0 0
278 1 0.1 5.80436 1.4949 0.551608 -0.00727217 0.0207696 0.0147535 0.0395966 0.00816418 -0.0707335 1 0 0 0 0 0 0 0
279 1 0.1 5.66188 1.63147 0.580692 -0.0152532 0.00618465 -1.28284e-05 -0.0302194 -0.187784 0.206106 1 0 0 0 0 0 0 0
280 1 0.1 5.36895 1.64605 0.549762 0.000564331 -0.00112883 -0.00325449 -0.00834812 0.0290686 -0.0151913 1 0 0 0 0 0 0 0
281 1 0.1 5.23918 2.04914 0.590398 -0.00285409 0.00720955 -0.0282298 -0.400865 -0.56801 0.303146 1 0 0 0 0 0 0 0
282 1 0.1 5.25148 2.2461 0.564616 -0.0103021 0.00705193 -0.0387951 0.289274 0.131983 -0.237068 1 0 0 0 0 0 0 0
283 1 0.1 5.07687 2.19736 0.481995 -0.0267575 0.0161784 -0.0127009 -0.0267849 0.256388 0.274485 1 0 0 0 0 0 0 0
284 1 0.1 4.84861 2.38756 0.483654 -0.000249595 -0.00552784 -0.00586057 -0.106299 0.034014 0.00440383 1 0 0 0 0 0 0 0
285 1 0.1 4.65708 2.56876 0.576851 -8.4422e-05 0.00774059 -0.00558413 0.00489942 0.046362 -0.136448 1 0 0 0 0 0 0 0
286 1 0.1 4.48061 2.75351 0.551636 -0.00921617 -0.000993364 -0.00421573 -0.025603 0.00217303 -0.131629 1 0 0 0 0 0 0 0
287 1 0.1 4.38951 2.92977 0.55499 0.00243524 0.00462385 -0.00372279 0.0114891 0.0200763 0.00423759 1 0 0 0 0 0 0 0
288 1 0.1 4.40246 3.12777 0.557294 0.00492191 0.00408688 -0.00220348 0.00553955 0.00553024 -0.0221258 1 0 0 0 0 0 0 0
289 1 0.1 4.53608 3.31029 0.536386 1.32863e-05 0.00177196 -0.0036831 -0.0285554 0.0677888 -0.0234197 1 0 0 0 0 0 0 0
290 1 0.1 4.71069 3.44556 0.505089 0.00294833 0.00415271 -0.0125193 -0.0453838 -0.0161003 0.0279436 1 0 0 0 0 0 0 0
291 1 0.1 4.8915 3.62227 0.544696 0.00956876 -0.0426272 -0.0569728 0.821939 0.463006 -0.754112 1 0 0 0 0 0 0 0
292 1 0.1 5.02884 3.75992 0.577367 0.043712 -0.0726634 -0.0291403 -0.122105 -0.169749 0.412552 1 0 0 0 0 0 0 0
293 1 0.1 5.17339 3.89407 0.56828 -0.0141299 -0.000771293 -0.00360345 0.036811 -0.258491 0.533308 1 0 0 0 0 0 0 0
294 1 0.1 5.31787 4.19353 0.582123 -0.0252387 0.00546206 -0.0131069 0.297608 0.312879 -0.330458 1 0 0 0 0 0 0 0
295 1 0.1 5.5747 4.28339 0.563679 0.0018094 -0.0085116 -0.0168724 0.28496 0.0993574 -0.0418069 1 0 0 0 0 0 0 0
296 1 0.1 5.71421 4.40756 0.499804 0.00561187 -0.0041363 -0.00256391 0.0256872 0.156307 -0.0970074 1 0 0 0 0 0 0 0
297 1 0.1 5.84545 4.53414 0.574226 0.0108999 -0.00809909 -0.00847966 0.041137 -0.0282977 0.0912807 1 0 0 0 0 0 0 0
298 1 0.1 5.97982 4.67795 0.584988 3.36816e-05 -0.00238465 0.00058595 0.0278291 -0.0306399 0.0168945 1 0 0 0 0 0 0 0
299 1 0.1 6.20553 5.18478 0.55008 -0.000944126 -0.00110236 -6.23469e-05 0.00594456 -0.0174757 0.023707 1 0 0 0 0 0 0 0
300 1 0.1 6.4542 0.568079 0.549416 -0.0338581 0.0229977 0.00986686 0.00464436 -0.0482161 0.0343481 1 0 0 0 0 0 0 0
301 1 0.1 6.21776 1.07386 0.511479 -0.0417261 0.00298021 -0.026783 -0.08085 0.134442 -0.00774601 1 0 0 0 0 0 0 0
302 1 0.1 6.00819 1.53629 0.520166 -0.0345622 0.0057711 0.0145895 -0.619241 -0.242185 0.321972 1 0 0 0 0 0 0 0
303 1 0.1 5.88676 1.68128 0.583297 -0.0544468 0.00778498 -0.0032602 0.212021 0.418313 -0.0581566 1 0 0 0 0 0 0 0
304 1 0.1 5.73936 1.81451 0.598926 -0.0429689 0.0176723 -0.00200956 -0.208399 -0.393352 -0.024851 1 0 0 0 0 0 0 0
305 1 0.1 5.52025 1.77181 0.592017 -0.0225296 -0.0302768 0.00447096 0.284563 -0.00391922 0.0936377 1 0 0 0 0 0 0 0
306 1 0.1 5.38602 1.91699 0.56534 0.00575456 -0.00863725 0.0228277 0.012011 0.0730907 -0.386955 1 0 0 0 0 0 0 0
307 1 0.1 5.31452 2.38847 0.440816 0.0167906 0.0195727 -0.0106134 0.02367 0.082801 -0.122197 1 0 0 0 0 0 0 0
308 1 0.1 5.19796 2.53419 0.564643 -0.07372 -0.037836 -0.229192 0.697775 2.44733 -0.538978 1 0 0 0 0 0 0 0
309 1 0.1 5.01666 2.44344 0.576488 -0.00228168 -0.0079322 -0.00112694 0.0667819 -0.106198 -0.0519623 1 0 0 0 0 0 0 0
310 1 0.1 4.85505 2.56111 0.580288 -0.000648722 -0.00725905 -0.0054231 0.111967 -0.0634692 -0.0191716 1 0 0 0 0 0 0 0
311 1 0.1 4.68248 2.75833 0.518937 0.00355741 0.00516407 -0.0131802 -0.0318811 0.00416834 0.0210965 1 0 0 0 0 0 0 0
312 1 0.1 4.58652 2.93308 0.523603 0.00235886 0.0048018 -0.0109124 0.0211803 0.0560472 -0.00638969 1 0 0 0 0 0 0 0
313 1 0.1 4.6012 3.12521 0.575877 0.00628696 0.00317293 -0.00593911 0.0319006 0.0502477 0.00408706 1 0 0 0 0 0 0 0
314 1 0.1 4.71452 3.28323 0.621823 0.00280021 0.00545368 -0.0103058 -0.0507042 -0.00789094 0.0461295 1 0 0 0 0 0 0 0
315 1 0.1 4.90329 3.44349 0.623151 0.00349083 -0.0571771 -0.0443679 -0.90469 -0.849153 0.874734 1 0 0 0 0 0 0 0
316 1 0.1 5.09323 3.58779 0.49662 -0.00363224 -0.0170872 0.00300615 0.153167 0.500982 0.154864 1 0 0 0 0 0 0 0
317 1 0.1 5.23474 3.70725 0.563987 -0.0203888 0.00753672 -0.0167065 0.101516 -0.168333 -0.0833966 1 0 0 0 0 0 0 0
318 1 0.1 5.36002 3.95989 0.58057 -0.0230576 0.0119551 0.0036571 0.288597 -0.0308294 -0.320878 1 0 0 0 0 0 0 0
319 1 0.1 5.50158 4.09964 0.578188 0.0019044 -0.0102346 -0.00394475 -0.350537 0.0873856 -0.000118161 1 0 0 0 0 0 0 0
320 1 0.1 5.69179 4.03915 0.578744 -0.00601075 -0.0574448 -0.00192072 -0.121402 0.0301338 -0.545063 1 0 0 0 0 0 0 0
321 1 0.1 5.8009 4.20616 0.571081 -0.0194999 -0.0454175 -0.00923634 0.35485 0.460654 0.718366 1 0 0 0 0 0 0 0
322 1 0.1 5.92237 4.35725 0.522837 -0.0236181 -0.0315335 0.0114778 -0.0670338 -0.451338 -0.643846 1 0 0 0 0 0 0 0
323 1 0.1 6.08296 4.84698 0.571879 -0.00418975 -0.000555604 0.00600539 -0.0220434 -0.0615014 0.0401477 1 0 0 0 0 0 0 0
324 1 0.1 6.34762 5.32541 0.553331 -0.00147791 -0.000277771 -0.00182264 0.00503608 0.0222436 -0.0105717 1 0 0 0 0 0 0 0
325 1 0.1 6.4772 0.787086 0.467169 -0.030885 0.00432229 -0.0118826 0.205048 0.249728 -0.323771 1 0 0 0 0 0 0 0
326 1 0.1 6.32686 0.906792 0.52199 -0.00785239 0.0250398 0.00236251 -0.188015 -0.0627639 0.0322813 1 0 0 0 0 0 0 0
327 1 0.1 6.09739 1.6953 0.430456 -0.0166928 -0.0213794 0.0170445 -0.066139 0.278399 0.218028 1 0 0 0 0 0 0 0
328 1 0.1 5.91647 1.90544 0.581719 -0.0443243 0.0251469 0.00231416 -0.261619 -0.388033 0.349373 1 0 0 0 0 0 0 0
329 1 0.1 5.75419 2.02126 0.568321 -0.109401 -0.0722446 -0.133782 1.02598 -1.85657 0.332233 1 0 0 0 0 0 0 0
330 1 0.1 5.57254 1.95947 0.507381 -0.0892956 0.0360328 -0.26955 0.226872 3.08969 0.780552 1 0 0 0 0 0 0 0
331 1 0.1 5.49096 2.12631 0.65061 -0.0397827 -0.00740051 -0.000600964 -0.122162 0.0184042 0.0628287 1 0 0 0 0 0 0 0
332 1 0.1 5.43954 2.24366 0.497622 -0.000598582 0.00502915 -0.00398221 0.30423 -0.54512 0.0250273 1 0 0 0 0 0 0 0
333 1 0.1 5.42235 2.79781 0.451338 0.0583213 0.00126753 0.0112123 0.123704 -0.239522 -0.428774 1 0 0 0 0 0 0 0
334 1 0.1 5.27908 2.72605 0.611713 -0.00934395 -0.0265238 0.018503 0.159488 0.0767132 0.230625 1 0 0 0 0 0 0 0
335 1 0.1 5.03538 2.64547 0.598612 -0.00340138 -0.00623161 0.00376529 -0.0643734 -0.0156791 0.0208941 1 0 0 0 0 0 0 0
336 1 0.1 4.8769 2.76249 0.564691 0.00177955 -0.0017202 -0.00602794 0.0303807 -0.0797951 -0.0857355 1 0 0 0 0 0 0 0
337 1 0.1 4.78468 2.93944 0.549141 -0.0055916 0.016446 0.0481167 0.00436619 -0.648669 0.125683 1 0 0 0 0 0 0 0
338 1 0.1 4.78866 3.13656 0.507352 0.00766128 0.0256454 0.00803859 0.726033 -0.137769 -0.0401384 1 0 0 0 0 0 0 0
339 1 0.1 4.96637 3.29813 0.507301 0.0813947 -0.0232866 -0.0580561 0.0344603 -0.0180324 -0.411904 1 0 0 0 0 0 0 0
340 1 0.1 5.13289 3.39786 0.532599 0.0638304 -0.00392587 -0.037751 0.199273 -0.0592573 0.659804 1 0 0 0 0 0 0 0
341 1 0.1 5.28587 3.5153 0.583237 0.00669428 0.0244651 0.0752673 -0.160289 -1.34664 -0.118342 1 0 0 0 0 0 0 0
342 1 0.1 5.48398 3.52843 0.562014 0.0161034 -0.0825463 0.0620367 -0.340203 1.44615 -0.907589 1 0 0 0 0 0 0 0
343 1 0.1 5.42845 3.74335 0.531773 -0.0185406 -0.0352278 -0.0431877 -0.087692 0.457926 0.00673735 1 0 0 0 0 0 0 0
344 1 0.1 5.55967 3.89356 0.542665 -0.042384 -0.0151496 -0.0321077 0.300289 -0.385367 0.317279 1 0 0 0 0 0 0 0
345 1 0.1 5.72396 3.79272 0.595768 -0.0723985 -0.0547619 -0.0118675 0.189556 -0.0629687 0.410897 1 0 0 0 0 0 0 0
346 1 0.1 5.86249 3.93526 0.572223 -0.00732706 -0.0602572 -0.00784837 -0.146965 -0.0691646 -0.171863 1 0 0 0 0 0 0 0
347 1 0.1 5.99623 4.16407 0.567501 -0.0207437 -0.0483954 -0.00283648 0.474727 -0.682755 -0.778187 1 0 0 0 0 0 0 0
348 1 0.1 6.23852 4.95498 0.507581 -0.00061274 -0.00700994 0.00301902 0.0448126 -0.0238073 0.0294958 1 0 0 0 0 0 0 0
349 1 0.1 6.37969 5.09775 0.504803 0.000246635 0.000950498 0.000504517 0.00549303 -0.00255787 -0.00417661 1 0 0 0 0 0 0 0
350 1 0.1 6.37609 1.1095 0.39472 -0.0264676 -0.00611606 -0.00123148 -0.221581 -0.486819 0.120024 1 0 0 0 0 0 0 0
351 1 0.1 6.32879 1.23125 0.565055 -0.114184 0.0472048 0.0111777 -0.314604 -0.574995 0.562872 1 0 0 0 0 0 0 0
352 1 0.1 6.08159 1.45293 0.685949 -0.0125624 0.0358887 0.0287238 0.381461 0.282926 0.0395963 1 0 0 0 0 0 0 0
353 1 0.1 6.07342 1.74056 0.623611 -0.057442 -0.0109123 0.0118189 0.0445971 -0.892475 -0.940423 1 0 0 0 0 0 0 0
354 1 0.1 5.58115 2.83225 0.276527 -0.00648956 -0.0116225 0.00193693 -0.190692 0.268932 -0.121999 1 0 0 0 0 0 0 0
355 1 0.1 5.64811 2.18881 0.544452 -0.0782709 -0.036654 -0.0651317 0.350042 0.922996 -0.584932 1 0 0 0 0 0 0 0
356 1 0.1 5.61783 2.37808 0.600423 0.00849396 -0.0322604 -0.0110162 0.12601 -0.326531 -0.165223 1 0 0 0 0 0 0 0
357 1 0.1 5.42555 2.43295 0.600312 0.0185536 -0.00343928 -0.00789575 0.116962 -0.0911825 -0.0821927 1 0 0 0 0 0 0 0
358 1 0.1 5.39083 2.60367 0.500055 -0.000642108 -0.000881732 0.0031342 0.21615 -0.186818 -0.172308 1 0 0 0 0 0 0 0
359 1 0.1 5.38565 3.11282 0.473894 0.047406 -0.00387069 0.0166343 -0.225804 0.347693 -0.603297 1 0 0 0 0 0 0 0
360 1 0.1 5.28731 2.9427 0.440188 0.0434607 -0.0103451 0.0217473 0.292529 -0.0990185 0.640283 1 0 0 0 0 0 0 0
361 1 0.1 5.13296 2.78735 0.491226 -0.00247806 -0.0329379 0.0249234 0.00465688 -0.158148 -0.087736 1 0 0 0 0 0 0 0
362 1 0.1 5.02137 2.93758 0.560182 0.0248327 -0.00602236 0.0138254 0.105407 -0.236541 -0.448975 1 0 0 0 0 0 0 0
363 1 0.1 5.00493 3.13131 0.599096 0.0719556 0.00483107 0.000804258 -0.28371 0.422447 -0.0612529 1 0 0 0 0 0 0 0
364 1 0.1 5.21081 3.22125 0.579323 0.00193433 -0.0202801 -0.0105909 -0.264468 -0.0559761 -1.28316 1 0 0 0 0 0 0 0
365 1 0.1 5.19659 3.02374 0.603808 -0.108623 -0.0104636 0.00148899 0.301099 1.5902 0.0368037 1 0 0 0 0 0 0 0
366 1 0.1 5.4039 3.2748 0.588733 0.000350947 0.01713 -0.00547279 -0.0878084 -0.699896 0.919729 1 0 0 0 0 0 0 0
367 1 0.1 5.55153 3.13599 0.582791 0.0440945 -0.0416942 0.0285674 -0.241413 -0.567088 -0.165572 1 0 0 0 0 0 0 0
368 1 0.1 5.57125 3.35494 0.514414 0.0132718 -0.053633 -0.0499816 -0.632517 0.882609 -1.44061 1 0 0 0 0 0 0 0
369 1 0.1 5.66711 3.60105 0.594916 0.038228 -0.0898274 -0.0397645 -0.0573344 -0.508954 0.752484 1 0 0 0 0 0 0 0
370 1 0.1 5.69054 2.99921 0.264419 0.00966496 -0.0209328 -0.0111047 -0.0537868 0.014206 0.0633433 1 0 0 0 0 0 0 0
371 1 0.1 5.8816 3.80234 0.720359 -0.0677202 -0.0284065 0.0248565 -0.177752 -0.348899 0.264501 1 0 0 0 0 0 0 0
372 1 0.1 6.05988 4.49564 0.566535 -0.0360628 -0.0194286 0.0299929 -0.48376 -0.367668 0.609309 1 0 0 0 0 0 0 0
373 1 0.1 6.17832 4.65583 0.583991 -0.00322125 -0.0337091 -0.017174 0.43619 0.153045 -0.316023 1 0 0 0 0 0 0 0
374 1 0.1 6.31343 4.80071 0.610444 -0.0274873 -0.0150546 0.0131412 0.430637 0.330812 0.744809 1 0 0 0 0 0 0 0
375 1 0.1 6.12739 0.895555 0.750051 -0.056284 0.0661226 -0.00115507 0.0131787 0.0260623 0.892251 1 0 0 0 0 0 0 0
376 1 0.1 5.93339 1.08284 0.749252 -0.00885751 0.0185159 -0.0050763 -0.166981 0.0061772 -0.0364099 1 0 0 0 0 0 0 0
377 1 0.1 5.7937 1.22508 0.761071 -0.00909742 0.0120844 -0.0120342 -0.0508936 0.116633 0.116163 1 0 0 0 0 0 0 0
378 1 0.1 5.64948 1.36696 0.750076 -0.00576611 0.00914192 0.000438511 0.000222836 -0.00594104 0.116706 1 0 0 0 0 0 0 0
379 1 0.1 5.50755 1.51086 0.75343 -7.43064e-05 0.00443783 -5.88598e-05 -0.00109809 0.00247908 0.00170707 1 0 0 0 0 0 0 0
380 1 0.1 5.25578 1.76701 0.749495 -0.0290467 0.0252538 -0.00522894 -0.132522 -0.0747163 0.358077 1 0 0 0 0 0 0 0
381 1 0.1 5.08516 1.93028 0.750113 0.000790947 -0.00343689 0.000557154 0.00644789 -0.00924693 -0.0161159 1 0 0 0 0 0 0 0
382 1 0.1 4.94591 2.07549 0.763366 9.18955e-05 0.00438513 -9.50557e-05 0.0453506 0.00650113 0.00159074 1 0 0 0 0 0 0 0
383 1 0.1 4.76722 2.25693 0.753557 -0.000366479 -0.0024443 0.000577535 -0.00417306 -0.00874997 -0.00168522 1 0 0 0 0 0 0 0
384 1 0.1 4.6257 2.3976 0.749934 0.00113058 -0.0017141 0.000127215 0.000449917 -0.00266656 -0.0205054 1 0 0 0 0 0 0 0
385 1 0.1 4.43359 2.58837 0.750091 0.00318873 -0.00171462 -8.33939e-05 0.00130932 -0.000432127 -0.019974 1 0 0 0 0 0 0 0
386 1 0.1 4.26678 2.75613 0.74999 0.00850859 -0.00688558 -0.000414252 -0.00139987 -0.00111855 -0.104907 1 0 0 0 0 0 0 0
387 1 0.1 4.19311 2.94193 0.749952 0.00679153 -0.00656221 -3.27351e-05 -0.00149093 -0.00154229 -0.10006 1 0 0 0 0 0 0 0
388 1 0.1 4.19332 3.14149 0.749931 0.00017137 -0.00656787 -0.000467316 0.0104347 0.00327541 -0.0812883 1 0 0 0 0 0 0 0
389 1 0.1 4.31641 3.29914 0.749938 0.0024029 -0.0010326 -5.35396e-05 0.00224206 -2.64126e-05 0.0150706 1 0 0 0 0 0 0 0
390 1 0.1 4.51835 3.50233 0.74825 0.00323567 0.00289699 -0.00463478 -0.00545709 -0.0372977 0.022923 1 0 0 0 0 0 0 0
391 1 0.1 4.66059 3.64085 0.760955 0.000649921 0.00210047 -0.00522136 0.024795 0.0532388 -0.0263154 1 0 0 0 0 0 0 0
392 1 0.1 4.80088 3.78264 0.753369 -0.00100285 0.00296816 -0.00887892 0.0278715 0.0473432 0.0384493 1 0 0 0 0 0 0 0
393 1 0.1 5.07691 4.05419 0.743247 0.00118218 0.000883059 0.000732743 0.0176367 -0.0192208 0.0127778 1 0 0 0 0 0 0 0
394 1 0.1 5.21766 4.19544 0.755009 0.00228954 0.00177342 0.0011715 -0.0311636 1.83695e-05 -0.0121952 1 0 0 0 0 0 0 0
395 1 0.1 5.49928 4.47849 0.749961 -4.94886e-05 -0.00011436 0.000191046 0.0113984 -0.0102072 0.00505557 1 0 0 0 0 0 0 0
396 1 0.1 5.6457 4.6271 0.749981 -0.00234344 -0.000702088 3.10659e-05 -3.78774e-05 -0.00231249 -0.0149503 1 0 0 0 0 0 0 0
397 1 0.1 5.7871 4.76843 0.749856 -0.00233009 -0.00139193 0.00052825 -0.000765219 -0.00515254 -0.00906213 1 0 0 0 0 0 0 0
398 1 0.1 5.92849 4.90977 0.750095 -0.0020901 -0.00253693 0.00048041 -0.00138255 6.44176e-05 0.00117226 1 0 0 0 0 0 0 0
399 1 0.1 6.07008 5.05096 0.751152 -0.00124087 -0.00404246 0.00315473 -0.0190635 -0.0302806 -0.0492678 1 0 0 0 0 0 0 0
400 1 0.1 6.39575 0.628122 0.749061 -0.0386004 0.0364222 0.00462256 -0.232495 -0.310103 0.453149 1 0 0 0 0 0 0 0
401 1 0.1 6.12319 1.08536 0.687252 -0.0164796 0.0608971 -0.0181695 -0.174841 0.142244 0.578375 1 0 0 0 0 0 0 0
402 1 0.1 5.97109 1.28684 0.694227 -0.0091088 0.0289141 -0.00986769 0.225845 -0.0907311 -0.00335476 1 0 0 0 0 0 0 0
403 1 0.1 5.86205 1.43988 0.762517 -0.0344209 0.00650949 -0.000458627 0.0423269 0.0194387 -0.199051 1 0 0 0 0 0 0 0
404 1 0.1 5.70179 1.55927 0.762588 -0.0281998 0.0142359 0.00204164 0.0169037 -0.048607 0.140386 1 0 0 0 0 0 0 0
405 1 0.1 5.44429 1.70029 0.762537 -0.0843014 -0.0143263 -0.00464809 -0.314916 -0.370871 -0.151617 1 0 0 0 0 0 0 0
406 1 0.1 5.28862 1.96359 0.763092 -0.0320442 0.023494 -0.00297853 0.19895 0.298068 -0.321895 1 0 0 0 0 0 0 0
407 1 0.1 5.15563 2.11639 0.762516 -0.0153663 -0.00339298 0.00145782 -0.147327 -0.416697 0.131846 1 0 0 0 0 0 0 0
408 1 0.1 5.1172 2.30226 0.700604 -0.000363561 -0.0077954 -0.0123407 0.181629 -0.00507122 0.0226061 1 0 0 0 0 0 0 0
409 1 0.1 4.93305 2.36656 0.741083 0.00101931 -0.00973488 -0.000464957 0.0433066 0.0416892 -0.0537507 1 0 0 0 0 0 0 0
410 1 0.1 4.73062 2.56635 0.762621 -0.00429571 -0.00167816 -0.00091771 0.018527 0.0187475 0.0676598 1 0 0 0 0 0 0 0
411 1 0.1 4.51172 2.77142 0.758456 0.0114334 -0.00308393 0.000238049 0.00363533 -0.00324417 0.00236651 1 0 0 0 0 0 0 0
412 1 0.1 4.39091 2.92898 0.755241 0.025728 -0.0085112 0.000421792 0.0043472 -0.00806742 0.0120669 1 0 0 0 0 0 0 0
413 1 0.1 4.41607 3.12678 0.762513 0.0158015 -0.00227942 0.000612617 -0.000901058 -0.0123522 0.0592241 1 0 0 0 0 0 0 0
414 1 0.1 4.51588 3.3028 0.762503 0.000636857 0.000487773 6.65342e-05 0.00276395 -0.00240767 0.0059955 1 0 0 0 0 0 0 0
415 1 0.1 4.70995 3.44986 0.73174 0.00473493 0.00280526 -0.00655494 0.0567716 0.0455657 -0.0396212 1 0 0 0 0 0 0 0
416 1 0.1 4.8531 3.58778 0.761813 -0.00806182 -0.028939 -0.0122741 0.0411716 -0.00128338 -0.303464 1 0 0 0 0 0 0 0
417 1 0.1 4.97231 3.88408 0.739662 -0.00145985 0.00286828 -0.0074333 0.0578439 -0.0142103 -0.0433197 1 0 0 0 0 0 0 0
418 1 0.1 5.19938 3.89376 0.763436 -0.0117712 0.0086463 -0.00324175 0.218074 0.0462385 -0.161326 1 0 0 0 0 0 0 0
419 1 0.1 5.35982 4.33564 0.761321 -0.000179691 0.000976982 -0.00114471 0.0124065 0.00561287 -0.0109946 1 0 0 0 0 0 0 0
420 1 0.1 5.6194 4.31406 0.761128 0.00258217 -0.0160462 -0.0142277 0.112732 -0.0746287 0.226949 1 0 0 0 0 0 0 0
421 1 0.1 5.75532 4.46048 0.762502 -0.0100113 -0.00220317 -1.44258e-05 0.00485428 -0.00623911 -0.0361693 1 0 0 0 0 0 0 0
422 1 0.1 5.8968 4.60173 0.762503 -0.0077598 -0.00368115 0.000210806 -0.000619293 0.00522638 -0.00487986 1 0 0 0 0 0 0 0
423 1 0.1 6.04386 4.73888 0.762764 0.00150851 -0.00115241 -0.000605617 -0.0382299 0.0707685 0.00044956 1 0 0 0 0 0 0 0
424 1 0.1 6.21537 5.19896 0.74998 8.6793e-05 0.000206005 -0.000225112 0.00290915 0.001709 0.00204303 1 0 0 0 0 0 0 0
425 1 0.1 6.53707 0.486659 0.750042 -0.038007 0.0357835 -0.00109961 0.0929978 0.0988521 0.0946384 1 0 0 0 0 0 0 0
426 1 0.1 6.29596 1.01086 0.754428 -0.037738 0.0557851 0.0311483 0.230905 -0.73766 -0.610656 1 0 0 0 0 0 0 0
427 1 0.1 6.15775 1.26744 0.762388 -0.0165119 0.0437837 0.0253115 0.187374 -0.322465 0.329983 1 0 0 0 0 0 0 0
428 1 0.1 5.97161 1.60699 0.755963 -0.0607028 0.0215782 -0.0339513 -0.37474 -0.0163053 -0.121879 1 0 0 0 0 0 0 0
429 1 0.1 5.81139 1.72626 0.762823 -0.0502779 0.0250341 -0.00101456 0.247808 0.514746 0.0556451 1 0 0 0 0 0 0 0
430 1 0.1 5.62693 1.80839 0.762982 -0.0388682 0.0106015 -0.00125579 0.122511 0.387478 0.19957 1 0 0 0 0 0 0 0
431 1 0.1 5.48592 1.94755 0.739181 -0.0458999 -0.0039589 0.00739124 0.0246333 -0.39185 0.00628292 1 0 0 0 0 0 0 0
432 1 0.1 5.33367 2.20484 0.745552 -0.0216843 0.000312519 0.0127249 -0.0180942 0.233217 -0.0721046 1 0 0 0 0 0 0 0
433 1 0.1 5.29533 2.40076 0.75498 -0.00971183 0.00123872 -0.00261566 -0.209376 0.139115 0.0125597 1 0 0 0 0 0 0 0
434 1 0.1 5.11754 2.4916 0.762757 -0.00523773 -0.00828906 -0.000672334 -0.0907997 0.0466035 0.0221948 1 0 0 0 0 0 0 0
435 1 0.1 4.93206 2.56471 0.76315 -0.00411857 -0.0113658 -0.00158434 -0.0563981 -0.026757 0.0839803 1 0 0 0 0 0 0 0
436 1 0.1 4.71023 2.76422 0.75897 -0.00021745 -0.00834086 -0.00158923 -0.00893222 0.0138142 -0.0915102 1 0 0 0 0 0 0 0
437 1 0.1 4.58785 2.9596 0.746193 0.0505768 0.0389428 -0.0101784 0.0926167 0.133482 0.492229 1 0 0 0 0 0 0 0
438 1 0.1 4.67107 3.1406 0.762541 -0.0105933 0.0644214 -0.000776928 0.0644351 -0.0229872 0.13556 1 0 0 0 0 0 0 0
439 1 0.1 4.85446 3.31795 0.764402 0.00974452 0.00887846 0.00447209 -0.287285 0.0409149 0.0921453 1 0 0 0 0 0 0 0
440 1 0.1 5.03438 3.50379 0.762131 -0.0250244 -0.0647194 -0.0194158 0.0791887 0.0237874 -0.0924341 1 0 0 0 0 0 0 0
441 1 0.1 5.07244 3.70053 0.762773 -0.0726876 -0.053688 0.00115037 -0.535232 0.72613 -0.821263 1 0 0 0 0 0 0 0
442 1 0.1 5.27068 3.6794 0.758624 -0.0759749 -0.056903 -0.0151969 0.329134 -0.543345 0.790003 1 0 0 0 0 0 0 0
443 1 0.1 5.33658 4.0354 0.763372 -0.00631231 -0.00381473 0.00384498 -0.0170007 -0.00844147 0.0446165 1 0 0 0 0 0 0 0
444 1 0.1 5.48039 4.17087 0.76307 -0.000941576 -0.0148498 0.00109284 0.0798524 0.0208862 -0.14935 1 0 0 0 0 0 0 0
445 1 0.1 5.67338 4.11935 0.76198 -0.0171248 -0.0746538 -0.012906 0.146713 0.0614101 -0.465752 1 0 0 0 0 0 0 0
446 1 0.1 5.81257 4.26287 0.762502 -0.013637 -0.0776899 0.000161384 0.053279 -0.0417375 0.419746 1 0 0 0 0 0 0 0
447 1 0.1 5.95484 4.40309 0.756128 -0.081246 -0.00748891 -0.00954698 -0.00511167 0.228816 0.553782 1 0 0 0 0 0 0 0
448 1 0.1 6.18468 4.8798 0.76284 -6.46038e-05 -0.000424754 0.000499501 -0.0194789 0.0119346 0.0125551 1 0 0 0 0 0 0 0
449 1 0.1 6.38832 5.36497 0.7486 -0.000157313 3.09732e-05 0.000448172 -0.00121653 -0.00463275 -6.27088e-05 1 0 0 0 0 0 0 0
450 1 0.1 6.539 0.721525 0.645624 -0.0341687 0.0278729 0.000186886 -0.582242 -0.173089 0.0070016 1 0 0 0 0 0 0 0
451 1 0.1 6.37204 0.826164 0.762533 -0.0885521 0.0323595 -0.000375575 0.148562 0.650275 0.0589236 1 0 0 0 0 0 0 0
452 1 0.1 6.34793 1.2063 0.762541 -0.0120796 0.0497217 0.000353154 0.387412 0.407727 -0.261332 1 0 0 0 0 0 0 0
453 1 0.1 6.17104 1.61939 0.761754 -0.0718641 0.14368 -0.0101641 -0.148595 -0.253258 1.32813 1 0 0 0 0 0 0 0
454 1 0.1 5.97401 1.84388 0.762744 -0.0377873 0.0266863 0.00119803 0.264924 0.372406 -0.207525 1 0 0 0 0 0 0 0
455 1 0.1 5.78772 1.92703 0.756988 -0.0445411 0.011237 0.00614897 0.15914 -0.226904 -0.0818982 1 0 0 0 0 0 0 0
456 1 0.1 5.6456 2.06744 0.762558 -0.0416878 0.0110217 0.000394034 -0.0314628 0.00679512 0.0359696 1 0 0 0 0 0 0 0
457 1 0.1 5.49896 2.31583 0.761776 -0.00703686 -0.0219547 -0.000743586 0.0173973 -0.0725501 -0.220692 1 0 0 0 0 0 0 0
458 1 0.1 5.50653 2.5155 0.762817 0.0125259 -0.01579 0.00086009 -0.010269 -0.0172222 0.014147 1 0 0 0 0 0 0 0
459 1 0.1 5.32874 2.60619 0.762772 0.0088773 -0.0197858 0.00356197 -0.0817208 -0.016585 0.0728377 1 0 0 0 0 0 0 0
460 1 0.1 5.14692 2.68856 0.758921 0.00600991 -0.0145046 -0.000206435 0.0957264 -0.0260024 -0.112643 1 0 0 0 0 0 0 0
461 1 0.1 4.90865 2.76128 0.762075 -0.00848344 -0.0166309 -0.00421383 -0.00793613 0.000763024 -0.0327837 1 0 0 0 0 0 0 0
462 1 0.1 4.78708 2.95231 0.758933 0.0811972 0.21683 0.0105576 -0.0380486 -0.336054 1.30544 1 0 0 0 0 0 0 0
463 1 0.1 4.89358 3.12259 0.763584 0.0534433 0.0144925 -0.000767548 0.0695284 -0.519028 0.35263 1 0 0 0 0 0 0 0
464 1 0.1 5.05337 3.30265 0.752884 0.00695054 -0.0404953 -0.026942 0.0478992 0.299362 -0.580441 1 0 0 0 0 0 0 0
465 1 0.1 5.21554 3.41937 0.760046 -0.00514971 -0.0213675 -0.0230573 0.156337 -0.0923096 0.567714 1 0 0 0 0 0 0 0
466 1 0.1 5.42683 3.36968 0.762665 -0.0484514 0.0174814 -0.000334546 0.15994 0.48582 -0.284904 1 0 0 0 0 0 0 0
467 1 0.1 5.43711 3.56913 0.762586 -0.02892 0.0166131 0.000449985 -0.10267 0.206715 0.0924526 1 0 0 0 0 0 0 0
468 1 0.1 5.39577 3.83244 0.730422 -0.139342 0.000117276 0.0193971 -0.299482 0.0303086 0.119542 1 0 0 0 0 0 0 0
469 1 0.1 5.5309 3.97931 0.738005 -0.0941996 -0.0404506 0.0107251 0.146559 -0.070502 -0.732292 1 0 0 0 0 0 0 0
470 1 0.1 5.85643 4.04134 0.74276 -0.0556055 -0.147675 -0.0816992 0.0903335 0.588443 -0.357474 1 0 0 0 0 0 0 0
471 1 0.1 6.02329 4.19742 0.762609 -0.0376357 -0.0538432 0.000173785 -0.531959 0.381427 -0.011056 1 0 0 0 0 0 0 0
472 1 0.1 6.14848 4.35314 0.756863 -0.0834974 -0.0213231 -0.0632415 0.144757 0.152588 0.568911 1 0 0 0 0 0 0 0
473 1 0.1 6.31763 5.02744 0.742068 -0.000386156 4.43014e-05 -0.000194317 0.0068641 -0.0174871 -0.00749242 1 0 0 0 0 0 0 0
474 1 0.1 6.42834 5.18167 0.679655 0.000255485 -5.19325e-06 0.00088023 -0.00295979 0.00432433 0.00476363 1 0 0 0 0 0 0 0
475 1 0.1 6.56729 0.881215 0.762517 -0.0380346 0.0292866 -0.000472416 0.515679 -0.136466 -0.183741 1 0 0 0 0 0 0 0
476 1 0.1 6.48852 1.06463 0.751747 -0.0319479 0.0306254 -0.0345752 -1.22441 0.928613 0.0674203 1 0 0 0 0 0 0 0
477 1 0.1 5.79992 2.31975 0.515706 -0.927998 1.13575 -0.26233 -1.01757 1.5344 12.9031 1 0 0 0 0 0 0 0
478 1 0.1 6.26537 1.43715 0.762597 0.00237808 0.0124966 -0.00210478 0.119754 0.0469403 -0.0757227 1 0 0 0 0 0 0 0
479 1 0.1 5.54027 2.9856 0.760704 0.00640692 -0.0101477 -0.0046183 0.043304 0.0420358 -0.0156298 1 0 0 0 0 0 0 0
480 1 0.1 5.82206 2.14523 0.709821 -0.110085 -0.0147519 -0.252475 0.852821 3.23097 -0.533386 1 0 0 0 0 0 0 0
481 1 0.1 5.6975 2.29247 0.762541 -0.00668109 -0.0177546 0.000945766 -0.208068 0.075185 0.293388 1 0 0 0 0 0 0 0
482 1 0.1 5.70532 2.49446 0.760971 0.00521079 -0.0804792 -0.00957584 0.0211923 0.122732 -0.665788 1 0 0 0 0 0 0 0
483 1 0.1 5.48137 2.72981 0.628304 0.0207275 -0.0217556 0.00754106 0.0190158 -0.00202904 0.0579601 1 0 0 0 0 0 0 0
484 1 0.1 5.41839 2.96003 0.598415 0.0150817 -0.0112174 0.00873239 0.222473 0.001199 -0.0880615 1 0 0 0 0 0 0 0
485 1 0.1 5.39438 2.84894 0.762746 0.00799992 -0.0151948 0.000328845 -0.141884 -0.0652121 0.0499453 1 0 0 0 0 0 0 0
486 1 0.1 5.19827 2.88011 0.742275 0.00613027 -0.0194496 -0.0082622 -0.18038 0.0302828 -0.0069151 1 0 0 0 0 0 0 0
487 1 0.1 5.00672 2.93153 0.760606 -0.000320182 -0.0292438 -0.00901342 -0.0474639 0.012169 -0.109834 1 0 0 0 0 0 0 0
488 1 0.1 5.09813 3.10526 0.766017 -0.00287162 -0.0371928 0.0116355 0.00131217 -0.397153 0.0572583 1 0 0 0 0 0 0 0
489 1 0.1 5.28236 3.23099 0.763317 0.000345822 -0.0204369 -0.00217527 -0.2127 -0.0641058 0.0364536 1 0 0 0 0 0 0 0
490 1 0.1 5.32259 3.03538 0.762541 0.00355442 -0.0181203 0.000466804 0.194453 -0.0581775 0.000894149 1 0 0 0 0 0 0 0
491 1 0.1 5.47365 3.1741 0.762829 0.00490441 -0.0140922 0.00251722 -0.0179902 0.145014 0.077949 1 0 0 0 0 0 0 0
492 1 0.1 5.60909 3.30946 0.70544 -0.0340367 0.0117214 -0.0261075 0.0767704 0.354552 0.257624 1 0 0 0 0 0 0 0
493 1 0.1 5.56221 3.725 0.757346 -0.097146 0.0736062 0.0474094 0.480708 -0.486894 0.792704 1 0 0 0 0 0 0 0
494 1 0.1 5.7138 3.90258 0.762517 -0.108789 -0.0805178 0.000588301 0.0517593 0.100504 0.318628 1 0 0 0 0 0 0 0
495 1 0.1 5.62483 3.50044 0.762503 -0.0335937 0.00479995 -0.000378093 0.205104 -0.235557 -0.221098 1 0 0 0 0 0 0 0
496 1 0.1 5.76724 3.64388 0.762539 -0.0513629 -0.0442301 0.000355914 0.00227288 -0.323936 0.0949581 1 0 0 0 0 0 0 0
497 1 0.1 6.09492 4.54573 0.75907 -0.0685273 -0.0187959 -0.0218463 0.201746 0.14428 -0.717521 1 0 0 0 0 0 0 0
498 1 0.1 6.26504 4.67961 0.762534 -0.0367596 -0.0327675 -0.000233136 -0.285225 -0.151115 0.212507 1 0 0 0 0 0 0 0
499 1 0.1 6.42788 4.86192 0.762516 -0.0116641 -0.0071996 -0.000487073 -0.0685953 0.116501 -0.139813 1 0 0 0 0 0 0 0
