500
0 1 0.1 6.00614 1.00835 0.149992 0.000367707 -0.000360717 -0.000152241 0.00328204 0.000907179 -0.00945804 1 0 0 0 0 0 0 0
1 1 0.1 5.86165 1.15493 0.150001 4.16248e-05 -0.000104877 -1.39535e-05 8.53922e-05 -1.90648e-05 -0.000384918 1 0 0 0 0 0 0 0
2 1 0.1 5.72025 1.29629 0.149991 9.3513e-05 -0.000218655 3.97836e-05 0.000642309 0.000201202 0.000115971 1 0 0 0 0 0 0 0
3 1 0.1 5.57896 1.43766 0.149711 0.000371046 -0.00063444 0.000884923 0.0129004 -0.00151311 -0.00310784 1 0 0 0 0 0 0 0
4 1 0.1 5.43931 1.58011 0.159483 0.00169619 -0.000734866 0.000926989 -0.00077259 -0.0127159 -0.00822867 1 0 0 0 0 0 0 0
5 1 0.1 5.29913 1.72045 0.137608 0.00108855 -0.00374788 0.00122645 0.0203626 0.000995612 0.0385951 1 0 0 0 0 0 0 0
6 1 0.1 5.15634 1.85906 0.14973 0.0034484 -0.00654528 -0.00305251 -0.0656613 -0.00608841 -0.0854084 1 0 0 0 0 0 0 0
7 1 0.1 5.00363 2.01771 0.148997 -0.0230305 0.0234787 0.0224698 -0.307089 0.183672 -0.488832 1 0 0 0 0 0 0 0
8 1 0.1 4.86076 2.16252 0.144997 -0.000925311 -0.00418543 0.0157853 0.164876 -0.0700187 -0.0171942 1 0 0 0 0 0 0 0
9 1 0.1 4.71271 2.31026 0.150036 -0.000534945 -0.00130402 0.000164614 -0.00272065 -0.00059475 0.00768934 1 0 0 0 0 0 0 0
10 1 0.1 4.45048 2.56918 0.137421 -0.00123283 0.000249859 0.00107264 0.012794 -0.0173276 0.0071737 1 0 0 0 0 0 0 0
11 1 0.1 4.29312 2.72924 0.148329 9.98648e-05 0.00145783 -0.000524391 -0.00610318 0.00364706 0.00981575 1 0 0 0 0 0 0 0
12 1 0.1 4.18964 2.90008 0.139007 -8.24258e-05 0.000328516 -0.000240909 -0.000170144 -0.00184103 0.000246399 1 0 0 0 0 0 0 0
13 1 0.1 4.18858 3.10002 0.143873 0.0111611 0.00140869 -0.0459871 -0.156703 0.458177 -0.0265063 1 0 0 0 0 0 0 0
14 1 0.1 4.29807 3.27381 0.137509 0.024558 0.0407759 0.00651694 -0.448989 0.282921 0.431011 1 0 0 0 0 0 0 0
15 1 0.1 4.44792 3.43252 0.150331 -0.00228697 -0.00125742 0.00358493 0.162682 -0.159276 0.0317221 1 0 0 0 0 0 0 0
16 1 0.1 4.5887 3.57215 0.14791 -0.0164152 0.00275218 0.0542826 -0.292983 -0.508746 -0.0604247 1 0 0 0 0 0 0 0
17 1 0.1 4.79682 3.77272 0.136177 -0.00221088 -0.000658986 0.00146686 -0.0192422 -0.090928 -0.119332 1 0 0 0 0 0 0 0
18 1 0.1 5.02308 4.0059 0.150298 0.00303703 0.00148479 -0.000868535 0.0114671 0.00582948 -0.0279066 1 0 0 0 0 0 0 0
19 1 0.1 5.16378 4.14695 0.150213 0.00387218 0.00265029 0.00183806 -0.0051552 -0.0247418 0.0413495 1 0 0 0 0 0 0 0
20 1 0.1 5.36973 4.25823 0.218183 -0.000182001 0.000617392 -0.00162404 0.00896808 0.00691408 -0.0419104 1 0 0 0 0 0 0 0
21 1 0.1 5.4442 4.4255 0.139088 -0.000557672 0.000244198 -0.000443085 0.00599456 0.0135693 0.0342604 1 0 0 0 0 0 0 0
22 1 0.1 5.63711 4.39756 0.223012 0.0021229 0.000260619 0.00103815 0.00511926 -0.0234031 0.00496194 1 0 0 0 0 0 0 0
23 1 0.1 5.59659 4.57351 0.137534 0.00144454 0.000588586 0.000431579 -0.00612292 0.00649382 0.016239 1 0 0 0 0 0 0 0
24 1 0.1 5.77565 4.75262 0.148619 -0.00051638 -0.00034057 -0.000336308 -0.00273446 0.00442383 -0.00871075 1 0 0 0 0 0 0 0
25 1 0.1 6.29914 0.721669 0.141196 0.00113845 -0.000164884 -0.000703266 -0.00695655 0.0110787 -0.0057367 1 0 0 0 0 0 0 0
26 1 0.1 6.08514 1.23978 0.137009 0.00349624 0.00190794 -0.00127821 -0.0223182 0.0265469 0.0320313 1 0 0 0 0 0 0 0
27 1 0.1 5.91536 1.40848 0.137022 0.00084176 0.00906972 -0.00166703 -0.0471078 0.0164822 -0.0775355 1 0 0 0 0 0 0 0
28 1 0.1 5.86293 1.57954 0.22468 0.00130131 0.00894882 -0.0011951 -0.0543648 0.0406659 -0.0460891 1 0 0 0 0 0 0 0
29 1 0.1 5.62698 1.64509 0.137439 0.00308154 -0.00180252 -2.08895e-06 0.0194784 0.0305774 -0.0141752 1 0 0 0 0 0 0 0
30 1 0.1 5.46663 1.78545 0.225227 -0.00300522 0.0049222 0.00213999 -0.0333817 -0.0213735 0.0522596 1 0 0 0 0 0 0 0
31 1 0.1 5.34662 1.91925 0.137553 -0.00189538 0.00747467 0.00240247 0.147112 0.0622363 -0.152659 1 0 0 0 0 0 0 0
32 1 0.1 5.19842 2.05349 0.136894 -0.0179793 -0.00756175 -0.00124376 0.0924694 -0.291202 0.378393 1 0 0 0 0 0 0 0
33 1 0.1 5.06734 2.20859 0.135159 -0.00981284 0.00219283 0.00491331 0.00865656 -0.0977149 -0.0541403 1 0 0 0 0 0 0 0
34 1 0.1 4.8934 2.33166 0.246182 -0.0721931 0.0206703 -0.000971017 -0.395824 -0.0991229 0.763061 1 0 0 0 0 0 0 0
35 1 0.1 4.81375 2.51024 0.301993 -0.00992907 0.0279442 0.00798082 -1.10843 1.74398 1.39427 1 0 0 0 0 0 0 0
36 1 0.1 4.54872 2.74294 0.146403 -0.00845455 0.00216117 0.0630457 0.489836 -0.358382 0.0643923 1 0 0 0 0 0 0 0
37 1 0.1 4.41216 2.88901 0.136005 -0.00396686 0.00632424 -0.00251353 -0.0214263 -0.0283632 0.050555 1 0 0 0 0 0 0 0
38 1 0.1 4.49105 3.09446 0.136996 0.00376006 0.000228686 -0.00343591 0.0183601 -0.00993895 0.00715109 1 0 0 0 0 0 0 0
39 1 0.1 4.57221 3.27656 0.137322 0.00328113 0.000223247 -0.00248169 -0.0267843 0.0471955 -0.011254 1 0 0 0 0 0 0 0
40 1 0.1 4.71054 3.42028 0.135428 -0.0252173 0.0258978 -0.0055378 0.391773 0.129697 0.232259 1 0 0 0 0 0 0 0
41 1 0.1 4.80543 3.57369 0.218507 -0.00583222 -0.0193373 0.0508737 -0.034612 0.319861 0.170956 1 0 0 0 0 0 0 0
42 1 0.1 4.99246 3.80991 0.13694 -0.0015639 0.000447812 -0.00146027 -0.03236 -0.0958228 -0.0234879 1 0 0 0 0 0 0 0
43 1 0.1 5.33573 3.95275 0.29078 0.00113053 -0.00110981 -0.00130323 0.0598953 -0.0123944 -0.026929 1 0 0 0 0 0 0 0
44 1 0.1 5.35078 4.07757 0.136881 0.00282437 0.000272421 -0.000231287 -0.0147057 0.0288385 0.100289 1 0 0 0 0 0 0 0
45 1 0.1 5.55121 4.239 0.137124 0.00202362 0.00112153 0.000406436 -0.0128663 0.0303865 -0.0483076 1 0 0 0 0 0 0 0
46 1 0.1 5.86772 4.29244 0.137088 -0.000221865 0.00239249 -0.00044117 0.0620035 -0.0308176 -0.00546752 1 0 0 0 0 0 0 0
47 1 0.1 5.91129 4.44428 0.258209 -0.000761224 0.000573004 0.00075464 -0.0311921 -0.00485868 -0.0120687 1 0 0 0 0 0 0 0
48 1 0.1 5.7954 4.55369 0.137474 0.000934272 0.00036227 -0.000340165 0.00065386 0.00338355 -0.0181105 1 0 0 0 0 0 0 0
49 1 0.1 6.07101 5.0522 0.148226 0.000113617 -6.03185e-05 -0.000518818 0.00119656 0.00365303 -0.00168137 1 0 0 0 0 0 0 0
50 1 0.1 6.43989 0.578263 0.150012 0.00196537 -0.0014078 8.92009e-05 -0.000906979 0.00545349 -0.0115782 1 0 0 0 0 0 0 0
51 1 0.1 6.19475 1.07277 0.137457 0.000125866 0.000671652 -0.00048541 -0.0201709 0.000857408 -0.0106099 1 0 0 0 0 0 0 0
52 1 0.1 6.02859 1.64967 0.137467 0.00194896 0.00160953 -0.00343074 -0.0119638 0.00920809 -0.0148994 1 0 0 0 0 0 0 0
53 1 0.1 5.86105 1.75877 0.137193 0.00170241 0.00215901 -0.00181901 0.00164743 0.0113016 0.0084296 1 0 0 0 0 0 0 0
54 1 0.1 5.78841 1.94493 0.137343 -0.0032324 -0.00179501 -5.0527e-05 0.0211466 -0.0316038 0.0557466 1 0 0 0 0 0 0 0
55 1 0.1 5.69864 1.79604 0.247096 0.000457144 0.00411619 -0.00433793 -0.09421 -0.0610113 0.0363981 1 0 0 0 0 0 0 0
56 1 0.1 5.59009 1.92135 0.136386 -0.00250206 -0.00178364 -0.002809 0.0299653 -0.0054809 0.00620779 1 0 0 0 0 0 0 0
57 1 0.1 5.38185 2.13216 0.139809 -0.0239764 0.0160426 0.0138904 -0.0878074 0.132706 -0.126855 1 0 0 0 0 0 0 0
58 1 0.1 5.26659 2.30778 0.137474 -0.0834786 0.0303004 0.00020691 -0.138952 0.386682 0.0679306 1 0 0 0 0 0 0 0
59 1 0.1 5.09319 2.41281 0.139768 -0.0489718 0.0138826 0.0552788 0.0664194 -0.236284 0.169994 1 0 0 0 0 0 0 0
60 1 0.1 4.91256 2.49477 0.133867 -0.0576293 -0.00811213 -0.0148292 0.00599584 -0.738152 -0.360682 1 0 0 0 0 0 0 0
61 1 0.1 4.71602 2.50948 0.134639 -0.0323687 -0.00405319 0.00893924 0.103773 -0.205044 -0.469827 1 0 0 0 0 0 0 0
62 1 0.1 4.60376 2.93329 0.172396 -0.0235903 0.0024241 0.101324 -0.518867 -1.13089 -0.106092 1 0 0 0 0 0 0 0
63 1 0.1 4.68575 3.11667 0.176514 0.00540012 -0.00226655 -0.0138365 0.0598223 0.119814 -0.0155496 1 0 0 0 0 0 0 0
64 1 0.1 4.80791 3.2645 0.281099 -0.00155283 0.0074961 0.00139948 -0.0898416 0.177456 0.00624796 1 0 0 0 0 0 0 0
65 1 0.1 4.90373 3.36888 0.140045 -0.042912 -0.0392518 -0.0675933 -0.210046 0.491831 -0.665565 1 0 0 0 0 0 0 0
66 1 0.1 5.01676 3.61246 0.136528 0.00883036 0.000956698 0.00072903 -0.00603153 0.100604 0.0983235 1 0 0 0 0 0 0 0
67 1 0.1 5.18962 3.89595 0.136477 0.00470177 0.000852223 0.000784284 -0.0055781 0.048618 -0.00287905 1 0 0 0 0 0 0 0
68 1 0.1 5.4657 3.91456 0.138293 0.00704537 0.00415311 -0.00124577 0.0671405 -0.0147642 -0.0221352 1 0 0 0 0 0 0 0
69 1 0.1 5.52947 3.98879 0.323215 0.00263355 -0.00622554 1.58966e-05 -0.015665 0.00484867 -0.0204834 1 0 0 0 0 0 0 0
70 1 0.1 5.7293 4.14828 0.137403 0.00210092 1.47771e-06 -0.00070337 -0.0223023 -0.02389 0.0324189 1 0 0 0 0 0 0 0
71 1 0.1 5.89383 4.04319 0.207467 0.00277655 0.00162446 0.00175777 0.0136656 0.019111 0.0110811 1 0 0 0 0 0 0 0
72 1 0.1 6.02835 4.17344 0.137477 0.000222353 0.00273097 -6.61533e-05 -0.0255207 0.000186228 0.0131206 1 0 0 0 0 0 0 0
73 1 0.1 5.95763 4.67056 0.137609 0.000210099 0.00129408 -0.00218753 -0.00659811 0.0179842 0.0286523 1 0 0 0 0 0 0 0
74 1 0.1 6.26901 5.24611 0.150028 -6.9379e-05 -7.02644e-05 5.28927e-05 0.000582515 -0.00376408 -0.00433729 1 0 0 0 0 0 0 0
75 1 0.1 6.49417 0.77018 0.1374 0.00313843 -0.00216849 0.000473474 0.00831298 0.010853 -0.00117388 1 0 0 0 0 0 0 0
76 1 0.1 6.14752 0.867032 0.150003 0.000169255 -0.000186978 3.84754e-05 0.00151486 0.000100132 -0.000385764 1 0 0 0 0 0 0 0
77 1 0.1 5.99825 1.90125 0.165944 0.00829201 -0.00390212 -0.00301944 -0.020097 -0.00602375 -0.104548 1 0 0 0 0 0 0 0
78 1 0.1 5.89372 2.23899 0.285794 0.00131399 0.0120416 -0.0171251 -0.29509 -0.0254059 0.104109 1 0 0 0 0 0 0 0
79 1 0.1 5.87856 2.45594 0.167756 0.0108441 -0.0890865 0.155748 -0.0522323 -1.72478 -0.831598 1 0 0 0 0 0 0 0
80 1 0.1 5.76816 2.19238 0.137425 -0.0126231 -0.0173231 0.000670256 -0.0250799 -0.0213145 -0.124767 1 0 0 0 0 0 0 0
81 1 0.1 5.58145 2.12098 0.138124 -0.0204747 -0.00190323 0.00156609 -0.0530419 -0.00212043 -0.0484998 1 0 0 0 0 0 0 0
82 1 0.1 5.49124 2.29929 0.137458 -0.00581484 0.00447983 -0.00023648 0.0197324 0.023943 -0.100664 1 0 0 0 0 0 0 0
83 1 0.1 5.54625 2.46305 0.237631 0.00929385 -0.00207055 0.00237141 0.028014 0.0140877 -0.0549826 1 0 0 0 0 0 0 0
84 1 0.1 5.3238 2.50051 0.137398 0.0130513 -0.000257381 -0.000884241 0.00339795 0.120652 -0.00360289 1 0 0 0 0 0 0 0
85 1 0.1 5.14724 2.60077 0.133681 -0.0228494 -0.00475799 -0.00171024 0.191579 0.426057 0.00986282 1 0 0 0 0 0 0 0
86 1 0.1 4.8124 2.6813 0.133069 0.00867722 -0.0344567 -0.0190427 0.393142 -0.0172026 -0.760766 1 0 0 0 0 0 0 0
87 1 0.1 4.9126 2.96802 0.135109 -0.0738648 -0.0116194 0.00173827 0.0654246 0.254761 -0.0390809 1 0 0 0 0 0 0 0
88 1 0.1 4.90396 3.16682 0.136867 -0.020032 -0.00635838 0.0009147 0.0390501 -0.115105 -0.20408 1 0 0 0 0 0 0 0
89 1 0.1 5.07652 3.2678 0.137593 -0.0261748 -0.00398753 0.00167601 0.0470818 0.0136356 -0.0214943 1 0 0 0 0 0 0 0
90 1 0.1 5.1416 3.45663 0.137492 -0.00154869 -0.0108735 0.000719599 -0.061379 -0.0330802 -0.248019 1 0 0 0 0 0 0 0
91 1 0.1 5.21265 3.65145 0.13779 0.00688745 0.00770949 -0.00122831 0.0192107 -0.0780789 -0.0294045 1 0 0 0 0 0 0 0
92 1 0.1 5.3976 3.72711 0.13711 0.00702653 0.00557731 -0.00117822 -0.0544305 0.0636875 0.0091451 1 0 0 0 0 0 0 0
93 1 0.1 5.59343 3.76185 0.157234 0.0058856 0.00438917 0.00938906 -0.0236142 -0.184745 -0.0273198 1 0 0 0 0 0 0 0
94 1 0.1 5.65939 3.96109 0.137409 0.00456825 -6.3533e-06 0.000176084 0.0058111 0.0168466 -0.00644959 1 0 0 0 0 0 0 0
95 1 0.1 5.83472 3.8655 0.137434 0.00380145 0.0012816 7.25707e-05 -0.000761668 0.00358894 0.000333813 1 0 0 0 0 0 0 0
96 1 0.1 5.78999 3.54126 0.445942 0.0105593 -0.00682053 0.0238228 0.309935 -0.0684975 0.0553238 1 0 0 0 0 0 0 0
97 1 0.1 5.9836 3.87464 0.270567 -0.0010468 -0.00356142 0.00633363 0.119315 -0.0804986 0.0333835 1 0 0 0 0 0 0 0
98 1 0.1 5.91684 4.89419 0.149978 -0.000523564 -0.000725595 -0.000253105 0.00125411 -0.00149103 0.00158343 1 0 0 0 0 0 0 0
99 1 0.1 6.29638 5.04846 0.137478 0.000244124 0.000156147 -1.90454e-06 0.000418425 -0.00255929 0.00656576 1 0 0 0 0 0 0 0
100 1 0.1 6.3132 1.21396 0.215006 0.00112516 0.000978812 -0.00251292 0.0105105 0.0212469 0.00861684 1 0 0 0 0 0 0 0
101 1 0.1 6.08001 1.47066 0.231545 0.0032771 0.00808393 -0.00483287 -0.0765153 -0.0158356 -0.00584218 1 0 0 0 0 0 0 0
102 1 0.1 6.0516 1.76357 0.584711 0.0198585 0.0171022 -0.00373086 -0.0677308 0.154951 -0.276082 1 0 0 0 0 0 0 0
103 1 0.1 5.94002 2.09035 0.137475 -0.00466284 -0.00726485 0.00110555 0.0796022 -0.0348872 0.250895 1 0 0 0 0 0 0 0
104 1 0.1 5.79636 2.73638 0.271803 -0.00638104 0.0438382 0.0403197 0.399178 -0.279968 0.457962 1 0 0 0 0 0 0 0
105 1 0.1 5.69661 2.37892 0.137314 0.0034097 -0.00840441 -0.000262248 0.025685 -0.00104166 -0.0576269 1 0 0 0 0 0 0 0
106 1 0.1 5.71817 2.57774 0.137502 0.0103769 -0.00902269 -0.000279753 -0.0065633 0.037993 -0.0430636 1 0 0 0 0 0 0 0
107 1 0.1 5.52654 2.6347 0.137187 0.0122355 -0.00254009 -0.00107851 -0.0378266 -0.0349187 -0.0228508 1 0 0 0 0 0 0 0
108 1 0.1 5.6372 2.62316 0.314641 0.0188528 -0.00692122 0.00259451 -0.00262775 0.078135 -0.0435069 1 0 0 0 0 0 0 0
109 1 0.1 5.43714 2.89545 0.137052 0.0200807 0.00262008 -0.000987495 0.0158968 0.138881 -0.0367663 1 0 0 0 0 0 0 0
110 1 0.1 5.33913 2.7024 0.137412 0.0193887 0.00872505 0.000659648 -0.0879315 0.202945 -0.0862164 1 0 0 0 0 0 0 0
111 1 0.1 5.08946 2.77188 0.201123 0.0219669 0.000749003 0.000942592 -0.211889 0.0994423 -0.250172 1 0 0 0 0 0 0 0
112 1 0.1 5.06847 2.96067 0.25155 -0.0575898 -0.0118124 -0.0369547 0.147165 -0.0249245 0.163663 1 0 0 0 0 0 0 0
113 1 0.1 5.16795 3.09022 0.137232 -0.0273687 -0.00743827 -0.00199695 0.100458 -0.233442 0.0138602 1 0 0 0 0 0 0 0
114 1 0.1 5.29841 3.25936 0.135974 0.00553982 -0.00469285 -0.0023814 0.0179797 0.0706295 -0.0346553 1 0 0 0 0 0 0 0
115 1 0.1 5.3862 3.44815 0.255608 0.0210624 0.00547744 0.00162997 -0.0964682 0.129728 0.0379864 1 0 0 0 0 0 0 0
116 1 0.1 5.52335 3.53195 0.136896 0.0157636 0.00830176 -0.00130685 -0.0898684 0.137459 0.136473 1 0 0 0 0 0 0 0
117 1 0.1 5.68923 3.60076 0.227548 0.0262144 0.000138212 0.0116826 0.0571378 0.000762563 -0.115833 1 0 0 0 0 0 0 0
118 1 0.1 5.68502 3.41231 0.137455 0.0204762 0.00393371 0.00059013 0.0410471 0.0830373 0.00197094 1 0 0 0 0 0 0 0
119 1 0.1 5.50108 3.33419 0.140342 0.0211562 0.00948894 0.00186604 0.0587445 -0.0356587 -0.0497643 1 0 0 0 0 0 0 0
120 1 0.1 5.85485 3.6666 0.137408 0.0174011 0.00270128 -0.00024098 -0.022845 0.166159 0.132474 1 0 0 0 0 0 0 0
121 1 0.1 5.81178 3.28151 0.552921 0.0242815 -0.0123037 0.0167192 0.233912 0.149212 -0.193909 1 0 0 0 0 0 0 0
122 1 0.1 6.0632 4.39626 0.137475 -0.0112065 -0.0283901 -0.000183551 0.227567 -0.0384829 -0.526034 1 0 0 0 0 0 0 0
123 1 0.1 6.07737 4.55555 0.259945 -0.0447009 0.0685111 -0.14793 0.17736 1.90104 0.827941 1 0 0 0 0 0 0 0
124 1 0.1 6.16769 4.75127 0.137307 0.000258465 -0.000234296 -1.03919e-06 0.00429998 0.0032616 -0.00180967 1 0 0 0 0 0 0 0
125 1 0.1 6.07702 0.941882 0.358444 0.00184636 -0.000274811 -0.00479615 -0.0428156 0.047651 0.0196396 1 0 0 0 0 0 0 0
126 1 0.1 5.93571 1.08214 0.341556 0.00239226 0.000975961 -0.00131244 -0.0650778 0.113269 -0.0505716 1 0 0 0 0 0 0 0
127 1 0.1 5.79708 1.22496 0.345328 0.0141254 0.0113334 0.0149911 -0.0836489 0.0421093 0.0390781 1 0 0 0 0 0 0 0
128 1 0.1 5.65376 1.36282 0.342328 0.00163603 -0.00108427 0.00482503 -0.0165698 0.0059136 0.0910818 1 0 0 0 0 0 0 0
129 1 0.1 5.51622 1.5036 0.36134 0.0124407 0.00376175 0.00874974 0.00665973 0.073609 -0.0185364 1 0 0 0 0 0 0 0
130 1 0.1 5.22726 1.7892 0.352344 -0.00553244 0.0132682 0.00869519 0.0204743 0.0750691 -0.0611126 1 0 0 0 0 0 0 0
131 1 0.1 5.06395 1.96037 0.354593 -0.0270063 0.0246948 1.68084e-05 0.319174 0.310109 0.300901 1 0 0 0 0 0 0 0
132 1 0.1 4.99876 2.14058 0.305029 -0.0136223 0.0252158 0.0132189 -0.0949219 0.10851 -0.166257 1 0 0 0 0 0 0 0
133 1 0.1 4.82924 2.19505 0.375993 -0.0142824 0.0301834 0.0129081 -0.0387805 -0.0546717 0.142033 1 0 0 0 0 0 0 0
134 1 0.1 4.77796 2.37319 0.434394 0.0749468 0.0742149 0.0738627 0.842517 -0.120364 -1.36211 1 0 0 0 0 0 0 0
135 1 0.1 4.38031 2.64477 0.308363 -0.016355 0.0113313 -0.00780587 -0.175562 -0.109252 0.179075 1 0 0 0 0 0 0 0
136 1 0.1 4.20595 2.81923 0.34204 0.00132642 -0.0135995 0.0439448 0.456738 -0.169048 -0.0359295 1 0 0 0 0 0 0 0
137 1 0.1 4.19113 3.01632 0.356737 -0.00456873 -0.0117684 6.33705e-05 -1.10105 0.412014 0.0169612 1 0 0 0 0 0 0 0
138 1 0.1 4.2301 3.20272 0.310364 -7.64186e-05 -0.0137968 -0.0286721 1.01085 -0.684011 -0.113018 1 0 0 0 0 0 0 0
139 1 0.1 4.36541 3.34125 0.356904 -0.0046355 -0.0217709 0.0325368 -0.28555 0.0865269 0.199475 1 0 0 0 0 0 0 0
140 1 0.1 4.50666 3.48049 0.334901 -0.0052629 -0.00673825 0.00406683 -0.0552233 0.00590432 -0.0665961 1 0 0 0 0 0 0 0
141 1 0.1 4.64753 3.62194 0.328248 -0.00890656 0.00748539 0.0338801 -0.263483 -0.0683318 -0.224815 1 0 0 0 0 0 0 0
142 1 0.1 4.79553 3.75505 0.33193 -0.00106769 0.000898714 0.0011841 -0.00262688 0.0814807 -0.0281789 1 0 0 0 0 0 0 0
143 1 0.1 4.93164 3.90967 0.351686 4.8848e-05 0.000933131 -0.00200448 0.0134522 0.016087 0.00810409 1 0 0 0 0 0 0 0
144 1 0.1 5.07327 4.0528 0.35083 0.00239795 0.00269031 0.000459083 0.00344482 -0.0142444 0.0402191 1 0 0 0 0 0 0 0
145 1 0.1 5.22437 4.20516 0.344474 0.000604773 0.000344187 -0.00178228 0.0241378 0.0146559 0.0120425 1 0 0 0 0 0 0 0
146 1 0.1 5.40574 4.37547 0.375726 0.000543136 -0.000380997 0.000186939 0.00373088 -0.0131804 0.00460465 1 0 0 0 0 0 0 0
147 1 0.1 5.54241 4.51905 0.350385 -0.00010616 -0.000256083 9.28298e-05 -0.00880988 0.00883082 8.44356e-05 1 0 0 0 0 0 0 0
148 1 0.1 5.72379 4.70435 0.335554 0.000251659 0.00112947 -0.000191004 -0.00534502 0.000528117 0.00392666 1 0 0 0 0 0 0 0
149 1 0.1 6.00603 4.9914 0.349664 -4.76679e-06 -5.96021e-05 0.000139495 0.000173533 -0.00337674 3.65281e-05 1 0 0 0 0 0 0 0
150 1 0.1 6.2167 0.799112 0.350511 9.81157e-05 -0.00226755 -0.00458527 -0.037086 0.0315629 -0.0397634 1 0 0 0 0 0 0 0
151 1 0.1 5.97506 1.29821 0.292684 0.00907662 0.0118411 -0.00391336 -0.158172 0.0562884 0.0445407 1 0 0 0 0 0 0 0
152 1 0.1 5.85603 1.44017 0.366784 0.0116604 0.0143917 -0.00805027 0.0757726 -0.0157648 -0.00493182 1 0 0 0 0 0 0 0
153 1 0.1 5.70014 1.57818 0.339354 0.00382418 0.0199848 0.00482483 0.136322 0.0136424 0.126508 1 0 0 0 0 0 0 0
154 1 0.1 5.552 1.69265 0.407274 -0.00857212 0.00660302 0.00673661 -0.115764 -0.00868361 0.0224699 1 0 0 0 0 0 0 0
155 1 0.1 5.36882 1.64866 0.342352 -0.00810338 0.00980998 0.00734107 -0.0305928 -0.102587 0.0991602 1 0 0 0 0 0 0 0
156 1 0.1 5.32245 2.00349 0.40144 0.00808295 0.0135682 -0.00935009 -0.0445769 -0.125596 0.0134067 1 0 0 0 0 0 0 0
157 1 0.1 5.17902 2.12957 0.379919 -9.21967e-05 0.00506244 -0.00284863 0.239917 0.076916 0.0992493 1 0 0 0 0 0 0 0
158 1 0.1 4.97142 2.32294 0.433322 0.011801 -0.00734408 0.108405 0.951338 -0.506309 -0.0750411 1 0 0 0 0 0 0 0
159 1 0.1 5.01093 2.49669 0.309969 -0.00571597 0.0811435 -0.0970112 0.0113298 -0.644997 -0.873207 1 0 0 0 0 0 0 0
160 1 0.1 4.5931 2.53038 0.286539 -0.0225185 0.0184142 0.00278761 0.0318739 0.270105 -0.10476 1 0 0 0 0 0 0 0
161 1 0.1 4.43628 2.83518 0.326435 -0.0117476 0.00524907 -0.0104123 0.0467125 -0.0231447 -0.274689 1 0 0 0 0 0 0 0
162 1 0.1 4.37653 3.01874 0.280563 0.0268281 0.0112842 0.00655018 0.0140826 0.347696 -0.186457 1 0 0 0 0 0 0 0
163 1 0.1 4.48179 3.18447 0.316563 0.0289972 0.00181145 0.0171094 0.390653 0.0883912 0.233472 1 0 0 0 0 0 0 0
164 1 0.1 4.62577 3.32092 0.336127 0.00960227 0.0107116 0.0168781 -0.157624 0.0652732 0.0191855 1 0 0 0 0 0 0 0
165 1 0.1 4.81474 3.43724 0.389643 0.0261674 0.00673869 0.0243419 0.293656 0.126869 -0.072968 1 0 0 0 0 0 0 0
166 1 0.1 4.97363 3.52655 0.308849 0.0176872 0.00710929 0.0058241 0.00647054 0.0706282 -0.265622 1 0 0 0 0 0 0 0
167 1 0.1 4.99932 3.72447 0.319202 0.0179192 0.00669437 0.00266857 -0.111312 0.11379 0.207519 1 0 0 0 0 0 0 0
168 1 0.1 5.15742 3.87487 0.330615 0.000414153 0.000405604 0.00137566 0.0236044 -0.0733779 -0.0730199 1 0 0 0 0 0 0 0
169 1 0.1 5.22757 3.99517 0.473585 0.00188805 0.000697875 0.00065215 -0.0856761 0.0189514 -0.0174567 1 0 0 0 0 0 0 0
170 1 0.1 5.38311 4.10453 0.412037 0.000667507 0.000258173 -0.00174692 0.0403911 -0.0197421 0.034949 1 0 0 0 0 0 0 0
171 1 0.1 5.6505 4.2174 0.308504 0.00229104 -0.001596 -0.00130708 0.0119364 -0.0113478 -0.00534635 1 0 0 0 0 0 0 0
172 1 0.1 5.79038 4.32596 0.400614 -0.0038216 0.00962839 -0.0124598 -0.117663 -0.164378 -0.061376 1 0 0 0 0 0 0 0
173 1 0.1 5.78923 4.52548 0.39327 0.00117757 0.0032155 -0.00185156 0.0104032 0.00539829 0.0017443 1 0 0 0 0 0 0 0
174 1 0.1 6.14744 5.13267 0.350412 2.38603e-05 5.0836e-05 2.09703e-05 -0.00234934 0.00179549 0.00100518 1 0 0 0 0 0 0 0
175 1 0.1 6.35882 0.656713 0.348943 8.45641e-05 0.000397878 -0.000415968 -0.00338175 0.00432596 -0.00136071 1 0 0 0 0 0 0 0
176 1 0.1 6.12048 1.15252 0.31271 0.00325439 -0.000366134 -0.00237363 0.0549302 -0.0790355 0.0681168 1 0 0 0 0 0 0 0
177 1 0.1 6.00798 1.66023 0.336116 0.00748969 0.0130647 -0.0129487 -0.102466 0.0258699 0.00656342 1 0 0 0 0 0 0 0
178 1 0.1 5.82581 1.72703 0.384255 0.0111631 0.0189764 -0.0102853 -0.0681686 0.293377 -0.0863693 1 0 0 0 0 0 0 0
179 1 0.1 5.72356 1.89189 0.431541 0.0234033 0.0202547 0.0116853 0.135976 -0.134836 0.00818128 1 0 0 0 0 0 0 0
180 1 0.1 5.41323 1.83052 0.412569 -0.00208795 0.0100646 0.00103373 -0.01482 0.0367233 -0.106772 1 0 0 0 0 0 0 0
181 1 0.1 5.48879 1.97422 0.29743 0.00905716 -0.000425403 -0.00167174 0.0168494 0.0708783 -0.13753 1 0 0 0 0 0 0 0
182 1 0.1 5.36029 2.21247 0.371211 0.00209412 0.00401953 0.00105819 0.0102904 0.0845452 -0.0404225 1 0 0 0 0 0 0 0
183 1 0.1 5.14218 2.30191 0.293839 -0.0482617 -7.27038e-05 0.027699 0.0889314 -0.188468 0.535706 1 0 0 0 0 0 0 0
184 1 0.1 5.20813 2.51362 0.299721 0.00734108 0.00135628 -0.00814097 -0.0968373 -0.192385 0.0782214 1 0 0 0 0 0 0 0
185 1 0.1 4.88078 2.66561 0.408128 -0.00972787 -0.00970295 0.0636302 2.34842 -0.267459 -0.708252 1 0 0 0 0 0 0 0
186 1 0.1 4.73871 2.75149 0.297011 0.0219818 -0.0521585 -0.0193668 0.543177 -0.548232 -0.769147 1 0 0 0 0 0 0 0
187 1 0.1 4.59371 2.92658 0.408265 -0.00532692 0.00896671 -0.0200349 -0.170823 0.0792185 0.248251 1 0 0 0 0 0 0 0
188 1 0.1 4.65897 3.11255 0.374657 0.0415603 -0.0018809 -0.00749485 -0.00178704 0.0492533 -0.119883 1 0 0 0 0 0 0 0
189 1 0.1 5.03576 3.13461 0.336063 0.021943 -0.0122162 -0.00901917 -0.247578 -0.185034 0.251048 1 0 0 0 0 0 0 0
190 1 0.1 4.96853 3.31258 0.388088 0.0126761 -0.00524274 -0.0204028 0.11258 0.112549 -0.124425 1 0 0 0 0 0 0 0
191 1 0.1 5.16388 3.57258 0.33441 0.0165276 -0.00622393 0.000518878 -0.0665774 0.0982268 0.150025 1 0 0 0 0 0 0 0
192 1 0.1 5.29548 3.71904 0.307714 0.000700618 0.00156865 -0.00890422 0.115158 -0.152198 -0.0233299 1 0 0 0 0 0 0 0
193 1 0.1 5.47796 3.79607 0.331675 -8.7547e-05 -0.00453963 0.00385291 -0.0110525 0.0505671 -0.0200126 1 0 0 0 0 0 0 0
194 1 0.1 5.66809 3.88809 0.438837 0.00651469 5.06374e-05 0.00360801 -0.0780793 -0.0542249 0.130051 1 0 0 0 0 0 0 0
195 1 0.1 5.7241 4.03213 0.312455 0.00192502 -0.000164733 0.000502755 -0.00308494 -0.0374781 0.00854976 1 0 0 0 0 0 0 0
196 1 0.1 5.84777 4.1367 0.429563 -0.00346843 0.00562182 0.00273692 -0.0186127 -0.00385238 0.0271257 1 0 0 0 0 0 0 0
197 1 0.1 5.95637 4.25729 0.312807 -0.00196796 0.00017732 0.000472746 -0.0104984 0.0196293 -0.0536183 1 0 0 0 0 0 0 0
198 1 0.1 5.86377 4.84678 0.345498 0.000197211 0.000227303 -0.000136114 -0.00036181 0.00123636 -0.00404863 1 0 0 0 0 0 0 0
199 1 0.1 6.28877 5.2741 0.349979 8.29999e-06 9.79312e-05 -7.81214e-05 0.000840278 -0.000377945 0.00101896 1 0 0 0 0 0 0 0
200 1 0.1 6.36565 0.879609 0.24407 0.00316126 -0.00106932 0.000402096 0.00715027 -0.0391641 -0.0316535 1 0 0 0 0 0 0 0
201 1 0.1 6.26492 1.01868 0.345671 0.00442538 0.000496181 0.000186262 0.0278165 -0.0175776 -0.0294937 1 0 0 0 0 0 0 0
202 1 0.1 5.88807 1.98299 0.311377 0.00513987 0.00347891 -0.00885586 -0.0152648 0.0239547 0.0741027 1 0 0 0 0 0 0 0
203 1 0.1 5.64749 2.68458 0.762156 0.00368553 0.00140848 0.00323367 -0.00479174 0.0419196 -0.0198358 1 0 0 0 0 0 0 0
204 1 0.1 5.70184 2.28525 0.317256 -0.000294552 0.00189366 -0.00843733 0.0679053 0.204613 0.0250128 1 0 0 0 0 0 0 0
205 1 0.1 5.69552 2.03206 0.291361 0.00366838 0.00431847 0.000675275 -0.0823153 0.0997498 -0.0876895 1 0 0 0 0 0 0 0
206 1 0.1 5.55002 2.15794 0.344395 -0.000859801 0.00114136 -0.00232242 0.0106702 -0.080139 0.170264 1 0 0 0 0 0 0 0
207 1 0.1 5.37057 2.40102 0.308754 0.00780316 0.00437412 0.00593053 0.0504797 0.0514018 -0.0535775 1 0 0 0 0 0 0 0
208 1 0.1 5.39673 2.59373 0.354192 0.0125019 -0.00782614 0.0542851 0.352082 -0.879519 -0.194616 1 0 0 0 0 0 0 0
209 1 0.1 5.24383 2.71487 0.311554 0.028518 -0.0035298 0.00405721 0.165232 -0.0647673 0.236921 1 0 0 0 0 0 0 0
210 1 0.1 5.10365 2.63079 0.425149 0.0029571 -0.00886929 -0.0304746 0.290211 -0.608865 -0.564675 1 0 0 0 0 0 0 0
211 1 0.1 4.91539 2.82439 0.272224 0.0219802 -0.0290751 0.0189161 -0.157773 0.262774 0.859632 1 0 0 0 0 0 0 0
212 1 0.1 4.93152 2.97724 0.391472 0.00986888 -0.00621013 0.00834815 -0.0724971 0.0889125 -0.293527 1 0 0 0 0 0 0 0
213 1 0.1 5.19446 3.06026 0.4292 0.0262379 0.0103816 0.00159478 0.0720443 0.112296 -0.0656867 1 0 0 0 0 0 0 0
214 1 0.1 5.20784 3.21821 0.305627 0.00984754 0.0157886 0.000918437 -0.135803 0.0791527 -0.239554 1 0 0 0 0 0 0 0
215 1 0.1 5.23797 3.39705 0.37668 0.0232858 0.00229792 -0.00350304 0.110731 -0.166344 0.007945 1 0 0 0 0 0 0 0
216 1 0.1 5.35525 3.54497 0.438515 0.0173308 0.00408468 -0.00135826 -0.115342 0.0762317 0.0333807 1 0 0 0 0 0 0 0
217 1 0.1 5.5215 3.57317 0.332239 0.0198052 0.00383693 0.000622213 0.138893 -0.0930839 -0.0419572 1 0 0 0 0 0 0 0
218 1 0.1 5.66234 3.69081 0.409949 0.0152849 -0.00439212 0.0217847 -0.113517 -0.175769 -0.0722774 1 0 0 0 0 0 0 0
219 1 0.1 5.76369 3.75465 0.569885 0.00774266 0.0112598 0.0208277 -0.184608 0.0129659 -0.0893582 1 0 0 0 0 0 0 0
220 1 0.1 5.81729 3.77223 0.31346 -0.00339712 -0.000896555 -0.00176828 0.0113709 0.43148 0.193081 1 0 0 0 0 0 0 0
221 1 0.1 5.86373 3.93604 0.418369 -0.00444079 -0.00495247 0.0044981 -0.0378452 0.00499992 -0.108737 1 0 0 0 0 0 0 0
222 1 0.1 5.97273 4.07095 0.570937 0.00387757 0.0103014 0.000218789 0.0464145 0.0329437 0.103239 1 0 0 0 0 0 0 0
223 1 0.1 6.05112 4.80612 0.289721 0.000376104 -0.000202588 9.67461e-05 0.00281887 -0.00490928 -0.00092983 1 0 0 0 0 0 0 0
224 1 0.1 6.18827 4.95069 0.274285 -1.37676e-05 -0.000376351 -0.000800123 0.00553921 -0.0077776 -4.50983e-05 1 0 0 0 0 0 0 0
225 1 0.1 6.22972 1.37816 0.13733 0.000795498 0.00172858 -0.000552563 -0.0105684 0.0266227 -0.0256212 1 0 0 0 0 0 0 0
226 1 0.1 6.16459 1.34107 0.361747 -0.00795049 0.0026719 -0.00597472 -0.0989505 0.0432477 0.0432065 1 0 0 0 0 0 0 0
227 1 0.1 6.04345 1.48576 0.427173 0.0144752 0.0198152 -0.00383377 0.00912197 0.10318 -0.283129 1 0 0 0 0 0 0 0
228 1 0.1 5.97856 2.12456 0.426066 0.00374492 0.0182331 -0.0115128 0.283951 -0.064486 0.0353123 1 0 0 0 0 0 0 0
229 1 0.1 5.74982 2.85623 0.762567 0.00275209 0.00149367 0.000842279 0.00447245 -0.0170243 0.0216772 1 0 0 0 0 0 0 0
230 1 0.1 5.53463 2.34695 0.407442 0.00583353 -0.00230502 0.00541806 -0.0106168 -0.0585302 0.00599543 1 0 0 0 0 0 0 0
231 1 0.1 5.69813 2.46173 0.415617 0.00955309 -0.00836902 0.00426648 -0.0366111 -0.048944 -0.0924173 1 0 0 0 0 0 0 0
232 1 0.1 5.74036 2.58247 0.573221 -0.00288703 -0.00550663 -0.0070536 -0.0535792 -0.0321739 -0.0179878 1 0 0 0 0 0 0 0
233 1 0.1 5.69336 3.05753 0.378582 0.014683 0.00959382 0.00247125 0.276192 -0.209908 -0.0983352 1 0 0 0 0 0 0 0
234 1 0.1 5.24126 2.89487 0.170044 0.0280713 -0.00864383 0.0172591 0.223761 -0.0648546 0.00312879 1 0 0 0 0 0 0 0
235 1 0.1 5.52354 2.77261 0.382266 0.0280071 -0.00222359 0.00689192 -0.00583703 0.00223959 -0.0448873 1 0 0 0 0 0 0 0
236 1 0.1 5.0122 2.80335 0.468794 0.00466312 -0.0343481 0.0744083 -1.07695 1.4209 0.99055 1 0 0 0 0 0 0 0
237 1 0.1 5.36122 2.8751 0.326962 0.0236465 -0.00251027 0.0184006 -0.00763932 0.144577 0.0657654 1 0 0 0 0 0 0 0
238 1 0.1 5.37182 3.07395 0.338465 0.0250157 0.000469327 -0.00619069 0.0144341 -0.0231017 -0.0912135 1 0 0 0 0 0 0 0
239 1 0.1 5.35359 3.24711 0.43589 0.0210691 0.000568874 -0.00285336 0.0985093 -0.024156 -0.0916274 1 0 0 0 0 0 0 0
240 1 0.1 5.50811 3.21576 0.302647 0.025917 0.0028983 0.00250445 0.0340048 -0.024426 0.0341368 1 0 0 0 0 0 0 0
241 1 0.1 5.65803 3.16449 0.604129 0.0096641 0.00389779 4.63576e-05 -0.107565 0.13009 0.150376 1 0 0 0 0 0 0 0
242 1 0.1 5.48755 3.39538 0.429868 0.013271 0.00613779 -0.0176155 0.0383983 0.189198 -0.00853291 1 0 0 0 0 0 0 0
243 1 0.1 5.59681 3.16018 0.135733 0.0134323 0.00800885 -0.00209971 -0.0777963 0.166224 -0.0435525 1 0 0 0 0 0 0 0
244 1 0.1 5.409 3.09322 0.137464 0.0173946 0.00151136 -0.000859335 -0.0260974 -0.0823628 0.0549482 1 0 0 0 0 0 0 0
245 1 0.1 5.67985 2.97836 0.137483 -0.00140963 0.00294031 0.000474235 -0.0340487 -0.0120409 -0.0392374 1 0 0 0 0 0 0 0
246 1 0.1 5.66375 3.4329 0.33515 0.0222175 0.00222368 0.00201879 -0.0389924 -0.0459426 0.0459882 1 0 0 0 0 0 0 0
247 1 0.1 5.9627 4.44468 0.450986 0.00321342 0.00639727 -0.00199052 -0.0114858 0.0389867 -6.73458e-05 1 0 0 0 0 0 0 0
248 1 0.1 5.93234 4.65815 0.351684 0.000410603 0.00131238 -0.000881396 0.00167649 -0.00254446 -0.00813577 1 0 0 0 0 0 0 0
249 1 0.1 6.12247 4.67002 0.417663 -0.285543 -0.101476 0.0525298 -1.28825 0.988424 -5.12003 1 0 0 0 0 0 0 0
250 1 0.1 6.10451 0.920419 0.556796 0.00223904 -0.00199767 1.20125e-05 0.00424621 0.00122311 0.00590973 1 0 0 0 0 0 0 0
251 1 0.1 5.96268 1.06086 0.54712 0.00291486 -0.000409928 -0.00488103 -0.0751217 -0.0194252 -0.0456998 1 0 0 0 0 0 0 0
252 1 0.1 5.81312 1.20992 0.543819 -0.0213407 -6.31767e-05 0.0258628 0.226343 -0.428888 -0.0978597 1 0 0 0 0 0 0 0
253 1 0.1 5.65211 1.36275 0.550087 -0.000674534 0.00129774 -0.000869094 0.115249 0.0752373 -0.0306086 1 0 0 0 0 0 0 0
254 1 0.1 5.51277 1.50569 0.56125 0.000518187 0.00192408 0.00867221 0.040507 -0.07909 0.0252447 1 0 0 0 0 0 0 0
255 1 0.1 5.23096 1.78856 0.565674 4.7326e-05 0.000568408 0.0021737 0.0343553 0.00248357 -0.0130323 1 0 0 0 0 0 0 0
256 1 0.1 5.08759 1.92678 0.549167 0.000182483 3.11611e-05 -0.0065357 -0.0508468 -0.0947836 -0.0494335 1 0 0 0 0 0 0 0
257 1 0.1 5.17375 2.1024 0.585204 0.000474084 0.00157394 -0.0113735 -0.0855994 -0.0791971 0.0152429 1 0 0 0 0 0 0 0
258 1 0.1 4.88286 2.13812 0.564903 0.0273206 -0.0173504 0.0164738 0.287812 0.0313681 -0.318043 1 0 0 0 0 0 0 0
259 1 0.1 4.62229 2.39864 0.547332 0.0264727 -0.0411645 -0.0215512 0.422215 -0.223038 0.224071 1 0 0 0 0 0 0 0
260 1 0.1 4.4867 2.53571 0.451618 -0.00475077 0.00138987 0.00399382 0.160477 -0.152561 0.0333397 1 0 0 0 0 0 0 0
261 1 0.1 4.27001 2.84346 0.583073 0.1175 0.0565284 0.0847419 0.401671 -1.1649 0.965822 1 0 0 0 0 0 0 0
262 1 0.1 4.18669 2.99882 0.548493 0.00124435 0.00411957 0.00827232 -0.09017 -0.767937 0.542037 1 0 0 0 0 0 0 0
263 1 0.1 4.20443 3.1838 0.557018 -0.000452067 0.00225016 0.000612429 -0.040995 -0.0828954 -0.556547 1 0 0 0 0 0 0 0
264 1 0.1 4.34144 3.32045 0.554232 -8.3614e-05 0.00617433 0.0256666 -0.241313 0.0539831 -0.21612 1 0 0 0 0 0 0 0
265 1 0.1 4.48869 3.44704 0.530274 0.00962543 -0.00484496 0.00568568 0.014597 0.126137 0.0911436 1 0 0 0 0 0 0 0
266 1 0.1 4.61821 3.59103 0.575606 0.00758188 0.00397189 0.000192792 -0.188877 -0.0596481 -0.0841422 1 0 0 0 0 0 0 0
267 1 0.1 4.75131 3.72294 0.520493 0.0133863 -0.0106435 -0.00149397 0.158244 0.0841226 -0.0595312 1 0 0 0 0 0 0 0
268 1 0.1 4.87733 3.85477 0.592551 -0.00109265 -0.00214733 -0.00120158 -0.0870624 -0.0382242 0.237252 1 0 0 0 0 0 0 0
269 1 0.1 5.01278 3.99474 0.547319 -0.00141907 -0.0049154 -0.00595231 0.141231 -0.0203396 0.0264928 1 0 0 0 0 0 0 0
270 1 0.1 5.35634 4.33036 0.563969 -0.00085159 -0.00122533 0.000110185 0.00279061 -0.00144644 -0.011759 1 0 0 0 0 0 0 0
271 1 0.1 5.50223 4.48246 0.55191 0.000594723 -0.00281712 0.000312177 0.00065551 0.00399045 -0.0186827 1 0 0 0 0 0 0 0
272 1 0.1 5.64374 4.62374 0.548971 -0.000818859 -0.00112679 0.000414659 -0.0101242 0.00355821 -0.0182964 1 0 0 0 0 0 0 0
273 1 0.1 5.79215 4.77242 0.540403 0.000276272 0.000913963 0.000492638 0.00108292 -0.00949155 0.00927035 1 0 0 0 0 0 0 0
274 1 0.1 6.06047 5.03833 0.550043 -0.000376931 -0.000507691 -0.000142867 0.000267378 -0.00151006 -0.0028762 1 0 0 0 0 0 0 0
275 1 0.1 6.24478 0.778434 0.552425 0.00157051 -0.00156736 0.000746356 0.00612001 -0.00397635 0.0100376 1 0 0 0 0 0 0 0
276 1 0.1 6.01025 1.24341 0.481707 0.0037389 -0.000380174 -0.00823806 0.0134904 -0.0820088 0.0729626 1 0 0 0 0 0 0 0
277 1 0.1 5.8975 1.39092 0.555083 0.00402918 0.00578291 -0.0166472 0.0499811 -0.018782 -0.132674 1 0 0 0 0 0 0 0
278 1 0.1 5.76332 1.5345 0.588132 0.0184662 0.0194254 -0.000956869 -0.177059 0.205206 0.0182917 1 0 0 0 0 0 0 0
279 1 0.1 5.64771 1.69621 0.580585 0.00062436 0.00806832 -0.00100282 0.108266 0.0433841 0.135197 1 0 0 0 0 0 0 0
280 1 0.1 5.37093 1.64549 0.544389 -0.00131289 -0.000463188 0.00723117 0.0605 -0.0427007 0.0111609 1 0 0 0 0 0 0 0
281 1 0.1 5.35901 2.1743 0.566637 0.00200505 0.00283559 0.00201525 -0.0130099 -0.0941432 0.0102911 1 0 0 0 0 0 0 0
282 1 0.1 5.21864 2.40336 0.655726 0.00688392 0.0092268 -0.00298864 0.110405 -0.0450228 0.0699266 1 0 0 0 0 0 0 0
283 1 0.1 5.2098 2.29061 0.491572 0.00262066 0.000366822 0.000910424 -0.215824 0.0483382 -0.120243 1 0 0 0 0 0 0 0
284 1 0.1 4.86279 2.33221 0.603969 0.0180216 -0.024826 0.0367442 -0.110946 -0.0721976 0.375572 1 0 0 0 0 0 0 0
285 1 0.1 4.71567 2.55409 0.464682 -0.171388 0.0261319 -0.0890098 -1.93528 -2.43023 3.47526 1 0 0 0 0 0 0 0
286 1 0.1 4.59231 2.69781 0.404191 -0.103389 0.014912 -0.173722 0.616923 -0.781129 -0.879836 1 0 0 0 0 0 0 0
287 1 0.1 4.4237 2.71978 0.487628 -0.00857354 0.000536998 -0.0231035 1.1009 2.12068 0.113887 1 0 0 0 0 0 0 0
288 1 0.1 4.35225 3.10032 0.457703 -0.0160795 -0.0125566 0.00578858 0.243728 -0.583637 0.639423 1 0 0 0 0 0 0 0
289 1 0.1 4.48915 3.18731 0.574497 -0.000378112 -0.00246246 -0.0149737 -0.213638 0.54163 -0.397724 1 0 0 0 0 0 0 0
290 1 0.1 4.68062 3.40866 0.53326 0.00712089 0.00720904 0.0106527 -0.121968 -0.151212 0.0772582 1 0 0 0 0 0 0 0
291 1 0.1 5.00533 3.47427 0.49752 0.025012 -0.0115572 -0.00139809 0.120123 0.0553527 0.0677968 1 0 0 0 0 0 0 0
292 1 0.1 4.93795 3.65833 0.524815 0.011993 -0.0126493 0.00490715 -0.0247311 -0.200721 0.0495917 1 0 0 0 0 0 0 0
293 1 0.1 5.16112 3.72523 0.457603 -2.19921e-05 -0.0043585 -0.00217211 0.0398852 -0.00391455 0.138854 1 0 0 0 0 0 0 0
294 1 0.1 5.20038 4.17451 0.556898 0.0018228 0.00269908 -0.00319889 0.0380888 0.0101898 0.0283897 1 0 0 0 0 0 0 0
295 1 0.1 5.51272 4.20916 0.590727 -0.00206447 -0.0039385 -0.000770045 0.0078862 0.0119226 -0.010468 1 0 0 0 0 0 0 0
296 1 0.1 5.60031 4.33405 0.462079 0.00125849 -0.00675814 0.00308741 -0.000724988 -0.0516922 -0.029505 1 0 0 0 0 0 0 0
297 1 0.1 5.73506 4.43991 0.564646 -0.000407507 -0.00037283 -0.000828229 -0.00469015 -0.0368648 0.0292527 1 0 0 0 0 0 0 0
298 1 0.1 5.8702 4.58993 0.564296 0.0020528 0.00160787 -0.000595458 0.0103888 0.00559121 0.00832548 1 0 0 0 0 0 0 0
299 1 0.1 6.20207 5.18002 0.550072 4.35626e-05 -1.99473e-05 5.27415e-05 0.000818598 -0.000719031 -0.000124796 1 0 0 0 0 0 0 0
300 1 0.1 6.38561 0.636851 0.550101 0.00137043 -0.00139346 0.000402286 -0.000220874 -0.0112019 -0.0169388 1 0 0 0 0 0 0 0
301 1 0.1 6.15484 1.10625 0.503476 -0.000674636 -0.00371775 -0.00381253 -0.0114525 0.0336013 -0.0410545 1 0 0 0 0 0 0 0
302 1 0.1 5.92877 1.6208 0.518373 0.015131 0.0235189 -0.0102713 0.0535557 -0.284702 0.157542 1 0 0 0 0 0 0 0
303 1 0.1 5.85122 1.79786 0.56946 -0.00712869 0.0118215 -0.0052736 -0.0379382 0.147161 -0.0827663 1 0 0 0 0 0 0 0
304 1 0.1 5.67034 1.89181 0.624046 0.00109236 0.0101858 0.00512569 0.0618576 -0.0856465 -0.185237 1 0 0 0 0 0 0 0
305 1 0.1 5.46714 1.80769 0.609891 -0.0330477 0.0128853 0.0227663 0.151897 0.139031 0.464072 1 0 0 0 0 0 0 0
306 1 0.1 5.33795 1.95754 0.592736 -0.0271565 0.0170212 -0.00385984 -0.153452 -0.39007 -0.57975 1 0 0 0 0 0 0 0
307 1 0.1 5.28004 2.47709 0.480481 -0.000304403 0.00255177 -0.00429964 0.114863 0.0630597 0.0293107 1 0 0 0 0 0 0 0
308 1 0.1 5.38158 2.60633 0.592381 0.000996683 -0.0019365 0.000110011 0.029812 0.0469895 0.0439225 1 0 0 0 0 0 0 0
309 1 0.1 5.0669 2.46702 0.533354 -0.0498525 0.0670785 0.0872977 -1.67361 -0.137242 0.479778 1 0 0 0 0 0 0 0
310 1 0.1 4.88592 2.54719 0.569189 -0.23001 -0.103853 -0.00190266 0.668317 -0.441956 -1.88525 1 0 0 0 0 0 0 0
311 1 0.1 4.73515 2.81801 0.498397 -0.0116372 0.0125347 -8.41148e-05 0.0346167 -0.246481 -0.258292 1 0 0 0 0 0 0 0
312 1 0.1 4.4134 2.98078 0.605772 0.0732252 0.105064 0.062968 -0.93772 0.689115 -0.203077 1 0 0 0 0 0 0 0
313 1 0.1 4.40495 2.83178 0.762535 -0.00857414 -0.0101631 0.000931722 -0.101342 0.0874451 0.118494 1 0 0 0 0 0 0 0
314 1 0.1 4.69815 3.21231 0.543481 0.0495146 0.0133279 -0.0149806 0.172551 0.0997811 0.182962 1 0 0 0 0 0 0 0
315 1 0.1 4.9174 3.33345 0.605613 0.0173114 -0.00125867 0.00614938 -0.0590472 0.235215 -0.377441 1 0 0 0 0 0 0 0
316 1 0.1 5.11738 3.33567 0.588126 0.0310253 -0.0111905 -0.00707769 -0.0119827 -0.133425 0.0873674 1 0 0 0 0 0 0 0
317 1 0.1 5.18455 3.54634 0.541937 0.0184277 -0.00309734 -0.00393 -0.0539933 -0.00870612 0.0492722 1 0 0 0 0 0 0 0
318 1 0.1 5.27704 3.86805 0.61928 0.0051037 0.00747754 0.00610157 -0.049995 0.119653 -0.100071 1 0 0 0 0 0 0 0
319 1 0.1 5.41202 4.03688 0.597775 -0.00235205 -0.0021096 -0.00161566 -0.0190969 -0.0452983 0.000454299 1 0 0 0 0 0 0 0
320 1 0.1 5.60151 3.94086 0.619375 -0.000944233 0.00136243 0.000436644 0.0356962 -0.00518153 -0.0376022 1 0 0 0 0 0 0 0
321 1 0.1 5.61701 4.08261 0.476383 0.00032711 -0.00316837 -0.000506512 -0.0137003 -0.0196722 0.0344512 1 0 0 0 0 0 0 0
322 1 0.1 5.72254 4.22212 0.573387 -0.000595085 -0.00371004 0.00335649 0.00114694 0.0223376 0.041729 1 0 0 0 0 0 0 0
323 1 0.1 5.97011 4.86039 0.562856 0.000947042 -0.00112632 0.000622409 -0.00190232 0.0121669 0.0103916 1 0 0 0 0 0 0 0
324 1 0.1 6.34472 5.3217 0.546674 -3.8412e-05 8.339e-05 8.96005e-05 -0.00164078 -0.000616121 0.000188875 1 0 0 0 0 0 0 0
325 1 0.1 6.39979 0.831647 0.436521 7.63728e-06 0.00119204 -0.00153339 -0.00346417 0.0203779 0.0161977 1 0 0 0 0 0 0 0
326 1 0.1 6.29708 0.970576 0.536979 0.000392622 -0.00119989 0.00128495 0.0219677 0.0166201 0.00842082 1 0 0 0 0 0 0 0
327 1 0.1 5.99031 1.84423 0.412424 0.00846614 0.00846668 -0.00439058 -0.203196 0.194891 -0.18928 1 0 0 0 0 0 0 0
328 1 0.1 5.91728 1.98606 0.556587 0.00473305 0.004953 -0.0243306 -0.0692073 0.131701 -0.0628275 1 0 0 0 0 0 0 0
329 1 0.1 5.73894 2.07335 0.578574 0.00900733 0.00539334 0.00452558 -0.00981157 0.227039 0.0554454 1 0 0 0 0 0 0 0
330 1 0.1 5.54792 1.96933 0.487391 0.0130374 0.00921221 -0.00349347 -0.124708 -0.0351157 0.121127 1 0 0 0 0 0 0 0
331 1 0.1 5.52318 2.09052 0.643944 0.0103625 0.00854827 -0.00268676 0.0998057 0.175552 0.106516 1 0 0 0 0 0 0 0
332 1 0.1 5.62618 2.23421 0.544115 0.00109869 0.00195607 0.0115019 -0.0498562 -0.01383 -0.00803685 1 0 0 0 0 0 0 0
333 1 0.1 5.70286 2.859 0.399936 0.0193281 0.012346 0.0146634 -0.374777 -0.269409 0.185816 1 0 0 0 0 0 0 0
334 1 0.1 5.50118 2.76773 0.590714 0.0147829 -0.00332107 0.00326445 0.0249914 -0.0935392 -0.0602875 1 0 0 0 0 0 0 0
335 1 0.1 5.16011 2.67846 0.609926 -0.0314862 -0.0260123 -0.0118469 -0.263435 0.0288335 -0.215439 1 0 0 0 0 0 0 0
336 1 0.1 4.857 2.75612 0.644215 -0.127355 -0.0595877 0.0672843 1.34324 -1.54481 0.726329 1 0 0 0 0 0 0 0
337 1 0.1 4.67778 2.99271 0.577029 -0.00862642 0.0216117 -0.023105 0.103655 -0.052504 -0.0699813 1 0 0 0 0 0 0 0
338 1 0.1 4.86667 3.11932 0.50945 0.0342646 0.0187753 -0.0306756 0.0131431 0.0337059 -0.272653 1 0 0 0 0 0 0 0
339 1 0.1 5.0467 3.1487 0.590352 0.0311736 -0.0120691 -0.0132552 -0.0634638 -0.246702 -0.0791607 1 0 0 0 0 0 0 0
340 1 0.1 5.24385 3.18068 0.589161 0.0273994 0.00265408 -0.000211336 -0.234075 0.0649024 0.232322 1 0 0 0 0 0 0 0
341 1 0.1 5.31895 3.41784 0.611462 0.0210284 0.00399926 -0.00175112 -0.0835456 0.0230525 -0.0401136 1 0 0 0 0 0 0 0
342 1 0.1 5.48175 3.53144 0.592414 0.0195833 0.00422794 -0.00305471 0.0377758 -0.0370757 -0.00807976 1 0 0 0 0 0 0 0
343 1 0.1 5.35261 3.68836 0.5767 0.00611623 0.00694599 -0.00167097 0.0986585 -0.0784739 0.109127 1 0 0 0 0 0 0 0
344 1 0.1 5.4499 3.85681 0.519926 0.00206068 -0.00229051 0.00197586 -0.0186163 -0.0226095 0.0236502 1 0 0 0 0 0 0 0
345 1 0.1 5.56938 3.71087 0.585982 0.00828451 0.00825237 0.0112537 0.0291606 -0.14664 0.137393 1 0 0 0 0 0 0 0
346 1 0.1 5.91199 3.88373 0.605208 0.0145806 0.0074761 0.00257275 -0.0466305 0.03406 -0.00966047 1 0 0 0 0 0 0 0
347 1 0.1 5.77695 4.03004 0.584132 0.000992897 -0.00160922 -0.000814033 0.00906824 0.02156 -0.0154565 1 0 0 0 0 0 0 0
348 1 0.1 6.13669 4.88024 0.454163 -0.000136188 -0.000543715 -0.000493454 0.00434319 0.00642738 0.0156897 1 0 0 0 0 0 0 0
349 1 0.1 6.27773 5.02187 0.454004 -0.000577299 -0.00034764 -6.54838e-05 0.00266527 -0.0026673 -0.010433 1 0 0 0 0 0 0 0
350 1 0.1 6.30298 1.20672 0.414546 -0.00644492 0.00559836 -0.00271908 -0.0686328 -0.104865 0.220506 1 0 0 0 0 0 0 0
351 1 0.1 6.16601 1.40858 0.564868 -0.00865047 0.00557289 0.00893865 0.203394 -0.443686 0.289324 1 0 0 0 0 0 0 0
352 1 0.1 6.01832 1.49797 0.673071 -0.0210308 0.0167635 -0.00518908 -0.082239 -0.236716 -0.398638 1 0 0 0 0 0 0 0
353 1 0.1 6.10659 1.98596 0.492299 0.00650251 0.0171681 -0.0167882 0.0184236 -0.208228 0.211067 1 0 0 0 0 0 0 0
354 1 0.1 5.61969 2.79907 0.202249 -0.0048397 0.00508736 0.00291153 -0.0789332 -0.261293 0.105763 1 0 0 0 0 0 0 0
355 1 0.1 5.81274 2.22608 0.472766 -0.00445008 0.00216833 -0.00566124 0.0572803 0.162464 -0.000785495 1 0 0 0 0 0 0 0
356 1 0.1 5.60705 2.42761 0.590279 0.00086919 0.00470486 0.00150335 -0.0533742 -0.0310208 -0.00899753 1 0 0 0 0 0 0 0
357 1 0.1 5.4186 2.36476 0.569116 -0.00011735 0.00408076 0.000482524 -0.0973983 -0.0331682 0.0126801 1 0 0 0 0 0 0 0
358 1 0.1 5.5567 2.60045 0.496247 -0.00265084 -0.00234181 -0.0070702 -0.0200076 0.0374484 -0.0518012 1 0 0 0 0 0 0 0
359 1 0.1 5.50599 3.12694 0.478584 0.0123831 -0.00190718 -0.00297769 0.00693642 -0.0661449 0.024779 1 0 0 0 0 0 0 0
360 1 0.1 5.54124 2.9565 0.297237 0.00960127 0.0248148 -0.0153231 0.0667617 0.230497 0.118779 1 0 0 0 0 0 0 0
361 1 0.1 5.25806 2.80459 0.489425 0.00297988 -0.00208389 0.00590876 -0.215074 -0.289778 -0.3748 1 0 0 0 0 0 0 0
362 1 0.1 4.96485 2.96043 0.582887 0.00606214 0.00941215 0.0078587 -0.122328 -0.139393 -0.0927362 1 0 0 0 0 0 0 0
363 1 0.1 5.29426 2.97873 0.580329 0.0229721 -0.00287047 -0.00370439 0.0446505 -0.0949703 -0.0384849 1 0 0 0 0 0 0 0
364 1 0.1 5.45127 3.26871 0.60526 0.0187777 -0.00103193 -0.00258677 -0.110864 0.00191846 0.0551633 1 0 0 0 0 0 0 0
365 1 0.1 5.46427 2.9326 0.485998 0.028129 -0.00191957 0.00629951 0.0115117 -0.0290462 0.0259609 1 0 0 0 0 0 0 0
366 1 0.1 5.62191 3.36857 0.575475 0.00256388 0.0319765 -0.00750031 0.042755 -0.0781571 0.351119 1 0 0 0 0 0 0 0
367 1 0.1 5.8242 3.09097 0.687551 0.000186339 0.05865 0.0687776 -0.00247558 -0.909068 0.453245 1 0 0 0 0 0 0 0
368 1 0.1 5.66675 3.25144 0.418723 0.0184893 0.00880342 0.0149659 -0.1059 -0.132576 -0.00398254 1 0 0 0 0 0 0 0
369 1 0.1 5.78868 3.46427 0.630466 0.0208454 -0.0135157 0.0202943 -0.233036 0.0313732 0.308064 1 0 0 0 0 0 0 0
370 1 0.1 5.83188 2.99837 0.510128 0.015897 0.0810847 0.0340598 -0.408787 -0.142748 1.02114 1 0 0 0 0 0 0 0
371 1 0.1 5.85643 3.77398 0.762631 0.00963617 0.00541256 -0.000508816 0.0699924 -0.098889 0.0159945 1 0 0 0 0 0 0 0
372 1 0.1 5.90931 4.29332 0.57029 -0.00491871 0.00888468 -0.000958387 0.00883864 0.0277093 0.089619 1 0 0 0 0 0 0 0
373 1 0.1 6.06744 4.55806 0.577282 0.00231015 -8.0473e-05 0.00155316 0.0373861 -0.0323935 -0.0157989 1 0 0 0 0 0 0 0
374 1 0.1 6.12938 4.74644 0.602339 0.0011948 0.000187005 0.000250777 0.000343482 -0.00864917 0.000917483 1 0 0 0 0 0 0 0
375 1 0.1 6.04338 0.988181 0.735253 -0.00315271 0.0153917 -0.015452 0.146365 -0.310714 0.00660106 1 0 0 0 0 0 0 0
376 1 0.1 5.89391 1.12809 0.748718 -0.0224835 0.0160715 -0.00910053 -0.121843 0.0511322 0.408183 1 0 0 0 0 0 0 0
377 1 0.1 5.76119 1.27159 0.726552 -0.00158075 0.0196859 0.0235192 -0.154318 0.261841 0.101326 1 0 0 0 0 0 0 0
378 1 0.1 5.57862 1.43808 0.750008 -2.25145e-05 0.000139463 3.58493e-05 0.000240085 0.000229211 -0.000154915 1 0 0 0 0 0 0 0
379 1 0.1 5.43722 1.57945 0.749918 -0.00019023 0.000203098 -9.88623e-05 -0.00222873 -0.000922659 0.00309122 1 0 0 0 0 0 0 0
380 1 0.1 5.15745 1.85726 0.749298 -0.000581305 0.000538797 0.000274942 0.00383449 -0.00552794 0.00461838 1 0 0 0 0 0 0 0
381 1 0.1 4.864 2.16104 0.762571 0.0229258 -0.0285728 0.0059522 -0.170335 -0.13655 0.0441468 1 0 0 0 0 0 0 0
382 1 0.1 4.72111 2.30021 0.750535 0.0165788 -0.0635653 -0.0194224 0.165996 -0.213977 0.31573 1 0 0 0 0 0 0 0
383 1 0.1 4.58368 2.4445 0.737438 0.0375364 -0.067418 -0.0170395 0.412915 -0.349026 -0.371446 1 0 0 0 0 0 0 0
384 1 0.1 4.44192 2.58114 0.765722 0.0621417 -0.0661034 -0.0023472 -0.0118911 0.213011 0.178291 1 0 0 0 0 0 0 0
385 1 0.1 4.33045 2.68608 0.647685 0.060993 -0.0376451 -0.00621464 1.10081 0.156566 -1.21078 1 0 0 0 0 0 0 0
386 1 0.1 4.20093 2.82369 0.763406 -0.000299092 -0.0111316 0.00709126 0.000525531 -0.241592 0.0247821 1 0 0 0 0 0 0 0
387 1 0.1 4.29309 2.99748 0.764486 -0.00575727 -0.00849537 0.0123664 -0.480325 0.254979 -0.0729722 1 0 0 0 0 0 0 0
388 1 0.1 4.19364 3.17005 0.754435 0.000321243 -0.00479657 -0.0104841 0.232647 -0.245115 0.0292423 1 0 0 0 0 0 0 0
389 1 0.1 4.33316 3.31154 0.753058 -0.00531657 -0.00443239 0.020847 -0.102501 -0.0416451 -0.131549 1 0 0 0 0 0 0 0
390 1 0.1 4.49666 3.46839 0.731655 -0.00287858 -0.00262329 0.00222965 -0.019234 -0.0168865 -0.0409637 1 0 0 0 0 0 0 0
391 1 0.1 4.66015 3.63953 0.763156 0.00168434 0.00673239 -0.00116314 0.0646639 -0.0030206 0.0170186 1 0 0 0 0 0 0 0
392 1 0.1 4.8018 3.78058 0.762226 0.00235375 0.00490841 -0.00102646 -0.00286537 0.0222009 0.0501411 1 0 0 0 0 0 0 0
393 1 0.1 5.08874 4.07184 0.757422 -0.000783132 -0.00062624 0.00403003 -0.098787 0.0987923 0.0163977 1 0 0 0 0 0 0 0
394 1 0.1 5.22995 4.2128 0.756223 0.000565665 -0.00160265 -0.00510383 -0.0133004 -0.0746956 0.0101621 1 0 0 0 0 0 0 0
395 1 0.1 5.51145 4.49519 0.753966 -0.000161645 0.000302841 0.000202013 -0.000303486 -0.00121047 0.00349137 1 0 0 0 0 0 0 0
396 1 0.1 5.66554 4.6218 0.747748 -0.000463515 0.000135782 0.000353885 -0.00395691 -0.00280428 -0.00384507 1 0 0 0 0 0 0 0
397 1 0.1 5.79202 4.77621 0.750015 -0.000229492 -0.000184072 0.000215448 -0.00207078 -0.00141733 -0.00299116 1 0 0 0 0 0 0 0
398 1 0.1 5.93332 4.91718 0.750919 -4.79918e-05 -0.000636732 -0.000255377 -0.00151839 0.00553732 -0.00381842 1 0 0 0 0 0 0 0
399 1 0.1 6.07457 5.0585 0.749926 -0.000184725 -0.000138771 0.000149057 0.00447052 -0.00458671 -0.000124669 1 0 0 0 0 0 0 0
400 1 0.1 6.32664 0.699501 0.757443 0.00141137 -0.00121898 0.000120545 0.00342786 -0.0119209 0.00564322 1 0 0 0 0 0 0 0
401 1 0.1 6.07803 1.17488 0.673574 0.0136467 0.0171669 -0.00771973 -0.144431 0.0359515 -0.188988 1 0 0 0 0 0 0 0
402 1 0.1 5.95399 1.31804 0.73178 -0.00371106 0.00631182 -0.0126698 0.0853556 -0.0246059 0.436184 1 0 0 0 0 0 0 0
403 1 0.1 5.81575 1.45718 0.763289 0.00372887 0.012772 -0.0014542 0.115969 -0.0492119 -0.664895 1 0 0 0 0 0 0 0
404 1 0.1 5.68725 1.60757 0.754904 0.0261557 0.0231239 -0.00222044 -0.0894155 0.0568547 0.364113 1 0 0 0 0 0 0 0
405 1 0.1 5.31863 1.73988 0.762528 -0.000277863 0.000384849 2.35721e-05 0.0034777 0.00282563 -0.00302721 1 0 0 0 0 0 0 0
406 1 0.1 5.25256 2.03256 0.761546 0.00567331 -0.00130698 -0.012798 -0.164463 -0.0189599 -0.0763779 1 0 0 0 0 0 0 0
407 1 0.1 5.19917 2.22399 0.740741 0.0201468 0.00274271 -0.0164938 0.0601449 0.268226 -0.0981234 1 0 0 0 0 0 0 0
408 1 0.1 5.05622 2.28618 0.617748 0.0204312 0.0286139 0.0165765 0.108972 0.072565 0.0597224 1 0 0 0 0 0 0 0
409 1 0.1 4.96174 2.37827 0.765379 -0.0010643 0.00450547 0.0122445 0.0386283 0.104271 0.0424195 1 0 0 0 0 0 0 0
410 1 0.1 4.87205 2.59577 0.762601 -0.147964 -0.108257 0.00220303 -0.465012 0.720373 -0.378588 1 0 0 0 0 0 0 0
411 1 0.1 4.66944 2.76722 0.766282 -0.107865 0.0591255 -0.00550188 0.685627 1.12343 -1.06305 1 0 0 0 0 0 0 0
412 1 0.1 4.53895 2.8253 0.612409 -0.0931625 -0.0276035 0.0795945 0.298809 -0.229401 -1.04902 1 0 0 0 0 0 0 0
413 1 0.1 4.43134 3.13986 0.759833 -0.00873456 -0.00231476 -0.0170999 0.433102 0.114232 0.152766 1 0 0 0 0 0 0 0
414 1 0.1 4.56634 3.28482 0.763796 -0.00586925 -0.00515191 0.00516614 -0.000396031 0.00696966 0.0252747 1 0 0 0 0 0 0 0
415 1 0.1 4.69211 3.44031 0.762519 -0.00232467 -0.00474559 0.000536646 -0.0239574 0.036235 0.00462502 1 0 0 0 0 0 0 0
416 1 0.1 4.84657 3.56729 0.760956 -0.0031073 -0.00119509 -0.00679124 0.0144445 0.0501633 -0.0152353 1 0 0 0 0 0 0 0
417 1 0.1 4.94899 3.92973 0.762618 -0.00165977 0.000864374 -0.00148086 0.0722078 -0.204779 -0.00832168 1 0 0 0 0 0 0 0
418 1 0.1 5.14177 3.87818 0.765329 -0.00311527 -0.0015629 0.00103795 0.274829 -0.200549 0.00758865 1 0 0 0 0 0 0 0
419 1 0.1 5.37155 4.35321 0.762188 -6.1373e-06 0.000162104 -0.000357326 0.00761744 0.00143269 -0.00284736 1 0 0 0 0 0 0 0
420 1 0.1 5.56448 4.30159 0.762621 -0.000703535 -0.00192099 0.000459082 -0.0136114 -0.00808678 0.00512716 1 0 0 0 0 0 0 0
421 1 0.1 5.72245 4.42377 0.76282 -0.00164779 -0.00109008 -0.000614626 0.00891408 0.0240966 0.0240235 1 0 0 0 0 0 0 0
422 1 0.1 5.86408 4.56475 0.762506 -0.00167383 -0.000902725 -0.000211655 0.0165198 -0.0428591 -0.0188199 1 0 0 0 0 0 0 0
423 1 0.1 5.98465 4.72423 0.762509 -0.000785706 -0.00107347 -0.000102129 -0.0507095 0.00714757 0.00963323 1 0 0 0 0 0 0 0
424 1 0.1 6.21595 5.19986 0.750004 -0.000157849 -0.00020063 0.000403647 -0.0065274 -0.00101985 -0.00198199 1 0 0 0 0 0 0 0
425 1 0.1 6.4667 0.55704 0.750035 0.00104533 -0.00113265 0.000193526 0.00288348 0.00133834 -0.0129855 1 0 0 0 0 0 0 0
426 1 0.1 6.22453 1.06922 0.758612 -0.000197837 0.00588716 0.00220289 -0.224492 0.0590284 -0.147776 1 0 0 0 0 0 0 0
427 1 0.1 6.1459 1.3613 0.762897 -0.00804535 0.0169232 -0.000610535 0.171565 0.103916 -0.0954019 1 0 0 0 0 0 0 0
428 1 0.1 5.94988 1.66307 0.762515 0.0017272 0.0251914 -0.00019184 0.247337 -0.0197164 -0.0177452 1 0 0 0 0 0 0 0
429 1 0.1 5.78816 1.7801 0.758305 0.00129181 0.0248966 -0.00194063 -0.0311914 -0.156182 0.0420728 1 0 0 0 0 0 0 0
430 1 0.1 5.58874 1.77678 0.764134 -0.000868178 0.00972519 0.00139556 0.0360262 0.211143 0.0239129 1 0 0 0 0 0 0 0
431 1 0.1 5.43706 1.93782 0.763381 -0.0362451 -0.000402851 -0.00016049 -0.0075843 0.361614 -0.0342285 1 0 0 0 0 0 0 0
432 1 0.1 5.39153 2.18129 0.763414 0.00683956 -0.00240453 0.00222239 0.00397297 -0.163802 -0.0275589 1 0 0 0 0 0 0 0
433 1 0.1 5.38685 2.39463 0.763201 0.00202788 0.00597464 0.000203771 0.058698 -0.00195485 -0.020363 1 0 0 0 0 0 0 0
434 1 0.1 5.27936 2.56362 0.760046 -0.0103819 0.0285642 0.0446824 0.0569566 -0.382324 0.183155 1 0 0 0 0 0 0 0
435 1 0.1 5.08457 2.53228 0.727833 0.00148378 0.009963 -0.0104628 0.0499471 -0.169504 0.0277681 1 0 0 0 0 0 0 0
436 1 0.1 4.69357 2.62502 0.640849 -0.412876 0.118315 -0.149139 0.67695 1.07871 -0.983286 1 0 0 0 0 0 0 0
437 1 0.1 4.74766 2.94845 0.75906 -0.00327677 0.0145225 -0.0268371 -0.444669 -0.0494622 -0.0968006 1 0 0 0 0 0 0 0
438 1 0.1 4.67814 3.12939 0.722842 -0.00258193 0.0169284 -0.0221152 0.0454077 -0.0664066 0.00760512 1 0 0 0 0 0 0 0
439 1 0.1 4.83142 3.24869 0.762588 -0.012648 0.0154585 -0.0018126 0.0773452 -0.297854 -0.153499 1 0 0 0 0 0 0 0
440 1 0.1 5.01562 3.48141 0.696973 0.018818 7.72176e-05 -0.00149496 -0.191756 -0.149661 0.315935 1 0 0 0 0 0 0 0
441 1 0.1 5.06134 3.78483 0.614995 0.00436879 0.00469893 -0.00500863 -0.243199 0.0977283 -0.0102093 1 0 0 0 0 0 0 0
442 1 0.1 5.09257 3.65377 0.762604 -0.00321863 0.0103919 3.70388e-05 0.114798 0.0344399 -0.0922841 1 0 0 0 0 0 0 0
443 1 0.1 5.28157 4.02 0.753677 -0.00116204 -0.0015334 -0.00056776 -0.00570941 -0.0208834 -0.017902 1 0 0 0 0 0 0 0
444 1 0.1 5.42514 4.15843 0.762719 0.00049483 -0.00256166 -0.000242301 -0.0112884 0.0107827 -0.00815208 1 0 0 0 0 0 0 0
445 1 0.1 5.61145 4.08724 0.754744 0.00129421 -0.00017035 0.000649474 -0.0253788 0.00698881 0.00689117 1 0 0 0 0 0 0 0
446 1 0.1 5.78003 4.19426 0.762651 0.00126853 -0.000838503 0.000853986 -0.00232275 -0.00435575 0.0105593 1 0 0 0 0 0 0 0
447 1 0.1 5.90752 4.34845 0.762522 6.48978e-05 0.00445332 0.000624814 -0.0081224 -0.0434771 0.0297333 1 0 0 0 0 0 0 0
448 1 0.1 6.12612 4.86572 0.762606 0.000498789 0.000292572 0.000129246 -0.000947817 -0.0080756 0.00923371 1 0 0 0 0 0 0 0
449 1 0.1 6.35736 5.34124 0.750011 -0.000191743 -0.000437923 4.27282e-05 -0.000217033 0.000267078 -0.00090996 1 0 0 0 0 0 0 0
450 1 0.1 6.40726 0.845694 0.647567 0.00160391 -0.0012766 0.000649937 -0.00413066 -0.00262773 0.00468975 1 0 0 0 0 0 0 0
451 1 0.1 6.17985 0.843433 0.750636 -0.00844206 0.00859297 -0.00154237 -0.0125296 0.00521865 0.0388044 1 0 0 0 0 0 0 0
452 1 0.1 6.26711 1.50937 0.704861 -0.0173881 0.0259773 0.000460531 -0.47004 0.346928 -0.251284 1 0 0 0 0 0 0 0
453 1 0.1 6.07805 1.85046 0.762581 0.021186 0.0112529 -0.000760834 0.108935 -0.217541 0.121545 1 0 0 0 0 0 0 0
454 1 0.1 6.00123 2.03498 0.762564 0.00945961 0.00681165 0.000745137 0.0593215 -0.0936339 -0.000584156 1 0 0 0 0 0 0 0
455 1 0.1 5.80637 1.97907 0.753175 0.0121992 0.0214656 -0.00257299 0.00710496 -0.050711 -0.129597 1 0 0 0 0 0 0 0
456 1 0.1 5.67845 2.13231 0.762545 0.010108 0.0150777 -0.000837847 0.151988 -0.109277 0.165767 1 0 0 0 0 0 0 0
457 1 0.1 5.55813 2.29187 0.762453 0.000480129 0.00402785 0.000329303 -0.0386805 -0.0184835 -0.0171697 1 0 0 0 0 0 0 0
458 1 0.1 5.54977 2.51042 0.762644 0.000316019 0.00508217 0.000552798 0.0559717 0.00487615 -0.0255205 1 0 0 0 0 0 0 0
459 1 0.1 5.44757 2.68391 0.763237 0.00246759 -0.00224439 -0.000197354 -0.0157258 -0.0117035 -0.0171369 1 0 0 0 0 0 0 0
460 1 0.1 5.25816 2.76256 0.762523 -0.100437 0.0303455 0.000660926 -0.0405716 -0.125198 0.334318 1 0 0 0 0 0 0 0
461 1 0.1 5.04185 2.72376 0.763419 -0.00928295 0.00740025 -0.00111005 0.0800522 0.114129 -0.0195151 1 0 0 0 0 0 0 0
462 1 0.1 4.93989 2.89454 0.764669 -0.00456699 0.0110121 0.00129423 0.113446 0.0304376 0.0356148 1 0 0 0 0 0 0 0
463 1 0.1 4.95733 3.09356 0.762527 -0.0142747 0.0125193 0.000974639 0.0244219 0.125959 0.129013 1 0 0 0 0 0 0 0
464 1 0.1 5.02887 3.28247 0.762751 0.0122289 -0.0136642 0.000924043 -0.135326 -0.106111 -0.12007 1 0 0 0 0 0 0 0
465 1 0.1 5.18802 3.40321 0.762549 0.00723415 -0.00678342 0.000688641 -0.0669084 -0.0575792 0.200813 1 0 0 0 0 0 0 0
466 1 0.1 5.44526 3.39304 0.763057 0.0129542 0.00308435 0.000176234 0.0631623 -0.0840039 0.00294282 1 0 0 0 0 0 0 0
467 1 0.1 5.27888 3.58118 0.762443 -0.00737829 0.00105743 -0.000114741 -0.010137 -0.0717363 -0.0309307 1 0 0 0 0 0 0 0
468 1 0.1 5.37324 3.75739 0.762715 -0.00205537 -0.000966324 0.00124132 -0.00206272 0.0178476 -0.024973 1 0 0 0 0 0 0 0
469 1 0.1 5.46248 3.93602 0.762719 -0.00120942 -0.000985985 -0.000210093 -0.0160731 0.0117686 0.0226835 1 0 0 0 0 0 0 0
470 1 0.1 5.75049 3.94373 0.762479 0.0023156 0.0011102 -0.000738537 -0.0177166 0.00602976 -0.0208951 1 0 0 0 0 0 0 0
471 1 0.1 5.91927 4.05076 0.762557 0.00320838 0.000895535 0.000180891 0.0204335 -0.0303735 0.0138889 1 0 0 0 0 0 0 0
472 1 0.1 6.03426 4.20445 0.70641 0.000360728 0.00514399 0.00452575 0.0354084 -0.0324592 -0.0478753 1 0 0 0 0 0 0 0
473 1 0.1 6.26209 5.00222 0.709339 0.000158614 0.000614996 0.000606775 -0.00648538 -0.006385 0.00159138 1 0 0 0 0 0 0 0
474 1 0.1 6.37965 5.14602 0.635468 6.83983e-05 0.000459761 0.000514531 -0.00328577 -0.00327931 0.00396516 1 0 0 0 0 0 0 0
475 1 0.1 6.41503 1.00906 0.762551 -0.0025281 -0.000916858 3.99318e-05 -0.00194964 0.0349749 0.0695372 1 0 0 0 0 0 0 0
476 1 0.1 6.25794 1.23778 0.613344 0.0106261 0.0051509 -0.0299327 0.348298 0.277631 -0.00879414 1 0 0 0 0 0 0 0
477 1 0.1 5.80381 2.39314 0.582226 7.1566e-05 -0.00247333 -0.000836854 -0.00223582 0.00568304 0.0562957 1 0 0 0 0 0 0 0
478 1 0.1 6.14971 1.66058 0.762513 0.000947407 0.0394253 4.52178e-06 0.185983 0.0136808 0.153867 1 0 0 0 0 0 0 0
479 1 0.1 5.64979 3.02926 0.763393 -0.00550804 -0.00210763 0.00410343 -0.0407543 -0.0143522 0.062253 1 0 0 0 0 0 0 0
480 1 0.1 5.86734 2.16867 0.69822 0.0105475 0.00788557 -0.00118213 0.0905405 -0.0915548 0.0700553 1 0 0 0 0 0 0 0
481 1 0.1 5.75583 2.32137 0.762584 0.00153783 0.00115184 0.000489192 -0.00227204 0.00730498 0.000700501 1 0 0 0 0 0 0 0
482 1 0.1 5.76214 2.52104 0.762496 0.00180062 0.000669654 2.73701e-05 0.000246231 0.0249817 -0.00240677 1 0 0 0 0 0 0 0
483 1 0.1 5.70067 2.778 0.58525 0.0148073 -0.00372688 0.000209884 0.10092 0.128093 0.0386734 1 0 0 0 0 0 0 0
484 1 0.1 5.64281 2.96859 0.567847 0.0224615 0.000320296 0.0178033 -0.0764512 -0.11256 -0.024596 1 0 0 0 0 0 0 0
485 1 0.1 5.54782 2.85748 0.762729 0.00239097 -0.00239957 0.00182361 -0.0273525 -0.0302251 0.049373 1 0 0 0 0 0 0 0
486 1 0.1 5.35866 2.93585 0.763243 0.00893243 -0.00363964 -0.000445399 -0.0640871 -0.0407224 -0.00301606 1 0 0 0 0 0 0 0
487 1 0.1 5.13615 2.92857 0.748288 -0.00316395 -0.0130335 -0.039319 0.181848 0.426194 -0.151986 1 0 0 0 0 0 0 0
488 1 0.1 5.15473 3.12716 0.76224 0.00838861 -0.0166127 -0.00299619 0.228594 0.0522881 0.0707306 1 0 0 0 0 0 0 0
489 1 0.1 5.33783 3.21221 0.762601 0.0145163 0.022133 0.000975921 0.218204 -0.130958 0.15979 1 0 0 0 0 0 0 0
490 1 0.1 5.48196 3.05533 0.661554 0.0100273 -0.00624041 -0.0114252 -0.0291476 -0.149285 -0.00368649 1 0 0 0 0 0 0 0
491 1 0.1 5.55789 3.22888 0.76455 0.0103401 0.00375099 0.000650145 0.0614151 -0.0791443 -0.0355452 1 0 0 0 0 0 0 0
492 1 0.1 5.75316 3.27163 0.76241 0.00946094 0.00837837 0.000761518 -0.0483145 0.0704841 0.0160376 1 0 0 0 0 0 0 0
493 1 0.1 5.54577 3.61277 0.762703 0.00742149 0.0019909 0.000328885 0.0047222 -0.0694353 0.0539562 1 0 0 0 0 0 0 0
494 1 0.1 5.61013 3.80158 0.762584 0.00144376 0.00339037 0.00115969 -0.0124444 -0.00515374 0.00788305 1 0 0 0 0 0 0 0
495 1 0.1 5.6402 3.43666 0.762561 0.00968923 0.00624225 0.00186551 0.0129971 0.0107437 0.0019372 1 0 0 0 0 0 0 0
496 1 0.1 5.7454 3.60783 0.762549 0.00803553 0.00442931 -0.000158095 -0.0994022 0.0774814 -0.0281192 1 0 0 0 0 0 0 0
497 1 0.1 6.05291 4.48583 0.762739 0.0012955 0.000928845 0.000345885 0.0172504 -0.00379934 -0.0109358 1 0 0 0 0 0 0 0
498 1 0.1 6.18128 4.63888 0.762577 0.000790619 0.000363173 0.000534913 0.000334019 -0.00107125 0.00784767 1 0 0 0 0 0 0 0
499 1 0.1 6.31139 4.79069 0.759938 0.000667329 0.000472408 0.000952637 0.0030936 -0.00107212 -0.0065377 1 0 0 0 0 0 0 0
