500
0 1 0.1 6.01663 1.00182 0.150054 -0.000729051 0.000642954 0.000315484 0.00190739 -0.0038144 -0.00895321 1 0 0 0 0 0 0 0
1 1 0.1 5.87538 1.14321 0.149975 -0.00129765 0.000688863 0.000228156 0.0016551 -0.00156598 0.0143113 1 0 0 0 0 0 0 0
2 1 0.1 5.73422 1.28458 0.150369 -0.00130181 0.00120576 0.000452092 0.00320298 -0.000971618 -0.0208468 1 0 0 0 0 0 0 0
3 1 0.1 5.59295 1.42574 0.15001 -0.00178919 0.00119109 0.00048862 0.00310691 -0.00434904 0.0241176 1 0 0 0 0 0 0 0
4 1 0.1 5.45427 1.56885 0.162329 -0.000947701 0.00285243 -0.00377448 -0.018715 -0.0420343 -0.0436553 1 0 0 0 0 0 0 0
5 1 0.1 5.31394 1.70866 0.13827 -0.00337959 0.00124272 -0.00214684 0.022392 0.060374 0.079125 1 0 0 0 0 0 0 0
6 1 0.1 5.1723 1.84801 0.151554 0.00160858 0.00154081 0.0100237 0.0600456 0.0345423 -0.039283 1 0 0 0 0 0 0 0
7 1 0.1 5.01675 2.00787 0.149436 -0.00987534 0.0892839 0.0609686 -0.00345028 0.418284 -0.889831 1 0 0 0 0 0 0 0
8 1 0.1 4.87202 2.14375 0.149971 -0.0376462 0.06547 -0.0106571 -1.00147 -0.477481 0.923842 1 0 0 0 0 0 0 0
9 1 0.1 4.71866 2.30302 0.150001 -0.0316403 0.0407865 -0.00431146 -0.00837097 0.0491866 0.530218 1 0 0 0 0 0 0 0
10 1 0.1 4.46203 2.5607 0.136401 0.0521933 -0.0322857 0.0104847 0.108 -0.0515542 0.000788875 1 0 0 0 0 0 0 0
11 1 0.1 4.29265 2.72957 0.14976 0.00195648 -0.00249204 -0.00656349 0.00731343 0.076825 -0.0340858 1 0 0 0 0 0 0 0
12 1 0.1 4.19155 2.90152 0.136956 0.0104392 0.0068806 0.00643243 -0.110386 0.0711968 0.0132775 1 0 0 0 0 0 0 0
13 1 0.1 4.18762 3.10223 0.149987 0.000151396 0.000556654 3.71529e-06 6.38689e-05 -0.000140814 0.00517711 1 0 0 0 0 0 0 0
14 1 0.1 4.29567 3.2701 0.138445 0.00026344 0.000503204 0.000480813 0.000647782 -0.0081496 0.00618913 1 0 0 0 0 0 0 0
15 1 0.1 4.4472 3.43094 0.148586 0.00252138 0.0104586 -0.0020129 -0.0700192 0.0587036 0.217236 1 0 0 0 0 0 0 0
16 1 0.1 4.58983 3.5696 0.13724 0.00163158 0.00489114 0.00287139 0.130816 -0.0345206 -0.102366 1 0 0 0 0 0 0 0
17 1 0.1 4.7989 3.77292 0.134645 -0.0169018 0.0175021 0.00231233 -0.149727 -0.294528 -0.260225 1 0 0 0 0 0 0 0
18 1 0.1 5.02393 4.00432 0.141809 0.00297807 0.00706468 -0.000143786 -0.0432953 0.13305 -0.156546 1 0 0 0 0 0 0 0
19 1 0.1 5.16196 4.14619 0.150916 0.00575835 0.00455202 -0.000264109 0.0573116 -0.0880177 0.0775979 1 0 0 0 0 0 0 0
20 1 0.1 5.36914 4.25375 0.217987 0.0146309 0.0200007 -0.00912466 0.140693 -0.0128282 -0.0171855 1 0 0 0 0 0 0 0
21 1 0.1 5.44126 4.42189 0.137499 0.0140221 0.0238136 2.70833e-05 -0.0391195 0.00115622 0.0271634 1 0 0 0 0 0 0 0
22 1 0.1 5.65659 4.41096 0.22847 -0.0101531 -0.00651193 -0.00287136 0.0296445 -0.0326449 -0.07165 1 0 0 0 0 0 0 0
23 1 0.1 5.60714 4.58151 0.137375 -0.0011198 -0.00102652 -1.53094e-05 0.0219091 -0.0218826 -0.00916096 1 0 0 0 0 0 0 0
24 1 0.1 5.78767 4.7693 0.15002 -0.000429567 -0.000726546 9.70598e-05 -0.00119491 -0.00269924 -0.00865611 1 0 0 0 0 0 0 0
25 1 0.1 6.30044 0.720445 0.142638 -0.000261368 0.000458256 -0.000457371 -0.00735671 0.000852099 0.00293005 1 0 0 0 0 0 0 0
26 1 0.1 6.08542 1.23843 0.137166 -0.00227123 0.00326648 -1.06811e-05 -0.0341669 -0.020445 0.06114 1 0 0 0 0 0 0 0
27 1 0.1 5.91232 1.40527 0.136949 0.0107955 0.00653951 -0.000217403 -0.0638037 0.126721 -0.236385 1 0 0 0 0 0 0 0
28 1 0.1 5.85962 1.57715 0.222008 0.0172661 0.00702724 0.00152198 -0.0268173 -0.174852 0.00149035 1 0 0 0 0 0 0 0
29 1 0.1 5.63896 1.64121 0.137453 0.00152487 -0.00239213 0.000134972 0.0345245 0.00773755 -0.0153265 1 0 0 0 0 0 0 0
30 1 0.1 5.4774 1.77707 0.230446 -0.00211723 -0.00868422 0.00257693 -0.0476872 -0.0972553 -0.316933 1 0 0 0 0 0 0 0
31 1 0.1 5.36333 1.91239 0.13748 0.0119524 0.00215696 -0.00022956 -0.015437 0.130658 0.0771817 1 0 0 0 0 0 0 0
32 1 0.1 5.21194 2.04277 0.139819 0.00593259 -0.0025439 0.013719 0.00594504 0.0651569 -0.00350166 1 0 0 0 0 0 0 0
33 1 0.1 5.06286 2.2102 0.135384 0.0199311 -0.00193672 -0.0144226 0.0316731 0.13567 0.0126847 1 0 0 0 0 0 0 0
34 1 0.1 4.91036 2.31882 0.238577 0.186192 -0.00450257 0.0581354 1.47325 1.05031 -2.86053 1 0 0 0 0 0 0 0
35 1 0.1 4.77455 2.45325 0.298893 0.128177 0.138858 -0.0132213 -0.811406 -1.0205 1.18511 1 0 0 0 0 0 0 0
36 1 0.1 4.60455 2.74152 0.134697 -0.00353005 0.0146942 -0.00613145 -0.101531 -0.0536963 0.0524713 1 0 0 0 0 0 0 0
37 1 0.1 4.4019 2.89664 0.136896 0.0082477 0.00649456 -0.00397532 -0.0925056 0.108033 -0.348987 1 0 0 0 0 0 0 0
38 1 0.1 4.48662 3.09659 0.13667 0.00618432 0.0122308 0.00136218 -0.120398 0.0427342 0.239834 1 0 0 0 0 0 0 0
39 1 0.1 4.57241 3.27572 0.137603 0.00308921 0.0132287 -0.0015619 0.0663792 -0.0646259 -0.197141 1 0 0 0 0 0 0 0
40 1 0.1 4.71466 3.41457 0.136949 0.00554064 0.0102105 -0.00195556 -0.0585518 0.0586412 0.141793 1 0 0 0 0 0 0 0
41 1 0.1 4.80419 3.58073 0.199004 0.0051746 -0.00145698 0.0138192 -0.0369975 -0.192184 -0.0772097 1 0 0 0 0 0 0 0
42 1 0.1 4.99348 3.80861 0.133093 -0.020012 0.0104434 -0.0106581 0.0616284 -0.841009 -0.0701737 1 0 0 0 0 0 0 0
43 1 0.1 5.33052 3.94134 0.286341 0.0211208 0.034167 0.00234403 0.123995 0.4587 -0.718772 1 0 0 0 0 0 0 0
44 1 0.1 5.34682 4.07262 0.137121 0.0136272 0.0194262 -0.00271212 -0.184659 0.167396 0.0719684 1 0 0 0 0 0 0 0
45 1 0.1 5.56012 4.24751 0.137172 -0.00786638 -0.00940715 0.000816939 0.0836005 -0.176675 0.0362812 1 0 0 0 0 0 0 0
46 1 0.1 5.87047 4.2965 0.137163 0.00183133 0.00152552 -0.000347869 0.0330252 -0.0204703 -0.00545889 1 0 0 0 0 0 0 0
47 1 0.1 5.9153 4.45095 0.254959 0.000947908 -0.000213589 0.000590642 -0.0115911 0.0130729 0.0108929 1 0 0 0 0 0 0 0
48 1 0.1 5.80654 4.57061 0.137503 -0.00133067 -0.00155937 0.000649144 -0.00792037 0.0153738 2.83937e-05 1 0 0 0 0 0 0 0
49 1 0.1 6.07154 5.05303 0.148315 0.000263936 0.000179581 0.00016188 -0.00322555 0.00136965 0.0023071 1 0 0 0 0 0 0 0
50 1 0.1 6.44048 0.577879 0.149927 -0.000187976 0.000257752 0.000169146 -0.00172282 -0.00350178 0.00224373 1 0 0 0 0 0 0 0
51 1 0.1 6.20172 1.0759 0.137496 -0.00167771 0.00343625 -6.14987e-05 0.0487999 0.0303444 -0.0126093 1 0 0 0 0 0 0 0
52 1 0.1 6.03292 1.6296 0.137467 0.00592147 0.0465779 0.000578377 -0.176791 0.0884205 0.440179 1 0 0 0 0 0 0 0
53 1 0.1 5.85833 1.75744 0.137232 0.0124631 0.00442744 -0.000771429 -0.0226399 0.144666 0.0433336 1 0 0 0 0 0 0 0
54 1 0.1 5.78701 1.94425 0.137231 0.0036918 0.00157984 -7.2564e-05 -0.00204078 0.0316116 0.0176483 1 0 0 0 0 0 0 0
55 1 0.1 5.69714 1.79707 0.248266 0.00726805 8.00868e-05 -0.00572868 0.0612657 -0.180406 0.0391264 1 0 0 0 0 0 0 0
56 1 0.1 5.58837 1.92162 0.136521 0.00360211 0.00310433 0.000375049 -0.0205394 0.0465109 -0.00446185 1 0 0 0 0 0 0 0
57 1 0.1 5.38948 2.13221 0.137349 0.00298445 0.00332123 -3.79014e-05 -0.0413167 0.064678 0.0780599 1 0 0 0 0 0 0 0
58 1 0.1 5.29482 2.30807 0.137103 2.15237e-05 0.000119133 -0.00100066 0.00846523 -0.0194493 0.0518625 1 0 0 0 0 0 0 0
59 1 0.1 5.09759 2.42518 0.14768 0.0239789 -0.0185795 -0.0185602 -0.372236 0.0694386 -0.420395 1 0 0 0 0 0 0 0
60 1 0.1 4.91047 2.49207 0.137191 0.0454603 0.0371395 0.00502049 -0.276005 0.370384 -0.172346 1 0 0 0 0 0 0 0
61 1 0.1 4.71215 2.5029 0.130137 0.054122 0.0291435 -0.0191088 -0.240886 0.110253 0.149603 1 0 0 0 0 0 0 0
62 1 0.1 4.60899 2.94005 0.147696 0.0106219 0.014843 -0.00435159 0.133457 0.0194314 -0.185421 1 0 0 0 0 0 0 0
63 1 0.1 4.69077 3.11988 0.178351 0.00760749 0.0153097 -0.00339558 -0.0608137 0.103271 0.237961 1 0 0 0 0 0 0 0
64 1 0.1 4.82307 3.25366 0.291815 -0.0200529 -0.0098363 -0.0288135 0.307537 -0.281463 0.647167 1 0 0 0 0 0 0 0
65 1 0.1 4.91224 3.38547 0.145456 -0.0191812 -0.144265 0.0405722 -0.212662 -0.456593 -1.64761 1 0 0 0 0 0 0 0
66 1 0.1 5.0122 3.61116 0.136785 -0.00833427 0.01594 0.00150659 0.0900901 -0.0450274 -0.0585181 1 0 0 0 0 0 0 0
67 1 0.1 5.18216 3.88307 0.13646 0.0256976 0.0527765 0.00131119 -0.55983 0.266913 0.823861 1 0 0 0 0 0 0 0
68 1 0.1 5.46338 3.91076 0.13819 0.00637394 0.0154527 0.00243678 -0.00422891 0.00414222 -0.128079 1 0 0 0 0 0 0 0
69 1 0.1 5.51998 3.98806 0.329289 0.0368092 -0.0207919 -0.0178507 0.108219 -0.193787 0.191059 1 0 0 0 0 0 0 0
70 1 0.1 5.73396 4.14902 0.137572 -0.00018477 0.00419753 0.00571378 0.0781522 0.0254369 0.115361 1 0 0 0 0 0 0 0
71 1 0.1 5.88895 4.04473 0.208904 8.01933e-05 -0.00153498 -0.0039894 0.0218069 -0.000775781 -0.0101937 1 0 0 0 0 0 0 0
72 1 0.1 6.0263 4.17124 0.137481 0.00010291 -0.00118151 -0.000508072 0.0146746 -0.00391573 -0.00201866 1 0 0 0 0 0 0 0
73 1 0.1 5.96933 4.68674 0.137498 -0.000986038 -0.00209715 2.98475e-05 0.0157902 -0.00303862 -0.00708118 1 0 0 0 0 0 0 0
74 1 0.1 6.27016 5.24739 0.149613 6.64485e-05 0.000133001 -4.54311e-05 0.0012976 -0.00142832 0.00148607 1 0 0 0 0 0 0 0
75 1 0.1 6.49546 0.769654 0.137445 -0.000384354 0.000464123 6.1923e-05 -0.00286071 -0.00260154 0.000891632 1 0 0 0 0 0 0 0
76 1 0.1 6.15796 0.86052 0.149898 -0.000686018 0.000339064 6.19172e-06 0.00358698 0.00307848 0.0064973 1 0 0 0 0 0 0 0
77 1 0.1 5.98093 1.91119 0.172933 0.00989538 0.0110494 -0.0227525 -0.00980526 0.209423 0.0713748 1 0 0 0 0 0 0 0
78 1 0.1 5.87827 2.2495 0.301112 0.00404121 0.0560633 -0.0120985 -0.084153 0.193275 0.328985 1 0 0 0 0 0 0 0
79 1 0.1 5.87286 2.40476 0.143078 -0.0135196 0.100775 0.0211571 -0.0223387 -0.0996805 0.57161 1 0 0 0 0 0 0 0
80 1 0.1 5.77238 2.20576 0.137387 -0.00035932 0.0085323 0.00086433 -0.0988572 0.00147844 0.281857 1 0 0 0 0 0 0 0
81 1 0.1 5.58911 2.12618 0.138054 0.0036821 -0.00255198 -0.00210035 0.0599905 -0.0728935 -0.17874 1 0 0 0 0 0 0 0
82 1 0.1 5.49444 2.30214 0.137429 0.0019613 0.00143933 -0.000426632 0.0616094 0.0280199 -0.082558 1 0 0 0 0 0 0 0
83 1 0.1 5.51876 2.47582 0.232135 -0.00453243 0.00153994 0.0180604 0.0961091 -0.159763 0.108598 1 0 0 0 0 0 0 0
84 1 0.1 5.29796 2.50938 0.137185 -0.0370408 0.0185996 0.00138909 -0.162751 -0.419658 -0.599263 1 0 0 0 0 0 0 0
85 1 0.1 5.11188 2.62075 0.134654 0.0890061 -0.0321457 -0.00561031 0.491662 0.76761 -0.352846 1 0 0 0 0 0 0 0
86 1 0.1 4.82019 2.67172 0.138593 -0.200273 0.14067 0.111034 -0.382726 -0.187918 0.230373 1 0 0 0 0 0 0 0
87 1 0.1 4.85455 2.98053 0.135405 0.0841384 0.00249404 -0.00719886 0.55844 -0.0595649 0.452123 1 0 0 0 0 0 0 0
88 1 0.1 4.90526 3.16712 0.134958 0.0167067 0.00795954 -0.00715012 -0.563692 0.252083 0.213467 1 0 0 0 0 0 0 0
89 1 0.1 5.08404 3.25568 0.137455 0.00480397 0.0262877 0.00108932 0.0915635 -0.0658364 -0.104857 1 0 0 0 0 0 0 0
90 1 0.1 5.13037 3.44986 0.137477 0.000897771 0.0245057 -0.000381436 -0.115822 0.0396043 0.135054 1 0 0 0 0 0 0 0
91 1 0.1 5.21075 3.63262 0.14204 -0.00797208 0.0270258 -0.00519753 0.127477 0.0949623 -0.0476824 1 0 0 0 0 0 0 0
92 1 0.1 5.38735 3.72592 0.137486 -0.00589547 0.0210727 -0.000716545 0.0145458 -0.0609255 -0.0162268 1 0 0 0 0 0 0 0
93 1 0.1 5.58604 3.75405 0.155994 -0.00549686 0.00560778 0.00438853 -0.0382064 0.0198811 -0.0310574 1 0 0 0 0 0 0 0
94 1 0.1 5.65556 3.96519 0.137325 0.00537731 0.00224374 -0.000107339 7.36353e-05 -0.00335732 0.0376161 1 0 0 0 0 0 0 0
95 1 0.1 5.8299 3.86753 0.137467 -0.00100615 -0.00549986 0.00140876 0.0263014 -0.0107672 -0.171556 1 0 0 0 0 0 0 0
96 1 0.1 5.78475 3.54512 0.440979 0.00232662 -0.00430024 0.00332377 0.0584611 0.0296442 0.0455072 1 0 0 0 0 0 0 0
97 1 0.1 5.98068 3.87419 0.26859 0.00139624 -0.0168698 0.000668296 -0.156255 0.0283582 -0.0960627 1 0 0 0 0 0 0 0
98 1 0.1 5.9291 4.91068 0.150009 -0.000260223 -0.000582586 0.000148423 -0.000869257 0.000159126 -0.00184877 1 0 0 0 0 0 0 0
99 1 0.1 6.29825 5.04982 0.137468 0.000357149 0.000277568 3.20214e-05 -0.00333972 0.00355927 0.00215237 1 0 0 0 0 0 0 0
100 1 0.1 6.32099 1.21527 0.217002 -0.0107205 0.00954187 0.00259495 0.0912582 0.0875684 0.208661 1 0 0 0 0 0 0 0
101 1 0.1 6.0786 1.4607 0.234171 0.00786786 0.0424235 -0.00547516 0.235137 -0.0380023 -0.489035 1 0 0 0 0 0 0 0
102 1 0.1 6.05066 1.75486 0.584383 3.72742e-05 0.017732 -0.000694122 -0.165729 -0.092868 -0.00417109 1 0 0 0 0 0 0 0
103 1 0.1 5.94481 2.10463 0.137489 0.00244815 0.0137986 -0.000285714 0.0221833 0.0602532 -0.22043 1 0 0 0 0 0 0 0
104 1 0.1 5.76438 2.71725 0.274828 -0.0056123 0.0365849 0.0183675 -0.0971846 -0.433887 0.46893 1 0 0 0 0 0 0 0
105 1 0.1 5.67353 2.39073 0.137781 -0.00665307 0.0172165 0.00546979 0.0158843 -0.0578423 0.263859 1 0 0 0 0 0 0 0
106 1 0.1 5.67244 2.59066 0.137589 0.0455524 0.0164517 0.00652279 -0.0170674 -0.03153 0.0583769 1 0 0 0 0 0 0 0
107 1 0.1 5.48096 2.64779 0.137486 0.0442218 0.00413179 -0.000507171 -0.0173365 -0.0316877 0.0575879 1 0 0 0 0 0 0 0
108 1 0.1 5.5828 2.64476 0.31648 0.00483586 0.00593277 0.0179919 -0.071414 0.358618 -0.0990986 1 0 0 0 0 0 0 0
109 1 0.1 5.40199 2.89279 0.137268 0.0121216 0.0124141 -0.000860901 -0.109323 -0.0896805 -0.58259 1 0 0 0 0 0 0 0
110 1 0.1 5.29097 2.70897 0.139059 0.0521849 0.0235904 -0.0106936 0.0567646 -0.0784419 -0.255628 1 0 0 0 0 0 0 0
111 1 0.1 5.02883 2.79377 0.150016 0.0545066 -0.0627345 0.0636347 -0.457658 -0.0652161 0.566295 1 0 0 0 0 0 0 0
112 1 0.1 5.03074 2.97907 0.217072 0.0440563 -0.0592182 0.0460774 0.310944 0.726165 -0.171161 1 0 0 0 0 0 0 0
113 1 0.1 5.19117 3.08698 0.138221 -0.0258263 0.00514253 -0.0114612 -0.183891 0.23634 -0.142903 1 0 0 0 0 0 0 0
114 1 0.1 5.2919 3.26071 0.136278 0.00804168 -0.00290036 -0.00421741 -0.063155 0.110517 0.0115871 1 0 0 0 0 0 0 0
115 1 0.1 5.35185 3.43266 0.234234 0.0172366 -0.00459068 0.00999153 0.0142558 0.0223355 -0.129265 1 0 0 0 0 0 0 0
116 1 0.1 5.51236 3.51928 0.137119 -9.62323e-05 -0.000572403 0.000610483 -0.0494622 -0.0378294 0.000948088 1 0 0 0 0 0 0 0
117 1 0.1 5.68285 3.5893 0.214539 -0.0043085 0.00590612 0.00568353 0.0290826 -0.0270789 0.0457514 1 0 0 0 0 0 0 0
118 1 0.1 5.67028 3.39661 0.137343 0.0026382 0.00352933 -0.000904096 -0.0233413 -0.0208008 0.097415 1 0 0 0 0 0 0 0
119 1 0.1 5.48507 3.32204 0.137064 0.00690557 -0.00201321 -0.000152621 0.02568 0.0537911 -0.0402426 1 0 0 0 0 0 0 0
120 1 0.1 5.85068 3.66583 0.137483 -0.0121007 0.0178987 5.13846e-05 -0.021321 0.0963348 0.0921436 1 0 0 0 0 0 0 0
121 1 0.1 5.81358 3.26732 0.54396 -0.00182365 0.0225108 -0.00150685 -0.0493715 0.121367 0.226244 1 0 0 0 0 0 0 0
122 1 0.1 6.0718 4.41069 0.137434 0.000217111 -9.36057e-05 -5.81627e-05 0.000844684 0.00101622 -0.000398739 1 0 0 0 0 0 0 0
123 1 0.1 6.08586 4.55261 0.277935 0.00117128 -5.59839e-06 -8.58772e-05 -0.0187527 -0.023245 -0.0148576 1 0 0 0 0 0 0 0
124 1 0.1 6.16869 4.7525 0.137217 -2.90745e-05 0.000989318 -0.000177053 -0.00750689 -0.00185586 -0.0032119 1 0 0 0 0 0 0 0
125 1 0.1 6.0766 0.942416 0.359615 0.000989257 -0.000359761 -0.00122019 -0.0152433 0.00754029 -0.00395529 1 0 0 0 0 0 0 0
126 1 0.1 5.935 1.08255 0.343561 0.00142039 -0.00105422 -0.00314345 0.00825359 0.0157513 -0.0308465 1 0 0 0 0 0 0 0
127 1 0.1 5.79451 1.22379 0.345993 0.00503295 5.99141e-05 -0.00229381 -0.00164432 0.00135913 2.23973e-05 1 0 0 0 0 0 0 0
128 1 0.1 5.65305 1.36385 0.342601 0.00212859 -0.00347498 -0.0025902 -0.022645 0.0083034 0.043659 1 0 0 0 0 0 0 0
129 1 0.1 5.51353 1.50431 0.359706 0.00505199 -0.00320345 -0.000353208 0.0247462 0.0172352 -0.024849 1 0 0 0 0 0 0 0
130 1 0.1 5.2307 1.78599 0.345819 0.000388215 -0.00555351 0.025501 0.345646 0.107602 0.0862487 1 0 0 0 0 0 0 0
131 1 0.1 5.06284 1.96284 0.356758 0.0197382 -0.0319339 -0.0278199 -0.473739 -0.0269174 -0.232795 1 0 0 0 0 0 0 0
132 1 0.1 4.99669 2.14512 0.309064 0.0120814 -0.0446116 -0.0587301 0.291676 -0.489796 0.41301 1 0 0 0 0 0 0 0
133 1 0.1 4.84096 2.18517 0.418073 0.00445042 0.00513642 -0.125193 -1.619 0.169938 -0.10503 1 0 0 0 0 0 0 0
134 1 0.1 4.76166 2.35412 0.462851 0.0458975 0.0129856 -0.0934829 2.0761 -0.486506 -0.439742 1 0 0 0 0 0 0 0
135 1 0.1 4.37656 2.65082 0.31323 0.0089591 -0.0111616 -0.0128799 -0.00889951 0.096369 -0.128738 1 0 0 0 0 0 0 0
136 1 0.1 4.20508 2.82478 0.31997 0.0138838 0.000733652 0.0187775 0.123312 0.0161858 -0.0633336 1 0 0 0 0 0 0 0
137 1 0.1 4.19183 3.01883 0.36126 -0.011332 0.0182763 -0.0484569 -1.01623 -0.150582 0.0375321 1 0 0 0 0 0 0 0
138 1 0.1 4.23141 3.21025 0.337594 0.0074923 0.00520835 -0.0500093 0.946899 0.0388832 -0.159579 1 0 0 0 0 0 0 0
139 1 0.1 4.37009 3.34776 0.355699 0.00355877 0.00271524 0.00216093 -0.0328232 0.181262 0.227879 1 0 0 0 0 0 0 0
140 1 0.1 4.51705 3.4769 0.336737 -0.00366362 0.0102513 -0.00075266 0.0633083 -0.124936 -0.132895 1 0 0 0 0 0 0 0
141 1 0.1 4.65005 3.62055 0.318296 0.00486164 0.00518978 0.00118013 -0.0664723 0.0512785 0.0480567 1 0 0 0 0 0 0 0
142 1 0.1 4.78771 3.75851 0.323023 0.00383385 0.00411167 -0.00970259 0.311959 0.362903 -0.00337196 1 0 0 0 0 0 0 0
143 1 0.1 4.93397 3.91019 0.340528 0.00146668 0.00333618 0.0128521 -0.0999611 -0.0891129 0.0438976 1 0 0 0 0 0 0 0
144 1 0.1 5.08362 4.06673 0.349327 -0.0253004 -0.0317254 0.0483521 -0.341687 -0.38327 -0.432602 1 0 0 0 0 0 0 0
145 1 0.1 5.22496 4.20824 0.349676 -0.0154688 -0.0279733 -0.00981544 0.0888759 0.0634106 -0.304094 1 0 0 0 0 0 0 0
146 1 0.1 5.40428 4.37469 0.372997 0.00611641 0.00559987 0.00244177 0.0425286 -0.0636113 0.0598652 1 0 0 0 0 0 0 0
147 1 0.1 5.55584 4.53143 0.3522 -0.0036465 -0.0030508 -0.00149832 0.0218262 0.00215449 -0.0525071 1 0 0 0 0 0 0 0
148 1 0.1 5.72481 4.70563 0.334986 0.000645849 0.000778372 -0.000968299 -0.00198001 0.00708929 0.0102896 1 0 0 0 0 0 0 0
149 1 0.1 6.00897 4.99342 0.349809 0.000235219 0.000387255 0.000216687 -0.00632221 -0.00630683 -0.00582242 1 0 0 0 0 0 0 0
150 1 0.1 6.21653 0.799848 0.351374 0.000112108 -0.000773219 -0.00124656 -0.0070996 0.0117167 -0.00433746 1 0 0 0 0 0 0 0
151 1 0.1 5.97331 1.29555 0.292596 0.00465994 0.00634736 0.00276483 -0.0148919 -0.0746706 0.064368 1 0 0 0 0 0 0 0
152 1 0.1 5.84927 1.43946 0.365351 0.0152652 0.0113119 0.00323697 -0.10575 0.00843272 0.0204237 1 0 0 0 0 0 0 0
153 1 0.1 5.70251 1.57362 0.344015 0.00693654 0.00225138 -0.0153446 0.276388 0.0574985 0.0997449 1 0 0 0 0 0 0 0
154 1 0.1 5.55601 1.69166 0.408214 0.0039427 -0.00499168 -0.00503243 -0.122394 -0.0487301 -0.0633213 1 0 0 0 0 0 0 0
155 1 0.1 5.37197 1.64499 0.342309 0.00198524 -0.00111397 -0.00254231 -0.0145101 0.019861 -0.0161033 1 0 0 0 0 0 0 0
156 1 0.1 5.31786 1.99552 0.403647 -0.00904481 -0.0229599 -0.00926617 -0.295809 -0.126275 0.257742 1 0 0 0 0 0 0 0
157 1 0.1 5.18102 2.12556 0.371255 -0.00545523 -0.0328581 -0.0286352 0.0318822 0.116966 -0.233191 1 0 0 0 0 0 0 0
158 1 0.1 4.99782 2.30822 0.432969 -0.041951 0.0620196 -0.0794744 1.06279 -1.09125 0.40507 1 0 0 0 0 0 0 0
159 1 0.1 4.96512 2.48493 0.345301 0.110993 0.180149 0.0634883 -0.664178 0.0430809 -1.06551 1 0 0 0 0 0 0 0
160 1 0.1 4.58783 2.52007 0.283493 0.073524 -0.0651014 0.00418134 0.840742 0.200216 0.622844 1 0 0 0 0 0 0 0
161 1 0.1 4.4389 2.84462 0.325429 0.0178121 -0.00242471 -0.0112921 0.191274 0.0238999 0.270003 1 0 0 0 0 0 0 0
162 1 0.1 4.37346 3.02856 0.283941 0.00150761 -0.00176498 -0.00792424 0.0471371 -0.280895 0.10768 1 0 0 0 0 0 0 0
163 1 0.1 4.48604 3.19061 0.314831 -0.000528246 0.00326916 -0.00652792 -0.109196 0.182338 -0.0995228 1 0 0 0 0 0 0 0
164 1 0.1 4.63849 3.31831 0.330947 -0.00628243 0.0078989 -0.0115576 0.190966 -0.0373805 0.0995658 1 0 0 0 0 0 0 0
165 1 0.1 4.81353 3.424 0.391027 0.000906157 -0.029697 -0.00883598 -0.0423413 0.521478 -0.729525 1 0 0 0 0 0 0 0
166 1 0.1 4.96147 3.52756 0.307726 0.00814994 -0.0535702 -0.0310617 0.797114 0.295495 -0.109807 1 0 0 0 0 0 0 0
167 1 0.1 5.00329 3.72555 0.311741 -0.127459 -0.0422887 -0.0274179 0.446514 0.32796 -1.40902 1 0 0 0 0 0 0 0
168 1 0.1 5.14692 3.87804 0.330851 0.0450122 -0.015509 0.00118037 0.971852 -0.0626723 1.05076 1 0 0 0 0 0 0 0
169 1 0.1 5.21466 3.98359 0.486301 -0.0252168 -0.0329703 0.0453793 -0.379903 -0.277224 -0.196206 1 0 0 0 0 0 0 0
170 1 0.1 5.37783 4.09832 0.416627 -0.0528013 -0.105995 -0.0528756 -1.20462 1.30004 -1.21636 1 0 0 0 0 0 0 0
171 1 0.1 5.66058 4.2281 0.308299 -0.00547272 -0.00572561 0.00181358 -0.0751104 0.18393 0.0573662 1 0 0 0 0 0 0 0
172 1 0.1 5.7997 4.32804 0.411389 -0.00536537 0.00137233 -0.00524624 0.017271 -0.111193 0.0629482 1 0 0 0 0 0 0 0
173 1 0.1 5.79208 4.52695 0.392101 0.0025998 0.00216936 0.000982411 -0.0379639 0.0243761 -0.000663406 1 0 0 0 0 0 0 0
174 1 0.1 6.15036 5.13465 0.350013 0.000166382 2.20849e-05 5.43494e-05 0.000317674 0.00185523 0.00019792 1 0 0 0 0 0 0 0
175 1 0.1 6.3587 0.656733 0.349425 -0.000790329 0.00124457 0.000179269 -0.00121153 -0.00478475 0.0138767 1 0 0 0 0 0 0 0
176 1 0.1 6.1201 1.15058 0.312798 0.000399823 0.00534241 0.00120406 0.0357193 -0.0178193 0.0827264 1 0 0 0 0 0 0 0
177 1 0.1 6.00249 1.65447 0.33851 0.00668344 0.0194626 0.00626468 -0.0730557 -0.0408973 0.117353 1 0 0 0 0 0 0 0
178 1 0.1 5.82279 1.72736 0.38716 -0.000547024 0.00337958 0.00280555 0.0238489 0.0131267 0.0905828 1 0 0 0 0 0 0 0
179 1 0.1 5.71067 1.88755 0.427525 0.00426205 0.00755788 0.00608576 0.0571774 -0.0573628 -0.169515 1 0 0 0 0 0 0 0
180 1 0.1 5.41419 1.82649 0.41341 0.0096394 -0.00514299 0.00506719 0.124685 0.165702 0.00722795 1 0 0 0 0 0 0 0
181 1 0.1 5.48189 1.97275 0.295083 0.00216423 -0.00379908 0.0035649 -0.00475113 0.0163277 0.195429 1 0 0 0 0 0 0 0
182 1 0.1 5.35588 2.2215 0.369607 -0.0144258 -0.0254691 -0.0344965 -0.406214 0.0180014 0.155719 1 0 0 0 0 0 0 0
183 1 0.1 5.16082 2.29919 0.284011 0.00517605 -0.0179549 -0.00364767 0.166008 0.0475082 0.0121447 1 0 0 0 0 0 0 0
184 1 0.1 5.15318 2.53928 0.310891 0.151746 -0.0270568 -0.0194218 -0.81821 0.381354 -0.85742 1 0 0 0 0 0 0 0
185 1 0.1 4.83166 2.63888 0.343701 0.0484787 0.123278 0.106454 -0.548313 -0.256502 1.37003 1 0 0 0 0 0 0 0
186 1 0.1 4.70522 2.78049 0.296404 -0.00200588 0.0217103 -0.0173766 0.0934907 0.0374179 -0.0127005 1 0 0 0 0 0 0 0
187 1 0.1 4.60237 2.92621 0.405889 0.014879 0.00953578 -0.00983803 -0.00552798 0.0397544 -0.0729224 1 0 0 0 0 0 0 0
188 1 0.1 4.66064 3.11504 0.375976 0.00412408 0.0161812 -0.00357977 0.0364056 -0.180382 0.221021 1 0 0 0 0 0 0 0
189 1 0.1 5.02183 3.1402 0.322675 0.033837 -0.0318505 -0.0173384 -1.31028 -0.765155 0.545753 1 0 0 0 0 0 0 0
190 1 0.1 4.97246 3.30517 0.413129 0.00519928 -0.0271496 -0.0587713 0.748936 1.01225 -0.0183825 1 0 0 0 0 0 0 0
191 1 0.1 5.15335 3.57257 0.328209 -0.0100779 -0.0306505 0.0181638 0.0311154 -0.706028 0.514761 1 0 0 0 0 0 0 0
192 1 0.1 5.27655 3.72832 0.304706 0.0128531 -0.0483998 0.0299525 -0.352979 -1.09642 -1.67698 1 0 0 0 0 0 0 0
193 1 0.1 5.46429 3.79581 0.317063 -0.0125279 0.00330952 0.109188 -0.900839 -0.19612 2.1511 1 0 0 0 0 0 0 0
194 1 0.1 5.6715 3.88108 0.428481 0.00415183 -0.00679716 0.00360353 -0.0375143 0.018471 -0.101114 1 0 0 0 0 0 0 0
195 1 0.1 5.7184 4.03689 0.31283 0.00455188 -0.00596374 0.00210823 0.04705 0.0697705 0.031801 1 0 0 0 0 0 0 0
196 1 0.1 5.85641 4.1364 0.419724 -0.00888572 -0.00396582 -0.00259024 0.0205247 0.0406123 0.00627143 1 0 0 0 0 0 0 0
197 1 0.1 5.96361 4.26533 0.311218 -0.00542805 -0.00249982 0.00227795 0.0262375 -0.0694141 -0.0335888 1 0 0 0 0 0 0 0
198 1 0.1 5.86486 4.84813 0.345043 0.000268795 0.000448252 -0.000548673 0.00692527 0.00106581 0.00500006 1 0 0 0 0 0 0 0
199 1 0.1 6.29171 5.27603 0.349987 7.05182e-05 4.48779e-05 -6.05824e-05 0.000976335 -0.000263863 0.0005751 1 0 0 0 0 0 0 0
200 1 0.1 6.36724 0.878107 0.245749 -0.00144908 0.00158094 -0.00168993 -0.0132738 -0.0141089 0.000466162 1 0 0 0 0 0 0 0
201 1 0.1 6.26405 1.01626 0.346496 0.00211219 0.00489683 -0.00143791 0.0205539 0.00846588 -0.062888 1 0 0 0 0 0 0 0
202 1 0.1 5.86953 1.982 0.323055 0.0162795 0.00307577 -0.0149352 -0.00518351 0.114762 -0.0678524 1 0 0 0 0 0 0 0
203 1 0.1 5.66255 2.67002 0.762599 0.0209762 0.0108025 -0.00494406 0.159568 -0.191561 0.0979207 1 0 0 0 0 0 0 0
204 1 0.1 5.68512 2.29907 0.315525 -0.012236 -0.0223454 0.0109491 0.0509989 0.862135 0.160614 1 0 0 0 0 0 0 0
205 1 0.1 5.67796 2.02295 0.28445 0.0140585 0.0109235 0.00421586 -0.0830475 0.10374 -0.0361049 1 0 0 0 0 0 0 0
206 1 0.1 5.54119 2.16081 0.329086 -0.00337875 0.00372175 -0.0107045 -0.241128 -0.0281107 0.288618 1 0 0 0 0 0 0 0
207 1 0.1 5.3436 2.40909 0.303246 -0.0255176 -0.0262218 -0.0275912 0.399039 1.23449 -0.506924 1 0 0 0 0 0 0 0
208 1 0.1 5.33522 2.61936 0.328802 0.162405 -0.033938 -0.00151323 0.217473 -0.854827 0.71376 1 0 0 0 0 0 0 0
209 1 0.1 5.16089 2.74352 0.290905 0.0725486 -0.084042 0.0332565 0.523428 -0.220302 -0.200997 1 0 0 0 0 0 0 0
210 1 0.1 5.03401 2.66555 0.42388 0.0075815 -0.0430247 -0.00508531 -0.317041 -0.233076 -0.677828 1 0 0 0 0 0 0 0
211 1 0.1 4.88118 2.84217 0.266533 -0.00538237 -0.000502703 -0.0263964 -1.03 -0.629665 -0.249267 1 0 0 0 0 0 0 0
212 1 0.1 4.93922 2.97757 0.397797 -0.018868 -0.0022266 -0.0217633 0.41311 -0.492528 -0.497959 1 0 0 0 0 0 0 0
213 1 0.1 5.15513 3.06034 0.442873 0.0048794 -0.0240169 0.0060052 0.566051 0.756557 -1.12963 1 0 0 0 0 0 0 0
214 1 0.1 5.20771 3.19755 0.303429 0.0106098 -0.000460929 -0.011986 0.168803 -0.0466233 -0.208793 1 0 0 0 0 0 0 0
215 1 0.1 5.20681 3.38449 0.360811 0.0236957 -0.015531 0.00737703 0.374029 -0.117603 0.16882 1 0 0 0 0 0 0 0
216 1 0.1 5.33061 3.52595 0.414108 -0.000373337 -0.00941011 0.0126385 -0.252107 0.095596 0.0915235 1 0 0 0 0 0 0 0
217 1 0.1 5.50906 3.56081 0.332243 -0.0048507 -0.00798275 0.00285903 0.128513 -0.018554 -0.023832 1 0 0 0 0 0 0 0
218 1 0.1 5.6531 3.68636 0.389374 -0.00430896 -0.00873332 0.00954261 -0.020854 0.0200372 0.0315187 1 0 0 0 0 0 0 0
219 1 0.1 5.77605 3.74845 0.53558 -0.00416322 -0.00594451 0.0134801 -0.073354 0.182306 0.118159 1 0 0 0 0 0 0 0
220 1 0.1 5.81832 3.76445 0.308413 -0.0121432 0.00546561 0.0071516 0.0301126 0.0157751 0.13531 1 0 0 0 0 0 0 0
221 1 0.1 5.86317 3.93658 0.417849 0.00409246 -0.00443846 -0.00165717 -0.0306373 0.0204866 0.125978 1 0 0 0 0 0 0 0
222 1 0.1 5.98783 4.08181 0.560197 -0.00576501 0.00252551 -0.00260839 -0.046397 -0.0220965 0.0750809 1 0 0 0 0 0 0 0
223 1 0.1 6.05286 4.80821 0.289661 0.000665121 0.00100114 9.3651e-05 0.0213257 0.00540198 -0.00606955 1 0 0 0 0 0 0 0
224 1 0.1 6.18984 4.95286 0.274529 0.000727144 0.000703892 0.000610393 -0.00437625 -0.000370897 0.00127656 1 0 0 0 0 0 0 0
225 1 0.1 6.23117 1.37524 0.137453 -0.00799116 0.00936809 -0.000525628 -0.0953471 -0.0830788 -0.0139112 1 0 0 0 0 0 0 0
226 1 0.1 6.16528 1.33745 0.367253 0.006206 0.00739402 -0.0064633 -0.12435 0.013396 -0.14736 1 0 0 0 0 0 0 0
227 1 0.1 6.03517 1.476 0.428639 0.0151811 0.0161298 -0.00209684 0.117869 0.0520278 0.0384456 1 0 0 0 0 0 0 0
228 1 0.1 5.97337 2.11741 0.427142 -0.0034011 0.0157187 -0.0122816 -0.0253399 -0.21132 0.289429 1 0 0 0 0 0 0 0
229 1 0.1 5.73562 2.85607 0.762355 0.0135545 0.00658321 0.0192923 -0.0175292 -0.123111 -0.00693401 1 0 0 0 0 0 0 0
230 1 0.1 5.51164 2.35597 0.39676 -0.0340278 -0.0389925 -0.0305154 -0.55313 -1.16882 0.258294 1 0 0 0 0 0 0 0
231 1 0.1 5.66647 2.48248 0.398096 -0.0346604 -0.0400425 -0.0333451 -0.12748 0.647766 -0.271072 1 0 0 0 0 0 0 0
232 1 0.1 5.7206 2.58629 0.590597 0.0628674 0.000224531 0.00684459 0.296984 0.0778341 0.182737 1 0 0 0 0 0 0 0
233 1 0.1 5.66691 3.05324 0.360268 -0.0018369 -0.00644188 0.0268487 -0.173714 -0.0666278 0.032837 1 0 0 0 0 0 0 0
234 1 0.1 5.20277 2.88789 0.137108 0.0158005 0.0083908 0.00275027 -0.0258762 0.295379 0.614706 1 0 0 0 0 0 0 0
235 1 0.1 5.4467 2.77825 0.376257 0.0440957 0.0348477 0.0522745 -0.285665 -0.182979 0.463396 1 0 0 0 0 0 0 0
236 1 0.1 5.08307 2.85528 0.4636 -0.035905 -0.0262834 -0.031913 0.0462452 0.141332 0.522468 1 0 0 0 0 0 0 0
237 1 0.1 5.29349 2.8909 0.315254 0.0117745 -0.0282969 0.00962935 -0.195751 0.00331514 0.200293 1 0 0 0 0 0 0 0
238 1 0.1 5.35812 3.076 0.352574 -0.00132474 -0.0183565 -0.0142991 -0.17365 -0.284192 -0.116805 1 0 0 0 0 0 0 0
239 1 0.1 5.35179 3.2627 0.423843 0.00560927 -0.0252183 0.00873032 -0.326545 0.0739197 -0.129684 1 0 0 0 0 0 0 0
240 1 0.1 5.50077 3.20688 0.302878 -0.0120696 -0.00841244 -0.0156627 -0.153396 -0.340821 0.00357889 1 0 0 0 0 0 0 0
241 1 0.1 5.66493 3.14701 0.602295 0.0146946 -0.00129057 -0.00287344 0.0012563 -0.136356 0.209389 1 0 0 0 0 0 0 0
242 1 0.1 5.49829 3.39655 0.445461 -0.00142692 -0.0178016 -0.00969552 0.0110606 -0.132364 0.180944 1 0 0 0 0 0 0 0
243 1 0.1 5.59349 3.15545 0.1363 0.00445447 -0.00331695 -0.0014355 -0.06169 0.0209409 0.00275259 1 0 0 0 0 0 0 0
244 1 0.1 5.39967 3.09254 0.137753 0.0372042 0.0142627 -0.00968902 0.0242491 0.0395042 0.325764 1 0 0 0 0 0 0 0
245 1 0.1 5.679 2.97513 0.137342 -0.00414888 -0.00642634 -0.000420022 0.0224592 -0.0406017 -0.126985 1 0 0 0 0 0 0 0
246 1 0.1 5.6607 3.43052 0.334027 0.00154216 -0.000495041 8.68677e-05 0.0591284 0.0339284 -0.00163172 1 0 0 0 0 0 0 0
247 1 0.1 5.96682 4.44754 0.448006 0.00150111 -6.0206e-05 1.71933e-05 0.00339193 -0.0129173 -0.0402997 1 0 0 0 0 0 0 0
248 1 0.1 5.93357 4.66043 0.349781 0.00111336 0.000992741 -0.00212058 0.00913882 -0.00359021 0.00475937 1 0 0 0 0 0 0 0
249 1 0.1 6.15049 4.68497 0.413157 0.000734394 0.000789612 -0.000328254 0.0113453 0.00501413 0.00701332 1 0 0 0 0 0 0 0
250 1 0.1 6.10427 0.920822 0.557653 4.22346e-05 -0.000468533 -0.0021452 -0.0235002 0.00225074 -0.00391756 1 0 0 0 0 0 0 0
251 1 0.1 5.96147 1.06281 0.54381 -0.00465826 0.00264748 0.00548794 0.0603627 -0.0279272 0.0489815 1 0 0 0 0 0 0 0
252 1 0.1 5.82527 1.20885 0.542878 0.00278827 0.00940997 -0.00185938 0.0056883 -0.0735668 -0.0453542 1 0 0 0 0 0 0 0
253 1 0.1 5.65204 1.36285 0.550123 0.000491619 -0.00112188 0.000904888 0.0126258 0.00548583 0.000436526 1 0 0 0 0 0 0 0
254 1 0.1 5.51242 1.50559 0.559616 0.000718116 -0.000898268 -0.00056737 -0.0213609 -0.00979584 -0.00628837 1 0 0 0 0 0 0 0
255 1 0.1 5.23124 1.78788 0.563809 -0.000610644 0.00122053 0.00216139 0.019856 -0.00981677 0.0031799 1 0 0 0 0 0 0 0
256 1 0.1 5.08753 1.92794 0.552842 0.00283236 -0.0198416 -0.0403429 -0.200245 0.349454 -0.180644 1 0 0 0 0 0 0 0
257 1 0.1 5.17568 2.10294 0.591282 0.00941097 -0.038503 -0.0737873 0.309884 0.60344 0.23423 1 0 0 0 0 0 0 0
258 1 0.1 4.98944 2.09908 0.519717 -0.0240679 0.0134643 -0.0449732 -0.0372908 -0.220879 -0.819863 1 0 0 0 0 0 0 0
259 1 0.1 4.61054 2.40727 0.565063 0.0205985 -0.0426461 -0.0710939 -0.40202 0.410451 -0.375002 1 0 0 0 0 0 0 0
260 1 0.1 4.48729 2.53545 0.451351 0.0284863 -0.0269152 -0.0272134 -1.53381 -0.732689 -0.219079 1 0 0 0 0 0 0 0
261 1 0.1 4.22968 2.79908 0.515505 0.0132881 -0.0233688 0.0467507 -3.61093 2.15443 0.936184 1 0 0 0 0 0 0 0
262 1 0.1 4.1911 2.98081 0.553221 -0.016972 -0.00956282 -0.0894425 1.34838 0.591356 -0.0290982 1 0 0 0 0 0 0 0
263 1 0.1 4.20028 3.17493 0.564227 -0.00679429 -0.0139444 0.0130184 -0.185424 0.0627335 -0.0967774 1 0 0 0 0 0 0 0
264 1 0.1 4.33892 3.31638 0.550572 -0.00939937 -0.00709726 -0.000883415 -0.031746 0.0483115 -0.0685036 1 0 0 0 0 0 0 0
265 1 0.1 4.48429 3.44983 0.531409 0.00450551 -0.0198117 -0.00135888 0.24681 0.247172 0.00996303 1 0 0 0 0 0 0 0
266 1 0.1 4.61972 3.59225 0.572454 -0.00848746 0.000156126 -0.0143564 -0.552091 0.354301 0.305012 1 0 0 0 0 0 0 0
267 1 0.1 4.74892 3.72565 0.505138 -0.00186778 -0.0107876 -0.0137917 -0.0111591 -0.329174 -0.870869 1 0 0 0 0 0 0 0
268 1 0.1 4.87997 3.84649 0.591911 -0.0116018 0.0290469 -0.0110558 1.72612 1.32845 2.87243 1 0 0 0 0 0 0 0
269 1 0.1 5.01029 3.99213 0.549933 0.00971001 0.0144946 -0.00076494 -0.00119761 0.000516961 0.00180727 1 0 0 0 0 0 0 0
270 1 0.1 5.3546 4.32975 0.561365 0.00320721 0.00387031 0.0015038 -0.0541297 0.063587 -0.0143302 1 0 0 0 0 0 0 0
271 1 0.1 5.50495 4.48446 0.555543 -0.00120944 -0.000569418 -0.00191048 0.00888517 0.0145663 -0.0127339 1 0 0 0 0 0 0 0
272 1 0.1 5.65069 4.63458 0.550823 -3.27202e-05 -3.24009e-05 0.00011646 0.00483377 0.00312441 -0.00363861 1 0 0 0 0 0 0 0
273 1 0.1 5.79353 4.77398 0.539289 -7.14706e-05 -9.09265e-05 -0.000111483 0.0100927 0.000129516 0.00232121 1 0 0 0 0 0 0 0
274 1 0.1 6.06177 5.04007 0.550007 7.99848e-05 0.000200542 -0.000104299 0.00135573 -0.000335774 0.00176789 1 0 0 0 0 0 0 0
275 1 0.1 6.24482 0.778789 0.553046 0.000171638 -0.000346978 -0.00115969 -0.00628563 -0.000320292 0.00670523 1 0 0 0 0 0 0 0
276 1 0.1 6.01198 1.24763 0.482851 0.00753783 0.0135236 0.00350466 -0.0489416 0.0783327 0.0313323 1 0 0 0 0 0 0 0
277 1 0.1 5.89641 1.39469 0.553555 0.00450716 0.0062769 0.00334111 0.139115 -0.163363 -9.21828e-05 1 0 0 0 0 0 0 0
278 1 0.1 5.75652 1.53277 0.588985 0.00670197 0.00420921 0.0018972 0.00377334 -0.0192671 0.00394892 1 0 0 0 0 0 0 0
279 1 0.1 5.64425 1.69673 0.585798 0.00413671 -0.00195852 -0.00696823 -0.00528705 -0.0675902 0.0244438 1 0 0 0 0 0 0 0
280 1 0.1 5.37105 1.6458 0.543165 0.000746166 -0.00112583 0.00211233 0.0320616 -0.0011508 -0.0210204 1 0 0 0 0 0 0 0
281 1 0.1 5.35961 2.17568 0.564178 0.00692985 -0.00467017 -0.0321688 0.363552 -0.755612 0.0693382 1 0 0 0 0 0 0 0
282 1 0.1 5.22432 2.39661 0.656215 0.0264963 0.017262 -0.0140452 0.492374 -0.1184 0.271549 1 0 0 0 0 0 0 0
283 1 0.1 5.20699 2.283 0.487528 -0.0375782 0.0157589 -0.088932 -1.17605 -0.397973 0.0407379 1 0 0 0 0 0 0 0
284 1 0.1 4.87926 2.37933 0.606981 -0.00791724 -0.0827419 -0.033233 -0.738184 -0.155526 0.6516 1 0 0 0 0 0 0 0
285 1 0.1 4.70669 2.5416 0.459835 0.0524155 -0.0110909 0.0126959 1.04277 -0.818053 -0.0708219 1 0 0 0 0 0 0 0
286 1 0.1 4.59391 2.70086 0.427487 0.0278575 -0.0241662 -0.0406125 0.421234 0.0997005 0.170932 1 0 0 0 0 0 0 0
287 1 0.1 4.41584 2.73553 0.489945 0.031469 -0.0274346 -0.0140855 -0.00959488 0.12701 -0.190173 1 0 0 0 0 0 0 0
288 1 0.1 4.36117 3.10639 0.467614 -0.0188118 -0.0233821 0.00074093 0.180667 0.111366 0.00261551 1 0 0 0 0 0 0 0
289 1 0.1 4.4968 3.19797 0.582526 -0.0142036 -0.0151481 -0.0102276 -0.175653 0.13203 0.0109204 1 0 0 0 0 0 0 0
290 1 0.1 4.6781 3.40796 0.534341 0.00907049 0.00786948 0.00269099 -0.0290336 -0.357799 0.252581 1 0 0 0 0 0 0 0
291 1 0.1 4.98431 3.47982 0.498269 0.0276509 -0.0483073 -0.0329786 -0.385976 -0.0129877 0.265332 1 0 0 0 0 0 0 0
292 1 0.1 4.92701 3.66111 0.481707 -0.0213256 -0.0692465 0.0135404 0.452098 1.42983 0.104826 1 0 0 0 0 0 0 0
293 1 0.1 5.1225 3.75274 0.480989 0.18762 -0.202547 -0.142013 1.04214 -0.0486529 1.07704 1 0 0 0 0 0 0 0
294 1 0.1 5.19276 4.16357 0.57012 -0.00647042 -0.00841522 0.00284388 -0.0864589 0.121219 -0.0916647 1 0 0 0 0 0 0 0
295 1 0.1 5.50991 4.20808 0.585325 -0.00571811 -0.00989069 -0.0112933 0.0360495 0.0657535 -0.0630629 1 0 0 0 0 0 0 0
296 1 0.1 5.60522 4.33627 0.466739 0.00305952 -0.00114023 0.00464932 -0.0668799 -0.0646198 0.0421011 1 0 0 0 0 0 0 0
297 1 0.1 5.74232 4.44253 0.564947 0.00610183 0.000633068 -0.000224144 0.0743736 0.0351247 -0.051933 1 0 0 0 0 0 0 0
298 1 0.1 5.8744 4.59257 0.562097 0.00508848 0.00209218 -0.000870517 0.0221586 -0.0494268 0.0604473 1 0 0 0 0 0 0 0
299 1 0.1 6.20321 5.18142 0.550066 0.000246627 0.000188138 0.000119939 -0.00341445 -0.000325023 0.00626815 1 0 0 0 0 0 0 0
300 1 0.1 6.38544 0.636972 0.550096 -0.000215953 -3.69237e-05 -3.90377e-05 -0.00415382 0.00587615 0.00776691 1 0 0 0 0 0 0 0
301 1 0.1 6.15521 1.1065 0.504102 -0.00192176 0.000865782 0.000141912 0.0302737 -0.0250989 0.00599117 1 0 0 0 0 0 0 0
302 1 0.1 5.92386 1.61537 0.518169 0.0078067 0.00822167 0.00442448 -0.0316858 -0.0422144 0.0525732 1 0 0 0 0 0 0 0
303 1 0.1 5.85497 1.79506 0.572417 0.00145004 0.00627371 0.000713061 -0.0322639 0.0646129 0.0488901 1 0 0 0 0 0 0 0
304 1 0.1 5.66292 1.89838 0.623635 0.00283092 -0.00846066 -0.00298277 0.0596924 0.0725566 -0.346291 1 0 0 0 0 0 0 0
305 1 0.1 5.47237 1.80646 0.604652 -0.00320594 0.000678761 0.00628785 0.0127517 -0.00235545 0.0394853 1 0 0 0 0 0 0 0
306 1 0.1 5.33851 1.95336 0.595357 0.000949623 0.00202649 -0.00456892 -0.0879075 -0.0882961 -0.0422321 1 0 0 0 0 0 0 0
307 1 0.1 5.2551 2.47605 0.468699 0.0883346 0.000213472 0.0230758 -0.431594 -0.472408 -0.499368 1 0 0 0 0 0 0 0
308 1 0.1 5.35608 2.60689 0.579332 0.0562338 0.000866624 0.0211563 -0.217358 -0.367642 0.0135887 1 0 0 0 0 0 0 0
309 1 0.1 5.07369 2.47434 0.551217 0.0595026 0.0649562 -0.0271654 0.0530847 -0.378111 0.0225536 1 0 0 0 0 0 0 0
310 1 0.1 4.89564 2.55751 0.518814 0.0299015 -0.0108779 0.0738204 0.166635 1.26317 0.335312 1 0 0 0 0 0 0 0
311 1 0.1 4.76909 2.77711 0.485849 0.00489771 0.0254482 -0.0237424 0.190586 0.032758 0.355145 1 0 0 0 0 0 0 0
312 1 0.1 4.38016 2.91835 0.571251 -0.0414221 -0.00571113 0.158856 2.4069 -4.17439 -0.101398 1 0 0 0 0 0 0 0
313 1 0.1 4.44483 2.86644 0.753343 -0.434179 -0.521879 0.164175 1.19188 -2.79824 -5.87735 1 0 0 0 0 0 0 0
314 1 0.1 4.69524 3.21045 0.548232 0.0035557 0.00535785 0.00254891 0.0831898 0.150272 -0.25647 1 0 0 0 0 0 0 0
315 1 0.1 4.89946 3.34264 0.610274 0.0222243 -0.025282 -0.00741507 -0.0510771 -0.0799717 -0.237239 1 0 0 0 0 0 0 0
316 1 0.1 5.11987 3.35803 0.575922 0.0238568 -0.0327061 0.00844047 -0.514807 0.214494 -0.483191 1 0 0 0 0 0 0 0
317 1 0.1 5.16348 3.56297 0.528693 0.0817456 -0.183412 0.0492884 -2.10719 -2.04818 -2.21423 1 0 0 0 0 0 0 0
318 1 0.1 5.24386 3.83468 0.617115 0.0150188 -0.117331 -0.0350227 -0.0753239 -0.743582 0.790233 1 0 0 0 0 0 0 0
319 1 0.1 5.43888 4.02361 0.591701 0.00849578 -0.00947593 -0.033303 -0.183399 -0.0624264 -0.0259839 1 0 0 0 0 0 0 0
320 1 0.1 5.62833 3.9315 0.616689 0.00276176 -0.00602555 0.00298986 0.0202278 -0.0245234 0.127899 1 0 0 0 0 0 0 0
321 1 0.1 5.61695 4.07668 0.479961 -0.00226433 -0.0105954 -0.00204282 -0.0770402 -0.135801 0.0978165 1 0 0 0 0 0 0 0
322 1 0.1 5.73296 4.22587 0.572553 0.00143842 0.00105309 0.00453361 0.0678883 0.0425538 -0.02618 1 0 0 0 0 0 0 0
323 1 0.1 5.97139 4.8621 0.562697 -0.000193707 -9.81934e-05 -0.000228534 0.00118975 0.00503613 -0.000437655 1 0 0 0 0 0 0 0
324 1 0.1 6.3456 5.32268 0.546242 9.77688e-05 9.87211e-06 -0.000202618 0.00128369 0.0018219 0.000977445 1 0 0 0 0 0 0 0
325 1 0.1 6.39926 0.831557 0.43758 -0.00141249 0.00222496 -0.00150067 -0.00789611 0.0364648 0.0105329 1 0 0 0 0 0 0 0
326 1 0.1 6.29756 0.971054 0.538316 -0.00271013 0.000607021 -0.00103104 0.0458581 -0.0295167 0.00189395 1 0 0 0 0 0 0 0
327 1 0.1 5.9787 1.84746 0.422554 0.00878319 -0.00258251 -0.0154261 -0.17393 0.107447 -0.206171 1 0 0 0 0 0 0 0
328 1 0.1 5.90826 1.98764 0.565162 -0.00670795 0.00676657 -0.0315264 -0.306977 -0.0344592 -0.2108 1 0 0 0 0 0 0 0
329 1 0.1 5.73083 2.07921 0.574215 -0.0177027 -0.0146684 -0.0480393 -0.447432 0.240072 0.484419 1 0 0 0 0 0 0 0
330 1 0.1 5.53765 1.96823 0.485632 0.00311888 0.00579874 0.00317324 -0.0071357 -0.00128033 0.167926 1 0 0 0 0 0 0 0
331 1 0.1 5.5221 2.08992 0.642547 -0.00772668 -0.00145954 0.00510779 0.0371727 0.0805062 0.0846603 1 0 0 0 0 0 0 0
332 1 0.1 5.6203 2.2327 0.510348 -0.0492727 -0.022109 -0.00220963 -0.20846 1.48142 -0.77212 1 0 0 0 0 0 0 0
333 1 0.1 5.63337 2.84581 0.405639 0.0257289 -0.0308868 0.00125538 -0.188481 0.354318 -0.232084 1 0 0 0 0 0 0 0
334 1 0.1 5.4504 2.78195 0.594285 0.0651185 -0.0071879 -0.00307126 -0.518891 -0.474807 -0.186856 1 0 0 0 0 0 0 0
335 1 0.1 5.13742 2.68445 0.593716 0.000221752 -0.0316455 -0.000462083 -0.259481 0.0105547 -0.0750221 1 0 0 0 0 0 0 0
336 1 0.1 4.93097 2.77701 0.603009 -0.0288251 -0.0410766 0.0268888 -0.544877 -0.640687 -1.43792 1 0 0 0 0 0 0 0
337 1 0.1 4.68149 2.98561 0.579393 0.00966496 0.00467633 -0.00304656 0.0656128 -0.10186 0.0782109 1 0 0 0 0 0 0 0
338 1 0.1 4.87049 3.12101 0.517933 -0.0145937 -0.017763 -0.0065375 0.144521 -0.151428 -0.0871137 1 0 0 0 0 0 0 0
339 1 0.1 5.05886 3.16836 0.580208 -0.0090741 -0.0251111 -0.00145382 0.136877 -1.71351 0.176271 1 0 0 0 0 0 0 0
340 1 0.1 5.25595 3.21394 0.590572 0.000890506 -0.0611542 -0.00594153 0.790908 -0.276767 0.138812 1 0 0 0 0 0 0 0
341 1 0.1 5.30664 3.4263 0.593982 0.0328812 -0.0559293 -0.00908176 -0.231931 -0.298536 0.161807 1 0 0 0 0 0 0 0
342 1 0.1 5.48048 3.52464 0.598531 0.0127304 -0.0233874 0.01161 -0.219478 -0.198682 0.20736 1 0 0 0 0 0 0 0
343 1 0.1 5.36567 3.68288 0.525419 -0.00333196 -0.000261979 -0.0134418 -0.0556553 -0.222226 -0.193318 1 0 0 0 0 0 0 0
344 1 0.1 5.47849 3.84498 0.516801 0.0136839 -0.015953 -0.00232538 -0.0814325 -0.199251 -0.0120245 1 0 0 0 0 0 0 0
345 1 0.1 5.58959 3.69095 0.579092 -0.000361045 -0.0151066 0.0183181 0.0628316 -0.136895 -0.0181435 1 0 0 0 0 0 0 0
346 1 0.1 5.91406 3.87741 0.601965 -0.0211252 -0.0112509 0.00419389 -0.0470705 0.029819 -0.174555 1 0 0 0 0 0 0 0
347 1 0.1 5.79434 4.03608 0.580922 -0.00417834 -9.13574e-05 0.000695541 -0.0502141 0.0357882 -0.0362112 1 0 0 0 0 0 0 0
348 1 0.1 6.13815 4.88218 0.454243 0.000445386 -0.000243859 0.000302625 -0.00543826 -0.012313 -0.00340021 1 0 0 0 0 0 0 0
349 1 0.1 6.2797 5.0234 0.454349 0.000461165 0.000152995 0.000307439 0.00185157 0.000356476 -0.00414218 1 0 0 0 0 0 0 0
350 1 0.1 6.30592 1.20399 0.416072 -0.00159603 0.00200561 0.00272523 -0.0314141 -0.00778012 0.0137638 1 0 0 0 0 0 0 0
351 1 0.1 6.16583 1.4062 0.56278 0.00781766 0.00383778 -0.000438446 0.0272775 -0.150773 -0.0736364 1 0 0 0 0 0 0 0
352 1 0.1 6.02277 1.49977 0.667201 -0.000880717 -0.00270675 0.0131787 -0.122024 -0.0118753 -0.0867214 1 0 0 0 0 0 0 0
353 1 0.1 6.09921 1.98349 0.506012 -0.00351684 0.011311 -0.019393 0.118745 -0.0873841 0.318128 1 0 0 0 0 0 0 0
354 1 0.1 5.60204 2.79942 0.191978 -0.0185547 0.000956096 0.00714764 0.0148263 0.310859 -0.126496 1 0 0 0 0 0 0 0
355 1 0.1 5.82608 2.2351 0.493497 -0.0183436 -0.00024615 -0.0204975 0.690395 -0.421449 -0.38611 1 0 0 0 0 0 0 0
356 1 0.1 5.59162 2.41741 0.580826 0.0504755 -0.0109989 0.00647394 0.0838969 -0.0338125 0.250171 1 0 0 0 0 0 0 0
357 1 0.1 5.39819 2.37177 0.560835 0.0518799 -0.0218112 0.0421219 0.0922469 0.426904 -0.106386 1 0 0 0 0 0 0 0
358 1 0.1 5.54062 2.59522 0.505015 0.0562579 0.000797029 0.0325834 0.162681 0.207539 0.0114605 1 0 0 0 0 0 0 0
359 1 0.1 5.50078 3.12851 0.484082 -0.0136932 -0.010155 -0.0223133 0.200765 0.258326 0.174541 1 0 0 0 0 0 0 0
360 1 0.1 5.50596 2.95376 0.296226 0.0122299 -0.0193972 0.0139152 0.206858 -0.0913385 0.136069 1 0 0 0 0 0 0 0
361 1 0.1 5.27157 2.76906 0.472244 0.017075 -0.0245896 0.0112103 0.089558 -0.342089 0.30993 1 0 0 0 0 0 0 0
362 1 0.1 4.99245 2.98071 0.590231 -0.0188664 -0.0249935 -0.0202567 -0.288204 0.512174 -0.133898 1 0 0 0 0 0 0 0
363 1 0.1 5.24843 3.01557 0.610018 0.0316249 -0.0664112 -0.0293386 -0.568855 -0.150638 0.204029 1 0 0 0 0 0 0 0
364 1 0.1 5.4446 3.27844 0.601394 -0.00550344 -0.0387892 0.0118801 0.0998337 0.269147 0.139445 1 0 0 0 0 0 0 0
365 1 0.1 5.40575 2.95408 0.503999 0.0416393 -0.0354886 -0.0361582 0.151151 0.397237 0.477759 1 0 0 0 0 0 0 0
366 1 0.1 5.63288 3.34327 0.583226 -0.013937 -0.0068541 0.00313058 0.102742 -0.117793 0.10205 1 0 0 0 0 0 0 0
367 1 0.1 5.81659 3.0369 0.672013 0.00581036 -0.0180409 -0.0122488 0.0732598 0.231398 -0.206175 1 0 0 0 0 0 0 0
368 1 0.1 5.66535 3.24638 0.411441 -0.00205152 -0.000232746 0.00249914 -0.0764459 -0.0228534 -0.0553806 1 0 0 0 0 0 0 0
369 1 0.1 5.7933 3.45675 0.620098 -0.014359 -0.00625263 0.00337486 -0.0325685 -0.248758 0.0246232 1 0 0 0 0 0 0 0
370 1 0.1 5.78499 2.92415 0.509883 0.0328525 -0.0236963 -0.0150145 0.17398 0.602738 -0.0519096 1 0 0 0 0 0 0 0
371 1 0.1 5.8683 3.76747 0.762518 -0.032184 -0.0123847 0.000290324 -0.023945 -0.371237 0.47319 1 0 0 0 0 0 0 0
372 1 0.1 5.91991 4.29618 0.569801 0.00191605 -0.00163604 -0.00191415 0.0311499 0.0651765 -0.00286811 1 0 0 0 0 0 0 0
373 1 0.1 6.0711 4.55948 0.576576 0.00452779 -0.00232678 -0.000524746 0.0315071 0.0618363 0.0404362 1 0 0 0 0 0 0 0
374 1 0.1 6.13216 4.74807 0.602004 0.000769293 -0.000754393 0.000257958 0.00254169 0.0122208 0.0117003 1 0 0 0 0 0 0 0
375 1 0.1 6.042 0.985386 0.737595 0.00102151 -0.000487582 -0.00233854 -0.0279305 0.00251816 0.000735155 1 0 0 0 0 0 0 0
376 1 0.1 5.89129 1.13353 0.760396 0.00709213 -0.00983924 -0.00803097 -0.113093 0.00650802 0.013551 1 0 0 0 0 0 0 0
377 1 0.1 5.75698 1.27374 0.718529 0.010559 -0.00815158 0.0069956 0.0801786 0.136872 0.0841488 1 0 0 0 0 0 0 0
378 1 0.1 5.60651 1.41595 0.748636 0.0030239 -0.000542333 -0.00359175 -0.0326449 0.0199289 -0.0307331 1 0 0 0 0 0 0 0
379 1 0.1 5.43792 1.57831 0.750067 -0.000439594 0.00071251 -1.67426e-06 -0.00176474 0.00156364 -0.00504582 1 0 0 0 0 0 0 0
380 1 0.1 5.15844 1.85642 0.749301 -0.000399872 0.00108975 -0.000592573 -0.0117327 -0.00395514 0.00510214 1 0 0 0 0 0 0 0
381 1 0.1 4.85684 2.16881 0.758616 0.000850679 -0.00117058 0.000270414 0.00123894 0.00257579 -0.00300018 1 0 0 0 0 0 0 0
382 1 0.1 4.71422 2.30864 0.749541 0.00573409 0.000314775 -0.0213546 -0.312979 -0.00329916 -0.0579032 1 0 0 0 0 0 0 0
383 1 0.1 4.57325 2.45025 0.752014 0.000511472 -0.0137814 -0.0720582 -0.0118244 0.0990874 -0.0349052 1 0 0 0 0 0 0 0
384 1 0.1 4.43927 2.59155 0.765324 0.0259527 0.0120629 0.00783262 0.0491442 0.0693191 -0.00451105 1 0 0 0 0 0 0 0
385 1 0.1 4.31828 2.69655 0.65054 0.0211158 -0.0376242 -0.00655476 0.277348 -0.166119 -0.696363 1 0 0 0 0 0 0 0
386 1 0.1 4.20076 2.82141 0.749177 0.0110654 -0.0106064 -0.0225297 0.254775 0.660911 -0.0402695 1 0 0 0 0 0 0 0
387 1 0.1 4.29323 2.99679 0.754371 0.00806037 -0.00548614 -0.0150776 0.181048 -0.00180331 0.0634469 1 0 0 0 0 0 0 0
388 1 0.1 4.19785 3.17168 0.762899 -0.00246577 -0.00329 0.00290876 0.0118748 0.00310558 0.0481558 1 0 0 0 0 0 0 0
389 1 0.1 4.33654 3.31404 0.750416 -0.00330185 -0.00259048 0.00171914 -0.0356674 0.0116219 -0.0314151 1 0 0 0 0 0 0 0
390 1 0.1 4.49736 3.46832 0.729877 0.000846221 7.50063e-05 -0.000342009 -0.0068187 -0.00838126 0.0177674 1 0 0 0 0 0 0 0
391 1 0.1 4.65753 3.63689 0.761861 0.00549946 0.0259966 -0.0286455 0.748921 0.0644346 0.116207 1 0 0 0 0 0 0 0
392 1 0.1 4.79976 3.77737 0.762494 0.0125511 0.0183487 0.0011968 -0.0040138 0.00600893 0.0061361 1 0 0 0 0 0 0 0
393 1 0.1 5.08448 4.06538 0.764251 -0.00106613 0.0163951 0.00828013 0.391903 -0.106055 -0.02752 1 0 0 0 0 0 0 0
394 1 0.1 5.23207 4.19935 0.762806 0.00737245 -0.000963456 0.00104463 -0.0214898 0.0293303 0.091423 1 0 0 0 0 0 0 0
395 1 0.1 5.51226 4.49616 0.755799 0.00128862 0.00208088 -0.000517171 0.0391245 0.0416756 0.0379601 1 0 0 0 0 0 0 0
396 1 0.1 5.67089 4.6168 0.748981 0.00596424 -0.00367744 -0.000789045 0.0322609 -0.0143782 -0.0667027 1 0 0 0 0 0 0 0
397 1 0.1 5.79262 4.77534 0.753712 -0.000278029 0.000741871 -0.00237087 -0.034283 0.0292598 0.16107 1 0 0 0 0 0 0 0
398 1 0.1 5.93347 4.91728 0.751059 0.000174706 -0.000376117 -6.34292e-05 0.00104714 0.000699597 -0.00220299 1 0 0 0 0 0 0 0
399 1 0.1 6.0747 5.05884 0.750183 -0.000118288 -9.64298e-05 -0.000279522 0.0022241 0.00240789 -0.00289111 1 0 0 0 0 0 0 0
400 1 0.1 6.32696 0.699132 0.757347 -9.56007e-05 0.000226542 0.000464106 0.00412338 -0.00349467 0.00280891 1 0 0 0 0 0 0 0
401 1 0.1 6.07249 1.17143 0.673309 -0.00152524 3.55446e-05 -0.00011268 0.0020189 0.0116969 -0.034226 1 0 0 0 0 0 0 0
402 1 0.1 5.95627 1.32186 0.729763 -0.00580809 -0.00501594 0.00287934 0.0263634 0.0153968 0.106679 1 0 0 0 0 0 0 0
403 1 0.1 5.81595 1.45803 0.763121 -0.00359401 -0.0029307 -6.60173e-06 -0.0443067 -0.0420184 -0.161089 1 0 0 0 0 0 0 0
404 1 0.1 5.67854 1.60186 0.75827 0.00141669 0.00129885 -0.00337198 0.0462812 -0.011778 0.0535593 1 0 0 0 0 0 0 0
405 1 0.1 5.31961 1.73899 0.76244 -1.88545e-05 0.00124697 0.000148889 0.00155405 0.00147444 -0.000973536 1 0 0 0 0 0 0 0
406 1 0.1 5.25445 2.03089 0.762691 0.00557237 -0.000758329 -0.00163189 -0.0837673 -0.139782 -0.0831932 1 0 0 0 0 0 0 0
407 1 0.1 5.1979 2.22167 0.75024 -0.0152523 -0.00927034 -0.0907269 -0.617682 -0.556875 0.330289 1 0 0 0 0 0 0 0
408 1 0.1 5.06236 2.28737 0.621067 -0.00912879 0.0687465 -0.0666818 1.15137 0.585606 -0.688446 1 0 0 0 0 0 0 0
409 1 0.1 4.97351 2.37966 0.768917 -0.0097234 0.000395889 -0.0142955 -0.00149809 0.143906 -0.247604 1 0 0 0 0 0 0 0
410 1 0.1 4.88294 2.59857 0.764619 -0.00531003 -0.00568033 -0.00148991 -0.114355 -0.219182 -0.209082 1 0 0 0 0 0 0 0
411 1 0.1 4.68044 2.75746 0.764023 0.0101283 -0.00620305 -0.00143877 -0.280638 -0.0544629 -0.22247 1 0 0 0 0 0 0 0
412 1 0.1 4.56647 2.79137 0.605643 0.0341504 -0.0305969 -0.0223725 -0.179112 -0.137184 -0.0452211 1 0 0 0 0 0 0 0
413 1 0.1 4.43155 3.1395 0.762255 -0.00168175 -0.000224705 -0.00107943 0.0117203 0.00345499 0.0525338 1 0 0 0 0 0 0 0
414 1 0.1 4.56715 3.28461 0.762937 -0.00239734 -0.00348644 0.000451548 0.014271 0.00442644 -0.0524757 1 0 0 0 0 0 0 0
415 1 0.1 4.69351 3.43944 0.755477 0.000666099 -0.00833942 0.00104427 -0.00963918 -0.00333101 -0.112739 1 0 0 0 0 0 0 0
416 1 0.1 4.84898 3.5799 0.759667 -0.00826037 -0.0115764 -0.0353908 0.468948 -0.359294 -0.530629 1 0 0 0 0 0 0 0
417 1 0.1 4.94462 3.92476 0.762537 0.00299198 0.00757216 0.00155701 -0.141155 0.0533825 0.135044 1 0 0 0 0 0 0 0
418 1 0.1 5.11473 3.80979 0.76776 0.0386128 0.0137908 0.0035418 0.893104 -1.11926 0.0494402 1 0 0 0 0 0 0 0
419 1 0.1 5.36622 4.34702 0.75961 -0.000749533 0.00252997 0.00162513 -0.00367844 -0.0270969 -0.0204993 1 0 0 0 0 0 0 0
420 1 0.1 5.5682 4.30509 0.759874 0.00534708 0.00435216 0.00667606 -0.121345 0.00227924 0.011531 1 0 0 0 0 0 0 0
421 1 0.1 5.72666 4.42546 0.76284 0.00494155 -0.00245632 -9.22213e-05 -0.0326458 -0.0413095 -0.076696 1 0 0 0 0 0 0 0
422 1 0.1 5.87063 4.56324 0.759889 0.00561415 -0.00470712 -0.00208363 0.0127718 0.0467381 0.0443517 1 0 0 0 0 0 0 0
423 1 0.1 5.98735 4.72513 0.762391 0.00123846 -0.00108688 -0.00187231 0.0197981 -0.0062557 0.011666 1 0 0 0 0 0 0 0
424 1 0.1 6.21613 5.20013 0.750004 -1.68416e-05 -4.33421e-05 -0.000126756 0.00213395 0.000293003 -0.000145863 1 0 0 0 0 0 0 0
425 1 0.1 6.46707 0.556689 0.750036 -4.39146e-05 9.47007e-05 -8.64041e-05 0.00365652 0.00446486 -0.00278556 1 0 0 0 0 0 0 0
426 1 0.1 6.22232 1.06926 0.757297 4.426e-05 0.00110025 -0.000668776 -0.0397282 -0.041355 0.0145869 1 0 0 0 0 0 0 0
427 1 0.1 6.15077 1.35294 0.762645 -0.0066237 0.00359242 4.32874e-06 0.0242923 0.0602791 -0.0125943 1 0 0 0 0 0 0 0
428 1 0.1 5.94776 1.65855 0.762552 0.00452762 0.00390306 0.000987366 0.0138944 -0.0174972 -0.00701177 1 0 0 0 0 0 0 0
429 1 0.1 5.78854 1.77895 0.760153 0.00215971 -9.28194e-05 -0.000434157 0.0685448 -0.0654882 0.0523531 1 0 0 0 0 0 0 0
430 1 0.1 5.5892 1.77828 0.763648 0.00283686 -0.0018972 0.000857339 -0.0690043 0.0755122 -0.0423798 1 0 0 0 0 0 0 0
431 1 0.1 5.44212 1.93812 0.763486 -0.00402155 0.0036076 -0.000298979 0.0297721 0.0292175 -0.0120971 1 0 0 0 0 0 0 0
432 1 0.1 5.39233 2.18211 0.762747 -0.00971266 0.00803929 0.000480082 0.0338167 -0.243517 -0.169631 1 0 0 0 0 0 0 0
433 1 0.1 5.39193 2.39661 0.762827 0.0148628 0.0106565 0.0031993 0.00431141 -0.104303 -0.0787739 1 0 0 0 0 0 0 0
434 1 0.1 5.29073 2.56792 0.76294 0.0109178 0.00620691 0.0018011 0.0667276 -0.103815 0.142949 1 0 0 0 0 0 0 0
435 1 0.1 5.09663 2.53287 0.740628 0.0188724 -0.0166604 0.00915383 -0.209555 0.0956698 0.0554136 1 0 0 0 0 0 0 0
436 1 0.1 4.74463 2.6263 0.630194 -0.027146 -0.0361294 0.0215117 -0.230066 0.613076 0.24338 1 0 0 0 0 0 0 0
437 1 0.1 4.74843 2.94228 0.76257 0.0036564 -0.00876005 -0.00230157 0.279283 -0.102116 0.273664 1 0 0 0 0 0 0 0
438 1 0.1 4.67423 3.12185 0.725406 -0.000391866 -0.00187387 0.00268647 -0.0249765 -0.0463142 -0.0429844 1 0 0 0 0 0 0 0
439 1 0.1 4.82706 3.24194 0.763287 0.00159267 -0.00668169 -0.000687085 -0.0756814 0.00045448 -0.0372493 1 0 0 0 0 0 0 0
440 1 0.1 5.01446 3.48781 0.695787 -0.0174697 -0.0301083 -0.0279811 0.0469852 -0.0143926 0.0987364 1 0 0 0 0 0 0 0
441 1 0.1 5.01619 3.70902 0.640977 0.116869 0.0977182 -0.122501 -3.70932 -0.419364 -2.29548 1 0 0 0 0 0 0 0
442 1 0.1 5.17798 3.62765 0.722167 -0.00885043 -0.00787525 0.0488513 -0.106944 0.393148 -0.741057 1 0 0 0 0 0 0 0
443 1 0.1 5.26063 3.97093 0.762501 -0.0825705 -0.137632 0.000315219 0.17231 -1.41377 -1.52138 1 0 0 0 0 0 0 0
444 1 0.1 5.43235 4.16032 0.762917 0.00709102 0.0101833 -0.000440999 0.157902 -0.0799353 -0.0317681 1 0 0 0 0 0 0 0
445 1 0.1 5.61707 4.08625 0.749156 0.000523276 -0.00709712 9.70259e-05 0.00753299 -0.01766 0.00645749 1 0 0 0 0 0 0 0
446 1 0.1 5.78423 4.19508 0.762796 0.00195287 -0.00358055 0.000996579 -0.0264304 -0.0227098 -0.0153558 1 0 0 0 0 0 0 0
447 1 0.1 5.91126 4.3494 0.762471 0.00352455 -0.00243346 -0.00257223 0.0326647 0.0394787 -0.0278624 1 0 0 0 0 0 0 0
448 1 0.1 6.12814 4.86678 0.762632 0.00022012 -0.000148929 -1.71862e-05 -0.00353337 -0.0050047 0.00564134 1 0 0 0 0 0 0 0
449 1 0.1 6.35753 5.34151 0.74999 -1.56332e-05 -3.97113e-05 -9.17498e-06 -4.11896e-05 -4.0396e-05 -0.000321845 1 0 0 0 0 0 0 0
450 1 0.1 6.40775 0.845831 0.648354 -0.00224843 0.000694522 -0.000854927 -0.0201488 0.00347095 0.0263308 1 0 0 0 0 0 0 0
451 1 0.1 6.18068 0.842639 0.750586 0.000344283 -0.00041651 1.7906e-05 0.00067196 0.00661706 0.0158379 1 0 0 0 0 0 0 0
452 1 0.1 6.2698 1.50245 0.703844 0.00174952 -0.000364585 0.00706455 -0.0831001 -0.0434399 -0.0830056 1 0 0 0 0 0 0 0
453 1 0.1 6.07735 1.84125 0.762578 -0.0021138 0.0168286 -5.60571e-05 0.162943 0.0197134 -0.0999137 1 0 0 0 0 0 0 0
454 1 0.1 6.00198 2.02621 0.752486 -0.00645657 0.0150058 -0.0166899 -0.329709 -0.0223701 0.141695 1 0 0 0 0 0 0 0
455 1 0.1 5.80809 1.97769 0.751789 -0.00274735 0.000533941 -0.00100113 -0.0709566 0.0846131 0.000843661 1 0 0 0 0 0 0 0
456 1 0.1 5.67672 2.12782 0.762723 -0.00124073 0.000674476 8.01908e-05 0.0102014 0.00248575 -0.00677451 1 0 0 0 0 0 0 0
457 1 0.1 5.56041 2.29029 0.762743 0.00299057 -0.0014824 -0.00124496 -0.00239803 -0.0143563 0.0105116 1 0 0 0 0 0 0 0
458 1 0.1 5.56502 2.49589 0.762626 0.0309677 0.00111463 -0.00396744 -0.24786 -0.0247182 0.0164667 1 0 0 0 0 0 0 0
459 1 0.1 5.46027 2.67374 0.762531 0.00782936 0.00202041 0.00347659 -0.0220616 0.0396781 -0.156261 1 0 0 0 0 0 0 0
460 1 0.1 5.2608 2.76402 0.762503 0.00266851 0.00241306 0.00206059 -0.0184893 -0.107966 -0.0596263 1 0 0 0 0 0 0 0
461 1 0.1 5.03879 2.72223 0.763093 -0.00148015 -0.00981569 -0.00241708 -0.0580932 0.0373513 0.154009 1 0 0 0 0 0 0 0
462 1 0.1 4.94263 2.89631 0.762961 0.00739375 -0.000828603 -0.00168232 0.115316 -0.0402585 -0.185959 1 0 0 0 0 0 0 0
463 1 0.1 4.9618 3.09484 0.758484 0.0102246 -0.000157088 0.00652349 -0.0287512 0.00921581 0.152687 1 0 0 0 0 0 0 0
464 1 0.1 5.01935 3.29952 0.762994 0.00639079 -0.018373 0.00140076 -0.179509 -0.0385024 0.041182 1 0 0 0 0 0 0 0
465 1 0.1 5.18607 3.40987 0.762505 -0.0113702 0.0104035 0.000307837 -0.242483 -0.230327 0.296259 1 0 0 0 0 0 0 0
466 1 0.1 5.43407 3.39317 0.763076 0.0182737 -0.020034 -0.000947196 -0.337763 -0.225563 -0.485448 1 0 0 0 0 0 0 0
467 1 0.1 5.36522 3.57899 0.76263 0.00658466 -0.025526 -0.00286003 0.359242 0.130287 0.608964 1 0 0 0 0 0 0 0
468 1 0.1 5.43895 3.75218 0.695478 -0.0215214 -0.00614665 -0.00706167 -0.114815 -0.138809 -0.242709 1 0 0 0 0 0 0 0
469 1 0.1 5.49309 3.93037 0.76335 0.00204914 -0.0128313 0.00104484 0.00457503 -0.0155359 -0.0616253 1 0 0 0 0 0 0 0
470 1 0.1 5.76472 3.94103 0.762587 0.00293724 0.00298624 0.00101417 -0.0167044 0.0127566 0.00232805 1 0 0 0 0 0 0 0
471 1 0.1 5.9279 4.05623 0.756429 0.00456138 -0.000102488 -0.00269021 0.016299 0.0345817 -0.0364087 1 0 0 0 0 0 0 0
472 1 0.1 6.04258 4.21096 0.702743 0.0047235 -0.000641954 -0.00372261 -0.0267999 -0.0310529 0.0310378 1 0 0 0 0 0 0 0
473 1 0.1 6.26324 5.00478 0.711335 -0.000110182 9.50109e-05 -2.972e-05 -0.00390771 -0.00428137 0.00256575 1 0 0 0 0 0 0 0
474 1 0.1 6.38096 5.14763 0.635993 4.83243e-05 7.53577e-06 -2.9123e-05 -0.00259348 -0.0037175 -0.000689104 1 0 0 0 0 0 0 0
475 1 0.1 6.41313 1.00994 0.762514 -8.66702e-05 0.000158936 -7.52537e-05 0.0306018 0.039086 -0.0235373 1 0 0 0 0 0 0 0
476 1 0.1 6.25397 1.23611 0.620028 -0.00116659 -0.000551726 0.00120055 0.038799 -0.0113425 0.020721 1 0 0 0 0 0 0 0
477 1 0.1 5.81829 2.41228 0.585214 0.02503 -0.0208426 0.0213877 -0.176258 -0.57276 -0.616011 1 0 0 0 0 0 0 0
478 1 0.1 6.14735 1.64918 0.762537 0.00500507 0.00530644 0.000412372 0.015286 0.0161802 0.0248898 1 0 0 0 0 0 0 0
479 1 0.1 5.63856 3.0308 0.762791 0.0116938 -0.00113155 0.000105873 -0.0598168 -0.128223 0.0336088 1 0 0 0 0 0 0 0
480 1 0.1 5.87273 2.16393 0.686739 -0.0207793 -0.0113202 -0.0469782 0.566301 -0.186216 -0.344865 1 0 0 0 0 0 0 0
481 1 0.1 5.75864 2.31399 0.75333 0.00577771 -0.00904652 -0.0039603 0.119861 0.0377665 -0.0866712 1 0 0 0 0 0 0 0
482 1 0.1 5.78828 2.51152 0.762724 0.035908 -0.0138452 0.0029474 -0.113223 -0.352631 -0.218026 1 0 0 0 0 0 0 0
483 1 0.1 5.65553 2.77495 0.591035 0.0223451 -0.00453073 0.0213878 -0.137729 -0.382756 0.165949 1 0 0 0 0 0 0 0
484 1 0.1 5.59631 2.96363 0.562841 0.0339378 -0.00332796 -0.0218702 -0.111485 -0.690513 -0.181039 1 0 0 0 0 0 0 0
485 1 0.1 5.52897 2.8615 0.762266 0.0138636 -0.00115391 0.00878549 0.0844657 0.00900559 0.093495 1 0 0 0 0 0 0 0
486 1 0.1 5.34647 2.94298 0.764298 0.0126649 -0.00506409 0.00158077 -0.0917463 -0.0809856 -0.0571807 1 0 0 0 0 0 0 0
487 1 0.1 5.13454 2.95224 0.762492 0.0100571 -0.0107985 -0.00127506 -0.0172744 0.0627721 0.0810967 1 0 0 0 0 0 0 0
488 1 0.1 5.15352 3.15132 0.762509 0.0136875 -0.0112028 0.00022004 0.0452354 0.0641603 -0.116463 1 0 0 0 0 0 0 0
489 1 0.1 5.35089 3.20451 0.763669 -0.0115226 -0.0595679 0.000241502 -0.586672 0.114436 0.288343 1 0 0 0 0 0 0 0
490 1 0.1 5.46639 3.07055 0.6707 0.0200259 -0.0227744 -0.0169871 -0.275382 -0.0346245 0.0126954 1 0 0 0 0 0 0 0
491 1 0.1 5.55144 3.22862 0.762605 0.0110008 -0.0216997 0.00203693 -0.208522 -0.0983541 -0.00473717 1 0 0 0 0 0 0 0
492 1 0.1 5.74968 3.25139 0.750797 0.00626468 0.0111358 -0.0179139 -0.0581625 0.269993 0.350731 1 0 0 0 0 0 0 0
493 1 0.1 5.56242 3.60403 0.762769 0.00212458 0.00451884 0.00168701 0.0367963 -0.133884 -0.282876 1 0 0 0 0 0 0 0
494 1 0.1 5.6348 3.78951 0.756605 0.0147457 -0.00269625 0.00551619 -0.0646456 -0.0501122 0.128813 1 0 0 0 0 0 0 0
495 1 0.1 5.6562 3.4278 0.762639 -0.0176528 -0.0054185 0.000884494 -0.0617423 0.185159 0.0564506 1 0 0 0 0 0 0 0
496 1 0.1 5.7621 3.59814 0.762559 0.00189893 -0.0335435 -0.000925804 -0.0257776 0.191827 -0.0666261 1 0 0 0 0 0 0 0
497 1 0.1 6.05554 4.48769 0.762576 0.00562592 -0.00297522 -0.000313179 -0.0339688 -0.0572435 -0.0157996 1 0 0 0 0 0 0 0
498 1 0.1 6.18364 4.64096 0.762569 0.00245364 -0.000602692 0.000121929 0.00324725 -0.0225803 0.0337142 1 0 0 0 0 0 0 0
499 1 0.1 6.3138 4.79271 0.762504 0.000210798 0.000738394 0.000120117 -0.00376241 0.00376219 -0.000442268 1 0 0 0 0 0 0 0
