500
0 1 0.1 6.06617 0.954094 0.150169 0.000566423 -0.000526542 -0.000127467 0.00243528 -0.00239448 0.00282206 1 0 0 0 0 0 0 0
1 1 0.1 5.92489 1.09535 0.149973 0.000697652 -0.000885951 -0.000194921 0.00201982 -0.0034561 0.00351673 1 0 0 0 0 0 0 0
2 1 0.1 5.78536 1.23788 0.140075 0.000547125 -0.000666093 0.000326396 0.0085077 0.00226966 -0.00237131 1 0 0 0 0 0 0 0
3 1 0.1 5.64519 1.37991 0.146169 0.000917944 -0.000442242 0.00393525 0.0255981 0.0137485 -0.00278888 1 0 0 0 0 0 0 0
4 1 0.1 5.502 1.51855 0.156179 0.00113449 -0.000213764 0.00561876 0.0316081 -0.0541915 -0.00981595 1 0 0 0 0 0 0 0
5 1 0.1 5.29791 1.7174 0.15003 -0.00107929 0.00182098 3.62607e-05 -0.000437363 0.000303818 0.0222624 1 0 0 0 0 0 0 0
6 1 0.1 5.15713 1.8592 0.14233 -0.00279254 0.00121616 0.00307571 0.0727608 0.00881548 -0.0594558 1 0 0 0 0 0 0 0
7 1 0.1 5.01242 2.00696 0.144175 0.000224733 -0.000847997 -0.000663256 -0.00649317 0.00297184 -0.0060505 1 0 0 0 0 0 0 0
8 1 0.1 4.87615 2.14839 0.186577 -0.00256089 0.0035834 0.00110514 0.0110573 -0.00394438 0.0449821 1 0 0 0 0 0 0 0
9 1 0.1 4.72609 2.29265 0.15019 6.45801e-05 0.000556642 0.00112572 -0.002348 0.00868399 0.0266829 1 0 0 0 0 0 0 0
10 1 0.1 4.43343 2.58945 0.147458 -0.00188392 0.00391873 0.000600795 -0.0174914 -0.00135865 0.00673514 1 0 0 0 0 0 0 0
11 1 0.1 4.29071 2.73237 0.143587 0.00365504 0.00678506 0.00416017 0.036912 0.000929709 0.00173369 1 0 0 0 0 0 0 0
12 1 0.1 4.18732 2.90209 0.149526 0.00268098 0.00842633 0.00240481 -0.00877116 -0.0211508 0.139033 1 0 0 0 0 0 0 0
13 1 0.1 4.18836 3.10201 0.153166 -0.0141787 0.00981455 -0.0668894 -0.365736 0.802565 0.192003 1 0 0 0 0 0 0 0
14 1 0.1 4.29736 3.27482 0.145429 -0.0144656 -0.0697279 -0.127084 0.359947 1.35804 -0.779181 1 0 0 0 0 0 0 0
15 1 0.1 4.49308 3.46792 0.147302 0.0213419 0.0569433 0.0994736 -0.119462 -1.14167 -1.8799 1 0 0 0 0 0 0 0
16 1 0.1 4.63302 3.60933 0.148633 0.0451489 0.0645634 0.078317 -1.28554 0.0420909 1.08663 1 0 0 0 0 0 0 0
17 1 0.1 4.78391 3.7606 0.147192 -0.00242951 -0.00400191 0.00252262 0.0285111 0.0566493 -0.112959 1 0 0 0 0 0 0 0
18 1 0.1 5.03605 4.00265 0.138775 -0.00119151 -0.00765137 -0.00291483 -0.157202 0.0602187 -0.0372138 1 0 0 0 0 0 0 0
19 1 0.1 5.16982 4.15005 0.147287 -0.0025006 -0.00447876 -0.0089175 0.12272 -0.00982181 0.069274 1 0 0 0 0 0 0 0
20 1 0.1 5.31071 4.29164 0.149051 -0.00400094 -0.00247156 0.00138154 -0.0137213 -0.0187996 -0.0382336 1 0 0 0 0 0 0 0
21 1 0.1 5.45199 4.43311 0.150017 -0.00381272 -0.00259509 -5.71193e-06 -0.0139403 0.0144445 0.0381935 1 0 0 0 0 0 0 0
22 1 0.1 5.73416 4.43814 0.274163 -0.0060805 -0.00453782 -0.0123452 0.105798 0.0869324 -0.0456467 1 0 0 0 0 0 0 0
23 1 0.1 5.64097 4.61562 0.137459 -0.000689681 -0.000693342 0.000115253 -0.000796019 0.00256043 0.003401 1 0 0 0 0 0 0 0
24 1 0.1 5.83661 4.81298 0.149169 -0.0217384 -0.0278381 -0.0115409 0.181826 -0.00680935 -0.324768 1 0 0 0 0 0 0 0
25 1 0.1 6.34885 0.671488 0.149929 5.12971e-05 -0.000402605 -0.000918235 -0.0165224 -0.0010806 -0.00861872 1 0 0 0 0 0 0 0
26 1 0.1 6.09232 1.20372 0.137419 0.000513393 0.00070629 -0.000249443 -0.0012194 0.00890397 0.0111637 1 0 0 0 0 0 0 0
27 1 0.1 5.95082 1.35002 0.138961 -0.00639906 0.0101808 0.000979167 0.103053 0.0647894 0.130881 1 0 0 0 0 0 0 0
28 1 0.1 5.80333 1.49822 0.198428 0.00378195 0.0239168 0.00887298 0.0221366 0.175922 0.107948 1 0 0 0 0 0 0 0
29 1 0.1 5.66591 1.62679 0.136032 -0.00565666 0.00343958 -0.00158006 -0.120351 0.0450671 -0.0386036 1 0 0 0 0 0 0 0
30 1 0.1 5.48105 1.76943 0.234021 0.00499383 0.00120782 0.000307662 0.0380354 -0.0119016 0.035228 1 0 0 0 0 0 0 0
31 1 0.1 5.35184 1.91058 0.13739 0.00290352 0.00161452 -0.00012785 -0.00170563 0.00875293 -0.0165451 1 0 0 0 0 0 0 0
32 1 0.1 5.20935 2.04993 0.136476 -0.000485856 -0.00512623 -0.00226204 0.163089 -0.0663439 0.0853034 1 0 0 0 0 0 0 0
33 1 0.1 5.06708 2.19894 0.136579 -0.000300381 -0.00156979 0.000541362 0.0214862 -0.00654669 0.00484814 1 0 0 0 0 0 0 0
34 1 0.1 4.91607 2.3439 0.184511 0.000498805 0.00214958 0.00013055 -0.0210732 -0.00394127 -0.020477 1 0 0 0 0 0 0 0
35 1 0.1 4.58872 2.43807 0.187641 -0.0128363 0.0168755 0.0127516 -0.114882 0.16653 -0.108794 1 0 0 0 0 0 0 0
36 1 0.1 4.54524 2.75451 0.139502 -0.0205501 0.0121606 -0.00771798 -0.108522 -0.0439248 0.192126 1 0 0 0 0 0 0 0
37 1 0.1 4.40036 2.89668 0.136269 -0.100479 0.0944259 0.000268583 -1.10942 -1.02936 1.72719 1 0 0 0 0 0 0 0
38 1 0.1 4.41176 3.09785 0.130772 0.387104 -0.143065 -0.0268735 1.40134 3.68435 1.55941 1 0 0 0 0 0 0 0
39 1 0.1 4.50035 3.26961 0.135125 0.041158 0.047614 -0.0121189 1.26854 0.0135785 2.45575 1 0 0 0 0 0 0 0
40 1 0.1 4.6693 3.37452 0.136966 0.0369086 0.0929005 -0.0045687 -1.29084 0.366042 -1.85383 1 0 0 0 0 0 0 0
41 1 0.1 4.83819 3.57095 0.135358 -0.00994043 -0.00386728 -0.0155865 0.31143 -0.210465 0.0204163 1 0 0 0 0 0 0 0
42 1 0.1 4.97575 3.8128 0.13723 -0.00106234 -0.00901453 0.000246134 0.148004 0.00894747 0.0444685 1 0 0 0 0 0 0 0
43 1 0.1 5.35031 3.92687 0.315914 0.00125397 0.00782 -0.00583583 0.0273391 -0.00481702 -0.0456728 1 0 0 0 0 0 0 0
44 1 0.1 5.3432 4.11412 0.246451 0.0135051 0.0103896 0.000339365 0.122577 -0.16697 0.00910313 1 0 0 0 0 0 0 0
45 1 0.1 5.48822 4.1976 0.137401 0.0114505 0.015403 0.000269261 -0.162947 0.136974 0.0881827 1 0 0 0 0 0 0 0
46 1 0.1 5.85593 4.29045 0.162643 -5.84073e-05 -0.00953147 0.00475732 0.127492 0.0911471 -0.0795176 1 0 0 0 0 0 0 0
47 1 0.1 5.93079 4.45665 0.243971 -0.00417322 -0.00406268 -0.00461461 -0.282191 -0.186463 0.0738501 1 0 0 0 0 0 0 0
48 1 0.1 5.87182 4.61664 0.139957 -0.0411359 -0.031253 -0.0268004 -0.123372 0.55186 0.149122 1 0 0 0 0 0 0 0
49 1 0.1 6.11926 5.09547 0.149975 -0.0245266 -0.0254653 -8.68469e-06 0.00445863 -0.00429413 -0.364495 1 0 0 0 0 0 0 0
50 1 0.1 6.49024 0.530164 0.150004 0.00029784 -0.000376687 0.000274713 0.00301895 -0.000113564 -0.00516936 1 0 0 0 0 0 0 0
51 1 0.1 6.2337 1.06231 0.137459 -6.34319e-05 0.0004827 4.06875e-05 -0.00543303 -0.00183296 0.010801 1 0 0 0 0 0 0 0
52 1 0.1 5.98688 1.54671 0.13719 0.00248525 0.00882088 -0.00162288 -0.109662 -0.0289061 -0.198296 1 0 0 0 0 0 0 0
53 1 0.1 5.85236 1.69846 0.140184 -0.00440757 0.000120955 0.00481912 -0.0229088 -0.00621178 -0.108602 1 0 0 0 0 0 0 0
54 1 0.1 5.82286 1.89617 0.137063 0.00481098 0.00155774 -0.000514147 -0.0379649 0.0546454 0.014733 1 0 0 0 0 0 0 0
55 1 0.1 5.68175 1.7975 0.236898 0.00553951 0.00240936 -0.00195807 0.108674 -0.0028191 -0.0649233 1 0 0 0 0 0 0 0
56 1 0.1 5.55059 1.92727 0.136592 0.000950825 -0.000219533 -0.00124764 -0.0458337 -0.00636138 0.0562649 1 0 0 0 0 0 0 0
57 1 0.1 5.37348 2.16327 0.139011 -0.00214322 -0.00436174 0.00924879 -0.0453143 0.0314609 -0.149382 1 0 0 0 0 0 0 0
58 1 0.1 5.23734 2.30927 0.139596 0.00548552 0.00390132 0.00487348 0.0200964 -0.0683158 0.0247707 1 0 0 0 0 0 0 0
59 1 0.1 5.08501 2.4385 0.137046 0.00040115 0.00180527 8.04594e-06 -0.0071248 -0.00893966 0.0264404 1 0 0 0 0 0 0 0
60 1 0.1 4.8796 2.55352 0.137473 -0.0111108 -0.0141833 -0.000297667 0.00521477 -0.0838371 -0.0851417 1 0 0 0 0 0 0 0
61 1 0.1 4.68399 2.59449 0.132434 -0.00857238 -0.00329991 -0.00448213 0.322735 -0.198287 0.0389801 1 0 0 0 0 0 0 0
62 1 0.1 4.64519 2.92723 0.137276 -0.0238423 0.00945484 -0.00209529 -0.0484029 -0.340084 -0.163324 1 0 0 0 0 0 0 0
63 1 0.1 4.6406 3.12716 0.137491 -0.000117505 0.00881553 0.00250855 -0.236459 -0.193854 -0.953308 1 0 0 0 0 0 0 0
64 1 0.1 4.82462 3.29842 0.235866 0.00441942 0.00111025 0.00538233 0.101345 0.131648 0.0376839 1 0 0 0 0 0 0 0
65 1 0.1 4.95793 3.40959 0.137422 0.00846567 -0.000132443 -0.000723753 0.00232168 0.0931273 0.00852687 1 0 0 0 0 0 0 0
66 1 0.1 5.03138 3.6209 0.144727 -0.0049754 -0.0124038 0.00626736 -0.113973 0.0356251 -0.110829 1 0 0 0 0 0 0 0
67 1 0.1 5.17515 3.79873 0.137548 -0.00151976 -0.0164696 0.00150018 0.15626 -0.0380724 -0.118958 1 0 0 0 0 0 0 0
68 1 0.1 5.43471 3.91717 0.136669 0.000853451 0.00434567 -0.00189615 -0.0338015 -0.00630246 -0.0126083 1 0 0 0 0 0 0 0
69 1 0.1 5.51971 4.02585 0.281495 0.0200895 -0.0274833 -0.00743704 -0.648902 -0.309498 -0.256773 1 0 0 0 0 0 0 0
70 1 0.1 5.70063 4.16808 0.136031 0.00015923 -0.00681365 -0.000659703 0.041681 -0.0163871 0.0980758 1 0 0 0 0 0 0 0
71 1 0.1 5.90518 4.10315 0.212213 -0.00490686 -0.0111674 0.00636382 -0.131298 -0.141367 0.0395506 1 0 0 0 0 0 0 0
72 1 0.1 6.05391 4.27951 0.137468 -0.0014691 -0.0260489 -0.000208627 0.236726 -0.0597695 -0.135376 1 0 0 0 0 0 0 0
73 1 0.1 6.02864 4.75939 0.137418 -0.0215364 -0.0298387 0.00199055 0.364674 -0.282315 0.273144 1 0 0 0 0 0 0 0
74 1 0.1 6.28084 5.26162 0.150014 -1.31966e-05 -2.3893e-05 0.000207473 -0.00203917 -0.00142192 -0.00066671 1 0 0 0 0 0 0 0
75 1 0.1 6.53193 0.750681 0.137425 0.0049496 -0.013808 0.000110273 0.136111 0.0346128 -0.160811 1 0 0 0 0 0 0 0
76 1 0.1 6.20799 0.813316 0.147318 0.000601447 -6.80897e-05 -0.00127459 -0.00237858 0.0158339 0.000445631 1 0 0 0 0 0 0 0
77 1 0.1 6.0482 1.73851 0.137497 -0.00450573 -0.000262077 5.98747e-05 -0.0186869 0.0459901 0.105733 1 0 0 0 0 0 0 0
78 1 0.1 5.92193 2.09038 0.262794 0.00148746 0.0038025 -0.00263383 0.0912685 0.0700214 0.0886603 1 0 0 0 0 0 0 0
79 1 0.1 5.83453 2.26357 0.203972 0.00208483 -0.0014198 -0.0052567 -0.0439086 0.12313 -0.0468363 1 0 0 0 0 0 0 0
80 1 0.1 5.76619 2.08785 0.137458 -0.00102098 -0.00131431 0.000169432 0.0167067 -0.0261077 0.0639795 1 0 0 0 0 0 0 0
81 1 0.1 5.56998 2.12612 0.137302 -5.37435e-05 0.000232455 -0.00080451 -0.0187393 -0.0372673 0.00620425 1 0 0 0 0 0 0 0
82 1 0.1 5.48065 2.33174 0.137475 0.00332067 -0.00828276 -9.74115e-05 -0.0406513 0.0054493 0.0753996 1 0 0 0 0 0 0 0
83 1 0.1 5.46311 2.51063 0.224849 0.00149538 -0.0067649 -0.00327195 0.00799699 0.0304696 -0.0325232 1 0 0 0 0 0 0 0
84 1 0.1 5.27133 2.50428 0.166824 -0.00152714 0.0029576 0.0103856 0.0125659 -0.131804 0.0132364 1 0 0 0 0 0 0 0
85 1 0.1 5.09487 2.64141 0.137394 0.00288363 0.00224086 0.000274862 -0.0245832 0.0267615 -0.00792162 1 0 0 0 0 0 0 0
86 1 0.1 4.81717 2.74347 0.137192 -0.0070299 -0.0135114 -0.00313207 0.128706 -0.0774903 0.0298412 1 0 0 0 0 0 0 0
87 1 0.1 4.84345 2.94257 0.156789 -0.0192268 -0.00461092 -0.0381273 0.184458 0.750347 0.0166582 1 0 0 0 0 0 0 0
88 1 0.1 4.88855 3.13709 0.137016 0.00618192 0.00472345 -0.0029197 -0.0324069 0.0842115 0.0284816 1 0 0 0 0 0 0 0
89 1 0.1 5.06662 3.24188 0.137252 0.00532865 -0.00579262 0.000584443 0.0650631 0.0623896 0.0101384 1 0 0 0 0 0 0 0
90 1 0.1 5.15746 3.41997 0.137682 0.0115109 -0.00860966 0.00712935 -0.068686 -0.195854 -0.0892442 1 0 0 0 0 0 0 0
91 1 0.1 5.22968 3.60443 0.163402 -0.00087307 -0.00283383 0.00390488 -0.0398509 0.00362131 0.194672 1 0 0 0 0 0 0 0
92 1 0.1 5.38917 3.72269 0.141907 -0.00651476 0.00719215 0.000747561 0.00550304 0.00826563 -0.0684981 1 0 0 0 0 0 0 0
93 1 0.1 5.58055 3.78035 0.137499 -0.00318787 0.000696768 -6.04417e-05 0.000268035 0.00309933 -0.00626703 1 0 0 0 0 0 0 0
94 1 0.1 5.64743 3.97329 0.137347 0.0208741 -0.0512341 0.00077609 0.516533 0.214171 0.0342197 1 0 0 0 0 0 0 0
95 1 0.1 5.85836 3.92402 0.137244 0.0246884 -0.0193877 0.000874035 0.201314 0.249418 0.34117 1 0 0 0 0 0 0 0
96 1 0.1 5.88348 3.68166 0.334426 0.0186426 -0.0299204 0.0174939 -0.228074 0.0475751 0.00892961 1 0 0 0 0 0 0 0
97 1 0.1 5.96906 3.85673 0.289565 0.0158263 -0.0335521 0.000754855 0.109601 0.0894668 -0.0105195 1 0 0 0 0 0 0 0
98 1 0.1 5.97913 4.95298 0.157016 -0.0245219 -0.0255069 0.000447174 -0.0118731 0.003978 0.365004 1 0 0 0 0 0 0 0
99 1 0.1 6.33762 5.07038 0.137473 -0.0267193 -0.00793172 -0.000180717 0.0861921 -0.270048 -0.296662 1 0 0 0 0 0 0 0
100 1 0.1 6.38973 1.15428 0.222071 -0.00237296 0.00996394 -0.00633817 0.096712 0.137396 0.159125 1 0 0 0 0 0 0 0
101 1 0.1 6.11719 1.42201 0.223378 -0.00111217 0.00249724 -0.00315656 0.0372285 0.120993 0.0629639 1 0 0 0 0 0 0 0
102 1 0.1 6.13762 1.68662 0.583709 -0.0102263 -2.53875e-05 -0.00402085 -0.110589 0.0183992 -0.21662 1 0 0 0 0 0 0 0
103 1 0.1 5.99922 1.90885 0.230132 0.00726605 0.00680453 -0.00640527 -0.0899551 0.0240715 -0.00914405 1 0 0 0 0 0 0 0
104 1 0.1 5.73233 2.665 0.305213 0.00324881 -0.00599379 -0.00696119 0.041187 -0.022914 -0.0176179 1 0 0 0 0 0 0 0
105 1 0.1 5.67723 2.36733 0.137398 0.00110924 -0.00103601 -0.000699793 -0.0379846 -0.0106387 0.000180049 1 0 0 0 0 0 0 0
106 1 0.1 5.68141 2.56701 0.138668 0.00263834 -0.0029983 -0.00697931 0.00206796 0.0507283 -0.0138398 1 0 0 0 0 0 0 0
107 1 0.1 5.51764 2.68171 0.137242 0.00202378 -0.0036759 -0.000602008 0.019216 0.0199021 0.0334784 1 0 0 0 0 0 0 0
108 1 0.1 5.53489 2.67017 0.336041 0.00505255 -0.00342751 -0.00207124 0.0122223 0.0683416 -0.0241661 1 0 0 0 0 0 0 0
109 1 0.1 5.39448 2.87604 0.137475 -0.00474517 -0.0104517 -6.8301e-05 0.0275728 0.0222962 -0.0900622 1 0 0 0 0 0 0 0
110 1 0.1 5.29569 2.7007 0.139195 -0.00260137 0.00182341 0.00832197 -0.0577506 -0.0593265 0.0268136 1 0 0 0 0 0 0 0
111 1 0.1 5.0013 2.82133 0.137497 -0.0125688 -0.00116188 -0.000534189 -0.644198 -0.167371 0.100644 1 0 0 0 0 0 0 0
112 1 0.1 5.04751 3.00977 0.233174 0.0212658 -0.00860575 -0.00696795 -0.0835155 0.00226304 -0.090751 1 0 0 0 0 0 0 0
113 1 0.1 5.20833 3.07666 0.137054 0.0235413 -0.00669139 -0.00307978 0.123471 -0.0229336 0.0800075 1 0 0 0 0 0 0 0
114 1 0.1 5.29514 3.24531 0.207031 0.00979067 -0.00158952 -0.00033897 0.0329687 -0.00638999 0.00934993 1 0 0 0 0 0 0 0
115 1 0.1 5.34916 3.44066 0.235647 0.00604737 0.00799533 0.000707469 -0.0491372 0.0260045 -0.0965869 1 0 0 0 0 0 0 0
116 1 0.1 5.50269 3.51816 0.136774 0.00236127 0.000676339 -0.00283839 0.0438296 0.0381117 0.0261149 1 0 0 0 0 0 0 0
117 1 0.1 5.6875 3.59319 0.137219 -0.00195308 0.00949468 -0.000618031 0.014752 -0.0122073 0.0139449 1 0 0 0 0 0 0 0
118 1 0.1 5.65773 3.37896 0.137416 0.00906146 -0.0140994 0.000155263 0.163856 0.0317509 -0.148969 1 0 0 0 0 0 0 0
119 1 0.1 5.47007 3.31042 0.137299 0.00525913 -0.000375726 -0.000262121 -0.0116881 0.0307796 0.00541232 1 0 0 0 0 0 0 0
120 1 0.1 5.8424 3.7197 0.136711 0.0377311 -0.03557 -0.00203821 0.309231 0.334005 -0.0578598 1 0 0 0 0 0 0 0
121 1 0.1 5.8085 3.51454 0.417211 0.0131699 -0.0327825 0.00486464 0.0704826 0.192939 -0.0434584 1 0 0 0 0 0 0 0
122 1 0.1 6.09726 4.4864 0.137383 -0.00029997 -0.0178958 -0.000809938 0.17183 -0.0396405 -0.0484614 1 0 0 0 0 0 0 0
123 1 0.1 6.12854 4.63439 0.267841 -0.0184178 -0.0204533 0.00303369 -0.277043 -0.803444 -0.467818 1 0 0 0 0 0 0 0
124 1 0.1 6.22659 4.77861 0.15768 -0.0261402 0.00646004 0.0103322 0.29764 0.264451 0.160759 1 0 0 0 0 0 0 0
125 1 0.1 6.08697 0.931956 0.35193 0.00291156 -0.0019324 -0.00203811 -0.0440444 -0.0274186 -0.0307601 1 0 0 0 0 0 0 0
126 1 0.1 5.94688 1.07342 0.349561 0.00506621 -0.00119723 -0.0144833 -0.0610792 -0.047886 0.00532148 1 0 0 0 0 0 0 0
127 1 0.1 5.80763 1.21512 0.337803 0.00992402 0.00204817 -0.0243948 -0.0694421 0.0439929 -0.0612455 1 0 0 0 0 0 0 0
128 1 0.1 5.65107 1.36452 0.350015 0.000952799 -0.00167227 7.49201e-05 0.00638895 0.00104211 -0.0145403 1 0 0 0 0 0 0 0
129 1 0.1 5.51013 1.50626 0.354744 0.00173477 -0.00123164 0.00383389 0.0111688 -0.0254384 0.0274677 1 0 0 0 0 0 0 0
130 1 0.1 5.22733 1.78782 0.350139 0.000304249 -0.000992478 -0.000653066 -0.00977448 -0.00813809 0.0298829 1 0 0 0 0 0 0 0
131 1 0.1 5.09307 1.93039 0.31397 0.000328699 -0.000820148 -5.70367e-05 0.0194115 -0.0348296 -0.0337534 1 0 0 0 0 0 0 0
132 1 0.1 4.90596 2.12564 0.398069 0.0170122 -0.0107215 -0.059588 0.0835695 0.233193 0.0468466 1 0 0 0 0 0 0 0
133 1 0.1 4.76695 2.25877 0.342983 -0.0224589 0.0177195 0.00988634 -0.00443661 -0.15292 0.267141 1 0 0 0 0 0 0 0
134 1 0.1 4.62582 2.39714 0.373553 -0.0170488 0.00860437 0.00286924 0.132917 0.19307 0.391854 1 0 0 0 0 0 0 0
135 1 0.1 4.38005 2.64036 0.333168 -0.0492786 0.0952854 -0.0337054 -1.15429 -0.256894 0.870182 1 0 0 0 0 0 0 0
136 1 0.1 4.21071 2.8136 0.35155 -0.201934 0.180921 -0.0823698 -0.0998758 1.08054 2.61772 1 0 0 0 0 0 0 0
137 1 0.1 4.22695 3.01516 0.375938 0.254116 0.244949 0.273378 -0.314314 6.30271 -4.02084 1 0 0 0 0 0 0 0
138 1 0.1 4.23399 3.20756 0.322735 0.109231 0.1633 0.00686893 -1.19022 0.738053 1.80645 1 0 0 0 0 0 0 0
139 1 0.1 4.37078 3.35086 0.349296 0.107127 0.157068 0.00777047 0.108908 -0.0647131 0.0516562 1 0 0 0 0 0 0 0
140 1 0.1 4.53321 3.51113 0.337958 -0.0392588 -0.00321614 0.150786 0.199952 -0.135992 -0.451984 1 0 0 0 0 0 0 0
141 1 0.1 4.68223 3.66126 0.347981 -0.00169119 -0.00295276 -0.0333244 0.298712 0.10313 0.0369339 1 0 0 0 0 0 0 0
142 1 0.1 4.86047 3.83175 0.316437 -0.0131503 -0.011482 0.0110097 0.00465974 -0.160035 -0.20157 1 0 0 0 0 0 0 0
143 1 0.1 5.03508 4.01218 0.33826 0.00360984 -0.000216454 -0.00302922 0.0945809 -0.0275119 -0.190773 1 0 0 0 0 0 0 0
144 1 0.1 5.17587 4.15248 0.348359 0.00518654 -0.00215402 -0.00878064 0.0441976 0.0191731 0.0322627 1 0 0 0 0 0 0 0
145 1 0.1 5.31508 4.29503 0.350331 0.00109007 8.29712e-05 -0.0052905 0.0598354 0.0281601 0.0263429 1 0 0 0 0 0 0 0
146 1 0.1 5.45654 4.43629 0.34999 0.00157547 0.000811146 -0.00149647 0.0229181 -0.00501508 0.0189722 1 0 0 0 0 0 0 0
147 1 0.1 5.61168 4.58417 0.332661 -0.000880973 -0.00132998 0.000339941 0.00209808 -0.00741935 -0.00432532 1 0 0 0 0 0 0 0
148 1 0.1 5.75051 4.72716 0.347895 -0.00176997 7.76796e-05 0.00313745 -0.0131953 -0.0417005 0.000562279 1 0 0 0 0 0 0 0
149 1 0.1 6.03497 5.01169 0.349181 -0.000465929 -0.00277202 -0.00889826 0.0934002 0.0345642 -0.00128919 1 0 0 0 0 0 0 0
150 1 0.1 6.2277 0.790375 0.350314 0.0025042 -0.0018328 0.00132954 0.0182219 0.00200454 0.00327795 1 0 0 0 0 0 0 0
151 1 0.1 5.99948 1.26658 0.315736 0.0138567 -0.00361628 -0.0107793 0.244914 -0.253568 -0.103785 1 0 0 0 0 0 0 0
152 1 0.1 5.86324 1.40468 0.362259 0.0157709 -0.00223066 -0.0161245 0.23006 -0.22873 -0.0374499 1 0 0 0 0 0 0 0
153 1 0.1 5.69264 1.58604 0.339233 0.00118926 0.00679108 0.0181451 0.0990478 -0.0867827 0.0492195 1 0 0 0 0 0 0 0
154 1 0.1 5.55526 1.71297 0.408951 -0.0074639 0.00493438 0.0054176 -0.0734659 -0.122344 -0.0258643 1 0 0 0 0 0 0 0
155 1 0.1 5.36897 1.64753 0.343897 0.000984265 7.65326e-05 -0.00656164 -0.0134536 0.108774 -0.0212553 1 0 0 0 0 0 0 0
156 1 0.1 5.26102 1.98987 0.404719 -0.00343312 0.00609113 0.00358231 -0.0504778 -0.0177508 -0.243234 1 0 0 0 0 0 0 0
157 1 0.1 5.13256 2.12531 0.30852 -0.0131546 0.00315192 0.008697 -0.0104055 -0.210653 0.173649 1 0 0 0 0 0 0 0
158 1 0.1 4.93257 2.32768 0.431144 -0.0229992 0.0210905 0.0114283 -0.118167 0.093473 -0.291341 1 0 0 0 0 0 0 0
159 1 0.1 4.79673 2.46843 0.29831 -0.0163095 0.00532253 0.00711983 -0.24856 0.0563666 0.161268 1 0 0 0 0 0 0 0
160 1 0.1 4.57784 2.5806 0.319005 -0.0181036 0.0186478 0.015304 0.116798 -0.241917 0.290419 1 0 0 0 0 0 0 0
161 1 0.1 4.41482 2.83619 0.323619 -0.0438366 0.103316 0.00188645 1.4075 0.825769 -0.784074 1 0 0 0 0 0 0 0
162 1 0.1 4.3896 3.0687 0.307517 0.201904 -0.176117 -0.121693 -1.49727 -5.82084 1.26435 1 0 0 0 0 0 0 0
163 1 0.1 4.55869 3.15823 0.346325 0.0714573 -0.0502972 0.166046 0.0728981 1.85312 -0.359183 1 0 0 0 0 0 0 0
164 1 0.1 4.63341 3.33872 0.32983 -0.0366087 -0.0283224 -0.0400311 -1.68626 -0.441797 1.45314 1 0 0 0 0 0 0 0
165 1 0.1 4.75909 3.48536 0.296438 -0.0690084 -0.00798586 -0.073911 0.229599 -0.585806 -0.674421 1 0 0 0 0 0 0 0
166 1 0.1 4.9172 3.59785 0.316575 -0.0324194 -0.0536053 -0.00428168 0.240058 -0.0672347 0.00230906 1 0 0 0 0 0 0 0
167 1 0.1 5.06218 3.81518 0.317456 -0.0166412 -0.00888812 0.00701969 -0.123765 -0.178397 -0.0235077 1 0 0 0 0 0 0 0
168 1 0.1 5.19125 3.93685 0.433657 0.00432205 -0.000609842 -0.00488051 -0.0576511 0.0417717 0.16619 1 0 0 0 0 0 0 0
169 1 0.1 5.33709 4.06637 0.474879 0.00138295 0.00561608 -0.00754743 0.14184 0.145918 -0.135084 1 0 0 0 0 0 0 0
170 1 0.1 5.47836 4.18752 0.390606 -0.0061007 -0.0217531 -0.0230229 0.577739 -0.24269 -0.0973806 1 0 0 0 0 0 0 0
171 1 0.1 5.63367 4.26694 0.293553 -0.00133454 -0.00845391 -0.00336577 -0.105754 0.103945 0.0776279 1 0 0 0 0 0 0 0
172 1 0.1 5.84485 4.35664 0.419137 -0.0242403 -0.0202523 -0.00564634 -0.0203495 -0.250443 -0.104864 1 0 0 0 0 0 0 0
173 1 0.1 5.84016 4.55528 0.396754 -0.0685621 -0.0177542 0.0540753 0.130384 -1.07163 -0.0104785 1 0 0 0 0 0 0 0
174 1 0.1 6.17615 5.1532 0.349874 -0.000880457 -0.00158371 -0.00198758 0.0303723 -0.013317 -0.00461066 1 0 0 0 0 0 0 0
175 1 0.1 6.38205 0.641282 0.344757 -0.00167396 0.0012428 -0.00023946 -0.0171466 -0.0165423 0.0172614 1 0 0 0 0 0 0 0
176 1 0.1 6.13751 1.12234 0.314288 0.00771133 -0.00846967 -0.00746863 0.00367266 -0.0404862 0.0231667 1 0 0 0 0 0 0 0
177 1 0.1 5.97394 1.62294 0.321348 0.00627008 0.00778371 -0.00294396 0.14691 -0.0574428 -0.11619 1 0 0 0 0 0 0 0
178 1 0.1 5.81832 1.73831 0.36988 0.00546919 0.00531378 0.000316795 0.00847175 -0.0092212 0.0949006 1 0 0 0 0 0 0 0
179 1 0.1 5.67888 1.92105 0.392497 0.00322701 -0.000911801 -0.000331074 -0.05405 -0.0145378 -0.0350305 1 0 0 0 0 0 0 0
180 1 0.1 5.40813 1.85005 0.408371 -0.0103389 0.00302236 0.0285382 -0.276544 -0.411908 -0.0783087 1 0 0 0 0 0 0 0
181 1 0.1 5.41522 2.02971 0.284386 0.00325694 -0.00825681 0.00687519 0.0989431 -0.0196765 0.00107104 1 0 0 0 0 0 0 0
182 1 0.1 5.29294 2.242 0.330535 -0.0165275 0.0031255 0.0134417 -0.0864356 0.0753435 -0.165307 1 0 0 0 0 0 0 0
183 1 0.1 5.10997 2.3237 0.305921 -0.0226437 0.00200403 0.00588324 0.013298 -0.078202 -0.0636112 1 0 0 0 0 0 0 0
184 1 0.1 4.99686 2.48824 0.308399 -0.0087349 0.0106033 -0.00537481 -0.0183629 -0.109173 -0.116215 1 0 0 0 0 0 0 0
185 1 0.1 4.72642 2.63549 0.438487 -0.0255007 0.025396 0.0210683 0.0664838 0.246561 -0.0791867 1 0 0 0 0 0 0 0
186 1 0.1 4.60118 2.77451 0.331637 -0.0634486 0.0249006 0.0012882 -0.413124 -1.02314 0.0161337 1 0 0 0 0 0 0 0
187 1 0.1 4.69652 2.94728 0.329107 -0.00736659 -0.00431043 -0.00972762 -0.0504324 0.425682 -0.608686 1 0 0 0 0 0 0 0
188 1 0.1 4.75577 3.13681 0.331109 0.0440308 -0.025112 -0.00643427 0.0618517 -0.0460975 0.465491 1 0 0 0 0 0 0 0
189 1 0.1 4.95269 3.15969 0.324346 0.0245831 -0.0109183 -0.00751368 0.100939 -0.0312031 0.0703691 1 0 0 0 0 0 0 0
190 1 0.1 4.9182 3.35431 0.402789 0.0233608 -0.0130625 -0.00440002 0.100526 0.120818 0.0563615 1 0 0 0 0 0 0 0
191 1 0.1 5.1148 3.62297 0.334109 -0.0347767 -0.017176 -0.00631979 0.325699 -0.0869059 0.173417 1 0 0 0 0 0 0 0
192 1 0.1 5.30733 3.73245 0.32408 -0.00699982 0.00966234 -0.00113705 0.00135046 -0.0077892 -0.0356751 1 0 0 0 0 0 0 0
193 1 0.1 5.49679 3.79335 0.339337 -0.00423965 5.84696e-05 -0.0205723 0.0232236 0.174218 -0.0213663 1 0 0 0 0 0 0 0
194 1 0.1 5.63465 3.92073 0.406773 0.0272695 -0.0339221 -0.0198868 0.307427 0.138227 -0.320014 1 0 0 0 0 0 0 0
195 1 0.1 5.70866 4.08144 0.315026 0.0213351 -0.0228908 -0.00766246 -0.0483397 0.143465 0.244126 1 0 0 0 0 0 0 0
196 1 0.1 5.88429 4.14874 0.405552 -0.0604434 -0.0169251 0.00408029 0.238984 -0.506997 -0.328164 1 0 0 0 0 0 0 0
197 1 0.1 6.01047 4.28563 0.332573 -0.0360751 -0.0429049 -0.00773002 -0.334101 0.43076 0.0196535 1 0 0 0 0 0 0 0
198 1 0.1 5.89496 4.8694 0.358461 -0.00388897 -0.000341038 -0.00835514 0.0264006 0.0972579 -0.0366874 1 0 0 0 0 0 0 0
199 1 0.1 6.31754 5.29458 0.350003 -0.00109747 -0.000466442 0.000133523 -0.000417755 -0.00137911 -0.00412052 1 0 0 0 0 0 0 0
200 1 0.1 6.38733 0.848805 0.234295 0.0102485 -0.0111473 0.00753415 0.0644948 -0.0733673 0.00414857 1 0 0 0 0 0 0 0
201 1 0.1 6.27938 0.983346 0.334992 0.00574741 -0.00883221 0.00165726 -0.0635899 -0.0424783 -0.035807 1 0 0 0 0 0 0 0
202 1 0.1 5.87973 1.92791 0.389179 0.00759174 0.0024629 -0.00556983 0.146455 -0.0269124 0.00821354 1 0 0 0 0 0 0 0
203 1 0.1 5.60098 2.66767 0.762578 0.0138707 0.000367004 -0.000299407 -0.0191151 -0.0807103 0.155053 1 0 0 0 0 0 0 0
204 1 0.1 5.76957 2.30168 0.389169 0.0159796 0.0010543 -0.000870059 -0.0337869 0.0563539 0.19057 1 0 0 0 0 0 0 0
205 1 0.1 5.66428 2.10333 0.311795 0.00665431 -0.00317844 -0.00586998 -0.0275126 -0.00961395 0.0323512 1 0 0 0 0 0 0 0
206 1 0.1 5.49478 2.20764 0.32899 0.00625578 -0.00480647 -0.00838246 -0.211849 0.0863152 0.0066564 1 0 0 0 0 0 0 0
207 1 0.1 5.35134 2.4273 0.376331 -0.000539525 -0.000596938 -0.00040576 -0.0255803 0.0285354 0.00482598 1 0 0 0 0 0 0 0
208 1 0.1 5.32641 2.61778 0.323217 0.00485928 -0.00316393 -0.00215424 -0.00738806 0.0034248 -0.0657187 1 0 0 0 0 0 0 0
209 1 0.1 5.13578 2.6757 0.329935 0.0057831 0.00458233 -0.000367111 0.00356818 0.0039986 -0.0112598 1 0 0 0 0 0 0 0
210 1 0.1 4.94986 2.65807 0.400443 0.00120539 0.0152737 -0.00433319 0.0480977 -0.0536 -0.106331 1 0 0 0 0 0 0 0
211 1 0.1 4.81393 2.78653 0.331753 -0.0208908 -0.0124928 -0.01255 -0.19057 0.0362181 0.450276 1 0 0 0 0 0 0 0
212 1 0.1 4.88926 2.97439 0.348719 -9.8643e-05 -0.0160198 -0.0370878 -0.0515958 -0.168984 0.460473 1 0 0 0 0 0 0 0
213 1 0.1 5.0799 3.04241 0.426914 0.0196929 -0.00372817 -0.00901597 -0.055672 -0.0101179 0.000267033 1 0 0 0 0 0 0 0
214 1 0.1 5.13508 3.22995 0.324385 0.0136216 -0.00640176 -0.00157105 0.0329366 0.0213525 0.0239538 1 0 0 0 0 0 0 0
215 1 0.1 5.17944 3.42162 0.336448 0.0161886 -0.0114505 0.00602878 0.102158 0.0608152 0.305697 1 0 0 0 0 0 0 0
216 1 0.1 5.31579 3.54973 0.402298 0.00147561 0.00873463 -0.0100052 0.0690176 0.25192 0.00487037 1 0 0 0 0 0 0 0
217 1 0.1 5.49324 3.59463 0.320085 -0.00240805 0.00115443 -0.00848632 -0.0933289 -0.0540292 0.0632214 1 0 0 0 0 0 0 0
218 1 0.1 5.68672 3.64684 0.329842 0.0190335 -0.027162 0.00818831 -0.0409497 -0.181968 -0.0471149 1 0 0 0 0 0 0 0
219 1 0.1 5.76298 3.77599 0.463195 0.00635514 -0.015639 -0.0015426 0.011613 0.0909981 0.0681574 1 0 0 0 0 0 0 0
220 1 0.1 5.7458 3.82832 0.271464 0.0334247 -0.0401457 -0.00610671 -0.250756 -0.411749 0.0789974 1 0 0 0 0 0 0 0
221 1 0.1 5.83397 3.95238 0.401714 0.025232 -0.0225092 0.000397903 -0.00984467 -0.151158 -0.257357 1 0 0 0 0 0 0 0
222 1 0.1 6.01174 3.95939 0.492943 -0.00816938 0.0748986 0.0651092 -0.566926 -0.600415 1.0622 1 0 0 0 0 0 0 0
223 1 0.1 6.10514 4.82906 0.30833 -0.037486 -0.0218484 0.0115055 -0.391122 0.141894 -0.369976 1 0 0 0 0 0 0 0
224 1 0.1 6.23885 4.97544 0.283068 -0.0545296 -0.0123751 -0.0225139 -0.252901 -0.335481 0.635302 1 0 0 0 0 0 0 0
225 1 0.1 6.26502 1.30024 0.166067 -0.000441677 0.00809032 -0.0177617 -0.110321 0.1338 0.0531638 1 0 0 0 0 0 0 0
226 1 0.1 6.1831 1.31324 0.37971 0.00671162 0.00616785 -0.000527569 -0.084627 0.276942 -0.182573 1 0 0 0 0 0 0 0
227 1 0.1 6.04976 1.45943 0.407822 0.0104587 0.0112594 -0.000280675 -0.219398 0.0603233 0.181304 1 0 0 0 0 0 0 0
228 1 0.1 5.82186 2.11402 0.434279 0.00188249 -0.00278646 -0.00109128 -0.023949 -0.0645824 -0.0708693 1 0 0 0 0 0 0 0
229 1 0.1 5.68484 2.84869 0.750847 0.00565942 0.00298102 0.00308695 -0.00227251 -0.0417363 -0.0577823 1 0 0 0 0 0 0 0
230 1 0.1 5.54856 2.39678 0.365239 -0.00155327 -0.00364031 0.00170104 -0.0937726 -0.031809 -0.0243922 1 0 0 0 0 0 0 0
231 1 0.1 5.71801 2.49398 0.407847 -0.000686435 -0.00344394 -0.0025751 -0.0721666 -0.0137122 -0.0193924 1 0 0 0 0 0 0 0
232 1 0.1 5.63796 2.58951 0.564223 0.0130057 -0.0011041 0.00283351 -0.063542 -0.0192137 -0.0124594 1 0 0 0 0 0 0 0
233 1 0.1 5.60117 3.05064 0.330811 0.00843297 -0.00385741 -0.00276043 -0.0201898 0.0512864 -0.0396571 1 0 0 0 0 0 0 0
234 1 0.1 5.19458 2.87303 0.137031 -0.00325055 -0.000465873 -0.00144313 0.000837926 -0.0302785 -0.00930609 1 0 0 0 0 0 0 0
235 1 0.1 5.38929 2.79035 0.401687 0.00543482 -0.00270042 -0.00672688 -0.0705112 -0.068527 0.0229176 1 0 0 0 0 0 0 0
236 1 0.1 5.04328 2.84891 0.364598 0.0137447 0.0109897 -0.00747096 -0.0211523 -0.131215 -0.113092 1 0 0 0 0 0 0 0
237 1 0.1 5.23487 2.89506 0.330736 0.0104046 -0.000716725 -0.00746722 -0.0395725 0.127229 -0.125788 1 0 0 0 0 0 0 0
238 1 0.1 5.26773 3.08616 0.376738 0.0185083 -0.00277593 -0.00857332 0.0236791 0.00298435 0.0312748 1 0 0 0 0 0 0 0
239 1 0.1 5.30929 3.27881 0.407201 0.00983848 -0.00515529 0.00181252 0.0763376 -0.026538 0.0569833 1 0 0 0 0 0 0 0
240 1 0.1 5.46354 3.19248 0.300699 0.00944069 -0.00216391 -0.000124956 0.0138284 -0.00842338 0.0105036 1 0 0 0 0 0 0 0
241 1 0.1 5.62033 3.12909 0.550973 0.0118262 -0.00701121 0.00307534 0.00584114 0.0867329 0.0346596 1 0 0 0 0 0 0 0
242 1 0.1 5.46417 3.40305 0.395016 0.0041465 -0.00521092 -0.000800726 -0.14043 0.010489 -0.0204086 1 0 0 0 0 0 0 0
243 1 0.1 5.59275 3.15256 0.137869 0.0099676 0.00281204 -0.00242021 0.0330777 -0.0270206 0.0479963 1 0 0 0 0 0 0 0
244 1 0.1 5.40803 3.07634 0.142385 0.0141499 -0.000955919 -0.00628425 0.0519843 0.0202246 -0.005389 1 0 0 0 0 0 0 0
245 1 0.1 5.6915 2.9787 0.137364 0.000703948 -0.00205067 -0.000276126 -0.0003691 -0.00767521 0.00197986 1 0 0 0 0 0 0 0
246 1 0.1 5.6436 3.45212 0.322885 0.00885622 -0.0231527 0.00557932 -0.0436185 -0.127095 -0.0818236 1 0 0 0 0 0 0 0
247 1 0.1 6.02608 4.48304 0.417581 -0.0178455 0.0196432 -0.00047152 -0.116581 -0.00956342 -0.304194 1 0 0 0 0 0 0 0
248 1 0.1 5.98428 4.69387 0.392659 -0.0595333 -0.0331737 -0.0360437 0.802714 0.0276591 0.193593 1 0 0 0 0 0 0 0
249 1 0.1 6.2411 4.72179 0.407997 -0.0294847 -0.0178944 0.00532882 -0.139055 0.374943 0.0265039 1 0 0 0 0 0 0 0
250 1 0.1 6.11913 0.905896 0.554033 -0.000151351 0.000574035 0.00108913 0.00870273 -0.013081 0.0100273 1 0 0 0 0 0 0 0
251 1 0.1 5.96028 1.06191 0.549665 2.76955e-05 -0.000296908 -0.000932093 -0.00709775 0.00400252 0.00216629 1 0 0 0 0 0 0 0
252 1 0.1 5.82075 1.20532 0.536592 0.00299777 0.00135596 -0.0274893 -0.237346 0.0438727 -0.0204702 1 0 0 0 0 0 0 0
253 1 0.1 5.65081 1.36496 0.550006 -0.00189227 0.00319484 6.54681e-05 -0.00333498 -0.00282097 0.0380925 1 0 0 0 0 0 0 0
254 1 0.1 5.51284 1.50838 0.569645 -0.00214281 0.0030133 -0.00189492 -0.0139482 0.0130694 0.0375888 1 0 0 0 0 0 0 0
255 1 0.1 5.22764 1.78716 0.549941 -0.00191163 0.00357513 -0.00123422 -0.0472025 -0.0240964 0.0482124 1 0 0 0 0 0 0 0
256 1 0.1 5.09125 1.93163 0.511577 -0.00997283 0.0115516 -0.00240643 0.113351 0.105383 0.0754375 1 0 0 0 0 0 0 0
257 1 0.1 4.97957 2.05682 0.615788 0.00018781 0.0234071 -0.00552846 -0.13167 -0.109739 -0.127499 1 0 0 0 0 0 0 0
258 1 0.1 4.79789 2.21953 0.537534 0.0310737 -0.041385 -0.00966386 0.0805541 0.117118 -0.296744 1 0 0 0 0 0 0 0
259 1 0.1 4.61653 2.41081 0.571694 -0.0104801 0.0132719 0.000416916 -0.0625283 -0.104858 0.0468351 1 0 0 0 0 0 0 0
260 1 0.1 4.47597 2.55342 0.487959 -0.0199197 0.0128078 0.0088593 0.139293 -0.0236242 0.174367 1 0 0 0 0 0 0 0
261 1 0.1 4.28343 2.74206 0.540007 0.00400193 -0.0280131 0.0183221 0.0408611 -0.0543566 -0.1175 1 0 0 0 0 0 0 0
262 1 0.1 4.18364 2.98912 0.553853 0.0199678 0.0235912 0.0768978 0.626957 -2.99806 -0.14967 1 0 0 0 0 0 0 0
263 1 0.1 4.21485 3.18698 0.563658 -0.0459344 -0.0404637 -0.0141835 -0.00922139 0.230707 -0.595049 1 0 0 0 0 0 0 0
264 1 0.1 4.35384 3.33018 0.549996 -0.0369766 -0.0397204 0.00235988 0.00511003 -0.035534 -0.556813 1 0 0 0 0 0 0 0
265 1 0.1 4.4972 3.47376 0.549979 0.00565794 0.00915853 0.00223315 -0.00888045 -0.00296689 0.0680662 1 0 0 0 0 0 0 0
266 1 0.1 4.64549 3.62185 0.553595 0.00576246 0.0111414 -0.00345937 0.0359551 -0.00862486 0.095255 1 0 0 0 0 0 0 0
267 1 0.1 4.80481 3.78148 0.50093 -0.00490116 -0.00528186 0.0157933 -0.129918 -0.142015 -0.0554453 1 0 0 0 0 0 0 0
268 1 0.1 4.9393 3.91623 0.561935 -0.000567155 -0.00147652 0.00213324 -0.0406984 -0.000798372 -1.0783e-05 1 0 0 0 0 0 0 0
269 1 0.1 5.07858 4.05922 0.549978 -0.000802967 -0.00127773 -0.000256364 0.000929763 -0.000854707 0.00189016 1 0 0 0 0 0 0 0
270 1 0.1 5.37719 4.35713 0.560297 0.00797092 0.00461671 0.0047819 -0.0409549 0.0117203 0.00115494 1 0 0 0 0 0 0 0
271 1 0.1 5.53905 4.47428 0.565626 0.00405812 0.0124071 0.000730381 0.358212 0.217623 -1.35046 1 0 0 0 0 0 0 0
272 1 0.1 5.65285 4.63485 0.563717 0.000623801 0.00252999 0.00339398 -0.252241 0.125868 0.723561 1 0 0 0 0 0 0 0
273 1 0.1 5.79308 4.77564 0.544523 0.00530631 -0.00299428 -0.0162796 0.18519 0.0931674 0.0464332 1 0 0 0 0 0 0 0
274 1 0.1 6.05995 5.03777 0.549934 0.000926701 0.00029593 -0.000727049 0.00022762 0.0102527 -0.0028971 1 0 0 0 0 0 0 0
275 1 0.1 6.25988 0.763938 0.550009 -0.000428817 1.97338e-05 0.000396189 0.00838844 0.0038831 0.0155441 1 0 0 0 0 0 0 0
276 1 0.1 6.03547 1.2441 0.518101 -0.0049231 0.000364396 -0.00244403 0.0357955 0.0955372 0.0369014 1 0 0 0 0 0 0 0
277 1 0.1 5.92087 1.40348 0.553096 -0.00846995 -0.000386224 -0.00926428 -0.183041 -0.0166173 0.0194715 1 0 0 0 0 0 0 0
278 1 0.1 5.78633 1.54722 0.584377 -0.0124172 -0.000899792 -0.011551 0.0451206 0.0488798 0.0444023 1 0 0 0 0 0 0 0
279 1 0.1 5.63983 1.68283 0.585762 -0.0114224 0.00245489 0.00620119 0.0623088 0.096551 -0.0751916 1 0 0 0 0 0 0 0
280 1 0.1 5.36911 1.64598 0.55017 -0.00185919 0.00355306 0.000905786 0.000538207 0.0399438 -0.0474303 1 0 0 0 0 0 0 0
281 1 0.1 5.29932 2.13564 0.535639 0.00688522 0.0119072 -0.00733622 -0.180017 -0.206367 -0.198368 1 0 0 0 0 0 0 0
282 1 0.1 5.10293 2.39718 0.665222 0.0116663 0.0443697 -0.0297988 -0.27558 0.816567 0.364119 1 0 0 0 0 0 0 0
283 1 0.1 5.1162 2.19221 0.494451 0.00879225 0.0292874 0.00482705 -0.262058 0.489224 -0.0641534 1 0 0 0 0 0 0 0
284 1 0.1 4.79628 2.45782 0.497994 -0.0116105 0.0314105 0.0087088 -0.0130812 -0.000913791 0.176128 1 0 0 0 0 0 0 0
285 1 0.1 4.61541 2.60495 0.616978 -0.0191941 0.0144709 0.00113601 0.0698179 0.187412 0.0678111 1 0 0 0 0 0 0 0
286 1 0.1 4.47784 2.75322 0.495321 -0.0178236 0.0202755 -0.0276449 0.200423 0.47289 0.567974 1 0 0 0 0 0 0 0
287 1 0.1 4.35375 2.92109 0.492533 0.0664305 -0.0665881 0.115812 0.2273 -1.40339 -0.218538 1 0 0 0 0 0 0 0
288 1 0.1 4.39508 3.11629 0.513681 -0.0647103 -0.0689446 -0.0332812 -0.268626 0.0933631 0.347351 1 0 0 0 0 0 0 0
289 1 0.1 4.55531 3.28774 0.505791 0.00679904 0.020581 -0.00587814 0.114139 0.0804189 -0.0199414 1 0 0 0 0 0 0 0
290 1 0.1 4.6895 3.4355 0.496263 0.0107596 0.0167433 -0.0080518 0.00594239 0.0537998 -0.0290487 1 0 0 0 0 0 0 0
291 1 0.1 4.90268 3.54316 0.505569 0.0123303 -0.00760567 -0.00155778 0.348664 -0.179635 0.0175781 1 0 0 0 0 0 0 0
292 1 0.1 4.98697 3.71472 0.473059 -0.00657842 0.0039455 0.0171554 -0.123008 0.186964 0.17586 1 0 0 0 0 0 0 0
293 1 0.1 5.13414 3.80027 0.564148 0.00838575 -0.000839526 -0.00598856 0.125282 0.0721123 -0.238572 1 0 0 0 0 0 0 0
294 1 0.1 5.23601 4.21607 0.559293 0.00941187 0.00378012 0.00429681 -0.00385759 -0.0902159 0.0804796 1 0 0 0 0 0 0 0
295 1 0.1 5.51874 4.21632 0.583794 -0.00419986 -0.0545479 -0.0182236 -0.459701 0.190086 -0.578085 1 0 0 0 0 0 0 0
296 1 0.1 5.64277 4.33044 0.480758 -0.0512448 -0.00767615 -0.00785968 0.0914756 -0.286975 0.855051 1 0 0 0 0 0 0 0
297 1 0.1 5.76173 4.46715 0.565265 -0.0386908 -0.0212116 -0.00728386 0.0798869 -0.0688908 -0.758844 1 0 0 0 0 0 0 0
298 1 0.1 5.92251 4.62576 0.570081 -0.0396352 -0.049994 -0.0317104 -0.423625 0.448998 -0.780414 1 0 0 0 0 0 0 0
299 1 0.1 6.20178 5.17851 0.550488 0.00183519 -0.000310083 -0.00179407 -0.00219624 0.00620288 -0.00253941 1 0 0 0 0 0 0 0
300 1 0.1 6.40126 0.622563 0.549988 -0.000280634 0.000314205 3.19028e-05 -0.00200883 -0.00259383 -0.0158827 1 0 0 0 0 0 0 0
301 1 0.1 6.168 1.09492 0.510351 -0.00176548 0.00126595 -0.0059827 -0.0735287 0.000832335 -0.00453231 1 0 0 0 0 0 0 0
302 1 0.1 5.96634 1.60548 0.52026 -0.013012 0.00595107 -0.00490066 -0.121979 -0.137621 0.0604667 1 0 0 0 0 0 0 0
303 1 0.1 5.83666 1.75297 0.568205 0.00221001 0.000282166 0.000552341 0.0469858 -0.0113327 0.0383536 1 0 0 0 0 0 0 0
304 1 0.1 5.6679 1.88069 0.587831 -0.0048661 0.00264451 -0.00175587 0.0256643 -0.0464119 -0.0698992 1 0 0 0 0 0 0 0
305 1 0.1 5.48273 1.80597 0.594819 -0.00809682 0.00906121 -0.00110871 0.108841 0.0965991 0.0350163 1 0 0 0 0 0 0 0
306 1 0.1 5.34233 1.94728 0.582303 -0.0121003 0.00906185 0.0089412 0.0848337 -0.10983 0.0515682 1 0 0 0 0 0 0 0
307 1 0.1 5.16062 2.47795 0.422658 -0.00848717 0.0113694 -0.00976022 -0.275892 -0.0641033 -0.214906 1 0 0 0 0 0 0 0
308 1 0.1 5.24321 2.62019 0.578124 -0.000485714 -0.00165627 -0.00758604 -0.144298 0.036584 0.106907 1 0 0 0 0 0 0 0
309 1 0.1 4.99167 2.49197 0.528592 -0.00602531 0.0277274 -0.00704578 0.0118318 0.125779 0.188599 1 0 0 0 0 0 0 0
310 1 0.1 4.86616 2.63907 0.579417 -0.000875683 0.0317447 -0.000833524 -0.193578 0.0689738 0.0742733 1 0 0 0 0 0 0 0
311 1 0.1 4.66451 2.79061 0.556289 -0.0633274 0.0215326 0.094775 -0.20738 -1.7722 -0.55749 1 0 0 0 0 0 0 0
312 1 0.1 4.52253 2.97393 0.414784 0.0584577 -0.0385512 0.128243 1.39383 0.973792 0.292205 1 0 0 0 0 0 0 0
313 1 0.1 4.57878 3.11108 0.5954 0.0434175 0.019231 0.00117152 -0.180508 0.0312169 0.419223 1 0 0 0 0 0 0 0
314 1 0.1 4.72822 3.25337 0.599382 0.0114414 0.00193035 0.00207453 -0.202126 0.12075 -0.276374 1 0 0 0 0 0 0 0
315 1 0.1 4.88605 3.37152 0.598811 0.00358674 -0.000681339 -0.0140261 -0.243695 -0.327863 0.108828 1 0 0 0 0 0 0 0
316 1 0.1 5.07029 3.43748 0.502431 0.0126979 -0.00179504 -0.000697589 -0.00514863 0.161869 -0.0370557 1 0 0 0 0 0 0 0
317 1 0.1 5.17044 3.6083 0.525668 0.00143591 0.00117464 -0.00747377 -0.0794706 -0.21115 0.141598 1 0 0 0 0 0 0 0
318 1 0.1 5.30251 3.87371 0.624234 0.0010567 -0.0162211 0.0231703 0.108606 0.181145 0.225717 1 0 0 0 0 0 0 0
319 1 0.1 5.47832 4.02315 0.609645 -0.00984833 -0.0412492 -0.00667292 0.185557 -0.0352138 0.328548 1 0 0 0 0 0 0 0
320 1 0.1 5.68734 3.91382 0.60108 0.0703806 -0.0282519 -0.0112745 0.0557437 -0.131077 -0.201641 1 0 0 0 0 0 0 0
321 1 0.1 5.65118 4.08823 0.511332 -0.000364564 -0.0444667 -0.0111649 -0.10434 0.291048 0.929732 1 0 0 0 0 0 0 0
322 1 0.1 5.79311 4.22906 0.564049 -0.0521753 0.00337878 0.00154093 -0.0119926 0.21267 -0.503323 1 0 0 0 0 0 0 0
323 1 0.1 5.97436 4.85763 0.562065 0.00287899 -0.00033298 -0.0113983 0.11734 -0.0123044 0.0197443 1 0 0 0 0 0 0 0
324 1 0.1 6.34266 5.3203 0.54957 0.000348857 0.000199475 -0.000754475 0.0021226 0.00226768 -0.00140108 1 0 0 0 0 0 0 0
325 1 0.1 6.4153 0.818572 0.430889 -0.00297822 0.00305202 -0.00268626 0.0125179 0.155154 0.0653399 1 0 0 0 0 0 0 0
326 1 0.1 6.31093 0.956833 0.530577 -0.00104925 0.00120832 0.00291888 -0.0369746 -0.0187469 0.00257636 1 0 0 0 0 0 0 0
327 1 0.1 6.03163 1.79825 0.398101 0.0103619 0.0060411 -0.00145961 -0.156428 -0.0189427 0.0370587 1 0 0 0 0 0 0 0
328 1 0.1 5.85506 1.95118 0.586044 -0.000796612 0.000135803 -0.00637889 -0.116593 -0.0353761 -0.0127174 1 0 0 0 0 0 0 0
329 1 0.1 5.70109 2.07784 0.589346 0.00425134 0.00117401 0.00171955 0.0682192 0.175707 -0.0204933 1 0 0 0 0 0 0 0
330 1 0.1 5.51542 2.00972 0.462942 0.00463924 0.00222807 0.0018804 -0.0260533 -0.0459003 0.0739767 1 0 0 0 0 0 0 0
331 1 0.1 5.47769 2.12479 0.620504 0.00232991 0.00307917 0.00249208 0.00306055 0.10625 0.0196283 1 0 0 0 0 0 0 0
332 1 0.1 5.42354 2.28652 0.497988 0.0141577 0.00330354 -0.00869553 0.061309 0.101414 0.10637 1 0 0 0 0 0 0 0
333 1 0.1 5.57061 2.87411 0.419625 0.0133692 -0.00427712 -0.00018368 -0.00398892 0.0680861 -0.0183751 1 0 0 0 0 0 0 0
334 1 0.1 5.35974 2.78131 0.601817 0.0167541 0.00187654 -0.00112842 -0.0305209 0.0115386 -0.0239519 1 0 0 0 0 0 0 0
335 1 0.1 5.05765 2.68956 0.60182 0.00204574 0.01456 -0.00770141 0.093603 -0.0379727 -0.256997 1 0 0 0 0 0 0 0
336 1 0.1 4.8936 2.82862 0.527421 -0.0162202 0.0311711 -0.00208268 0.188739 0.16587 0.00752042 1 0 0 0 0 0 0 0
337 1 0.1 4.72055 2.98181 0.539221 -0.0369597 -0.0087885 -0.147511 -1.66105 3.61603 -0.0479174 1 0 0 0 0 0 0 0
338 1 0.1 4.85792 3.13807 0.50102 0.0183369 0.00443106 0.00695331 0.137006 -0.211728 0.398714 1 0 0 0 0 0 0 0
339 1 0.1 5.01396 3.21844 0.595581 0.00803894 0.00921113 0.0127275 0.0721637 0.23819 -0.196919 1 0 0 0 0 0 0 0
340 1 0.1 5.18781 3.31641 0.608034 0.0132216 -0.000822615 -0.00150627 -0.0444434 -0.0468321 -0.0356717 1 0 0 0 0 0 0 0
341 1 0.1 5.3138 3.48195 0.593264 0.0054454 0.000819665 -0.00043004 -0.0106612 0.0383115 -0.138492 1 0 0 0 0 0 0 0
342 1 0.1 5.47994 3.56105 0.515869 0.00280438 -0.000349155 -0.0083995 0.0794941 0.0714858 0.0988398 1 0 0 0 0 0 0 0
343 1 0.1 5.34388 3.70743 0.521165 0.00296633 -0.00253274 0.00118414 0.0668401 -0.195098 -0.0222433 1 0 0 0 0 0 0 0
344 1 0.1 5.5043 3.84038 0.533555 0.0150492 -0.0260679 -0.0216628 0.00640036 -0.0297465 -0.0921306 1 0 0 0 0 0 0 0
345 1 0.1 5.62407 3.68555 0.57406 0.0139689 -0.0197628 0.00264296 0.232414 0.145292 -0.19754 1 0 0 0 0 0 0 0
346 1 0.1 5.89027 3.8435 0.601636 -0.0150962 0.0126246 0.00165542 0.0626275 -0.126823 0.454398 1 0 0 0 0 0 0 0
347 1 0.1 5.85081 4.03849 0.581351 -0.0791434 -0.000484565 6.1629e-05 -0.0748856 0.135982 0.21626 1 0 0 0 0 0 0 0
348 1 0.1 6.19007 4.90814 0.471099 -0.00802591 -0.00638379 -0.00730277 -0.00841913 0.0256469 -0.0389004 1 0 0 0 0 0 0 0
349 1 0.1 6.32183 5.0566 0.446962 -0.00582367 -0.00781275 -0.00275966 0.0361197 -0.0276824 -0.0412613 1 0 0 0 0 0 0 0
350 1 0.1 6.32201 1.17257 0.409305 0.000552193 -0.00118352 -0.00429294 -0.0529322 -0.0851275 0.0547349 1 0 0 0 0 0 0 0
351 1 0.1 6.1595 1.39629 0.562397 0.0089929 0.0119443 0.000366856 0.244324 -0.0931572 -0.142025 1 0 0 0 0 0 0 0
352 1 0.1 6.03802 1.49615 0.685873 -0.00933675 0.00496224 -0.0125513 0.0994778 0.0360748 0.0147003 1 0 0 0 0 0 0 0
353 1 0.1 6.03015 1.85506 0.589807 0.0015073 0.00658659 -0.00163773 0.150399 -0.03894 0.0812232 1 0 0 0 0 0 0 0
354 1 0.1 5.62464 2.81842 0.235984 0.00322318 -0.00360444 -0.00134515 0.00636642 0.0363928 0.0182005 1 0 0 0 0 0 0 0
355 1 0.1 5.61626 2.23422 0.498194 0.0135954 0.00340826 -0.00243074 -0.131078 -0.151889 -0.105615 1 0 0 0 0 0 0 0
356 1 0.1 5.5548 2.40903 0.585492 0.0105165 0.000992091 -0.00274969 0.0935615 -0.0490867 -0.0172322 1 0 0 0 0 0 0 0
357 1 0.1 5.36147 2.45944 0.575628 0.00860927 0.000438256 0.00142402 0.0132408 -0.00819561 -0.021608 1 0 0 0 0 0 0 0
358 1 0.1 5.44889 2.62712 0.511216 0.0121561 -0.00137102 0.0012328 -0.0134701 0.0198476 -0.0107425 1 0 0 0 0 0 0 0
359 1 0.1 5.43182 3.12179 0.485 0.0127401 -0.00292688 0.000423644 0.0419452 -0.109613 -0.0569112 1 0 0 0 0 0 0 0
360 1 0.1 5.41885 2.97075 0.311872 0.0092661 -0.000963138 -0.00677066 -0.00666091 -0.161846 0.134981 1 0 0 0 0 0 0 0
361 1 0.1 5.18976 2.79585 0.497555 0.0168582 0.00163939 -0.00355564 0.0570916 0.0840625 -0.0542565 1 0 0 0 0 0 0 0
362 1 0.1 4.97176 3.00051 0.588691 0.0259204 0.00999011 -0.00301584 -0.0479362 0.296081 -0.31134 1 0 0 0 0 0 0 0
363 1 0.1 5.19047 3.12055 0.57288 0.0128641 -0.00256253 -0.00388464 0.0569237 -0.0760262 0.0133859 1 0 0 0 0 0 0 0
364 1 0.1 5.38392 3.28349 0.592355 0.0108678 -0.00395599 0.00183221 -0.0123922 0.0315743 0.0302577 1 0 0 0 0 0 0 0
365 1 0.1 5.29993 2.95867 0.531853 0.0178495 -0.000823597 -0.00412203 -0.00415091 -0.0125739 0.0215525 1 0 0 0 0 0 0 0
366 1 0.1 5.55784 3.37917 0.570042 0.00468914 0.00425253 0.000911151 0.0593071 0.00423017 0.0620782 1 0 0 0 0 0 0 0
367 1 0.1 5.74261 3.07549 0.699808 0.0158433 -0.0141059 -0.00298251 -0.0476217 0.0274093 -0.206026 1 0 0 0 0 0 0 0
368 1 0.1 5.6126 3.26988 0.409185 0.00439633 -0.00358402 0.00766808 0.0521948 -0.0501489 0.0333368 1 0 0 0 0 0 0 0
369 1 0.1 5.73713 3.46324 0.596779 0.0129023 -0.0172152 0.00801765 -0.101975 -0.100242 -0.303431 1 0 0 0 0 0 0 0
370 1 0.1 5.69077 2.93142 0.568872 0.0163014 -0.00871318 -0.00140798 -0.043793 0.0493088 -0.0708597 1 0 0 0 0 0 0 0
371 1 0.1 5.89767 3.7253 0.762589 0.00130358 0.00402834 -0.00095637 0.0307904 -0.00405645 0.0325645 1 0 0 0 0 0 0 0
372 1 0.1 5.96859 4.32472 0.572815 -0.0298189 -0.0304408 -0.00227726 -0.13276 0.244745 -0.247929 1 0 0 0 0 0 0 0
373 1 0.1 6.11233 4.56356 0.578863 -0.0178884 0.0182137 0.000737531 0.165826 0.037871 0.358457 1 0 0 0 0 0 0 0
374 1 0.1 6.23246 4.76412 0.603066 -0.00419822 -0.000984841 0.000175315 -0.0497635 -0.0779924 0.122897 1 0 0 0 0 0 0 0
375 1 0.1 6.04492 0.978855 0.7501 -0.00350894 0.00364415 0.000183958 0.0198141 0.0207894 0.0768216 1 0 0 0 0 0 0 0
376 1 0.1 5.89363 1.13259 0.761664 -0.000798451 0.000559363 -0.00493099 -0.0295044 0.04094 0.012845 1 0 0 0 0 0 0 0
377 1 0.1 5.75649 1.27466 0.714847 -0.000918883 0.000137209 -0.00387084 -0.0215291 0.0301167 0.0130739 1 0 0 0 0 0 0 0
378 1 0.1 5.61683 1.41013 0.760859 -0.00024691 -4.3197e-05 -0.00180694 -0.00171075 0.0247955 -0.00309411 1 0 0 0 0 0 0 0
379 1 0.1 5.47554 1.5515 0.761756 -0.000258726 -0.000118037 0.000348959 0.00664046 0.00261476 0.00501763 1 0 0 0 0 0 0 0
380 1 0.1 5.21439 1.80782 0.753364 -0.00012769 -2.56192e-05 -0.000896841 -0.0121147 0.0052066 0.000971497 1 0 0 0 0 0 0 0
381 1 0.1 5.06835 1.95832 0.763422 -0.00843634 0.0140809 -0.00128994 0.133287 0.0986163 0.0945725 1 0 0 0 0 0 0 0
382 1 0.1 4.83869 2.18495 0.750002 -0.407463 0.377581 -6.74685e-05 0.00390164 0.00318771 5.40791 1 0 0 0 0 0 0 0
383 1 0.1 4.65566 2.36791 0.762639 -0.00826334 0.0124421 -0.000401171 0.131222 0.0723283 0.122492 1 0 0 0 0 0 0 0
384 1 0.1 4.5037 2.52263 0.761007 -0.172454 0.199447 -0.0186646 0.0101228 0.255849 2.65451 1 0 0 0 0 0 0 0
385 1 0.1 4.34798 2.68124 0.731254 -0.000376737 0.00102465 -0.000392587 -0.00532948 -0.0024463 0.00674383 1 0 0 0 0 0 0 0
386 1 0.1 4.20419 2.81892 0.749766 -0.00110811 0.000778802 -0.00151715 -0.0121148 0.00400868 0.0193228 1 0 0 0 0 0 0 0
387 1 0.1 4.29337 2.99589 0.744021 -0.000938454 0.000259535 -0.00343046 -0.00451651 -0.00893448 -0.0187122 1 0 0 0 0 0 0 0
388 1 0.1 4.19521 3.16892 0.761863 -0.000760606 0.000534876 -0.00439795 0.0149179 0.023056 -0.0213099 1 0 0 0 0 0 0 0
389 1 0.1 4.33427 3.31205 0.749572 -5.24219e-05 0.000109293 -0.00277652 0.00977614 0.0178903 0.040574 1 0 0 0 0 0 0 0
390 1 0.1 4.51814 3.50159 0.750048 0.0015545 0.00179634 0.00247006 0.0753759 -0.0884854 0.0494972 1 0 0 0 0 0 0 0
391 1 0.1 4.67525 3.62376 0.761127 -0.000468575 0.00343203 0.00816843 -0.0645007 0.0214453 -0.017908 1 0 0 0 0 0 0 0
392 1 0.1 4.79989 3.77747 0.736169 0.000501187 0.000163679 0.000584426 -0.0174194 0.00220111 -0.00283508 1 0 0 0 0 0 0 0
393 1 0.1 5.08113 4.0583 0.762084 1.20047e-05 2.61838e-05 0.000107242 0.00133771 -0.00244618 -0.00220025 1 0 0 0 0 0 0 0
394 1 0.1 5.22453 4.1973 0.758019 0.00137516 -0.00132174 0.00296866 0.0439401 0.00519755 -0.0177796 1 0 0 0 0 0 0 0
395 1 0.1 5.50514 4.48189 0.762526 -2.77951e-05 -0.000121526 0.00010093 -0.00204624 -0.00108411 -0.000424193 1 0 0 0 0 0 0 0
396 1 0.1 5.64733 4.62457 0.762743 0.00148638 -0.000775824 0.00140182 -0.00310043 -0.0297645 -0.0152791 1 0 0 0 0 0 0 0
397 1 0.1 5.78837 4.7662 0.760171 -0.000348556 0.00020406 -0.000641656 0.000310993 0.00554562 -0.00273001 1 0 0 0 0 0 0 0
398 1 0.1 5.9279 4.90902 0.749986 -0.000236624 0.000262792 0.000347093 0.00685682 -0.00359885 -0.00490244 1 0 0 0 0 0 0 0
399 1 0.1 6.06934 5.05037 0.75002 -0.000292227 6.12067e-05 0.000415662 -0.00286661 -0.00228323 -0.00376125 1 0 0 0 0 0 0 0
400 1 0.1 6.33354 0.690108 0.75031 -0.000134711 0.00014089 0.00057445 0.00414866 5.85552e-05 0.00740697 1 0 0 0 0 0 0 0
401 1 0.1 6.07949 1.16879 0.697951 -2.75797e-06 0.00172498 -0.00412108 -0.0409238 -0.0693344 0.0256727 1 0 0 0 0 0 0 0
402 1 0.1 5.95415 1.32073 0.732359 -0.00322329 0.0014957 -0.0133452 -0.0357987 0.0447533 0.00634051 1 0 0 0 0 0 0 0
403 1 0.1 5.8143 1.46013 0.761808 -0.00338141 0.0010851 -0.0114518 -0.0231995 0.0379181 0.0176787 1 0 0 0 0 0 0 0
404 1 0.1 5.67416 1.60165 0.763561 -0.0030481 0.0010858 0.000729417 -0.0502777 0.0539646 -0.0333855 1 0 0 0 0 0 0 0
405 1 0.1 5.40066 1.73653 0.762688 0.000239132 -0.00063684 -0.000191023 -0.00973054 -0.0068513 -0.0106514 1 0 0 0 0 0 0 0
406 1 0.1 5.26368 2.00096 0.762277 -0.00118165 0.000390458 -0.00136564 0.0031306 -0.00350806 -0.00237778 1 0 0 0 0 0 0 0
407 1 0.1 5.0677 2.16181 0.762562 -0.00961623 -0.0129927 -0.000226709 -0.140861 0.0820248 -0.146308 1 0 0 0 0 0 0 0
408 1 0.1 4.97281 2.25464 0.613181 0.00991409 0.0231729 0.0103198 0.194678 -0.38105 0.184511 1 0 0 0 0 0 0 0
409 1 0.1 4.89998 2.4169 0.689554 0.0286841 0.0258917 0.0110688 -0.290882 0.0598067 -0.0971936 1 0 0 0 0 0 0 0
410 1 0.1 4.82609 2.58604 0.764799 0.0155559 0.0205097 -0.000124621 0.176098 -0.118422 0.580024 1 0 0 0 0 0 0 0
411 1 0.1 4.52156 2.82214 0.76718 0.0131786 0.00922356 0.0351605 0.150893 -0.111053 -0.392398 1 0 0 0 0 0 0 0
412 1 0.1 4.50537 2.92646 0.607925 0.066387 -0.00116682 0.103262 0.309537 -0.906112 -0.757871 1 0 0 0 0 0 0 0
413 1 0.1 4.44111 3.12694 0.761415 -0.00359166 0.00216776 0.000356953 0.00273321 -0.0411165 0.0503958 1 0 0 0 0 0 0 0
414 1 0.1 4.53316 3.30263 0.762848 -0.00125941 -0.000761939 0.00118853 -0.0338688 -0.0380501 -0.0914838 1 0 0 0 0 0 0 0
415 1 0.1 4.69818 3.41555 0.762505 -0.000663933 -0.00195083 -0.000206592 0.0758794 0.0489873 -0.0914126 1 0 0 0 0 0 0 0
416 1 0.1 4.85698 3.54052 0.75838 -0.073595 -0.155747 -0.0125453 0.0315478 0.221723 -1.73292 1 0 0 0 0 0 0 0
417 1 0.1 4.94022 3.91691 0.762461 0.000261032 0.000204213 -0.000451771 -0.00565423 -0.00991402 0.00279626 1 0 0 0 0 0 0 0
418 1 0.1 5.12509 3.84092 0.762501 0.00044541 0.000526714 -1.85897e-05 0.0378086 -0.00754532 0.01288 1 0 0 0 0 0 0 0
419 1 0.1 5.36309 4.34115 0.762921 -0.00116399 0.00156941 0.000785361 -0.0136747 0.0702503 0.0479951 1 0 0 0 0 0 0 0
420 1 0.1 5.6006 4.30092 0.761184 0.00017645 -0.00252653 0.00232892 0.0069819 0.0494996 0.0397193 1 0 0 0 0 0 0 0
421 1 0.1 5.73701 4.4462 0.762602 -0.00027413 -0.000662111 -0.000656617 0.00699605 0.018886 -0.0201909 1 0 0 0 0 0 0 0
422 1 0.1 5.87773 4.58735 0.760901 -0.00209338 0.000369639 -0.00711749 0.0461445 0.0916566 0.032873 1 0 0 0 0 0 0 0
423 1 0.1 6.01678 4.73054 0.762513 -0.00341255 -0.000547428 -0.00155221 0.0460495 -0.0585002 -0.0272559 1 0 0 0 0 0 0 0
424 1 0.1 6.21121 5.19247 0.749937 -0.00014025 0.000163143 0.000135226 0.000342547 -0.000319819 -0.00182248 1 0 0 0 0 0 0 0
425 1 0.1 6.47494 0.548743 0.749996 -2.34148e-05 1.76794e-05 0.000223526 0.000613939 -0.00150931 -0.0208389 1 0 0 0 0 0 0 0
426 1 0.1 6.22978 1.05396 0.76253 -0.0019904 0.00107879 0.00030061 0.0157627 0.0247013 -0.0364674 1 0 0 0 0 0 0 0
427 1 0.1 6.14993 1.3474 0.762523 -0.00485323 -2.57294e-05 0.000150408 0.090131 -0.176453 -0.0157946 1 0 0 0 0 0 0 0
428 1 0.1 5.9634 1.66478 0.762583 -0.00546376 0.000762691 0.000442505 0.0131634 0.0610638 -0.010287 1 0 0 0 0 0 0 0
429 1 0.1 5.79034 1.76431 0.762141 -0.00458317 0.00142914 -0.0011977 -0.066411 -0.056577 0.00326809 1 0 0 0 0 0 0 0
430 1 0.1 5.5929 1.79258 0.762855 -0.00418636 0.00354149 -4.81385e-05 0.019192 0.0767135 -0.0233576 1 0 0 0 0 0 0 0
431 1 0.1 5.45281 1.93338 0.747393 -0.0145115 -0.0047381 0.0096662 0.108133 0.0368707 0.129657 1 0 0 0 0 0 0 0
432 1 0.1 5.33502 2.18699 0.752023 0.00174515 0.00142481 -0.000346606 0.00650184 -0.00364796 -0.00724282 1 0 0 0 0 0 0 0
433 1 0.1 5.33477 2.38637 0.759625 0.00273092 0.00349717 0.00219621 0.0209864 -0.00536218 -0.0203738 1 0 0 0 0 0 0 0
434 1 0.1 5.21794 2.54751 0.762677 0.0186823 0.0228145 0.00179868 -0.0480607 0.0229229 -0.229228 1 0 0 0 0 0 0 0
435 1 0.1 5.01975 2.54979 0.764045 0.0171205 0.0268056 0.00350765 0.285114 -0.020672 0.163775 1 0 0 0 0 0 0 0
436 1 0.1 4.68482 2.71824 0.761396 -0.0177428 -0.0216795 0.0224556 0.364792 -0.132895 -0.0673681 1 0 0 0 0 0 0 0
437 1 0.1 4.65182 2.96532 0.740299 0.0141755 0.0150456 0.0255612 0.130146 0.522715 0.362515 1 0 0 0 0 0 0 0
438 1 0.1 4.67333 3.16064 0.763668 0.0184306 0.0188574 0.00646291 -0.038491 -0.037346 -0.098091 1 0 0 0 0 0 0 0
439 1 0.1 4.84283 3.26613 0.762299 0.0209979 0.0170394 0.000596978 0.108043 0.372065 -0.32014 1 0 0 0 0 0 0 0
440 1 0.1 5.0418 3.49863 0.689163 0.0174739 0.000650105 -0.0115349 -0.156851 -0.228094 -0.0622838 1 0 0 0 0 0 0 0
441 1 0.1 4.98465 3.70174 0.732971 0.00138513 -9.23307e-05 -0.00128402 -0.000436388 0.0255724 0.00715928 1 0 0 0 0 0 0 0
442 1 0.1 5.16991 3.63316 0.762738 0.00455808 0.00627861 0.00110204 0.0295131 -0.0373746 0.054475 1 0 0 0 0 0 0 0
443 1 0.1 5.35326 3.99869 0.763122 0.000730024 -0.000615123 0.00273248 -0.098368 0.0228298 0.100679 1 0 0 0 0 0 0 0
444 1 0.1 5.45466 4.16535 0.764291 -0.00715089 0.00493622 -0.000933181 0.0329515 -0.0282131 -0.122118 1 0 0 0 0 0 0 0
445 1 0.1 5.63465 4.07838 0.761488 -0.0104501 -0.000815786 -0.0147259 -0.126952 -0.090351 -0.187706 1 0 0 0 0 0 0 0
446 1 0.1 5.78224 4.21602 0.762778 -0.0172588 0.0039646 0.00135881 0.0301028 0.16852 0.00702287 1 0 0 0 0 0 0 0
447 1 0.1 5.91887 4.36344 0.762525 -0.00115657 -0.00530717 -0.000143732 -0.0569033 0.00250951 -0.0277812 1 0 0 0 0 0 0 0
448 1 0.1 6.15809 4.8716 0.762473 -0.00474479 -2.75728e-05 0.00718016 0.0156695 -0.0125539 0.0376746 1 0 0 0 0 0 0 0
449 1 0.1 6.36905 5.35081 0.750454 -0.00342585 -0.00283018 0.000853091 -0.00861283 -0.00823308 -0.0502912 1 0 0 0 0 0 0 0
450 1 0.1 6.42093 0.836909 0.646584 -0.00119466 0.000628268 0.00130031 0.0276967 0.044962 -0.024376 1 0 0 0 0 0 0 0
451 1 0.1 6.18633 0.837501 0.749989 -0.00305689 0.0030692 4.10238e-05 -0.0208157 -0.0211023 -0.0968802 1 0 0 0 0 0 0 0
452 1 0.1 6.29745 1.46203 0.691297 -0.0029973 0.00756445 0.0161839 -0.158512 -0.0908139 0.15118 1 0 0 0 0 0 0 0
453 1 0.1 6.1128 1.7975 0.762554 -0.00569507 0.00129258 -4.36384e-05 0.0409098 0.0432573 0.0213113 1 0 0 0 0 0 0 0
454 1 0.1 5.93521 1.90214 0.762525 -0.0112114 0.00806094 6.00453e-05 0.0204173 -0.0114317 0.0283708 1 0 0 0 0 0 0 0
455 1 0.1 5.72728 1.95733 0.762561 -0.00236157 -0.00272856 7.47428e-06 0.00716264 0.0231423 -0.0906855 1 0 0 0 0 0 0 0
456 1 0.1 5.61476 2.12245 0.763425 0.00514554 0.00241361 0.00017792 0.0337192 -0.0589897 -0.00551784 1 0 0 0 0 0 0 0
457 1 0.1 5.51075 2.29251 0.762556 0.0032688 0.00156118 0.000453471 0.0195647 -0.00549317 0.0188731 1 0 0 0 0 0 0 0
458 1 0.1 5.50583 2.4921 0.760645 0.0162066 0.000150194 -0.00102273 -0.0373308 0.028818 -0.147014 1 0 0 0 0 0 0 0
459 1 0.1 5.38695 2.6522 0.751996 0.0245894 0.00408992 -0.00137138 0.0262013 0.0208136 0.0330388 1 0 0 0 0 0 0 0
460 1 0.1 5.16987 2.74069 0.76259 -0.0294451 0.0222075 0.00139155 0.0431897 0.0528857 0.742457 1 0 0 0 0 0 0 0
461 1 0.1 4.95144 2.74088 0.76267 0.0131492 0.0265153 0.000710798 -0.156729 0.196025 0.147353 1 0 0 0 0 0 0 0
462 1 0.1 4.84015 2.90625 0.756736 0.0215612 0.0331728 -0.018188 -0.145511 -0.0939402 -0.269618 1 0 0 0 0 0 0 0
463 1 0.1 4.92555 3.08456 0.763114 0.0376876 0.0176741 -0.00314606 0.113413 -0.0213427 0.208619 1 0 0 0 0 0 0 0
464 1 0.1 5.06154 3.31496 0.763462 0.0151222 0.0092292 0.0042407 0.0577138 -0.114346 0.146396 1 0 0 0 0 0 0 0
465 1 0.1 5.21748 3.43918 0.762798 0.0064302 0.00684976 0.00177428 3.86744e-05 0.0108912 -0.0518308 1 0 0 0 0 0 0 0
466 1 0.1 5.42064 3.37974 0.76312 0.0095627 0.000323816 0.00110048 0.0404551 -0.120923 0.0271012 1 0 0 0 0 0 0 0
467 1 0.1 5.3703 3.57161 0.762745 0.00936378 -0.0010787 8.64569e-05 -0.00349419 -0.0897243 -0.0412384 1 0 0 0 0 0 0 0
468 1 0.1 5.43503 3.74617 0.69414 0.0214254 -0.0117617 -0.010993 -0.0586281 0.286645 -0.163692 1 0 0 0 0 0 0 0
469 1 0.1 5.53225 3.90663 0.762585 0.0166307 -0.0167659 0.000441551 -0.17226 -0.161365 0.333997 1 0 0 0 0 0 0 0
470 1 0.1 5.82701 3.95773 0.762621 -0.012023 -0.00334687 0.00287006 -0.00299343 0.148187 0.303562 1 0 0 0 0 0 0 0
471 1 0.1 5.9532 4.11258 0.75705 -0.0183694 0.00388672 -0.00291579 -0.0272804 -0.0896707 -0.200878 1 0 0 0 0 0 0 0
472 1 0.1 6.08456 4.25917 0.721969 -0.00555024 -0.00724331 -0.00958372 -0.00245725 0.15208 0.0188078 1 0 0 0 0 0 0 0
473 1 0.1 6.29705 5.0125 0.735252 -0.00545247 -0.00125478 -0.0019049 -0.0332468 0.12349 -0.044553 1 0 0 0 0 0 0 0
474 1 0.1 6.39981 5.17072 0.669256 -0.00365016 -0.00210157 -0.00195474 0.0547773 -0.0884908 0.00748669 1 0 0 0 0 0 0 0
475 1 0.1 6.42222 0.999801 0.762521 -0.0013702 0.00113073 0.000212525 -0.0365488 -0.0198307 0.0405216 1 0 0 0 0 0 0 0
476 1 0.1 6.25563 1.2346 0.63014 -0.0025911 -0.0015263 -0.0157882 -0.0832524 0.153762 -0.0209216 1 0 0 0 0 0 0 0
477 1 0.1 5.74948 2.36431 0.578026 0.00969074 -0.00227999 -0.000651673 0.0460659 -0.00297906 -0.0223799 1 0 0 0 0 0 0 0
478 1 0.1 6.18343 1.61001 0.76256 -0.017008 0.00505615 -0.000204377 0.00124675 -0.000553451 -0.0019542 1 0 0 0 0 0 0 0
479 1 0.1 5.56514 3.00828 0.762555 0.0099943 0.00543135 -8.26991e-06 -0.00120771 -0.00883968 0.00522569 1 0 0 0 0 0 0 0
480 1 0.1 5.82349 2.13261 0.762506 -0.00172436 -0.00293225 -3.59996e-05 0.0312509 0.046757 -0.093926 1 0 0 0 0 0 0 0
481 1 0.1 5.71071 2.2977 0.762536 0.00499565 0.00199308 -0.000160915 -0.0655388 0.000384868 0.0106301 1 0 0 0 0 0 0 0
482 1 0.1 5.70571 2.49749 0.76252 0.0161933 0.00206768 0.000107726 0.0696548 -0.0115774 -0.122894 1 0 0 0 0 0 0 0
483 1 0.1 5.56399 2.77234 0.596444 0.0150295 -0.000637686 -0.000631454 0.0463415 -0.0314678 -0.00923159 1 0 0 0 0 0 0 0
484 1 0.1 5.4932 2.95853 0.582732 0.0168262 -0.00114669 -0.00155178 -0.0326245 -0.0399723 -0.000902266 1 0 0 0 0 0 0 0
485 1 0.1 5.46739 2.83439 0.762484 0.0157594 0.00514106 -1.29636e-05 0.000772783 0.0122368 0.049963 1 0 0 0 0 0 0 0
486 1 0.1 5.23955 2.92718 0.762554 -0.0355273 0.0354347 -0.000428263 -0.0322989 0.0543872 -0.682734 1 0 0 0 0 0 0 0
487 1 0.1 5.03995 2.92105 0.761193 -0.03903 -0.0439058 -0.0131162 0.0415778 -0.177455 1.69561 1 0 0 0 0 0 0 0
488 1 0.1 5.12005 3.12452 0.762689 0.0201474 0.0197964 0.000700256 -0.110136 -0.0301262 -0.210625 1 0 0 0 0 0 0 0
489 1 0.1 5.28633 3.23401 0.760911 0.0188498 0.000749353 -0.00559948 0.0244664 0.0605953 0.0074327 1 0 0 0 0 0 0 0
490 1 0.1 5.36237 3.06545 0.688421 0.0138127 -0.00105317 -0.00672416 -0.0109661 0.000777222 0.0133702 1 0 0 0 0 0 0 0
491 1 0.1 5.49821 3.19609 0.756721 0.0110068 0.00349207 0.000882581 0.0115374 -0.0034307 -0.00670165 1 0 0 0 0 0 0 0
492 1 0.1 5.68839 3.25743 0.762519 0.0169322 -0.0144894 -0.000143037 0.0385191 -0.00549163 0.0310505 1 0 0 0 0 0 0 0
493 1 0.1 5.58621 3.63981 0.763941 0.00853412 -0.0159598 0.00113034 -0.254691 -0.15995 0.0547242 1 0 0 0 0 0 0 0
494 1 0.1 5.70708 3.79818 0.762409 0.00917201 -0.0183066 0.00180369 -0.197009 -0.431912 -0.0569268 1 0 0 0 0 0 0 0
495 1 0.1 5.61069 3.44156 0.762022 0.013122 -0.0156821 0.00846789 0.0523437 0.0108389 0.0114304 1 0 0 0 0 0 0 0
496 1 0.1 5.77298 3.56898 0.762583 0.0108417 -0.00614659 0.000590774 -0.0756371 -0.0561355 0.0995867 1 0 0 0 0 0 0 0
497 1 0.1 6.05982 4.5053 0.762689 -0.0033002 -0.00090603 -0.000522428 -0.0593968 0.00738117 -0.00548212 1 0 0 0 0 0 0 0
498 1 0.1 6.19914 4.6486 0.762575 -0.0029124 -0.000839541 0.000208617 0.0201868 -0.00193652 0.0186922 1 0 0 0 0 0 0 0
499 1 0.1 6.34624 4.80393 0.76254 -0.0058802 0.00391818 0.000323196 0.0418157 0.0690535 -0.0268218 1 0 0 0 0 0 0 0
