500
0 1 0.1 6.46545 0.557471 0.14996 0.0423146 -0.0312511 -0.0061732 -0.0612324 -0.00640123 0.012776 1 0 0 0 0 0 0 0
1 1 0.1 6.2589 0.764144 0.152596 0.0393798 -0.121575 -0.0544683 -0.45704 0.142938 -0.680751 1 0 0 0 0 0 0 0
2 1 0.1 6.08034 0.935691 0.150093 0.19347 -0.127072 -0.00382533 0.0457546 0.0141227 -3.17159 1 0 0 0 0 0 0 0
3 1 0.1 5.87063 1.15509 0.147959 -1.81421 0.208752 -0.207656 0.447129 0.906294 12.1677 1 0 0 0 0 0 0 0
4 1 0.1 5.74159 1.3208 0.137942 -4.4053 -0.0215396 0.0230192 -0.300473 -4.44087 -2.88658 1 0 0 0 0 0 0 0
5 1 0.1 5.78537 1.51759 0.140374 -4.13126 -0.108604 -0.0907396 0.120917 -2.79816 -1.31144 1 0 0 0 0 0 0 0
6 1 0.1 5.8012 1.71678 0.14562 -3.91413 -0.150703 -0.012394 0.0732768 -4.24817 -0.53133 1 0 0 0 0 0 0 0
7 1 0.1 5.80124 1.91653 0.146368 -3.87277 -0.174427 -0.00603353 -0.00362404 -4.39057 0.0461318 1 0 0 0 0 0 0 0
8 1 0.1 5.80068 2.11622 0.146141 -3.88102 -0.189365 -0.00926693 -0.00437058 -4.39172 0.041458 1 0 0 0 0 0 0 0
9 1 0.1 5.80006 2.31588 0.145282 -3.88359 -0.190124 -0.0127327 -0.00494195 -4.39383 0.0305656 1 0 0 0 0 0 0 0
10 1 0.1 5.79958 2.51555 0.14462 -3.88551 -0.176386 -0.015692 -0.0046118 -4.39501 0.0247625 1 0 0 0 0 0 0 0
11 1 0.1 5.79944 2.71527 0.145112 -3.8916 -0.151884 -0.017037 -0.00320292 -4.3965 0.0184757 1 0 0 0 0 0 0 0
12 1 0.1 5.79949 2.91506 0.145502 -3.89581 -0.122673 -0.0170695 -0.000508075 -4.39972 0.0078238 1 0 0 0 0 0 0 0
13 1 0.1 5.79964 3.11492 0.145695 -3.89725 -0.0958324 -0.0161583 0.00235776 -4.40441 -0.00232486 1 0 0 0 0 0 0 0
14 1 0.1 5.79995 3.31484 0.146035 -3.89223 -0.0753975 -0.0118248 0.0272677 -4.40467 -0.062847 1 0 0 0 0 0 0 0
15 1 0.1 5.80038 3.51483 0.146422 -3.87997 -0.0503346 -0.00380795 0.0347466 -4.40301 -0.0739092 1 0 0 0 0 0 0 0
16 1 0.1 5.80089 3.71495 0.14687 -3.8663 -0.0171469 0.00565729 0.0414674 -4.40277 -0.0794293 1 0 0 0 0 0 0 0
17 1 0.1 5.80134 3.91526 0.147342 -3.8523 0.0275262 0.0157458 0.045889 -4.40408 -0.0809242 1 0 0 0 0 0 0 0
18 1 0.1 5.80045 4.11591 0.147654 -3.88638 0.0896609 0.0256106 0.067726 -4.38231 0.394888 1 0 0 0 0 0 0 0
19 1 0.1 5.79244 4.31684 0.146695 -4.05596 0.165136 0.0377895 0.323764 -3.5356 0.713303 1 0 0 0 0 0 0 0
20 1 0.1 5.77042 4.5173 0.137796 -4.41036 0.230374 -0.00699752 -0.0561091 -4.3717 2.12186 1 0 0 0 0 0 0 0
21 1 0.1 5.78971 4.71987 0.143324 -3.63877 0.374848 0.146872 1.19244 -0.910242 -9.48278 1 0 0 0 0 0 0 0
22 1 0.1 5.92378 4.90034 0.149712 -0.179343 -0.151616 -0.0705607 0.462327 -1.65599 -4.53644 1 0 0 0 0 0 0 0
23 1 0.1 6.07635 5.06309 0.149295 -0.104408 -0.0551148 0.00326927 0.0376028 -0.040942 -0.620868 1 0 0 0 0 0 0 0
24 1 0.1 6.28701 5.27149 0.149873 -0.172436 -0.228493 0.030581 0.0871935 -0.376537 -3.11618 1 0 0 0 0 0 0 0
25 1 0.1 6.65763 0.505307 0.166918 -0.0706988 -0.367227 0.0848224 -0.419517 -0.81883 -3.57764 1 0 0 0 0 0 0 0
26 1 0.1 6.45705 0.754863 0.137459 -0.00467728 -0.07167 -0.0355468 -0.170863 -0.147849 0.99756 1 0 0 0 0 0 0 0
27 1 0.1 6.30486 0.956465 0.137027 -0.250497 -0.148408 0.00803989 0.958929 -0.714379 3.70759 1 0 0 0 0 0 0 0
28 1 0.1 6.11602 1.14128 0.137464 -0.388203 0.286764 0.0863128 -2.4213 -0.767877 13.4076 1 0 0 0 0 0 0 0
29 1 0.1 5.98313 1.31742 0.144802 -3.29085 0.741254 -0.0765141 0.825576 -1.28802 3.35605 1 0 0 0 0 0 0 0
30 1 0.1 5.98555 1.51709 0.147169 -4.07759 -0.175067 0.0122748 -0.248921 -1.76656 -0.832847 1 0 0 0 0 0 0 0
31 1 0.1 6.00124 1.71632 0.146484 -3.88867 -0.317504 0.00813292 -0.113637 -3.22697 -0.486113 1 0 0 0 0 0 0 0
32 1 0.1 6.00205 1.91603 0.146349 -3.85274 -0.339328 -0.00165798 -0.0196554 -3.37178 0.066149 1 0 0 0 0 0 0 0
33 1 0.1 6.00121 2.11556 0.145857 -3.86381 -0.350058 -0.00822803 -0.0185863 -3.37358 0.0647164 1 0 0 0 0 0 0 0
34 1 0.1 6.00029 2.3149 0.145273 -3.87411 -0.348945 -0.0146896 -0.01457 -3.37434 0.0591451 1 0 0 0 0 0 0 0
35 1 0.1 5.99965 2.51403 0.143897 -3.88002 -0.330762 -0.0190714 -0.00681964 -3.37568 0.0460581 1 0 0 0 0 0 0 0
36 1 0.1 5.99943 2.71297 0.145029 -3.89081 -0.293774 -0.0198446 0.0066702 -3.37586 0.0222396 1 0 0 0 0 0 0 0
37 1 0.1 5.99948 2.91176 0.145771 -3.8955 -0.240204 -0.0172336 0.0161443 -3.37608 -0.000363421 1 0 0 0 0 0 0 0
38 1 0.1 5.99961 3.11049 0.146088 -3.89379 -0.175229 -0.0119214 0.0286033 -3.37532 -0.0256755 1 0 0 0 0 0 0 0
39 1 0.1 5.99995 3.30925 0.146516 -3.88689 -0.105792 -0.00257944 0.0477822 -3.37409 -0.0543148 1 0 0 0 0 0 0 0
40 1 0.1 6.00043 3.50812 0.147067 -3.87599 -0.039344 0.0106946 0.063751 -3.37218 -0.0713576 1 0 0 0 0 0 0 0
41 1 0.1 6.001 3.7072 0.147802 -3.86349 0.0172106 0.0267576 0.0758376 -3.3709 -0.0791315 1 0 0 0 0 0 0 0
42 1 0.1 6.00156 3.90651 0.148711 -3.85091 0.0587041 0.0443498 0.0832578 -3.36842 -0.080552 1 0 0 0 0 0 0 0
43 1 0.1 6.00188 4.10606 0.149537 -3.83826 0.0831796 0.0620949 0.086153 -3.36645 -0.0763415 1 0 0 0 0 0 0 0
44 1 0.1 5.99242 4.30558 0.147559 -4.03675 0.0833773 0.0198395 -0.264887 -1.75457 2.11152 1 0 0 0 0 0 0 0
45 1 0.1 5.96998 4.5041 0.140802 -4.39886 0.0416781 -0.0805272 -0.451045 -0.834896 1.61616 1 0 0 0 0 0 0 0
46 1 0.1 5.98924 4.70351 0.139407 -3.64871 0.0042591 -0.0256919 1.42226 1.05334 -10.8256 1 0 0 0 0 0 0 0
47 1 0.1 6.12515 4.87316 0.142852 -0.946977 -0.295611 -0.0999558 1.17176 -0.196251 -8.07931 1 0 0 0 0 0 0 0
48 1 0.1 6.27301 5.07251 0.14582 -0.425578 0.0382991 0.00287338 0.215415 0.0527502 0.577337 1 0 0 0 0 0 0 0
49 1 0.1 6.48529 5.29223 0.15747 -0.192369 -0.107372 0.0408612 0.325933 0.347413 4.89579 1 0 0 0 0 0 0 0
50 1 0.1 6.7814 0.349097 0.141724 -0.920483 -0.961559 -0.00522377 0.449602 1.67195 -5.34035 1 0 0 0 0 0 0 0
51 1 0.1 6.65214 0.715929 0.139381 -0.00969658 -0.361837 -0.0386832 0.0614524 0.094131 -3.81038 1 0 0 0 0 0 0 0
52 1 0.1 6.50433 0.94681 0.137451 -0.194036 -0.0253401 -0.0101737 0.322048 -0.559524 0.701652 1 0 0 0 0 0 0 0
53 1 0.1 6.32282 1.15321 0.153094 -1.59054 -0.0911819 0.110239 -0.198423 -1.37296 9.01979 1 0 0 0 0 0 0 0
54 1 0.1 6.19084 1.33042 0.161959 -3.75765 0.0155899 0.181981 -0.185117 -2.98817 8.11549 1 0 0 0 0 0 0 0
55 1 0.1 6.18529 1.53107 0.153084 -4.16214 -0.0713497 0.0817318 -1.52561 -2.75189 -1.33139 1 0 0 0 0 0 0 0
56 1 0.1 6.2018 1.73004 0.145791 -3.9993 -0.107612 -0.0439117 -0.173 -2.56748 -0.134547 1 0 0 0 0 0 0 0
57 1 0.1 6.20321 1.92962 0.145335 -3.92523 -0.144631 -0.0390636 0.178616 -3.45453 -0.593561 1 0 0 0 0 0 0 0
58 1 0.1 6.20265 2.12904 0.145055 -3.87064 -0.178049 -0.022895 0.0154444 -3.56881 0.0256588 1 0 0 0 0 0 0 0
59 1 0.1 6.20171 2.32828 0.144578 -3.86643 -0.204766 -0.0215758 0.0109453 -3.5864 0.0292158 1 0 0 0 0 0 0 0
60 1 0.1 6.20099 2.52735 0.144281 -3.87501 -0.215529 -0.0237587 0.00919554 -3.59464 0.0372066 1 0 0 0 0 0 0 0
61 1 0.1 6.20074 2.72624 0.144968 -3.88246 -0.215085 -0.0220297 0.0109592 -3.60605 0.0309599 1 0 0 0 0 0 0 0
62 1 0.1 6.20071 2.92498 0.145524 -3.8904 -0.205187 -0.0208211 0.00330842 -3.60891 0.0233145 1 0 0 0 0 0 0 0
63 1 0.1 6.20075 3.12359 0.145776 -3.89427 -0.193506 -0.0202871 0.000194457 -3.60781 0.00407929 1 0 0 0 0 0 0 0
64 1 0.1 6.20095 3.32206 0.146028 -3.89331 -0.190271 -0.0193015 0.00583705 -3.60518 -0.0250848 1 0 0 0 0 0 0 0
65 1 0.1 6.20124 3.52039 0.146296 -3.88297 -0.206313 -0.0158476 0.0282052 -3.59516 -0.0857117 1 0 0 0 0 0 0 0
66 1 0.1 6.20163 3.71854 0.146693 -3.86066 -0.248429 -0.00585274 0.0691345 -3.58665 -0.13561 1 0 0 0 0 0 0 0
67 1 0.1 6.20226 3.91646 0.147397 -3.83252 -0.315187 0.012848 0.100312 -3.57915 -0.142431 1 0 0 0 0 0 0 0
68 1 0.1 6.20294 4.11411 0.148239 -3.80917 -0.395122 0.040404 0.141445 -3.57303 -0.0917693 1 0 0 0 0 0 0 0
69 1 0.1 6.19633 4.31135 0.149268 -4.24853 -0.479996 0.123206 0.887512 -3.14408 4.34508 1 0 0 0 0 0 0 0
70 1 0.1 6.17756 4.50753 0.14484 -3.67678 -0.458376 0.033066 -1.12732 -3.53519 -9.74614 1 0 0 0 0 0 0 0
71 1 0.1 6.21799 4.70029 0.137374 -2.16055 -0.745805 -0.0249535 -0.58819 -2.07992 -5.76119 1 0 0 0 0 0 0 0
72 1 0.1 6.32691 4.88247 0.13704 -1.42474 0.142114 0.00488015 0.141602 -1.14244 -9.47544 1 0 0 0 0 0 0 0
73 1 0.1 6.47055 5.08511 0.137431 -0.525487 0.134971 0.00121151 0.15349 -0.000595535 0.652364 1 0 0 0 0 0 0 0
74 1 0.1 6.68204 5.32674 0.158144 -0.270304 0.340961 0.04948 0.485702 -0.30126 -0.456049 1 0 0 0 0 0 0 0
75 1 0.1 6.96488 0.431823 0.137595 -1.07099 -0.476027 0.00282829 1.10515 -1.11822 9.05407 1 0 0 0 0 0 0 0
76 1 0.1 6.83442 0.635476 0.13754 -0.11233 -0.72807 -0.0392056 -0.0840651 -0.047431 -0.0577957 1 0 0 0 0 0 0 0
77 1 0.1 6.70991 0.933233 0.155189 0.253532 0.0533997 0.0981614 -0.217035 -0.171986 -0.0728483 1 0 0 0 0 0 0 0
78 1 0.1 6.55623 1.13714 0.151246 -0.796562 0.176383 0.100768 -0.107607 -2.78681 5.71138 1 0 0 0 0 0 0 0
79 1 0.1 6.42117 1.32519 0.143233 -2.88339 0.605864 0.0771908 -1.53012 -1.03074 5.99081 1 0 0 0 0 0 0 0
80 1 0.1 6.38732 1.52086 0.143985 -3.76688 0.404339 -0.0627668 0.788981 -2.85245 2.93826 1 0 0 0 0 0 0 0
81 1 0.1 6.40128 1.719 0.148711 -3.97096 0.358868 0.0519963 -0.0421859 -2.71193 -1.00942 1 0 0 0 0 0 0 0
82 1 0.1 6.40329 1.91792 0.147904 -3.87544 0.297446 0.0281591 -0.250085 -3.33692 0.0768516 1 0 0 0 0 0 0 0
83 1 0.1 6.40224 2.11701 0.14691 -3.87521 0.236557 -0.00135303 -0.020529 -3.68381 0.00574744 1 0 0 0 0 0 0 0
84 1 0.1 6.40142 2.31629 0.145818 -3.87512 0.188067 -0.008119 0.000658174 -3.81622 -0.00586246 1 0 0 0 0 0 0 0
85 1 0.1 6.40064 2.51572 0.145108 -3.86645 0.154657 -0.00899664 0.00333643 -3.82933 -7.0553e-05 1 0 0 0 0 0 0 0
86 1 0.1 6.4005 2.71525 0.145459 -3.87057 0.146923 -0.00941256 0.00133739 -3.88864 0.0129191 1 0 0 0 0 0 0 0
87 1 0.1 6.4005 2.91483 0.14579 -3.87359 0.164189 -0.0089986 0.00217513 -3.89489 0.00920176 1 0 0 0 0 0 0 0
88 1 0.1 6.40054 3.11441 0.14589 -3.87381 0.202879 -0.00805731 0.0079612 -3.91118 -0.0124346 1 0 0 0 0 0 0 0
89 1 0.1 6.40081 3.31398 0.146193 -3.87095 0.255672 -0.00502418 0.0122918 -3.91496 -0.0287864 1 0 0 0 0 0 0 0
90 1 0.1 6.40115 3.51353 0.146573 -3.86625 0.31402 -0.00099458 0.012874 -3.91438 -0.0314479 1 0 0 0 0 0 0 0
91 1 0.1 6.40162 3.71307 0.147001 -3.84871 0.367535 0.0074733 0.0511216 -3.83172 -0.154669 1 0 0 0 0 0 0 0
92 1 0.1 6.4023 3.9126 0.147535 -3.81631 0.399967 0.0249788 0.106564 -3.74775 -0.196726 1 0 0 0 0 0 0 0
93 1 0.1 6.40292 4.11212 0.148215 -3.78164 0.382683 0.0500414 0.123804 -3.72675 -0.189661 1 0 0 0 0 0 0 0
94 1 0.1 6.40043 4.31152 0.147734 -3.92865 0.268986 0.0293116 -0.269087 -3.52233 1.76677 1 0 0 0 0 0 0 0
95 1 0.1 6.3925 4.5104 0.143392 -3.78479 0.0406144 -0.0209628 0.0410601 -3.04559 -3.42394 1 0 0 0 0 0 0 0
96 1 0.1 6.41644 4.70741 0.146509 -2.64299 -0.380481 0.0671619 0.00710686 -0.556482 -3.73363 1 0 0 0 0 0 0 0
97 1 0.1 6.52803 4.88434 0.141686 -1.02193 -0.40645 -0.213333 -0.65307 1.99863 3.19756 1 0 0 0 0 0 0 0
98 1 0.1 6.66478 5.12527 0.142305 -0.569665 0.296312 0.0181939 0.11243 -0.0754255 0.998496 1 0 0 0 0 0 0 0
99 1 0.1 6.90445 5.30862 0.147382 -0.861059 0.049931 0.0422539 0.0468695 -0.186001 -0.449259 1 0 0 0 0 0 0 0
100 1 0.1 7.1465 0.530024 0.162753 -0.677293 -0.17183 0.157815 0.241283 0.110806 -6.52771 1 0 0 0 0 0 0 0
101 1 0.1 7.02583 0.689184 0.155661 -0.319603 0.123886 0.0962024 -0.556567 -1.42372 7.90732 1 0 0 0 0 0 0 0
102 1 0.1 6.90776 0.903506 0.173727 0.284303 -0.0810437 0.0883818 -0.0673825 -1.41229 -1.77977 1 0 0 0 0 0 0 0
103 1 0.1 6.75803 1.13049 0.170744 -1.08841 0.661178 0.326147 0.675394 -0.136916 -15.1223 1 0 0 0 0 0 0 0
104 1 0.1 6.63689 1.318 0.15441 -1.93798 0.735812 0.276107 -0.604893 -3.00242 6.82915 1 0 0 0 0 0 0 0
105 1 0.1 6.6092 1.51414 0.150126 -3.29767 0.588238 0.0698403 -0.610179 -3.02074 6.93882 1 0 0 0 0 0 0 0
106 1 0.1 6.60129 1.71202 0.149932 -3.95032 0.596454 0.000212791 0.224292 -4.09776 -0.453542 1 0 0 0 0 0 0 0
107 1 0.1 6.60302 1.91004 0.150475 -3.86201 0.606311 0.051572 0.213958 -4.1008 -0.444717 1 0 0 0 0 0 0 0
108 1 0.1 6.60248 2.10816 0.150191 -3.82523 0.587332 0.0672259 -0.0502566 -4.4143 0.104215 1 0 0 0 0 0 0 0
109 1 0.1 6.60127 2.30645 0.149724 -3.84498 0.539781 0.0517202 -0.0497778 -4.42997 0.11043 1 0 0 0 0 0 0 0
110 1 0.1 6.60049 2.50498 0.149546 -3.8657 0.469688 0.037958 -0.0424028 -4.44738 0.089544 1 0 0 0 0 0 0 0
111 1 0.1 6.60077 2.70379 0.149501 -3.87871 0.386814 0.0329504 -0.0133556 -4.47898 0.0303779 1 0 0 0 0 0 0 0
112 1 0.1 6.60102 2.90288 0.149527 -3.8826 0.302191 0.0326034 -0.00249058 -4.49086 0.00913195 1 0 0 0 0 0 0 0
113 1 0.1 6.60102 3.10223 0.149505 -3.88218 0.225481 0.0331059 0.00241789 -4.50011 -0.00567855 1 0 0 0 0 0 0 0
114 1 0.1 6.60111 3.30178 0.149512 -3.87964 0.162875 0.0346965 0.00575028 -4.50682 -0.0151348 1 0 0 0 0 0 0 0
115 1 0.1 6.60115 3.50149 0.149512 -3.87571 0.116535 0.0361757 0.00663048 -4.50966 -0.0230958 1 0 0 0 0 0 0 0
116 1 0.1 6.60125 3.70131 0.149541 -3.86508 0.0851041 0.0395094 0.0228691 -4.50774 -0.0845147 1 0 0 0 0 0 0 0
117 1 0.1 6.60196 3.9012 0.149865 -3.83669 0.0643654 0.0516534 0.0644629 -4.41125 -0.206152 1 0 0 0 0 0 0 0
118 1 0.1 6.60262 4.10112 0.150214 -3.81366 0.0471505 0.0623227 0.0147043 -3.92009 -0.0377217 1 0 0 0 0 0 0 0
119 1 0.1 6.6012 4.30105 0.149779 -3.86485 0.0222263 0.0427462 -0.151169 -4.55091 0.57389 1 0 0 0 0 0 0 0
120 1 0.1 6.60107 4.50095 0.149817 -3.80086 -0.0234635 0.0422089 0.160972 -4.53522 -1.27599 1 0 0 0 0 0 0 0
121 1 0.1 6.61486 4.70019 0.154784 -2.95984 -0.15471 0.206881 0.0205037 -1.16644 4.72953 1 0 0 0 0 0 0 0
122 1 0.1 6.72684 4.89968 0.155961 -1.01316 0.0171161 -0.197914 -0.373261 -2.24243 0.990046 1 0 0 0 0 0 0 0
123 1 0.1 6.86166 5.10006 0.156453 -0.571037 0.0231515 0.0846113 0.245243 -0.6107 -3.78206 1 0 0 0 0 0 0 0
124 1 0.1 7.12449 5.29936 0.144406 -0.723024 -0.00424699 0.0466762 0.01051 -0.0526852 -0.107691 1 0 0 0 0 0 0 0
125 1 0.1 6.44251 0.576481 0.349923 -0.288064 0.19562 -0.0119841 -0.00433385 -0.00994748 -0.01712 1 0 0 0 0 0 0 0
126 1 0.1 6.22187 0.794293 0.349528 -0.266095 0.161906 -0.000527534 -0.084584 -0.0814703 1.00392 1 0 0 0 0 0 0 0
127 1 0.1 6.07182 0.945395 0.35068 -0.0151171 -0.0237365 0.0186679 0.0609151 -0.15133 -0.215535 1 0 0 0 0 0 0 0
128 1 0.1 5.86615 1.14992 0.349423 -0.0762934 0.0686945 0.0138763 0.202834 0.18765 -0.10074 1 0 0 0 0 0 0 0
129 1 0.1 5.66876 1.35355 0.349024 -0.786429 0.644577 -0.00548073 2.5682 -1.54956 8.90324 1 0 0 0 0 0 0 0
130 1 0.1 5.57506 1.5404 0.350652 -3.99457 0.166498 0.331637 -3.67791 -0.67896 21.6046 1 0 0 0 0 0 0 0
131 1 0.1 5.5502 1.73925 0.341947 -5.31024 0.129099 -0.0216403 0.25873 -0.666183 -8.63087 1 0 0 0 0 0 0 0
132 1 0.1 5.58664 1.93586 0.345157 -4.47246 0.0463277 0.0228634 0.00910454 -0.5281 -0.0903868 1 0 0 0 0 0 0 0
133 1 0.1 5.58752 2.1356 0.345776 -4.44692 0.11236 0.0260746 0.0119427 -0.565779 -0.0977017 1 0 0 0 0 0 0 0
134 1 0.1 5.5863 2.33511 0.34594 -4.45179 0.20935 0.0253221 -0.00970145 -0.587631 0.118998 1 0 0 0 0 0 0 0
135 1 0.1 5.58319 2.5343 0.34507 -4.45463 0.336053 0.0245549 0.0151656 -0.590852 -0.0421954 1 0 0 0 0 0 0 0
136 1 0.1 5.58514 2.73322 0.346447 -4.44731 0.472682 0.02906 0.0180625 -0.592451 -0.0399021 1 0 0 0 0 0 0 0
137 1 0.1 5.58543 2.93188 0.346836 -4.43914 0.605433 0.0328177 0.0143614 -0.593916 -0.0245373 1 0 0 0 0 0 0 0
138 1 0.1 5.58546 3.13036 0.346983 -4.43385 0.717788 0.034987 0.00593698 -0.59304 -0.0229784 1 0 0 0 0 0 0 0
139 1 0.1 5.58579 3.32878 0.347137 -4.428 0.796326 0.0360519 0.00185185 -0.591298 -0.0352227 1 0 0 0 0 0 0 0
140 1 0.1 5.58633 3.52727 0.347229 -4.41785 0.825515 0.0373855 0.00523523 -0.587332 -0.0453679 1 0 0 0 0 0 0 0
141 1 0.1 5.58779 3.72593 0.347359 -4.40871 0.78819 0.0393811 -0.000283014 -0.579386 -0.037376 1 0 0 0 0 0 0 0
142 1 0.1 5.58989 3.92476 0.347522 -4.41565 0.671852 0.0392978 -0.00631161 -0.56885 -0.0888322 1 0 0 0 0 0 0 0
143 1 0.1 5.58586 4.1237 0.346837 -4.61865 0.263092 0.0370304 -0.026521 -0.519391 3.64593 1 0 0 0 0 0 0 0
144 1 0.1 5.54751 4.31892 0.343491 -4.53965 -1.28309 0.170654 1.61077 -1.38112 -9.92307 1 0 0 0 0 0 0 0
145 1 0.1 5.54225 4.51653 0.335146 -0.911112 -1.1989 0.314218 -0.613086 -3.22542 -15.1408 1 0 0 0 0 0 0 0
146 1 0.1 5.70941 4.68985 0.349637 0.329347 0.137762 -0.0396039 0.200834 -0.0270159 0.825921 1 0 0 0 0 0 0 0
147 1 0.1 5.92197 4.90221 0.350538 0.137658 0.0840503 -0.0193758 0.0743866 0.109452 1.45502 1 0 0 0 0 0 0 0
148 1 0.1 6.07678 5.06295 0.350068 0.106089 0.108456 0.000481611 0.042111 -0.100435 1.03288 1 0 0 0 0 0 0 0
149 1 0.1 6.28555 5.2699 0.350149 0.0899625 0.189364 0.0107065 -0.205936 -0.0586647 1.27871 1 0 0 0 0 0 0 0
150 1 0.1 6.62126 0.488457 0.363504 -0.493215 -0.206732 0.00732981 -0.0998102 0.236965 -1.41677 1 0 0 0 0 0 0 0
151 1 0.1 6.42077 0.774879 0.335017 -0.292817 0.0849974 0.038281 0.363933 -0.476532 -0.535592 1 0 0 0 0 0 0 0
152 1 0.1 6.26491 0.988598 0.329352 -0.0127801 -0.311123 0.0998092 0.833757 0.882986 -1.10713 1 0 0 0 0 0 0 0
153 1 0.1 6.0649 1.15909 0.329822 -0.0660348 0.0511268 0.2377 1.06698 3.13161 -0.162499 1 0 0 0 0 0 0 0
154 1 0.1 5.87851 1.35253 0.346709 -1.78606 0.559656 0.0742523 0.762652 1.11144 18.0577 1 0 0 0 0 0 0 0
155 1 0.1 5.77552 1.52723 0.357472 -3.91319 -0.185492 0.237834 0.216686 0.728439 4.43105 1 0 0 0 0 0 0 0
156 1 0.1 5.78468 1.72769 0.355567 -4.43857 -0.0320083 0.171164 -0.809559 0.505252 1.12115 1 0 0 0 0 0 0 0
157 1 0.1 5.78638 1.9276 0.350302 -4.46936 0.00615996 0.085868 -0.0602019 -0.104341 -0.41688 1 0 0 0 0 0 0 0
158 1 0.1 5.78736 2.12745 0.349464 -4.41167 0.040799 0.0722052 -0.0724735 -0.106895 -0.159533 1 0 0 0 0 0 0 0
159 1 0.1 5.78628 2.32715 0.3494 -4.4168 0.0958776 0.0638771 -0.011166 -0.207003 0.25865 1 0 0 0 0 0 0 0
160 1 0.1 5.78292 2.52662 0.349079 -4.45052 0.156672 0.0632504 0.0153299 -0.229193 0.0570518 1 0 0 0 0 0 0 0
161 1 0.1 5.78542 2.72584 0.350173 -4.45925 0.214381 0.0671952 0.0157139 -0.229864 0.0520204 1 0 0 0 0 0 0 0
162 1 0.1 5.78626 2.92481 0.350221 -4.46101 0.248719 0.0703101 0.0154045 -0.234011 -0.0422607 1 0 0 0 0 0 0 0
163 1 0.1 5.78697 3.1235 0.35051 -4.44862 0.244143 0.0733832 0.0168969 -0.234652 -0.0914782 1 0 0 0 0 0 0 0
164 1 0.1 5.78805 3.32183 0.35076 -4.42851 0.185537 0.0768704 0.0172604 -0.234366 -0.120234 1 0 0 0 0 0 0 0
165 1 0.1 5.78926 3.51973 0.350945 -4.38464 0.0638048 0.0823885 0.0345791 -0.228269 -0.344243 1 0 0 0 0 0 0 0
166 1 0.1 5.79112 3.71708 0.35116 -4.2615 -0.115795 0.0950172 0.0783274 -0.166759 -0.841046 1 0 0 0 0 0 0 0
167 1 0.1 5.794 3.91379 0.351528 -4.09519 -0.322557 0.108043 0.0835007 -0.123656 -0.808881 1 0 0 0 0 0 0 0
168 1 0.1 5.78714 4.10978 0.351731 -4.13476 -0.527177 0.114533 -0.030431 -0.0333747 1.5821 1 0 0 0 0 0 0 0
169 1 0.1 5.74557 4.30086 0.350422 -4.62486 -0.762812 0.0938756 -0.243049 0.235073 3.9751 1 0 0 0 0 0 0 0
170 1 0.1 5.74178 4.49671 0.347172 -2.22156 -0.578202 -0.00333844 -0.544796 0.390417 -27.6259 1 0 0 0 0 0 0 0
171 1 0.1 5.90806 4.68589 0.346988 0.687466 0.85132 -0.0433451 -0.12238 0.346101 8.75852 1 0 0 0 0 0 0 0
172 1 0.1 6.11593 4.87065 0.342455 0.347787 0.236968 0.000523285 0.0762575 -0.561672 1.16269 1 0 0 0 0 0 0 0
173 1 0.1 6.27688 5.07237 0.348815 0.24667 0.300401 0.062787 -0.308212 -0.575858 0.721253 1 0 0 0 0 0 0 0
174 1 0.1 6.4777 5.32009 0.362658 -0.0105456 0.601811 0.0472237 0.504771 -0.222638 3.00861 1 0 0 0 0 0 0 0
175 1 0.1 6.70838 0.309032 0.356971 0.0680373 0.0453325 -0.0430152 -0.167896 0.242619 -0.0808953 1 0 0 0 0 0 0 0
176 1 0.1 6.60745 0.698564 0.33694 -0.362761 -0.302548 -0.0238066 1.03041 0.60381 -3.29703 1 0 0 0 0 0 0 0
177 1 0.1 6.46594 0.972877 0.334159 -0.14622 0.179368 0.103918 0.651457 -1.17493 0.460952 1 0 0 0 0 0 0 0
178 1 0.1 6.29223 1.18443 0.354449 -0.96416 -0.205253 0.220918 0.304315 -0.905655 10.605 1 0 0 0 0 0 0 0
179 1 0.1 6.08435 1.35561 0.374409 -1.43663 0.417514 0.309102 1.58781 -4.82242 16.336 1 0 0 0 0 0 0 0
180 1 0.1 5.98146 1.52857 0.36239 -3.63343 -0.564569 0.0793594 -1.22136 -1.05735 6.66326 1 0 0 0 0 0 0 0
181 1 0.1 5.9853 1.72797 0.348321 -4.34021 -0.507593 -0.0200789 0.235464 -0.064634 0.521441 1 0 0 0 0 0 0 0
182 1 0.1 5.99019 1.92769 0.347684 -4.33635 -0.427805 0.0210804 0.179977 -0.0649162 -0.568566 1 0 0 0 0 0 0 0
183 1 0.1 5.99606 2.12725 0.348345 -4.31233 -0.33424 0.0423866 0.0264681 -0.165289 0.320409 1 0 0 0 0 0 0 0
184 1 0.1 5.98789 2.3266 0.34809 -4.37575 -0.235724 0.04627 0.0263724 -0.165474 0.320126 1 0 0 0 0 0 0 0
185 1 0.1 5.98381 2.52596 0.347145 -4.42252 -0.147406 0.0512152 0.029389 -0.188404 0.141224 1 0 0 0 0 0 0 0
186 1 0.1 5.98606 2.72525 0.34852 -4.43345 -0.0916533 0.0562451 0.0147262 -0.205762 -0.0475973 1 0 0 0 0 0 0 0
187 1 0.1 5.98678 2.92445 0.348966 -4.42697 -0.0838796 0.0588991 0.0100507 -0.204844 -0.07586 1 0 0 0 0 0 0 0
188 1 0.1 5.98735 3.12353 0.349182 -4.41442 -0.122009 0.0594322 -0.00492907 -0.207328 -0.119925 1 0 0 0 0 0 0 0
189 1 0.1 5.98842 3.32243 0.349364 -4.38585 -0.186021 0.0577517 -0.0155071 -0.208164 -0.128791 1 0 0 0 0 0 0 0
190 1 0.1 5.99 3.5211 0.349379 -4.36169 -0.253811 0.0532844 -0.0269499 -0.210577 -0.130678 1 0 0 0 0 0 0 0
191 1 0.1 5.99204 3.71957 0.349279 -4.33801 -0.287203 0.0475595 -0.0301783 -0.20476 -0.137682 1 0 0 0 0 0 0 0
192 1 0.1 5.99389 3.91796 0.349254 -4.33293 -0.259621 0.0477832 -0.016834 -0.0842812 0.364952 1 0 0 0 0 0 0 0
193 1 0.1 5.99025 4.11642 0.349971 -4.53584 -0.148183 0.0773876 0.350342 -0.257358 1.48547 1 0 0 0 0 0 0 0
194 1 0.1 5.94924 4.311 0.353667 -4.7711 -0.0360046 0.154061 0.520786 -0.241482 0.795961 1 0 0 0 0 0 0 0
195 1 0.1 5.99346 4.50551 0.351229 -1.394 -0.559925 0.099681 -1.21723 -0.802233 -34.2075 1 0 0 0 0 0 0 0
196 1 0.1 6.15342 4.67891 0.342421 -0.245121 0.0789515 0.0434556 -0.308097 -0.300769 -7.90875 1 0 0 0 0 0 0 0
197 1 0.1 6.31333 4.87845 0.335928 0.405001 0.43546 0.147444 -0.253287 -0.761932 0.872906 1 0 0 0 0 0 0 0
198 1 0.1 6.47866 5.08987 0.340149 0.302115 0.272103 0.179133 -0.321501 1.52751 1.34447 1 0 0 0 0 0 0 0
199 1 0.1 6.67145 5.36677 0.360182 -0.0531291 0.809018 0.0963426 0.406572 -0.0687732 -0.90276 1 0 0 0 0 0 0 0
200 1 0.1 6.8764 0.411518 0.347135 0.186634 0.0914088 -0.0922071 -0.0570482 0.135452 -0.0811398 1 0 0 0 0 0 0 0
201 1 0.1 6.79059 0.592446 0.342982 -0.58218 -0.104776 -0.0454503 -0.121367 0.251243 2.82171 1 0 0 0 0 0 0 0
202 1 0.1 6.66318 0.952077 0.358289 -0.081211 0.422513 0.189862 0.866971 0.180626 2.2581 1 0 0 0 0 0 0 0
203 1 0.1 6.49523 1.17731 0.356408 -0.650986 0.642956 0.196884 -0.462076 0.506109 1.62742 1 0 0 0 0 0 0 0
204 1 0.1 6.33072 1.37924 0.367991 -2.06748 0.0898318 0.105913 -1.63656 0.30411 0.830295 1 0 0 0 0 0 0 0
205 1 0.1 6.20194 1.5428 0.357799 -3.47524 -0.260979 0.0968365 -0.662868 -0.811661 7.15074 1 0 0 0 0 0 0 0
206 1 0.1 6.1852 1.7418 0.351331 -4.28563 -0.325583 0.0207636 -0.00707228 -0.286551 1.01953 1 0 0 0 0 0 0 0
207 1 0.1 6.1985 1.94092 0.349273 -4.35062 -0.311286 0.0321221 0.0850782 -0.262369 -0.41538 1 0 0 0 0 0 0 0
208 1 0.1 6.1969 2.14018 0.34943 -4.29022 -0.322739 0.0460948 0.05798 -0.231433 -0.0275004 1 0 0 0 0 0 0 0
209 1 0.1 6.19079 2.33909 0.349629 -4.34127 -0.331887 0.0545218 0.0416252 -0.225957 0.502214 1 0 0 0 0 0 0 0
210 1 0.1 6.1844 2.53766 0.349074 -4.44116 -0.340812 0.0617849 0.0437136 -0.225664 0.488523 1 0 0 0 0 0 0 0
211 1 0.1 6.18586 2.73594 0.350606 -4.48178 -0.350184 0.0679079 0.0165363 -0.226898 -0.0926561 1 0 0 0 0 0 0 0
212 1 0.1 6.18654 2.93381 0.350711 -4.45836 -0.362905 0.0704565 0.00785953 -0.221858 -0.137103 1 0 0 0 0 0 0 0
213 1 0.1 6.18717 3.13125 0.35064 -4.42712 -0.377649 0.0712716 -0.00199074 -0.225777 -0.176229 1 0 0 0 0 0 0 0
214 1 0.1 6.18857 3.32824 0.350671 -4.39152 -0.394694 0.0705323 -0.00625148 -0.225137 -0.227684 1 0 0 0 0 0 0 0
215 1 0.1 6.19069 3.5248 0.350654 -4.34287 -0.396538 0.0704713 -0.00483355 -0.232155 -0.263971 1 0 0 0 0 0 0 0
216 1 0.1 6.1935 3.72104 0.350592 -4.29146 -0.378385 0.0715632 0.00362458 -0.228702 -0.250786 1 0 0 0 0 0 0 0
217 1 0.1 6.19641 3.91705 0.350582 -4.2719 -0.336176 0.0792262 0.0739708 -0.232995 0.056626 1 0 0 0 0 0 0 0
218 1 0.1 6.19003 4.11287 0.35201 -4.54168 -0.282441 0.151399 0.661915 -0.29452 2.57575 1 0 0 0 0 0 0 0
219 1 0.1 6.1795 4.30852 0.353735 -3.85345 -0.168053 0.190713 -0.241361 -0.361443 -9.45954 1 0 0 0 0 0 0 0
220 1 0.1 6.22886 4.49836 0.350019 -1.77153 -0.622272 0.136488 -0.40626 -0.340599 -8.63704 1 0 0 0 0 0 0 0
221 1 0.1 6.35959 4.68754 0.347888 -0.270924 0.285611 0.191116 0.264085 -0.511331 -8.08538 1 0 0 0 0 0 0 0
222 1 0.1 6.51397 4.86355 0.347007 0.0671741 -0.325205 0.189664 -0.0384237 -1.08535 1.33002 1 0 0 0 0 0 0 0
223 1 0.1 6.66444 5.16652 0.340008 0.230561 0.618429 -0.00226456 0.0806943 0.207554 3.05865 1 0 0 0 0 0 0 0
224 1 0.1 6.86538 5.31938 0.364438 -0.21294 0.129903 0.0866055 0.251807 0.00772282 -6.0713 1 0 0 0 0 0 0 0
225 1 0.1 7.03777 0.52617 0.352548 0.281231 0.184689 -0.0226275 0.587445 -0.551482 0.344903 1 0 0 0 0 0 0 0
226 1 0.1 6.95799 0.708584 0.365228 -0.352209 -0.0115684 0.0169442 -0.294579 0.670101 -2.01294 1 0 0 0 0 0 0 0
227 1 0.1 6.847 0.874316 0.361936 -0.0203874 0.341242 0.0595752 -0.482492 1.03911 -2.72423 1 0 0 0 0 0 0 0
228 1 0.1 6.69553 1.16718 0.357784 -0.596879 0.643454 0.0355433 0.92145 1.08559 -1.51908 1 0 0 0 0 0 0 0
229 1 0.1 6.56388 1.36617 0.355023 -1.46268 1.04796 0.0399553 -0.284922 0.405754 4.5969 1 0 0 0 0 0 0 0
230 1 0.1 6.44951 1.538 0.351592 -2.63652 0.619179 -0.0543193 0.00874232 0.115552 6.79066 1 0 0 0 0 0 0 0
231 1 0.1 6.38663 1.72675 0.351549 -3.91041 0.256295 0.0163902 0.634978 0.244442 6.54455 1 0 0 0 0 0 0 0
232 1 0.1 6.39768 1.92527 0.352194 -4.338 0.300446 0.097004 0.161708 -0.290501 -2.1848 1 0 0 0 0 0 0 0
233 1 0.1 6.39803 2.12423 0.351853 -4.1798 0.301282 0.106411 -0.0702714 -0.316126 0.594826 1 0 0 0 0 0 0 0
234 1 0.1 6.39067 2.32321 0.351155 -4.29758 0.263632 0.0899088 -0.0674182 -0.315819 0.590289 1 0 0 0 0 0 0 0
235 1 0.1 6.38376 2.52238 0.349982 -4.39972 0.211924 0.0778016 -0.0328033 -0.307638 0.452399 1 0 0 0 0 0 0 0
236 1 0.1 6.38541 2.7218 0.350693 -4.44148 0.166284 0.0758941 0.0040017 -0.318534 -0.0370253 1 0 0 0 0 0 0 0
237 1 0.1 6.38618 2.92121 0.350402 -4.42843 0.125796 0.0771664 0.00590424 -0.318582 -0.088234 1 0 0 0 0 0 0 0
238 1 0.1 6.38686 3.12047 0.350737 -4.4086 0.0865906 0.078629 0.0083958 -0.318214 -0.0973997 1 0 0 0 0 0 0 0
239 1 0.1 6.38838 3.31945 0.351069 -4.36944 0.0457573 0.083817 0.0419773 -0.323435 -0.315175 1 0 0 0 0 0 0 0
240 1 0.1 6.39074 3.51805 0.351416 -4.30202 0.00250001 0.0935904 0.0480725 -0.323738 -0.36554 1 0 0 0 0 0 0 0
241 1 0.1 6.39384 3.71621 0.351753 -4.22795 -0.0338537 0.105232 0.05607 -0.32377 -0.372199 1 0 0 0 0 0 0 0
242 1 0.1 6.39631 3.91397 0.352128 -4.27274 -0.050327 0.111837 -0.00450421 -0.313127 0.843971 1 0 0 0 0 0 0 0
243 1 0.1 6.3925 4.1114 0.351881 -4.48426 -0.0450222 0.101879 -0.0778817 -0.319218 1.23937 1 0 0 0 0 0 0 0
244 1 0.1 6.39419 4.30866 0.35053 -3.59649 -0.0244809 0.109915 0.158243 -0.436021 -10.104 1 0 0 0 0 0 0 0
245 1 0.1 6.4285 4.50289 0.350082 -1.78733 -0.307728 0.173438 0.280703 -0.501052 -8.10374 1 0 0 0 0 0 0 0
246 1 0.1 6.5626 4.66255 0.355233 -0.913567 -0.874051 0.0627195 -0.442588 -0.661574 1.61172 1 0 0 0 0 0 0 0
247 1 0.1 6.71268 4.90444 0.359234 0.182732 0.147207 0.123738 -0.853775 1.05693 3.19677 1 0 0 0 0 0 0 0
248 1 0.1 6.85306 5.09914 0.360827 0.0975791 -0.0168541 0.0947281 -0.106491 -1.15696 -9.59784 1 0 0 0 0 0 0 0
249 1 0.1 7.06474 5.29514 0.360353 -1.2599 -0.0229501 0.0810538 -0.0396976 2.33652 -0.500117 1 0 0 0 0 0 0 0
250 1 0.1 6.45289 0.568908 0.549974 -0.138102 0.0937294 -0.00303564 -0.00161547 -0.0182173 -0.0280805 1 0 0 0 0 0 0 0
251 1 0.1 6.22307 0.793491 0.549695 -0.160112 0.0311539 0.023753 0.161134 -0.00522499 0.0527683 1 0 0 0 0 0 0 0
252 1 0.1 6.06871 0.950064 0.55038 0.00219472 -0.0374095 0.0233857 0.155073 -0.183175 -0.272071 1 0 0 0 0 0 0 0
253 1 0.1 5.8649 1.15175 0.549685 0.0581732 0.035517 0.0353453 0.206221 0.201578 -0.588842 1 0 0 0 0 0 0 0
254 1 0.1 5.66658 1.35482 0.549201 -0.780574 0.669851 0.0997831 -3.0555 1.75053 9.28216 1 0 0 0 0 0 0 0
255 1 0.1 5.58524 1.54346 0.550533 -3.97913 0.182353 -0.267842 3.95193 -1.11221 19.7236 1 0 0 0 0 0 0 0
256 1 0.1 5.56191 1.74201 0.563602 -5.29616 0.139667 0.137873 0.0955358 0.595934 -6.74733 1 0 0 0 0 0 0 0
257 1 0.1 5.59365 1.93928 0.561554 -4.52152 0.0822749 0.106706 -0.220104 0.695898 -1.02441 1 0 0 0 0 0 0 0
258 1 0.1 5.59726 2.1388 0.560683 -4.41954 0.172351 0.0803426 -0.0197926 0.666237 0.0253922 1 0 0 0 0 0 0 0
259 1 0.1 5.5962 2.33803 0.560703 -4.42594 0.297103 0.077468 -0.0172735 0.665206 0.0271696 1 0 0 0 0 0 0 0
260 1 0.1 5.59383 2.53691 0.560645 -4.42955 0.437915 0.0758359 -0.0121739 0.666016 0.0212175 1 0 0 0 0 0 0 0
261 1 0.1 5.59525 2.7355 0.560896 -4.42876 0.574123 0.07255 -0.00533709 0.665116 0.0109481 1 0 0 0 0 0 0 0
262 1 0.1 5.59535 2.93391 0.561033 -4.43131 0.683802 0.0719136 -0.000824992 0.666339 0.000584224 1 0 0 0 0 0 0 0
263 1 0.1 5.59529 3.13224 0.561107 -4.43048 0.756024 0.0722052 0.00310771 0.664683 -0.0130127 1 0 0 0 0 0 0 0
264 1 0.1 5.59534 3.33061 0.561171 -4.42627 0.788445 0.0728358 0.00245985 0.667199 -0.03088 1 0 0 0 0 0 0 0
265 1 0.1 5.59563 3.52913 0.561179 -4.41834 0.793446 0.0733152 0.00206526 0.665084 -0.0566527 1 0 0 0 0 0 0 0
266 1 0.1 5.59651 3.72793 0.561122 -4.40101 0.77847 0.0726328 -0.000178544 0.665047 -0.070957 1 0 0 0 0 0 0 0
267 1 0.1 5.5977 3.92709 0.56105 -4.44676 0.663023 0.0758178 0.0522797 0.592547 0.605991 1 0 0 0 0 0 0 0
268 1 0.1 5.59167 4.12654 0.56177 -4.54158 0.192696 0.091604 0.0977697 0.393396 0.751037 1 0 0 0 0 0 0 0
269 1 0.1 5.55805 4.32345 0.562607 -4.54555 -1.54781 -0.0482627 -3.11407 0.482617 -14.807 1 0 0 0 0 0 0 0
270 1 0.1 5.54249 4.51995 0.564325 -1.02744 -1.47071 -0.346033 -0.0259366 3.5654 -18.5192 1 0 0 0 0 0 0 0
271 1 0.1 5.71092 4.69269 0.549402 0.238828 -0.0113921 -0.0996634 0.596121 0.297391 0.5763 1 0 0 0 0 0 0 0
272 1 0.1 5.92419 4.90529 0.550253 0.129253 0.0985549 -0.00787642 0.00872393 0.0854378 1.46863 1 0 0 0 0 0 0 0
273 1 0.1 6.07803 5.06424 0.549834 0.103748 0.0991712 -0.00379672 0.0193971 0.027941 1.17636 1 0 0 0 0 0 0 0
274 1 0.1 6.28547 5.2693 0.550049 0.153727 0.295606 0.00175582 0.0491767 -0.00188406 0.367215 1 0 0 0 0 0 0 0
275 1 0.1 6.63391 0.485435 0.5633 -0.254361 -0.0713962 -0.00981494 0.256139 0.0664774 -1.26402 1 0 0 0 0 0 0 0
276 1 0.1 6.42615 0.767452 0.5358 -0.080086 0.152572 0.0518855 0.539367 0.889766 -0.554964 1 0 0 0 0 0 0 0
277 1 0.1 6.26292 0.988177 0.528805 0.0312777 -0.339019 0.115657 0.0489043 -0.334339 -1.16285 1 0 0 0 0 0 0 0
278 1 0.1 6.06705 1.16346 0.540633 0.374881 -0.0632131 -0.343824 -2.88533 3.08818 0.0442943 1 0 0 0 0 0 0 0
279 1 0.1 5.88534 1.35307 0.568888 -1.75457 0.635595 0.0994502 1.02959 -0.402374 20.1035 1 0 0 0 0 0 0 0
280 1 0.1 5.78482 1.52887 0.563379 -3.9386 -0.13773 0.104036 -0.51198 -0.665838 3.34063 1 0 0 0 0 0 0 0
281 1 0.1 5.79224 1.72867 0.556048 -4.42157 -0.0801799 0.0157191 -0.394003 -0.399707 1.85424 1 0 0 0 0 0 0 0
282 1 0.1 5.79327 1.92852 0.555597 -4.53088 -0.0562715 -0.00426981 0.194384 0.195832 -0.770108 1 0 0 0 0 0 0 0
283 1 0.1 5.79696 2.12815 0.558069 -4.41966 -0.0186546 0.0357502 0.2094 0.207415 -0.349554 1 0 0 0 0 0 0 0
284 1 0.1 5.79699 2.32763 0.559796 -4.39455 0.0385069 0.0626109 0.057976 0.227588 0.136302 1 0 0 0 0 0 0 0
285 1 0.1 5.79381 2.52686 0.560549 -4.41982 0.106299 0.0750451 0.0553331 0.227639 0.135326 1 0 0 0 0 0 0 0
286 1 0.1 5.795 2.72589 0.561529 -4.4389 0.177177 0.0824454 0.0152684 0.227212 0.0277253 1 0 0 0 0 0 0 0
287 1 0.1 5.79532 2.92471 0.561925 -4.44068 0.241101 0.0846616 0.00969937 0.226708 0.0069267 1 0 0 0 0 0 0 0
288 1 0.1 5.79566 3.12335 0.562003 -4.43797 0.278376 0.0857325 0.00187063 0.225061 -0.037027 1 0 0 0 0 0 0 0
289 1 0.1 5.79635 3.32181 0.561848 -4.42598 0.267524 0.0853797 -0.00619279 0.222369 -0.0937517 1 0 0 0 0 0 0 0
290 1 0.1 5.79729 3.52003 0.561439 -4.38964 0.187236 0.0816465 -0.0340949 0.211843 -0.298686 1 0 0 0 0 0 0 0
291 1 0.1 5.79897 3.71792 0.560714 -4.29137 0.0253381 0.0694749 -0.082831 0.184756 -0.689513 1 0 0 0 0 0 0 0
292 1 0.1 5.80157 3.91534 0.559701 -4.14619 -0.208337 0.0514376 -0.0950068 0.182868 -0.685573 1 0 0 0 0 0 0 0
293 1 0.1 5.79226 4.11194 0.558615 -4.27169 -0.477634 0.0581378 0.126048 -0.0731401 2.0447 1 0 0 0 0 0 0 0
294 1 0.1 5.7562 4.30474 0.557853 -4.70095 -0.795765 0.0985382 0.340005 -0.191151 3.17714 1 0 0 0 0 0 0 0
295 1 0.1 5.74853 4.50076 0.557457 -2.29161 -0.668593 0.0082236 -1.20828 -1.72389 -27.1927 1 0 0 0 0 0 0 0
296 1 0.1 5.90778 4.6877 0.564628 0.640133 0.766283 0.045834 2.41054 -1.92729 8.39398 1 0 0 0 0 0 0 0
297 1 0.1 6.1175 4.8729 0.563133 0.305142 0.251382 -0.0163122 0.0382266 0.0292853 1.02687 1 0 0 0 0 0 0 0
298 1 0.1 6.27887 5.07112 0.558033 0.19559 0.374477 -0.0147631 0.0638313 0.0050584 0.371194 1 0 0 0 0 0 0 0
299 1 0.1 6.47833 5.31915 0.562634 0.107974 0.408907 0.048616 0.532331 -0.335557 0.829928 1 0 0 0 0 0 0 0
300 1 0.1 6.71394 0.302876 0.560029 -0.085427 0.00429592 -0.0740725 -0.420279 0.553768 0.658833 1 0 0 0 0 0 0 0
301 1 0.1 6.61437 0.69731 0.536875 -0.188722 -0.389405 -0.0350341 -0.192453 -0.20058 -4.48434 1 0 0 0 0 0 0 0
302 1 0.1 6.46011 0.964525 0.549585 0.0729463 0.139146 -0.00879348 -0.291245 1.26681 0.726217 1 0 0 0 0 0 0 0
303 1 0.1 6.29926 1.17994 0.566504 -0.874417 -0.193468 0.0966994 0.119379 2.16688 10.6027 1 0 0 0 0 0 0 0
304 1 0.1 6.09147 1.36163 0.5744 -1.38245 0.511764 -0.169811 4.47645 -4.42564 18.5189 1 0 0 0 0 0 0 0
305 1 0.1 5.98904 1.53382 0.56236 -3.66784 -0.559384 0.120793 0.0928531 1.05854 6.08759 1 0 0 0 0 0 0 0
306 1 0.1 5.9926 1.73345 0.555711 -4.30615 -0.487252 0.0817152 -0.478223 0.0671793 0.256036 1 0 0 0 0 0 0 0
307 1 0.1 5.99667 1.93294 0.555947 -4.33755 -0.376694 0.0345755 -0.00160417 0.101728 0.0803711 1 0 0 0 0 0 0 0
308 1 0.1 6.00199 2.13218 0.557857 -4.3576 -0.237582 0.0397076 0.0625228 0.108115 0.132396 1 0 0 0 0 0 0 0
309 1 0.1 5.9972 2.33126 0.559201 -4.38341 -0.0931294 0.0522915 0.0647866 0.108241 0.132255 1 0 0 0 0 0 0 0
310 1 0.1 5.99401 2.53029 0.559828 -4.41016 0.0352957 0.0657207 0.0655929 0.109301 0.125816 1 0 0 0 0 0 0 0
311 1 0.1 5.99527 2.72934 0.56103 -4.42471 0.128426 0.0763996 0.0358514 0.121624 0.00804871 1 0 0 0 0 0 0 0
312 1 0.1 5.9955 2.92844 0.56164 -4.42519 0.171371 0.0833709 0.0274886 0.124063 -0.00887905 1 0 0 0 0 0 0 0
313 1 0.1 5.99578 3.1276 0.561976 -4.42146 0.156735 0.088316 0.0215809 0.126521 -0.0258873 1 0 0 0 0 0 0 0
314 1 0.1 5.99665 3.32673 0.562208 -4.41521 0.0867821 0.0917234 0.0164689 0.131881 -0.0395185 1 0 0 0 0 0 0 0
315 1 0.1 5.99831 3.52574 0.562322 -4.4077 -0.02189 0.095951 0.0305485 0.131261 -0.0498473 1 0 0 0 0 0 0 0
316 1 0.1 6.00054 3.72452 0.562328 -4.3995 -0.137109 0.102765 0.0373544 0.134913 -0.0681861 1 0 0 0 0 0 0 0
317 1 0.1 6.00375 3.92303 0.562337 -4.30593 -0.213542 0.118042 0.11103 0.199206 -0.843877 1 0 0 0 0 0 0 0
318 1 0.1 6.00376 4.12146 0.561524 -4.38937 -0.210012 0.0752706 -0.519921 0.201918 1.63774 1 0 0 0 0 0 0 0
319 1 0.1 5.96 4.31498 0.556759 -4.6925 -0.179766 -0.0205461 -0.535097 0.192698 1.37901 1 0 0 0 0 0 0 0
320 1 0.1 5.99653 4.51036 0.557177 -1.4731 -0.601127 -0.0797197 0.00978988 0.322254 -34.0039 1 0 0 0 0 0 0 0
321 1 0.1 6.16301 4.68447 0.563221 -0.271039 0.0604468 -0.0528484 0.203036 -0.0443612 -7.91148 1 0 0 0 0 0 0 0
322 1 0.1 6.3164 4.87648 0.562924 0.315532 0.461965 -0.036815 0.104773 0.101868 0.82762 1 0 0 0 0 0 0 0
323 1 0.1 6.47819 5.08969 0.559231 0.17699 0.158377 0.0858647 -0.577857 -0.0837226 2.26568 1 0 0 0 0 0 0 0
324 1 0.1 6.67561 5.35819 0.563121 -0.130725 0.666197 0.00357403 0.138456 0.729871 0.763289 1 0 0 0 0 0 0 0
325 1 0.1 6.87628 0.414819 0.547445 -0.472214 0.248741 -0.117584 0.380663 -0.027112 3.33219 1 0 0 0 0 0 0 0
326 1 0.1 6.7973 0.61692 0.552614 -0.155666 -0.40665 -0.014928 -0.189361 0.164075 4.4661 1 0 0 0 0 0 0 0
327 1 0.1 6.65715 0.93474 0.562402 0.0608359 0.255118 0.00403561 0.21584 -1.37962 0.441645 1 0 0 0 0 0 0 0
328 1 0.1 6.50357 1.16068 0.564907 -0.325362 0.44558 -0.0123493 -0.203832 -0.895526 5.47507 1 0 0 0 0 0 0 0
329 1 0.1 6.33875 1.3744 0.567382 -1.94293 0.139643 0.131606 1.14616 0.926695 0.672076 1 0 0 0 0 0 0 0
330 1 0.1 6.21657 1.54358 0.557344 -3.45974 0.0133663 0.0994332 0.155456 -0.542674 8.57786 1 0 0 0 0 0 0 0
331 1 0.1 6.19244 1.74215 0.558063 -4.29548 -0.108404 0.0857071 -0.0764335 0.136952 1.72304 1 0 0 0 0 0 0 0
332 1 0.1 6.2028 1.94172 0.559734 -4.48004 -0.118487 0.0774517 0.00182322 0.00605084 0.0980792 1 0 0 0 0 0 0 0
333 1 0.1 6.20187 2.14125 0.560135 -4.43683 -0.145564 0.0748711 -0.02886 0.0330626 -0.570977 1 0 0 0 0 0 0 0
334 1 0.1 6.19919 2.34048 0.55996 -4.39024 -0.185709 0.0719787 0.00106278 0.0710187 0.144818 1 0 0 0 0 0 0 0
335 1 0.1 6.19494 2.53929 0.55922 -4.41915 -0.238718 0.072525 0.00611479 0.0719119 0.145023 1 0 0 0 0 0 0 0
336 1 0.1 6.19563 2.73762 0.560344 -4.44928 -0.296725 0.0756175 0.0202138 0.0787712 0.0765852 1 0 0 0 0 0 0 0
337 1 0.1 6.19563 2.93535 0.56097 -4.45025 -0.366299 0.0803023 0.0242705 0.0788286 0.00376423 1 0 0 0 0 0 0 0
338 1 0.1 6.19584 3.13249 0.561178 -4.44935 -0.424027 0.0852034 0.0244187 0.0851416 -0.0366567 1 0 0 0 0 0 0 0
339 1 0.1 6.19669 3.32901 0.561364 -4.4271 -0.462668 0.0888817 0.0174493 0.0840067 -0.14422 1 0 0 0 0 0 0 0
340 1 0.1 6.19833 3.525 0.561503 -4.38855 -0.464499 0.090684 0.00661874 0.0921216 -0.210144 1 0 0 0 0 0 0 0
341 1 0.1 6.20075 3.72061 0.561558 -4.34273 -0.426208 0.0901611 -0.0108755 0.0864355 -0.211218 1 0 0 0 0 0 0 0
342 1 0.1 6.20341 3.91604 0.56148 -4.31036 -0.367037 0.0848793 -0.046837 0.0940765 -0.103825 1 0 0 0 0 0 0 0
343 1 0.1 6.20407 4.11139 0.561046 -4.35145 -0.31426 0.0554591 -0.238214 0.0947937 0.411132 1 0 0 0 0 0 0 0
344 1 0.1 6.20261 4.30678 0.558061 -3.47963 -0.2861 -0.023099 -0.56292 0.0211512 -9.02028 1 0 0 0 0 0 0 0
345 1 0.1 6.22724 4.50058 0.554807 -1.76693 -0.488782 -0.070596 0.0617719 -0.0191295 -8.15991 1 0 0 0 0 0 0 0
346 1 0.1 6.36196 4.68422 0.563524 -0.18009 0.360936 -0.0762996 0.19513 0.0403804 -6.06237 1 0 0 0 0 0 0 0
347 1 0.1 6.51791 4.86514 0.56065 0.362767 -0.258247 0.0467499 -0.457403 -1.83807 1.95282 1 0 0 0 0 0 0 0
348 1 0.1 6.66834 5.15778 0.559195 0.154682 0.615384 0.0440866 -0.495033 0.236024 2.1991 1 0 0 0 0 0 0 0
349 1 0.1 6.89063 5.31375 0.563473 -1.11123 0.0648606 0.0461166 0.0426031 0.793403 -0.320786 1 0 0 0 0 0 0 0
350 1 0.1 7.03283 0.535793 0.552757 -0.536118 0.0147709 -0.0201411 0.594865 -0.460838 -4.44486 1 0 0 0 0 0 0 0
351 1 0.1 6.97754 0.726962 0.563292 -0.179675 0.0908815 -0.00427233 -0.244021 -0.144569 -4.59378 1 0 0 0 0 0 0 0
352 1 0.1 6.84887 0.879274 0.561734 0.103385 0.372602 0.065191 0.971347 0.356492 0.785897 1 0 0 0 0 0 0 0
353 1 0.1 6.70404 1.1505 0.558497 -0.262433 0.521095 0.0755425 0.341928 0.806748 -5.06495 1 0 0 0 0 0 0 0
354 1 0.1 6.54661 1.35787 0.554404 -1.54556 0.946704 0.0469665 -0.159069 -1.76191 7.68532 1 0 0 0 0 0 0 0
355 1 0.1 6.44846 1.53891 0.551862 -2.51875 0.666313 0.0642618 -0.841356 0.69278 6.69932 1 0 0 0 0 0 0 0
356 1 0.1 6.39382 1.72937 0.55731 -3.91265 0.363027 0.0281125 0.165079 0.274008 7.74548 1 0 0 0 0 0 0 0
357 1 0.1 6.40207 1.92721 0.559639 -4.42236 0.434683 0.0632831 0.206798 0.337382 -2.8051 1 0 0 0 0 0 0 0
358 1 0.1 6.40581 2.12536 0.560198 -4.17843 0.425441 0.0754589 -0.0754874 0.411075 0.437021 1 0 0 0 0 0 0 0
359 1 0.1 6.40009 2.32364 0.559608 -4.26903 0.388443 0.0627529 -0.0720334 0.41285 0.449937 1 0 0 0 0 0 0 0
360 1 0.1 6.39413 2.52208 0.556837 -4.35899 0.344681 0.0521389 -0.0485527 0.412973 0.39843 1 0 0 0 0 0 0 0
361 1 0.1 6.39484 2.72076 0.559856 -4.41309 0.308885 0.0516849 0.0512694 0.410474 0.235894 1 0 0 0 0 0 0 0
362 1 0.1 6.39503 2.91951 0.560653 -4.43242 0.290132 0.0621049 0.0366783 0.435058 -0.0738485 1 0 0 0 0 0 0 0
363 1 0.1 6.3953 3.11818 0.560861 -4.40678 0.265061 0.0678568 0.01726 0.438802 -0.13981 1 0 0 0 0 0 0 0
364 1 0.1 6.39626 3.31665 0.560998 -4.38 0.225936 0.0695476 0.00649987 0.441479 -0.16572 1 0 0 0 0 0 0 0
365 1 0.1 6.39805 3.5148 0.560811 -4.34521 0.159343 0.0698312 0.00515155 0.444971 -0.20994 1 0 0 0 0 0 0 0
366 1 0.1 6.40076 3.71254 0.560322 -4.29656 0.0726417 0.0692175 -0.00407006 0.447256 -0.244809 1 0 0 0 0 0 0 0
367 1 0.1 6.40385 3.90983 0.559906 -4.24461 -0.00629921 0.0708057 0.0315991 0.447814 -0.242316 1 0 0 0 0 0 0 0
368 1 0.1 6.40524 4.10674 0.559933 -4.20145 -0.0440573 0.0757825 0.0310404 0.448084 -0.23093 1 0 0 0 0 0 0 0
369 1 0.1 6.40231 4.30344 0.559067 -3.43089 -0.010268 0.0121304 -0.662843 0.335513 -7.60765 1 0 0 0 0 0 0 0
370 1 0.1 6.42713 4.4987 0.552854 -1.58933 -0.197287 -0.101954 -0.104795 0.390685 -9.26705 1 0 0 0 0 0 0 0
371 1 0.1 6.56421 4.6602 0.555408 -0.903214 -0.909771 0.089163 0.861126 0.710748 3.49963 1 0 0 0 0 0 0 0
372 1 0.1 6.71347 4.90899 0.559062 0.334871 0.230973 0.12856 0.0325232 0.621999 3.0466 1 0 0 0 0 0 0 0
373 1 0.1 6.8602 5.09767 0.560812 0.042474 -0.0275932 0.105966 -0.488595 -0.564495 -8.71058 1 0 0 0 0 0 0 0
374 1 0.1 7.12022 5.29818 0.558228 -0.954771 -0.012348 0.0692527 -0.120314 0.708187 -0.287604 1 0 0 0 0 0 0 0
375 1 0.1 6.45472 0.567463 0.750037 -0.0246853 0.0474445 -0.0165917 -0.0632398 0.0334021 0.267199 1 0 0 0 0 0 0 0
376 1 0.1 6.23147 0.787993 0.749725 -0.0641084 0.0354169 0.0160897 0.00603855 -0.0713954 0.00142964 1 0 0 0 0 0 0 0
377 1 0.1 6.07083 0.947407 0.750189 0.00624275 0.030136 0.0509268 0.00123167 -0.00381159 -0.00548813 1 0 0 0 0 0 0 0
378 1 0.1 5.86055 1.15551 0.750462 -0.0709207 -0.279256 -0.106793 -0.555318 0.590874 -2.05204 1 0 0 0 0 0 0 0
379 1 0.1 5.67842 1.34356 0.753886 -0.699509 0.643887 -0.406691 -3.52326 2.21085 9.47592 1 0 0 0 0 0 0 0
380 1 0.1 5.66678 1.54039 0.756446 -3.391 0.716909 -0.406434 3.59263 -0.815246 18.4275 1 0 0 0 0 0 0 0
381 1 0.1 5.66052 1.73765 0.762496 -4.93675 0.776116 -0.0183821 0.161787 1.52175 -3.20057 1 0 0 0 0 0 0 0
382 1 0.1 5.67437 1.93448 0.762323 -4.34655 0.806907 -0.0221354 0.0509372 1.50364 -2.62225 1 0 0 0 0 0 0 0
383 1 0.1 5.67801 2.13179 0.762396 -4.10217 0.817275 -0.0183679 0.0207956 1.24516 0.165422 1 0 0 0 0 0 0 0
384 1 0.1 5.67735 2.32933 0.762496 -4.13835 0.771196 -0.0115853 0.0128414 1.24478 0.167491 1 0 0 0 0 0 0 0
385 1 0.1 5.67669 2.52725 0.761904 -4.16712 0.672566 -0.0138524 0.00275585 1.24212 0.12735 1 0 0 0 0 0 0 0
386 1 0.1 5.67651 2.72561 0.762452 -4.18615 0.543827 -0.012829 -0.0035866 1.23376 0.0685571 1 0 0 0 0 0 0 0
387 1 0.1 5.6764 2.92444 0.762277 -4.19519 0.413232 -0.0134962 -0.0130602 1.22863 0.0224869 1 0 0 0 0 0 0 0
388 1 0.1 5.67622 3.12371 0.762246 -4.19661 0.302853 -0.0168368 -0.0133938 1.22325 0.000252914 1 0 0 0 0 0 0 0
389 1 0.1 5.67628 3.32334 0.762217 -4.1937 0.204464 -0.0200383 -0.00436948 1.21636 -0.0274389 1 0 0 0 0 0 0 0
390 1 0.1 5.67661 3.52322 0.762231 -4.18585 0.0762086 -0.0198185 -0.00116109 1.21411 -0.0312468 1 0 0 0 0 0 0 0
391 1 0.1 5.67676 3.72415 0.762232 -4.18172 0.0458543 -0.0192812 0.0136561 1.19654 -0.00606461 1 0 0 0 0 0 0 0
392 1 0.1 5.67693 3.92576 0.76223 -4.17838 0.0871662 -0.0196734 0.0239628 1.20285 -0.00680519 1 0 0 0 0 0 0 0
393 1 0.1 5.67364 4.12748 0.762288 -4.35026 0.096056 -0.0161606 -0.0133326 0.557983 -1.08035 1 0 0 0 0 0 0 0
394 1 0.1 5.65488 4.32706 0.762396 -4.79793 -0.174123 -0.00368757 -0.0862528 0.775243 -0.452984 1 0 0 0 0 0 0 0
395 1 0.1 5.63119 4.52558 0.761608 -4.55624 -0.0698715 -0.0507659 -0.690164 1.71061 -2.03053 1 0 0 0 0 0 0 0
396 1 0.1 5.72418 4.70656 0.747737 -1.12947 -1.02024 -0.0734849 2.62925 -0.833909 -9.709 1 0 0 0 0 0 0 0
397 1 0.1 5.92446 4.90515 0.750155 -0.00473399 0.0589607 -0.00110527 -0.00123858 -0.00388965 0.0982871 1 0 0 0 0 0 0 0
398 1 0.1 6.0858 5.0681 0.749618 0.018597 0.0449404 0.00518989 -0.02595 -0.0205676 0.132872 1 0 0 0 0 0 0 0
399 1 0.1 6.28864 5.27378 0.750211 0.000812823 0.00294545 -0.0102763 0.0083521 0.0141095 0.265047 1 0 0 0 0 0 0 0
400 1 0.1 6.64411 0.50428 0.762466 -0.133122 -0.369411 -0.00902431 -1.86466 0.549693 -4.0874 1 0 0 0 0 0 0 0
401 1 0.1 6.43161 0.76565 0.739078 -0.00466451 0.161538 -0.0769139 -0.464501 -0.0751416 -0.745727 1 0 0 0 0 0 0 0
402 1 0.1 6.26652 0.985896 0.738614 0.0601049 -0.117831 -0.0566018 0.975658 0.822266 -0.00484195 1 0 0 0 0 0 0 0
403 1 0.1 6.05828 1.16185 0.757257 -0.283773 0.703626 0.0269792 0.552112 -2.22852 13.1368 1 0 0 0 0 0 0 0
404 1 0.1 5.9388 1.34295 0.761598 -1.00511 0.577604 -0.0665837 3.0202 -0.322409 25.2215 1 0 0 0 0 0 0 0
405 1 0.1 5.86526 1.52981 0.761329 -3.28536 -0.048654 0.0456643 -0.25274 -0.801744 -5.07414 1 0 0 0 0 0 0 0
406 1 0.1 5.86772 1.72907 0.75954 -3.99518 0.0686525 0.0337383 0.213029 0.125262 5.77999 1 0 0 0 0 0 0 0
407 1 0.1 5.87513 1.92791 0.761254 -4.43879 0.208081 0.0693573 0.156984 0.445079 -1.36476 1 0 0 0 0 0 0 0
408 1 0.1 5.87798 2.12657 0.762393 -4.23544 0.322066 0.0415477 -0.41143 0.589755 -0.65105 1 0 0 0 0 0 0 0
409 1 0.1 5.87782 2.32501 0.762599 -4.16918 0.409631 -0.00591253 -0.042211 0.693932 0.0043543 1 0 0 0 0 0 0 0
410 1 0.1 5.87732 2.52333 0.761763 -4.17328 0.448246 -0.00931499 -0.0268606 0.682503 0.0246913 1 0 0 0 0 0 0 0
411 1 0.1 5.87693 2.72164 0.762487 -4.1795 0.431845 -0.010435 -0.0380254 0.669516 0.0299762 1 0 0 0 0 0 0 0
412 1 0.1 5.87681 2.92005 0.761987 -4.18341 0.36808 -0.0191796 -0.0432458 0.664521 0.0129174 1 0 0 0 0 0 0 0
413 1 0.1 5.87669 3.11863 0.761807 -4.18316 0.275787 -0.0296483 -0.0288242 0.660281 -0.00355282 1 0 0 0 0 0 0 0
414 1 0.1 5.87661 3.3174 0.761906 -4.18016 0.178864 -0.0349412 -0.00105842 0.650635 -0.0175276 1 0 0 0 0 0 0 0
415 1 0.1 5.87663 3.51637 0.76215 -4.17347 0.0992225 -0.0304956 0.0468429 0.639596 -0.0445036 1 0 0 0 0 0 0 0
416 1 0.1 5.87707 3.71556 0.762491 -4.15777 0.0519198 -0.00516624 0.183896 0.604362 -0.113851 1 0 0 0 0 0 0 0
417 1 0.1 5.87825 3.91495 0.762279 -4.13502 0.0408402 0.0308453 0.188826 0.602154 -0.111697 1 0 0 0 0 0 0 0
418 1 0.1 5.8732 4.11448 0.761226 -4.34871 0.0519959 0.0462834 -0.0452834 -0.198126 2.22746 1 0 0 0 0 0 0 0
419 1 0.1 5.85436 4.31334 0.759228 -4.77787 0.0395583 0.0213653 -0.157995 -0.278752 2.11803 1 0 0 0 0 0 0 0
420 1 0.1 5.83246 4.51203 0.757558 -4.73342 0.0647942 -0.00249083 -0.0401659 -0.100727 -2.48759 1 0 0 0 0 0 0 0
421 1 0.1 5.92586 4.69557 0.762938 -0.673115 -0.532039 0.146463 1.31938 -1.34179 -1.72097 1 0 0 0 0 0 0 0
422 1 0.1 6.11857 4.87238 0.762743 -0.0129155 0.176513 0.00413248 0.0621537 -0.0897879 -0.175652 1 0 0 0 0 0 0 0
423 1 0.1 6.28493 5.07371 0.759914 0.151498 -0.111462 0.0233816 -0.00173405 0.0500267 1.15609 1 0 0 0 0 0 0 0
424 1 0.1 6.48572 5.30678 0.762099 0.0390863 0.179353 0.0374653 0.409732 -0.0222094 1.10986 1 0 0 0 0 0 0 0
425 1 0.1 6.73949 0.321384 0.761927 -1.2037 -1.05759 -0.00728546 -0.378114 0.915181 -4.76295 1 0 0 0 0 0 0 0
426 1 0.1 6.62185 0.704243 0.736593 -0.118285 -0.337834 -0.0416894 -0.34323 0.138975 -4.28744 1 0 0 0 0 0 0 0
427 1 0.1 6.46492 0.962463 0.7493 0.20794 0.222359 0.000451108 -0.545632 0.0590157 -1.33878 1 0 0 0 0 0 0 0
428 1 0.1 6.3333 1.17223 0.762807 -0.389302 -0.0756655 0.00780965 0.964875 2.2943 4.96221 1 0 0 0 0 0 0 0
429 1 0.1 6.1618 1.35755 0.762152 -1.41716 0.486401 -0.0523302 4.06006 3.26857 3.2078 1 0 0 0 0 0 0 0
430 1 0.1 6.06453 1.53363 0.755797 -3.1894 -0.609592 0.00371772 0.0526501 1.21206 -0.552693 1 0 0 0 0 0 0 0
431 1 0.1 6.07211 1.73306 0.759897 -4.27019 -0.532672 0.0431261 0.338538 0.035643 5.13521 1 0 0 0 0 0 0 0
432 1 0.1 6.07513 1.93238 0.76191 -4.41678 -0.501533 0.0775084 -0.0250519 0.031222 -3.72451 1 0 0 0 0 0 0 0
433 1 0.1 6.08229 2.13136 0.762558 -4.0958 -0.486858 0.0122722 -0.499338 0.749597 0.596091 1 0 0 0 0 0 0 0
434 1 0.1 6.07848 2.33017 0.762593 -4.1893 -0.461802 -0.0216781 0.0151295 0.749244 0.215618 1 0 0 0 0 0 0 0
435 1 0.1 6.0778 2.52881 0.761518 -4.21625 -0.435571 -0.0197016 0.028572 0.717963 0.0476004 1 0 0 0 0 0 0 0
436 1 0.1 6.0773 2.72733 0.762504 -4.22052 -0.404891 -0.0115118 -0.00507227 0.706763 -0.00552129 1 0 0 0 0 0 0 0
437 1 0.1 6.07704 2.92578 0.762368 -4.21458 -0.362057 -0.0152871 -0.0219608 0.701939 -0.0311765 1 0 0 0 0 0 0 0
438 1 0.1 6.07711 3.12422 0.762074 -4.20449 -0.300599 -0.0224162 -0.0242086 0.696984 -0.0510127 1 0 0 0 0 0 0 0
439 1 0.1 6.07754 3.32273 0.762006 -4.18595 -0.216236 -0.0274664 -0.0051922 0.683506 -0.120323 1 0 0 0 0 0 0 0
440 1 0.1 6.0784 3.52137 0.762083 -4.15668 -0.107909 -0.0283887 0.0114634 0.675125 -0.16014 1 0 0 0 0 0 0 0
441 1 0.1 6.07956 3.7202 0.762227 -4.12363 0.0213226 -0.0267287 0.0141742 0.673529 -0.16498 1 0 0 0 0 0 0 0
442 1 0.1 6.08079 3.91925 0.762306 -4.10709 0.162212 -0.0209917 0.0465458 0.649115 -0.00924765 1 0 0 0 0 0 0 0
443 1 0.1 6.08065 4.11856 0.762495 -4.16757 0.294408 -0.0047549 0.103355 0.323612 0.401936 1 0 0 0 0 0 0 0
444 1 0.1 6.05431 4.31637 0.761275 -4.74826 0.355229 0.00987983 0.0615141 0.382195 5.52603 1 0 0 0 0 0 0 0
445 1 0.1 6.06183 4.51604 0.758399 -3.79871 0.486923 -0.00169987 -0.198719 -0.395558 -14.7184 1 0 0 0 0 0 0 0
446 1 0.1 6.1771 4.68422 0.762581 -1.23977 0.250669 0.00532606 -0.112288 0.281742 -9.96977 1 0 0 0 0 0 0 0
447 1 0.1 6.31704 4.87646 0.76268 0.304971 -0.141471 -0.0290025 0.143347 -0.067514 -0.573273 1 0 0 0 0 0 0 0
448 1 0.1 6.48401 5.08886 0.761733 0.227945 0.187936 0.0438 -0.0523344 -0.277257 1.72687 1 0 0 0 0 0 0 0
449 1 0.1 6.68327 5.33932 0.762496 0.0649524 0.380334 -0.000906688 0.528481 0.509798 0.895778 1 0 0 0 0 0 0 0
450 1 0.1 6.9233 0.407491 0.748603 -1.33346 -0.540236 -0.0391563 0.708387 -0.54749 9.00292 1 0 0 0 0 0 0 0
451 1 0.1 6.80453 0.624604 0.752726 -0.0597009 -0.290341 0.019188 0.675992 -0.986747 4.96821 1 0 0 0 0 0 0 0
452 1 0.1 6.6625 0.932537 0.762298 0.209127 -0.0755087 0.00634849 -0.199631 -0.317269 -1.00119 1 0 0 0 0 0 0 0
453 1 0.1 6.53455 1.14948 0.762407 -0.12381 0.432579 -0.0134323 1.63952 0.633972 5.5124 1 0 0 0 0 0 0 0
454 1 0.1 6.39502 1.36135 0.762555 -1.56812 0.0059597 0.00819264 0.443214 1.76045 6.11985 1 0 0 0 0 0 0 0
455 1 0.1 6.28998 1.53502 0.758154 -3.31999 -0.000230702 0.0226399 -0.711664 2.07708 9.91502 1 0 0 0 0 0 0 0
456 1 0.1 6.27191 1.73418 0.759761 -4.24865 -0.0302653 0.0251704 0.0842899 0.132203 -0.104265 1 0 0 0 0 0 0 0
457 1 0.1 6.28306 1.93353 0.762541 -4.17164 0.0130766 -0.00730526 -0.38028 0.327392 -0.687071 1 0 0 0 0 0 0 0
458 1 0.1 6.28217 2.13291 0.762516 -4.08886 0.0603025 -0.031341 0.0793588 0.765804 -0.132643 1 0 0 0 0 0 0 0
459 1 0.1 6.28004 2.3321 0.76255 -4.11735 0.108237 -0.00184815 0.266932 0.851035 0.450032 1 0 0 0 0 0 0 0
460 1 0.1 6.27842 2.53101 0.761291 -4.17701 0.162033 0.0265203 -0.0239573 0.599368 0.118297 1 0 0 0 0 0 0 0
461 1 0.1 6.27764 2.72966 0.76251 -4.18568 0.219441 0.0109989 -0.111033 0.559743 -0.0180182 1 0 0 0 0 0 0 0
462 1 0.1 6.27733 2.92808 0.762532 -4.18386 0.278434 -0.00456678 -0.10221 0.552925 -0.0280458 1 0 0 0 0 0 0 0
463 1 0.1 6.27744 3.12634 0.762322 -4.17324 0.337201 -0.0209734 -0.0322961 0.517701 -0.071089 1 0 0 0 0 0 0 0
464 1 0.1 6.27786 3.32457 0.762246 -4.15589 0.394695 -0.0265841 -0.0105834 0.505876 -0.0935554 1 0 0 0 0 0 0 0
465 1 0.1 6.27861 3.52285 0.762193 -4.13451 0.44411 -0.0276505 0.00120126 0.493613 -0.117173 1 0 0 0 0 0 0 0
466 1 0.1 6.27965 3.72128 0.76219 -4.10496 0.464932 -0.0258819 0.0124319 0.454076 -0.197008 1 0 0 0 0 0 0 0
467 1 0.1 6.28091 3.91986 0.762229 -4.0591 0.414351 -0.0232714 0.00400806 0.4027 -0.25327 1 0 0 0 0 0 0 0
468 1 0.1 6.28051 4.11846 0.762394 -4.18682 0.232638 -0.0109856 0.13672 0.262525 1.58991 1 0 0 0 0 0 0 0
469 1 0.1 6.26413 4.31601 0.761894 -4.21577 -0.115365 0.0104621 0.00613849 0.351231 -1.44187 1 0 0 0 0 0 0 0
470 1 0.1 6.27292 4.5132 0.759052 -3.037 -0.535004 -0.00268676 -0.118427 0.282475 -9.92859 1 0 0 0 0 0 0 0
471 1 0.1 6.38055 4.68646 0.762558 -0.711684 -0.800486 -0.00452537 -0.0588105 0.457252 -11.2867 1 0 0 0 0 0 0 0
472 1 0.1 6.51585 4.87286 0.762559 0.574289 -0.151726 0.00879809 -0.0257253 -0.709127 0.521262 1 0 0 0 0 0 0 0
473 1 0.1 6.67731 5.1392 0.759438 0.213902 0.524344 0.0968656 -0.0532639 -0.303351 1.6595 1 0 0 0 0 0 0 0
474 1 0.1 6.91548 5.30862 0.76226 -0.888313 0.0287739 0.0410702 0.273453 1.44974 -0.11353 1 0 0 0 0 0 0 0
475 1 0.1 7.07876 0.543695 0.752521 -1.40098 -0.00196865 0.0168128 -0.196715 0.411527 -3.89111 1 0 0 0 0 0 0 0
476 1 0.1 6.98345 0.71835 0.762693 -0.634982 0.344879 0.0126358 -0.192897 0.413356 -3.88113 1 0 0 0 0 0 0 0
477 1 0.1 6.8531 0.871805 0.762574 0.101701 -0.428002 -0.0347946 -2.12373 -1.03095 -2.48328 1 0 0 0 0 0 0 0
478 1 0.1 6.73359 1.13012 0.758833 -0.115475 0.324724 0.169334 -0.744227 -2.62398 -5.897 1 0 0 0 0 0 0 0
479 1 0.1 6.59476 1.34037 0.756977 -1.29365 0.910464 -0.0128396 -0.907059 1.36263 6.90748 1 0 0 0 0 0 0 0
480 1 0.1 6.50863 1.52332 0.758933 -2.87649 0.816557 -0.0451871 0.75219 0.89478 9.5301 1 0 0 0 0 0 0 0
481 1 0.1 6.47121 1.71838 0.761743 -4.12276 0.379225 0.0559112 0.0530624 0.217031 2.43896 1 0 0 0 0 0 0 0
482 1 0.1 6.48215 1.91711 0.761932 -4.175 0.19778 0.0543179 -0.0339056 0.0639471 -1.6755 1 0 0 0 0 0 0 0
483 1 0.1 6.48301 2.1163 0.762286 -4.05783 0.122915 0.0516412 0.0177174 0.6752 0.464229 1 0 0 0 0 0 0 0
484 1 0.1 6.48013 2.3153 0.761886 -4.13434 0.12499 0.0472331 -0.0725785 0.723507 0.291675 1 0 0 0 0 0 0 0
485 1 0.1 6.4781 2.51405 0.760288 -4.17015 0.162785 0.0300033 -0.104679 0.758008 0.0705306 1 0 0 0 0 0 0 0
486 1 0.1 6.47697 2.71253 0.762081 -4.17881 0.209559 0.012003 -0.093539 0.762911 0.0236107 1 0 0 0 0 0 0 0
487 1 0.1 6.47658 2.91081 0.762514 -4.18257 0.253366 -0.00140517 -0.0779404 0.764524 -0.00461754 1 0 0 0 0 0 0 0
488 1 0.1 6.47668 3.10896 0.762301 -4.17619 0.291261 -0.0119778 -0.0323519 0.761408 -0.0617741 1 0 0 0 0 0 0 0
489 1 0.1 6.47711 3.30707 0.762262 -4.16043 0.32387 -0.017115 -0.014222 0.757108 -0.0932378 1 0 0 0 0 0 0 0
490 1 0.1 6.4779 3.50527 0.762333 -4.13874 0.352354 -0.0206582 -0.0037469 0.749233 -0.123262 1 0 0 0 0 0 0 0
491 1 0.1 6.47888 3.70364 0.762386 -4.11123 0.377289 -0.0242933 -0.00896049 0.737117 -0.144973 1 0 0 0 0 0 0 0
492 1 0.1 6.48009 3.90228 0.762362 -4.07786 0.397605 -0.0285187 -0.00495207 0.72268 -0.136709 1 0 0 0 0 0 0 0
493 1 0.1 6.47994 4.10124 0.76251 -4.11238 0.413899 -0.0122848 0.114851 0.817876 0.435791 1 0 0 0 0 0 0 0
494 1 0.1 6.47406 4.30047 0.762429 -4.2804 0.419728 0.0441141 0.43284 0.802791 1.27377 1 0 0 0 0 0 0 0
495 1 0.1 6.48597 4.49973 0.758251 -3.91087 0.404034 0.0418183 -0.367301 0.800086 -5.01303 1 0 0 0 0 0 0 0
496 1 0.1 6.58043 4.67869 0.755982 -0.639362 -0.857561 -0.0734162 -0.0225752 0.337397 -0.372218 1 0 0 0 0 0 0 0
497 1 0.1 6.71351 4.89812 0.758628 0.711363 0.167695 0.139817 0.498579 -0.256406 2.46692 1 0 0 0 0 0 0 0
498 1 0.1 6.87315 5.0992 0.761233 0.147267 0.0171688 0.162968 -0.243596 -0.307547 -6.82883 1 0 0 0 0 0 0 0
499 1 0.1 7.13381 5.30166 0.76094 -0.808354 0.00952372 0.0902162 -0.0780149 0.768815 -0.259199 1 0 0 0 0 0 0 0
