time meanMaxOverlap maxOverlap meanRelativeMaxOverlap maxRelativeOverlap
0 0 0 0 0
0.01005 3.39513e-06 6.56684e-06 0.00339515 0.00682624
0.02 3.49755e-06 8.86002e-06 0.00348222 0.00921
0.03 4.33954e-06 1.4576e-05 0.00433181 0.0147829
0.04 4.766e-06 1.95253e-05 0.00477287 0.0199237
0.05 4.95134e-06 1.58133e-05 0.00493139 0.0165932
0.06 6.51181e-06 2.41967e-05 0.00648628 0.0241726
0.07 7.93614e-06 2.55952e-05 0.00790384 0.0251392
0.08005 7.1698e-06 4.90628e-05 0.00714615 0.0496587
0.09005 9.50241e-06 3.0776e-05 0.00945524 0.030143
0.10005 4.41184e-06 1.46777e-05 0.00438484 0.0142364
0.11005 9.2297e-07 5.73181e-06 0.000916606 0.00585476
0.12005 3.08781e-06 1.25907e-05 0.00306662 0.0122121
0.13005 2.46526e-06 8.62342e-06 0.00244912 0.00892694
0.14005 2.02901e-06 9.29962e-06 0.00201456 0.00893335
0.15005 2.87326e-06 1.1117e-05 0.00285161 0.0106792
0.16005 1.91515e-06 9.26717e-06 0.0019009 0.00890218
0.17005 2.20013e-06 1.00536e-05 0.00218429 0.00965763
0.18005 2.3588e-06 1.04648e-05 0.00234208 0.0100526
0.19005 1.92292e-06 9.51241e-06 0.00190916 0.00913776
0.20005 2.21398e-06 1.04471e-05 0.00219735 0.0100357
0.21005 2.13477e-06 9.59453e-06 0.00211897 0.00921665
0.22005 2.00802e-06 9.46234e-06 0.00199392 0.00908966
0.23005 2.49569e-06 1.11523e-05 0.00247732 0.0107131
0.24005 1.92177e-06 9.56161e-06 0.00190781 0.00918502
0.25005 2.05617e-06 1.08841e-05 0.00204075 0.0104554
0.26005 2.18766e-06 1.10495e-05 0.0021715 0.0106143
0.27005 1.76144e-06 9.87947e-06 0.00174837 0.00949037
0.28005 2.04613e-06 1.00167e-05 0.00203066 0.00962219
0.29005 1.9598e-06 1.02052e-05 0.00194494 0.00980325
0.30005 1.81239e-06 1.01767e-05 0.0017988 0.0097759
0.31005 2.07003e-06 1.09955e-05 0.00205457 0.0105625
0.32005 1.85852e-06 9.8579e-06 0.00184443 0.00946965
0.33005 1.89208e-06 9.76546e-06 0.00187779 0.00938085
0.34005 2.0298e-06 1.04037e-05 0.00201451 0.00999394
0.35005 1.81386e-06 9.85848e-06 0.00180014 0.00947021
0.36005 1.98166e-06 1.03298e-05 0.00196666 0.009923
0.37005 1.93872e-06 1.00155e-05 0.00192401 0.00962105
0.38005 1.85444e-06 9.8802e-06 0.00184043 0.00949107
0.39005 2.01035e-06 1.04759e-05 0.00199511 0.0100633
0.40005 1.86866e-06 9.9973e-06 0.0018545 0.00960356
0.41005 1.92157e-06 1.00615e-05 0.00190694 0.00966522
0.42005 1.96097e-06 1.01702e-05 0.00194609 0.00976968
0.43005 1.8697e-06 9.92328e-06 0.00185547 0.00953245
0.44005 1.95369e-06 1.01863e-05 0.00193888 0.0097851
0.45005 1.92578e-06 1.01365e-05 0.00191119 0.00973724
0.46005 1.88815e-06 1.00972e-05 0.00187376 0.00969956
0.47005 1.96187e-06 1.0278e-05 0.00194702 0.00987324
0.48005 1.89703e-06 1.00504e-05 0.00188257 0.00965456
0.49005 1.91372e-06 1.02309e-05 0.00189914 0.00982794
0.50005 1.94552e-06 1.01881e-05 0.00193072 0.00978683
0.51005 1.89291e-06 9.97205e-06 0.00187851 0.0095793
0.52005 1.93922e-06 1.00917e-05 0.00192448 0.00969421
0.53005 1.92325e-06 1.00444e-05 0.00190861 0.00964884
0.54005 1.89932e-06 1.00857e-05 0.00188486 0.00968843
0.55005 1.94347e-06 1.01547e-05 0.00192867 0.00975477
0.56005 1.90298e-06 1.00018e-05 0.0018885 0.0096079
0.57005 1.91986e-06 1.00117e-05 0.00190525 0.00961741
0.58005 1.93585e-06 1.00946e-05 0.00192114 0.00969704
0.59005 1.89902e-06 1.00307e-05 0.00188456 0.00963563
0.60005 1.93315e-06 1.00837e-05 0.00191844 0.00968659
0.61005 1.92098e-06 1.00594e-05 0.00190638 0.0096632
0.62005 1.90676e-06 1.00109e-05 0.00189227 0.00961665
0.63005 1.93808e-06 1.01638e-05 0.00192335 0.00976353
0.64005 1.90768e-06 1.00737e-05 0.00189316 0.00967695
0.65005 1.92042e-06 1.01644e-05 0.00190582 0.00976403
0.66005 1.93015e-06 1.0135e-05 0.00191547 0.00973579
0.67005 1.90843e-06 1.00495e-05 0.00189389 0.00965374
0.68005 1.9264e-06 1.01199e-05 0.00191177 0.00972133
0.69005 1.92314e-06 1.00799e-05 0.00190851 0.00968288
0.70005 1.90964e-06 1.00456e-05 0.00189512 0.00964994
0.71005 1.931e-06 1.00711e-05 0.00191634 0.00967448
0.72005 1.91373e-06 1.00718e-05 0.00189917 0.0096751
0.73005 1.91642e-06 1.0083e-05 0.00190184 0.00968591
0.74005 1.92823e-06 1.01094e-05 0.00191356 0.00971127
0.75005 1.90946e-06 1.00646e-05 0.00189493 0.00966824
0.76005 1.92553e-06 1.00989e-05 0.00191089 0.00970118
0.77005 1.92209e-06 1.01084e-05 0.00190747 0.00971032
0.78005 1.91034e-06 1.00795e-05 0.00189581 0.00968248
0.79005 1.93036e-06 1.01409e-05 0.00191567 0.00974149
0.80005 1.91369e-06 1.00774e-05 0.00189913 0.00968052
0.81005 1.91739e-06 1.00913e-05 0.0019028 0.00969389
0.82005 1.92823e-06 1.01362e-05 0.00191356 0.00973703
0.83005 1.91042e-06 1.00611e-05 0.00189589 0.00966486
0.84005 1.92415e-06 1.01076e-05 0.00190951 0.00970946
0.85005 1.92261e-06 1.0087e-05 0.00190798 0.00968973
0.86005 1.91222e-06 1.00766e-05 0.00189768 0.00967975
0.87005 1.92693e-06 1.0099e-05 0.00191227 0.00970122
0.88005 1.91711e-06 1.00876e-05 0.00190252 0.00969031
0.89005 1.91603e-06 1.00739e-05 0.00190145 0.00967711
0.90005 1.9269e-06 1.01098e-05 0.00191224 0.00971165
0.91005 1.91253e-06 1.00746e-05 0.00189798 0.00967778
0.92005 1.92189e-06 1.01111e-05 0.00190727 0.00971284
0.93005 1.92247e-06 1.01082e-05 0.00190784 0.00971013
0.94005 1.91286e-06 1.00773e-05 0.00189831 0.00968037
0.95005 1.92568e-06 1.01139e-05 0.00191103 0.00971554
0.96005 1.91823e-06 1.00815e-05 0.00190364 0.00968443
0.97005 1.91602e-06 1.00723e-05 0.00190145 0.00967561
0.98005 1.92648e-06 1.01172e-05 0.00191182 0.00971869
0.99005 1.91365e-06 1.00738e-05 0.0018991 0.00967701
1.00005 1.92068e-06 1.00966e-05 0.00190607 0.00969897
