0 0 0 0 0 0 0 0 0 0 0 0 0 0 0 0 0 0 0 0 0 0 918
0.01005 0.00678867 0 0.0080338 0 0 0 124 1 83 3 126 17 217 23 228 6 80 0 10 0 0 0
0.02 0.00995096 0 0.0129309 0 0 0 131 1 128 2 167 18 192 20 193 3 60 0 3 0 0 0
0.03 0.0149585 0 0.0195079 0 0 0 137 2 114 4 188 16 192 18 192 2 52 0 1 0 0 0
0.04 0.0147476 0 0.0192078 0 0 0 153 0 135 3 212 25 196 15 134 1 41 0 3 0 0 0
0.05 0.025253 0 0.0310581 0 0 0 142 1 126 2 191 23 183 17 182 2 46 0 3 0 0 0
0.06 0.0168517 0 0.0197249 0 0 0 203 3 167 6 208 22 142 15 122 3 26 0 1 0 0 0
0.07 0.00818494 0 0.00911275 0 0 0 282 2 200 6 214 20 109 11 68 0 6 0 0 0 0 0
0.08005 0.0204721 0 0.025002 0 0 0 166 3 134 1 190 21 174 16 164 2 41 0 6 0 0 0
0.09005 0.0195388 0 0.0209208 0 0 0 151 2 145 3 215 20 188 18 139 1 32 0 4 0 0 0
0.10005 0.0171671 0 0.0204909 0 0 0 198 1 107 8 187 21 181 16 158 2 36 0 3 0 0 0
0.11005 0.0161556 0 0.0177182 0 0 0 171 1 123 2 164 21 187 23 165 3 55 0 3 0 0 0
0.12005 0.015 0 0.017006 0 0 0 155 1 113 5 179 14 180 24 181 4 58 0 4 0 0 0
0.13005 0.0175926 0 0.0204822 0 0 0 138 2 95 3 158 19 195 24 201 4 75 0 4 0 0 0
0.14005 0.0162517 0 0.019222 0 0 0 111 3 95 4 138 17 215 26 220 4 77 0 8 0 0 0
0.15005 0.0128538 0 0.0155255 0 0 0 120 1 109 2 153 22 167 23 239 6 67 0 9 0 0 0
0.16005 0.0149476 0 0.0181325 0 0 0 104 2 95 1 142 17 176 28 256 6 83 0 8 0 0 0
0.17005 0.016954 0 0.0200055 0 0 0 117 3 81 1 138 14 190 31 247 5 84 0 7 0 0 0
0.18005 0.0141634 0 0.0168204 0 0 0 113 4 103 0 115 23 190 23 255 7 81 0 4 0 0 0
0.19005 0.0151291 0 0.0184996 0 0 0 89 1 83 1 139 18 195 28 242 7 108 0 7 0 0 0
0.20005 0.0158453 0 0.0190736 0 0 0 74 4 66 0 139 16 196 33 259 5 120 0 6 0 0 0
0.21005 0.0140052 0 0.016796 0 0 0 81 2 73 0 124 20 203 34 265 6 97 0 13 0 0 0
0.22005 0.0151172 0 0.0183954 0 0 0 68 2 77 1 128 17 205 34 255 5 114 0 12 0 0 0
0.23005 0.0158728 0 0.0189384 0 0 0 78 3 70 3 131 16 188 33 246 8 127 0 15 0 0 0
0.24005 0.01388 0 0.0169946 0 0 0 70 4 66 0 107 17 202 32 273 9 127 0 11 0 0 0
0.25005 0.0148187 0 0.0180895 0 0 0 54 2 61 2 109 16 185 37 293 5 136 0 18 0 0 0
0.26005 0.0155553 0 0.0190139 0 0 0 54 2 50 0 119 17 183 36 288 7 146 0 16 0 0 0
0.27005 0.0139284 0 0.01689 0 0 0 49 2 56 2 111 21 208 29 270 8 148 0 14 0 0 0
0.28005 0.0150885 0 0.0181327 0 0 0 25 2 70 1 112 20 192 33 288 9 149 0 17 0 0 0
0.29005 0.0156073 0 0.0187533 0 0 0 41 2 67 0 101 19 196 33 275 11 159 0 14 0 0 0
0.30005 0.014521 0 0.0175729 0 0 0 45 2 61 0 85 18 207 32 287 8 157 0 16 0 0 0
0.31005 0.0152582 0 0.018202 0 0 0 17 2 56 0 108 18 193 34 296 10 168 0 16 0 0 0
0.32005 0.0148381 0 0.0180732 0 0 0 23 2 49 0 78 20 203 36 299 8 179 0 21 0 0 0
0.33005 0.0146232 0 0.0175264 0 0 0 15 3 48 0 76 17 198 36 306 8 195 0 16 0 0 0
0.34005 0.0151499 0 0.0183495 0 0 0 6 1 35 2 56 13 197 41 320 9 218 0 20 0 0 0
0.35005 0.0149248 0 0.018014 0 0 0 0 2 34 1 67 19 185 37 336 8 200 0 29 0 0 0
0.36005 0.0147034 0 0.017686 0 0 0 1 2 17 1 72 16 194 38 320 8 223 0 26 0 0 0
0.37005 0.0152649 0 0.0183327 0 0 0 0 2 19 1 63 17 207 37 318 9 219 0 26 0 0 0
0.38005 0.0149643 0 0.0180445 0 0 0 0 2 18 1 62 17 211 38 311 9 219 0 30 0 0 0
0.39005 0.0146924 0 0.0178177 0 0 0 1 2 29 1 67 17 199 36 324 8 202 0 32 0 0 0
0.40005 0.0150303 0 0.0182382 0 0 0 2 2 19 2 67 16 200 38 331 8 202 0 31 0 0 0
0.41005 0.0146858 0 0.0179021 0 0 0 3 2 12 2 70 16 194 35 328 9 214 0 33 0 0 0
0.42005 0.0145097 0 0.0178025 0 0 0 5 2 22 0 77 14 196 40 317 10 203 0 32 0 0 0
0.43005 0.0147932 0 0.0180396 0 0 0 9 2 38 0 76 16 181 40 328 9 194 0 25 0 0 0
0.44005 0.0149185 0 0.0181833 0 0 0 16 2 33 0 75 15 196 38 313 11 192 0 27 0 0 0
0.45005 0.0146203 0 0.0176376 0 0 0 16 2 42 0 80 15 196 38 316 9 179 0 25 0 0 0
0.46005 0.014822 0 0.0181405 0 0 0 8 2 45 0 70 15 195 41 319 9 190 0 24 0 0 0
0.47005 0.0147796 0 0.0180495 0 0 0 9 2 38 0 67 14 206 43 308 9 198 0 24 0 0 0
0.48005 0.0142561 0 0.017437 0 0 0 14 2 38 0 79 14 207 37 308 10 185 0 24 0 0 0
0.49005 0.0148058 0 0.0180617 0 0 0 24 2 54 0 75 19 201 36 315 10 158 0 24 0 0 0
0.50005 0.0154642 0 0.0186215 0 0 0 35 2 57 0 90 17 217 31 283 10 158 0 18 0 0 0
0.51005 0.0145606 0 0.0175604 0 0 0 49 3 56 1 101 17 195 33 280 9 160 0 14 0 0 0
0.52005 0.0145952 0 0.0179089 0 0 0 32 2 46 0 108 17 195 34 301 10 156 0 17 0 0 0
0.53005 0.0153167 0 0.0186544 0 0 0 26 2 42 0 94 18 193 36 304 7 176 0 20 0 0 0
0.54005 0.0142565 0 0.0173083 0 0 0 24 2 56 1 74 18 205 32 308 9 169 0 20 0 0 0
0.55005 0.0152308 0 0.0185642 0 0 0 18 2 39 0 78 18 213 33 304 10 180 0 23 0 0 0
0.56005 0.0150519 0 0.0182722 0 0 0 14 2 37 0 84 19 199 34 318 11 175 0 25 0 0 0
0.57005 0.0139999 0 0.0171031 0 0 0 6 2 40 0 76 14 211 38 313 10 186 0 22 0 0 0
0.58005 0.0152368 0 0.0187726 0 0 0 13 2 35 0 62 14 206 37 312 10 203 0 24 0 0 0
0.59005 0.0146336 0 0.0179135 0 0 0 4 2 28 0 72 15 199 39 330 10 195 0 24 0 0 0
0.60005 0.0142305 0 0.0174301 0 0 0 1 2 23 0 59 14 203 40 321 10 221 0 24 0 0 0
0.61005 0.0151668 0 0.0186221 0 0 0 1 2 23 0 59 17 192 40 330 9 220 0 25 0 0 0
