0.000000e+00 5.6340896121e-02 3.6438894077e-09 1.7603494410e-12 3.4125313744e-02 0.0000000000e+00 0.0000000000e+00 0.0000000000e+00 0.0000000000e+00 0.0000000000e+00 0.0000000000e+00
1.005000e-02 5.6340896121e-02 9.8737425567e-05 4.3232589424e-10 3.4072318827e-02 0.0000000000e+00 0.0000000000e+00 0.0000000000e+00 0.0000000000e+00 0.0000000000e+00 0.0000000000e+00
2.000000e-02 5.6340896121e-02 3.3728516786e-04 2.6706277676e-09 3.3806500128e-02 0.0000000000e+00 0.0000000000e+00 0.0000000000e+00 0.0000000000e+00 0.0000000000e+00 0.0000000000e+00
3.000000e-02 5.6340896121e-02 6.6080201399e-04 7.8234153254e-09 3.3407133290e-02 0.0000000000e+00 0.0000000000e+00 0.0000000000e+00 0.0000000000e+00 0.0000000000e+00 0.0000000000e+00
4.000000e-02 5.6340896121e-02 8.7749309373e-04 1.8681842140e-08 3.3007000019e-02 0.0000000000e+00 0.0000000000e+00 0.0000000000e+00 0.0000000000e+00 0.0000000000e+00 0.0000000000e+00
5.000000e-02 5.6340896121e-02 5.5335794648e-04 2.9020970378e-08 3.2717615622e-02 0.0000000000e+00 0.0000000000e+00 0.0000000000e+00 0.0000000000e+00 0.0000000000e+00 0.0000000000e+00
6.000000e-02 5.6340896121e-02 2.9094041071e-04 2.8359833945e-08 3.2668939216e-02 0.0000000000e+00 0.0000000000e+00 0.0000000000e+00 0.0000000000e+00 0.0000000000e+00 0.0000000000e+00
7.000000e-02 5.6340896121e-02 2.3553184178e-04 2.8173743241e-08 3.2601019853e-02 0.0000000000e+00 0.0000000000e+00 0.0000000000e+00 0.0000000000e+00 0.0000000000e+00 0.0000000000e+00
8.005000e-02 5.6340896121e-02 2.2807010104e-04 2.6923620813e-08 3.2383841085e-02 0.0000000000e+00 0.0000000000e+00 0.0000000000e+00 0.0000000000e+00 0.0000000000e+00 0.0000000000e+00
9.005000e-02 5.6340896121e-02 1.9429717024e-04 2.5849243254e-08 3.2278497689e-02 0.0000000000e+00 0.0000000000e+00 0.0000000000e+00 0.0000000000e+00 0.0000000000e+00 0.0000000000e+00
1.000500e-01 5.6340896121e-02 1.2512837383e-04 2.8496124383e-08 3.2224669478e-02 0.0000000000e+00 0.0000000000e+00 0.0000000000e+00 0.0000000000e+00 0.0000000000e+00 0.0000000000e+00
1.100500e-01 5.6340896121e-02 6.6488034033e-05 1.9222785919e-08 3.2202088374e-02 0.0000000000e+00 0.0000000000e+00 0.0000000000e+00 0.0000000000e+00 0.0000000000e+00 0.0000000000e+00
1.200500e-01 5.6340896121e-02 5.5006038426e-05 9.1713141526e-09 3.2166015311e-02 0.0000000000e+00 0.0000000000e+00 0.0000000000e+00 0.0000000000e+00 0.0000000000e+00 0.0000000000e+00
1.300500e-01 5.6340896121e-02 5.2780473299e-05 7.2663291015e-09 3.2104593977e-02 0.0000000000e+00 0.0000000000e+00 0.0000000000e+00 0.0000000000e+00 0.0000000000e+00 0.0000000000e+00
1.400500e-01 5.6340896121e-02 4.2203201122e-05 8.7024597041e-09 3.2087131238e-02 0.0000000000e+00 0.0000000000e+00 0.0000000000e+00 0.0000000000e+00 0.0000000000e+00 0.0000000000e+00
1.500500e-01 5.6340896121e-02 3.2742622954e-05 7.4535655192e-09 3.2091685555e-02 0.0000000000e+00 0.0000000000e+00 0.0000000000e+00 0.0000000000e+00 0.0000000000e+00 0.0000000000e+00
1.600500e-01 5.6340896121e-02 3.6618556535e-05 6.2158115946e-09 3.2054275843e-02 0.0000000000e+00 0.0000000000e+00 0.0000000000e+00 0.0000000000e+00 0.0000000000e+00 0.0000000000e+00
1.700500e-01 5.6340896121e-02 2.9020670781e-05 6.2473157057e-09 3.2020636786e-02 0.0000000000e+00 0.0000000000e+00 0.0000000000e+00 0.0000000000e+00 0.0000000000e+00 0.0000000000e+00
1.800500e-01 5.6340896121e-02 1.9552385333e-05 4.2933235177e-09 3.2024486402e-02 0.0000000000e+00 0.0000000000e+00 0.0000000000e+00 0.0000000000e+00 0.0000000000e+00 0.0000000000e+00
1.900500e-01 5.6340896121e-02 1.4122425900e-05 3.4428231223e-09 3.2009451245e-02 0.0000000000e+00 0.0000000000e+00 0.0000000000e+00 0.0000000000e+00 0.0000000000e+00 0.0000000000e+00
2.000500e-01 5.6340896121e-02 1.0669981802e-05 2.5024391608e-09 3.1996245653e-02 0.0000000000e+00 0.0000000000e+00 0.0000000000e+00 0.0000000000e+00 0.0000000000e+00 0.0000000000e+00
2.100500e-01 5.6340896121e-02 9.9844464878e-06 2.5551365135e-09 3.2001539426e-02 0.0000000000e+00 0.0000000000e+00 0.0000000000e+00 0.0000000000e+00 0.0000000000e+00 0.0000000000e+00
2.200500e-01 5.6340896121e-02 1.1000360300e-05 2.9354779275e-09 3.1986035565e-02 0.0000000000e+00 0.0000000000e+00 0.0000000000e+00 0.0000000000e+00 0.0000000000e+00 0.0000000000e+00
2.300500e-01 5.6340896121e-02 8.4231719439e-06 2.2320780989e-09 3.1977613064e-02 0.0000000000e+00 0.0000000000e+00 0.0000000000e+00 0.0000000000e+00 0.0000000000e+00 0.0000000000e+00
2.400500e-01 5.6340896121e-02 5.6256173050e-06 2.5902392450e-09 3.1987426500e-02 0.0000000000e+00 0.0000000000e+00 0.0000000000e+00 0.0000000000e+00 0.0000000000e+00 0.0000000000e+00
2.500500e-01 5.6340896121e-02 5.9402954111e-06 2.6864077362e-09 3.1979097773e-02 0.0000000000e+00 0.0000000000e+00 0.0000000000e+00 0.0000000000e+00 0.0000000000e+00 0.0000000000e+00
2.600500e-01 5.6340896121e-02 4.6046044537e-06 2.5137774368e-09 3.1970052594e-02 0.0000000000e+00 0.0000000000e+00 0.0000000000e+00 0.0000000000e+00 0.0000000000e+00 0.0000000000e+00
2.700500e-01 5.6340896121e-02 4.9453100424e-06 2.2461145926e-09 3.1976344290e-02 0.0000000000e+00 0.0000000000e+00 0.0000000000e+00 0.0000000000e+00 0.0000000000e+00 0.0000000000e+00
2.800500e-01 5.6340896121e-02 4.4359217396e-06 1.9977634116e-09 3.1967699233e-02 0.0000000000e+00 0.0000000000e+00 0.0000000000e+00 0.0000000000e+00 0.0000000000e+00 0.0000000000e+00
2.900500e-01 5.6340896121e-02 4.1169324054e-06 1.9477340953e-09 3.1962378830e-02 0.0000000000e+00 0.0000000000e+00 0.0000000000e+00 0.0000000000e+00 0.0000000000e+00 0.0000000000e+00
3.000500e-01 5.6340896121e-02 3.0761718920e-06 1.5732445352e-09 3.1966030555e-02 0.0000000000e+00 0.0000000000e+00 0.0000000000e+00 0.0000000000e+00 0.0000000000e+00 0.0000000000e+00
3.100500e-01 5.6340896121e-02 1.4588797672e-06 1.0035037961e-09 3.1962756203e-02 0.0000000000e+00 0.0000000000e+00 0.0000000000e+00 0.0000000000e+00 0.0000000000e+00 0.0000000000e+00
3.200500e-01 5.6340896121e-02 1.0775649126e-06 6.1503737159e-10 3.1962690708e-02 0.0000000000e+00 0.0000000000e+00 0.0000000000e+00 0.0000000000e+00 0.0000000000e+00 0.0000000000e+00
3.300500e-01 5.6340896121e-02 6.8103274568e-07 4.8810576902e-10 3.1965104268e-02 0.0000000000e+00 0.0000000000e+00 0.0000000000e+00 0.0000000000e+00 0.0000000000e+00 0.0000000000e+00
3.400500e-01 5.6340896121e-02 4.4744999908e-07 3.0330767878e-10 3.1961122849e-02 0.0000000000e+00 0.0000000000e+00 0.0000000000e+00 0.0000000000e+00 0.0000000000e+00 0.0000000000e+00
3.500500e-01 5.6340896121e-02 2.9453623777e-07 1.4636573465e-10 3.1962633569e-02 0.0000000000e+00 0.0000000000e+00 0.0000000000e+00 0.0000000000e+00 0.0000000000e+00 0.0000000000e+00
3.600500e-01 5.6340896121e-02 3.4423318974e-07 8.9241277853e-11 3.1963942629e-02 0.0000000000e+00 0.0000000000e+00 0.0000000000e+00 0.0000000000e+00 0.0000000000e+00 0.0000000000e+00
3.700500e-01 5.6340896121e-02 3.1038147115e-07 1.4419488677e-10 3.1960530481e-02 0.0000000000e+00 0.0000000000e+00 0.0000000000e+00 0.0000000000e+00 0.0000000000e+00 0.0000000000e+00
