time n_walls x (FParticle_X FParticle_Y FParticle_Z FHydro_X FHydro_Y FHydro_Z)
0 4 0 0 0 0 0 0 0 0 0 0 0 0 0 0 0 0 0 0 0 0 0 0 0 0
0.01005 4 -0.102841 0 -1.60363e-05 0 0 0 0 0 0 0 0 0 0.000214271 0 -0.307929 0 0 0 0 0 0 0 0 0
0.02 4 -0.116489 0 -8.24464e-05 0 0 0 0 0 0 0 0 0 0.000199818 0 -0.410471 0 0 0 0 0 0 0 0 0
0.03 4 -0.182169 0 -7.43606e-05 0 0 0 0 0 0 0 0 0 0.000264565 0 -0.536266 0 0 0 0 0 0 0 0 0
0.04 4 -0.125019 0 -4.61647e-05 0 0 0 0.372679 0 -0.000229615 0 0 0 0.000250416 0 -0.64114 0 0 0 0 0 0 0 0 0
0.05 4 -0.164733 0 -8.99594e-05 0 0 0 0.254998 0 0.000151081 0 0 0 0.000106161 0 -1.03293 0 0 0 0 0 0 0 0 0
0.06 4 -0.144723 0 2.22235e-05 0 0 0 0.293439 0 3.10086e-05 0 0 0 0.000170042 0 -0.594139 0 0 0 0 0 0 0 0 0
0.07 4 -0.060894 0 -4.05108e-05 0 0 0 0.138874 0 -7.76336e-05 0 0 0 -9.13569e-05 0 -0.317148 0 0 0 0 0 0 0 0 0
0.08005 4 -0.185304 0 -7.76338e-05 0 0 0 0.245959 0 -0.000113955 0 0 0 0.000102851 0 -0.670888 0 0 0 0 0 0 0 0 0
0.09005 4 -0.118687 0 -0.000105535 0 0 0 0.219953 0 9.62122e-05 0 0 0 0.000212255 0 -0.518504 0 0 0 0 0 0 0 0 0
0.10005 4 -0.125941 0 -5.28604e-05 0 0 0 0.18703 0 0.000126885 0 0 0 0.000264004 0 -0.598456 0 0 0 0 0 0 0 0 0
0.11005 4 -0.158252 0 -4.58643e-05 0 0 0 0.189059 0 3.44037e-05 0 0 0 0.000133867 0 -0.516189 0 0 0 0 0 0 0 0 0
0.12005 4 -0.138765 0 -8.90761e-06 0 0 0 0.118407 0 -1.5031e-07 0 0 0 -0.000143809 0 -0.480547 0 0 0 0 0 0 0 0 0
0.13005 4 -0.216706 0 -2.0942e-05 0 0 0 0.202941 0 -6.19939e-06 0 0 0 -0.000179707 0 -0.631261 0 0 0 0 0 0 0 0 0
0.14005 4 -0.199281 0 -4.60433e-05 0 0 0 0.147024 0 7.07211e-06 0 0 0 -0.000133547 0 -0.599181 0 0 0 0 0 0 0 0 0
0.15005 4 -0.09979 0 1.24358e-05 0 0 0 0.150761 0 -2.50641e-05 0 0 0 -4.80961e-05 0 -0.523909 0 0 0 0 0 0 0 0 0
0.16005 4 -0.157225 0 2.36489e-05 0 0 0 0.126708 0 -9.14127e-06 0 0 0 3.28402e-05 0 -0.56179 0 0 0 0 0 0 0 0 0
0.17005 4 -0.175847 0 -3.54761e-05 0 0 0 0.166629 0 6.44862e-06 0 0 0 1.08198e-05 0 -0.610913 0 0 0 0 0 0 0 0 0
0.18005 4 -0.145384 0 -6.19003e-06 0 0 0 0.138167 0 1.21639e-05 0 0 0 8.30823e-05 0 -0.514801 0 0 0 0 0 0 0 0 0
0.19005 4 -0.1578 0 -1.36613e-05 0 0 0 0.15763 0 -1.33118e-05 0 0 0 -6.18642e-05 0 -0.541049 0 0 0 0 0 0 0 0 0
0.20005 4 -0.150876 0 3.89681e-05 0 0 0 0.162082 0 8.04157e-06 0 0 0 -2.34279e-05 0 -0.586667 0 0 0 0 0 0 0 0 0
0.21005 4 -0.138627 0 2.41818e-05 0 0 0 0.128093 0 1.75112e-05 0 0 0 -7.25921e-06 0 -0.506215 0 0 0 0 0 0 0 0 0
0.22005 4 -0.146737 0 -1.16327e-05 0 0 0 0.154312 0 -4.10089e-06 0 0 0 1.677e-05 0 -0.579017 0 0 0 0 0 0 0 0 0
0.23005 4 -0.163135 0 8.8118e-06 0 0 0 0.169723 0 4.50127e-05 0 0 0 5.79049e-05 0 -0.580101 0 0 0 0 0 0 0 0 0
0.24005 4 -0.142623 0 6.90663e-06 0 0 0 0.113154 0 1.69485e-05 0 0 0 -5.53296e-06 0 -0.519613 0 0 0 0 0 0 0 0 0
0.25005 4 -0.136486 0 -1.94022e-05 0 0 0 0.161746 0 -1.49215e-05 0 0 0 -4.28993e-06 0 -0.53673 0 0 0 0 0 0 0 0 0
0.26005 4 -0.165307 0 -1.663e-05 0 0 0 0.148971 0 2.43865e-05 0 0 0 2.82381e-05 0 -0.576772 0 0 0 0 0 0 0 0 0
0.27005 4 -0.125999 0 -7.0654e-06 0 0 0 0.139974 0 -2.04737e-05 0 0 0 -2.98403e-05 0 -0.527719 0 0 0 0 0 0 0 0 0
0.28005 4 -0.15479 0 -1.11513e-05 0 0 0 0.141564 0 -7.87504e-06 0 0 0 -6.83353e-06 0 -0.551781 0 0 0 0 0 0 0 0 0
0.29005 4 -0.15525 0 7.47852e-06 0 0 0 0.166609 0 3.51525e-05 0 0 0 -2.58056e-05 0 -0.570549 0 0 0 0 0 0 0 0 0
0.30005 4 -0.151176 0 2.20418e-06 0 0 0 0.14347 0 8.53418e-06 0 0 0 -7.7385e-06 0 -0.547875 0 0 0 0 0 0 0 0 0
0.31005 4 -0.159551 0 1.61761e-06 0 0 0 0.162755 0 -1.68916e-05 0 0 0 -3.99186e-05 0 -0.557399 0 0 0 0 0 0 0 0 0
0.32005 4 -0.1461 0 2.64614e-05 0 0 0 0.147339 0 -2.49054e-05 0 0 0 -1.71697e-05 0 -0.559299 0 0 0 0 0 0 0 0 0
0.33005 4 -0.140557 0 2.37174e-06 0 0 0 0.148645 0 -2.51297e-06 0 0 0 -2.49413e-05 0 -0.542273 0 0 0 0 0 0 0 0 0
0.34005 4 -0.149274 0 -1.60607e-05 0 0 0 0.144418 0 -1.43933e-05 0 0 0 1.67724e-05 0 -0.559281 0 0 0 0 0 0 0 0 0
0.35005 4 -0.148805 0 -6.06499e-06 0 0 0 0.145908 0 -9.01693e-08 0 0 0 1.05104e-05 0 -0.551261 0 0 0 0 0 0 0 0 0
0.36005 4 -0.144565 0 -1.61368e-05 0 0 0 0.142384 0 1.05151e-05 0 0 0 1.78734e-05 0 -0.547215 0 0 0 0 0 0 0 0 0
0.37005 4 -0.150156 0 -1.66115e-05 0 0 0 0.150047 0 1.19018e-05 0 0 0 2.00742e-05 0 -0.562937 0 0 0 0 0 0 0 0 0
