500
0 1 0.1 6.1375 0.882555 0.150029 0.0149641 -0.0236469 -0.00178582 -0.00634154 0.0105098 -0.097064 1 0 0 0 0 0 0 0
1 1 0.1 5.99607 1.02384 0.150049 0.0203234 -0.0233284 0.00437526 0.0648415 -0.0153719 -0.262004 1 0 0 0 0 0 0 0
2 1 0.1 5.85543 1.16672 0.14318 0.0132174 -0.00454654 0.0143091 0.162331 -0.107791 -0.31131 1 0 0 0 0 0 0 0
3 1 0.1 5.57327 1.44734 0.152905 -0.00286223 0.00285981 -0.00134959 -0.00596814 0.00673944 0.0153413 1 0 0 0 0 0 0 0
4 1 0.1 5.43357 1.58954 0.139109 -0.00565159 0.00884798 0.00772625 0.0551048 0.0812097 -0.0526684 1 0 0 0 0 0 0 0
5 1 0.1 5.29087 1.72897 0.14816 -0.00896467 0.00895885 0.0141299 0.0633337 -0.0988316 0.0822601 1 0 0 0 0 0 0 0
6 1 0.1 5.12488 1.90699 0.206584 0.0121424 -0.00871243 -0.00618908 -0.0252576 -0.0248222 -0.178119 1 0 0 0 0 0 0 0
7 1 0.1 4.89533 2.12955 0.13735 0.00534716 -0.00148434 -0.000219497 -0.0137321 0.0651806 -0.0882075 1 0 0 0 0 0 0 0
8 1 0.1 4.64793 2.37366 0.150248 -0.0276404 0.0362201 -0.0126788 0.166437 0.238413 0.217562 1 0 0 0 0 0 0 0
9 1 0.1 4.68572 2.53755 0.291824 0.12764 -0.0311199 0.0574791 1.40812 0.621401 -1.88122 1 0 0 0 0 0 0 0
10 1 0.1 4.38129 2.63729 0.138537 -8.22552e-05 -0.000146217 0.000638443 0.00136933 -0.00689567 -0.000789264 1 0 0 0 0 0 0 0
11 1 0.1 4.23816 2.77644 0.149998 3.93064e-06 1.08487e-05 -1.10086e-05 -0.00220667 -0.00126728 0.0024777 1 0 0 0 0 0 0 0
12 1 0.1 4.23692 2.97586 0.137501 -5.02161e-05 2.26184e-05 -0.000245408 -0.00010769 0.01251 0.000588412 1 0 0 0 0 0 0 0
13 1 0.1 4.19257 3.17028 0.149972 -5.01937e-06 -1.64676e-05 -3.88988e-07 -0.000665758 -9.86732e-05 0.00343876 1 0 0 0 0 0 0 0
14 1 0.1 4.33956 3.31872 0.153074 0.0321113 0.0227633 -0.00190686 -0.0807711 0.00621758 0.38588 1 0 0 0 0 0 0 0
15 1 0.1 4.48182 3.45556 0.138416 0.0131822 0.0162393 -0.00408305 0.0155264 -0.0238418 -0.142646 1 0 0 0 0 0 0 0
16 1 0.1 4.61987 3.58969 0.186489 0.00961081 0.00646106 0.0025879 0.0308196 -0.0489983 0.086645 1 0 0 0 0 0 0 0
17 1 0.1 4.75385 3.72904 0.140214 0.00627871 0.00605593 0.00141277 0.000706113 0.103977 -0.0739103 1 0 0 0 0 0 0 0
18 1 0.1 4.89206 3.87169 0.149721 0.0114746 -0.000176991 -0.00303616 0.029359 -0.00812211 0.0117125 1 0 0 0 0 0 0 0
19 1 0.1 5.17276 4.15296 0.149731 0.00132624 -0.00064965 0.000162863 0.0120979 -0.00354875 0.0628617 1 0 0 0 0 0 0 0
20 1 0.1 5.3529 4.3307 0.149917 -0.0136153 -0.0177493 0.000162261 -0.0123202 0.00644078 -0.237391 1 0 0 0 0 0 0 0
21 1 0.1 5.49609 4.47457 0.149608 0.00178766 0.00285453 0.00899455 -0.0343505 -0.0476276 0.0116084 1 0 0 0 0 0 0 0
22 1 0.1 5.64647 4.62772 0.150669 -0.00931877 -0.0263532 0.00673269 -0.00294928 0.0868146 0.289294 1 0 0 0 0 0 0 0
23 1 0.1 5.78777 4.76924 0.149345 -0.0112102 -0.0258358 -0.00492935 -0.0116755 0.069924 -0.318141 1 0 0 0 0 0 0 0
24 1 0.1 6.04908 5.02537 0.149826 -0.00419434 -0.00605592 -0.000755019 0.00394201 0.00569063 -0.0136006 1 0 0 0 0 0 0 0
25 1 0.1 6.28253 0.735837 0.149907 -0.00803721 0.0210109 0.00223677 0.00661761 -0.0179512 0.213655 1 0 0 0 0 0 0 0
26 1 0.1 6.0471 1.21621 0.136553 0.0526301 -0.0199448 0.0582955 0.3076 -0.0170093 0.117456 1 0 0 0 0 0 0 0
27 1 0.1 5.89172 1.40194 0.137204 -0.00017272 -0.00308911 -0.000408443 0.0263241 -0.00219294 0.00422754 1 0 0 0 0 0 0 0
28 1 0.1 5.71518 1.30734 0.139515 0.00162355 -0.00173583 0.00816758 -0.0289132 -0.184589 0.0399544 1 0 0 0 0 0 0 0
29 1 0.1 5.60056 1.69949 0.137492 6.86993e-05 0.00167081 -0.000203937 -0.00203287 0.0512059 -0.0412253 1 0 0 0 0 0 0 0
30 1 0.1 5.46127 1.82216 0.211835 0.0120083 0.0115895 0.00772191 0.0475259 0.0621051 -0.0572257 1 0 0 0 0 0 0 0
31 1 0.1 5.31094 1.92739 0.136411 0.0152704 0.00900234 -0.00259889 -0.00102232 -0.177242 -0.117047 1 0 0 0 0 0 0 0
32 1 0.1 5.12798 2.09326 0.137085 -0.0153758 -0.006693 -0.00389815 0.0394157 -0.159272 0.526993 1 0 0 0 0 0 0 0
33 1 0.1 4.84102 2.32372 0.137512 -0.0776852 -0.148092 -0.0781151 -0.168828 0.249487 -1.85014 1 0 0 0 0 0 0 0
34 1 0.1 4.7627 2.53577 0.128047 0.0338889 -9.18196e-05 0.00677388 -0.0245678 0.50424 -0.30592 1 0 0 0 0 0 0 0
35 1 0.1 4.61153 2.67176 0.137386 0.0173077 0.00100628 0.00124826 -0.00873923 0.181194 0.0644061 1 0 0 0 0 0 0 0
36 1 0.1 4.65119 2.84084 0.318144 0.123279 -0.13998 0.0988089 3.35352 0.862207 -6.27415 1 0 0 0 0 0 0 0
37 1 0.1 4.46223 2.98074 0.133742 -0.185095 -0.0692511 0.0370661 0.978475 -3.55547 -0.541125 1 0 0 0 0 0 0 0
38 1 0.1 4.46157 3.171 0.135907 -0.0755521 -0.0694009 0.0105158 0.0821599 -0.392459 -1.98301 1 0 0 0 0 0 0 0
39 1 0.1 4.55565 3.30371 0.251605 -0.0475975 -0.0771362 -0.0014052 -0.566978 0.172053 -0.00369828 1 0 0 0 0 0 0 0
40 1 0.1 4.70731 3.4321 0.272155 -0.065614 -0.0510749 -0.023608 0.768576 -0.787865 -0.561734 1 0 0 0 0 0 0 0
41 1 0.1 4.9434 3.66622 0.137478 0.00532531 0.013184 -0.00132781 -0.0636866 -0.0886908 -0.629582 1 0 0 0 0 0 0 0
42 1 0.1 5.08191 3.80966 0.150095 0.0264136 -0.0197492 0.00143738 -0.0251143 -0.0382461 0.242444 1 0 0 0 0 0 0 0
43 1 0.1 5.04061 4.00439 0.137468 0.00715887 -0.00668156 1.53028e-05 0.0427891 0.0122033 -0.0916745 1 0 0 0 0 0 0 0
44 1 0.1 5.36177 4.14135 0.213627 0.00388005 -0.0224659 -0.012227 0.059958 0.109512 -0.222793 1 0 0 0 0 0 0 0
45 1 0.1 5.53251 4.24389 0.137486 -0.0167089 -0.0271687 0.000805495 -0.0384574 0.0107736 0.142712 1 0 0 0 0 0 0 0
46 1 0.1 5.67732 4.39167 0.13749 -0.000453893 1.10992e-05 0.000357517 0.0036507 0.0213722 -0.0419612 1 0 0 0 0 0 0 0
47 1 0.1 5.83833 4.57451 0.137086 -0.00320548 -0.000270231 -0.000354351 0.0150455 -0.0945099 0.013323 1 0 0 0 0 0 0 0
48 1 0.1 5.97421 4.84034 0.13749 -0.00474354 -0.0237983 0.00186906 0.182645 -0.0890695 0.320359 1 0 0 0 0 0 0 0
49 1 0.1 6.19475 5.17136 0.150031 -0.00212777 -0.00234269 -0.002392 0.0110715 0.0090249 -0.034036 1 0 0 0 0 0 0 0
50 1 0.1 6.42823 0.587618 0.149691 0.0379214 -0.0716732 -0.0182439 -0.131546 0.12381 -0.7966 1 0 0 0 0 0 0 0
51 1 0.1 6.1889 1.07536 0.137521 0.0294188 -0.0313965 0.00832014 0.141664 0.0964528 -0.0767387 1 0 0 0 0 0 0 0
52 1 0.1 6.02245 1.56033 0.136709 -0.0158206 0.0225307 7.67248e-05 -0.212268 -0.143785 -0.0376004 1 0 0 0 0 0 0 0
53 1 0.1 5.82888 1.60916 0.137291 -0.0173105 0.0154054 0.000468913 -0.177295 -0.27331 0.187768 1 0 0 0 0 0 0 0
54 1 0.1 5.74185 1.84473 0.137222 -0.00292809 0.00527537 -0.00148102 -0.0546501 -0.0885074 0.190015 1 0 0 0 0 0 0 0
55 1 0.1 5.62893 1.98443 0.224647 -0.00942499 -0.00331802 -0.00109913 0.545895 -0.00585798 -0.349452 1 0 0 0 0 0 0 0
56 1 0.1 5.46384 2.05526 0.137308 -0.00160368 0.0187598 0.000701936 -0.301469 -0.0940377 0.37034 1 0 0 0 0 0 0 0
57 1 0.1 5.29538 2.20243 0.13748 -0.0407509 0.0343701 0.000655085 -0.365898 -0.109803 -0.0433984 1 0 0 0 0 0 0 0
58 1 0.1 5.07084 2.25794 0.232744 -0.060537 -0.0249818 -0.00718819 -0.177864 0.667091 0.308481 1 0 0 0 0 0 0 0
59 1 0.1 4.88907 2.46792 0.267258 0.104034 -0.176241 -0.122542 -0.518521 -0.582859 -1.02511 1 0 0 0 0 0 0 0
60 1 0.1 4.83365 2.70487 0.223691 -0.0981177 -0.152491 -0.0492893 -0.0373391 0.838794 -1.74895 1 0 0 0 0 0 0 0
61 1 0.1 4.72204 2.84535 0.13554 0.0283763 -0.019457 0.0248663 0.248541 0.245332 -0.0393127 1 0 0 0 0 0 0 0
62 1 0.1 4.83306 3.01076 0.144405 0.0217461 -0.000856068 0.0203062 -0.104603 0.0839637 0.19937 1 0 0 0 0 0 0 0
63 1 0.1 4.63998 3.08234 0.152458 -0.193821 -0.30676 0.0725937 0.285749 -0.36004 -1.96439 1 0 0 0 0 0 0 0
64 1 0.1 4.71711 3.27493 0.137453 -0.0349213 -0.101669 0.00391399 0.433744 -0.293716 -0.182252 1 0 0 0 0 0 0 0
65 1 0.1 4.87717 3.48291 0.180702 -0.110527 0.0663879 -0.0096761 0.779114 1.17689 1.14629 1 0 0 0 0 0 0 0
66 1 0.1 5.20772 3.65526 0.137436 0.135098 0.0248483 0.0182699 -0.437269 0.334828 0.957277 1 0 0 0 0 0 0 0
67 1 0.1 5.37778 3.76028 0.137487 0.0830329 0.121955 -0.000270561 0.283765 -0.212287 0.143512 1 0 0 0 0 0 0 0
68 1 0.1 5.32307 3.95745 0.137455 -0.00181364 -0.0788064 0.000665261 0.76704 0.00592528 1.00118 1 0 0 0 0 0 0 0
69 1 0.1 5.55097 4.1139 0.28829 0.00645956 -0.0171595 0.00905332 0.14891 0.14309 0.148909 1 0 0 0 0 0 0 0
70 1 0.1 5.7112 4.21775 0.229745 -0.00457128 0.00222717 0.00514353 -0.0579118 -0.0266242 -0.0117708 1 0 0 0 0 0 0 0
71 1 0.1 5.86094 4.31265 0.137478 -0.00294526 -0.00577557 0.00033828 -0.0163253 0.00255634 -0.0185334 1 0 0 0 0 0 0 0
72 1 0.1 6.00303 4.45316 0.137436 -0.0014181 -0.00748453 -0.00108865 0.0114825 0.0105384 -0.00223031 1 0 0 0 0 0 0 0
73 1 0.1 6.17483 4.87038 0.137526 0.00439886 -0.000599552 -0.000718768 -0.00140126 0.00903908 -0.0164871 1 0 0 0 0 0 0 0
74 1 0.1 6.40667 5.38325 0.150011 -0.000569829 -0.000378125 -0.000472723 0.00392498 0.000977269 -0.0104364 1 0 0 0 0 0 0 0
75 1 0.1 6.49438 0.775729 0.14001 0.162174 -0.130218 0.0124637 0.619879 0.243933 -0.638823 1 0 0 0 0 0 0 0
76 1 0.1 6.35675 0.920954 0.137968 0.183112 -0.0346027 0.0473633 0.435168 -0.0502821 -2.09408 1 0 0 0 0 0 0 0
77 1 0.1 6.24661 1.32856 0.136824 0.494493 -0.188616 0.141216 1.92234 5.00003 2.24914 1 0 0 0 0 0 0 0
78 1 0.1 5.93022 1.78054 0.156016 -0.0057259 -0.0165903 -0.0319169 -0.370345 0.536302 -0.470778 1 0 0 0 0 0 0 0
79 1 0.1 5.83208 2.10808 0.349607 0.0715405 -0.0172267 0.0215698 0.93406 0.697462 1.43438 1 0 0 0 0 0 0 0
80 1 0.1 5.80203 2.0351 0.137451 0.0129991 0.00364509 0.00109913 0.0872128 0.0774823 -0.354386 1 0 0 0 0 0 0 0
81 1 0.1 5.59946 2.2019 0.142891 0.0205542 -0.00312221 -0.00321209 0.0239121 -0.151559 -0.696447 1 0 0 0 0 0 0 0
82 1 0.1 5.52176 2.7333 0.137278 0.135592 0.0532487 -0.010132 -0.171436 0.275254 -0.188836 1 0 0 0 0 0 0 0
83 1 0.1 5.42712 2.35252 0.146653 0.0766598 -0.0547182 -0.169891 0.112112 -0.0443286 -0.353919 1 0 0 0 0 0 0 0
84 1 0.1 5.05798 2.4322 0.137173 -0.0634313 -0.0185058 -0.00135445 0.215697 -0.651274 -0.299804 1 0 0 0 0 0 0 0
85 1 0.1 5.00422 2.62451 0.13715 0.105653 0.0381007 0.0109095 -0.402769 1.26489 -1.51733 1 0 0 0 0 0 0 0
86 1 0.1 5.12283 2.9213 0.303016 0.406348 -0.143539 -0.28973 0.865691 1.86441 0.682628 1 0 0 0 0 0 0 0
87 1 0.1 5.03119 2.98533 0.137393 0.0205931 0.0104508 -0.00713295 -0.0582362 0.218357 -0.0838036 1 0 0 0 0 0 0 0
88 1 0.1 4.93412 3.18265 0.137175 0.0100708 0.017355 0.00307131 -0.0458287 0.0260548 0.00689122 1 0 0 0 0 0 0 0
89 1 0.1 5.0326 3.36588 0.136815 -0.0574894 0.159248 -0.00840769 -1.49867 -0.645622 0.130867 1 0 0 0 0 0 0 0
90 1 0.1 5.21087 3.45567 0.143779 0.0407932 0.0068915 0.0526634 0.103811 -0.720002 -1.84564 1 0 0 0 0 0 0 0
91 1 0.1 5.4866 3.56121 0.137117 0.0360755 -0.0303471 0.00400676 0.387591 0.233565 0.222812 1 0 0 0 0 0 0 0
92 1 0.1 5.65131 3.67333 0.137092 0.0248656 0.000447339 -0.00165319 0.137933 -0.256017 0.0217663 1 0 0 0 0 0 0 0
93 1 0.1 5.7309 3.85632 0.137087 0.0141153 0.00557485 0.00111348 -0.0965798 0.165842 0.124105 1 0 0 0 0 0 0 0
94 1 0.1 5.66205 4.04775 0.13711 -0.00122433 0.00642489 -0.000520398 0.0621152 -0.0610959 -0.0608083 1 0 0 0 0 0 0 0
95 1 0.1 5.8563 4.09425 0.13726 0.000413363 -0.00743141 -0.000700743 0.0773925 -0.00607017 0.0242224 1 0 0 0 0 0 0 0
96 1 0.1 6.03374 4.18637 0.137361 -0.00106684 -0.0043573 -0.00014329 0.0446819 0.00709697 -0.0210308 1 0 0 0 0 0 0 0
97 1 0.1 6.11579 4.59967 0.213238 -0.00692648 -0.00422114 -0.00349622 -0.0484295 0.0330778 0.0443056 1 0 0 0 0 0 0 0
98 1 0.1 6.31507 5.01222 0.137262 0.00199008 0.00087142 -0.00236421 -0.0598525 -0.0277414 -0.00600992 1 0 0 0 0 0 0 0
99 1 0.1 6.41745 5.18384 0.140964 0.000431752 0.000767068 -0.00303742 0.0198671 -0.0103587 0.0180005 1 0 0 0 0 0 0 0
100 1 0.1 6.55434 0.941318 0.234129 0.495978 -0.488867 0.400235 -4.53054 -6.89716 -3.12451 1 0 0 0 0 0 0 0
101 1 0.1 6.4635 1.08989 0.136939 0.921273 -0.474065 0.0298409 1.93346 5.63657 -1.4783 1 0 0 0 0 0 0 0
102 1 0.1 6.35457 1.20831 0.252243 1.17727 -0.0434993 -0.00513188 -6.75989 -2.34905 -0.358873 1 0 0 0 0 0 0 0
103 1 0.1 5.82083 2.22841 0.183956 0.0687338 0.00516262 -0.0169904 -0.27594 0.0115118 -0.197177 1 0 0 0 0 0 0 0
104 1 0.1 5.70049 2.89877 0.3231 0.140399 0.0378558 -0.054926 0.267069 0.43066 -0.0436453 1 0 0 0 0 0 0 0
105 1 0.1 5.69575 2.37694 0.137008 0.0399546 -0.0145724 -0.00075524 0.140844 0.406892 0.458921 1 0 0 0 0 0 0 0
106 1 0.1 5.59344 2.54858 0.168831 0.101539 0.0389963 -0.0670108 0.666223 0.505337 0.874606 1 0 0 0 0 0 0 0
107 1 0.1 5.55734 3.03825 0.33016 0.117047 0.0137795 -0.0368202 0.0587863 -0.34488 -0.0799742 1 0 0 0 0 0 0 0
108 1 0.1 5.3259 2.77307 0.13721 0.135866 0.0394556 0.000227903 -0.396237 1.36639 0.399651 1 0 0 0 0 0 0 0
109 1 0.1 5.39605 2.54982 0.137472 0.0917552 -0.0422707 0.000690773 0.436002 0.171189 0.118063 1 0 0 0 0 0 0 0
110 1 0.1 5.20175 2.59594 0.138526 0.0843083 -0.0817556 -0.0400543 -0.188775 -0.65164 0.284315 1 0 0 0 0 0 0 0
111 1 0.1 5.1024 2.79846 0.135695 0.0992029 0.0430287 -0.0156248 -0.347991 0.937195 0.324218 1 0 0 0 0 0 0 0
112 1 0.1 5.22906 2.95507 0.13718 0.0727096 0.0513258 -0.32183 -0.0311269 0.840118 0.990203 1 0 0 0 0 0 0 0
113 1 0.1 5.13249 3.1587 0.137511 0.0149662 -0.0115132 0.0029845 -0.138715 -0.000462243 -0.309917 1 0 0 0 0 0 0 0
114 1 0.1 5.25871 3.27782 0.236714 -0.0760936 0.095984 0.00475309 -1.67551 -0.997923 -0.723461 1 0 0 0 0 0 0 0
115 1 0.1 5.39992 3.37744 0.137156 0.00172109 -0.0179267 -0.00218255 0.148055 0.0385204 0.157451 1 0 0 0 0 0 0 0
116 1 0.1 5.40476 3.17787 0.137197 0.0195345 -0.0033048 -0.0078606 -0.0227801 0.187458 0.0238131 1 0 0 0 0 0 0 0
117 1 0.1 5.5875 3.33967 0.19482 -0.000338017 0.00210071 0.0175401 0.235977 -0.33106 0.171096 1 0 0 0 0 0 0 0
118 1 0.1 5.85044 3.69613 0.137432 0.0278235 0.0143488 0.00097164 -0.175307 0.243218 0.0433622 1 0 0 0 0 0 0 0
119 1 0.1 5.91473 3.91136 0.193092 -0.0103435 0.0109443 0.0742662 -0.29604 -1.03018 -0.171008 1 0 0 0 0 0 0 0
120 1 0.1 5.74568 3.44767 0.137492 -0.121385 0.171106 0.000221255 -0.344917 0.471102 1.9999 1 0 0 0 0 0 0 0
121 1 0.1 5.93904 3.50494 0.137395 0.0105547 0.00427153 0.000246152 -0.0413942 0.109242 -0.10625 1 0 0 0 0 0 0 0
122 1 0.1 6.03778 4.32081 0.284732 0.00225514 -0.00463556 -0.00148966 -0.0587433 0.102283 0.0909937 1 0 0 0 0 0 0 0
123 1 0.1 6.27341 4.69626 0.137387 -0.0121073 0.00522622 -0.00132521 -0.0531497 -0.12208 0.118177 1 0 0 0 0 0 0 0
124 1 0.1 6.34533 4.84759 0.246396 -0.0475324 0.00842141 0.0148658 -0.0820937 -0.60628 -0.175517 1 0 0 0 0 0 0 0
125 1 0.1 6.04694 0.983781 0.365885 -0.227347 0.236841 0.017823 1.75597 2.32964 -1.58689 1 0 0 0 0 0 0 0
126 1 0.1 5.85322 1.16736 0.350148 0.0024223 -0.00374453 0.000179599 -0.00101463 0.00299051 -0.0276304 1 0 0 0 0 0 0 0
127 1 0.1 5.67656 1.34558 0.350109 -0.000186422 0.000669011 0.00209459 0.0444738 0.0191934 -0.0045795 1 0 0 0 0 0 0 0
128 1 0.1 5.53517 1.48689 0.349775 -0.000343034 0.000259529 0.00506925 0.0233177 -0.051004 -0.00457989 1 0 0 0 0 0 0 0
129 1 0.1 5.39488 1.62885 0.355694 0.00078599 0.00208986 0.00545123 0.0372911 -0.0181472 0.000404501 1 0 0 0 0 0 0 0
130 1 0.1 5.20776 1.8204 0.366327 0.00481929 -0.00656158 -0.00197706 -0.0733289 -0.0229426 -0.0800009 1 0 0 0 0 0 0 0
131 1 0.1 4.9926 2.03055 0.350635 0.0013263 0.000523392 0.00319797 0.0131704 -0.0343737 0.0259734 1 0 0 0 0 0 0 0
132 1 0.1 4.85587 2.17355 0.327845 0.00472068 -0.00327131 -0.00148658 0.0511527 -0.104546 0.00112275 1 0 0 0 0 0 0 0
133 1 0.1 4.71364 2.3117 0.343379 0.0100703 -0.00131655 -0.0323874 -0.120981 -0.239137 -0.0541997 1 0 0 0 0 0 0 0
134 1 0.1 4.57745 2.44304 0.40436 0.0204456 -0.020422 0.016626 0.470359 -0.0983748 -0.188948 1 0 0 0 0 0 0 0
135 1 0.1 4.33114 2.69486 0.382904 0.0347745 0.0167106 -0.00387845 -0.37972 -0.201791 -0.0138446 1 0 0 0 0 0 0 0
136 1 0.1 4.19495 2.83478 0.348602 0.0656977 0.0292448 -0.0263505 0.512097 -0.376152 0.414636 1 0 0 0 0 0 0 0
137 1 0.1 4.19213 3.03271 0.347713 -0.00165354 0.0243406 0.00376409 -0.000962518 0.0302188 0.353068 1 0 0 0 0 0 0 0
138 1 0.1 4.2412 3.22573 0.34973 -0.00233576 0.00630729 -0.00553477 -0.0411105 0.09792 -0.0516868 1 0 0 0 0 0 0 0
139 1 0.1 4.39918 3.37824 0.350409 -0.0337391 -0.0276603 -0.000480122 -0.0663525 0.088207 -0.195811 1 0 0 0 0 0 0 0
140 1 0.1 4.54254 3.51635 0.368111 -0.0545928 -0.0102341 -0.0961066 0.631725 0.672134 -0.501616 1 0 0 0 0 0 0 0
141 1 0.1 4.71717 3.69447 0.347545 -0.00124407 -0.0014041 0.000570835 -0.012701 -0.0136555 -0.0218853 1 0 0 0 0 0 0 0
142 1 0.1 4.89708 3.87537 0.351557 0.00759685 -0.0103863 0.0125869 0.0288453 0.066098 -0.127642 1 0 0 0 0 0 0 0
143 1 0.1 5.03849 4.01668 0.35 -0.000914937 -0.00144688 0.00904584 -0.0591008 -0.0297949 0.0473033 1 0 0 0 0 0 0 0
144 1 0.1 5.21772 4.19565 0.342597 -0.00248385 0.000305903 -0.000818125 0.0963496 -0.0351271 0.0223875 1 0 0 0 0 0 0 0
145 1 0.1 5.35908 4.33616 0.356769 -0.000788421 -0.00493968 0.00515375 -0.0543932 -0.00436757 -0.0951687 1 0 0 0 0 0 0 0
146 1 0.1 5.50211 4.47524 0.349326 0.00169216 -0.00948062 0.00805521 0.0154969 -0.0492379 0.101118 1 0 0 0 0 0 0 0
147 1 0.1 5.63993 4.6194 0.349874 -0.00596089 -0.00672277 0.00465955 -0.120923 0.0198705 -0.181803 1 0 0 0 0 0 0 0
148 1 0.1 5.78409 4.76424 0.349159 0.00143247 0.00120064 -0.0013903 0.0111995 -0.00583756 -0.039997 1 0 0 0 0 0 0 0
149 1 0.1 5.92583 4.90522 0.347946 0.000496487 0.000758102 -0.000485317 -0.00922184 0.0161903 0.0146539 1 0 0 0 0 0 0 0
150 1 0.1 6.18752 0.837717 0.354475 -0.0777521 -0.0217986 -0.010874 -0.0351346 0.192313 0.0910347 1 0 0 0 0 0 0 0
151 1 0.1 5.8759 1.36513 0.332547 0.00467527 -0.00535183 -0.00120584 -0.0110418 0.0432245 -0.00298793 1 0 0 0 0 0 0 0
152 1 0.1 5.71664 1.54235 0.288058 -0.00962477 0.011808 -0.00327727 0.0842353 0.187881 0.104364 1 0 0 0 0 0 0 0
153 1 0.1 5.80466 1.78448 0.316795 0.00636217 0.0298287 0.00443862 -0.171543 0.168257 0.166025 1 0 0 0 0 0 0 0
154 1 0.1 5.60688 1.77388 0.339029 0.00811927 0.00952085 0.0176095 0.100617 -0.0439959 0.0488315 1 0 0 0 0 0 0 0
155 1 0.1 5.42506 1.81898 0.4075 0.00855358 0.00298357 0.0087964 -0.0461963 -0.092822 -0.0963145 1 0 0 0 0 0 0 0
156 1 0.1 5.17357 2.09328 0.405177 0.00216817 0.000151465 0.00815298 0.00688558 -0.0203283 -0.101071 1 0 0 0 0 0 0 0
157 1 0.1 5.02296 2.22625 0.423932 0.0112613 -0.0207725 0.00492382 -0.0290173 0.0233932 0.115007 1 0 0 0 0 0 0 0
158 1 0.1 4.86806 2.38852 0.449548 -0.0176132 -0.00303314 -0.0460464 -1.14444 -0.339328 1.19174 1 0 0 0 0 0 0 0
159 1 0.1 4.82496 2.60556 0.397007 0.278239 -0.167632 -0.0564677 0.510178 1.54328 1.58937 1 0 0 0 0 0 0 0
160 1 0.1 4.50829 2.64384 0.306057 0.0391347 -0.00742881 0.0161269 -0.00148916 0.0619796 0.110321 1 0 0 0 0 0 0 0
161 1 0.1 4.48429 2.81319 0.417783 0.0189366 0.136896 0.0533551 -0.12426 -0.90711 0.780141 1 0 0 0 0 0 0 0
162 1 0.1 4.37225 2.9764 0.408862 0.0102276 0.105487 -0.0133093 0.166802 0.100488 0.44656 1 0 0 0 0 0 0 0
163 1 0.1 4.42649 3.1916 0.41617 0.00613814 -0.0543434 -0.0844925 0.214879 0.608166 -0.475232 1 0 0 0 0 0 0 0
164 1 0.1 4.63035 3.35079 0.437269 -0.166055 -0.0442006 -0.0822761 -0.898319 -0.668603 0.818788 1 0 0 0 0 0 0 0
165 1 0.1 4.78274 3.53537 0.448781 -0.0188185 -0.0166813 -0.00638275 0.158258 -0.0609928 -0.174406 1 0 0 0 0 0 0 0
166 1 0.1 4.91585 3.67557 0.336187 -0.00466779 -0.0486419 0.0141732 0.0395044 -0.135068 -0.453794 1 0 0 0 0 0 0 0
167 1 0.1 5.08132 3.80502 0.379106 0.0661024 0.139716 0.133892 0.163096 -0.0836901 0.0704183 1 0 0 0 0 0 0 0
168 1 0.1 5.24241 4.00065 0.377685 0.0526969 0.00243125 -0.0312661 0.444245 -1.70815 0.862522 1 0 0 0 0 0 0 0
169 1 0.1 5.39596 4.13919 0.410597 -0.00120664 0.00521618 -0.00905475 -0.386866 -0.159168 -0.05327 1 0 0 0 0 0 0 0
170 1 0.1 5.5458 4.27162 0.410125 0.0128572 -0.0138846 0.00425817 -0.119709 -0.133018 -0.0272676 1 0 0 0 0 0 0 0
171 1 0.1 5.68458 4.39589 0.339326 0.00543116 -0.00235388 0.0186473 0.0317523 0.028007 0.0227483 1 0 0 0 0 0 0 0
172 1 0.1 5.85968 4.48904 0.316291 -0.000178312 0.000378384 -0.000250412 0.0196316 0.0498782 0.0231787 1 0 0 0 0 0 0 0
173 1 0.1 5.95237 4.66574 0.307222 0.000776661 -0.0012803 0.005045 -0.0328672 0.104506 -0.0446616 1 0 0 0 0 0 0 0
174 1 0.1 6.2029 5.17941 0.354393 -0.00129678 -0.00251089 -0.000749901 -0.00446571 0.00790736 -0.0173788 1 0 0 0 0 0 0 0
175 1 0.1 6.32815 0.695631 0.350011 -0.0594876 0.00896463 0.0276641 0.133568 -0.253655 0.402274 1 0 0 0 0 0 0 0
176 1 0.1 6.09986 1.17158 0.321951 0.406939 0.176449 0.166308 -2.5993 3.36888 -4.64288 1 0 0 0 0 0 0 0
177 1 0.1 5.9429 1.64176 0.299432 0.0021024 0.0244286 0.0104143 0.0370583 -0.170141 -0.287946 1 0 0 0 0 0 0 0
178 1 0.1 5.92483 1.93297 0.375802 0.0774246 -0.0198396 -0.0156134 -0.57076 -0.581916 -1.38609 1 0 0 0 0 0 0 0
179 1 0.1 5.71384 1.94858 0.401908 0.00729687 -0.0419624 -0.0159499 -0.262413 0.227313 -0.0538833 1 0 0 0 0 0 0 0
180 1 0.1 5.49134 2.01027 0.381386 0.00622438 0.00207996 -0.00867942 0.112623 -0.0184361 -0.0137464 1 0 0 0 0 0 0 0
181 1 0.1 5.32663 2.06295 0.281973 -0.000191797 0.00833461 0.00261516 0.160479 0.082098 0.0765014 1 0 0 0 0 0 0 0
182 1 0.1 5.23848 2.2812 0.394637 0.113475 -0.0414903 -0.0859693 -1.64789 -2.00837 -1.22832 1 0 0 0 0 0 0 0
183 1 0.1 5.10211 2.41742 0.347539 0.198636 0.0240528 -0.155519 -0.823469 3.48045 -0.540836 1 0 0 0 0 0 0 0
184 1 0.1 5.01397 2.57242 0.432979 0.280434 0.0167557 -0.0790829 0.714061 -1.46762 0.691074 1 0 0 0 0 0 0 0
185 1 0.1 4.91786 2.76513 0.450841 0.156349 -0.039026 -0.0139609 0.465352 -0.319291 0.73276 1 0 0 0 0 0 0 0
186 1 0.1 4.67223 2.70899 0.454566 0.197703 -0.337154 -0.0571915 -1.30042 -0.475432 3.80261 1 0 0 0 0 0 0 0
187 1 0.1 4.5395 2.99643 0.305985 0.0852273 -0.173956 0.0272698 -3.37362 5.69074 5.5596 1 0 0 0 0 0 0 0
188 1 0.1 4.62196 3.15446 0.396809 0.0040961 -0.154897 0.100525 0.246157 -2.59264 -0.594154 1 0 0 0 0 0 0 0
189 1 0.1 4.82922 3.34309 0.422649 -0.162688 -0.101292 0.0123118 -0.419204 -0.2125 -1.40916 1 0 0 0 0 0 0 0
190 1 0.1 4.9671 3.48644 0.388984 -0.0923282 -0.212387 -0.10322 0.284522 0.866025 -2.02044 1 0 0 0 0 0 0 0
191 1 0.1 5.13792 3.62286 0.321842 0.0354028 0.132013 0.041354 0.676137 0.320178 -0.447368 1 0 0 0 0 0 0 0
192 1 0.1 5.24844 3.83068 0.272758 0.0481106 -0.0553817 0.056312 -1.57891 0.87702 -1.66124 1 0 0 0 0 0 0 0
193 1 0.1 5.47751 3.93533 0.336474 0.0353385 -0.0349842 -0.00953822 0.116671 -0.010877 0.103667 1 0 0 0 0 0 0 0
194 1 0.1 5.65383 3.96265 0.479638 0.0213422 -0.0143036 0.00347838 -0.117731 0.0516737 0.030743 1 0 0 0 0 0 0 0
195 1 0.1 5.70155 4.14727 0.420451 0.0179772 -0.00734336 0.012226 0.239786 0.00877831 -0.00650384 1 0 0 0 0 0 0 0
196 1 0.1 5.84526 4.27994 0.364216 0.00525178 -0.00455621 -0.00250771 0.0799875 0.142641 -0.0523366 1 0 0 0 0 0 0 0
197 1 0.1 5.86161 4.06371 0.334773 0.00144022 -0.02305 -0.00319861 0.0886381 0.0167849 -0.361033 1 0 0 0 0 0 0 0
198 1 0.1 6.09494 4.80479 0.308032 0.00217573 -0.00700573 -0.00531304 0.0370242 -0.00446688 0.0239009 1 0 0 0 0 0 0 0
199 1 0.1 6.34355 5.32147 0.349976 -0.00114509 -0.00130587 -0.000168719 0.00300299 -0.00218923 -0.00472084 1 0 0 0 0 0 0 0
200 1 0.1 6.3805 0.887745 0.334358 0.018948 -0.13835 0.043502 -0.937131 -0.740686 -0.279098 1 0 0 0 0 0 0 0
201 1 0.1 6.23899 1.0286 0.326571 0.0275697 -0.143971 -0.0348115 -0.0142693 1.06799 -1.28254 1 0 0 0 0 0 0 0
202 1 0.1 6.04515 1.46982 0.313537 -0.00673689 0.0119967 -0.00932297 0.00505457 0.0527873 0.202133 1 0 0 0 0 0 0 0
203 1 0.1 5.82375 2.38905 0.302896 0.118239 -0.016562 0.0160561 0.660913 -0.334073 -0.66547 1 0 0 0 0 0 0 0
204 1 0.1 5.69786 2.51746 0.390167 0.144665 -0.00255513 0.0421451 1.38485 -1.36017 -0.933681 1 0 0 0 0 0 0 0
205 1 0.1 5.63557 2.14383 0.344894 0.0657433 -0.0445262 0.0403249 -0.0338808 -0.678762 -1.1368 1 0 0 0 0 0 0 0
206 1 0.1 5.42828 2.23257 0.310478 -0.026918 0.0369916 -0.0840965 0.457206 2.37344 0.773404 1 0 0 0 0 0 0 0
207 1 0.1 5.40833 2.36077 0.462429 0.0745994 0.0258268 -0.0638659 -0.80421 0.616362 1.07804 1 0 0 0 0 0 0 0
208 1 0.1 5.24297 2.40208 0.206661 0.0422356 -0.0500508 -0.293871 0.0460196 -1.31227 0.242679 1 0 0 0 0 0 0 0
209 1 0.1 5.24121 2.72302 0.310491 0.215466 0.0250414 0.0326129 0.799793 -0.360401 -0.850161 1 0 0 0 0 0 0 0
210 1 0.1 5.30348 2.89746 0.383885 0.277298 -0.00686142 0.0386707 -1.43683 -1.60319 -0.694196 1 0 0 0 0 0 0 0
211 1 0.1 5.04302 2.72215 0.306567 0.222307 0.0608373 -0.0049069 -0.0167731 -0.0156799 0.547193 1 0 0 0 0 0 0 0
212 1 0.1 4.77047 2.99468 0.351565 0.400873 -0.316811 0.0554426 -1.8432 3.21413 4.8613 1 0 0 0 0 0 0 0
213 1 0.1 4.84458 3.17622 0.315144 -0.126459 -0.0966137 -0.0585345 1.23197 -1.61364 0.66714 1 0 0 0 0 0 0 0
214 1 0.1 5.07869 3.30214 0.319129 -0.0871423 0.120753 -0.0304707 1.96388 0.390277 0.23021 1 0 0 0 0 0 0 0
215 1 0.1 5.21537 3.44259 0.355579 -0.0227932 0.0552176 0.024963 -0.4988 0.309446 -0.393234 1 0 0 0 0 0 0 0
216 1 0.1 5.39969 3.4909 0.300914 0.0138819 -0.0456752 -0.00169216 0.0104144 -0.239954 -0.665209 1 0 0 0 0 0 0 0
217 1 0.1 5.42445 3.68265 0.347132 0.0766848 -0.056816 -0.0167679 -0.181533 -0.175413 -0.0496069 1 0 0 0 0 0 0 0
218 1 0.1 5.70541 3.83832 0.333565 0.0425503 -0.00399814 0.00250424 0.0990944 0.0851011 0.453768 1 0 0 0 0 0 0 0
219 1 0.1 5.87747 3.73981 0.357558 0.0843934 0.061359 -0.0251476 -0.284863 0.24266 0.406794 1 0 0 0 0 0 0 0
220 1 0.1 5.89738 3.3733 0.452095 0.0691399 0.0463114 0.058346 0.502055 -0.0247925 0.269026 1 0 0 0 0 0 0 0
221 1 0.1 5.97977 3.90951 0.382202 0.0824442 0.0533986 0.0428414 1.60226 0.613724 -0.260237 1 0 0 0 0 0 0 0
222 1 0.1 5.81726 3.56445 0.284126 0.0679172 0.0403863 0.0339965 -0.129085 0.518701 -0.278192 1 0 0 0 0 0 0 0
223 1 0.1 6.17293 4.98869 0.302361 -0.00335926 -0.00506803 0.000437779 0.0111899 -0.0167845 0.0304209 1 0 0 0 0 0 0 0
224 1 0.1 6.35892 5.05695 0.329108 -0.00322167 0.00114052 -0.0261837 0.00507858 0.315635 0.0522956 1 0 0 0 0 0 0 0
225 1 0.1 6.50896 1.02012 0.41362 -0.293366 0.257422 -0.0104108 -0.267466 0.490186 2.54379 1 0 0 0 0 0 0 0
226 1 0.1 6.42009 1.20115 0.441128 0.610022 0.82818 0.393201 -2.3941 -1.26579 1.37088 1 0 0 0 0 0 0 0
227 1 0.1 6.23897 1.29898 0.383685 0.617445 0.397241 -0.499016 -0.195226 -1.70283 3.57391 1 0 0 0 0 0 0 0
228 1 0.1 5.81164 2.53985 0.13746 0.0493894 -0.022837 -0.00152394 -0.276789 -0.293794 -0.636921 1 0 0 0 0 0 0 0
229 1 0.1 5.44202 2.9814 0.137149 0.0132097 -0.00133029 -0.000428946 0.0218066 0.107462 -0.00849444 1 0 0 0 0 0 0 0
230 1 0.1 5.79582 3.20132 0.461936 0.111588 0.0182429 -0.0124824 0.377312 0.414767 0.203625 1 0 0 0 0 0 0 0
231 1 0.1 5.62728 2.34182 0.320482 0.0916916 -0.0499491 0.0100325 -0.249045 -0.0967728 0.855891 1 0 0 0 0 0 0 0
232 1 0.1 5.4751 2.46933 0.309239 0.105855 -0.047085 -0.108073 -0.217488 -1.07475 -0.973435 1 0 0 0 0 0 0 0
233 1 0.1 5.63406 2.69092 0.314049 0.202116 0.0424142 0.0826587 -1.02251 0.461369 0.342541 1 0 0 0 0 0 0 0
234 1 0.1 5.43019 2.66266 0.299892 0.191061 -0.0241594 -0.0290736 1.17071 0.376963 0.156621 1 0 0 0 0 0 0 0
235 1 0.1 5.50791 2.84571 0.315455 0.146484 0.000603227 0.000942498 -0.539567 0.132985 0.38959 1 0 0 0 0 0 0 0
236 1 0.1 5.4233 2.99507 0.509657 0.172674 0.0382005 0.103203 0.385319 -0.353992 0.284859 1 0 0 0 0 0 0 0
237 1 0.1 4.9566 2.95602 0.406825 0.523706 -0.123859 -0.167047 2.27798 -0.790931 -3.022 1 0 0 0 0 0 0 0
238 1 0.1 5.04859 3.13266 0.41684 0.275538 0.0216232 -0.0449124 -1.90639 -1.34769 4.53383 1 0 0 0 0 0 0 0
239 1 0.1 5.24447 3.12147 0.448595 0.259301 0.0760391 0.136318 3.10921 -0.603147 -3.9639 1 0 0 0 0 0 0 0
240 1 0.1 5.36263 3.06782 0.298126 0.114156 0.0358615 0.0325028 -0.360193 1.06803 -0.188363 1 0 0 0 0 0 0 0
241 1 0.1 5.48999 3.18127 0.48611 0.113983 0.0601574 0.0324402 -1.10924 0.441024 0.41101 1 0 0 0 0 0 0 0
242 1 0.1 5.43447 3.2969 0.333031 -0.0384245 -0.0537117 0.00309634 -0.267434 1.33173 -0.0491421 1 0 0 0 0 0 0 0
243 1 0.1 5.56419 3.44304 0.451863 -0.0747234 -0.0390116 0.00146259 -0.334501 0.207033 0.493458 1 0 0 0 0 0 0 0
244 1 0.1 5.61571 3.54707 0.288769 0.0317267 -0.00777434 0.0149818 -0.0691599 -0.39403 0.49736 1 0 0 0 0 0 0 0
245 1 0.1 5.59322 3.11182 0.147498 0.0205915 -0.00122824 -0.0522878 -0.262773 0.37505 -0.0256351 1 0 0 0 0 0 0 0
246 1 0.1 5.73222 3.3935 0.341276 0.0763524 0.0368651 0.044373 0.160151 -0.224333 0.287568 1 0 0 0 0 0 0 0
247 1 0.1 6.03447 4.47454 0.411962 0.00421632 -0.00232959 -0.00683567 -0.00869927 0.0928227 0.032419 1 0 0 0 0 0 0 0
248 1 0.1 6.15778 4.63154 0.406061 -0.00134279 0.00202371 -0.00714258 0.0673916 -0.0180179 0.039396 1 0 0 0 0 0 0 0
249 1 0.1 6.27533 4.79569 0.426145 -0.0742731 -0.0119316 -0.00780468 0.440789 0.37834 -0.121725 1 0 0 0 0 0 0 0
250 1 0.1 6.09648 0.924638 0.550279 -0.00270261 0.0169845 -0.0534959 0.00482674 0.0313525 0.108265 1 0 0 0 0 0 0 0
251 1 0.1 5.86771 1.14799 0.55019 0.000696975 0.000356634 -0.000369602 0.00909892 0.0212804 0.0114997 1 0 0 0 0 0 0 0
252 1 0.1 5.72747 1.29031 0.555862 -0.0010275 0.00256208 0.000443681 -0.00892381 -0.0127095 -0.0170065 1 0 0 0 0 0 0 0
253 1 0.1 5.48424 1.53948 0.550006 -0.146106 0.154669 0.00140378 0.093792 0.0695485 2.16554 1 0 0 0 0 0 0 0
254 1 0.1 5.34051 1.6909 0.580907 0.00456505 -0.004143 -0.000102941 -0.00564534 -0.00652526 -0.0496304 1 0 0 0 0 0 0 0
255 1 0.1 5.19775 1.82985 0.565791 0.00522353 -0.00481884 -0.00186641 -0.0343838 0.0234373 -0.0534616 1 0 0 0 0 0 0 0
256 1 0.1 5.03613 1.98774 0.540882 0.0228576 -0.015686 -0.00484287 -0.247823 0.271432 -0.306189 1 0 0 0 0 0 0 0
257 1 0.1 4.89224 2.13074 0.540765 0.0188701 -0.0205749 0.00294976 0.0388304 -0.00744447 -0.0946623 1 0 0 0 0 0 0 0
258 1 0.1 4.75334 2.27177 0.564256 0.036381 -0.0201734 0.00987819 0.0766677 0.040009 -0.0526412 1 0 0 0 0 0 0 0
259 1 0.1 4.62221 2.41894 0.5917 0.053162 -0.0187198 0.0190651 -0.49625 0.477176 0.0592992 1 0 0 0 0 0 0 0
260 1 0.1 4.45286 2.56886 0.482829 0.01426 -0.00644897 0.0104682 -0.139329 -0.318544 0.0586116 1 0 0 0 0 0 0 0
261 1 0.1 4.23762 2.78076 0.536027 0.000618744 0.0151594 -0.00916374 0.16216 0.21229 0.190539 1 0 0 0 0 0 0 0
262 1 0.1 4.19146 2.97288 0.550566 -0.00239334 0.00468912 0.0125394 0.0202036 -0.27333 -0.161349 1 0 0 0 0 0 0 0
263 1 0.1 4.19295 3.17107 0.548856 0.00536777 0.000972802 0.0105364 -0.0694555 -0.0134178 0.0530065 1 0 0 0 0 0 0 0
264 1 0.1 4.33498 3.31023 0.558647 -0.0067817 -0.00353135 0.0149158 0.00286652 -0.135311 -0.0713036 1 0 0 0 0 0 0 0
265 1 0.1 4.47509 3.45253 0.549025 -0.00194826 -0.00507818 0.0167582 -0.141558 -0.0708203 -0.0744802 1 0 0 0 0 0 0 0
266 1 0.1 4.69602 3.66747 0.571028 -0.00838285 0.0461524 -0.00640075 -0.0367619 -0.0474693 -0.0405452 1 0 0 0 0 0 0 0
267 1 0.1 4.83425 3.80721 0.535199 -0.00864112 0.00919554 0.0213279 -0.0856389 -0.290786 -0.108195 1 0 0 0 0 0 0 0
268 1 0.1 5.0147 4.00009 0.550617 -0.00633864 -0.0203693 -0.0292159 0.166521 0.247793 -0.23651 1 0 0 0 0 0 0 0
269 1 0.1 5.15824 4.13614 0.523138 -0.00709596 -0.00762899 -0.00231264 -0.0417195 -0.147719 -0.218324 1 0 0 0 0 0 0 0
270 1 0.1 5.2968 4.27591 0.552915 0.000773746 -0.0109854 -1.53825e-05 -0.25082 -0.200502 0.0574693 1 0 0 0 0 0 0 0
271 1 0.1 5.43782 4.4168 0.561995 -0.00301801 -0.00473217 -0.00378775 0.0189874 0.0371427 -0.0961028 1 0 0 0 0 0 0 0
272 1 0.1 5.57845 4.55769 0.545961 0.000819348 -0.00587763 -0.00379322 0.0334588 0.0142752 0.0609553 1 0 0 0 0 0 0 0
273 1 0.1 5.71951 4.6985 0.559621 -0.00153643 -0.00134357 -0.00115941 0.013604 -0.00160755 -0.0113992 1 0 0 0 0 0 0 0
274 1 0.1 5.85935 4.84069 0.548098 -0.000526274 -0.00201836 -0.00253604 0.00591383 0.0372778 -0.0134019 1 0 0 0 0 0 0 0
275 1 0.1 6.238 0.783521 0.551099 -0.00822377 0.00199046 -0.000750437 -0.0235146 -0.0373862 0.0613691 1 0 0 0 0 0 0 0
276 1 0.1 5.93176 1.33511 0.52212 0.00433899 -0.000301084 -0.00170002 -0.0107277 0.0144441 -0.0460343 1 0 0 0 0 0 0 0
277 1 0.1 5.78642 1.46547 0.48001 0.00648558 -8.72059e-05 -0.00260389 -0.00890104 0.00806149 0.0138823 1 0 0 0 0 0 0 0
278 1 0.1 5.70963 1.64995 0.456174 0.00709555 -0.00475853 0.0071609 0.10163 0.0372463 -0.0800396 1 0 0 0 0 0 0 0
279 1 0.1 5.5337 1.73324 0.551813 -0.00895829 0.118894 0.0908713 -0.451219 -1.03121 1.39099 1 0 0 0 0 0 0 0
280 1 0.1 5.38491 1.89484 0.586886 0.00397397 0.00953775 0.00382052 -0.0102547 -0.0076753 0.0332938 1 0 0 0 0 0 0 0
281 1 0.1 5.2278 2.02549 0.584285 0.0110429 -0.00797499 1.32684e-05 0.0545958 0.169258 -0.0056514 1 0 0 0 0 0 0 0
282 1 0.1 5.07583 2.1715 0.608608 0.0167526 -0.0162217 0.0018963 0.189939 -0.0590222 0.470199 1 0 0 0 0 0 0 0
283 1 0.1 4.88328 2.39777 0.690177 -0.0572254 0.0633871 0.143927 2.14047 0.632827 0.179734 1 0 0 0 0 0 0 0
284 1 0.1 4.81187 2.53762 0.577875 0.181957 0.0259199 -0.0511082 -3.57809 -3.75243 -1.08373 1 0 0 0 0 0 0 0
285 1 0.1 4.59692 2.61527 0.61302 0.0224604 -0.0491837 0.0307174 -0.188921 0.0591335 -0.294413 1 0 0 0 0 0 0 0
286 1 0.1 4.55069 2.80929 0.605475 0.056316 -0.0503684 0.0407507 2.31357 1.19575 -0.260147 1 0 0 0 0 0 0 0
287 1 0.1 4.37484 2.91476 0.596456 0.0162365 0.0489299 -0.0234505 0.52099 0.202032 0.316153 1 0 0 0 0 0 0 0
288 1 0.1 4.37953 3.11773 0.595602 0.0369731 -0.0231707 -0.0663009 -0.261118 0.211801 -0.583811 1 0 0 0 0 0 0 0
289 1 0.1 4.52613 3.25753 0.579131 -0.0304779 -0.0395669 -0.00261648 -0.347316 0.40713 -0.358704 1 0 0 0 0 0 0 0
290 1 0.1 4.66709 3.47271 0.601319 0.0167691 0.163962 0.021384 -0.259692 -0.164431 0.68967 1 0 0 0 0 0 0 0
291 1 0.1 4.89149 3.62755 0.600921 -0.0344037 -0.026773 -0.0363445 1.01165 -0.591811 0.172317 1 0 0 0 0 0 0 0
292 1 0.1 5.02765 3.77016 0.568535 -0.0265923 -0.00904935 0.0821701 -0.130818 -0.269628 -0.10062 1 0 0 0 0 0 0 0
293 1 0.1 5.18119 3.89341 0.53474 -0.0254768 -0.0716695 -0.106176 0.293622 0.343456 -0.307801 1 0 0 0 0 0 0 0
294 1 0.1 5.32915 4.04965 0.576211 -0.00316112 0.000959612 -0.0161542 0.491621 0.106908 0.448849 1 0 0 0 0 0 0 0
295 1 0.1 5.48209 4.21298 0.590095 0.00364684 -0.0072134 0.00635598 0.117132 0.187349 -0.035991 1 0 0 0 0 0 0 0
296 1 0.1 5.64957 4.31969 0.573816 0.0104675 -0.0174549 0.00305738 -0.0437723 -0.0775883 -0.0979385 1 0 0 0 0 0 0 0
297 1 0.1 5.75814 4.4758 0.514367 0.000829547 -0.00962564 0.00299877 0.264948 0.367332 0.108085 1 0 0 0 0 0 0 0
298 1 0.1 5.89163 4.6219 0.491786 -0.00704288 -0.00321476 0.00487594 0.0358508 -0.214414 -0.0504498 1 0 0 0 0 0 0 0
299 1 0.1 6.14164 5.11634 0.570148 0.00099101 -0.00234104 -0.000912191 0.0198024 -0.0102033 0.0151821 1 0 0 0 0 0 0 0
300 1 0.1 6.37915 0.641979 0.550059 -0.00146453 0.00236722 0.00185317 0.0247439 0.00532594 0.0305255 1 0 0 0 0 0 0 0
301 1 0.1 6.06278 1.12593 0.513575 -0.000832352 0.0683266 -0.0783597 0.145179 0.755363 0.667575 1 0 0 0 0 0 0 0
302 1 0.1 5.99125 1.56995 0.477979 0.00180531 -0.00116844 -0.000836567 0.230611 0.262433 0.124478 1 0 0 0 0 0 0 0
303 1 0.1 5.85688 1.66319 0.590299 0.00615202 -0.0129225 0.0117745 -0.114799 -0.0760688 -0.0138948 1 0 0 0 0 0 0 0
304 1 0.1 5.73551 1.82092 0.580121 0.00657738 -0.010037 -0.00941794 -0.0729517 -0.0150521 -0.0258821 1 0 0 0 0 0 0 0
305 1 0.1 5.57592 1.93508 0.545771 0.00788066 -0.00458241 -0.0120745 -0.0622728 0.0737967 -0.0521895 1 0 0 0 0 0 0 0
306 1 0.1 5.3556 2.13519 0.476449 -0.0141171 0.0441289 0.025255 -0.080999 -0.208093 0.382329 1 0 0 0 0 0 0 0
307 1 0.1 5.25707 2.25552 0.602162 -0.00992106 0.0431224 0.0297311 0.129476 0.0317549 0.164288 1 0 0 0 0 0 0 0
308 1 0.1 5.21375 2.56659 0.433092 0.27581 -0.00998955 0.0586655 -0.0791949 0.231164 -0.822254 1 0 0 0 0 0 0 0
309 1 0.1 5.10831 2.50518 0.592477 0.123861 -0.0209955 -0.010838 0.196711 -0.862557 -0.0223451 1 0 0 0 0 0 0 0
310 1 0.1 5.00419 2.67554 0.605372 0.0968507 -0.0133189 0.0305366 -0.509559 -0.804727 -0.250532 1 0 0 0 0 0 0 0
311 1 0.1 4.78361 2.73196 0.614217 0.144171 0.0331219 -0.0359049 -0.240151 0.124943 0.874018 1 0 0 0 0 0 0 0
312 1 0.1 4.6197 2.95132 0.479873 0.478565 0.152686 -0.00273358 5.91481 -3.35394 -3.1181 1 0 0 0 0 0 0 0
313 1 0.1 4.72496 3.08861 0.570896 -0.00382648 0.143767 0.608878 -2.32703 -1.04328 9.70815 1 0 0 0 0 0 0 0
314 1 0.1 4.73553 3.28563 0.593978 -0.411324 0.126061 0.155245 -1.94066 2.01154 -5.23951 1 0 0 0 0 0 0 0
315 1 0.1 4.88909 3.42823 0.592841 -0.0444181 -0.0405403 -0.0558053 -0.829468 0.774017 -0.25119 1 0 0 0 0 0 0 0
316 1 0.1 5.07596 3.49111 0.560001 -0.0740671 0.0684751 -0.0375707 -0.529016 -1.4606 1.65627 1 0 0 0 0 0 0 0
317 1 0.1 5.18449 3.65957 0.512789 -0.0146008 0.00957896 0.0803324 0.636479 -0.0682583 0.158266 1 0 0 0 0 0 0 0
318 1 0.1 5.35381 3.83404 0.455529 -0.000877883 -0.0614508 -0.0702044 -0.0179131 -0.892797 0.294362 1 0 0 0 0 0 0 0
319 1 0.1 5.49066 3.93439 0.590162 0.0138273 0.0359538 0.00306357 -0.716547 -0.20725 -0.0805142 1 0 0 0 0 0 0 0
320 1 0.1 5.65302 4.11233 0.611295 0.00797582 -0.00454128 -0.00482618 -0.0385077 -0.100716 0.0983466 1 0 0 0 0 0 0 0
321 1 0.1 5.81933 4.21428 0.567524 0.0173463 -0.00731654 0.0143512 0.0149347 -0.02842 0.261102 1 0 0 0 0 0 0 0
322 1 0.1 5.97483 4.39732 0.58616 0.0255438 -0.0120533 -0.000749648 0.0947629 0.133022 0.0116454 1 0 0 0 0 0 0 0
323 1 0.1 6.03491 4.76138 0.495134 -0.00189361 -0.0017142 -0.00625132 0.0316891 0.00648397 -0.0131649 1 0 0 0 0 0 0 0
324 1 0.1 6.27952 5.25969 0.550048 -9.57592e-05 -0.000460439 0.000260443 -0.0116306 0.00533033 0.00167433 1 0 0 0 0 0 0 0
325 1 0.1 6.38931 0.912821 0.532579 -0.0314459 0.0340104 0.0464793 0.171885 -0.40141 0.380904 1 0 0 0 0 0 0 0
326 1 0.1 6.24926 1.05531 0.526102 -0.00112319 0.0601465 -0.0557558 -0.290635 -0.941729 -0.751386 1 0 0 0 0 0 0 0
327 1 0.1 6.05284 1.73524 0.571375 0.00796519 -0.0101672 0.00773503 -0.0881193 0.0724473 -0.0929113 1 0 0 0 0 0 0 0
328 1 0.1 6.00007 1.92776 0.560977 0.0137734 -0.00763438 0.0101312 0.0559007 -0.0247335 0.00991074 1 0 0 0 0 0 0 0
329 1 0.1 5.8169 2.00636 0.575551 0.0104678 -0.010755 4.79665e-05 -0.0940634 -0.0745555 0.0340653 1 0 0 0 0 0 0 0
330 1 0.1 5.65031 2.11498 0.590005 0.014765 -0.00736803 0.000614776 0.254311 -0.0488301 -0.104899 1 0 0 0 0 0 0 0
331 1 0.1 5.71461 2.27197 0.485288 0.0842462 -0.0256154 0.0190498 -0.0352153 0.021259 -0.859218 1 0 0 0 0 0 0 0
332 1 0.1 5.69517 2.44142 0.589281 0.0261719 -0.0134087 -0.0149307 -0.180332 -0.980894 0.957062 1 0 0 0 0 0 0 0
333 1 0.1 5.53135 2.51363 0.500533 0.0668727 0.0234218 -0.0708026 0.975809 0.00897386 -0.939694 1 0 0 0 0 0 0 0
334 1 0.1 5.38761 2.63186 0.572848 0.123042 0.0560256 -0.0152732 0.00556401 -0.0511561 -0.0821145 1 0 0 0 0 0 0 0
335 1 0.1 5.20155 2.69907 0.596255 0.101903 0.0186664 0.0127671 -1.32201 0.795378 0.670397 1 0 0 0 0 0 0 0
336 1 0.1 5.09843 2.84014 0.489258 0.0971968 0.0932596 -0.00506234 -0.189271 0.323251 0.840889 1 0 0 0 0 0 0 0
337 1 0.1 4.93628 2.88891 0.596497 0.0654575 -0.00429493 0.0211684 -0.346748 -0.312479 0.0374012 1 0 0 0 0 0 0 0
338 1 0.1 4.92026 3.07967 0.558035 -0.0332965 -0.0527839 -0.338788 -3.0199 -5.6098 2.25021 1 0 0 0 0 0 0 0
339 1 0.1 5.04903 3.2265 0.593309 -0.178856 0.0502174 -0.0741453 0.594941 -1.86907 -0.96194 1 0 0 0 0 0 0 0
340 1 0.1 5.20044 3.32999 0.518145 -0.0664458 0.0301708 0.0465778 0.125281 0.434208 0.043953 1 0 0 0 0 0 0 0
341 1 0.1 5.39732 3.36336 0.52796 -0.0650194 -0.01981 0.0328458 -0.517385 -0.234032 -0.357013 1 0 0 0 0 0 0 0
342 1 0.1 5.35371 3.55786 0.544183 -0.000743606 -0.0079748 -0.0616471 0.923263 0.411741 -0.257011 1 0 0 0 0 0 0 0
343 1 0.1 5.55197 3.79246 0.454264 0.0564889 -0.0345332 -0.013382 -0.00616305 -0.0451197 0.211853 1 0 0 0 0 0 0 0
344 1 0.1 5.70928 3.79685 0.57709 0.029958 -0.0186668 0.0221058 0.0232883 -0.409137 -0.000889674 1 0 0 0 0 0 0 0
345 1 0.1 5.85637 3.48902 0.63609 0.0732671 -0.0074043 0.0117671 0.427399 -0.558973 -0.0699148 1 0 0 0 0 0 0 0
346 1 0.1 5.83121 3.95516 0.571038 0.0150202 -0.00571073 0.0107433 0.0978537 -0.165945 0.0496894 1 0 0 0 0 0 0 0
347 1 0.1 6.00175 4.0483 0.524152 0.0221001 0.0199548 0.0857458 -1.0459 -1.23002 0.508784 1 0 0 0 0 0 0 0
348 1 0.1 6.07339 4.95598 0.472704 0.000997163 -0.00379295 -0.000453223 0.0195063 -0.00535762 -0.0316487 1 0 0 0 0 0 0 0
349 1 0.1 6.27029 4.98415 0.492947 0.000380808 0.00340278 -0.0206218 0.0274385 0.205441 0.11945 1 0 0 0 0 0 0 0
350 1 0.1 6.47535 1.11372 0.612082 0.467167 0.238432 0.214627 8.80614 -1.24922 -0.94211 1 0 0 0 0 0 0 0
351 1 0.1 6.20633 1.26444 0.573309 0.337438 0.00654095 -0.26738 0.834289 -1.69962 2.71559 1 0 0 0 0 0 0 0
352 1 0.1 6.10707 1.43594 0.567245 0.0451944 -0.0369607 -0.10507 0.845055 0.348467 0.0853413 1 0 0 0 0 0 0 0
353 1 0.1 6.01768 1.77946 0.762811 0.0103506 -0.00325441 0.00329904 0.0158232 -0.0581971 0.0203641 1 0 0 0 0 0 0 0
354 1 0.1 5.72208 2.71855 0.137263 0.0797661 -0.0101882 0.00593034 0.0947442 0.828639 0.294094 1 0 0 0 0 0 0 0
355 1 0.1 5.62621 2.90375 0.13749 0.0567017 0.0999348 -0.00524544 0.308262 -0.182706 1.10241 1 0 0 0 0 0 0 0
356 1 0.1 5.66526 2.64592 0.598382 0.0958887 0.00666649 0.0316292 0.256729 0.779453 -1.63672 1 0 0 0 0 0 0 0
357 1 0.1 5.7346 2.80246 0.495028 0.057573 -0.0556222 -0.0918603 -0.656885 1.06221 -0.375192 1 0 0 0 0 0 0 0
358 1 0.1 5.28086 2.77572 0.762654 0.0725931 0.0912083 -0.00169248 0.909858 -0.74132 0.246439 1 0 0 0 0 0 0 0
359 1 0.1 5.53107 2.73409 0.479472 0.14458 0.0739226 0.0363404 -0.214822 -0.853805 0.585866 1 0 0 0 0 0 0 0
360 1 0.1 5.60139 2.93002 0.572204 0.195528 0.0265553 0.00974708 -0.18033 1.26837 -0.366851 1 0 0 0 0 0 0 0
361 1 0.1 5.44371 2.82264 0.63586 0.0719338 0.0197368 0.00533419 0.0137696 0.611879 0.381948 1 0 0 0 0 0 0 0
362 1 0.1 5.26606 2.89581 0.581679 0.0942985 0.0820895 0.0111356 0.0229104 -0.571444 -1.07125 1 0 0 0 0 0 0 0
363 1 0.1 5.09911 3.00563 0.608449 -0.0838249 0.0663579 0.00659707 -0.778698 1.2362 -0.0191366 1 0 0 0 0 0 0 0
364 1 0.1 5.40946 3.00518 0.709172 0.114933 -0.0536366 0.149554 1.11789 2.18125 0.380247 1 0 0 0 0 0 0 0
365 1 0.1 5.27256 3.1355 0.644982 0.0764173 -0.108558 0.169255 -1.7954 -1.48329 -0.0502298 1 0 0 0 0 0 0 0
366 1 0.1 5.65585 3.12333 0.581489 0.121984 0.0427641 0.0101657 0.0431612 0.182352 -0.882604 1 0 0 0 0 0 0 0
367 1 0.1 5.55993 3.29208 0.63685 0.083805 0.0206015 0.0834881 2.23085 -0.0923263 0.544649 1 0 0 0 0 0 0 0
368 1 0.1 5.65759 3.55409 0.589696 0.00923156 -0.0417654 -0.0136031 0.907622 0.194308 -0.00174045 1 0 0 0 0 0 0 0
369 1 0.1 5.70206 3.66201 0.427521 0.0261667 0.00046193 0.013696 -0.204728 0.099424 -0.74254 1 0 0 0 0 0 0 0
370 1 0.1 5.72259 3.36843 0.549243 0.0232259 0.0564629 -0.00416837 -0.415965 0.960615 -0.690138 1 0 0 0 0 0 0 0
371 1 0.1 5.63097 3.22231 0.350769 0.105051 0.0140229 -0.00145777 0.0523307 -0.354441 0.119272 1 0 0 0 0 0 0 0
372 1 0.1 6.01251 4.2388 0.465169 0.0035203 -0.0052003 -0.000909714 0.0336874 -0.190409 0.114569 1 0 0 0 0 0 0 0
373 1 0.1 6.07011 4.57308 0.582283 -0.00456533 0.00497501 -0.0110912 -0.000433214 0.165784 0.122684 1 0 0 0 0 0 0 0
374 1 0.1 6.20118 4.7471 0.605115 -0.0115664 -0.00886862 0.0125997 -0.402935 0.340319 -0.0112754 1 0 0 0 0 0 0 0
375 1 0.1 6.12236 0.905133 0.762168 -0.00119604 -0.00173757 -0.00703342 -0.0874543 0.0128301 0.0123365 1 0 0 0 0 0 0 0
376 1 0.1 5.83197 1.19179 0.750101 0.00058945 -0.00181651 4.95794e-05 0.00697611 0.00924165 -0.0155862 1 0 0 0 0 0 0 0
377 1 0.1 5.69075 1.33319 0.750616 0.00262919 -0.00124467 0.000465912 -0.00459055 -0.0170251 -0.0158404 1 0 0 0 0 0 0 0
378 1 0.1 5.54932 1.47431 0.749807 0.00334517 -0.00292198 -0.00116084 -0.0649231 0.0115572 -0.0524104 1 0 0 0 0 0 0 0
379 1 0.1 5.40875 1.61617 0.753357 0.00359958 -0.00718717 -0.00158447 0.001046 0.034817 -0.0983416 1 0 0 0 0 0 0 0
380 1 0.1 5.26379 1.76524 0.751027 0.0063914 0.0199406 0.00338109 0.00486318 0.0189732 -0.0937367 1 0 0 0 0 0 0 0
381 1 0.1 5.12028 1.9029 0.749292 -0.00552524 0.00207289 -0.000858984 -0.0106513 -0.0806788 -0.0412861 1 0 0 0 0 0 0 0
382 1 0.1 4.97924 2.04354 0.748856 -0.00597746 0.0030307 -0.00339769 -0.0862315 0.0505115 -0.249313 1 0 0 0 0 0 0 0
383 1 0.1 4.75406 2.26975 0.763716 0.0033366 -0.0108068 0.00988878 0.00448639 -0.137339 0.0016377 1 0 0 0 0 0 0 0
384 1 0.1 4.60642 2.4024 0.784695 0.0220931 -0.0188254 -0.000159634 -3.19369 2.63982 -0.81901 1 0 0 0 0 0 0 0
385 1 0.1 4.3911 2.6911 0.619119 0.01119 0.0145833 -0.0172141 -0.11349 0.0158602 -0.319455 1 0 0 0 0 0 0 0
386 1 0.1 4.193 2.82983 0.748377 -0.000354248 -4.79524e-05 0.00129898 0.00853942 -0.0111301 -0.0001326 1 0 0 0 0 0 0 0
387 1 0.1 4.19381 3.02961 0.744761 -0.000157017 2.07604e-05 0.000640101 -0.014645 -0.00512971 -0.00352991 1 0 0 0 0 0 0 0
388 1 0.1 4.23912 3.22412 0.750776 2.00936e-08 9.76201e-05 -0.000461665 0.00312644 0.00440694 6.8598e-05 1 0 0 0 0 0 0 0
389 1 0.1 4.41406 3.39048 0.748111 0.00696648 0.0095371 0.00497286 -0.0413815 -0.00581467 0.0714158 1 0 0 0 0 0 0 0
390 1 0.1 4.57886 3.55354 0.761652 0.00268973 0.0109927 0.000678918 -0.00756953 0.0158106 0.0507539 1 0 0 0 0 0 0 0
391 1 0.1 4.8032 3.78892 0.750449 -0.00215519 -0.00978644 -0.00396127 -0.0851558 0.0857745 -0.0275008 1 0 0 0 0 0 0 0
392 1 0.1 4.94588 3.9273 0.762271 -0.00168316 -0.00427438 -0.00959841 0.0537812 0.0686632 -0.0649421 1 0 0 0 0 0 0 0
393 1 0.1 5.08527 4.0699 0.748817 -0.00122266 0.00101091 -0.00261823 -0.00798142 0.0348737 0.106148 1 0 0 0 0 0 0 0
394 1 0.1 5.22666 4.21031 0.746473 0.00438534 -0.00310068 -0.0103972 0.0654443 0.0116962 -0.397536 1 0 0 0 0 0 0 0
395 1 0.1 5.37356 4.34283 0.739093 0.0257507 -0.0220432 -0.0116144 0.0135537 0.088094 0.126816 1 0 0 0 0 0 0 0
396 1 0.1 5.50801 4.4893 0.745738 0.0038739 -0.00350056 -0.006803 0.070079 -0.0668168 0.17339 1 0 0 0 0 0 0 0
397 1 0.1 5.64853 4.63001 0.752986 -0.000651869 -0.000743977 -0.000544361 -0.102964 -0.0566512 -0.124982 1 0 0 0 0 0 0 0
398 1 0.1 5.79057 4.76901 0.762676 -0.000398609 -0.00110518 -0.0006748 0.0332403 0.000967601 0.0793699 1 0 0 0 0 0 0 0
399 1 0.1 5.92965 4.91145 0.749625 -0.00114485 0.00109121 -0.000769483 -0.00446743 0.0326186 -0.0837847 1 0 0 0 0 0 0 0
400 1 0.1 6.26255 0.762832 0.75506 0.000170873 0.000733032 -0.00192795 -0.00495532 0.0201371 0.0101626 1 0 0 0 0 0 0 0
401 1 0.1 5.99396 1.03516 0.681279 -0.00551159 -0.0100023 -0.015214 0.0646263 0.195543 -0.105461 1 0 0 0 0 0 0 0
402 1 0.1 5.84304 1.43517 0.670796 0.00909462 -0.00577653 0.00491082 -0.0149461 -0.0695343 -0.063475 1 0 0 0 0 0 0 0
403 1 0.1 5.68726 1.55316 0.62892 0.00668369 -0.00950794 0.00299113 -0.00724813 0.0322148 -0.0430188 1 0 0 0 0 0 0 0
404 1 0.1 5.60132 1.67221 0.762987 0.00826258 -0.00420464 0.000174502 -0.0120203 -0.057956 -0.0568672 1 0 0 0 0 0 0 0
405 1 0.1 5.45742 1.80966 0.762395 0.00938984 -0.0112726 -0.00242183 -0.00401773 0.0390882 0.109689 1 0 0 0 0 0 0 0
406 1 0.1 5.31756 1.9572 0.763565 0.0166012 0.00858928 0.00417764 0.00334642 0.0877772 -0.0509318 1 0 0 0 0 0 0 0
407 1 0.1 5.17685 2.09765 0.762536 0.0154223 -0.00278699 0.000168439 -0.0837984 -0.119 0.0132069 1 0 0 0 0 0 0 0
408 1 0.1 4.9715 2.23989 0.763079 -0.00673256 -0.00529172 -0.0205405 -0.13841 -0.0926401 0.201326 1 0 0 0 0 0 0 0
409 1 0.1 4.71877 2.56642 0.762905 0.0722461 -0.078338 -0.00603615 -0.0466524 0.0353386 -0.0626344 1 0 0 0 0 0 0 0
410 1 0.1 4.45258 2.56607 0.762507 -0.0163601 0.0145213 0.000299335 -0.0326609 -0.0679866 0.183946 1 0 0 0 0 0 0 0
411 1 0.1 4.40447 2.81555 0.766113 0.0219365 0.0198393 -0.00805255 0.0966479 -0.251821 -0.100043 1 0 0 0 0 0 0 0
412 1 0.1 4.40071 3.01528 0.765293 0.0199294 0.0229277 -0.0210696 0.40157 0.0925542 0.35075 1 0 0 0 0 0 0 0
413 1 0.1 4.47254 3.20071 0.76276 -0.00430399 0.0109168 0.00682125 0.0458656 0.0380725 -0.18144 1 0 0 0 0 0 0 0
414 1 0.1 4.61057 3.35632 0.756382 0.0101186 0.0207681 0.00614358 -0.0297335 0.00411068 0.0623338 1 0 0 0 0 0 0 0
415 1 0.1 4.77573 3.58811 0.7593 -0.0118435 0.0987361 -0.0141546 0.0103172 0.135353 0.832716 1 0 0 0 0 0 0 0
416 1 0.1 4.98157 3.70311 0.76261 -0.021388 -0.0821899 -0.00725035 -0.796979 0.226871 -0.134587 1 0 0 0 0 0 0 0
417 1 0.1 5.133 3.85984 0.758802 -0.0036213 -0.0300542 -0.0289401 0.178111 0.0475915 -0.180528 1 0 0 0 0 0 0 0
418 1 0.1 5.27579 3.99838 0.76175 0.00343037 -0.0315799 -0.0212466 -0.333223 -0.313142 0.111845 1 0 0 0 0 0 0 0
419 1 0.1 5.41319 4.14234 0.763029 -0.00542057 -0.0195844 -6.29524e-05 0.0383293 -0.308424 0.0223424 1 0 0 0 0 0 0 0
420 1 0.1 5.5645 4.29057 0.760683 0.0299297 -0.0255801 -0.0128056 -0.105084 -0.0437042 -0.477107 1 0 0 0 0 0 0 0
421 1 0.1 5.71078 4.42578 0.762697 0.0423058 -0.0316274 0.000666885 -0.288992 -0.44633 0.496591 1 0 0 0 0 0 0 0
422 1 0.1 5.82335 4.56774 0.679073 -0.000706819 -0.000606765 -0.00306723 -0.129541 0.0472653 0.336765 1 0 0 0 0 0 0 0
423 1 0.1 5.96065 4.71287 0.674202 -0.00169949 0.00100151 -0.00384814 -0.0202784 0.0219539 -0.0669735 1 0 0 0 0 0 0 0
424 1 0.1 6.21178 5.19332 0.750005 -8.71674e-05 -0.000263499 -0.000549197 0.00495384 -0.00102661 -0.00126253 1 0 0 0 0 0 0 0
425 1 0.1 6.40306 0.620688 0.749948 4.47623e-06 0.000250761 0.000143969 -0.0227556 -0.0223309 -0.00811763 1 0 0 0 0 0 0 0
426 1 0.1 6.16072 1.10711 0.762656 0.0102554 -0.0387972 -0.0166049 -0.0251489 0.0156322 -0.471744 1 0 0 0 0 0 0 0
427 1 0.1 5.99198 1.30481 0.710367 0.00343825 -0.0126418 -0.00242812 0.0385298 0.0458553 -0.106687 1 0 0 0 0 0 0 0
428 1 0.1 5.92824 1.59113 0.762683 0.00688817 -0.0117599 -0.0153268 0.012517 0.0399273 -0.0336591 1 0 0 0 0 0 0 0
429 1 0.1 5.79067 1.73544 0.763126 0.00316266 -0.00341497 0.000786506 -0.0110538 0.00889804 0.0130278 1 0 0 0 0 0 0 0
430 1 0.1 5.6469 1.87294 0.759882 0.00539123 0.000234377 -0.00509008 -0.0345412 -0.0285556 -0.0595193 1 0 0 0 0 0 0 0
431 1 0.1 5.50603 2.00684 0.718243 0.0119357 0.0036698 -0.0133444 -0.00130524 -0.0456067 0.00135542 1 0 0 0 0 0 0 0
432 1 0.1 5.36833 2.14814 0.738295 0.0147555 0.003843 0.0056685 0.0727379 0.240879 0.00842257 1 0 0 0 0 0 0 0
433 1 0.1 5.29861 2.45112 0.602428 0.133775 0.0123786 -0.0117075 -0.171946 1.0829 0.383658 1 0 0 0 0 0 0 0
434 1 0.1 5.08701 2.40245 0.762793 -0.0406841 0.014588 0.00113329 0.0430838 0.438419 -0.110583 1 0 0 0 0 0 0 0
435 1 0.1 4.9632 2.56281 0.763893 0.0116942 0.0341601 0.0229351 0.0755951 -0.0634972 -0.0670711 1 0 0 0 0 0 0 0
436 1 0.1 4.65811 2.75677 0.764445 0.158998 -0.0435176 -0.00660996 -0.498122 -1.62921 0.837924 1 0 0 0 0 0 0 0
437 1 0.1 4.56656 2.99861 0.662532 0.0675757 -0.0601053 -0.00842459 -3.06963 -1.06638 0.0879913 1 0 0 0 0 0 0 0
438 1 0.1 4.66839 3.1606 0.762496 -0.0479662 -0.180172 0.0014857 0.199123 -0.0288582 -1.74538 1 0 0 0 0 0 0 0
439 1 0.1 4.81013 3.36042 0.762986 0.00468027 0.0234711 0.00602645 0.111905 0.0100052 -0.060939 1 0 0 0 0 0 0 0
440 1 0.1 5.05918 3.5208 0.762584 0.022947 -0.0737788 0.00826081 0.159562 -0.246823 -0.0578878 1 0 0 0 0 0 0 0
441 1 0.1 5.18943 3.66898 0.762548 0.020513 -0.0301826 -0.00626707 -0.445978 0.151247 0.409597 1 0 0 0 0 0 0 0
442 1 0.1 5.30288 3.77879 0.642352 -0.00262058 0.0139281 -0.0140742 -1.06708 -0.950693 1.16136 1 0 0 0 0 0 0 0
443 1 0.1 5.44544 3.84604 0.762582 -0.0144941 0.0525575 0.00236857 0.770075 0.35447 -0.788437 1 0 0 0 0 0 0 0
444 1 0.1 5.56172 4.0086 0.762524 0.0316539 0.0208736 -0.000492295 -0.203063 0.308729 0.308512 1 0 0 0 0 0 0 0
445 1 0.1 5.76327 4.18043 0.762857 -0.00157025 -4.19998e-05 -0.00131813 0.0178283 0.0227551 -0.0244701 1 0 0 0 0 0 0 0
446 1 0.1 5.88866 4.33553 0.75521 0.0409062 -0.039549 0.00168262 0.526192 0.302734 -0.625616 1 0 0 0 0 0 0 0
447 1 0.1 5.99534 4.50403 0.76258 -0.0107852 -0.0132121 -0.000466259 -0.330754 0.194203 1.24673 1 0 0 0 0 0 0 0
448 1 0.1 6.11255 4.8323 0.762617 0.00351682 0.0215292 0.00125154 -0.0736294 -0.0264357 0.259214 1 0 0 0 0 0 0 0
449 1 0.1 6.35318 5.33468 0.749992 -7.77209e-07 -5.82686e-05 -7.62878e-05 0.00149609 -0.000124429 -0.000161106 1 0 0 0 0 0 0 0
450 1 0.1 6.44767 0.809619 0.695998 0.0177578 -0.184084 -0.10214 2.13746 1.60409 -2.70878 1 0 0 0 0 0 0 0
451 1 0.1 6.29951 0.976241 0.702786 -0.0172158 -0.0257649 -0.0877288 0.0511747 0.871613 -0.250711 1 0 0 0 0 0 0 0
452 1 0.1 6.20664 1.30064 0.765011 0.0433048 -0.0366224 -0.0745723 -0.406076 -0.385945 0.225853 1 0 0 0 0 0 0 0
453 1 0.1 6.08822 1.47208 0.762604 0.0333007 -0.0398258 -0.0138415 -0.326791 -0.254577 0.0527187 1 0 0 0 0 0 0 0
454 1 0.1 5.87635 1.91897 0.744916 0.00990984 -0.00486516 5.44998e-05 0.00709551 -0.0283717 -0.00416152 1 0 0 0 0 0 0 0
455 1 0.1 5.73059 2.05439 0.762542 0.0081019 -0.003853 0.000381672 -0.0374292 -0.0224417 -0.00423358 1 0 0 0 0 0 0 0
456 1 0.1 5.58074 2.18655 0.762923 0.0043641 0.00211783 -0.00345418 0.0585921 -0.02215 0.0118768 1 0 0 0 0 0 0 0
457 1 0.1 5.48953 2.23315 0.591793 0.0813663 0.0725992 -0.0265658 0.239688 -0.641878 -0.942466 1 0 0 0 0 0 0 0
458 1 0.1 5.34362 2.34334 0.763028 0.102937 0.0209326 -0.000542857 -0.0974118 -1.02929 -1.02619 1 0 0 0 0 0 0 0
459 1 0.1 5.37806 2.55141 0.755412 0.123293 0.0438952 -0.0225348 0.459181 -0.599543 0.743576 1 0 0 0 0 0 0 0
460 1 0.1 5.16128 2.592 0.763171 0.0252818 -0.0191036 0.00554583 -0.214126 -0.234776 0.0922822 1 0 0 0 0 0 0 0
461 1 0.1 4.91234 2.75703 0.763097 0.0962679 0.0457869 0.00178839 0.410267 -0.887373 -0.577948 1 0 0 0 0 0 0 0
462 1 0.1 4.7304 2.94319 0.762576 0.0808142 -0.00925888 0.00106885 0.0105902 -0.000857656 -0.0114885 1 0 0 0 0 0 0 0
463 1 0.1 4.9005 3.18618 0.720547 -0.416709 0.127532 -0.389294 3.01754 -0.722363 -2.22108 1 0 0 0 0 0 0 0
464 1 0.1 5.02905 3.32632 0.764554 -0.16959 -0.0779726 -0.0197204 0.353032 1.27985 -1.69946 1 0 0 0 0 0 0 0
465 1 0.1 5.23823 3.47725 0.686076 0.00799072 -0.0320797 -0.0691944 0.259713 1.13055 0.232227 1 0 0 0 0 0 0 0
466 1 0.1 5.37923 3.60836 0.76125 0.0328796 -0.0382764 -0.0178607 -0.163776 0.137158 -0.44637 1 0 0 0 0 0 0 0
467 1 0.1 5.48388 3.69306 0.613661 0.0525128 -0.0579079 -0.0227881 0.132342 -0.157496 0.0752712 1 0 0 0 0 0 0 0
468 1 0.1 5.63628 3.79193 0.763001 -0.0214782 -0.00861007 -0.00106988 -0.115987 -0.124283 -0.0350647 1 0 0 0 0 0 0 0
469 1 0.1 5.79594 3.91206 0.762809 -0.0114185 -0.0121947 0.00121649 -0.0616473 -0.0318555 0.0846984 1 0 0 0 0 0 0 0
470 1 0.1 5.91976 4.06338 0.720944 -0.0106773 -0.0137274 -0.00623929 0.0547656 -0.0288329 -0.0919044 1 0 0 0 0 0 0 0
471 1 0.1 6.0294 4.22031 0.663197 -0.00547112 -0.0120627 5.33159e-05 0.0688672 0.0411011 0.0859559 1 0 0 0 0 0 0 0
472 1 0.1 6.13294 4.35904 0.762681 -0.00662911 -0.00895227 3.52691e-05 -0.0681338 0.0310169 -0.03346 1 0 0 0 0 0 0 0
473 1 0.1 6.07233 5.05056 0.760862 -0.00120438 -0.000283932 -0.00402209 0.0494882 0.00689425 -0.000570059 1 0 0 0 0 0 0 0
474 1 0.1 6.24578 4.97951 0.691375 -0.00321796 0.00773477 -0.0210015 -0.0427564 0.180055 0.106004 1 0 0 0 0 0 0 0
475 1 0.1 6.51157 0.987034 0.762501 0.168762 -0.262664 -0.0250579 -2.78664 -2.10907 -0.220347 1 0 0 0 0 0 0 0
476 1 0.1 6.3553 1.16714 0.762625 0.0133099 -0.0644668 -0.0127585 -0.640384 -0.0719426 -0.328888 1 0 0 0 0 0 0 0
477 1 0.1 6.26451 1.5001 0.672533 0.00784951 -0.00642503 -0.0178827 0.0340621 0.0620524 0.133828 1 0 0 0 0 0 0 0
478 1 0.1 6.17273 1.65331 0.762503 0.00747883 -0.0124069 -0.00111399 0.0971985 0.0589891 -0.0898043 1 0 0 0 0 0 0 0
479 1 0.1 5.70542 2.3428 0.762657 0.00237909 -0.000409289 -0.000928628 0.0290029 -0.00874317 0.0102314 1 0 0 0 0 0 0 0
480 1 0.1 5.75659 2.98446 0.685821 0.163673 0.169157 -0.0149684 -0.255167 -1.0989 1.8848 1 0 0 0 0 0 0 0
481 1 0.1 5.60833 2.8698 0.762584 0.162414 0.0283882 0.00493546 0.183556 -1.49794 0.0759653 1 0 0 0 0 0 0 0
482 1 0.1 5.6462 2.53361 0.762612 0.0339713 0.00113194 0.00850053 0.10579 -0.158758 -0.308475 1 0 0 0 0 0 0 0
483 1 0.1 5.5061 2.4202 0.675506 0.0579961 0.0123614 -0.0801153 -0.483702 1.75138 1.24069 1 0 0 0 0 0 0 0
484 1 0.1 5.52163 2.68973 0.762724 0.11471 0.0548179 -0.00260583 -0.568719 0.377887 -0.611244 1 0 0 0 0 0 0 0
485 1 0.1 5.22092 2.9666 0.762756 0.0582788 0.0871515 0.00337598 0.906277 -0.677389 -0.0892553 1 0 0 0 0 0 0 0
486 1 0.1 5.09153 2.82497 0.707998 0.09077 0.0622626 -0.0259161 -0.220726 1.0164 0.72313 1 0 0 0 0 0 0 0
487 1 0.1 4.95849 2.98532 0.764785 0.0179063 0.0143549 0.00652261 0.18484 -0.199745 0.0419412 1 0 0 0 0 0 0 0
488 1 0.1 5.10671 3.14028 0.763043 -0.20676 0.0073477 -0.0278598 -0.0149285 2.04541 0.534672 1 0 0 0 0 0 0 0
489 1 0.1 5.24099 3.29281 0.762912 -0.00275185 -0.00253811 0.000105731 -0.0381727 0.0106135 -0.0100206 1 0 0 0 0 0 0 0
490 1 0.1 5.42989 3.19795 0.757947 -0.0626932 -0.0291771 0.075495 -1.12675 -0.716296 1.1883 1 0 0 0 0 0 0 0
491 1 0.1 5.41527 3.39513 0.728318 -0.0147936 -0.0447334 0.0179097 -0.737903 -1.90616 -0.507265 1 0 0 0 0 0 0 0
492 1 0.1 5.56139 3.52705 0.762683 0.026736 -0.0814156 -0.00428149 -0.463067 0.0270579 0.0218502 1 0 0 0 0 0 0 0
493 1 0.1 5.591 3.06906 0.762607 0.124064 0.0340659 0.00367193 0.0355038 -0.195913 0.937169 1 0 0 0 0 0 0 0
494 1 0.1 5.74763 3.59935 0.762478 0.0166688 -0.0411663 -0.00590902 -0.0714537 -0.209787 0.403687 1 0 0 0 0 0 0 0
495 1 0.1 5.89255 3.73705 0.762509 -0.00752577 -0.00990679 0.00230703 0.00916815 0.032346 -0.0115859 1 0 0 0 0 0 0 0
496 1 0.1 5.86058 3.66917 0.549386 0.0340065 -0.0112913 -0.000931278 -0.553712 1.17044 0.212403 1 0 0 0 0 0 0 0
497 1 0.1 6.16008 4.36226 0.519678 0.0171016 -0.007766 -0.0298517 0.0909047 0.144446 -0.0273642 1 0 0 0 0 0 0 0
498 1 0.1 6.14582 4.63534 0.761368 -0.0446665 0.0174098 0.0161349 0.0508241 -0.688661 -0.754214 1 0 0 0 0 0 0 0
499 1 0.1 6.31051 4.80417 0.762515 -0.00114603 0.0154921 -0.000183486 0.109271 -0.0107057 -0.243687 1 0 0 0 0 0 0 0
