500
0 1 0.1 6.14253 0.876267 0.147286 -0.0019167 0.00367046 0.000946177 0.0191604 0.0209787 -0.0249701 1 0 0 0 0 0 0 0
1 1 0.1 6.00091 1.01685 0.149835 -0.00160206 0.00215825 -0.004386 -0.103876 -0.032161 0.0387886 1 0 0 0 0 0 0 0
2 1 0.1 5.85991 1.15786 0.15102 -0.00567563 -0.00555326 -0.020407 -0.15985 0.0792934 0.0333493 1 0 0 0 0 0 0 0
3 1 0.1 5.57907 1.43885 0.152126 0.0237334 0.00684522 0.0051197 -0.0390289 0.0111314 0.015448 1 0 0 0 0 0 0 0
4 1 0.1 5.43972 1.57996 0.138881 0.015996 -0.00719472 -0.0515778 -0.594646 -0.187296 0.106724 1 0 0 0 0 0 0 0
5 1 0.1 5.29861 1.7198 0.137115 0.0106491 -0.0162778 0.00325592 1.02976 0.525006 -0.0269831 1 0 0 0 0 0 0 0
6 1 0.1 5.13472 1.89783 0.197851 0.0595471 -0.0575872 0.0825174 -0.968791 0.991937 1.20813 1 0 0 0 0 0 0 0
7 1 0.1 4.90427 2.11874 0.147906 0.00288654 -0.00288335 -0.00690819 -0.0699478 0.00884231 -0.0169408 1 0 0 0 0 0 0 0
8 1 0.1 4.71197 2.31117 0.149967 -0.000940691 0.00157894 0.000645548 -0.00290285 -0.0078669 0.000447826 1 0 0 0 0 0 0 0
9 1 0.1 4.57263 2.45381 0.164535 0.00303999 0.0033809 0.0218778 -0.162863 0.00354671 -0.198808 1 0 0 0 0 0 0 0
10 1 0.1 4.37423 2.64379 0.149926 -0.0094851 0.00739945 0.00488794 -0.0209967 -0.0660774 0.070633 1 0 0 0 0 0 0 0
11 1 0.1 4.23241 2.78468 0.15602 -0.00720375 0.00537118 -0.0127137 -0.0752018 0.0306784 -0.254191 1 0 0 0 0 0 0 0
12 1 0.1 4.23514 2.97943 0.13743 0.0186363 0.00307385 0.00343452 0.442082 -0.540401 0.188938 1 0 0 0 0 0 0 0
13 1 0.1 4.19334 3.17144 0.145321 -0.00903684 -0.00261393 0.0168629 -0.158121 -0.142068 0.104808 1 0 0 0 0 0 0 0
14 1 0.1 4.33322 3.31219 0.150685 -0.0204855 -0.0211211 -0.00260592 -0.01421 0.100249 -0.358393 1 0 0 0 0 0 0 0
15 1 0.1 4.47594 3.45212 0.145612 -0.0234419 -0.0161903 0.0084047 0.0619638 -0.137468 0.00707529 1 0 0 0 0 0 0 0
16 1 0.1 4.65658 3.63176 0.210675 -0.043775 -0.0496331 -0.0928735 -0.573325 1.58721 -0.893163 1 0 0 0 0 0 0 0
17 1 0.1 4.78955 3.76597 0.145032 -0.0221276 -0.0481081 -0.0556334 1.11682 -0.149964 -0.302283 1 0 0 0 0 0 0 0
18 1 0.1 4.94051 3.91796 0.137192 0.00090698 -0.00271251 0.00164889 0.0075839 -0.0162117 0.00135699 1 0 0 0 0 0 0 0
19 1 0.1 5.20746 4.18127 0.140024 0.000260745 -0.00591285 0.00655852 -0.0576211 -0.0189425 -0.00261959 1 0 0 0 0 0 0 0
20 1 0.1 5.36866 4.35266 0.147783 -0.00206742 -0.00530826 -0.00998898 0.103452 0.0470265 -0.0635016 1 0 0 0 0 0 0 0
21 1 0.1 5.50973 4.49434 0.14906 -0.00377107 -0.00557327 -0.00806093 0.0483532 0.0629504 -0.0625934 1 0 0 0 0 0 0 0
22 1 0.1 5.65119 4.63568 0.149983 -0.00369749 -0.00629236 -0.000652504 0.0216171 -0.00623734 -0.0723476 1 0 0 0 0 0 0 0
23 1 0.1 5.79395 4.77941 0.150201 -0.000158844 -1.28796e-05 0.000484934 -0.0104209 0.0036353 -0.00331485 1 0 0 0 0 0 0 0
24 1 0.1 6.07183 5.05414 0.150018 -0.00780268 -0.012379 0.000605912 0.000203122 -0.00668516 -0.150239 1 0 0 0 0 0 0 0
25 1 0.1 6.28341 0.734558 0.150096 -0.00105108 0.00236331 -0.000902074 -0.00462345 0.00625819 0.0125607 1 0 0 0 0 0 0 0
26 1 0.1 6.04728 1.22525 0.137402 -0.0356873 0.0472689 -0.00548442 -0.40627 -0.425894 0.581501 1 0 0 0 0 0 0 0
27 1 0.1 5.90802 1.36872 0.142465 -0.013463 0.104218 -0.017473 0.385999 0.10905 1.32352 1 0 0 0 0 0 0 0
28 1 0.1 5.72061 1.29972 0.139946 0.0124015 -0.00359309 -0.00964247 0.0870605 0.148706 -0.174863 1 0 0 0 0 0 0 0
29 1 0.1 5.60948 1.68563 0.137434 0.0228365 -0.0213216 -0.000769279 -0.00616434 -0.0192143 -0.050951 1 0 0 0 0 0 0 0
30 1 0.1 5.46247 1.79022 0.223371 0.0212183 -0.014311 -0.0137642 -0.509337 1.25427 0.932024 1 0 0 0 0 0 0 0
31 1 0.1 5.33278 1.91525 0.136625 0.00718368 -0.015676 0.00220893 0.0384921 0.0855314 -0.15732 1 0 0 0 0 0 0 0
32 1 0.1 5.20817 2.07101 0.135865 -0.00560772 -0.0346012 0.00373493 0.271215 -0.0191284 -0.274068 1 0 0 0 0 0 0 0
33 1 0.1 4.92779 2.31584 0.13564 -0.0516383 0.00153009 -0.0050142 0.0589379 -0.552282 0.618033 1 0 0 0 0 0 0 0
34 1 0.1 4.76268 2.50487 0.136044 0.0108354 -0.039467 0.00362709 0.484743 0.000828222 -0.674328 1 0 0 0 0 0 0 0
35 1 0.1 4.62125 2.64387 0.137069 0.0451196 -0.0147633 -0.0103773 -0.337889 -0.485328 -0.194718 1 0 0 0 0 0 0 0
36 1 0.1 4.5087 2.79286 0.199409 -0.0196313 -0.0655601 -0.0699002 0.644087 -0.603633 0.676873 1 0 0 0 0 0 0 0
37 1 0.1 4.43162 2.96207 0.136013 0.010165 -0.0202328 -0.00688247 0.257129 0.0779397 -0.888997 1 0 0 0 0 0 0 0
38 1 0.1 4.45352 3.15769 0.136746 0.0100966 -0.00870465 0.00293234 -0.0943125 -0.0689956 0.751937 1 0 0 0 0 0 0 0
39 1 0.1 4.58238 3.28592 0.210488 0.0365565 -0.0394022 -0.0166279 -0.414981 -0.30711 -0.717722 1 0 0 0 0 0 0 0
40 1 0.1 4.69832 3.44582 0.247624 0.0434282 0.0218819 -0.0481772 -0.839449 0.415162 0.670607 1 0 0 0 0 0 0 0
41 1 0.1 4.98489 3.66156 0.137184 -0.0406164 -0.0248645 0.00926315 -0.0318229 -0.00498418 -0.035571 1 0 0 0 0 0 0 0
42 1 0.1 5.13093 3.79664 0.152936 -0.0229735 -0.0220474 -0.0239724 -0.372612 0.0170331 -0.065513 1 0 0 0 0 0 0 0
43 1 0.1 5.20463 3.98158 0.137403 -0.00596312 -0.0138766 0.00166734 0.116627 -0.0521471 -0.062293 1 0 0 0 0 0 0 0
44 1 0.1 5.40515 4.15609 0.152524 0.00704924 -0.00267759 -0.0195682 -0.140448 0.32489 0.0414351 1 0 0 0 0 0 0 0
45 1 0.1 5.55751 4.28834 0.137206 -0.00305683 -0.00201227 -0.00323722 0.0273807 -0.00965623 0.019185 1 0 0 0 0 0 0 0
46 1 0.1 5.7015 4.4411 0.136246 -0.0102491 -0.010336 -0.00719859 0.115626 -0.101432 -0.011916 1 0 0 0 0 0 0 0
47 1 0.1 5.84582 4.58693 0.137384 0.00186123 0.00202321 0.000271695 0.0195906 -0.0151824 0.0305401 1 0 0 0 0 0 0 0
48 1 0.1 5.99639 4.77029 0.137271 0.0280923 0.0395375 -0.00337542 -0.380531 0.275632 0.0866961 1 0 0 0 0 0 0 0
49 1 0.1 6.24531 5.22223 0.151249 -0.00245226 -0.00128158 -0.00742187 0.0333897 0.0634032 -0.00182692 1 0 0 0 0 0 0 0
50 1 0.1 6.45467 0.567537 0.150002 -0.105097 0.0850728 0.00107803 -0.00367487 -0.0119206 0.776363 1 0 0 0 0 0 0 0
51 1 0.1 6.18922 1.08278 0.137435 -0.0214101 0.062541 -0.00279643 -0.490942 -0.173972 0.636205 1 0 0 0 0 0 0 0
52 1 0.1 6.05204 1.50725 0.138366 -0.130785 0.233063 0.00370345 0.0763331 0.0396068 0.409763 1 0 0 0 0 0 0 0
53 1 0.1 5.86198 1.57481 0.137408 -0.0147309 0.00313259 -0.000429735 -0.0315822 -0.145066 0.0106429 1 0 0 0 0 0 0 0
54 1 0.1 5.83923 1.79972 0.137107 0.0379049 -0.00498237 -0.00305459 -0.00204066 0.364024 -0.0198014 1 0 0 0 0 0 0 0
55 1 0.1 5.66428 1.9044 0.22244 0.0639961 0.0731214 0.0237572 -0.691739 0.103409 0.353545 1 0 0 0 0 0 0 0
56 1 0.1 5.51937 2.0119 0.137363 0.0258526 0.0104674 -0.000646402 -0.101379 0.237757 0.24743 1 0 0 0 0 0 0 0
57 1 0.1 5.38637 2.16063 0.137173 -0.0118408 -0.0193976 -0.00352287 0.0312318 -0.110968 -0.0698432 1 0 0 0 0 0 0 0
58 1 0.1 5.20138 2.24768 0.221038 -0.0357643 -0.0561694 0.043804 0.220357 -0.465363 0.387395 1 0 0 0 0 0 0 0
59 1 0.1 4.93232 2.4818 0.238725 -0.0346838 -0.0640731 0.0696093 0.836764 0.361813 -0.737779 1 0 0 0 0 0 0 0
60 1 0.1 4.84359 2.68416 0.171666 -0.474067 0.202537 -0.0554541 -1.60425 -1.43639 1.1375 1 0 0 0 0 0 0 0
61 1 0.1 4.70544 2.82523 0.139696 -0.466469 0.225652 -0.0472028 0.957559 2.23199 2.35357 1 0 0 0 0 0 0 0
62 1 0.1 4.8088 2.99548 0.158271 0.0356726 -0.0507807 -0.0954282 -0.533965 1.34235 0.46151 1 0 0 0 0 0 0 0
63 1 0.1 4.64801 3.11213 0.13734 -0.00562236 -0.0802064 0.000904181 0.274199 -0.0216542 -0.0629341 1 0 0 0 0 0 0 0
64 1 0.1 4.76495 3.29783 0.136281 0.0347619 -0.0283046 -0.00551641 0.271201 0.239151 0.624712 1 0 0 0 0 0 0 0
65 1 0.1 4.86563 3.50603 0.175922 0.0592835 -0.117313 -0.0112523 -1.91575 -1.22085 0.544741 1 0 0 0 0 0 0 0
66 1 0.1 5.26082 3.6356 0.135025 0.0217355 0.0253116 -0.00277747 -0.244488 0.140606 0.349992 1 0 0 0 0 0 0 0
67 1 0.1 5.40941 3.7864 0.136597 0.0023872 -0.00845562 0.00309016 0.0676664 0.00356236 0.102623 1 0 0 0 0 0 0 0
68 1 0.1 5.48244 3.97244 0.137465 0.00199249 -0.00818929 0.000935989 -0.202476 -0.0704466 -0.0785509 1 0 0 0 0 0 0 0
69 1 0.1 5.56221 4.14448 0.275536 0.0242996 -0.0310813 -0.0367282 -0.382399 -0.284754 0.310288 1 0 0 0 0 0 0 0
70 1 0.1 5.73199 4.23066 0.215621 0.00834065 0.0253418 -0.0250046 -0.0609226 -0.0961587 0.490162 1 0 0 0 0 0 0 0
71 1 0.1 5.8769 4.34275 0.13728 0.000846617 0.0291279 -0.00456364 -0.0769346 -0.187346 -0.269122 1 0 0 0 0 0 0 0
72 1 0.1 6.01745 4.48455 0.137442 0.00913461 0.0146935 -0.000963776 0.0340151 0.070284 0.114637 1 0 0 0 0 0 0 0
73 1 0.1 6.1943 4.89668 0.136124 0.0660502 0.0447415 0.00104915 -0.388234 0.653099 -0.041561 1 0 0 0 0 0 0 0
74 1 0.1 6.42017 5.39979 0.149212 0.028156 0.0338759 -0.00814501 0.142908 0.00625021 0.488095 1 0 0 0 0 0 0 0
75 1 0.1 6.48049 0.765441 0.137495 -0.00994592 0.0749406 0.000867349 -0.166141 -0.0525561 0.733181 1 0 0 0 0 0 0 0
76 1 0.1 6.33459 0.93029 0.137435 -0.0101537 0.0292119 0.000897933 -0.283165 -0.111212 0.286081 1 0 0 0 0 0 0 0
77 1 0.1 6.19173 1.36338 0.137493 -0.241865 0.270039 -0.00906187 -0.247962 -0.121675 2.4287 1 0 0 0 0 0 0 0
78 1 0.1 6.02089 1.70477 0.137616 -0.205939 0.22441 0.012848 0.0273963 0.00498973 -0.038669 1 0 0 0 0 0 0 0
79 1 0.1 5.9013 1.94418 0.31613 -0.00457308 0.0774124 0.0455871 -0.65605 0.22548 0.873214 1 0 0 0 0 0 0 0
80 1 0.1 5.83013 1.99897 0.137461 0.0296833 -0.00971951 0.00353771 0.0937272 0.221424 0.117475 1 0 0 0 0 0 0 0
81 1 0.1 5.68001 2.13068 0.13746 0.0382361 -0.000533699 -0.00063519 -0.0930673 -0.273296 -0.401818 1 0 0 0 0 0 0 0
82 1 0.1 5.53496 2.71957 0.136967 0.0727423 -0.0171991 -0.000538807 0.128386 0.924651 0.244359 1 0 0 0 0 0 0 0
83 1 0.1 5.48607 2.32703 0.182669 0.0133284 -0.0310591 -0.0323099 -0.127086 0.502182 -0.144193 1 0 0 0 0 0 0 0
84 1 0.1 5.10819 2.40202 0.136902 -0.0223031 -0.0629563 0.00765582 0.48867 -0.353316 -0.279518 1 0 0 0 0 0 0 0
85 1 0.1 5.08748 2.62886 0.136808 0.0469147 0.00824805 0.00646012 -0.0686161 0.525605 -0.332122 1 0 0 0 0 0 0 0
86 1 0.1 5.05657 2.85578 0.259141 0.118121 0.0221175 0.010798 -0.739956 0.596485 -0.0228512 1 0 0 0 0 0 0 0
87 1 0.1 5.00722 2.99894 0.135223 0.056769 -0.00352228 0.000679388 0.119879 0.513655 -0.215424 1 0 0 0 0 0 0 0
88 1 0.1 4.91784 3.17358 0.144952 0.0867902 0.0152017 -0.0255341 -0.612995 0.198273 0.00464355 1 0 0 0 0 0 0 0
89 1 0.1 4.98367 3.36119 0.132728 0.117916 0.000399154 -0.0123715 -0.0829963 0.965761 -1.68949 1 0 0 0 0 0 0 0
90 1 0.1 5.13727 3.4813 0.140702 0.124935 -0.0417491 0.0260966 -0.519592 -0.56654 0.856145 1 0 0 0 0 0 0 0
91 1 0.1 5.4768 3.59877 0.137311 0.0205351 0.00372535 -0.000846925 -0.00847853 -0.0388224 0.0638419 1 0 0 0 0 0 0 0
92 1 0.1 5.66763 3.65833 0.137436 0.0189543 0.0236256 -0.00116537 -0.397031 0.20693 -0.367142 1 0 0 0 0 0 0 0
93 1 0.1 5.66737 3.85804 0.133203 0.150454 0.0111387 0.00867214 -0.158664 1.66158 0.242348 1 0 0 0 0 0 0 0
94 1 0.1 5.66723 4.05572 0.135668 0.0394435 0.001485 -0.0134841 -0.15619 0.672252 0.842042 1 0 0 0 0 0 0 0
95 1 0.1 5.86171 4.10013 0.137431 0.0302752 0.0175538 0.00366526 -0.074586 -0.16766 -0.363824 1 0 0 0 0 0 0 0
96 1 0.1 6.02863 4.20964 0.137309 0.0320928 0.00871704 -0.000259208 -0.00584199 0.135837 0.280776 1 0 0 0 0 0 0 0
97 1 0.1 6.13094 4.62548 0.222053 -0.00041775 0.0236158 -0.00596903 -0.12786 -0.0891491 -0.00573307 1 0 0 0 0 0 0 0
98 1 0.1 6.33115 5.0422 0.13724 0.0866099 0.0371184 -0.00300506 -0.125153 0.279881 -0.0389338 1 0 0 0 0 0 0 0
99 1 0.1 6.45041 5.20255 0.138053 0.0844862 0.0417479 -0.0351185 0.101253 0.241061 0.0922625 1 0 0 0 0 0 0 0
100 1 0.1 6.53551 0.945939 0.20375 -0.184514 0.160797 -0.0818641 -0.186675 1.82793 1.23635 1 0 0 0 0 0 0 0
101 1 0.1 6.43006 1.106 0.1375 -0.321315 0.202564 0.000243985 0.065359 -0.427077 2.31272 1 0 0 0 0 0 0 0
102 1 0.1 6.30528 1.23034 0.234443 -0.524608 0.0345232 -0.0057576 -0.0486081 0.320848 0.00568817 1 0 0 0 0 0 0 0
103 1 0.1 5.86801 2.19292 0.166703 0.0726912 -0.0167494 -0.0390837 -0.525616 -0.0190888 -0.415646 1 0 0 0 0 0 0 0
104 1 0.1 5.63833 2.86929 0.322051 0.143775 0.0240158 0.0236201 -0.548648 0.269531 -0.101104 1 0 0 0 0 0 0 0
105 1 0.1 5.72193 2.32586 0.137025 0.0820352 -0.00676306 -0.0128997 0.0846845 0.779817 0.120914 1 0 0 0 0 0 0 0
106 1 0.1 5.65961 2.51512 0.191958 0.115563 0.0697215 -0.158208 1.05337 -1.08822 0.0883364 1 0 0 0 0 0 0 0
107 1 0.1 5.51619 3.0275 0.316881 0.142734 0.0227514 -0.0127254 -0.105353 -0.0110188 0.124877 1 0 0 0 0 0 0 0
108 1 0.1 5.39271 2.85897 0.137494 0.0718107 -0.0306092 0.000385339 0.0437665 -1.11144 -0.230404 1 0 0 0 0 0 0 0
109 1 0.1 5.46715 2.52087 0.13745 0.0412802 -0.0178183 0.00164524 0.032729 -0.0427467 -0.050868 1 0 0 0 0 0 0 0
110 1 0.1 5.28552 2.60413 0.134418 0.0407946 -0.0133043 -0.00530316 0.192864 0.380353 0.0406439 1 0 0 0 0 0 0 0
111 1 0.1 5.20628 2.78878 0.145478 0.0639105 -0.0117911 -0.0570192 0.0803121 0.533803 0.0845507 1 0 0 0 0 0 0 0
112 1 0.1 5.23311 2.98683 0.149383 0.0539981 -0.0115662 -0.0316196 0.176315 -0.360112 -0.0929461 1 0 0 0 0 0 0 0
113 1 0.1 5.12834 3.15659 0.137197 0.0693689 0.000127079 -0.00327101 0.1823 0.3109 0.121714 1 0 0 0 0 0 0 0
114 1 0.1 5.2208 3.31701 0.209905 0.127988 -0.0230976 0.027208 1.02825 -0.86317 -1.42446 1 0 0 0 0 0 0 0
115 1 0.1 5.35766 3.43902 0.136983 0.174045 -0.103024 -0.00237758 -2.72569 0.946764 3.95425 1 0 0 0 0 0 0 0
116 1 0.1 5.4155 3.25228 0.135146 0.29726 -0.0534522 0.00436968 0.670867 2.9165 -3.76897 1 0 0 0 0 0 0 0
117 1 0.1 5.55967 3.38122 0.182795 0.251067 0.00440114 0.010815 0.0196489 -2.54875 3.83602 1 0 0 0 0 0 0 0
118 1 0.1 5.86544 3.68717 0.13751 0.0199041 0.00943396 0.00938368 -0.0638491 -0.409009 0.194582 1 0 0 0 0 0 0 0
119 1 0.1 5.86275 3.9001 0.13751 0.146177 0.0176337 0.000493725 0.466171 -1.4507 -0.279742 1 0 0 0 0 0 0 0
120 1 0.1 5.75432 3.38172 0.137489 0.248608 0.121485 -0.000210721 -0.95144 2.65963 -2.42918 1 0 0 0 0 0 0 0
121 1 0.1 5.99351 3.78127 0.259664 0.248657 -0.227376 -0.047708 1.26433 2.02985 -0.671013 1 0 0 0 0 0 0 0
122 1 0.1 6.0558 4.34831 0.278668 -0.167363 0.00483253 0.0359547 -0.397969 -1.5935 -0.982001 1 0 0 0 0 0 0 0
123 1 0.1 6.28546 4.71882 0.137237 0.00283278 0.0107669 -0.00174421 -0.0162819 -0.0207036 -0.0651132 1 0 0 0 0 0 0 0
124 1 0.1 6.35738 4.87931 0.250432 0.0385228 0.0862548 0.0479916 0.199776 -1.15771 0.448484 1 0 0 0 0 0 0 0
125 1 0.1 6.05844 0.966021 0.355924 -0.0494904 0.0327148 -0.03316 -0.346523 0.145523 0.415431 1 0 0 0 0 0 0 0
126 1 0.1 5.88804 1.13572 0.347656 -0.0114844 -0.0253365 -0.0269992 0.302312 0.0774873 -0.267321 1 0 0 0 0 0 0 0
127 1 0.1 5.70609 1.31833 0.356368 -0.0129391 0.0198313 0.00190703 0.103796 0.0564221 0.237847 1 0 0 0 0 0 0 0
128 1 0.1 5.56234 1.46052 0.350199 0.00399757 -0.00518127 0.00351626 -0.053216 -0.0959457 0.0314371 1 0 0 0 0 0 0 0
129 1 0.1 5.4211 1.60196 0.349209 0.0086877 -0.00543755 -0.0107386 -0.0998581 0.0578031 -0.0956097 1 0 0 0 0 0 0 0
130 1 0.1 5.2263 1.7933 0.33969 0.0313533 -0.0802137 0.0916406 0.706664 -0.904792 -1.11867 1 0 0 0 0 0 0 0
131 1 0.1 5.02668 1.99494 0.33746 0.0113264 -0.00161259 -0.0186686 -0.150671 0.133394 -0.0890694 1 0 0 0 0 0 0 0
132 1 0.1 4.87344 2.1418 0.344861 1.7812e-05 0.0127336 -0.0172818 -0.212285 0.106592 0.399353 1 0 0 0 0 0 0 0
133 1 0.1 4.73636 2.28218 0.36973 0.000968711 -0.00178836 0.0105496 0.234274 0.0955283 0.362168 1 0 0 0 0 0 0 0
134 1 0.1 4.59266 2.42375 0.358182 -0.00675923 0.0123095 0.0216181 0.255697 -0.0140871 0.0204879 1 0 0 0 0 0 0 0
135 1 0.1 4.35922 2.6653 0.356447 0.0407984 -0.0247323 0.0840824 0.685988 -0.529809 -0.48478 1 0 0 0 0 0 0 0
136 1 0.1 4.19302 2.82939 0.346989 0.00845586 -0.0054907 -0.00102339 0.0920997 0.00847564 -0.155786 1 0 0 0 0 0 0 0
137 1 0.1 4.21815 3.02604 0.344666 -0.0312146 0.00558247 -0.000556195 0.0543596 0.155682 -0.04131 1 0 0 0 0 0 0 0
138 1 0.1 4.23627 3.22199 0.34823 -0.00692418 -0.00605453 -0.00179438 0.00293239 0.157336 -0.0128055 1 0 0 0 0 0 0 0
139 1 0.1 4.4261 3.40257 0.3498 -0.0672151 -0.073338 -0.00257908 0.299219 -0.24449 -0.930972 1 0 0 0 0 0 0 0
140 1 0.1 4.56982 3.54935 0.365143 0.0412543 0.075813 0.00265217 0.143844 0.221747 1.07579 1 0 0 0 0 0 0 0
141 1 0.1 4.74501 3.72199 0.366147 -0.0543066 -0.0349569 -0.0444351 -0.0969422 0.713231 -0.335831 1 0 0 0 0 0 0 0
142 1 0.1 4.93501 3.91166 0.336261 -0.0253266 -0.0158538 0.00498181 0.237981 -0.25894 -0.23158 1 0 0 0 0 0 0 0
143 1 0.1 5.0754 4.05426 0.35123 -0.171969 -0.257985 0.0582586 -0.206945 -0.594288 -3.23777 1 0 0 0 0 0 0 0
144 1 0.1 5.22655 4.21309 0.348052 -0.0136503 -0.0177873 -0.00504978 0.127529 0.28711 1.05072 1 0 0 0 0 0 0 0
145 1 0.1 5.37004 4.35582 0.347436 0.00303779 0.00290818 -0.0117978 0.126809 0.285864 0.0271384 1 0 0 0 0 0 0 0
146 1 0.1 5.51144 4.4966 0.34902 0.00215466 -0.000596763 -0.00848089 0.108497 -0.023894 0.00848283 1 0 0 0 0 0 0 0
147 1 0.1 5.65258 4.63799 0.350093 0.000580037 0.000166258 0.000439551 -0.00733061 0.00253823 0.00331368 1 0 0 0 0 0 0 0
148 1 0.1 5.79389 4.77932 0.35015 0.000442755 -7.9257e-05 -3.55196e-05 0.000970973 0.000522085 0.000287225 1 0 0 0 0 0 0 0
149 1 0.1 5.93528 4.92066 0.350015 0.000199892 0.000350391 -0.000297189 0.00048695 0.00332566 0.00311664 1 0 0 0 0 0 0 0
150 1 0.1 6.19953 0.824611 0.354088 -0.0593083 0.0684085 -0.0100679 -0.0568582 -0.0395457 -0.117355 1 0 0 0 0 0 0 0
151 1 0.1 5.90294 1.34966 0.341492 -0.00650138 -0.000536442 -0.0255888 0.131173 0.251811 -0.47348 1 0 0 0 0 0 0 0
152 1 0.1 5.75645 1.49963 0.289491 -0.0148456 0.0212777 0.00675575 0.0433603 0.304817 -0.363082 1 0 0 0 0 0 0 0
153 1 0.1 5.8039 1.69335 0.301545 0.071839 0.00113824 0.00482216 0.0406651 0.335917 -0.481701 1 0 0 0 0 0 0 0
154 1 0.1 5.61786 1.75138 0.341764 0.0581795 0.0126067 -0.0493007 1.40306 -1.14587 0.210768 1 0 0 0 0 0 0 0
155 1 0.1 5.41146 1.79047 0.414744 0.0622421 -0.0134286 0.00315126 0.221191 -0.839455 0.204767 1 0 0 0 0 0 0 0
156 1 0.1 5.21817 2.05987 0.399351 0.0135283 0.00685524 -0.00721075 -0.141833 -0.217447 -0.156735 1 0 0 0 0 0 0 0
157 1 0.1 5.05802 2.17746 0.411676 0.00590837 -0.00521185 -0.0027177 0.370826 0.178086 0.289139 1 0 0 0 0 0 0 0
158 1 0.1 4.92561 2.32484 0.398221 0.00473613 0.000320332 0.0589849 0.914347 -0.594681 -0.316123 1 0 0 0 0 0 0 0
159 1 0.1 4.74565 2.54949 0.329915 0.0595378 -0.0531727 0.0232524 -0.312196 0.181432 0.225934 1 0 0 0 0 0 0 0
160 1 0.1 4.56295 2.61889 0.370606 0.0677749 0.0230815 -0.0751236 -1.30387 -0.567054 -0.69062 1 0 0 0 0 0 0 0
161 1 0.1 4.46655 2.82978 0.388082 0.0897928 -0.042047 -0.071859 -1.56613 1.89855 1.00314 1 0 0 0 0 0 0 0
162 1 0.1 4.41115 3.01961 0.38595 -0.00167811 -0.0714392 -0.11523 1.08252 0.964657 -0.728714 1 0 0 0 0 0 0 0
163 1 0.1 4.44087 3.21489 0.417171 -0.0398861 -0.0739017 -0.0119861 -0.194139 0.231513 1.23905 1 0 0 0 0 0 0 0
164 1 0.1 4.62286 3.36673 0.4147 0.148541 0.0943531 0.00614914 1.05081 0.565947 1.16203 1 0 0 0 0 0 0 0
165 1 0.1 4.75814 3.52908 0.416734 0.0152118 -0.038919 -0.0026356 0.728137 0.460373 -0.964231 1 0 0 0 0 0 0 0
166 1 0.1 4.97927 3.71826 0.328492 -0.0273843 -0.0103335 0.0185296 0.0334384 0.105506 0.103365 1 0 0 0 0 0 0 0
167 1 0.1 5.12456 3.85279 0.344432 -0.0300264 0.00234851 -0.034102 0.172924 0.560527 0.393642 1 0 0 0 0 0 0 0
168 1 0.1 5.27821 4.03094 0.391297 0.00609377 -0.0126963 -0.0067829 0.026259 -0.784094 -0.594034 1 0 0 0 0 0 0 0
169 1 0.1 5.41635 4.16949 0.419906 0.0338943 -0.0414964 0.00770054 -0.794113 -0.264756 0.0231927 1 0 0 0 0 0 0 0
170 1 0.1 5.55591 4.30522 0.387398 -0.00131872 -0.0278296 -0.0822853 -0.0559314 0.817627 0.400627 1 0 0 0 0 0 0 0
171 1 0.1 5.70007 4.43209 0.333444 -0.00247075 -0.0134749 -0.0225244 -0.0477357 0.227979 -0.0764242 1 0 0 0 0 0 0 0
172 1 0.1 5.88679 4.50012 0.312775 -0.0217694 0.0493387 0.0296075 -0.188828 -0.876086 0.783201 1 0 0 0 0 0 0 0
173 1 0.1 5.97569 4.70064 0.32309 0.0443168 0.0923757 0.0103909 -0.168061 -0.0944664 -0.0987247 1 0 0 0 0 0 0 0
174 1 0.1 6.22317 5.20675 0.349596 0.0539914 0.038598 0.0140782 -0.0618997 -0.144662 0.682523 1 0 0 0 0 0 0 0
175 1 0.1 6.34069 0.68337 0.346759 -0.0571411 0.0836161 0.0754889 -0.0628694 -0.990837 0.543818 1 0 0 0 0 0 0 0
176 1 0.1 6.08809 1.16063 0.321914 -0.031129 0.0253083 -0.0197594 0.596987 0.561141 -0.693741 1 0 0 0 0 0 0 0
177 1 0.1 5.97926 1.59804 0.302163 0.0426471 -0.0676158 -0.0716832 0.191771 0.42941 -0.254312 1 0 0 0 0 0 0 0
178 1 0.1 5.93875 1.77827 0.422147 0.0562546 0.0526979 -0.00750023 -0.0249225 -0.0976802 1.21651 1 0 0 0 0 0 0 0
179 1 0.1 5.73066 1.90129 0.411046 0.00855365 0.0101729 0.0419254 0.610228 -0.28704 -0.0630817 1 0 0 0 0 0 0 0
180 1 0.1 5.53806 1.9393 0.373461 0.0194391 0.0193954 -0.00309833 0.579601 -0.424699 0.21977 1 0 0 0 0 0 0 0
181 1 0.1 5.38239 2.03253 0.290214 0.00793683 -0.00242588 0.000751103 -0.147822 0.224617 0.255754 1 0 0 0 0 0 0 0
182 1 0.1 5.29155 2.2458 0.398859 -0.10029 0.0558071 0.072219 -0.0890924 0.128232 2.18663 1 0 0 0 0 0 0 0
183 1 0.1 5.11267 2.36246 0.353181 0.00291177 -0.0051473 0.0368144 -1.33554 0.819011 -0.016494 1 0 0 0 0 0 0 0
184 1 0.1 4.99515 2.50728 0.422207 0.0459503 0.0121891 0.017257 -0.571421 0.539921 -0.687444 1 0 0 0 0 0 0 0
185 1 0.1 4.84018 2.72638 0.367113 0.096259 0.0287089 -0.00662003 0.247933 -0.766411 -0.0964819 1 0 0 0 0 0 0 0
186 1 0.1 4.65458 2.79156 0.340588 0.10129 -0.00915527 -0.128603 0.00164071 -0.655586 0.564091 1 0 0 0 0 0 0 0
187 1 0.1 4.57115 2.96533 0.279122 0.0449185 -0.104261 -0.0413685 -0.649364 -0.897866 -0.532926 1 0 0 0 0 0 0 0
188 1 0.1 4.63691 3.17694 0.366427 0.12387 0.10536 0.0141396 -1.59942 2.70266 -0.653013 1 0 0 0 0 0 0 0
189 1 0.1 4.81713 3.32912 0.386038 0.126814 0.0640446 -0.0857432 -0.0942712 0.165672 -0.891973 1 0 0 0 0 0 0 0
190 1 0.1 4.94772 3.51009 0.357896 0.0119442 -0.00143362 -0.00553431 0.737103 -0.0267672 0.148082 1 0 0 0 0 0 0 0
191 1 0.1 5.18527 3.6654 0.312493 0.0110738 0.0142337 -0.0121644 -0.0271485 -0.121485 0.452544 1 0 0 0 0 0 0 0
192 1 0.1 5.31422 3.86562 0.290786 -0.0303478 -0.0200771 -0.0102626 0.411701 -0.788271 -0.818042 1 0 0 0 0 0 0 0
193 1 0.1 5.49226 3.97034 0.339236 -0.00146353 0.0190331 0.0213037 -0.583844 -0.286552 -0.489213 1 0 0 0 0 0 0 0
194 1 0.1 5.64863 3.95948 0.469902 0.103728 0.10961 0.0816352 -1.62711 -0.809137 0.490756 1 0 0 0 0 0 0 0
195 1 0.1 5.73107 4.11652 0.379047 0.0542255 0.0620452 -0.018187 -0.255355 -0.15667 0.624567 1 0 0 0 0 0 0 0
196 1 0.1 5.85196 4.30445 0.357395 0.0092556 0.00543063 -0.0145828 0.421843 0.155394 -0.393857 1 0 0 0 0 0 0 0
197 1 0.1 5.99121 4.16411 0.328118 0.0016352 -0.00237253 -0.00806768 -0.115407 -0.730977 0.901907 1 0 0 0 0 0 0 0
198 1 0.1 6.13086 4.82533 0.308432 0.0864719 0.0538864 0.0154014 0.469575 -0.0928281 -0.581535 1 0 0 0 0 0 0 0
199 1 0.1 6.3645 5.34803 0.350085 0.0579033 0.0356172 -9.29329e-05 -0.00205728 0.0014581 0.00152502 1 0 0 0 0 0 0 0
200 1 0.1 6.39004 0.875532 0.321449 -0.0564073 0.0919583 0.0330115 -0.303436 -0.480966 0.116229 1 0 0 0 0 0 0 0
201 1 0.1 6.2474 1.01863 0.317605 -0.0646272 0.106896 0.0225795 0.366172 -0.697465 0.423249 1 0 0 0 0 0 0 0
202 1 0.1 6.0852 1.43019 0.324354 0.0314588 -0.0751114 -0.0754816 -0.54507 0.215122 0.0509347 1 0 0 0 0 0 0 0
203 1 0.1 5.84923 2.34187 0.299157 0.0967371 0.0233855 -0.0862986 0.0255387 1.1666 0.438809 1 0 0 0 0 0 0 0
204 1 0.1 5.7386 2.48345 0.387005 0.113694 -0.0121188 -0.00208293 -0.0400951 -0.462287 -0.278349 1 0 0 0 0 0 0 0
205 1 0.1 5.73948 2.08345 0.328967 -0.260739 0.0898702 0.184836 0.257966 -3.28825 -4.86779 1 0 0 0 0 0 0 0
206 1 0.1 5.5502 2.14068 0.29966 -0.162019 0.267007 -0.0991414 -0.798559 0.455951 2.91354 1 0 0 0 0 0 0 0
207 1 0.1 5.48578 2.26684 0.440732 -0.101857 0.192686 -0.00717997 0.965114 0.801836 -0.603765 1 0 0 0 0 0 0 0
208 1 0.1 5.26503 2.44475 0.25331 -0.038887 0.0188407 0.0108561 -0.15817 -0.829754 1.04206 1 0 0 0 0 0 0 0
209 1 0.1 5.2484 2.64303 0.320611 0.0790822 0.0228645 -0.00286583 -0.730589 0.152222 0.646616 1 0 0 0 0 0 0 0
210 1 0.1 5.23474 2.83474 0.346781 0.106234 0.0269013 0.046862 1.0877 1.49615 -0.703129 1 0 0 0 0 0 0 0
211 1 0.1 5.02382 2.66904 0.320302 0.109488 0.0222292 0.0337744 0.943406 -0.115657 -0.352389 1 0 0 0 0 0 0 0
212 1 0.1 4.77046 2.953 0.349633 0.0834488 0.0242313 -0.0677179 -0.284489 -0.824038 -0.226094 1 0 0 0 0 0 0 0
213 1 0.1 4.82486 3.14173 0.316524 0.0521895 0.0560337 -0.0803572 -0.352277 -1.04944 0.854936 1 0 0 0 0 0 0 0
214 1 0.1 5.03636 3.33755 0.319545 0.099192 0.0319702 0.00880283 -0.402511 -1.00162 0.604856 1 0 0 0 0 0 0 0
215 1 0.1 5.18453 3.46526 0.337203 0.112803 0.0234064 -0.0345964 -0.767394 0.378966 -0.955584 1 0 0 0 0 0 0 0
216 1 0.1 5.35969 3.54849 0.298248 0.122438 0.0199041 -0.0820615 1.40276 0.880779 -0.392421 1 0 0 0 0 0 0 0
217 1 0.1 5.40075 3.71561 0.385849 0.16164 0.0324285 -0.0867798 -0.582261 2.91128 2.07227 1 0 0 0 0 0 0 0
218 1 0.1 5.62248 3.81875 0.313984 0.355213 0.168696 0.105171 -1.36001 0.50907 -0.694356 1 0 0 0 0 0 0 0
219 1 0.1 5.81939 3.83775 0.339971 0.374264 -0.0751409 0.115796 0.487722 -0.714822 -1.88495 1 0 0 0 0 0 0 0
220 1 0.1 5.92675 3.69914 0.436029 0.170917 -0.255396 0.0834687 0.881093 -0.451445 -0.224461 1 0 0 0 0 0 0 0
221 1 0.1 5.97268 3.96576 0.343785 0.334916 -0.0255922 0.102178 -1.03636 0.429512 2.49358 1 0 0 0 0 0 0 0
222 1 0.1 5.85058 3.57017 0.303588 -0.0139824 -0.0758908 0.0109978 0.946466 1.67738 -1.3583 1 0 0 0 0 0 0 0
223 1 0.1 6.21312 5.01499 0.295794 0.116753 0.041958 0.00514507 0.160832 0.0537156 -0.0681085 1 0 0 0 0 0 0 0
224 1 0.1 6.39817 5.11785 0.311488 0.0629981 0.0882179 -0.015724 -0.46758 0.639367 -0.116519 1 0 0 0 0 0 0 0
225 1 0.1 6.52677 0.996434 0.403069 -0.18829 0.232312 0.050535 -0.882737 -0.813478 1.218 1 0 0 0 0 0 0 0
226 1 0.1 6.38555 1.14028 0.395676 -0.205577 0.244722 0.0535786 -0.494316 0.136149 1.50554 1 0 0 0 0 0 0 0
227 1 0.1 6.20601 1.29588 0.409679 0.050335 -0.0441046 -0.0486197 -0.223024 0.222293 -0.083508 1 0 0 0 0 0 0 0
228 1 0.1 5.83859 2.58524 0.137401 0.157491 0.0875917 -0.00256531 -0.0511981 -0.271859 -0.195679 1 0 0 0 0 0 0 0
229 1 0.1 5.43239 3.05405 0.137289 0.106136 -0.054289 -0.0054879 -0.129597 0.955766 -0.120273 1 0 0 0 0 0 0 0
230 1 0.1 5.64755 3.17052 0.469701 0.193432 -0.0153452 -0.0135472 -0.235613 -0.0342803 0.1135 1 0 0 0 0 0 0 0
231 1 0.1 5.65265 2.31468 0.323165 0.106811 0.00313892 -0.0309354 -0.182217 -0.624423 -0.210962 1 0 0 0 0 0 0 0
232 1 0.1 5.5199 2.46269 0.324691 0.157599 0.023312 -0.127038 -0.688044 1.62591 0.223956 1 0 0 0 0 0 0 0
233 1 0.1 5.62004 2.64389 0.399026 0.12035 -0.00285848 -0.0398077 -0.443311 0.48378 0.175679 1 0 0 0 0 0 0 0
234 1 0.1 5.44679 2.6459 0.299347 0.085041 -0.00051422 0.009964 0.235902 -0.38157 -1.10992 1 0 0 0 0 0 0 0
235 1 0.1 5.44047 2.84228 0.331162 0.151211 0.00239895 0.013649 -0.18581 -0.396936 0.299924 1 0 0 0 0 0 0 0
236 1 0.1 5.33259 2.99865 0.390403 0.165899 0.00449441 0.0280744 0.244646 0.480252 -0.291301 1 0 0 0 0 0 0 0
237 1 0.1 4.96202 2.99072 0.392832 0.0660563 -0.00928908 0.0371896 -1.03653 0.386564 1.96392 1 0 0 0 0 0 0 0
238 1 0.1 4.98322 3.18346 0.428452 -0.00385184 0.0167569 -0.00777223 0.643619 0.126464 -1.22349 1 0 0 0 0 0 0 0
239 1 0.1 5.23053 3.26413 0.402065 0.0445641 -0.0573363 0.0152908 0.101882 0.731653 1.19218 1 0 0 0 0 0 0 0
240 1 0.1 5.30731 3.14593 0.262509 0.231602 0.0357507 0.0425961 0.182352 -1.84789 0.676553 1 0 0 0 0 0 0 0
241 1 0.1 5.40799 3.17501 0.442155 0.13607 0.0199771 -0.00748693 -0.0907864 0.35683 0.642164 1 0 0 0 0 0 0 0
242 1 0.1 5.38867 3.34909 0.31293 0.118548 -0.0339487 0.0488996 0.226643 1.07349 1.19149 1 0 0 0 0 0 0 0
243 1 0.1 5.50056 3.4753 0.419975 0.0661527 0.0423887 0.0190423 0.284547 0.0656349 0.618633 1 0 0 0 0 0 0 0
244 1 0.1 5.65748 3.52265 0.283696 -0.0913873 0.167661 0.117616 -0.634755 -0.501608 -1.14797 1 0 0 0 0 0 0 0
245 1 0.1 5.64093 3.18555 0.137057 0.112401 -0.0165805 -0.000520247 0.165802 1.11773 -0.214868 1 0 0 0 0 0 0 0
246 1 0.1 5.70393 3.3393 0.349985 0.0595371 0.170007 -0.0320248 0.15519 1.38766 2.49449 1 0 0 0 0 0 0 0
247 1 0.1 6.05258 4.48591 0.42358 -0.00417012 0.0426687 -0.000379527 1.02997 1.31908 -0.158371 1 0 0 0 0 0 0 0
248 1 0.1 6.18114 4.63857 0.41462 -0.00540323 0.0397938 -0.0083165 -0.0150663 0.00701603 0.0700635 1 0 0 0 0 0 0 0
249 1 0.1 6.29212 4.8071 0.42512 0.0656531 0.0324864 0.0351757 -0.181148 -0.237589 0.518583 1 0 0 0 0 0 0 0
250 1 0.1 6.11861 0.911578 0.554393 -0.132606 -0.0840668 0.0197456 -0.0415553 -0.0490779 0.118413 1 0 0 0 0 0 0 0
251 1 0.1 5.89553 1.13552 0.547394 0.0280091 -0.0438818 -0.0294269 -0.157079 0.205975 -0.188988 1 0 0 0 0 0 0 0
252 1 0.1 5.75345 1.27384 0.566298 0.0325946 -0.0269557 -0.0113239 0.126534 0.0453654 0.0157892 1 0 0 0 0 0 0 0
253 1 0.1 5.5466 1.47708 0.54997 -0.0336026 0.0314385 -0.00267338 -0.139492 -0.107163 0.425254 1 0 0 0 0 0 0 0
254 1 0.1 5.35417 1.67264 0.565495 -0.0016948 0.00792806 -0.0016298 -0.0318946 -0.0312796 0.0651052 1 0 0 0 0 0 0 0
255 1 0.1 5.21333 1.81427 0.567962 -0.00620519 0.00959168 0.000769314 0.0874845 -0.00217349 0.160473 1 0 0 0 0 0 0 0
256 1 0.1 5.05164 1.97199 0.550187 0.019257 -0.0169024 0.00391724 0.112255 0.0579345 -0.27899 1 0 0 0 0 0 0 0
257 1 0.1 4.90224 2.12053 0.549971 0.0322147 -0.0312442 -0.0104167 0.0503665 0.200296 -0.399823 1 0 0 0 0 0 0 0
258 1 0.1 4.7636 2.26357 0.566389 0.0498257 -0.0491961 -0.00689929 -0.226209 -0.467513 0.983572 1 0 0 0 0 0 0 0
259 1 0.1 4.6211 2.40188 0.553868 0.0547128 -0.0368078 0.0136786 0.570529 0.643077 -0.824728 1 0 0 0 0 0 0 0
260 1 0.1 4.43 2.593 0.550019 -0.0240078 0.0290478 -0.000399019 0.0973434 0.0895337 0.355567 1 0 0 0 0 0 0 0
261 1 0.1 4.28739 2.73312 0.554351 -0.00973415 0.038468 0.0581168 0.312315 -0.346478 0.101795 1 0 0 0 0 0 0 0
262 1 0.1 4.24997 2.97951 0.553412 0.1691 0.0512959 0.0345158 -1.00745 0.817089 1.0459 1 0 0 0 0 0 0 0
263 1 0.1 4.19308 3.16988 0.546214 0.019837 0.0185375 -0.0356234 0.363566 0.299021 -0.487512 1 0 0 0 0 0 0 0
264 1 0.1 4.33506 3.31024 0.557546 0.0422317 0.0292819 -0.0111544 0.0572906 -0.0142551 0.324352 1 0 0 0 0 0 0 0
265 1 0.1 4.49175 3.46793 0.549998 -0.136952 -0.138927 0.000306433 -0.102873 0.0959086 -1.97795 1 0 0 0 0 0 0 0
266 1 0.1 4.72691 3.70563 0.565468 -0.0159307 -0.0106923 0.0171455 -0.143071 -0.186054 -0.078387 1 0 0 0 0 0 0 0
267 1 0.1 4.8675 3.84108 0.522919 -0.0211583 -0.0391254 -0.0232647 0.0240248 0.266953 -0.504018 1 0 0 0 0 0 0 0
268 1 0.1 5.01579 4.00225 0.550973 0.00317918 0.00176395 -0.0207037 0.245106 0.230381 0.16463 1 0 0 0 0 0 0 0
269 1 0.1 5.15995 4.13653 0.519967 0.00169291 0.00367212 0.0117342 -0.0780301 -0.245476 -0.147854 1 0 0 0 0 0 0 0
270 1 0.1 5.29633 4.27873 0.552998 0.000844888 0.00228993 0.00191235 -0.209222 0.102081 0.0969744 1 0 0 0 0 0 0 0
271 1 0.1 5.44211 4.41465 0.565767 -0.0518447 0.0552812 -0.0102869 0.0348023 -0.115949 -0.1531 1 0 0 0 0 0 0 0
272 1 0.1 5.57785 4.56009 0.548366 0.00540302 0.00649851 0.00241156 -0.00799914 -0.00711312 -0.00856753 1 0 0 0 0 0 0 0
273 1 0.1 5.72106 4.69817 0.567146 0.0059445 0.00767294 0.00231248 -0.00815304 -0.00274544 0.00621609 1 0 0 0 0 0 0 0
274 1 0.1 5.85937 4.84148 0.549996 0.00537047 0.00842249 0.00116925 -0.00727118 0.000607922 0.00758147 1 0 0 0 0 0 0 0
275 1 0.1 6.25669 0.767155 0.550513 -0.00516891 0.00807792 0.000852899 0.0133146 -0.0107872 0.0286863 1 0 0 0 0 0 0 0
276 1 0.1 5.98395 1.31493 0.544014 -0.044834 -0.0365265 -0.0170968 0.135558 -0.256869 -0.832024 1 0 0 0 0 0 0 0
277 1 0.1 5.83661 1.44478 0.50645 -0.0165654 0.0106711 0.0213255 0.417273 0.320724 0.409122 1 0 0 0 0 0 0 0
278 1 0.1 5.72913 1.60717 0.464394 -0.00177859 0.014013 -0.0227234 -0.116802 -1.26317 -0.0788596 1 0 0 0 0 0 0 0
279 1 0.1 5.54664 1.67339 0.511994 -0.0171302 0.0172057 -0.0736679 -0.188452 0.736575 -0.0256427 1 0 0 0 0 0 0 0
280 1 0.1 5.40415 1.874 0.593997 -0.0382694 -0.000730198 -0.00667364 -0.358896 -0.156957 -0.0331343 1 0 0 0 0 0 0 0
281 1 0.1 5.24974 2.00921 0.589513 -0.0224319 0.0200851 0.00261088 -0.0804047 -0.113606 -0.00530624 1 0 0 0 0 0 0 0
282 1 0.1 5.08965 2.15958 0.607465 -0.00100551 -0.0108226 0.000416924 -0.216487 -0.384627 0.402615 1 0 0 0 0 0 0 0
283 1 0.1 4.93771 2.35679 0.599325 0.00683873 -0.0247715 0.206473 -1.97222 -1.49025 0.245568 1 0 0 0 0 0 0 0
284 1 0.1 4.8026 2.46874 0.503583 0.0712745 -0.0899773 0.0197223 0.743598 -0.181876 -0.0689048 1 0 0 0 0 0 0 0
285 1 0.1 4.66097 2.59482 0.567287 0.169139 -0.0338521 0.217225 1.5504 0.380591 -0.253283 1 0 0 0 0 0 0 0
286 1 0.1 4.5904 2.77826 0.587304 0.0923864 0.00728545 0.105765 -2.60672 -0.0940877 1.03662 1 0 0 0 0 0 0 0
287 1 0.1 4.41763 2.87478 0.574992 0.152327 -0.0122693 -0.0347088 -1.54722 0.804646 -1.83756 1 0 0 0 0 0 0 0
288 1 0.1 4.40298 3.10353 0.58353 0.146349 0.113882 -0.0574933 0.706215 0.603507 -0.317552 1 0 0 0 0 0 0 0
289 1 0.1 4.52861 3.27662 0.595082 0.0110679 -0.0821208 0.110164 0.49827 -1.16775 -1.46847 1 0 0 0 0 0 0 0
290 1 0.1 4.70522 3.50259 0.604782 0.00883615 -0.0764461 -0.000932666 -0.217415 -0.695686 -0.369762 1 0 0 0 0 0 0 0
291 1 0.1 4.90003 3.64559 0.494324 -0.00679611 -0.0328022 0.027244 -0.199481 0.0410808 0.0686144 1 0 0 0 0 0 0 0
292 1 0.1 5.05746 3.79156 0.552178 -0.0229549 -0.0300598 -0.0197949 -1.0948 -0.02487 0.496528 1 0 0 0 0 0 0 0
293 1 0.1 5.1979 3.93221 0.545563 -0.0120686 -0.0532244 -0.0245867 0.25859 -0.346469 -0.866534 1 0 0 0 0 0 0 0
294 1 0.1 5.34765 4.08714 0.587254 0.00487083 0.0125193 0.0129774 0.374929 0.165279 -0.519632 1 0 0 0 0 0 0 0
295 1 0.1 5.50331 4.22613 0.590713 -0.0357492 0.0564106 0.00820631 -0.0262669 -0.433456 0.394422 1 0 0 0 0 0 0 0
296 1 0.1 5.64887 4.37139 0.544979 0.146362 0.0286501 -0.213863 -1.17907 0.665576 -1.18238 1 0 0 0 0 0 0 0
297 1 0.1 5.79984 4.48704 0.49516 0.180229 0.0117919 -0.155657 1.24525 -1.10775 0.796782 1 0 0 0 0 0 0 0
298 1 0.1 5.90637 4.65219 0.503225 0.0624218 0.0725917 0.011049 0.130313 0.15027 0.504733 1 0 0 0 0 0 0 0
299 1 0.1 6.16028 5.14013 0.554709 0.0749821 0.0451822 0.0181772 0.0356234 -0.391042 0.823812 1 0 0 0 0 0 0 0
300 1 0.1 6.39807 0.625744 0.549984 -0.00289477 0.00430559 0.000619413 0.00105898 -0.00286458 0.0172512 1 0 0 0 0 0 0 0
301 1 0.1 6.09002 1.10517 0.513881 0.029345 -0.052486 -0.03947 0.0144945 -0.0475345 0.2142 1 0 0 0 0 0 0 0
302 1 0.1 6.03921 1.54615 0.48571 -0.117717 -0.113125 -0.025024 -0.159216 -1.32364 -1.43381 1 0 0 0 0 0 0 0
303 1 0.1 5.88792 1.63432 0.58225 -0.0283625 -0.0100267 0.0208424 0.312119 0.734282 -0.224909 1 0 0 0 0 0 0 0
304 1 0.1 5.75457 1.78311 0.578105 -0.0258704 -0.00360534 0.0635822 -0.226922 -0.193022 0.159498 1 0 0 0 0 0 0 0
305 1 0.1 5.59853 1.90669 0.560957 -0.0332031 -0.0154175 0.00876116 -0.204827 -0.165515 -0.0384019 1 0 0 0 0 0 0 0
306 1 0.1 5.39705 2.09252 0.48236 -0.0488421 0.178391 0.0745321 -1.14219 -0.908349 1.44786 1 0 0 0 0 0 0 0
307 1 0.1 5.27172 2.24112 0.597277 -0.0435577 0.0736777 0.0708903 -0.324924 0.348909 0.327641 1 0 0 0 0 0 0 0
308 1 0.1 5.1999 2.50703 0.448268 0.100247 -0.0171926 -0.01848 1.14293 0.171663 -0.671654 1 0 0 0 0 0 0 0
309 1 0.1 5.07452 2.50782 0.600599 0.107773 -0.0244408 -0.0054008 0.343763 0.0692029 -0.832106 1 0 0 0 0 0 0 0
310 1 0.1 4.95662 2.66576 0.578059 0.169699 0.0396662 -0.038807 -0.64876 -0.168995 -0.0944351 1 0 0 0 0 0 0 0
311 1 0.1 4.78492 2.76229 0.555185 0.119017 0.0358002 0.00586579 -0.292685 1.20365 0.145131 1 0 0 0 0 0 0 0
312 1 0.1 4.57725 2.95406 0.495704 0.209172 -0.112145 -0.248579 1.35997 1.94479 0.291053 1 0 0 0 0 0 0 0
313 1 0.1 4.65341 3.12379 0.553991 0.0548586 -0.354885 -0.21283 5.63555 -3.90782 3.37973 1 0 0 0 0 0 0 0
314 1 0.1 4.73155 3.30572 0.583876 0.0273143 -0.12895 0.0185021 0.0912778 -0.759773 0.548576 1 0 0 0 0 0 0 0
315 1 0.1 4.9037 3.48198 0.60692 0.0175773 -0.025681 0.0295297 0.105302 -0.0181939 0.353039 1 0 0 0 0 0 0 0
316 1 0.1 5.08575 3.57484 0.495438 -0.00138729 -0.0243278 -0.124981 2.13609 0.844278 0.0355845 1 0 0 0 0 0 0 0
317 1 0.1 5.22845 3.70901 0.498015 -0.0222996 -0.0137639 -0.00291263 0.507122 -0.0570572 0.396883 1 0 0 0 0 0 0 0
318 1 0.1 5.37914 3.88766 0.479386 -0.00217364 -0.0239404 -0.0259966 0.841062 -0.220897 1.12789 1 0 0 0 0 0 0 0
319 1 0.1 5.50773 3.97047 0.610853 -0.01091 -0.0228032 -0.00392784 0.0285862 -0.310126 0.18832 1 0 0 0 0 0 0 0
320 1 0.1 5.67543 4.12541 0.577151 0.0101928 0.126366 0.0411079 1.13975 -0.103271 -0.051204 1 0 0 0 0 0 0 0
321 1 0.1 5.81713 4.26379 0.550004 0.122521 -0.000361231 0.00604265 -1.60936 -0.968498 0.519981 1 0 0 0 0 0 0 0
322 1 0.1 5.96246 4.41761 0.588162 0.0743712 -0.00832018 0.0187055 -0.301859 -0.291712 -0.0410852 1 0 0 0 0 0 0 0
323 1 0.1 6.05826 4.77885 0.486608 0.0512656 0.080592 0.0076533 -0.128895 -0.164297 -0.677869 1 0 0 0 0 0 0 0
324 1 0.1 6.30098 5.28198 0.550115 0.0701865 0.0480248 -0.000427199 -0.00478948 0.00236667 0.00253278 1 0 0 0 0 0 0 0
325 1 0.1 6.42712 0.866258 0.517635 -0.0612698 0.113718 0.0307592 0.718068 0.106083 1.09626 1 0 0 0 0 0 0 0
326 1 0.1 6.28755 1.01148 0.515993 -0.203711 0.0280754 -0.0100344 0.187912 0.297502 0.881885 1 0 0 0 0 0 0 0
327 1 0.1 6.17249 1.6625 0.583606 -0.179648 -0.068124 0.0432704 1.72403 0.755493 -1.74949 1 0 0 0 0 0 0 0
328 1 0.1 6.05204 1.82209 0.582196 -0.0404705 0.0422797 0.108561 -0.374192 -1.45915 -0.0197844 1 0 0 0 0 0 0 0
329 1 0.1 5.88757 1.92883 0.543312 -0.0400954 0.018036 0.00347877 0.0225505 0.427815 0.277377 1 0 0 0 0 0 0 0
330 1 0.1 5.73525 2.04917 0.590658 -0.0645241 0.0130022 -0.0163033 -0.423926 -0.393107 0.00274133 1 0 0 0 0 0 0 0
331 1 0.1 5.71829 2.21613 0.483348 -0.00384201 -0.0057207 -0.0183615 0.317677 -0.485987 -0.123277 1 0 0 0 0 0 0 0
332 1 0.1 5.61827 2.39394 0.519905 0.172455 -0.0976293 -0.00307308 0.181488 -0.930981 -2.35355 1 0 0 0 0 0 0 0
333 1 0.1 5.44723 2.49645 0.506103 0.284344 0.103915 -0.104719 -0.352923 -0.288648 0.0574655 1 0 0 0 0 0 0 0
334 1 0.1 5.31705 2.63292 0.570687 0.246934 0.0589229 -0.0771363 0.787168 0.269505 0.492759 1 0 0 0 0 0 0 0
335 1 0.1 5.14503 2.73079 0.587985 0.202729 -0.0243605 -0.0152806 0.326271 -0.177871 0.385124 1 0 0 0 0 0 0 0
336 1 0.1 5.03163 2.81511 0.449729 0.21187 0.0317428 0.0225465 0.737452 0.447213 -0.387166 1 0 0 0 0 0 0 0
337 1 0.1 4.87905 2.93712 0.569938 0.0688529 0.0422267 -0.0500524 0.758097 0.806968 0.432487 1 0 0 0 0 0 0 0
338 1 0.1 4.84694 3.13363 0.565593 0.0623363 0.03442 0.137265 0.738652 0.688565 -0.51716 1 0 0 0 0 0 0 0
339 1 0.1 4.95723 3.29088 0.591856 0.0750369 0.00271852 0.0331263 -0.294099 0.0259074 0.364745 1 0 0 0 0 0 0 0
340 1 0.1 5.10908 3.38086 0.50707 0.0183618 -0.004881 -0.0841573 -2.63261 0.12505 0.160481 1 0 0 0 0 0 0 0
341 1 0.1 5.30211 3.42797 0.491288 0.0385261 -0.0266809 -0.0174339 0.318695 -0.813426 -0.374926 1 0 0 0 0 0 0 0
342 1 0.1 5.41439 3.56561 0.576029 -0.00486034 -0.0414366 0.0312308 -0.130964 -0.0186789 0.39722 1 0 0 0 0 0 0 0
343 1 0.1 5.55005 3.78785 0.487299 0.0824299 0.127943 -0.00263951 1.92976 -3.20374 -0.043888 1 0 0 0 0 0 0 0
344 1 0.1 5.72364 3.80811 0.584303 0.0681424 -0.0365938 0.0500753 0.22961 2.34986 -0.841625 1 0 0 0 0 0 0 0
345 1 0.1 5.80818 3.61921 0.575772 0.110177 -0.219741 0.0488074 0.142873 0.20372 -1.92684 1 0 0 0 0 0 0 0
346 1 0.1 5.82176 3.98299 0.566644 0.0842168 0.090943 0.153074 0.460671 -0.119562 -1.39357 1 0 0 0 0 0 0 0
347 1 0.1 5.95645 4.1234 0.520772 0.136546 0.0106301 0.0260141 -0.0890505 2.39344 0.00141907 1 0 0 0 0 0 0 0
348 1 0.1 6.12951 4.9632 0.469094 0.134841 0.0408455 0.00480525 0.0717962 0.195517 -0.251685 1 0 0 0 0 0 0 0
349 1 0.1 6.3149 5.03757 0.474534 0.121935 0.0773203 0.0122633 0.334952 -0.133732 0.650589 1 0 0 0 0 0 0 0
350 1 0.1 6.46529 1.0821 0.57444 -0.239625 0.0917161 0.0259242 0.38526 -0.245986 -0.900263 1 0 0 0 0 0 0 0
351 1 0.1 6.25473 1.1989 0.577472 -0.0469285 0.0488774 0.0287936 -0.840451 -1.52267 0.385113 1 0 0 0 0 0 0 0
352 1 0.1 6.1659 1.41446 0.566833 -0.220696 -0.193514 0.0263861 -0.086848 0.862953 0.076546 1 0 0 0 0 0 0 0
353 1 0.1 6.09062 1.71241 0.759693 -0.126937 0.13222 -0.0273964 -0.787478 -0.301013 0.922758 1 0 0 0 0 0 0 0
354 1 0.1 5.71033 2.70601 0.231876 0.0963318 0.0372377 -0.0321361 0.493971 -0.526845 0.619451 1 0 0 0 0 0 0 0
355 1 0.1 5.58247 2.92204 0.137459 0.0893067 -0.0818188 0.00390784 -0.450071 0.128191 -0.095896 1 0 0 0 0 0 0 0
356 1 0.1 5.64956 2.63381 0.596461 0.174953 0.00710385 -0.0448852 0.37695 0.0518384 0.0424281 1 0 0 0 0 0 0 0
357 1 0.1 5.65999 2.82159 0.515018 0.25337 0.0526369 0.0240141 0.833038 -0.467727 -1.06171 1 0 0 0 0 0 0 0
358 1 0.1 5.3195 2.79267 0.762513 0.0584321 0.0186822 1.63369e-05 -0.27575 0.192098 0.504304 1 0 0 0 0 0 0 0
359 1 0.1 5.48241 2.73006 0.515506 0.204752 0.14029 -0.0553625 0.505239 0.241292 0.0553236 1 0 0 0 0 0 0 0
360 1 0.1 5.48043 2.93179 0.507198 0.200299 0.055954 0.0162242 -0.428031 -0.097267 0.256563 1 0 0 0 0 0 0 0
361 1 0.1 5.31694 2.83196 0.564418 0.209159 0.0510533 0.0271086 0.235564 0.124996 -0.11951 1 0 0 0 0 0 0 0
362 1 0.1 5.16706 2.95306 0.491474 0.188134 0.0391818 0.0660732 -0.580261 -0.237345 -0.0268271 1 0 0 0 0 0 0 0
363 1 0.1 5.0886 3.10864 0.578244 0.0249856 0.00784802 -0.0109484 -0.0868879 -0.339476 1.7838 1 0 0 0 0 0 0 0
364 1 0.1 5.32486 3.02973 0.586508 0.20966 0.0379119 0.0340335 -0.150765 -0.0803855 0.135712 1 0 0 0 0 0 0 0
365 1 0.1 5.25669 3.21533 0.5936 0.0713942 -0.023258 0.00562164 -0.0946905 -1.06153 1.37451 1 0 0 0 0 0 0 0
366 1 0.1 5.50893 3.1285 0.607185 0.161171 0.0521382 -0.0226876 0.0658793 -0.127854 -0.148618 1 0 0 0 0 0 0 0
367 1 0.1 5.43426 3.31222 0.583924 0.0490651 0.0147963 0.00250584 0.177457 0.113849 1.32897 1 0 0 0 0 0 0 0
368 1 0.1 5.61384 3.55493 0.567433 -0.00429547 -0.0272579 -0.0534719 -1.04373 -0.257203 -0.0482984 1 0 0 0 0 0 0 0
369 1 0.1 5.69224 3.66455 0.419754 0.159476 0.101002 0.12201 0.684137 0.487859 -2.464 1 0 0 0 0 0 0 0
370 1 0.1 5.62177 3.35879 0.531184 0.0857236 -0.0351425 0.00286518 0.502698 -0.672346 0.785335 1 0 0 0 0 0 0 0
371 1 0.1 5.54541 3.22538 0.307055 0.158475 0.0154576 0.0163411 -0.1255 -0.756606 -0.52291 1 0 0 0 0 0 0 0
372 1 0.1 6.0718 4.27891 0.470291 -0.0949543 0.0431846 0.00651255 0.289345 0.545159 0.531432 1 0 0 0 0 0 0 0
373 1 0.1 6.10355 4.58452 0.590312 0.0360235 0.0302405 0.00445737 -0.0648122 0.325007 0.367635 1 0 0 0 0 0 0 0
374 1 0.1 6.21785 4.76742 0.606449 0.0380715 0.0477941 0.0231112 -0.127481 -0.144325 -0.14774 1 0 0 0 0 0 0 0
375 1 0.1 6.12764 0.896926 0.754742 -0.000190345 0.0333424 0.0691847 0.954302 -0.154286 0.128294 1 0 0 0 0 0 0 0
376 1 0.1 5.85502 1.16484 0.749911 -0.00292479 0.00557484 0.000718403 0.0017783 -0.0074221 0.0636643 1 0 0 0 0 0 0 0
377 1 0.1 5.71583 1.3079 0.762525 -0.00502498 0.00303367 -0.000345169 0.0113246 0.0198156 0.0382753 1 0 0 0 0 0 0 0
378 1 0.1 5.57191 1.44994 0.754836 -0.00214553 0.0112036 0.0191543 0.107746 -0.164486 0.110438 1 0 0 0 0 0 0 0
379 1 0.1 5.42215 1.6004 0.749101 -0.0174033 0.016326 -0.000663991 -0.0453677 -0.034117 0.231922 1 0 0 0 0 0 0 0
380 1 0.1 5.26917 1.75473 0.750451 -0.0053987 0.00545813 6.46342e-05 -0.0108149 -0.0243423 0.0847463 1 0 0 0 0 0 0 0
381 1 0.1 5.12689 1.89693 0.749815 -0.00533815 0.00733508 0.00254067 -0.00152325 -0.0364972 0.0774993 1 0 0 0 0 0 0 0
382 1 0.1 4.98297 2.0407 0.749741 0.00908197 -0.0113384 0.0115139 0.109301 -0.0440934 -0.126923 1 0 0 0 0 0 0 0
383 1 0.1 4.78706 2.23962 0.762878 0.0169988 -0.0198308 0.000651768 -0.05282 -0.230421 -0.00640911 1 0 0 0 0 0 0 0
384 1 0.1 4.60114 2.41793 0.765537 -0.00278585 -0.00313027 0.00736083 -0.517727 0.224682 0.0991405 1 0 0 0 0 0 0 0
385 1 0.1 4.34504 2.67866 0.749962 -0.00165932 0.00239006 -0.000643073 -0.00876257 0.00026508 0.0117257 1 0 0 0 0 0 0 0
386 1 0.1 4.20371 2.81995 0.750137 -0.00403067 0.00195474 -0.00336225 -0.0275326 0.00235709 0.0323623 1 0 0 0 0 0 0 0
387 1 0.1 4.19209 3.01907 0.740483 -0.00780511 0.00234284 -0.00604926 0.0428731 0.00453547 0.112335 1 0 0 0 0 0 0 0
388 1 0.1 4.23262 3.21455 0.750113 0.00862474 0.00712772 0.000622676 -0.0212387 -0.00508558 0.155396 1 0 0 0 0 0 0 0
389 1 0.1 4.37698 3.35994 0.752309 0.00403114 0.00320281 0.00266841 -0.0634752 0.00311817 0.0931415 1 0 0 0 0 0 0 0
390 1 0.1 4.58978 3.57423 0.750745 -0.00816709 -0.0158235 -0.0241051 -0.099039 0.26711 -0.115195 1 0 0 0 0 0 0 0
391 1 0.1 4.80847 3.78856 0.727338 0.0129978 0.00807407 0.00395498 -0.34051 -0.128484 0.419629 1 0 0 0 0 0 0 0
392 1 0.1 4.94615 3.93116 0.750791 0.00795466 0.00376961 0.0040117 -0.0473963 -0.00636074 0.0546421 1 0 0 0 0 0 0 0
393 1 0.1 5.08704 4.0727 0.749706 0.00316149 0.00401716 -0.000818723 0.00903719 0.00048369 -0.0636635 1 0 0 0 0 0 0 0
394 1 0.1 5.23125 4.21586 0.750778 0.0154943 0.00826281 0.00934644 -0.106536 0.00505288 0.171674 1 0 0 0 0 0 0 0
395 1 0.1 5.37465 4.35442 0.744498 0.0174821 0.0076886 -0.00264988 -0.00271044 0.0513144 -0.180207 1 0 0 0 0 0 0 0
396 1 0.1 5.51334 4.49789 0.748383 0.0181325 0.00975493 -0.010605 0.0838753 0.150988 0.197203 1 0 0 0 0 0 0 0
397 1 0.1 5.65564 4.63691 0.761886 0.0113613 0.0110071 -0.00934704 0.0715479 0.0115401 -0.141307 1 0 0 0 0 0 0 0
398 1 0.1 5.79658 4.77839 0.763189 0.0101318 0.0109528 0.00345632 0.0205259 -0.100595 0.13026 1 0 0 0 0 0 0 0
399 1 0.1 5.93551 4.92098 0.749975 0.00992668 0.00659603 0.00563595 -0.0750447 0.0302579 -0.0105127 1 0 0 0 0 0 0 0
400 1 0.1 6.26872 0.755211 0.753002 -0.0220409 0.0114829 -0.0170131 -0.0695698 0.154741 0.150739 1 0 0 0 0 0 0 0
401 1 0.1 5.99789 1.0308 0.682921 0.00671492 0.0177579 0.0359321 -0.599501 -0.75295 0.296573 1 0 0 0 0 0 0 0
402 1 0.1 5.88173 1.39668 0.69519 0.00653637 -0.0214335 0.00844677 -0.00309059 -0.115322 -0.303439 1 0 0 0 0 0 0 0
403 1 0.1 5.72127 1.52756 0.647276 -0.0410464 0.0389716 -0.0155515 -0.21209 0.572027 0.334713 1 0 0 0 0 0 0 0
404 1 0.1 5.61489 1.65103 0.76267 -0.0245476 0.0366201 0.000399841 -0.0351935 -0.000526177 -0.0143505 1 0 0 0 0 0 0 0
405 1 0.1 5.47397 1.79289 0.76265 -0.0410212 0.018787 0.0018524 0.110841 0.133673 -0.0114429 1 0 0 0 0 0 0 0
406 1 0.1 5.33001 1.94469 0.763451 -0.0292786 0.0134193 -0.00254042 0.194941 0.294775 0.0533852 1 0 0 0 0 0 0 0
407 1 0.1 5.18958 2.08626 0.763259 -0.0159415 0.0141866 0.0042857 0.176984 0.186778 -0.0243225 1 0 0 0 0 0 0 0
408 1 0.1 4.98643 2.24012 0.758113 0.0177723 -0.0202388 0.0173689 -0.0671074 0.0790494 0.011225 1 0 0 0 0 0 0 0
409 1 0.1 4.77964 2.48453 0.70473 -0.223048 0.325962 -0.294093 -0.0236756 2.91618 3.09269 1 0 0 0 0 0 0 0
410 1 0.1 4.53016 2.60356 0.743045 -0.00807866 -0.0102816 -0.035868 0.0148468 0.378888 -0.145578 1 0 0 0 0 0 0 0
411 1 0.1 4.50241 2.81077 0.762845 0.0430511 0.0625768 0.0236033 0.503617 -0.0831148 0.57593 1 0 0 0 0 0 0 0
412 1 0.1 4.38179 2.96961 0.765485 -0.00543203 0.0256868 -0.0173455 0.379961 -0.12918 0.372567 1 0 0 0 0 0 0 0
413 1 0.1 4.45261 3.17552 0.762631 0.0989808 0.0382039 -0.00256689 0.446422 -1.00625 1.00412 1 0 0 0 0 0 0 0
414 1 0.1 4.57576 3.37544 0.762526 0.00188979 -0.014316 -0.00155521 -0.103448 0.011831 0.138171 1 0 0 0 0 0 0 0
415 1 0.1 4.78881 3.58412 0.763895 -0.0208555 -0.0370381 0.0024453 -0.325082 0.289583 -0.0340582 1 0 0 0 0 0 0 0
416 1 0.1 4.98534 3.70263 0.715631 0.0112852 0.0093619 0.0209836 0.271639 0.224737 -0.25409 1 0 0 0 0 0 0 0
417 1 0.1 5.14294 3.88201 0.761878 0.0104932 -0.000736121 0.00197855 -0.121153 0.186054 0.289234 1 0 0 0 0 0 0 0
418 1 0.1 5.28033 4.02387 0.763092 -0.00870122 -0.00136746 -0.000125396 0.227511 0.0220372 -0.439653 1 0 0 0 0 0 0 0
419 1 0.1 5.43371 4.15191 0.762606 -0.023107 0.0145999 -0.00118203 0.141539 0.22892 0.425828 1 0 0 0 0 0 0 0
420 1 0.1 5.58779 4.31419 0.765236 0.161415 0.0785049 0.0060504 -1.04974 0.22854 0.114702 1 0 0 0 0 0 0 0
421 1 0.1 5.72285 4.44435 0.709346 0.101029 0.0336668 -0.217365 0.419034 -1.06764 0.322278 1 0 0 0 0 0 0 0
422 1 0.1 5.84458 4.59812 0.69863 0.0706002 0.0524196 -0.0485739 0.697053 -0.283967 0.33678 1 0 0 0 0 0 0 0
423 1 0.1 5.9839 4.73542 0.665219 0.04789 0.083212 0.00228375 0.360337 0.0884769 0.352458 1 0 0 0 0 0 0 0
424 1 0.1 6.21721 5.20197 0.750103 0.00510177 0.00824146 9.11323e-05 -0.00380891 -0.0033089 0.00106686 1 0 0 0 0 0 0 0
425 1 0.1 6.41073 0.612117 0.75002 -0.0154773 0.0223957 -0.00287589 -0.0117922 0.0212997 0.272998 1 0 0 0 0 0 0 0
426 1 0.1 6.17209 1.09286 0.75848 -0.0670646 0.191142 0.143949 -0.651396 -0.818026 1.05429 1 0 0 0 0 0 0 0
427 1 0.1 6.0357 1.2496 0.740297 -0.0348176 0.0768681 -0.0131548 0.0646638 0.192397 0.711837 1 0 0 0 0 0 0 0
428 1 0.1 5.94743 1.57305 0.762671 0.0180242 -0.022935 0.00108319 -0.208518 -0.195896 0.0599778 1 0 0 0 0 0 0 0
429 1 0.1 5.80317 1.7182 0.762491 -0.026713 0.0420184 -0.00114198 -0.033846 -0.00388038 0.0720344 1 0 0 0 0 0 0 0
430 1 0.1 5.66209 1.85994 0.762514 -0.0429671 0.0236395 -0.000629522 0.104317 -0.029196 0.0737701 1 0 0 0 0 0 0 0
431 1 0.1 5.51892 1.99346 0.722174 -0.0410816 0.0202494 -0.00834417 0.0260844 -0.199819 -0.0142496 1 0 0 0 0 0 0 0
432 1 0.1 5.37985 2.13682 0.729152 -0.0190877 0.0409741 0.0341718 0.869573 -0.1212 -0.15773 1 0 0 0 0 0 0 0
433 1 0.1 5.28639 2.44021 0.608196 0.313944 0.060837 -0.0755031 -1.70302 1.85905 1.48157 1 0 0 0 0 0 0 0
434 1 0.1 5.09115 2.40969 0.765901 0.0295264 -0.0339783 -0.000817782 -0.295358 -0.385352 -0.176613 1 0 0 0 0 0 0 0
435 1 0.1 4.98008 2.58668 0.762277 -0.198508 -0.249817 -0.00517427 -0.364612 -0.372249 -3.57678 1 0 0 0 0 0 0 0
436 1 0.1 4.698 2.7709 0.755397 0.0772674 0.0565287 0.098005 1.24685 0.136986 -2.21817 1 0 0 0 0 0 0 0
437 1 0.1 4.55131 3.00893 0.67947 0.0683481 -0.0423143 0.0580584 0.219053 -3.00431 0.380925 1 0 0 0 0 0 0 0
438 1 0.1 4.6517 3.19059 0.762566 0.107056 0.0260954 -0.00077414 -0.200398 1.04643 -1.10295 1 0 0 0 0 0 0 0
439 1 0.1 4.77546 3.38441 0.762501 0.00106558 0.0102651 0.000443159 -0.0884475 -0.0468468 0.110474 1 0 0 0 0 0 0 0
440 1 0.1 5.02529 3.51644 0.760708 0.0187767 0.0156902 0.0133286 -0.2149 0.149744 0.196515 1 0 0 0 0 0 0 0
441 1 0.1 5.17763 3.68806 0.762885 0.0126665 0.0104065 0.00439031 0.11388 -0.151593 -0.0215121 1 0 0 0 0 0 0 0
442 1 0.1 5.30957 3.80533 0.646779 -0.0117431 -0.0135842 -0.00812739 -0.151428 0.621134 0.388203 1 0 0 0 0 0 0 0
443 1 0.1 5.45109 3.85756 0.765842 -0.0125488 -0.0400156 -0.00902635 0.584828 -0.581659 -0.434665 1 0 0 0 0 0 0 0
444 1 0.1 5.6097 4.05082 0.762634 -0.0273672 -0.00187732 -0.00180516 -0.02218 0.27054 0.143752 1 0 0 0 0 0 0 0
445 1 0.1 5.75469 4.20806 0.740621 0.0894894 -0.0288088 0.0594219 -0.129396 0.611429 -0.392669 1 0 0 0 0 0 0 0
446 1 0.1 5.89322 4.34983 0.762766 0.0414026 0.00294531 0.00650037 -0.0267793 -0.317447 0.604926 1 0 0 0 0 0 0 0
447 1 0.1 6.01906 4.53073 0.76325 0.0311162 0.0289882 0.00381686 0.340193 -0.242025 -0.763337 1 0 0 0 0 0 0 0
448 1 0.1 6.11934 4.84282 0.763203 0.0380054 0.0835049 0.0033555 -0.0698306 0.259184 -0.0196265 1 0 0 0 0 0 0 0
449 1 0.1 6.3586 5.34331 0.750027 0.00461331 0.00775433 -8.99473e-05 -0.000371432 0.00258861 0.00159114 1 0 0 0 0 0 0 0
450 1 0.1 6.45699 0.801212 0.704307 -0.0375657 0.0476435 0.00242319 0.0107259 -0.342582 0.288279 1 0 0 0 0 0 0 0
451 1 0.1 6.31337 0.951851 0.705305 -0.034782 0.0796191 -0.019047 0.317256 1.46747 0.00712172 1 0 0 0 0 0 0 0
452 1 0.1 6.25837 1.27386 0.762615 -0.199132 0.133291 -0.000934633 -0.00961047 0.00914262 1.14047e-05 1 0 0 0 0 0 0 0
453 1 0.1 6.12643 1.42632 0.762515 -0.250623 0.184653 -0.000333628 0.263299 0.152546 1.76097 1 0 0 0 0 0 0 0
454 1 0.1 5.98265 1.88004 0.761463 -0.128856 0.103893 -0.0482778 0.326851 0.626757 -0.682489 1 0 0 0 0 0 0 0
455 1 0.1 5.8153 1.98813 0.762724 -0.110792 0.107744 0.00784477 -0.184746 -0.0805393 0.483717 1 0 0 0 0 0 0 0
456 1 0.1 5.66563 2.12285 0.762658 -0.0541648 0.0269779 -0.00726023 0.275988 0.551274 0.0878204 1 0 0 0 0 0 0 0
457 1 0.1 5.56796 2.21952 0.616777 -0.198909 -0.195368 -0.0642136 0.55321 -0.980149 -0.0862437 1 0 0 0 0 0 0 0
458 1 0.1 5.33394 2.32947 0.765155 0.0912123 0.0817628 0.00843735 0.249672 -1.50851 -3.42975 1 0 0 0 0 0 0 0
459 1 0.1 5.37103 2.52337 0.76381 0.224995 0.0579226 -0.0113252 -0.118042 -2.23802 0.890838 1 0 0 0 0 0 0 0
460 1 0.1 5.1839 2.64578 0.763178 0.103891 -0.0241335 0.00180659 -0.229735 -1.03399 -0.190694 1 0 0 0 0 0 0 0
461 1 0.1 4.89766 2.76853 0.751554 0.0781936 -0.122083 -0.00857763 0.0975207 0.871304 0.447829 1 0 0 0 0 0 0 0
462 1 0.1 4.7326 3.00773 0.762673 -0.0483791 -0.0544385 0.0595441 -0.473906 0.790228 -0.692824 1 0 0 0 0 0 0 0
463 1 0.1 4.85155 3.19268 0.76167 0.107825 0.00688855 -0.0373864 0.237394 -0.67545 0.898754 1 0 0 0 0 0 0 0
464 1 0.1 5.04034 3.32175 0.765724 0.0325442 0.0232392 0.0189418 0.0648287 -0.276803 -0.0762451 1 0 0 0 0 0 0 0
465 1 0.1 5.19096 3.49244 0.651415 -0.0242104 -0.0141879 -0.0453199 0.41304 0.461997 -0.709182 1 0 0 0 0 0 0 0
466 1 0.1 5.36331 3.61668 0.761898 0.0131537 0.0114048 0.00115746 -0.826258 0.429036 0.224782 1 0 0 0 0 0 0 0
467 1 0.1 5.52338 3.70981 0.654876 -0.000741524 -0.00875139 -0.0729447 -0.489088 2.22977 0.427592 1 0 0 0 0 0 0 0
468 1 0.1 5.64292 3.80947 0.767263 -0.0188543 -0.0563534 0.00752326 -0.262388 -0.518593 -0.300511 1 0 0 0 0 0 0 0
469 1 0.1 5.79436 3.9396 0.761688 0.00213486 -0.0571106 -0.0231628 0.174127 -0.600483 -0.355891 1 0 0 0 0 0 0 0
470 1 0.1 5.91599 4.09216 0.718775 0.0565244 -0.0718831 0.0255716 -0.0152235 -0.0876674 -0.0975623 1 0 0 0 0 0 0 0
471 1 0.1 6.03146 4.2455 0.663093 0.018266 -0.0335425 0.0184227 0.250983 0.470769 0.534525 1 0 0 0 0 0 0 0
472 1 0.1 6.1457 4.37598 0.76252 -0.00110504 -0.00278289 0.000519727 -0.119023 -0.0254158 0.100267 1 0 0 0 0 0 0 0
473 1 0.1 6.08577 5.05197 0.762523 0.00817048 0.00732759 -0.000368334 -0.0018308 -0.00988306 0.0280174 1 0 0 0 0 0 0 0
474 1 0.1 6.31793 5.04687 0.674228 0.0518631 0.0305552 0.0155935 0.142948 -0.520008 0.344007 1 0 0 0 0 0 0 0
475 1 0.1 6.5215 0.981221 0.762521 -0.185878 0.10594 0.000238296 -0.0479756 0.309297 1.3367 1 0 0 0 0 0 0 0
476 1 0.1 6.41575 1.15078 0.755795 -0.239007 0.0782488 0.0141605 0.263773 -0.398005 -0.718044 1 0 0 0 0 0 0 0
477 1 0.1 6.33575 1.43377 0.670833 -0.190773 0.137903 0.0197284 0.102004 -1.15335 1.03495 1 0 0 0 0 0 0 0
478 1 0.1 6.24566 1.58684 0.762309 -0.176244 0.124349 0.00330152 0.104336 0.498651 -1.37546 1 0 0 0 0 0 0 0
479 1 0.1 5.7049 2.3474 0.694035 -0.273098 -0.103687 0.234339 -1.63553 -2.34877 -1.76856 1 0 0 0 0 0 0 0
480 1 0.1 5.67685 3.00868 0.583244 0.234344 0.0434164 0.0609798 -0.559302 -0.629503 0.8618 1 0 0 0 0 0 0 0
481 1 0.1 5.57181 2.85511 0.695877 0.103496 0.099274 -0.213539 1.82466 -0.403063 -0.440578 1 0 0 0 0 0 0 0
482 1 0.1 5.63683 2.52282 0.762512 -0.0993445 0.0841998 0.00143528 0.194762 -0.442262 0.703282 1 0 0 0 0 0 0 0
483 1 0.1 5.50343 2.39663 0.683506 0.104382 -0.0789592 -0.0603916 0.323527 1.49448 -0.27048 1 0 0 0 0 0 0 0
484 1 0.1 5.48842 2.67429 0.707438 0.169343 0.076783 -0.0749427 -3.38639 0.313029 1.16672 1 0 0 0 0 0 0 0
485 1 0.1 5.24627 2.97873 0.762731 0.111064 0.0392648 -0.00328599 0.391522 -1.09874 -0.581148 1 0 0 0 0 0 0 0
486 1 0.1 5.0736 2.86205 0.735521 -0.0178587 0.0372903 -0.111514 0.16427 0.447355 1.34196 1 0 0 0 0 0 0 0
487 1 0.1 4.93204 3.0024 0.751324 -0.0695302 -0.0350523 0.0213009 0.628387 -0.496259 0.945767 1 0 0 0 0 0 0 0
488 1 0.1 5.13241 3.14741 0.764472 -0.0139657 0.0185258 -0.00608467 0.161171 0.152337 -0.234394 1 0 0 0 0 0 0 0
489 1 0.1 5.23824 3.31564 0.762707 0.0403119 -0.0263415 0.00321257 0.89901 0.481013 -0.498272 1 0 0 0 0 0 0 0
490 1 0.1 5.42871 3.22585 0.763245 0.0517058 0.00995561 -0.000742604 -0.112023 -0.583809 -0.277283 1 0 0 0 0 0 0 0
491 1 0.1 5.40264 3.42313 0.751652 0.0251154 0.0158091 0.0206277 0.278968 0.784045 0.375657 1 0 0 0 0 0 0 0
492 1 0.1 5.55217 3.55291 0.764887 0.0276407 0.0262093 -0.00341105 -0.688143 -0.834101 -0.889961 1 0 0 0 0 0 0 0
493 1 0.1 5.59593 3.04137 0.763107 0.0850272 0.0261089 0.000124753 0.293829 -0.833599 0.197734 1 0 0 0 0 0 0 0
494 1 0.1 5.73854 3.62423 0.762792 0.0703245 -0.079543 0.0113877 -0.811578 -0.663389 -0.223507 1 0 0 0 0 0 0 0
495 1 0.1 5.88418 3.76103 0.762545 0.0381909 -0.0411777 0.00250157 -0.14766 -0.138843 0.693407 1 0 0 0 0 0 0 0
496 1 0.1 5.94843 3.82954 0.586073 -0.0697335 -0.066137 -0.0462277 -0.258735 1.2273 -0.358252 1 0 0 0 0 0 0 0
497 1 0.1 6.19586 4.41084 0.554836 -0.0691091 -0.0487637 0.115715 -0.20996 -2.21871 -1.96031 1 0 0 0 0 0 0 0
498 1 0.1 6.18029 4.64863 0.762845 0.0250048 0.031375 0.00403888 0.28932 -0.230429 0.193789 1 0 0 0 0 0 0 0
499 1 0.1 6.31767 4.86746 0.762508 0.0461201 0.0217314 -0.000411868 0.0930421 -0.0718798 -0.646077 1 0 0 0 0 0 0 0
