500
0 1 0.1 6.14209 0.876782 0.147555 -0.000353068 0.000849562 -0.00059693 0.00370792 -0.0212656 0.0219145 1 0 0 0 0 0 0 0
1 1 0.1 6.00048 1.01791 0.149151 -0.00171669 0.00179608 0.000469205 0.00566982 -0.00521132 0.00099907 1 0 0 0 0 0 0 0
2 1 0.1 5.85895 1.15909 0.149851 -0.00216466 0.00420068 -9.08726e-05 -0.0179938 0.00990826 -0.177682 1 0 0 0 0 0 0 0
3 1 0.1 5.57683 1.44321 0.155245 -0.00272145 0.00379234 -0.00106956 0.0165688 0.0241398 0.0358533 1 0 0 0 0 0 0 0
4 1 0.1 5.43672 1.58491 0.138663 -0.00402562 0.0042687 0.00287131 0.00110956 -0.0208233 0.0450089 1 0 0 0 0 0 0 0
5 1 0.1 5.29435 1.72526 0.143676 -0.00313644 0.00684551 -0.00192295 0.0790835 0.0831405 0.110816 1 0 0 0 0 0 0 0
6 1 0.1 5.1238 1.90788 0.211171 -0.00508104 0.00167268 -0.00123652 0.0138177 0.015928 0.0483381 1 0 0 0 0 0 0 0
7 1 0.1 4.90447 2.11993 0.145156 0.000355085 0.00130936 0.00149381 0.0138462 -0.00439139 -0.00100392 1 0 0 0 0 0 0 0
8 1 0.1 4.70895 2.31454 0.149997 -0.0161804 0.0187483 -0.000739745 -0.00279089 0.00900721 0.253617 1 0 0 0 0 0 0 0
9 1 0.1 4.57132 2.46232 0.174919 0.0181627 0.0580726 0.0251747 0.0555081 0.119101 -0.0227288 1 0 0 0 0 0 0 0
10 1 0.1 4.37949 2.63525 0.149984 0.000271257 -0.000438747 6.95292e-05 0.00086746 -7.2392e-05 -0.00662664 1 0 0 0 0 0 0 0
11 1 0.1 4.23808 2.77659 0.149941 0.000216086 -0.000348112 8.80562e-05 0.000923137 -0.000590995 -0.00707539 1 0 0 0 0 0 0 0
12 1 0.1 4.23756 2.97601 0.137532 0.000224496 -0.000205978 -3.5762e-05 -0.00215775 0.00994436 0.00343597 1 0 0 0 0 0 0 0
13 1 0.1 4.19257 3.17028 0.149977 -1.42571e-05 -6.30819e-05 1.91782e-06 0.000682851 1.86903e-05 -0.00409666 1 0 0 0 0 0 0 0
14 1 0.1 4.33448 3.31286 0.150688 -0.00303239 -0.00433169 -0.00524915 0.0420028 0.010464 -0.0743767 1 0 0 0 0 0 0 0
15 1 0.1 4.47633 3.45376 0.149725 -0.00557884 -0.00250264 0.0059317 -0.0196179 -0.0748228 -0.0490794 1 0 0 0 0 0 0 0
16 1 0.1 4.62286 3.59219 0.187375 -0.0117408 -0.00951241 0.0110536 -0.100277 0.053885 -0.18022 1 0 0 0 0 0 0 0
17 1 0.1 4.75711 3.73134 0.137446 -0.025604 -0.00337593 0.00100381 0.042212 0.0458227 0.205968 1 0 0 0 0 0 0 0
18 1 0.1 4.89591 3.8745 0.149496 -0.0348603 0.0143174 0.00349288 -0.0168362 -0.0324454 -0.0336776 1 0 0 0 0 0 0 0
19 1 0.1 5.17602 4.15506 0.149414 -0.00478431 -0.00361425 -0.000366763 0.015233 -0.00811247 -0.0538475 1 0 0 0 0 0 0 0
20 1 0.1 5.35801 4.33737 0.149897 -0.000428092 -0.0012905 0.000713429 -9.31584e-05 -0.00575808 -0.0186231 1 0 0 0 0 0 0 0
21 1 0.1 5.4995 4.47886 0.149956 -0.000252833 -0.000590566 -0.000501923 0.0105273 0.0013599 -0.0107472 1 0 0 0 0 0 0 0
22 1 0.1 5.64722 4.62953 0.1498 -0.0012397 -0.00305925 0.00208457 -0.0373204 0.00411369 -0.0558486 1 0 0 0 0 0 0 0
23 1 0.1 5.78866 4.77081 0.149962 -0.00120112 -0.00177789 2.94134e-05 0.00386528 -0.00294562 -0.0218839 1 0 0 0 0 0 0 0
24 1 0.1 6.05095 5.02736 0.149762 -0.0508969 -0.0539385 -0.000712051 0.234301 -0.219106 -0.674521 1 0 0 0 0 0 0 0
25 1 0.1 6.28308 0.73507 0.150022 -0.000408335 0.000720526 0.000142632 -0.00217985 0.000405655 0.00588264 1 0 0 0 0 0 0 0
26 1 0.1 6.04444 1.23127 0.137332 3.74797e-05 -0.00311947 -0.000200889 0.023418 -0.00386023 0.0815003 1 0 0 0 0 0 0 0
27 1 0.1 5.89843 1.38973 0.13916 -0.00374059 0.0060464 -0.00293798 0.0823685 0.054478 -0.0591185 1 0 0 0 0 0 0 0
28 1 0.1 5.71947 1.30136 0.139144 -0.00193647 0.00296945 -0.00321478 -0.0487 -0.0517015 0.09762 1 0 0 0 0 0 0 0
29 1 0.1 5.60595 1.69132 0.137497 -0.00829458 0.0110532 0.0035017 -0.00230995 -0.000451268 0.0273397 1 0 0 0 0 0 0 0
30 1 0.1 5.46255 1.81066 0.20942 -0.00479536 0.0178043 0.0022286 -0.274813 0.11677 -0.0355757 1 0 0 0 0 0 0 0
31 1 0.1 5.31504 1.9233 0.136686 -0.010038 0.00463878 -0.00159064 -0.0362721 -0.0602076 -0.0537405 1 0 0 0 0 0 0 0
32 1 0.1 5.16929 2.08753 0.137276 -0.0111843 0.00101091 0.00239608 -0.00391062 -0.104595 0.046681 1 0 0 0 0 0 0 0
33 1 0.1 4.9185 2.31898 0.137358 -0.00777856 0.00481974 0.000313632 -0.0369215 -0.0722893 0.0916492 1 0 0 0 0 0 0 0
34 1 0.1 4.75737 2.50795 0.135204 0.00152539 0.016823 -0.00359408 -0.0128555 -0.221405 -0.291565 1 0 0 0 0 0 0 0
35 1 0.1 4.61341 2.65071 0.135961 -0.00325481 0.0565241 -0.0153622 0.124739 -0.0907501 -0.171575 1 0 0 0 0 0 0 0
36 1 0.1 4.49841 2.80232 0.195648 -0.00787015 0.0178512 0.11154 -0.223508 0.84685 -0.165831 1 0 0 0 0 0 0 0
37 1 0.1 4.43813 2.97929 0.133621 -0.000949161 -0.0190419 -0.00889935 0.7189 -0.322398 -0.0370586 1 0 0 0 0 0 0 0
38 1 0.1 4.47452 3.1738 0.140881 -0.00535643 -0.0108191 -0.000571057 -0.033782 -0.151156 -0.0298344 1 0 0 0 0 0 0 0
39 1 0.1 4.57799 3.30076 0.25407 -0.00731115 -0.0116534 0.0131776 0.0168394 -0.0360171 -0.108176 1 0 0 0 0 0 0 0
40 1 0.1 4.71405 3.44323 0.283629 -0.00527045 -0.00519226 0.00969688 0.00441216 0.106978 0.152214 1 0 0 0 0 0 0 0
41 1 0.1 4.94169 3.65468 0.137378 -0.0164928 0.0124785 0.00407591 -0.0965028 -0.0981086 0.0705288 1 0 0 0 0 0 0 0
42 1 0.1 5.08027 3.79796 0.152116 -0.0638487 0.0485448 0.008601 0.0547639 -0.0238132 0.0879251 1 0 0 0 0 0 0 0
43 1 0.1 5.05223 3.9985 0.138692 -0.0227608 0.00644897 0.00176624 -0.0170195 0.0291129 -0.128792 1 0 0 0 0 0 0 0
44 1 0.1 5.37423 4.139 0.169568 -0.00803966 0.00814339 0.0465661 0.0134983 -0.46757 0.169409 1 0 0 0 0 0 0 0
45 1 0.1 5.54092 4.25791 0.137438 0.000491701 -0.00323934 -0.000234407 0.0170541 0.00969905 0.0075066 1 0 0 0 0 0 0 0
46 1 0.1 5.68238 4.39915 0.137493 -0.000108464 -5.87311e-05 -0.000134345 -0.00226243 -0.00106602 0.0172605 1 0 0 0 0 0 0 0
47 1 0.1 5.83938 4.57698 0.137322 0.000566381 -0.00172568 0.0020734 0.0243297 0.000391606 0.0959912 1 0 0 0 0 0 0 0
48 1 0.1 5.98661 4.7957 0.137497 -0.0112141 0.0796192 8.18174e-06 -0.266991 -0.0299399 0.85893 1 0 0 0 0 0 0 0
49 1 0.1 6.19655 5.17345 0.150248 -0.00915119 -0.0102378 -0.00285307 0.00395919 0.0355163 -0.138085 1 0 0 0 0 0 0 0
50 1 0.1 6.42449 0.593699 0.150009 -0.000470698 0.000763249 -2.99438e-05 -0.00118987 0.00229424 0.00135595 1 0 0 0 0 0 0 0
51 1 0.1 6.18674 1.09083 0.137389 0.00140085 -3.71028e-06 0.000216137 -0.0062686 0.0038074 -0.00853561 1 0 0 0 0 0 0 0
52 1 0.1 6.04676 1.52339 0.137264 0.00142294 0.00112516 0.00124531 -0.0796608 0.00441325 0.0046756 1 0 0 0 0 0 0 0
53 1 0.1 5.83644 1.59128 0.137314 -0.0587448 0.0653561 -0.00675343 -0.590293 -0.621234 -0.267313 1 0 0 0 0 0 0 0
54 1 0.1 5.764 1.81656 0.137268 -0.0130626 0.0124994 -0.000687774 -0.141823 -0.126951 0.159257 1 0 0 0 0 0 0 0
55 1 0.1 5.65338 1.95698 0.226547 -0.023107 0.0137141 -0.0265669 -0.00968706 -0.0843276 -0.124086 1 0 0 0 0 0 0 0
56 1 0.1 5.48674 2.02512 0.13965 -0.0242427 0.0110517 -0.019505 -0.0559105 0.191692 0.13674 1 0 0 0 0 0 0 0
57 1 0.1 5.35031 2.17184 0.137687 -0.0335063 0.0419573 -0.024907 -0.486628 0.176428 0.404061 1 0 0 0 0 0 0 0
58 1 0.1 5.14472 2.27174 0.210012 -0.014146 0.00709324 -0.0114101 -0.189629 0.0252208 -0.0279226 1 0 0 0 0 0 0 0
59 1 0.1 4.91704 2.482 0.252571 -0.00913093 0.00740581 9.06885e-05 0.0315867 -0.0219877 -0.103363 1 0 0 0 0 0 0 0
60 1 0.1 4.80029 2.69453 0.191986 -0.00285778 0.0120149 0.00830222 0.0567212 -0.126127 0.1686 1 0 0 0 0 0 0 0
61 1 0.1 4.68355 2.84716 0.137205 -0.0110073 -0.0117199 0.00184451 0.00449888 -0.0989288 0.0541924 1 0 0 0 0 0 0 0
62 1 0.1 4.82231 2.99018 0.150932 -3.06367e-05 -0.0106338 0.0125006 0.122832 0.028611 -0.0428146 1 0 0 0 0 0 0 0
63 1 0.1 4.66281 3.10933 0.145144 0.000295657 -0.0090414 0.0192003 0.0709817 -0.0651172 0.0397208 1 0 0 0 0 0 0 0
64 1 0.1 4.74026 3.29494 0.137478 -0.0197778 0.0144503 -0.00096094 -0.0826446 0.229736 0.471333 1 0 0 0 0 0 0 0
65 1 0.1 4.89189 3.47098 0.198373 -0.0110489 0.00781087 0.0029456 -0.0361379 -0.00521639 -0.0016379 1 0 0 0 0 0 0 0
66 1 0.1 5.19938 3.63843 0.137461 -0.169364 -0.0365682 -0.0025383 0.148371 -0.164694 -1.33454 1 0 0 0 0 0 0 0
67 1 0.1 5.37099 3.75369 0.137465 -0.213178 -0.133737 0.000135738 -0.03263 -0.0142363 -0.051026 1 0 0 0 0 0 0 0
68 1 0.1 5.42286 3.94671 0.144129 -0.403491 -0.0824101 -0.0232148 0.127515 0.689657 -0.805594 1 0 0 0 0 0 0 0
69 1 0.1 5.54799 4.12125 0.283033 0.0012088 -0.00932161 -0.00249644 0.0306276 -0.0067839 0.0147143 1 0 0 0 0 0 0 0
70 1 0.1 5.71388 4.2187 0.230128 0.000258009 -0.00523888 -0.00213035 0.0408092 0.0404567 -0.00534493 1 0 0 0 0 0 0 0
71 1 0.1 5.86311 4.31357 0.137403 -0.000579785 -0.00171686 -0.000799797 0.0133923 -0.00634793 0.00572137 1 0 0 0 0 0 0 0
72 1 0.1 6.0022 4.45686 0.137469 -0.000344518 -0.000498901 -7.59965e-05 0.000258073 0.00673206 0.00453492 1 0 0 0 0 0 0 0
73 1 0.1 6.17299 4.8695 0.137444 -0.0466286 -0.0498388 -0.00199223 0.162836 -0.269546 0.690457 1 0 0 0 0 0 0 0
74 1 0.1 6.4068 5.3834 0.150016 -0.013846 -0.0138614 0.000747656 -0.00473377 -0.00533491 -0.203841 1 0 0 0 0 0 0 0
75 1 0.1 6.47473 0.790599 0.137498 -0.000845149 0.000247944 -0.00024977 -0.00425411 0.00182976 -0.000855862 1 0 0 0 0 0 0 0
76 1 0.1 6.33374 0.93241 0.137441 0.000109082 0.00142515 6.02783e-05 -0.00825899 0.00810826 -0.00763177 1 0 0 0 0 0 0 0
77 1 0.1 6.18375 1.37445 0.137225 -0.00135225 -0.000984874 -0.000316312 -0.0531209 -0.0185865 -0.0153768 1 0 0 0 0 0 0 0
78 1 0.1 5.96057 1.78035 0.140677 -0.00363283 0.0746622 0.0277779 -0.252048 -0.0886792 0.460495 1 0 0 0 0 0 0 0
79 1 0.1 5.85852 2.06028 0.330955 -0.0127565 0.350619 0.0204234 -0.508819 -1.93951 3.75867 1 0 0 0 0 0 0 0
80 1 0.1 5.81797 2.02642 0.137372 -0.0117365 -2.33052e-05 -0.0033068 -0.0291182 -0.0708967 -0.017437 1 0 0 0 0 0 0 0
81 1 0.1 5.6223 2.17182 0.138051 -0.0321351 0.018779 -0.00663489 -0.0276319 -0.490507 -0.00549056 1 0 0 0 0 0 0 0
82 1 0.1 5.5204 2.7178 0.137446 -0.20205 0.131318 -0.00750362 -0.101875 0.36604 1.24987 1 0 0 0 0 0 0 0
83 1 0.1 5.45967 2.33568 0.171022 -0.109348 0.0875186 -0.0158329 0.0383808 -1.00073 0.366786 1 0 0 0 0 0 0 0
84 1 0.1 5.07602 2.44474 0.137371 -0.00822166 0.00501257 -6.54981e-05 0.0126484 -0.0333727 0.00919245 1 0 0 0 0 0 0 0
85 1 0.1 4.98206 2.63171 0.137407 0.000385879 0.00587825 0.00363261 -0.0269611 0.00572868 -0.000564632 1 0 0 0 0 0 0 0
86 1 0.1 5.10842 2.90598 0.30267 0.0386596 0.017264 -0.00643855 0.0261024 0.0772675 0.12879 1 0 0 0 0 0 0 0
87 1 0.1 5.02043 2.97456 0.137276 0.00906555 0.00507187 -0.000941191 -0.0170587 0.097203 0.167747 1 0 0 0 0 0 0 0
88 1 0.1 4.92468 3.16283 0.137299 -0.0159534 0.0378494 -0.000815281 -0.379301 -0.157392 0.0860012 1 0 0 0 0 0 0 0
89 1 0.1 5.02614 3.33715 0.136903 -0.00191215 0.0132248 0.00119077 -0.0928281 -0.0171221 -0.00694003 1 0 0 0 0 0 0 0
90 1 0.1 5.19847 3.43776 0.137442 -0.012596 0.0362739 0.000365196 -0.0130156 0.0301222 0.307327 1 0 0 0 0 0 0 0
91 1 0.1 5.47677 3.56951 0.137245 0.0258248 -0.0182123 0.000673624 0.196225 0.206662 0.237976 1 0 0 0 0 0 0 0
92 1 0.1 5.65093 3.67282 0.137226 -0.0749065 0.0130126 0.000783997 0.0045785 -0.0214876 -0.00480683 1 0 0 0 0 0 0 0
93 1 0.1 5.72703 3.8575 0.137076 0.00893719 -0.0201519 0.000246801 0.185482 0.0934616 -0.0270584 1 0 0 0 0 0 0 0
94 1 0.1 5.66265 4.04926 0.137073 0.00106888 -0.00436826 -0.00186713 0.058394 -0.0111755 -0.0407978 1 0 0 0 0 0 0 0
95 1 0.1 5.85607 4.09875 0.137902 0.00579675 -0.0171157 -0.00286841 0.0762724 0.0623504 -0.0996224 1 0 0 0 0 0 0 0
96 1 0.1 6.03385 4.18986 0.137344 0.00588979 -0.0170755 -0.0017751 0.15724 0.0590852 0.0968606 1 0 0 0 0 0 0 0
97 1 0.1 6.11704 4.60049 0.215435 0.00230358 -0.00266246 -0.00067919 0.0192349 0.0188001 -0.0213806 1 0 0 0 0 0 0 0
98 1 0.1 6.31485 5.01298 0.137426 -0.0137455 -0.0129931 -0.00285097 0.00428047 -0.0422957 0.075907 1 0 0 0 0 0 0 0
99 1 0.1 6.41821 5.18403 0.140663 -0.0284388 -0.0106062 0.00192196 -0.00170294 -0.0453969 0.0621586 1 0 0 0 0 0 0 0
100 1 0.1 6.51788 0.973079 0.207056 -0.00746172 -0.0114471 -0.0160563 0.0328254 0.268906 -0.155248 1 0 0 0 0 0 0 0
101 1 0.1 6.40191 1.12034 0.137443 -0.000906997 0.00128599 2.83571e-05 -0.0116509 -0.00966728 -0.00283011 1 0 0 0 0 0 0 0
102 1 0.1 6.27693 1.2341 0.244135 -0.000262803 0.00118765 0.00117303 0.0152078 0.0218041 -0.00201067 1 0 0 0 0 0 0 0
103 1 0.1 5.85796 2.22232 0.139696 -0.059388 0.00903078 0.0581765 0.335398 -0.309367 -0.388945 1 0 0 0 0 0 0 0
104 1 0.1 5.66713 2.88775 0.330939 -0.0154234 0.187719 -0.00515979 -0.310056 -2.56016 1.73624 1 0 0 0 0 0 0 0
105 1 0.1 5.70665 2.35294 0.137264 -0.0444194 0.0285546 0.00274587 -0.310475 -0.446693 0.147556 1 0 0 0 0 0 0 0
106 1 0.1 5.64118 2.53913 0.16941 -0.110794 0.0232964 -0.0713954 -0.894244 0.480637 -0.434002 1 0 0 0 0 0 0 0
107 1 0.1 5.52168 3.03736 0.316538 -0.0445236 -0.216522 0.0371804 -0.0980473 -1.75301 -0.185927 1 0 0 0 0 0 0 0
108 1 0.1 5.32715 2.80193 0.139364 -0.0348947 0.0340653 0.0132411 0.236015 -0.413693 -0.629245 1 0 0 0 0 0 0 0
109 1 0.1 5.44422 2.53187 0.13729 -0.1164 0.0668906 -0.00964265 -0.00196421 -0.00698313 -0.0397781 1 0 0 0 0 0 0 0
110 1 0.1 5.26201 2.61303 0.137006 -0.0994124 0.0575968 -0.00553282 -0.166521 -0.0670383 -0.0110056 1 0 0 0 0 0 0 0
111 1 0.1 5.10159 2.7919 0.138552 0.0158081 -8.19243e-05 0.00928399 -0.0517617 -0.216936 -0.145971 1 0 0 0 0 0 0 0
112 1 0.1 5.22007 2.97059 0.137458 -0.00352156 0.0493034 -0.000847679 -0.0786743 -0.101086 0.27522 1 0 0 0 0 0 0 0
113 1 0.1 5.12378 3.14578 0.137457 -0.0165319 0.0469968 0.00364239 -0.168785 0.162815 0.0126687 1 0 0 0 0 0 0 0
114 1 0.1 5.26206 3.25542 0.231382 -0.00150758 0.0488546 -0.00458924 0.40442 -0.0311569 0.0800531 1 0 0 0 0 0 0 0
115 1 0.1 5.39071 3.38392 0.137299 -0.0267727 -0.0225301 0.000546502 0.175379 -0.0120047 -0.977976 1 0 0 0 0 0 0 0
116 1 0.1 5.4374 3.1895 0.139057 -0.248602 -0.0781015 0.034213 -0.442088 -0.528677 -0.312218 1 0 0 0 0 0 0 0
117 1 0.1 5.5841 3.35641 0.178179 -0.0363491 -0.177771 -0.0386875 -0.0513428 0.418108 -0.561526 1 0 0 0 0 0 0 0
118 1 0.1 5.84892 3.69832 0.139876 -0.0538428 -0.0284109 -0.0608388 -0.136502 0.682087 -0.40314 1 0 0 0 0 0 0 0
119 1 0.1 5.91566 3.91155 0.175331 -0.0339655 0.00513762 0.170537 -0.598111 -2.02125 0.213472 1 0 0 0 0 0 0 0
120 1 0.1 5.76168 3.43863 0.137491 -0.0655761 -0.0957634 0.000218497 1.11884 -0.365328 1.23563 1 0 0 0 0 0 0 0
121 1 0.1 6.00821 3.65138 0.25088 -0.10749 -0.500053 -0.123432 0.800359 0.117664 -4.95259 1 0 0 0 0 0 0 0
122 1 0.1 6.03542 4.32401 0.285198 -0.0285881 -0.0172645 -0.00397645 -0.155649 0.139603 0.63816 1 0 0 0 0 0 0 0
123 1 0.1 6.27446 4.6957 0.137346 0.00254742 -0.00485225 -0.00210474 0.0143062 0.0271393 -0.0276423 1 0 0 0 0 0 0 0
124 1 0.1 6.34101 4.84835 0.247502 -0.00113403 -0.0059 -0.00619393 -0.00291156 -0.013442 0.0907902 1 0 0 0 0 0 0 0
125 1 0.1 6.05033 0.975096 0.355839 -0.00102811 0.000636497 0.00124866 0.0192277 0.00722216 0.0196457 1 0 0 0 0 0 0 0
126 1 0.1 5.85474 1.16526 0.349865 0.000189103 3.44619e-06 0.000795173 0.00379503 -0.00991003 -0.00459211 1 0 0 0 0 0 0 0
127 1 0.1 5.68006 1.34265 0.349886 -0.0807252 0.0755591 -0.0748904 -0.629291 0.43364 1.08513 1 0 0 0 0 0 0 0
128 1 0.1 5.53876 1.48417 0.350594 -0.0943414 0.0808208 -0.0169792 0.199133 0.29079 0.418288 1 0 0 0 0 0 0 0
129 1 0.1 5.39775 1.62543 0.348141 -0.102024 0.0765496 0.00162038 -0.121188 -0.0801602 -0.2855 1 0 0 0 0 0 0 0
130 1 0.1 5.21128 1.81633 0.365623 -0.00553742 0.00673346 -0.00117081 -0.0275225 -0.0463989 0.0250055 1 0 0 0 0 0 0 0
131 1 0.1 5.0079 2.01403 0.343097 -0.0127077 0.0108562 0.0149665 0.0632732 -0.135931 0.152492 1 0 0 0 0 0 0 0
132 1 0.1 4.86746 2.15615 0.338109 -0.00922621 0.00858346 -0.00186622 -0.106619 -0.0797899 -0.118652 1 0 0 0 0 0 0 0
133 1 0.1 4.72828 2.29547 0.3676 -0.00680054 0.00765672 -0.00314921 0.0566633 0.132376 0.176748 1 0 0 0 0 0 0 0
134 1 0.1 4.58456 2.43361 0.36505 -0.0119076 0.00381392 0.000719343 0.181958 -0.427123 0.166291 1 0 0 0 0 0 0 0
135 1 0.1 4.36884 2.6546 0.374221 -0.0134963 0.0220605 0.0583988 0.857574 -0.0634695 0.148609 1 0 0 0 0 0 0 0
136 1 0.1 4.19262 2.82964 0.350066 0.000486618 6.52192e-06 -0.000267474 -0.000814724 0.000192441 -0.00149513 1 0 0 0 0 0 0 0
137 1 0.1 4.19334 3.02931 0.346283 0.000505283 0.000691837 -0.000510705 -0.000463509 0.00462339 0.0111611 1 0 0 0 0 0 0 0
138 1 0.1 4.23836 3.22385 0.350036 0.000488727 0.000331935 -0.000512926 0.00355857 0.000185016 -0.00632737 1 0 0 0 0 0 0 0
139 1 0.1 4.41246 3.38594 0.340016 -0.0159421 -0.0138031 0.00103091 0.00950433 -0.0241122 -0.210888 1 0 0 0 0 0 0 0
140 1 0.1 4.58659 3.55841 0.385949 -0.00365184 -0.00566727 0.00670767 -0.0386694 -0.0430591 -0.0773875 1 0 0 0 0 0 0 0
141 1 0.1 4.72293 3.7027 0.349563 -0.0044617 0.00214226 0.00891999 -0.0140026 -0.0693042 -0.0248296 1 0 0 0 0 0 0 0
142 1 0.1 4.89693 3.87541 0.349405 0.00530143 -0.00280682 0.00091989 -0.0104452 0.0113821 0.014273 1 0 0 0 0 0 0 0
143 1 0.1 5.03832 4.01659 0.349914 0.00233117 0.00128686 -0.000209347 -0.00406682 9.08531e-05 0.033713 1 0 0 0 0 0 0 0
144 1 0.1 5.21726 4.19372 0.341195 -0.000688831 -0.00256438 -0.00086616 0.0108399 0.00879642 -0.0353343 1 0 0 0 0 0 0 0
145 1 0.1 5.36098 4.34008 0.354039 -0.00377005 -0.00583744 -0.00201448 -0.0158223 0.00443902 -0.0328358 1 0 0 0 0 0 0 0
146 1 0.1 5.50161 4.48202 0.34988 -0.00353065 -0.00821689 -0.000740179 0.0316346 0.0133251 -0.00659957 1 0 0 0 0 0 0 0
147 1 0.1 5.64293 4.62306 0.349903 -0.00328943 -0.00528071 0.00134181 0.0109475 -0.0118841 0.0254332 1 0 0 0 0 0 0 0
148 1 0.1 5.78413 4.76419 0.349786 -0.00209737 -0.00358532 7.98678e-05 -0.0135649 0.0288823 -0.00854102 1 0 0 0 0 0 0 0
149 1 0.1 5.92582 4.90494 0.347536 0.000496008 -0.00240886 -0.00175589 -0.00188661 -0.00127257 0.010055 1 0 0 0 0 0 0 0
150 1 0.1 6.19142 0.833478 0.353827 -0.000692863 0.00136758 0.000421635 0.00675413 0.00901128 0.0659107 1 0 0 0 0 0 0 0
151 1 0.1 5.88876 1.36175 0.336745 -0.00472343 0.00172497 -0.00182046 -0.0406312 -0.0610517 0.0569313 1 0 0 0 0 0 0 0
152 1 0.1 5.72378 1.52793 0.28943 -0.113049 0.095746 -0.0511902 1.09729 0.354982 -0.953304 1 0 0 0 0 0 0 0
153 1 0.1 5.81413 1.7348 0.312377 -0.0181202 -0.00305776 -0.00632305 0.242876 0.219391 -0.445825 1 0 0 0 0 0 0 0
154 1 0.1 5.62148 1.78505 0.32736 -0.00632064 0.0363995 0.0136647 0.0032857 -0.127803 0.00394796 1 0 0 0 0 0 0 0
155 1 0.1 5.4256 1.8146 0.405207 -0.00443189 0.0494864 -0.00134411 0.116836 -0.130059 -0.778063 1 0 0 0 0 0 0 0
156 1 0.1 5.19193 2.06886 0.397385 -0.01522 0.0152124 0.00146221 0.158299 0.333756 -0.0327876 1 0 0 0 0 0 0 0
157 1 0.1 5.04578 2.20282 0.414218 -0.0154727 0.0155008 0.000859425 -0.398375 -0.107081 0.0603375 1 0 0 0 0 0 0 0
158 1 0.1 4.91431 2.35292 0.411244 -0.00567373 0.0248884 -0.0183561 0.0608362 0.0744963 0.0327971 1 0 0 0 0 0 0 0
159 1 0.1 4.74673 2.55201 0.329723 -0.00849187 0.0184459 0.00356597 -0.177042 0.0648905 0.0973208 1 0 0 0 0 0 0 0
160 1 0.1 4.5644 2.63139 0.343579 -0.0176372 0.00828228 0.0145505 0.260799 0.0144655 0.0501589 1 0 0 0 0 0 0 0
161 1 0.1 4.46471 2.82312 0.388039 0.0106573 -0.00833229 0.0882533 -0.660036 -1.2825 -0.00467356 1 0 0 0 0 0 0 0
162 1 0.1 4.38421 3.00709 0.40129 -0.00282775 -0.0127269 0.00928161 -0.00771418 -0.0924301 -0.154888 1 0 0 0 0 0 0 0
163 1 0.1 4.42512 3.20213 0.417737 -0.00230945 -0.0116461 0.00546292 -0.011224 -0.0687848 -0.112935 1 0 0 0 0 0 0 0
164 1 0.1 4.61426 3.36765 0.438986 0.0065469 -0.00616099 0.012137 -0.037619 -0.0305735 -0.0719917 1 0 0 0 0 0 0 0
165 1 0.1 4.78123 3.53765 0.446134 0.000145395 -0.000215894 0.00431451 0.0366681 0.0787814 0.0426088 1 0 0 0 0 0 0 0
166 1 0.1 4.91259 3.64144 0.33463 -0.0144799 -0.00524302 0.00566757 0.280627 0.0781002 -0.107849 1 0 0 0 0 0 0 0
167 1 0.1 5.07507 3.78832 0.369822 0.0474485 0.0576203 0.162426 -0.0510078 -1.81253 0.894046 1 0 0 0 0 0 0 0
168 1 0.1 5.23461 3.99199 0.378626 0.00302087 0.060065 0.0408354 0.284759 -0.457489 0.609738 1 0 0 0 0 0 0 0
169 1 0.1 5.39592 4.13861 0.410702 0.000673276 -0.00877573 -0.00277048 -0.0222819 0.0238549 -0.042111 1 0 0 0 0 0 0 0
170 1 0.1 5.54195 4.27597 0.408913 -0.000811999 -0.00960948 -0.00484821 -0.0524053 -0.0349609 -0.0163726 1 0 0 0 0 0 0 0
171 1 0.1 5.68263 4.3991 0.338791 0.000176122 -0.0100811 -0.00309249 0.00771456 0.0138774 0.0174544 1 0 0 0 0 0 0 0
172 1 0.1 5.85804 4.49214 0.316995 -0.01661 0.000381922 0.0105026 -0.181152 -0.243065 0.252885 1 0 0 0 0 0 0 0
173 1 0.1 5.95429 4.66729 0.310289 -0.0706741 -0.106109 -0.0570536 -0.0543539 0.424448 -0.604959 1 0 0 0 0 0 0 0
174 1 0.1 6.20445 5.18108 0.355249 -0.102726 -0.10087 0.00787029 -0.086423 -0.021368 -0.0500643 1 0 0 0 0 0 0 0
175 1 0.1 6.3322 0.691556 0.349992 -0.000991508 0.00101404 0.000174464 0.00191765 -0.000855004 0.0137668 1 0 0 0 0 0 0 0
176 1 0.1 6.07079 1.17161 0.32589 -0.000240507 -0.000754752 0.000117323 -0.0356543 -0.0158163 -0.0239871 1 0 0 0 0 0 0 0
177 1 0.1 5.97179 1.61252 0.300474 -0.0308105 -0.0185925 -0.0181852 -0.273862 -0.053701 0.246798 1 0 0 0 0 0 0 0
178 1 0.1 5.93907 1.85309 0.414095 -0.121132 0.188255 -0.102983 -0.362721 1.21533 3.41708 1 0 0 0 0 0 0 0
179 1 0.1 5.72389 1.93454 0.412163 -0.0185892 0.0946304 -0.0177315 -0.357201 -0.0903928 1.46916 1 0 0 0 0 0 0 0
180 1 0.1 5.52778 1.98447 0.379127 -0.0132466 0.0445138 -0.0191547 0.01848 0.176549 -0.321369 1 0 0 0 0 0 0 0
181 1 0.1 5.35767 2.04101 0.291564 -0.025953 0.0318683 -0.0183434 -0.286529 -0.0672319 0.321099 1 0 0 0 0 0 0 0
182 1 0.1 5.25023 2.2601 0.399849 -0.0342328 0.0197304 -0.022997 -0.14616 0.0245278 -0.352003 1 0 0 0 0 0 0 0
183 1 0.1 5.10413 2.39161 0.364321 -0.0105748 0.0343574 -0.0292606 -0.067582 0.0571842 0.047813 1 0 0 0 0 0 0 0
184 1 0.1 4.98264 2.54717 0.429303 -0.0031495 0.00572587 -0.00199924 -0.0666816 0.055441 -0.0109335 1 0 0 0 0 0 0 0
185 1 0.1 4.84549 2.76616 0.372931 -0.0273747 0.0273087 0.0120651 -0.319859 -0.222625 -0.454843 1 0 0 0 0 0 0 0
186 1 0.1 4.65513 2.80895 0.332418 -0.0162417 0.015748 0.0391019 0.101802 0.378006 0.296772 1 0 0 0 0 0 0 0
187 1 0.1 4.55232 2.98718 0.292053 -0.0515709 -0.0518498 0.0157436 -0.138908 -0.0966719 0.0949452 1 0 0 0 0 0 0 0
188 1 0.1 4.61595 3.1522 0.385372 -0.013475 -0.0435747 -0.0269343 -0.19994 0.454735 -0.173371 1 0 0 0 0 0 0 0
189 1 0.1 4.80716 3.3204 0.41956 0.00875751 -0.00595507 0.0402151 -0.242687 -0.166447 0.0975021 1 0 0 0 0 0 0 0
190 1 0.1 4.95302 3.45314 0.387967 -0.00623762 0.00276884 0.0115129 -0.384331 -0.0131561 0.186743 1 0 0 0 0 0 0 0
191 1 0.1 5.1259 3.60199 0.319772 -0.0731206 0.0356694 0.0468464 0.181566 2.03175 -0.0394744 1 0 0 0 0 0 0 0
192 1 0.1 5.25615 3.81428 0.289456 0.0028152 0.0278915 0.0956515 -1.69581 2.58998 -0.451344 1 0 0 0 0 0 0 0
193 1 0.1 5.47189 3.94669 0.341698 0.0104027 -0.019092 -0.0126195 0.105284 0.0348516 0.0750735 1 0 0 0 0 0 0 0
194 1 0.1 5.64419 3.96266 0.481718 0.0084363 -0.0240134 -0.0159507 -0.308788 -0.170649 0.0213064 1 0 0 0 0 0 0 0
195 1 0.1 5.6932 4.14586 0.418544 -0.00507776 -0.019576 -0.0101257 0.157802 0.0052414 -0.0914037 1 0 0 0 0 0 0 0
196 1 0.1 5.84434 4.28524 0.366183 0.00482475 -0.015332 -0.00548017 0.0340427 0.0138605 -0.0436043 1 0 0 0 0 0 0 0
197 1 0.1 5.85766 4.06846 0.335521 -0.0275012 -0.0691919 -0.0114637 0.438653 -0.259976 -0.796914 1 0 0 0 0 0 0 0
198 1 0.1 6.09711 4.80705 0.311491 -0.0637646 -0.130209 -0.042474 0.272523 -0.357101 0.464263 1 0 0 0 0 0 0 0
199 1 0.1 6.34514 5.32303 0.349832 -0.128207 -0.0866394 -0.00739537 -0.0990253 0.0514591 0.276492 1 0 0 0 0 0 0 0
200 1 0.1 6.38103 0.890154 0.326936 -0.00149872 0.00197026 0.000581434 -0.0136997 -0.0116317 -0.0616802 1 0 0 0 0 0 0 0
201 1 0.1 6.23669 1.03946 0.323885 0.000792226 -0.00224086 0.000442207 0.00860091 0.0149273 -0.0577497 1 0 0 0 0 0 0 0
202 1 0.1 6.07165 1.44008 0.316957 -0.00362093 -0.000757582 0.00255541 0.119412 -0.113211 0.102496 1 0 0 0 0 0 0 0
203 1 0.1 5.83498 2.35835 0.302686 -0.113336 0.184781 0.103995 0.95986 -0.666296 0.212105 1 0 0 0 0 0 0 0
204 1 0.1 5.70219 2.50514 0.36241 -0.288172 0.120434 0.0294398 -0.393797 -2.39443 -0.106674 1 0 0 0 0 0 0 0
205 1 0.1 5.66875 2.12198 0.339683 -0.132494 0.099173 -0.0251778 0.820193 1.36262 -1.02448 1 0 0 0 0 0 0 0
206 1 0.1 5.48498 2.19366 0.30914 -0.157353 0.131999 0.0261883 -0.273084 -0.972079 0.85363 1 0 0 0 0 0 0 0
207 1 0.1 5.42682 2.33938 0.44958 -0.0531666 0.0458778 -0.00488053 -0.535242 -0.544457 0.466117 1 0 0 0 0 0 0 0
208 1 0.1 5.25587 2.44583 0.246245 -0.0316146 0.00571838 -0.0772619 0.215033 0.584161 -0.566914 1 0 0 0 0 0 0 0
209 1 0.1 5.22638 2.69128 0.316861 -0.089691 0.073071 -0.014825 -0.0023694 0.113135 0.0383261 1 0 0 0 0 0 0 0
210 1 0.1 5.28671 2.86935 0.383803 0.0613878 0.0311871 -0.0114506 -0.0044245 0.0229428 0.0840844 1 0 0 0 0 0 0 0
211 1 0.1 5.02748 2.70654 0.317216 -0.0666334 0.0285204 0.0151321 0.198494 0.242076 0.362452 1 0 0 0 0 0 0 0
212 1 0.1 4.74006 2.98518 0.37234 0.0123261 0.0131365 -0.00468483 -0.209724 0.362271 -0.0404761 1 0 0 0 0 0 0 0
213 1 0.1 4.82631 3.1542 0.310712 0.000618707 0.0165139 0.00435526 0.639844 0.329604 -0.0832238 1 0 0 0 0 0 0 0
214 1 0.1 5.08342 3.27799 0.318065 -0.000137965 0.0303033 0.00376166 -0.065935 0.0400857 0.0212873 1 0 0 0 0 0 0 0
215 1 0.1 5.21309 3.42545 0.352142 0.00219177 0.0400856 -0.0145661 -0.227231 -0.0323302 -0.0777018 1 0 0 0 0 0 0 0
216 1 0.1 5.39267 3.49593 0.302527 0.0236288 -0.0187511 -0.00154478 -0.193684 -0.266806 -0.351545 1 0 0 0 0 0 0 0
217 1 0.1 5.41495 3.68924 0.345535 0.0269941 -0.0210219 -0.00655845 0.108645 -0.0534086 0.210119 1 0 0 0 0 0 0 0
218 1 0.1 5.6969 3.84078 0.333219 0.0223232 -0.0429191 0.00102654 0.0517497 0.0379253 0.043604 1 0 0 0 0 0 0 0
219 1 0.1 5.86868 3.73993 0.364569 0.041445 -0.061877 -0.104134 0.39386 1.03928 -1.21907 1 0 0 0 0 0 0 0
220 1 0.1 5.94075 3.54021 0.433087 -0.0296676 -0.104583 -0.00645233 -0.978734 -0.353205 -1.63355 1 0 0 0 0 0 0 0
221 1 0.1 5.97372 3.90986 0.372093 0.00980932 -0.0438724 -0.00876716 0.616035 -1.22431 1.5953 1 0 0 0 0 0 0 0
222 1 0.1 5.80657 3.56429 0.286795 0.0476851 -0.0633179 -0.0745044 -1.08469 -0.264634 -1.22658 1 0 0 0 0 0 0 0
223 1 0.1 6.17568 4.99063 0.301567 -0.0908196 -0.114649 0.0181037 -0.0202808 -0.132446 -0.0711496 1 0 0 0 0 0 0 0
224 1 0.1 6.36127 5.0594 0.331462 -0.138842 -0.116678 0.0135766 -0.276048 1.50383 -1.34555 1 0 0 0 0 0 0 0
225 1 0.1 6.50416 1.02368 0.410373 0.00423155 -0.00302882 0.000165165 -0.0147906 -0.00612207 -0.0390073 1 0 0 0 0 0 0 0
226 1 0.1 6.36425 1.16653 0.410613 0.00343962 -0.00307465 -0.00168736 0.00654763 -0.0064597 0.0432602 1 0 0 0 0 0 0 0
227 1 0.1 6.19086 1.30839 0.408239 -0.00162911 -0.00122018 0.00151099 0.0232305 -0.0266778 0.0104005 1 0 0 0 0 0 0 0
228 1 0.1 5.83728 2.5609 0.137479 -0.100554 -0.0204102 -0.00133721 0.0980459 -1.26573 0.104305 1 0 0 0 0 0 0 0
229 1 0.1 5.44085 2.98958 0.137414 -0.140703 -0.07536 -0.000308945 0.768637 -1.37238 0.267086 1 0 0 0 0 0 0 0
230 1 0.1 5.77078 3.19372 0.439469 -0.0954849 0.0556501 0.0252741 -0.851122 -0.239876 1.77749 1 0 0 0 0 0 0 0
231 1 0.1 5.63988 2.31938 0.322268 -0.100535 0.0688015 -0.00266636 -0.517241 -0.334692 0.93253 1 0 0 0 0 0 0 0
232 1 0.1 5.50471 2.466 0.315792 -0.105575 0.0695046 -0.0125179 -0.0298558 0.748667 -0.897249 1 0 0 0 0 0 0 0
233 1 0.1 5.61786 2.6788 0.310381 -0.143856 0.126354 -0.171712 -0.528579 -0.797525 0.55207 1 0 0 0 0 0 0 0
234 1 0.1 5.42057 2.65003 0.29676 -0.120037 0.0550571 -0.00652768 0.135966 -0.156227 -0.194407 1 0 0 0 0 0 0 0
235 1 0.1 5.47305 2.84192 0.317167 0.0278056 0.0265958 -0.127676 -0.0408947 1.21054 -0.106801 1 0 0 0 0 0 0 0
236 1 0.1 5.40793 2.99388 0.48206 -0.0566132 0.0702557 0.098313 1.45001 -0.335366 1.62979 1 0 0 0 0 0 0 0
237 1 0.1 4.93394 2.94427 0.391441 0.0190932 0.0136616 -0.0176028 -0.0158416 -0.19133 -0.0544532 1 0 0 0 0 0 0 0
238 1 0.1 4.99501 3.13188 0.419845 0.0116004 0.0210406 -0.00144339 0.0830347 -0.109467 0.138697 1 0 0 0 0 0 0 0
239 1 0.1 5.19067 3.09405 0.429328 0.0451076 0.153839 0.0663615 0.631428 -0.750015 1.27211 1 0 0 0 0 0 0 0
240 1 0.1 5.32447 3.05075 0.287794 -0.0397586 0.0562354 0.0143534 -0.626154 1.57753 -2.71754 1 0 0 0 0 0 0 0
241 1 0.1 5.49171 3.17429 0.46435 -0.05929 0.0896275 0.146018 -0.559623 1.0796 -1.61018 1 0 0 0 0 0 0 0
242 1 0.1 5.4361 3.30136 0.318356 -0.0258925 -0.0253657 0.086413 -0.151668 -0.931894 -0.823228 1 0 0 0 0 0 0 0
243 1 0.1 5.56018 3.43905 0.446721 0.0534784 0.0616429 0.0522448 -1.2721 -0.383399 -1.2926 1 0 0 0 0 0 0 0
244 1 0.1 5.60732 3.5485 0.286956 0.0400802 -0.0264427 -0.00691034 0.315193 0.87524 0.847071 1 0 0 0 0 0 0 0
245 1 0.1 5.7079 3.18596 0.137482 -0.122073 -0.140926 0.00405345 1.32931 -0.576924 -0.419439 1 0 0 0 0 0 0 0
246 1 0.1 5.71857 3.38374 0.336388 -0.19235 -0.0310287 -0.300569 -0.520934 3.67077 1.06591 1 0 0 0 0 0 0 0
247 1 0.1 6.0297 4.47373 0.417244 -0.0108146 -0.0307184 0.0132787 0.384974 0.275375 -0.498438 1 0 0 0 0 0 0 0
248 1 0.1 6.15502 4.62923 0.40964 0.00977704 -0.0456135 0.00354997 -0.182014 -0.0513276 0.32205 1 0 0 0 0 0 0 0
249 1 0.1 6.27498 4.78915 0.42635 -0.0158214 -0.0386438 -0.0300191 0.306001 -0.247368 0.129176 1 0 0 0 0 0 0 0
250 1 0.1 6.10692 0.917566 0.554637 -0.00188947 0.00156939 0.000705014 0.0102929 -0.000787489 0.01679 1 0 0 0 0 0 0 0
251 1 0.1 5.87672 1.14219 0.550017 -0.00216804 0.0024992 0.0011806 0.00449746 -0.0155101 0.0323977 1 0 0 0 0 0 0 0
252 1 0.1 5.73685 1.28556 0.560824 -0.00249018 -4.87209e-05 -0.000770836 -0.00947473 0.00844187 0.0220677 1 0 0 0 0 0 0 0
253 1 0.1 5.5111 1.50363 0.550413 -0.00863439 0.0168432 -0.00292059 0.04676 0.041007 0.165812 1 0 0 0 0 0 0 0
254 1 0.1 5.34752 1.6814 0.569407 -0.00992402 0.0129147 0.0202379 0.0763233 -0.215658 0.159309 1 0 0 0 0 0 0 0
255 1 0.1 5.20549 1.82193 0.565213 -0.00862346 0.0136204 -0.0025227 -0.0369612 0.0191172 0.181159 1 0 0 0 0 0 0 0
256 1 0.1 5.04074 1.98213 0.547642 0.00261615 -0.000742822 -0.00748305 -0.00361374 0.123817 0.0189614 1 0 0 0 0 0 0 0
257 1 0.1 4.90005 2.1237 0.545249 0.00832395 0.00154447 -0.0136027 -0.241383 0.0329641 -0.102822 1 0 0 0 0 0 0 0
258 1 0.1 4.76057 2.26504 0.563151 0.00402886 -0.00475592 -0.00102448 0.0780271 0.213922 0.0994281 1 0 0 0 0 0 0 0
259 1 0.1 4.6208 2.4058 0.558792 0.0244277 0.0176251 -0.00188792 0.0881034 -0.135708 0.0280769 1 0 0 0 0 0 0 0
260 1 0.1 4.3937 2.63044 0.568937 0.0209814 -0.00905561 0.0356133 0.010476 0.148936 -0.0418571 1 0 0 0 0 0 0 0
261 1 0.1 4.24048 2.77601 0.554238 -0.000194859 -0.00150231 -0.0039189 -0.0382506 0.0129676 -0.00303105 1 0 0 0 0 0 0 0
262 1 0.1 4.1928 2.96996 0.548763 0.00054159 -0.00144212 -0.00554781 0.00338479 0.0512184 -0.00653386 1 0 0 0 0 0 0 0
263 1 0.1 4.19298 3.16965 0.547294 0.0024016 -0.00171556 -0.00503876 0.00837044 0.0503368 -0.00157707 1 0 0 0 0 0 0 0
264 1 0.1 4.33443 3.30946 0.559941 -1.64543e-05 0.00119509 -0.000868076 0.0675946 -0.0633524 0.0558442 1 0 0 0 0 0 0 0
265 1 0.1 4.47412 3.45153 0.552817 0.00222247 -0.00131232 0.00274877 0.0571606 -0.118752 0.0141866 1 0 0 0 0 0 0 0
266 1 0.1 4.70167 3.67314 0.569434 0.00249826 -0.00103597 0.00163303 0.00322815 -0.0350833 -0.0110222 1 0 0 0 0 0 0 0
267 1 0.1 4.83975 3.81042 0.529065 0.00330329 7.48688e-05 0.0052094 -0.0152408 -0.0390598 0.0153487 1 0 0 0 0 0 0 0
268 1 0.1 5.01472 3.99964 0.551817 0.00302468 -0.00503169 0.000454842 -0.0225308 -0.00195471 -0.0253702 1 0 0 0 0 0 0 0
269 1 0.1 5.15828 4.13504 0.522787 0.000569003 -0.00261207 -7.4877e-05 -0.0135238 -0.0177879 0.043421 1 0 0 0 0 0 0 0
270 1 0.1 5.29484 4.27795 0.549948 -0.000466964 -0.00125717 0.00195783 -0.0258162 -0.0117307 0.00246643 1 0 0 0 0 0 0 0
271 1 0.1 5.43783 4.41687 0.560862 -0.000733392 -0.000308305 0.000390611 -0.00372805 -0.0020924 0.00471095 1 0 0 0 0 0 0 0
272 1 0.1 5.57732 4.55927 0.548421 -0.000426553 -0.000610552 -0.000559447 -0.00717337 0.00810248 -0.00678968 1 0 0 0 0 0 0 0
273 1 0.1 5.71981 4.69873 0.560559 -1.4277e-05 -0.000135202 -0.00136637 0.00683175 0.00643684 0.0054247 1 0 0 0 0 0 0 0
274 1 0.1 5.85919 4.8413 0.55008 0.000152858 0.000112898 -0.00207092 0.00346459 0.0200074 0.0020709 1 0 0 0 0 0 0 0
275 1 0.1 6.24789 0.775872 0.551992 -0.00143644 0.00135161 -0.000213329 0.00183382 0.00293167 -0.0145784 1 0 0 0 0 0 0 0
276 1 0.1 5.9497 1.32637 0.524705 -0.00563166 0.00743331 -0.00100277 -0.0369212 -0.00984841 0.0197095 1 0 0 0 0 0 0 0
277 1 0.1 5.80488 1.45942 0.489475 -0.0148712 0.00144261 -0.00376386 -0.0152223 0.0356787 0.0896019 1 0 0 0 0 0 0 0
278 1 0.1 5.71824 1.63632 0.457148 -0.0202602 0.00369171 0.000296946 -0.00576528 0.0100591 -0.0882721 1 0 0 0 0 0 0 0
279 1 0.1 5.54019 1.69928 0.520968 -0.01828 0.0255218 0.00720702 -0.605355 0.314167 0.119035 1 0 0 0 0 0 0 0
280 1 0.1 5.39317 1.88382 0.588976 -0.00717227 0.026964 -0.0061285 0.318354 0.111765 -0.0622206 1 0 0 0 0 0 0 0
281 1 0.1 5.23344 2.01839 0.585513 0.000172647 0.0113837 -0.00465817 -0.0886064 -0.157335 0.0671379 1 0 0 0 0 0 0 0
282 1 0.1 5.08414 2.16846 0.607375 0.0117708 -0.00810002 -0.0114711 -0.277433 -0.157872 -0.177441 1 0 0 0 0 0 0 0
283 1 0.1 4.9224 2.369 0.617946 0.00539008 0.00613507 -0.00367869 0.162304 -0.0976883 -0.267371 1 0 0 0 0 0 0 0
284 1 0.1 4.79811 2.48167 0.509361 0.0171607 0.0280423 0.00637876 0.111333 0.143544 0.0931516 1 0 0 0 0 0 0 0
285 1 0.1 4.65833 2.59863 0.590282 0.00748515 0.0170417 0.00518244 0.00625538 -0.142607 0.0454063 1 0 0 0 0 0 0 0
286 1 0.1 4.58702 2.78388 0.587913 0.00527532 0.0136144 0.00552811 0.134969 -0.164359 -0.0235002 1 0 0 0 0 0 0 0
287 1 0.1 4.39744 2.8989 0.568956 -0.00124571 -0.00306707 0.0154195 0.0756747 -0.2311 -0.00626608 1 0 0 0 0 0 0 0
288 1 0.1 4.3754 3.09701 0.584593 0.00215035 -0.00154093 0.00321051 -0.164209 -0.064179 -0.0575985 1 0 0 0 0 0 0 0
289 1 0.1 4.51746 3.23866 0.596566 -0.00101447 0.00155285 0.00323315 0.0198155 0.000119035 0.0236844 1 0 0 0 0 0 0 0
290 1 0.1 4.67866 3.47919 0.607502 0.00765951 -0.00502698 0.0048873 -0.0600176 -0.0745766 0.0472838 1 0 0 0 0 0 0 0
291 1 0.1 4.89066 3.6131 0.595386 0.00189099 0.00177344 0.00347607 -0.000756971 -0.0282931 0.0308106 1 0 0 0 0 0 0 0
292 1 0.1 5.03067 3.76538 0.563412 -0.00226406 -0.00818659 0.0269657 -0.0140723 0.0470158 -0.0941646 1 0 0 0 0 0 0 0
293 1 0.1 5.1824 3.89288 0.544296 0.0111092 -0.0102196 0.00112477 -0.0669116 0.0539242 0.0218779 1 0 0 0 0 0 0 0
294 1 0.1 5.33125 4.05291 0.578897 0.00309835 -0.00300995 -0.00029374 -0.0142967 0.034594 -0.0430511 1 0 0 0 0 0 0 0
295 1 0.1 5.47779 4.20792 0.585283 -1.39706e-05 -0.00436729 -0.00347986 0.0162042 0.0804283 -0.0636651 1 0 0 0 0 0 0 0
296 1 0.1 5.64402 4.3185 0.581548 0.00180562 -0.00634226 -0.00820709 0.0387151 0.0254743 0.0296467 1 0 0 0 0 0 0 0
297 1 0.1 5.75374 4.47146 0.514699 -0.00142608 -0.000863981 -0.00363374 0.0471695 0.0081218 0.00481477 1 0 0 0 0 0 0 0
298 1 0.1 5.88893 4.61688 0.492304 0.000670911 -0.00148572 -0.000144565 -0.0293516 -0.0479289 -0.0261553 1 0 0 0 0 0 0 0
299 1 0.1 6.14265 5.11855 0.567285 -0.0214388 -0.0587077 0.0773827 -0.932217 -0.331993 -0.525738 1 0 0 0 0 0 0 0
300 1 0.1 6.38891 0.634143 0.549962 -0.00123937 0.00108184 0.000207726 -0.00502198 -0.00784552 0.0123063 1 0 0 0 0 0 0 0
301 1 0.1 6.07112 1.11045 0.516074 -0.00181913 0.00271041 0.00137301 -0.00377345 0.0149559 -0.0266494 1 0 0 0 0 0 0 0
302 1 0.1 6.00233 1.52959 0.48138 -0.0195564 -0.00570634 0.0018563 -0.111594 0.0229683 0.0461319 1 0 0 0 0 0 0 0
303 1 0.1 5.87252 1.64144 0.583702 -0.0200576 0.000317257 -2.99784e-05 -0.0375027 0.0530118 -0.0016721 1 0 0 0 0 0 0 0
304 1 0.1 5.74694 1.79641 0.573232 -0.01217 0.0114634 -0.0127393 -0.186956 -0.120432 -0.0635087 1 0 0 0 0 0 0 0
305 1 0.1 5.58717 1.91488 0.556612 -0.00582803 0.0211145 -0.0234618 0.0604297 0.0655122 -0.0553192 1 0 0 0 0 0 0 0
306 1 0.1 5.3684 2.11857 0.477197 -0.0230651 0.046766 -0.000749932 -0.0814197 -0.147103 0.607262 1 0 0 0 0 0 0 0
307 1 0.1 5.26425 2.2543 0.600511 0.0112479 -0.00783846 -0.00117983 0.0373857 -0.0687007 0.1988 1 0 0 0 0 0 0 0
308 1 0.1 5.21477 2.53783 0.443635 -0.0286416 0.0547422 -0.0331607 0.238949 0.297101 0.401347 1 0 0 0 0 0 0 0
309 1 0.1 5.08825 2.51773 0.596326 0.0031415 0.0120156 -0.00677681 -0.0146767 0.0532828 -0.00542151 1 0 0 0 0 0 0 0
310 1 0.1 4.96499 2.67421 0.582297 0.00455978 0.014122 -0.0120855 -0.0478038 -0.0474153 -0.0410311 1 0 0 0 0 0 0 0
311 1 0.1 4.78233 2.75254 0.562551 0.00281577 0.0199088 0.0209363 0.2843 0.150388 0.0608831 1 0 0 0 0 0 0 0
312 1 0.1 4.57777 2.95239 0.482755 0.0201938 0.0125638 0.00938071 -0.544851 1.03796 -0.426604 1 0 0 0 0 0 0 0
313 1 0.1 4.69262 3.08857 0.561156 0.0348522 0.000900299 -0.0347446 0.42771 -0.37827 0.312885 1 0 0 0 0 0 0 0
314 1 0.1 4.71194 3.28389 0.591808 -7.67655e-05 -0.00724499 0.0144167 0.00469326 -0.0893008 -0.101261 1 0 0 0 0 0 0 0
315 1 0.1 4.86575 3.41154 0.587644 0.0143836 -0.0318498 0.0620443 0.0736466 -0.44164 -0.29323 1 0 0 0 0 0 0 0
316 1 0.1 5.096 3.46524 0.527022 -0.0137204 0.0461235 0.0177659 0.0692614 -0.101373 0.0685562 1 0 0 0 0 0 0 0
317 1 0.1 5.18032 3.64547 0.507005 0.0726386 0.0426712 0.0295705 -0.0236306 -0.132307 0.949832 1 0 0 0 0 0 0 0
318 1 0.1 5.35548 3.83943 0.462601 0.0153222 -0.0217715 -0.00504201 -0.114482 0.0521397 -0.0580489 1 0 0 0 0 0 0 0
319 1 0.1 5.4827 3.92344 0.591848 0.00625306 -0.00545178 -0.00862245 -0.0732047 0.14719 0.0245399 1 0 0 0 0 0 0 0
320 1 0.1 5.64922 4.11069 0.615426 -0.00844771 -0.0232901 -0.0160225 0.300203 -0.138244 -0.0882818 1 0 0 0 0 0 0 0
321 1 0.1 5.82582 4.18816 0.562767 -0.121257 0.235895 -0.0127469 -0.756498 -0.0996108 3.15611 1 0 0 0 0 0 0 0
322 1 0.1 5.97451 4.40175 0.595125 -0.0880546 0.00854038 0.00581415 -0.106435 -0.225528 -1.96577 1 0 0 0 0 0 0 0
323 1 0.1 6.03502 4.76342 0.496433 -0.0349354 -0.0686051 -0.0218739 -0.157371 0.126032 -0.175789 1 0 0 0 0 0 0 0
324 1 0.1 6.28105 5.26183 0.55014 -0.0384746 -0.0494412 -0.0118146 -0.14086 0.135086 -0.0827964 1 0 0 0 0 0 0 0
325 1 0.1 6.41107 0.888218 0.524591 -0.000222352 0.000891047 6.06212e-05 0.0220747 0.00164186 0.0564347 1 0 0 0 0 0 0 0
326 1 0.1 6.26922 1.0291 0.520771 -0.00140204 0.000163148 0.00135305 -0.0478458 -0.0339554 -0.0229776 1 0 0 0 0 0 0 0
327 1 0.1 6.09469 1.68163 0.572615 -0.258941 0.178734 -0.0624446 -1.20567 -0.794265 2.64193 1 0 0 0 0 0 0 0
328 1 0.1 6.04608 1.87539 0.581505 -0.150035 0.2075 -0.0871919 2.84625 0.748946 -0.258331 1 0 0 0 0 0 0 0
329 1 0.1 5.86112 1.96029 0.563746 -0.0868813 0.0646656 0.00368977 0.697991 1.05611 -0.886611 1 0 0 0 0 0 0 0
330 1 0.1 5.70017 2.07514 0.592724 -0.0832676 0.0740048 -0.00962833 -0.683052 -1.23582 0.767163 1 0 0 0 0 0 0 0
331 1 0.1 5.71813 2.24505 0.490085 -0.0280688 0.0551657 -0.0383705 0.39058 1.46668 -1.55347 1 0 0 0 0 0 0 0
332 1 0.1 5.66831 2.42922 0.548963 0.0167365 0.0407883 0.0534638 0.598501 -1.50686 1.05774 1 0 0 0 0 0 0 0
333 1 0.1 5.49427 2.51831 0.508079 0.0154671 0.0155813 0.00838554 0.783063 0.264624 -0.488547 1 0 0 0 0 0 0 0
334 1 0.1 5.35012 2.64283 0.565873 0.0283313 0.0126958 0.0525451 0.399124 -0.693819 0.0745156 1 0 0 0 0 0 0 0
335 1 0.1 5.16973 2.71226 0.613714 0.0093599 0.00379254 -0.00711475 -0.0752095 -0.0882675 -0.073723 1 0 0 0 0 0 0 0
336 1 0.1 5.05886 2.82666 0.493421 0.013405 0.00801391 -0.0113294 0.06037 0.053254 -0.00297007 1 0 0 0 0 0 0 0
337 1 0.1 4.89847 2.91207 0.591861 0.00688223 0.0132247 0.00970277 -0.111727 0.241865 -0.0790599 1 0 0 0 0 0 0 0
338 1 0.1 4.88483 3.11132 0.584329 0.0223144 0.0131607 0.00373544 0.0233409 0.0325162 -0.111831 1 0 0 0 0 0 0 0
339 1 0.1 5.02488 3.25125 0.577206 0.0193403 0.0172878 0.00527583 0.13446 0.0667716 0.159149 1 0 0 0 0 0 0 0
340 1 0.1 5.20349 3.29812 0.505037 0.0134684 0.0554489 -0.000647821 0.0408794 0.04235 0.131447 1 0 0 0 0 0 0 0
341 1 0.1 5.39685 3.34412 0.509747 0.000896262 0.157572 0.0555163 -0.699058 -0.753824 0.901941 1 0 0 0 0 0 0 0
342 1 0.1 5.38068 3.53315 0.572907 -0.350823 0.195691 -0.12002 -1.04093 1.66943 2.58433 1 0 0 0 0 0 0 0
343 1 0.1 5.54829 3.78879 0.456124 0.0210389 -0.0350814 0.00210181 -0.149893 -0.048591 -0.0644607 1 0 0 0 0 0 0 0
344 1 0.1 5.70746 3.79544 0.576732 0.0152954 -0.00761948 0.00620205 -0.0657693 -0.0441466 0.246691 1 0 0 0 0 0 0 0
345 1 0.1 5.84559 3.5235 0.608144 0.0445626 -0.0169877 0.0419247 0.567241 0.0737896 -0.176739 1 0 0 0 0 0 0 0
346 1 0.1 5.82341 3.95858 0.569687 0.00673088 -0.0187817 -0.00579671 -0.155909 0.0709573 -0.199224 1 0 0 0 0 0 0 0
347 1 0.1 5.99529 4.04908 0.522564 0.00546679 -0.0539453 -0.0998254 1.15788 1.52692 -0.513435 1 0 0 0 0 0 0 0
348 1 0.1 6.07402 4.95775 0.470561 -0.0317055 -0.0532587 0.0676779 0.57806 -0.703844 -0.228065 1 0 0 0 0 0 0 0
349 1 0.1 6.27178 4.97832 0.49082 -0.026882 -0.0824853 0.102868 1.11201 0.512497 0.0918793 1 0 0 0 0 0 0 0
350 1 0.1 6.44374 1.10431 0.583043 0.000594901 -0.00361071 -0.000570074 0.0293623 -0.0473803 0.0185917 1 0 0 0 0 0 0 0
351 1 0.1 6.22864 1.21548 0.580582 0.00120248 0.0016265 0.000558351 -0.0500833 0.0424507 0.0292223 1 0 0 0 0 0 0 0
352 1 0.1 6.12773 1.40349 0.572714 -0.00364404 0.00802067 -0.000229959 0.0534097 0.0149454 -0.0186363 1 0 0 0 0 0 0 0
353 1 0.1 6.06414 1.73629 0.762519 -0.0829956 0.064389 -0.000977702 0.10892 0.0883031 0.982213 1 0 0 0 0 0 0 0
354 1 0.1 5.72564 2.72656 0.148911 -0.109992 0.00927335 -0.181019 -0.257823 0.498081 -1.19698 1 0 0 0 0 0 0 0
355 1 0.1 5.6161 2.89344 0.137489 -0.097593 0.0225806 -0.00337773 0.843457 0.537967 0.796139 1 0 0 0 0 0 0 0
356 1 0.1 5.65975 2.62613 0.582225 -0.171772 0.0461783 -0.0108877 -1.1621 -0.679159 0.499102 1 0 0 0 0 0 0 0
357 1 0.1 5.71991 2.79929 0.502368 -0.246854 0.0893937 0.0145426 1.62964 0.576363 -0.219211 1 0 0 0 0 0 0 0
358 1 0.1 5.28957 2.77106 0.762524 0.00363616 0.00356845 -0.000716683 0.0340785 -0.0492621 -0.0337995 1 0 0 0 0 0 0 0
359 1 0.1 5.52929 2.73736 0.479536 -0.10008 0.0275523 -0.108352 1.71589 1.44039 -0.564668 1 0 0 0 0 0 0 0
360 1 0.1 5.57545 2.93072 0.570891 -0.0419218 0.0512087 0.0559875 0.0472687 0.269994 -1.0362 1 0 0 0 0 0 0 0
361 1 0.1 5.40204 2.83274 0.60009 0.0262941 0.0191847 0.038284 -0.71111 -0.0189679 -0.242509 1 0 0 0 0 0 0 0
362 1 0.1 5.23239 2.93158 0.565654 0.036657 0.0244265 -0.00696795 0.0830128 -0.118582 0.0585035 1 0 0 0 0 0 0 0
363 1 0.1 5.07455 3.05175 0.586417 0.0257583 0.0107222 -0.00022656 0.176471 0.06563 0.0592585 1 0 0 0 0 0 0 0
364 1 0.1 5.39846 3.00305 0.704625 -0.00824487 0.069686 -0.0312197 -0.198119 0.233029 0.709184 1 0 0 0 0 0 0 0
365 1 0.1 5.2556 3.13162 0.614744 -0.0532549 0.206214 0.0748307 0.375075 -0.477427 1.96813 1 0 0 0 0 0 0 0
366 1 0.1 5.65069 3.11579 0.578995 -0.167487 0.102156 -0.0138975 0.166408 -0.823904 -1.72024 1 0 0 0 0 0 0 0
367 1 0.1 5.55617 3.2879 0.615817 -0.00409038 0.176154 0.078685 1.2045 0.304532 -0.321256 1 0 0 0 0 0 0 0
368 1 0.1 5.64849 3.54968 0.587658 0.0587534 0.0569637 0.038418 0.465806 -0.51071 -0.0334345 1 0 0 0 0 0 0 0
369 1 0.1 5.69722 3.65872 0.427367 0.0449282 -0.012871 -0.0163733 0.20045 0.252549 0.416302 1 0 0 0 0 0 0 0
370 1 0.1 5.72906 3.36921 0.557119 0.00463777 0.051302 -0.0799697 -0.177423 2.0078 -1.50294 1 0 0 0 0 0 0 0
371 1 0.1 5.61689 3.21308 0.313418 -0.119209 -0.150327 0.0192841 -0.871071 0.368928 -0.557023 1 0 0 0 0 0 0 0
372 1 0.1 6.01187 4.23981 0.464958 0.00542502 -0.0171276 0.00100954 0.0269263 -0.0935329 0.0831651 1 0 0 0 0 0 0 0
373 1 0.1 6.07189 4.57601 0.583763 -0.00260125 -0.0371621 0.0165298 -0.26624 -0.206741 0.509913 1 0 0 0 0 0 0 0
374 1 0.1 6.20103 4.74051 0.60525 -0.0207463 -0.0441568 -0.0349689 -0.356565 0.125058 0.12119 1 0 0 0 0 0 0 0
375 1 0.1 6.1256 0.901464 0.761546 -0.000866352 0.000166382 0.000109479 -0.00232827 -0.00295921 0.0162312 1 0 0 0 0 0 0 0
376 1 0.1 5.85244 1.1684 0.749968 -0.00144223 0.00161175 -0.000447702 -0.00198827 0.00226164 0.022516 1 0 0 0 0 0 0 0
377 1 0.1 5.70219 1.32242 0.754465 -0.00260767 0.00190343 -0.00146688 -0.000678054 0.0144682 0.032234 1 0 0 0 0 0 0 0
378 1 0.1 5.5567 1.46729 0.751474 -0.00242558 0.000985523 0.00193893 0.00494549 -8.21314e-05 0.0162516 1 0 0 0 0 0 0 0
379 1 0.1 5.41359 1.61005 0.74985 -0.00370924 0.00433163 -0.000456907 -0.00427774 0.00422216 0.00529706 1 0 0 0 0 0 0 0
380 1 0.1 5.26492 1.75881 0.750077 -0.000484298 0.00161659 0.000416823 -0.0051885 -0.00227059 0.016612 1 0 0 0 0 0 0 0
381 1 0.1 5.12354 1.9002 0.750032 -0.0011222 0.000992199 -0.000173079 0.000400691 0.00214424 -0.00553369 1 0 0 0 0 0 0 0
382 1 0.1 4.98207 2.04146 0.750011 -0.00108278 0.00243748 0.00227419 0.0270478 -0.00509908 0.015908 1 0 0 0 0 0 0 0
383 1 0.1 4.7657 2.2622 0.762686 0.0128689 -0.00598584 -0.000430564 -0.0625124 -0.128761 0.00109533 1 0 0 0 0 0 0 0
384 1 0.1 4.60046 2.41644 0.768019 -0.0006148 -0.0133467 0.011832 -0.643835 0.983959 -0.498316 1 0 0 0 0 0 0 0
385 1 0.1 4.34383 2.68007 0.753993 0.00838858 -0.00172328 0.015296 -0.0744181 -0.339561 -0.0466979 1 0 0 0 0 0 0 0
386 1 0.1 4.20271 2.82123 0.753501 0.000991196 -0.0036697 -0.00191472 0.0147592 0.0336005 -0.0389681 1 0 0 0 0 0 0 0
387 1 0.1 4.19314 3.0199 0.742241 0.00218571 -0.00203356 -0.00574699 -0.00352845 -0.0693656 -0.104789 1 0 0 0 0 0 0 0
388 1 0.1 4.23273 3.21497 0.750732 -0.001453 -0.00221895 -0.000580364 0.0480095 0.00922489 0.0781802 1 0 0 0 0 0 0 0
389 1 0.1 4.37597 3.35919 0.74985 0.00193161 0.00386538 -0.000590484 0.00623261 0.00850745 0.0378684 1 0 0 0 0 0 0 0
390 1 0.1 4.58586 3.56304 0.762674 -0.000376047 -0.00104625 -0.000526265 -0.00585252 0.0189487 -0.0131161 1 0 0 0 0 0 0 0
391 1 0.1 4.80046 3.78451 0.749801 0.00473605 0.00869292 0.00174055 0.0492625 -0.0700279 -0.193583 1 0 0 0 0 0 0 0
392 1 0.1 4.94336 3.92269 0.761399 0.00606202 0.00505939 0.00612026 -0.0677156 0.00783651 -0.00974333 1 0 0 0 0 0 0 0
393 1 0.1 5.08249 4.06525 0.749912 0.00258283 0.00408862 0.00133591 -0.00475396 -0.0088634 0.0383309 1 0 0 0 0 0 0 0
394 1 0.1 5.22371 4.20626 0.750247 0.00148208 0.0043949 -0.000360894 -0.00809714 0.0285358 -0.0224142 1 0 0 0 0 0 0 0
395 1 0.1 5.36609 4.3458 0.742235 -0.00407948 0.00239823 -0.00127001 0.0214529 0.00698961 0.00539607 1 0 0 0 0 0 0 0
396 1 0.1 5.5061 4.48792 0.748695 -0.00239788 -0.000285285 -0.000525792 0.00459442 0.00445213 -0.0180313 1 0 0 0 0 0 0 0
397 1 0.1 5.64762 4.6287 0.753504 -0.00178962 -0.00116455 -0.00166411 0.0108992 0.024739 -0.00880328 1 0 0 0 0 0 0 0
398 1 0.1 5.79022 4.76834 0.762306 -0.00279183 -0.00258519 -0.000299427 0.000204115 -0.0102328 -0.0239423 1 0 0 0 0 0 0 0
399 1 0.1 5.92935 4.91121 0.750144 -0.001935 -0.00510244 0.00112541 0.00933059 -0.018844 -0.0123007 1 0 0 0 0 0 0 0
400 1 0.1 6.26567 0.758965 0.753809 -0.00063341 -5.23602e-05 -4.13148e-05 0.0101573 0.008386 0.0500998 1 0 0 0 0 0 0 0
401 1 0.1 5.99628 1.03293 0.68438 -0.000537192 0.00118079 0.00107645 0.0261431 0.0115275 0.0231335 1 0 0 0 0 0 0 0
402 1 0.1 5.8594 1.41876 0.677458 -0.00718282 0.00538446 -0.00480087 -0.00189264 0.0220765 0.0197022 1 0 0 0 0 0 0 0
403 1 0.1 5.69821 1.54609 0.634447 -0.00868149 0.000561209 -0.000543863 0.00879637 0.0749393 -0.0236306 1 0 0 0 0 0 0 0
404 1 0.1 5.60457 1.66743 0.762545 -0.00222673 0.00210954 0.000657807 -0.0112083 -0.0151622 -0.0123699 1 0 0 0 0 0 0 0
405 1 0.1 5.45915 1.80437 0.762654 -0.00133976 0.00461608 0.000315517 0.0442569 0.0343316 0.0253666 1 0 0 0 0 0 0 0
406 1 0.1 5.3225 1.94991 0.762705 0.00250642 0.00358909 0.000328058 -0.0310153 -0.0343737 -0.0358403 1 0 0 0 0 0 0 0
407 1 0.1 5.18365 2.09284 0.76329 0.00338994 0.00482477 -0.000302637 0.0869509 0.107045 -0.0320475 1 0 0 0 0 0 0 0
408 1 0.1 4.97109 2.24005 0.762691 -0.00165054 0.00709959 -0.000566958 -0.0552213 0.0754015 -0.000629714 1 0 0 0 0 0 0 0
409 1 0.1 4.77658 2.48863 0.707858 -0.00567688 0.0200167 0.0130981 -0.102439 -0.00728816 -0.229405 1 0 0 0 0 0 0 0
410 1 0.1 4.52563 2.59966 0.739197 0.00671612 -0.00350441 0.00606445 0.257495 0.384059 -0.0247433 1 0 0 0 0 0 0 0
411 1 0.1 4.49516 2.80822 0.762907 0.00166648 0.00475763 0.00270145 -0.143369 0.0665088 0.226103 1 0 0 0 0 0 0 0
412 1 0.1 4.38609 2.97425 0.765133 0.00478891 0.00408167 0.00867941 0.271817 0.0470393 0.335347 1 0 0 0 0 0 0 0
413 1 0.1 4.43211 3.16814 0.762685 0.000379527 0.00547202 0.00140123 -0.0234093 0.00290286 -0.0432489 1 0 0 0 0 0 0 0
414 1 0.1 4.57529 3.36337 0.762507 0.00229818 -0.000844773 8.62178e-05 2.58514e-05 -0.0101431 -0.0869872 1 0 0 0 0 0 0 0
415 1 0.1 4.78448 3.58541 0.762527 -0.000812419 7.15214e-05 0.000617405 0.00162471 -0.00887616 0.00785006 1 0 0 0 0 0 0 0
416 1 0.1 4.98234 3.70497 0.747466 -9.03805e-05 -0.00235733 0.00866298 0.0451229 -0.0286889 0.0536567 1 0 0 0 0 0 0 0
417 1 0.1 5.13251 3.85983 0.759686 0.00476554 0.000734006 0.00259964 0.0132774 0.0446668 -0.0258081 1 0 0 0 0 0 0 0
418 1 0.1 5.27293 4.00139 0.76273 0.00376796 -0.000227169 0.000200349 -0.0179582 -0.0173346 0.0309091 1 0 0 0 0 0 0 0
419 1 0.1 5.413 4.1436 0.762632 0.00377179 0.000445411 -0.00040157 -0.0197456 -0.0126754 -0.0281069 1 0 0 0 0 0 0 0
420 1 0.1 5.55521 4.28417 0.762377 -0.00893799 0.0245519 -0.000772588 -0.0331405 -0.0165549 0.196796 1 0 0 0 0 0 0 0
421 1 0.1 5.69809 4.43276 0.756492 -0.0212571 -0.0698462 -0.0291928 0.729435 0.0817118 -0.677725 1 0 0 0 0 0 0 0
422 1 0.1 5.82161 4.57021 0.674939 -0.00200584 -0.00100369 -0.00250885 0.013813 -0.0213776 -0.00837324 1 0 0 0 0 0 0 0
423 1 0.1 5.96271 4.71542 0.676552 -0.0195976 -0.0327245 -0.00911618 -0.0630806 0.150257 -0.29811 1 0 0 0 0 0 0 0
424 1 0.1 6.21164 5.19296 0.750322 0.00353884 -0.00742395 0.0227894 -0.468919 0.061508 0.0965344 1 0 0 0 0 0 0 0
425 1 0.1 6.40645 0.617037 0.750002 -0.000276997 0.000501162 -1.99062e-05 0.000555616 0.000416753 0.00490992 1 0 0 0 0 0 0 0
426 1 0.1 6.16397 1.10775 0.762531 8.99781e-05 7.19406e-05 -0.00010929 -0.0211414 0.00731436 -0.0214584 1 0 0 0 0 0 0 0
427 1 0.1 6.02515 1.26794 0.736191 -0.00327758 0.00339688 -0.00133763 0.00624252 0.00818249 0.00240156 1 0 0 0 0 0 0 0
428 1 0.1 5.93714 1.58196 0.762791 -0.00762727 0.00212459 -0.000890141 0.0080387 0.0639164 0.00172167 1 0 0 0 0 0 0 0
429 1 0.1 5.79606 1.72485 0.761122 -0.000413444 -0.00198735 0.00358397 0.0271918 -0.0128145 -0.0374083 1 0 0 0 0 0 0 0
430 1 0.1 5.65058 1.86202 0.762434 0.000336815 -0.000512513 -0.00873727 -0.154706 -0.0302983 0.0278014 1 0 0 0 0 0 0 0
431 1 0.1 5.51162 1.99957 0.721017 0.00263371 0.00334751 -0.0126239 0.116853 0.0911095 -0.0333277 1 0 0 0 0 0 0 0
432 1 0.1 5.37416 2.14375 0.733274 0.00592807 0.00390192 -0.00200688 0.0174684 -0.0736415 -0.00256704 1 0 0 0 0 0 0 0
433 1 0.1 5.31069 2.44872 0.594739 -0.198829 0.0429819 0.0636824 0.103027 -1.25857 0.235824 1 0 0 0 0 0 0 0
434 1 0.1 5.0762 2.40906 0.762719 0.00296076 0.0085392 -0.0023943 0.0395688 0.00984916 -0.0321584 1 0 0 0 0 0 0 0
435 1 0.1 4.95242 2.56553 0.762581 0.00567363 0.0141417 -0.00515559 -0.257473 0.140418 -0.00551254 1 0 0 0 0 0 0 0
436 1 0.1 4.69096 2.77238 0.762587 0.0086157 0.0225038 -0.000166499 0.227124 -0.0559582 -0.0410241 1 0 0 0 0 0 0 0
437 1 0.1 4.55773 2.98852 0.67347 -0.0224818 0.00543376 -0.0122849 -0.0843169 -0.200289 -0.00902941 1 0 0 0 0 0 0 0
438 1 0.1 4.63143 3.15674 0.752621 0.00118139 -0.00260468 -0.00789943 0.0357454 0.0959079 -0.064899 1 0 0 0 0 0 0 0
439 1 0.1 4.77505 3.37084 0.762176 0.00206424 0.0114814 -0.00114626 0.00693962 0.0234473 0.209918 1 0 0 0 0 0 0 0
440 1 0.1 5.04496 3.51701 0.762822 0.00930881 0.00395437 0.000261379 0.0422737 -0.0344849 0.06537 1 0 0 0 0 0 0 0
441 1 0.1 5.17743 3.66544 0.762534 0.00205733 0.00107732 -0.00241296 -0.0038086 0.128453 -0.00720536 1 0 0 0 0 0 0 0
442 1 0.1 5.29964 3.76089 0.637549 0.0118823 -0.00453206 0.00426735 -0.0492196 -0.0222628 -0.0347788 1 0 0 0 0 0 0 0
443 1 0.1 5.43789 3.83112 0.762794 0.0110323 0.000909161 -0.00171758 -0.00213572 -0.113399 -0.0192283 1 0 0 0 0 0 0 0
444 1 0.1 5.55269 4.00055 0.762524 -0.0103671 -0.0130048 0.000436358 -0.00461469 -0.0145814 -0.0902485 1 0 0 0 0 0 0 0
445 1 0.1 5.76426 4.1803 0.762796 -0.031838 -0.0261798 0.00088551 -0.00234929 -0.00793927 0.430745 1 0 0 0 0 0 0 0
446 1 0.1 5.88617 4.3383 0.762506 -0.141822 0.057273 -0.00206277 0.0164224 -0.0483951 0.985658 1 0 0 0 0 0 0 0
447 1 0.1 5.99048 4.5095 0.762583 -0.00537957 -0.00304536 0.00123576 0.0264356 -0.0404583 -0.00523775 1 0 0 0 0 0 0 0
448 1 0.1 6.1087 4.82416 0.762476 -0.000398477 -0.00612746 -0.0034372 0.0933208 0.0232715 0.0220622 1 0 0 0 0 0 0 0
449 1 0.1 6.35296 5.33435 0.749949 -0.00136161 -0.000436856 -0.00133558 0.112418 -0.0661151 0.00735494 1 0 0 0 0 0 0 0
450 1 0.1 6.45139 0.815355 0.706345 -0.000442111 -0.00227723 -0.00124082 0.0042893 0.00957567 -0.0733055 1 0 0 0 0 0 0 0
451 1 0.1 6.30416 0.975188 0.710123 -0.000788391 -0.000923136 0.000972544 0.00325764 -0.00353604 -0.0182575 1 0 0 0 0 0 0 0
452 1 0.1 6.22989 1.29618 0.762898 0.00317609 -0.00256649 0.00106481 0.0709163 0.0179253 0.0135073 1 0 0 0 0 0 0 0
453 1 0.1 6.09126 1.45473 0.762509 -0.00696575 0.00408954 -0.000225891 -0.0129058 -0.0587499 0.0250519 1 0 0 0 0 0 0 0
454 1 0.1 5.9448 1.89615 0.752589 -0.133327 0.026417 -0.0542374 -0.372283 -0.620266 -0.341572 1 0 0 0 0 0 0 0
455 1 0.1 5.78463 2.01474 0.762839 -0.0943353 0.0800927 -0.000822421 0.806826 0.952538 -0.327487 1 0 0 0 0 0 0 0
456 1 0.1 5.59786 2.17504 0.762504 0.00193175 -0.00137434 9.72127e-05 0.0408367 -0.0759326 0.0265428 1 0 0 0 0 0 0 0
457 1 0.1 5.49631 2.22168 0.595516 -0.0342034 0.0476135 -0.013236 0.627344 0.66447 -0.00885277 1 0 0 0 0 0 0 0
458 1 0.1 5.34458 2.33911 0.76255 -0.00168662 0.00305019 -0.000661414 0.0105211 0.00200659 0.0818756 1 0 0 0 0 0 0 0
459 1 0.1 5.37504 2.53641 0.762569 0.00909183 0.00399155 0.00187885 0.0180341 -0.0722439 -0.189449 1 0 0 0 0 0 0 0
460 1 0.1 5.1801 2.57955 0.76263 0.00593203 0.00874303 -0.00205362 0.0540264 -0.002 0.128463 1 0 0 0 0 0 0 0
461 1 0.1 4.8887 2.75418 0.748778 0.0107838 0.0150091 -0.0101841 0.123813 0.120314 -0.0637207 1 0 0 0 0 0 0 0
462 1 0.1 4.73668 2.98508 0.762517 -0.0249535 0.0132694 0.000246526 0.0343798 -0.00459567 -0.0403944 1 0 0 0 0 0 0 0
463 1 0.1 4.89162 3.19617 0.763251 0.0377119 0.00131558 0.00103223 0.022062 -0.354653 0.148624 1 0 0 0 0 0 0 0
464 1 0.1 5.04794 3.31871 0.763073 0.0178545 0.0136094 0.00518857 -0.0728534 0.00566427 0.0151025 1 0 0 0 0 0 0 0
465 1 0.1 5.22201 3.47115 0.682134 0.00955253 0.00525179 -0.00107568 0.116852 0.0981014 -0.105116 1 0 0 0 0 0 0 0
466 1 0.1 5.36542 3.59846 0.761285 0.00562695 -0.00127116 -0.0128219 0.0696924 -0.0890826 0.0287463 1 0 0 0 0 0 0 0
467 1 0.1 5.48767 3.69463 0.622862 -0.00355787 -0.0427276 -0.0196362 0.864737 -0.0685707 -0.383299 1 0 0 0 0 0 0 0
468 1 0.1 5.63397 3.79397 0.762604 0.00708274 -0.00627042 0.000529368 -0.0412711 -0.0366737 -0.0274091 1 0 0 0 0 0 0 0
469 1 0.1 5.78993 3.91874 0.762588 0.00387668 -0.00205971 0.00106128 -0.0178904 -0.0453285 0.0734711 1 0 0 0 0 0 0 0
470 1 0.1 5.92079 4.06352 0.719986 -0.00632261 0.00150169 0.00767335 -0.0211792 -0.0545675 0.0482488 1 0 0 0 0 0 0 0
471 1 0.1 6.03438 4.21736 0.662182 -0.00600669 -0.00634603 0.00461145 -0.096892 -0.0361731 -0.0459382 1 0 0 0 0 0 0 0
472 1 0.1 6.12674 4.36332 0.7626 -0.00437458 -0.00135505 -0.0013042 -0.0100074 0.0419651 0.0291149 1 0 0 0 0 0 0 0
473 1 0.1 6.07241 5.05009 0.762183 0.00260191 -0.00887354 0.0321345 0.00386224 -0.411586 -0.0592562 1 0 0 0 0 0 0 0
474 1 0.1 6.2497 4.9941 0.688889 -0.0175564 -0.188114 0.113316 0.164857 -0.569519 -2.02484 1 0 0 0 0 0 0 0
475 1 0.1 6.4971 1.00171 0.762506 0.00230454 -0.00354304 -4.34087e-05 0.0033093 -0.0323428 0.0367302 1 0 0 0 0 0 0 0
476 1 0.1 6.37881 1.16286 0.762619 0.000665502 -0.00484265 -3.55829e-05 -0.0184393 0.0455547 -0.017361 1 0 0 0 0 0 0 0
477 1 0.1 6.29855 1.45525 0.662795 -0.0561732 0.0479046 0.0779179 0.462212 -0.767819 0.754891 1 0 0 0 0 0 0 0
478 1 0.1 6.21831 1.60911 0.762117 -0.0797889 0.0636304 0.0375588 -0.494392 -0.277781 -0.964691 1 0 0 0 0 0 0 0
479 1 0.1 5.68147 2.35663 0.762568 -0.00201213 -0.00153741 0.00107495 -0.0196387 0.0287284 -0.00269813 1 0 0 0 0 0 0 0
480 1 0.1 5.76949 2.95857 0.612626 -0.413627 -0.0264003 0.264067 0.217883 -4.43133 -0.286036 1 0 0 0 0 0 0 0
481 1 0.1 5.62312 2.83977 0.742444 -0.0628132 0.101891 0.0888797 -0.575852 -0.548256 1.0017 1 0 0 0 0 0 0 0
482 1 0.1 5.61704 2.55095 0.762531 -0.00276207 -0.0213168 0.00035665 0.0972489 0.00537271 -0.455349 1 0 0 0 0 0 0 0
483 1 0.1 5.50997 2.40742 0.673529 0.00170002 -0.0163877 -0.0123012 -0.462935 -0.0574794 -0.0839181 1 0 0 0 0 0 0 0
484 1 0.1 5.48659 2.69591 0.718574 0.0210466 0.0194746 0.0515476 0.582224 0.0167674 0.130811 1 0 0 0 0 0 0 0
485 1 0.1 5.21323 2.95589 0.762834 0.0127907 0.00675413 -0.00279139 0.0948754 -0.0212253 0.0676711 1 0 0 0 0 0 0 0
486 1 0.1 5.05558 2.85132 0.699225 0.016468 0.0087665 -0.0119708 0.081747 0.0280308 -0.0480403 1 0 0 0 0 0 0 0
487 1 0.1 4.94529 3.00464 0.762546 0.0345743 0.00915514 0.000200012 0.110192 -0.0780589 -0.174261 1 0 0 0 0 0 0 0
488 1 0.1 5.12115 3.1329 0.762679 -0.0175788 0.0118908 0.0139338 0.0908449 0.0850324 0.0398917 1 0 0 0 0 0 0 0
489 1 0.1 5.24553 3.28926 0.761895 0.0124887 0.00254118 -0.00639836 -0.111088 0.161961 -0.100145 1 0 0 0 0 0 0 0
490 1 0.1 5.47942 3.17638 0.762645 -0.016187 0.0671254 -0.00342617 0.680654 0.172807 -0.486253 1 0 0 0 0 0 0 0
491 1 0.1 5.41572 3.38979 0.733507 0.0141222 0.0020675 -0.0188724 0.0967918 -0.0169189 0.0547013 1 0 0 0 0 0 0 0
492 1 0.1 5.55353 3.53148 0.762544 0.00723015 0.00650136 -0.000122057 0.0791191 -0.0726391 0.0375773 1 0 0 0 0 0 0 0
493 1 0.1 5.63554 3.03822 0.762564 -0.222814 0.126995 -0.00333626 -0.367153 0.684175 0.633203 1 0 0 0 0 0 0 0
494 1 0.1 5.74217 3.5972 0.76255 0.00589815 0.00606306 0.00319798 -0.0100563 0.00900252 -0.0244538 1 0 0 0 0 0 0 0
495 1 0.1 5.88117 3.74086 0.762527 0.00834528 0.00192246 0.00116353 0.0199106 0.0154783 -0.0156565 1 0 0 0 0 0 0 0
496 1 0.1 5.88931 3.71346 0.563548 0.00385744 -0.0269121 -0.0423883 -1.30931 1.20048 -0.357583 1 0 0 0 0 0 0 0
497 1 0.1 6.15932 4.36664 0.527461 -0.273397 -0.257728 -0.364841 0.293217 4.19918 -0.980298 1 0 0 0 0 0 0 0
498 1 0.1 6.15068 4.62875 0.762686 -0.00336397 -0.00901788 -0.00251252 -0.106883 0.0373121 -0.0521147 1 0 0 0 0 0 0 0
499 1 0.1 6.30849 4.81749 0.762402 -0.00851648 -0.262563 -0.00758113 -0.325236 0.0243409 -2.58933 1 0 0 0 0 0 0 0
