500
0 1 0.1 6.14249 0.876444 0.146808 -0.00141808 0.000177224 0.00318633 0.0192351 -0.0199241 0.00900947 1 0 0 0 0 0 0 0
1 1 0.1 6.00059 1.01723 0.149796 -0.000527353 0.00229412 -0.000938323 0.00708918 0.0220399 0.0339079 1 0 0 0 0 0 0 0
2 1 0.1 5.85967 1.15876 0.151461 -0.001535 0.00140977 0.0012325 0.00258108 -0.000485957 -0.0070825 1 0 0 0 0 0 0 0
3 1 0.1 5.57729 1.44005 0.150134 -0.00196459 0.00699228 -0.000573418 0.00935238 0.0176607 0.00229688 1 0 0 0 0 0 0 0
4 1 0.1 5.43684 1.58193 0.150457 0.00017321 0.00945305 -0.00148806 0.00276192 -0.0389584 -0.0488013 1 0 0 0 0 0 0 0
5 1 0.1 5.29667 1.72344 0.138456 -0.00208734 0.00820071 -0.00151844 0.0105724 0.0202203 0.062111 1 0 0 0 0 0 0 0
6 1 0.1 5.13738 1.89404 0.187219 -0.0425568 0.0537911 0.0214818 0.521772 0.324506 0.812289 1 0 0 0 0 0 0 0
7 1 0.1 4.90349 2.11944 0.150011 -0.0157374 0.0142389 0.00723643 0.0629991 -0.0454295 0.214152 1 0 0 0 0 0 0 0
8 1 0.1 4.70149 2.32243 0.150368 0.0177947 -0.01667 0.00473002 0.35138 0.291127 -0.346007 1 0 0 0 0 0 0 0
9 1 0.1 4.56106 2.46422 0.162025 0.0331711 -0.00775924 0.0266262 -0.178633 -0.762354 -0.122249 1 0 0 0 0 0 0 0
10 1 0.1 4.37757 2.63894 0.149003 -0.00952067 0.00752861 0.0178123 -0.0210909 -0.229094 0.0783553 1 0 0 0 0 0 0 0
11 1 0.1 4.23552 2.77962 0.154449 -0.0119217 0.00897546 -0.00323467 -0.13803 0.0202908 -0.15685 1 0 0 0 0 0 0 0
12 1 0.1 4.21439 2.97419 0.137182 0.0234936 0.00486869 -0.00169051 -0.0188781 0.250107 0.272729 1 0 0 0 0 0 0 0
13 1 0.1 4.19244 3.17063 0.14851 0.000815546 0.00146292 -0.00400928 -0.110772 -0.0118459 -0.0668253 1 0 0 0 0 0 0 0
14 1 0.1 4.36858 3.34938 0.147758 -0.0146456 -0.0239311 -0.00165891 0.00690097 -0.00340301 -0.278716 1 0 0 0 0 0 0 0
15 1 0.1 4.5172 3.49644 0.160851 -0.0407351 -0.0980866 0.0889781 -0.25673 -0.92179 -1.1251 1 0 0 0 0 0 0 0
16 1 0.1 4.6982 3.67326 0.173531 -0.114708 -0.120238 0.0745676 -1.18772 -0.257422 -1.46268 1 0 0 0 0 0 0 0
17 1 0.1 4.83794 3.81436 0.149969 -0.12889 -0.11825 -0.00389682 0.00258492 0.000745271 0.0188374 1 0 0 0 0 0 0 0
18 1 0.1 4.97934 3.95576 0.149996 -0.129171 -0.118357 0.00102639 0.0277087 -0.0314716 -1.00322 1 0 0 0 0 0 0 0
19 1 0.1 5.21122 4.18548 0.139376 -0.00372756 -0.00169669 0.000542261 -0.00865217 -0.0107331 -0.0419133 1 0 0 0 0 0 0 0
20 1 0.1 5.36934 4.35474 0.149661 -0.00469829 -0.00683681 -0.00531177 0.0929511 0.00988163 -0.0566305 1 0 0 0 0 0 0 0
21 1 0.1 5.51079 4.49616 0.149879 -0.00594923 -0.00664345 -0.000980722 -0.00686039 0.0111424 -0.0902528 1 0 0 0 0 0 0 0
22 1 0.1 5.6578 4.64041 0.147466 -0.39706 -0.234015 0.0411417 0.116699 -0.357439 -1.78428 1 0 0 0 0 0 0 0
23 1 0.1 5.80394 4.78565 0.15005 -0.126459 -0.0846472 -7.51454e-06 0.00338059 -0.00593237 -1.57115 1 0 0 0 0 0 0 0
24 1 0.1 6.07399 5.05689 0.148032 0.00675201 0.00865623 -0.00550224 0.0170123 0.0616599 0.104993 1 0 0 0 0 0 0 0
25 1 0.1 6.28336 0.734665 0.150114 -0.000117932 0.00112852 0.0011479 0.0430526 0.0137184 3.62415e-05 1 0 0 0 0 0 0 0
26 1 0.1 6.05387 1.22441 0.137401 -0.00561161 -0.00148518 0.000201331 0.0136446 -0.0525732 -0.0559462 1 0 0 0 0 0 0 0
27 1 0.1 5.90979 1.36271 0.142161 -0.00231851 0.00262115 0.000247358 0.0249159 0.0110649 -0.00161642 1 0 0 0 0 0 0 0
28 1 0.1 5.71996 1.30095 0.139843 -0.00350902 0.000686841 -0.00046972 -0.00747239 -0.0196208 0.0209613 1 0 0 0 0 0 0 0
29 1 0.1 5.61219 1.67708 0.137488 -0.00397597 0.0148417 -9.8287e-06 -0.118391 -0.0399695 0.128937 1 0 0 0 0 0 0 0
30 1 0.1 5.46739 1.78919 0.217788 -0.00335056 0.014992 0.00189335 0.136089 -0.0210784 0.0396726 1 0 0 0 0 0 0 0
31 1 0.1 5.33806 1.9185 0.137299 -0.00055164 0.011499 -0.000357072 -0.143789 -0.0364246 -0.022572 1 0 0 0 0 0 0 0
32 1 0.1 5.20859 2.07058 0.135672 0.0233048 0.0314273 -0.00109223 -0.413927 0.213631 -2.1523 1 0 0 0 0 0 0 0
33 1 0.1 4.92916 2.31722 0.137381 -0.0222058 0.0154728 -0.00250104 -0.20313 -0.196824 -0.123181 1 0 0 0 0 0 0 0
34 1 0.1 4.74929 2.51934 0.135507 0.0456109 0.004539 0.00446429 -0.0303089 0.463386 0.394925 1 0 0 0 0 0 0 0
35 1 0.1 4.59303 2.65748 0.137209 0.0386408 -0.0124218 0.00145756 -0.141496 0.172932 0.17605 1 0 0 0 0 0 0 0
36 1 0.1 4.49652 2.81532 0.206976 0.00422593 -0.0263214 -0.0116356 -0.095039 -0.0583502 0.280435 1 0 0 0 0 0 0 0
37 1 0.1 4.40987 2.98639 0.160044 0.0180115 -0.0187943 -0.0171053 0.127608 -0.091142 -0.407873 1 0 0 0 0 0 0 0
38 1 0.1 4.45973 3.17488 0.136908 0.00203538 -0.0193583 0.000405733 0.00877854 -0.0659161 0.531992 1 0 0 0 0 0 0 0
39 1 0.1 4.57392 3.31337 0.21905 0.0461321 -0.0269934 -0.00829188 -0.144086 -0.0148185 -0.980201 1 0 0 0 0 0 0 0
40 1 0.1 4.70719 3.48547 0.219079 -0.032268 -0.112737 0.0771756 0.247248 0.734834 0.794324 1 0 0 0 0 0 0 0
41 1 0.1 5.01254 3.68937 0.136291 -0.0612842 -0.0557009 -0.00283895 0.475939 -0.598273 0.126952 1 0 0 0 0 0 0 0
42 1 0.1 5.1669 3.80619 0.185743 -0.0940188 -0.0120705 -0.0121859 0.717204 0.916662 0.569006 1 0 0 0 0 0 0 0
43 1 0.1 5.24219 3.98865 0.154565 -0.0880745 -0.0136376 0.00366278 -0.0631059 0.263815 -0.8384 1 0 0 0 0 0 0 0
44 1 0.1 5.4079 4.15906 0.161116 -0.00602972 -0.00273723 -0.00704214 -0.0556845 0.0889846 0.0147733 1 0 0 0 0 0 0 0
45 1 0.1 5.55797 4.28993 0.137465 -0.00795063 -0.0210352 0.000227561 0.112491 -0.14079 -0.109435 1 0 0 0 0 0 0 0
46 1 0.1 5.70333 4.44461 0.13748 -0.0172201 -0.0231979 -0.00100125 0.0241319 -0.00710384 -0.099001 1 0 0 0 0 0 0 0
47 1 0.1 5.85433 4.59266 0.137417 -0.194262 -0.104394 0.000883726 -0.00493786 -0.0237215 0.858417 1 0 0 0 0 0 0 0
48 1 0.1 6.00216 4.76255 0.137459 -0.112081 0.032005 6.15008e-05 -0.0334374 0.0104385 1.36617 1 0 0 0 0 0 0 0
49 1 0.1 6.24149 5.21952 0.150139 0.00385633 0.00340883 0.000943375 -0.00796159 -0.00626185 0.0507205 1 0 0 0 0 0 0 0
50 1 0.1 6.45808 0.564711 0.149936 -0.000447239 0.000273776 1.02183e-05 -0.00441515 -0.00297239 0.00570133 1 0 0 0 0 0 0 0
51 1 0.1 6.19125 1.07503 0.137285 0.000472591 0.000103391 -0.00115359 0.000457484 -0.0070661 -0.0600679 1 0 0 0 0 0 0 0
52 1 0.1 6.05809 1.49657 0.137033 0.00115462 -0.000532183 -0.000965165 -0.100573 -0.0833681 -0.00153476 1 0 0 0 0 0 0 0
53 1 0.1 5.86561 1.57471 0.137173 -0.000471484 -0.00342654 -0.00178316 0.036215 -0.0173249 0.000956467 1 0 0 0 0 0 0 0
54 1 0.1 5.84277 1.78726 0.137377 -0.00913036 0.00101827 -0.000614841 -0.0453524 -0.111002 0.0313919 1 0 0 0 0 0 0 0
55 1 0.1 5.66062 1.88299 0.216999 0.0400443 -0.0169071 -0.00865986 -0.231302 -0.163361 -0.246 1 0 0 0 0 0 0 0
56 1 0.1 5.52161 2.00173 0.13732 0.0491842 -0.00569008 -0.0019214 0.0772668 0.369227 -0.0239457 1 0 0 0 0 0 0 0
57 1 0.1 5.39033 2.15145 0.137445 0.0461318 -0.0128665 0.00211892 -0.164272 -0.133725 -0.0803955 1 0 0 0 0 0 0 0
58 1 0.1 5.21377 2.26491 0.163569 0.0312974 0.0173737 0.0904296 -0.0431543 0.277984 0.840983 1 0 0 0 0 0 0 0
59 1 0.1 4.92795 2.49803 0.22213 0.0504782 0.0193796 -0.014949 0.0978456 -0.236047 -0.871265 1 0 0 0 0 0 0 0
60 1 0.1 4.83707 2.67615 0.217211 0.0943421 0.0501384 -0.066365 -2.13374 -0.0708329 -0.0813056 1 0 0 0 0 0 0 0
61 1 0.1 4.70021 2.81782 0.185898 0.0181473 0.00682858 0.00505817 1.4735 1.79879 0.758924 1 0 0 0 0 0 0 0
62 1 0.1 4.79159 2.99443 0.181835 0.00837622 0.0165336 0.0378689 -0.321573 -0.312628 -0.637595 1 0 0 0 0 0 0 0
63 1 0.1 4.65332 3.13747 0.167245 0.0227399 0.0158863 -0.00640022 0.380263 -0.372788 0.477802 1 0 0 0 0 0 0 0
64 1 0.1 4.76143 3.3099 0.156987 0.053918 -0.0420847 0.00964741 0.316985 -0.00214502 0.397486 1 0 0 0 0 0 0 0
65 1 0.1 4.88164 3.54162 0.15064 -0.0906596 -0.0305436 0.00527077 -1.16847 -0.129552 2.43755 1 0 0 0 0 0 0 0
66 1 0.1 5.25299 3.62764 0.137278 0.0784643 0.00646573 -0.00467764 0.155807 0.0918925 0.161952 1 0 0 0 0 0 0 0
67 1 0.1 5.40884 3.78774 0.136424 0.00470755 -0.00946452 0.00438028 0.112511 0.0514937 0.00041579 1 0 0 0 0 0 0 0
68 1 0.1 5.48062 3.97425 0.138629 -0.0103405 -0.00445251 0.000313098 -0.0778358 0.0415263 -0.0923634 1 0 0 0 0 0 0 0
69 1 0.1 5.56321 4.14427 0.285735 -0.0183066 -0.0137432 -0.00197088 0.0139149 -0.178557 -0.189374 1 0 0 0 0 0 0 0
70 1 0.1 5.73036 4.23233 0.220758 -0.0131013 -0.0248532 0.0101598 -0.0802455 0.0138953 0.0872342 1 0 0 0 0 0 0 0
71 1 0.1 5.87496 4.3423 0.137473 -0.0230912 -0.0231093 -0.0015688 -0.0901104 0.0419369 0.0700708 1 0 0 0 0 0 0 0
72 1 0.1 6.01989 4.47985 0.137387 -0.050179 0.00455241 -0.0029694 -0.0311025 -0.16743 0.2948 1 0 0 0 0 0 0 0
73 1 0.1 6.18464 4.89093 0.136851 0.00703774 0.00956101 -0.000610908 -0.0693176 0.0756092 -0.0268316 1 0 0 0 0 0 0 0
74 1 0.1 6.41608 5.39451 0.149759 0.0039718 0.00456533 -0.00164692 0.0299223 -0.00210283 0.0680672 1 0 0 0 0 0 0 0
75 1 0.1 6.48087 0.762914 0.137475 0.000554573 -0.000140181 -0.000301545 -0.00026344 0.00694285 -0.0176905 1 0 0 0 0 0 0 0
76 1 0.1 6.33515 0.928591 0.137719 -0.00135638 -0.000293657 0.00760938 0.0979238 0.00968043 -0.0159676 1 0 0 0 0 0 0 0
77 1 0.1 6.20218 1.35856 0.137743 -0.00266084 -0.00441495 0.00390926 0.0485934 0.0657806 -0.0491892 1 0 0 0 0 0 0 0
78 1 0.1 6.02221 1.69906 0.137656 -0.0063208 0.00396251 0.00374341 0.094704 0.0404355 0.0120352 1 0 0 0 0 0 0 0
79 1 0.1 5.90636 1.92837 0.30948 0.00538168 0.00306033 0.00381289 -0.036536 -0.101777 -0.17763 1 0 0 0 0 0 0 0
80 1 0.1 5.82273 1.98624 0.13739 0.0181623 0.00620419 0.00413735 -0.056742 0.189132 -0.327326 1 0 0 0 0 0 0 0
81 1 0.1 5.67878 2.12492 0.137457 0.032543 0.0182409 -0.00455243 0.0512129 -0.248707 0.293106 1 0 0 0 0 0 0 0
82 1 0.1 5.4999 2.71291 0.137487 0.0564426 -0.00343854 0.000231804 -0.143984 -0.443678 0.161274 1 0 0 0 0 0 0 0
83 1 0.1 5.47166 2.33047 0.170646 0.0751973 -0.0258069 0.0147453 0.206199 -0.0627336 -0.268018 1 0 0 0 0 0 0 0
84 1 0.1 5.1112 2.43098 0.136173 0.00653881 -0.0117494 0.000774736 -0.306451 -0.0403019 0.207035 1 0 0 0 0 0 0 0
85 1 0.1 5.06318 2.62821 0.134159 0.107797 -0.0129561 -0.00216399 0.113077 1.14049 -0.372911 1 0 0 0 0 0 0 0
86 1 0.1 5.03323 2.85929 0.267808 0.124754 -0.0146298 -0.026622 -0.373082 0.446484 0.0473347 1 0 0 0 0 0 0 0
87 1 0.1 4.98824 2.99588 0.136107 0.0469431 -0.027962 -0.0131765 -0.0620066 1.10916 -0.321836 1 0 0 0 0 0 0 0
88 1 0.1 4.88736 3.16307 0.136867 0.0785487 -0.0199502 0.00692757 -0.24542 0.00310084 -0.0295929 1 0 0 0 0 0 0 0
89 1 0.1 4.95579 3.36129 0.134301 0.0768548 0.0284966 -0.00123651 -0.226131 0.810625 -2.62559 1 0 0 0 0 0 0 0
90 1 0.1 5.10805 3.49031 0.1376 0.139649 -0.0509372 -0.031465 0.283606 -0.0459915 0.677027 1 0 0 0 0 0 0 0
91 1 0.1 5.47336 3.59858 0.138152 0.0140298 -0.00362648 0.00475757 -0.04314 -0.255023 0.0994307 1 0 0 0 0 0 0 0
92 1 0.1 5.66936 3.65238 0.137432 -0.0320264 0.0273035 -0.0146544 -0.316854 0.121389 -0.102519 1 0 0 0 0 0 0 0
93 1 0.1 5.64722 3.85079 0.133342 0.00693657 0.0168637 -0.00418776 -0.0935444 0.0702827 -0.00920223 1 0 0 0 0 0 0 0
94 1 0.1 5.66342 4.05501 0.137477 -0.00805786 -0.0116792 0.000529749 0.0897041 -0.0384983 0.016343 1 0 0 0 0 0 0 0
95 1 0.1 5.85762 4.1025 0.137538 -0.00896494 -0.0064551 -0.00363015 0.169768 0.131759 0.0541328 1 0 0 0 0 0 0 0
96 1 0.1 6.04279 4.20355 0.137332 -0.0535192 0.0122652 0.000783586 -0.121954 -0.53683 -0.0383614 1 0 0 0 0 0 0 0
97 1 0.1 6.13281 4.62044 0.223411 -0.0241241 -0.0237213 -0.0106501 0.0894866 0.303319 -0.631758 1 0 0 0 0 0 0 0
98 1 0.1 6.32096 5.03656 0.137519 0.00913085 0.00686479 -0.000184458 0.0684257 -0.103331 0.00409996 1 0 0 0 0 0 0 0
99 1 0.1 6.44044 5.19651 0.137449 0.00879354 0.00543642 -0.000419573 -0.0746161 0.104656 -0.00754161 1 0 0 0 0 0 0 0
100 1 0.1 6.54011 0.941939 0.203795 0.00193632 -0.00228669 0.002966 0.039459 -0.0217756 0.000893961 1 0 0 0 0 0 0 0
101 1 0.1 6.43742 1.10007 0.137354 0.00138368 -0.00393376 -0.000964225 -0.0249096 0.0469969 -0.0240029 1 0 0 0 0 0 0 0
102 1 0.1 6.32025 1.22973 0.234128 0.000824922 -0.0042271 -0.00184761 -0.0142461 -0.011319 0.0717597 1 0 0 0 0 0 0 0
103 1 0.1 5.86246 2.19993 0.161788 0.0350408 0.0372893 -0.0726876 -2.29398 0.0828059 -0.385153 1 0 0 0 0 0 0 0
104 1 0.1 5.5939 2.84834 0.321988 0.14367 0.0566758 0.00210995 0.300943 -0.112943 0.525031 1 0 0 0 0 0 0 0
105 1 0.1 5.706 2.32295 0.137265 0.0350188 0.0170795 -0.0015824 -0.156484 0.285142 -0.0332385 1 0 0 0 0 0 0 0
106 1 0.1 5.62973 2.50292 0.179593 0.0719954 -0.0073048 0.171863 0.273195 -0.533804 0.014753 1 0 0 0 0 0 0 0
107 1 0.1 5.4811 3.01314 0.331107 0.0975737 0.0242622 -0.0471034 0.117336 -0.123559 0.721938 1 0 0 0 0 0 0 0
108 1 0.1 5.3614 2.8571 0.13715 0.055899 -0.00680883 0.000617368 0.0830695 0.615417 -0.0686042 1 0 0 0 0 0 0 0
109 1 0.1 5.4356 2.52359 0.136596 0.108667 -0.0235604 -0.00356723 -0.448501 -0.962447 0.0837743 1 0 0 0 0 0 0 0
110 1 0.1 5.26167 2.61909 0.147543 0.106911 -0.0390429 -0.0303045 0.309341 0.479659 -0.0494694 1 0 0 0 0 0 0 0
111 1 0.1 5.17022 2.79654 0.137375 0.131138 -0.0260711 -0.0030343 -0.315959 0.524421 -0.0728457 1 0 0 0 0 0 0 0
112 1 0.1 5.21352 2.99136 0.137377 0.0385948 -0.0071661 -0.0118682 0.0107047 0.22344 0.167155 1 0 0 0 0 0 0 0
113 1 0.1 5.1035 3.15794 0.137122 0.0256388 -0.00684608 0.0138265 0.090392 0.158177 0.00797717 1 0 0 0 0 0 0 0
114 1 0.1 5.20313 3.31925 0.197801 0.0312076 -0.00527962 0.0211462 0.342484 0.570014 0.267869 1 0 0 0 0 0 0 0
115 1 0.1 5.34174 3.44821 0.136878 0.00686924 0.00260085 0.00432094 -0.258936 -0.216494 -0.10157 1 0 0 0 0 0 0 0
116 1 0.1 5.38805 3.25493 0.13646 -0.00295412 -0.0011029 -0.000255152 0.103859 -0.12521 -0.0293965 1 0 0 0 0 0 0 0
117 1 0.1 5.54578 3.36512 0.189239 -0.0460665 0.0589854 -0.0161384 -0.0208997 0.0353451 0.554209 1 0 0 0 0 0 0 0
118 1 0.1 5.86694 3.68229 0.137462 -0.0427442 0.012942 0.00157927 -0.127401 -0.421895 -0.005047 1 0 0 0 0 0 0 0
119 1 0.1 5.84384 3.88663 0.137694 -0.0115098 0.115281 0.00474143 -0.168412 -0.268916 1.00726 1 0 0 0 0 0 0 0
120 1 0.1 5.77521 3.36816 0.18307 -0.742062 -0.281022 -0.449681 -1.30916 7.83114 -2.91797 1 0 0 0 0 0 0 0
121 1 0.1 5.98467 3.79091 0.257106 -0.0788012 0.0158394 0.0230304 -0.135704 -0.224591 -0.160692 1 0 0 0 0 0 0 0
122 1 0.1 6.0866 4.34619 0.270162 -0.057327 0.0145351 -0.000663513 -0.0481872 0.0986339 -0.306796 1 0 0 0 0 0 0 0
123 1 0.1 6.2847 4.71779 0.137447 -0.0325425 -0.00926395 -9.83713e-06 0.0863013 -0.330824 0.767475 1 0 0 0 0 0 0 0
124 1 0.1 6.36622 4.86994 0.238365 -0.0362519 -0.0072898 -0.00550262 -0.0995932 0.430771 -0.790141 1 0 0 0 0 0 0 0
125 1 0.1 6.05935 0.965123 0.356064 0.00176755 -0.00167671 0.00242282 0.00614058 -0.0158925 -0.0168452 1 0 0 0 0 0 0 0
126 1 0.1 5.8949 1.12835 0.349686 -0.0090028 0.00838966 -0.00131103 0.0124251 0.0331326 0.136047 1 0 0 0 0 0 0 0
127 1 0.1 5.71812 1.30382 0.361364 -0.0014146 0.00207666 0.00159914 0.0135865 -0.00507109 0.0333093 1 0 0 0 0 0 0 0
128 1 0.1 5.56854 1.45273 0.349951 -0.00148976 0.00176272 0.000482322 -0.0119213 -0.0112264 0.0123565 1 0 0 0 0 0 0 0
129 1 0.1 5.42839 1.59517 0.357042 -0.00139804 0.00352119 -0.00353345 3.39122e-05 0.0157171 0.0222081 1 0 0 0 0 0 0 0
130 1 0.1 5.22385 1.79727 0.337139 -0.0037574 0.0127795 -0.0155616 0.102036 -0.175211 -0.111006 1 0 0 0 0 0 0 0
131 1 0.1 5.04115 1.98217 0.346872 -0.0545539 0.0471016 -0.00713661 -0.137489 -0.0440393 0.706273 1 0 0 0 0 0 0 0
132 1 0.1 4.87464 2.13892 0.348213 -0.00105934 -0.00124409 -0.00990946 -0.0338757 0.123441 0.0525622 1 0 0 0 0 0 0 0
133 1 0.1 4.73347 2.28118 0.352408 0.00384035 0.00606585 0.0345656 0.23533 -0.36256 -0.0625673 1 0 0 0 0 0 0 0
134 1 0.1 4.59266 2.42302 0.354509 -0.00215538 0.00241891 0.0170652 -0.04562 0.0161188 -0.0299246 1 0 0 0 0 0 0 0
135 1 0.1 4.35388 2.66889 0.350188 0.000571174 0.00262734 0.0107117 0.0622081 -0.0485837 0.0209524 1 0 0 0 0 0 0 0
136 1 0.1 4.1929 2.82924 0.348083 0.00139557 0.00015204 -0.00399828 0.0287043 0.0070874 0.0309102 1 0 0 0 0 0 0 0
137 1 0.1 4.20999 3.02699 0.341494 0.0121333 -0.000258331 -1.62607e-05 0.0181032 0.103837 -0.0218799 1 0 0 0 0 0 0 0
138 1 0.1 4.23786 3.22344 0.349229 -0.000544646 -0.000507388 -0.00104696 0.00258717 0.047872 0.134076 1 0 0 0 0 0 0 0
139 1 0.1 4.43572 3.41402 0.349954 -0.0148334 -0.0195667 0.00171297 0.00320804 -0.02504 -0.254806 1 0 0 0 0 0 0 0
140 1 0.1 4.57933 3.55804 0.355639 -0.00523303 -0.0101981 0.0256115 0.0156714 -0.386926 -0.130703 1 0 0 0 0 0 0 0
141 1 0.1 4.75558 3.73214 0.355505 -0.0178113 -0.0179451 0.00316958 -0.311665 0.326089 -0.155036 1 0 0 0 0 0 0 0
142 1 0.1 4.94127 3.92367 0.345738 -0.0148442 -0.0258771 -0.0176041 -0.017599 0.170885 -0.31197 1 0 0 0 0 0 0 0
143 1 0.1 5.08252 4.06517 0.349985 -0.0164062 -0.025973 0.000793877 0.0635685 -0.0496033 -0.29736 1 0 0 0 0 0 0 0
144 1 0.1 5.22829 4.21287 0.344554 -0.011934 -0.0051984 0.0179758 -0.113756 -0.162545 -0.14025 1 0 0 0 0 0 0 0
145 1 0.1 5.37248 4.35655 0.352099 -0.019462 -0.0157581 0.0153498 -0.235864 0.205785 -0.271792 1 0 0 0 0 0 0 0
146 1 0.1 5.51345 4.49789 0.349773 -0.0205465 -0.0145316 -0.00295472 0.100864 -0.156063 0.195754 1 0 0 0 0 0 0 0
147 1 0.1 5.65488 4.63915 0.350927 -0.0202848 -0.0130148 0.000644384 -0.0862064 0.128213 -0.202791 1 0 0 0 0 0 0 0
148 1 0.1 5.7976 4.78138 0.351069 -0.000709849 -0.000380166 0.00392115 -0.0458631 -0.0172308 -0.00514869 1 0 0 0 0 0 0 0
149 1 0.1 5.93881 4.92287 0.350087 -0.000365162 -0.000450462 0.000535945 -0.0103824 0.00776101 0.00184138 1 0 0 0 0 0 0 0
150 1 0.1 6.20354 0.819032 0.352854 0.00359092 -0.00294511 0.00361872 0.00622566 -0.0383897 -0.0421933 1 0 0 0 0 0 0 0
151 1 0.1 5.91616 1.32718 0.350577 -0.00230059 0.00804565 0.00340421 -0.00551163 -0.00846062 0.0297298 1 0 0 0 0 0 0 0
152 1 0.1 5.78946 1.4779 0.294409 0.000426647 -0.0012741 -0.00282906 -0.0670441 0.0253639 -0.0604048 1 0 0 0 0 0 0 0
153 1 0.1 5.80362 1.67714 0.299351 -0.00653988 -0.00207399 -0.00218019 0.0428646 0.0598485 0.0796261 1 0 0 0 0 0 0 0
154 1 0.1 5.61561 1.7306 0.337598 -0.00204414 -0.000540286 -0.00731934 0.100149 -0.0833701 -0.124147 1 0 0 0 0 0 0 0
155 1 0.1 5.4096 1.7874 0.408664 -0.00358624 0.00480286 0.000546967 -0.0676683 0.0222454 0.0461514 1 0 0 0 0 0 0 0
156 1 0.1 5.22427 2.04145 0.401446 -0.033046 0.0392506 -0.00330787 0.449978 0.0929804 -0.685879 1 0 0 0 0 0 0 0
157 1 0.1 5.06117 2.16992 0.412694 -0.0155014 0.0367979 0.0161411 0.408542 -0.296107 -0.545959 1 0 0 0 0 0 0 0
158 1 0.1 4.92421 2.32427 0.384227 0.00936494 -0.00727238 -0.0141763 0.104943 0.125544 -0.108447 1 0 0 0 0 0 0 0
159 1 0.1 4.77449 2.50599 0.351279 -0.0558138 0.117172 -0.0731091 -1.50074 0.349357 1.16186 1 0 0 0 0 0 0 0
160 1 0.1 4.5438 2.61413 0.379276 0.00636005 -0.000391769 -0.00767464 -0.240441 0.248975 -0.0533671 1 0 0 0 0 0 0 0
161 1 0.1 4.45138 2.83362 0.399914 0.0285317 6.66287e-06 -0.00596611 -0.0834015 0.438304 -0.208097 1 0 0 0 0 0 0 0
162 1 0.1 4.40121 3.02689 0.396542 0.0127952 -0.00900976 -0.0107098 0.274418 0.00467163 -0.0103408 1 0 0 0 0 0 0 0
163 1 0.1 4.43827 3.22293 0.408829 0.0150284 -0.0123403 0.0231081 0.0567842 -0.28712 -0.0920827 1 0 0 0 0 0 0 0
164 1 0.1 4.6184 3.3735 0.42046 -0.017698 -0.0195537 0.0108397 0.0720412 -0.123457 0.26464 1 0 0 0 0 0 0 0
165 1 0.1 4.77131 3.53766 0.399304 -0.0178442 -0.0149568 0.0358538 -1.4071 0.0567619 -0.191936 1 0 0 0 0 0 0 0
166 1 0.1 4.99785 3.73398 0.32824 -0.0244396 -0.0314287 -0.0107828 -0.456442 0.696732 0.0531464 1 0 0 0 0 0 0 0
167 1 0.1 5.15061 3.84544 0.384964 -0.0268475 -0.0475531 -0.0274898 0.108464 0.370807 -0.396202 1 0 0 0 0 0 0 0
168 1 0.1 5.27408 4.02862 0.398175 -0.0164142 -0.012443 -0.00221536 0.369455 -0.0656816 0.136379 1 0 0 0 0 0 0 0
169 1 0.1 5.41107 4.17064 0.414177 -0.0234409 -0.0151722 0.0270754 -0.0225974 0.209583 0.198 1 0 0 0 0 0 0 0
170 1 0.1 5.5586 4.30582 0.403152 -0.021343 -0.0171826 -0.00238459 -0.00158018 0.0423539 0.150903 1 0 0 0 0 0 0 0
171 1 0.1 5.70133 4.43075 0.340376 -0.0159603 -0.0120013 0.0233859 0.173118 -0.234619 -0.165224 1 0 0 0 0 0 0 0
172 1 0.1 5.88825 4.49259 0.307012 -0.0177879 -0.00146782 0.0276029 -0.41735 0.105494 0.31837 1 0 0 0 0 0 0 0
173 1 0.1 5.97007 4.68564 0.31917 0.00602589 0.0122938 0.0130093 -0.16064 0.0229846 0.198976 1 0 0 0 0 0 0 0
174 1 0.1 6.21432 5.19694 0.350907 0.00414456 0.00805777 0.000200512 0.0364002 -0.0185823 0.0737938 1 0 0 0 0 0 0 0
175 1 0.1 6.34903 0.675685 0.338141 0.00164825 -0.00381855 0.00303067 0.0210968 -0.0233362 -0.0362426 1 0 0 0 0 0 0 0
176 1 0.1 6.09129 1.15957 0.322586 -0.0107869 -0.000598049 0.00186921 -0.00455914 -0.0384509 0.15945 1 0 0 0 0 0 0 0
177 1 0.1 5.98211 1.58753 0.298751 -0.00752333 0.00194381 0.00228464 -0.106826 -0.107073 -0.0461783 1 0 0 0 0 0 0 0
178 1 0.1 5.91911 1.77124 0.43229 -0.00956244 -0.00175532 -1.98982e-05 0.0769636 0.00644851 0.0526723 1 0 0 0 0 0 0 0
179 1 0.1 5.73903 1.88406 0.409644 -0.0144077 0.00900147 -0.0256039 0.054937 -0.0912677 -0.19637 1 0 0 0 0 0 0 0
180 1 0.1 5.54685 1.9286 0.377322 -0.0130846 0.0169727 -0.0249586 -0.129534 0.108812 0.102345 1 0 0 0 0 0 0 0
181 1 0.1 5.39299 2.02839 0.295047 -0.0203419 0.00204981 0.0175462 0.162716 -0.359909 -0.155677 1 0 0 0 0 0 0 0
182 1 0.1 5.28363 2.22237 0.344272 0.0402318 0.0450479 0.0699931 0.561845 0.0189388 -0.243752 1 0 0 0 0 0 0 0
183 1 0.1 5.10852 2.33647 0.313265 0.0229356 0.0553745 0.0626875 -0.0812451 -0.451627 0.629823 1 0 0 0 0 0 0 0
184 1 0.1 4.98879 2.50635 0.412077 0.00951011 -0.0121193 -0.0104492 -0.0540623 -0.161287 0.112738 1 0 0 0 0 0 0 0
185 1 0.1 4.83734 2.68511 0.41413 0.0618054 0.0714704 -0.0582823 2.20854 -1.1753 -1.08938 1 0 0 0 0 0 0 0
186 1 0.1 4.643 2.7864 0.377527 0.0116488 -0.0135695 -0.0918895 -0.254436 0.551296 0.049935 1 0 0 0 0 0 0 0
187 1 0.1 4.56378 2.98592 0.287442 0.0146267 -0.029767 -0.0192699 -0.298673 0.087566 0.130445 1 0 0 0 0 0 0 0
188 1 0.1 4.62792 3.18366 0.359883 0.0116706 -0.0274524 0.0137934 -0.275231 0.492839 0.0330418 1 0 0 0 0 0 0 0
189 1 0.1 4.80926 3.31759 0.400485 -0.0068217 0.0244265 0.0220653 -0.0473195 0.000135058 0.174519 1 0 0 0 0 0 0 0
190 1 0.1 4.97313 3.49967 0.385704 -0.00648456 -0.00365849 -0.0253756 0.330165 -0.541761 -0.38834 1 0 0 0 0 0 0 0
191 1 0.1 5.18359 3.66045 0.321478 -0.00877283 -0.0298475 -0.0440734 -0.487036 -0.601036 0.313249 1 0 0 0 0 0 0 0
192 1 0.1 5.32686 3.86813 0.297343 -0.014944 -0.016705 0.00381581 0.0935756 -0.432558 -0.276315 1 0 0 0 0 0 0 0
193 1 0.1 5.49375 3.96696 0.345235 -0.0177979 -0.00487581 -0.00149753 -0.137179 0.210631 0.468694 1 0 0 0 0 0 0 0
194 1 0.1 5.66002 3.97818 0.455191 -0.0594991 -0.0186964 0.0603703 0.192349 -0.968632 -0.611724 1 0 0 0 0 0 0 0
195 1 0.1 5.78173 4.11499 0.375049 -0.0701064 -0.0525067 -0.00753997 -0.0109795 2.31031 -0.0264717 1 0 0 0 0 0 0 0
196 1 0.1 5.85225 4.3017 0.363334 -0.0557937 -0.0541478 0.0549893 1.07348 -1.23485 -0.195934 1 0 0 0 0 0 0 0
197 1 0.1 6.00444 4.15287 0.326753 -0.0725581 0.00872725 -0.00441677 0.054026 0.193338 0.589263 1 0 0 0 0 0 0 0
198 1 0.1 6.11816 4.81906 0.30978 7.89745e-05 0.0121654 -0.00462347 0.144089 -0.13194 -0.115419 1 0 0 0 0 0 0 0
199 1 0.1 6.35558 5.33839 0.350051 0.00488024 0.00750935 0.000158694 -0.00131748 0.00169688 0.00297687 1 0 0 0 0 0 0 0
200 1 0.1 6.39386 0.869518 0.3193 0.0035321 -0.00525552 0.00265327 -0.0200043 0.0590505 0.0092432 1 0 0 0 0 0 0 0
201 1 0.1 6.25 1.01015 0.316571 -0.000831394 0.000265246 -0.00221079 -0.159084 0.0830349 0.0220767 1 0 0 0 0 0 0 0
202 1 0.1 6.09225 1.41485 0.31554 -0.00398131 0.0116344 0.00410615 -0.0867795 -0.0447527 0.0320364 1 0 0 0 0 0 0 0
203 1 0.1 5.8162 2.33284 0.303927 0.103499 -0.0153728 -0.0417775 0.207682 1.48598 0.543173 1 0 0 0 0 0 0 0
204 1 0.1 5.70131 2.47153 0.39082 0.16097 0.0327069 -0.0298173 -0.818752 -0.419528 -0.618766 1 0 0 0 0 0 0 0
205 1 0.1 5.76953 2.07411 0.308812 0.00582429 0.0108905 0.00675336 0.0566533 -0.372509 0.198586 1 0 0 0 0 0 0 0
206 1 0.1 5.57372 2.11344 0.30719 0.000570424 0.0152776 -0.0380538 -0.000316022 -0.137842 -0.216804 1 0 0 0 0 0 0 0
207 1 0.1 5.4624 2.2214 0.433221 0.0477692 0.0348714 -0.0345189 -0.370958 0.7288 0.232882 1 0 0 0 0 0 0 0
208 1 0.1 5.2708 2.45053 0.25498 -0.0252709 -0.0114352 0.0440584 -0.135635 -0.336253 -0.570881 1 0 0 0 0 0 0 0
209 1 0.1 5.20842 2.62654 0.336811 0.0859114 0.00736373 -0.0533553 -0.819 -0.700193 -0.0699796 1 0 0 0 0 0 0 0
210 1 0.1 5.19876 2.81897 0.369155 0.148015 -0.0058623 -0.0685395 0.700401 0.430149 -0.577178 1 0 0 0 0 0 0 0
211 1 0.1 5.01018 2.67247 0.317117 0.0838809 -0.015662 -0.00492482 0.0197287 -1.40386 -0.144534 1 0 0 0 0 0 0 0
212 1 0.1 4.73728 2.9607 0.383454 0.0841988 -0.055402 -0.155674 0.16743 0.603888 -0.589199 1 0 0 0 0 0 0 0
213 1 0.1 4.81784 3.13345 0.323019 0.0271938 0.0297383 0.0199257 0.0798481 -0.0777662 0.17007 1 0 0 0 0 0 0 0
214 1 0.1 5.03748 3.32919 0.307816 0.0133826 -0.0189925 0.017986 -0.47219 -1.04687 0.144976 1 0 0 0 0 0 0 0
215 1 0.1 5.18142 3.46238 0.335397 0.00167139 -0.028588 0.0363813 -0.339035 0.0727453 -0.233093 1 0 0 0 0 0 0 0
216 1 0.1 5.3568 3.55107 0.304593 -0.00707252 -0.0157463 0.0214918 0.506079 0.168055 0.345183 1 0 0 0 0 0 0 0
217 1 0.1 5.40293 3.71632 0.401314 -0.0135551 -0.0196944 0.0162271 -0.27774 0.639263 0.141843 1 0 0 0 0 0 0 0
218 1 0.1 5.57691 3.79124 0.301444 0.0164908 0.0226472 -0.00231074 0.0152077 0.0353471 -0.0429886 1 0 0 0 0 0 0 0
219 1 0.1 5.76915 3.84204 0.318962 0.0340657 -0.0401232 -0.00561242 0.0175183 -0.00116901 -0.598032 1 0 0 0 0 0 0 0
220 1 0.1 5.90301 3.74921 0.434808 -0.0261886 -0.0972355 0.0194615 0.06581 -0.426177 -0.192148 1 0 0 0 0 0 0 0
221 1 0.1 5.92158 3.97116 0.320294 0.0336901 -0.0402735 -0.00490839 0.0630889 0.0614974 0.593399 1 0 0 0 0 0 0 0
222 1 0.1 5.84424 3.57671 0.305894 -0.0160046 -0.029175 -0.0294414 0.342528 0.192295 -0.363914 1 0 0 0 0 0 0 0
223 1 0.1 6.19195 5.00491 0.300767 0.00864537 0.00990553 -0.00417051 0.011003 -0.06667 -0.0427405 1 0 0 0 0 0 0 0
224 1 0.1 6.38591 5.10062 0.315382 0.0021784 0.00344613 0.00307153 -0.0206927 0.0300157 0.0399828 1 0 0 0 0 0 0 0
225 1 0.1 6.52849 0.993485 0.399865 0.00407789 -0.00387848 -0.00378343 -0.0152957 -0.0145971 0.0217657 1 0 0 0 0 0 0 0
226 1 0.1 6.3855 1.13316 0.396364 0.00138916 -0.00542052 -0.0043347 0.0800507 -0.0369979 0.017116 1 0 0 0 0 0 0 0
227 1 0.1 6.20853 1.28953 0.419227 -0.0139567 0.00117098 0.00311118 0.120348 0.0467491 -0.211343 1 0 0 0 0 0 0 0
228 1 0.1 5.81273 2.58163 0.137421 0.0507189 -0.060492 -0.00185434 -0.202102 -0.128236 -0.907575 1 0 0 0 0 0 0 0
229 1 0.1 5.41114 3.05304 0.137431 0.0164913 -0.0104248 0.00130037 0.0158968 0.0907065 -0.281231 1 0 0 0 0 0 0 0
230 1 0.1 5.60735 3.18991 0.491364 0.0490554 -0.126407 -0.0584065 0.795735 0.469002 -0.601408 1 0 0 0 0 0 0 0
231 1 0.1 5.61095 2.30945 0.312144 0.0808733 0.00616641 0.0187428 0.129342 0.191989 0.289013 1 0 0 0 0 0 0 0
232 1 0.1 5.47343 2.45268 0.328606 0.081107 -0.000813314 -0.00583196 -0.501646 -0.178507 -0.194635 1 0 0 0 0 0 0 0
233 1 0.1 5.57302 2.62435 0.403431 0.131708 0.0262053 -0.0579645 0.61344 0.152589 0.907766 1 0 0 0 0 0 0 0
234 1 0.1 5.40365 2.63659 0.29827 0.0987157 0.000156462 -0.0154411 0.344636 0.302761 0.0353162 1 0 0 0 0 0 0 0
235 1 0.1 5.3948 2.83286 0.332237 0.146051 0.0085838 -0.015935 -0.349523 0.313907 -0.39924 1 0 0 0 0 0 0 0
236 1 0.1 5.29078 2.99329 0.38831 0.119402 -0.00424445 0.000678209 0.395053 0.258104 0.930567 1 0 0 0 0 0 0 0
237 1 0.1 4.93432 2.98332 0.388048 0.0746626 -0.0179633 -0.0803862 0.000802497 -1.3302 0.612944 1 0 0 0 0 0 0 0
238 1 0.1 5.00975 3.16421 0.406754 -0.0559615 0.00413462 0.0301842 0.0402946 -1.36389 0.446661 1 0 0 0 0 0 0 0
239 1 0.1 5.2234 3.2753 0.391304 -0.0235337 -0.0530827 0.0238851 0.564973 -0.245229 -0.494072 1 0 0 0 0 0 0 0
240 1 0.1 5.27521 3.1406 0.25461 0.00160455 -0.0127203 -0.00738643 0.119119 -0.34711 0.196441 1 0 0 0 0 0 0 0
241 1 0.1 5.38267 3.1634 0.436892 0.0457472 0.0223161 0.00131592 0.0143392 0.535628 0.0274995 1 0 0 0 0 0 0 0
242 1 0.1 5.39802 3.35702 0.337302 -0.386766 -0.0436134 -0.192088 -0.364091 4.47245 0.826055 1 0 0 0 0 0 0 0
243 1 0.1 5.52175 3.52679 0.414788 -0.00617541 -0.0436341 0.0275458 0.461819 -0.0989469 -0.0753319 1 0 0 0 0 0 0 0
244 1 0.1 5.66043 3.50562 0.272384 -0.0418655 0.0533352 -0.0173009 0.201573 0.238459 -0.372948 1 0 0 0 0 0 0 0
245 1 0.1 5.6304 3.18366 0.137316 0.0107162 0.0303274 -0.0047928 -0.292646 0.0807542 -0.0641677 1 0 0 0 0 0 0 0
246 1 0.1 5.68137 3.32575 0.356444 -0.0291232 0.0481497 -0.0195813 -0.121816 0.184207 0.218741 1 0 0 0 0 0 0 0
247 1 0.1 6.05336 4.47596 0.418381 -0.00266122 0.0178316 0.00927672 0.152024 0.142277 -0.257971 1 0 0 0 0 0 0 0
248 1 0.1 6.17897 4.63246 0.417566 -0.0312507 -0.02494 -0.0113972 -0.2999 0.587761 0.117854 1 0 0 0 0 0 0 0
249 1 0.1 6.28763 4.82155 0.415729 -0.00538141 -0.0126194 0.0072894 0.40908 0.0899506 0.242389 1 0 0 0 0 0 0 0
250 1 0.1 6.1132 0.910694 0.55086 0.00693968 -0.00842844 0.000318893 -0.00600005 -0.0251891 -0.0122698 1 0 0 0 0 0 0 0
251 1 0.1 5.88947 1.13298 0.549527 0.00377654 -0.00378253 -0.000768938 -0.0152169 0.00420496 -0.0356698 1 0 0 0 0 0 0 0
252 1 0.1 5.75102 1.27557 0.564774 0.00722307 -0.00575151 -0.00128817 0.00501564 -0.0035905 0.0311614 1 0 0 0 0 0 0 0
253 1 0.1 5.55695 1.46825 0.554613 -0.00358071 0.00315186 -0.00354068 -0.017089 0.0315153 0.0463941 1 0 0 0 0 0 0 0
254 1 0.1 5.35366 1.6717 0.561284 -0.00528838 0.000578984 -0.00630392 -0.0439112 0.0596144 0.0387432 1 0 0 0 0 0 0 0
255 1 0.1 5.21118 1.81121 0.552813 0.00258227 0.00547109 0.0214489 0.37684 0.0231549 -0.0630396 1 0 0 0 0 0 0 0
256 1 0.1 5.06041 1.96345 0.549076 -0.00744669 0.000546346 0.0175279 0.146836 -0.108437 0.0692145 1 0 0 0 0 0 0 0
257 1 0.1 4.89749 2.12452 0.549533 0.0036799 -0.00104319 0.000661884 0.00204431 -0.00702962 -0.0335561 1 0 0 0 0 0 0 0
258 1 0.1 4.7583 2.26741 0.562372 0.00669719 -9.40098e-05 0.000614476 0.00490086 -0.00306601 0.0237058 1 0 0 0 0 0 0 0
259 1 0.1 4.61575 2.40671 0.552156 -0.00129622 -0.00177986 0.00957384 0.0488103 0.00129239 -0.047998 1 0 0 0 0 0 0 0
260 1 0.1 4.41418 2.60941 0.550009 0.0500842 -0.0462331 -0.000332095 0.000838502 6.47344e-05 -0.00148508 1 0 0 0 0 0 0 0
261 1 0.1 4.27235 2.7502 0.552368 0.0505647 -0.0458534 0.00733853 0.0681388 -0.0495008 -0.71625 1 0 0 0 0 0 0 0
262 1 0.1 4.22224 2.97711 0.546388 0.0318762 0.000598651 -0.00183415 0.0705064 -0.017321 -0.460026 1 0 0 0 0 0 0 0
263 1 0.1 4.19148 3.17018 0.548549 -0.00483692 -0.00576761 -0.00551037 0.2062 -0.0945775 -0.34437 1 0 0 0 0 0 0 0
264 1 0.1 4.33342 3.31012 0.554699 -0.00731062 -0.00746875 0.00485844 0.0742443 -0.172421 -0.183635 1 0 0 0 0 0 0 0
265 1 0.1 4.51469 3.49593 0.551739 -0.0092406 -0.0232285 0.00626634 0.0395923 -0.0985396 -0.307715 1 0 0 0 0 0 0 0
266 1 0.1 4.72463 3.70631 0.551142 -0.00194053 -0.000609911 -0.00278142 0.109914 0.0918864 -0.0293813 1 0 0 0 0 0 0 0
267 1 0.1 4.87574 3.85406 0.520391 -0.00789965 -0.0130588 -0.0144818 0.0929894 0.100445 -0.129749 1 0 0 0 0 0 0 0
268 1 0.1 5.01509 3.99688 0.564148 0.01095 0.0184523 0.0127306 -0.0319094 -0.138574 0.261714 1 0 0 0 0 0 0 0
269 1 0.1 5.15657 4.13208 0.524357 0.00741677 0.00769233 -0.0111476 0.0180587 0.0135395 -0.00686673 1 0 0 0 0 0 0 0
270 1 0.1 5.29339 4.27536 0.550021 0.00220084 0.00397223 0.00266485 0.100404 -0.0962302 0.0197679 1 0 0 0 0 0 0 0
271 1 0.1 5.43556 4.41569 0.555396 0.000481439 -0.00252527 0.0070426 -0.102825 0.0341269 -0.0732592 1 0 0 0 0 0 0 0
272 1 0.1 5.57586 4.55782 0.550261 -0.00149311 -0.000939705 -0.000507416 0.0459066 -0.0307649 -0.0316305 1 0 0 0 0 0 0 0
273 1 0.1 5.71932 4.69617 0.56554 0.000492877 -0.00313772 0.00421722 -0.0259112 -0.053013 -0.0489818 1 0 0 0 0 0 0 0
274 1 0.1 5.85797 4.83933 0.550248 -0.000981084 -0.00235319 0.00164915 -0.0848544 0.0341963 0.00664879 1 0 0 0 0 0 0 0
275 1 0.1 6.25493 0.769918 0.548808 0.00948751 -0.00985461 0.00125916 -0.00971349 0.0262057 0.00658814 1 0 0 0 0 0 0 0
276 1 0.1 5.98944 1.30611 0.545877 -0.00767228 0.00233722 -0.00125907 0.0183047 0.0350798 0.0234328 1 0 0 0 0 0 0 0
277 1 0.1 5.84662 1.43874 0.501289 -0.00819809 0.00403753 0.00383604 0.0411613 -0.00807834 0.13706 1 0 0 0 0 0 0 0
278 1 0.1 5.72731 1.59399 0.463765 -0.00701547 0.000264457 -0.00202556 -0.0197873 -0.0859929 0.00339376 1 0 0 0 0 0 0 0
279 1 0.1 5.5468 1.66351 0.512768 -0.00941984 0.00132528 -0.0125133 -0.0733305 0.0127214 0.00721131 1 0 0 0 0 0 0 0
280 1 0.1 5.41882 1.86083 0.593604 -0.0159265 0.0156882 -0.00181101 -0.0715783 -0.210205 -0.228731 1 0 0 0 0 0 0 0
281 1 0.1 5.26725 1.9982 0.590587 -0.0209146 0.0180813 -0.00312581 -0.454186 0.133242 0.500687 1 0 0 0 0 0 0 0
282 1 0.1 5.10139 2.15014 0.607234 -0.037892 0.00690304 0.0155911 -0.161773 0.104774 0.247334 1 0 0 0 0 0 0 0
283 1 0.1 4.94281 2.33404 0.600761 -0.0340179 0.0378055 0.128279 -1.35576 -1.86691 0.0985147 1 0 0 0 0 0 0 0
284 1 0.1 4.80588 2.49434 0.558648 0.0549553 0.0997432 0.0259773 1.00145 -0.917223 1.21771 1 0 0 0 0 0 0 0
285 1 0.1 4.63903 2.60444 0.555741 -0.00767376 0.000279434 0.00871509 -0.0241532 0.0211654 0.0854278 1 0 0 0 0 0 0 0
286 1 0.1 4.55726 2.78508 0.573641 0.0501674 0.025672 0.0118659 0.148517 -0.00106031 -0.91052 1 0 0 0 0 0 0 0
287 1 0.1 4.39828 2.89923 0.580291 0.0221041 -0.0196443 0.00173478 -0.212928 -0.00853906 1.11594 1 0 0 0 0 0 0 0
288 1 0.1 4.37571 3.09882 0.585393 0.0194993 0.0081683 -0.00826786 0.158187 0.203087 0.706212 1 0 0 0 0 0 0 0
289 1 0.1 4.53078 3.29911 0.583252 -0.0101008 -0.0201203 0.0112829 -0.154743 0.0873119 0.026551 1 0 0 0 0 0 0 0
290 1 0.1 4.71092 3.50493 0.586295 -0.00824971 -0.011804 0.0387189 1.27054 -0.17272 0.675435 1 0 0 0 0 0 0 0
291 1 0.1 4.90462 3.657 0.486532 -0.00457366 -0.0105772 0.00206053 0.430783 -0.333372 -0.29482 1 0 0 0 0 0 0 0
292 1 0.1 5.06231 3.80211 0.557792 -0.0148558 -0.0036051 -0.00836744 0.613048 -0.447958 0.307853 1 0 0 0 0 0 0 0
293 1 0.1 5.20406 3.9409 0.563588 -0.00297309 -0.0189475 -0.00350174 -0.129272 0.518126 -0.676232 1 0 0 0 0 0 0 0
294 1 0.1 5.34433 4.08205 0.581936 -0.0106918 0.00198893 -0.0129596 0.136533 -0.279051 0.314267 1 0 0 0 0 0 0 0
295 1 0.1 5.48362 4.22521 0.590579 0.00562091 -0.0056586 0.00881725 0.0945541 0.115749 0.150124 1 0 0 0 0 0 0 0
296 1 0.1 5.62612 4.36211 0.582546 -0.000838921 0.00339065 -0.0205681 -0.18445 0.246556 -0.0327673 1 0 0 0 0 0 0 0
297 1 0.1 5.77642 4.47803 0.525398 0.00249295 -0.00462958 -0.0220866 0.206164 -0.194441 -0.0682238 1 0 0 0 0 0 0 0
298 1 0.1 5.896 4.63364 0.49662 0.00344191 -0.00241818 0.0058434 0.0114823 0.036907 0.0618226 1 0 0 0 0 0 0 0
299 1 0.1 6.14765 5.13248 0.55205 -0.0015412 -0.000574322 -0.000945022 0.00654816 -0.0295373 0.0631717 1 0 0 0 0 0 0 0
300 1 0.1 6.39568 0.628023 0.549988 0.0110795 -0.0104112 9.29061e-05 -0.00111088 0.00127726 0.0023263 1 0 0 0 0 0 0 0
301 1 0.1 6.08395 1.10494 0.514706 0.00277408 -0.0079143 -0.000484142 -0.0122144 0.00310495 0.00918369 1 0 0 0 0 0 0 0
302 1 0.1 6.03046 1.51331 0.477598 -0.00889594 0.00945415 0.00210305 0.0615133 0.0936141 0.107639 1 0 0 0 0 0 0 0
303 1 0.1 5.89035 1.61894 0.576371 -0.010182 0.00273561 0.00428575 0.0248406 0.0122165 0.0566943 1 0 0 0 0 0 0 0
304 1 0.1 5.77119 1.77943 0.577006 -0.0218414 -0.013093 -0.0376247 -0.0803271 -0.69076 0.167456 1 0 0 0 0 0 0 0
305 1 0.1 5.61229 1.89988 0.564938 -0.018863 -0.0144217 -0.0194318 0.625792 0.504609 -0.147619 1 0 0 0 0 0 0 0
306 1 0.1 5.45278 2.04834 0.532978 -0.0929007 0.00795364 -0.0729267 -0.441168 -0.181372 -0.0454071 1 0 0 0 0 0 0 0
307 1 0.1 5.26992 2.23599 0.543036 -0.00235879 -0.012725 0.0783719 0.0641498 -0.653082 -0.458308 1 0 0 0 0 0 0 0
308 1 0.1 5.19291 2.45961 0.438941 -0.00859863 0.0841288 0.0436194 -0.406718 0.0989569 -0.615066 1 0 0 0 0 0 0 0
309 1 0.1 5.05766 2.49761 0.59417 0.0149418 -0.000766212 -0.00532831 0.0894051 0.180968 0.451973 1 0 0 0 0 0 0 0
310 1 0.1 4.91889 2.66244 0.594531 0.0940156 -0.0352258 -0.0620679 -1.3028 1.18154 0.945149 1 0 0 0 0 0 0 0
311 1 0.1 4.75285 2.76958 0.570701 0.0383109 -0.0969198 0.00514488 0.635665 0.0248223 -0.341012 1 0 0 0 0 0 0 0
312 1 0.1 4.56503 2.9676 0.49303 0.0164199 0.0187193 -0.00848308 0.131795 -0.292662 0.519784 1 0 0 0 0 0 0 0
313 1 0.1 4.64864 3.13736 0.552318 0.028918 0.00149614 0.0237385 0.408547 -0.0279863 -0.708013 1 0 0 0 0 0 0 0
314 1 0.1 4.74529 3.30801 0.590623 0.0473791 -0.00599845 -0.00612072 -0.644038 -0.0445515 0.304166 1 0 0 0 0 0 0 0
315 1 0.1 4.9092 3.49101 0.59644 -0.00547277 -0.0174119 -0.0255255 -0.0493556 0.985777 -0.37175 1 0 0 0 0 0 0 0
316 1 0.1 5.08708 3.5859 0.52393 -0.0190955 -0.0369331 0.00814771 0.0523446 -0.0430829 0.178264 1 0 0 0 0 0 0 0
317 1 0.1 5.23545 3.71569 0.509419 -0.0313362 -0.0182961 -0.000905654 -0.19065 0.0684266 0.0883822 1 0 0 0 0 0 0 0
318 1 0.1 5.38354 3.89159 0.493414 -0.0164429 -0.0223304 -0.00997822 0.0384508 -0.465215 0.0566829 1 0 0 0 0 0 0 0
319 1 0.1 5.51828 3.98655 0.606492 -0.0363595 -0.0382765 0.0223958 -0.132004 -0.132315 -0.433372 1 0 0 0 0 0 0 0
320 1 0.1 5.66449 4.14379 0.567091 0.0119575 0.00225126 0.0248964 -0.442131 -0.163217 0.0923228 1 0 0 0 0 0 0 0
321 1 0.1 5.80788 4.28277 0.558259 0.00121967 0.0091978 -0.0064594 -0.35628 -0.164738 0.146035 1 0 0 0 0 0 0 0
322 1 0.1 5.95698 4.41388 0.582133 8.7019e-05 0.00722936 0.00337323 -0.0193197 -0.129944 0.266811 1 0 0 0 0 0 0 0
323 1 0.1 6.04591 4.76446 0.487297 -0.0014161 0.00540419 -0.00701136 -0.045615 0.141124 0.0243189 1 0 0 0 0 0 0 0
324 1 0.1 6.28878 5.27411 0.550046 -0.000673976 -0.00131733 0.000100306 -0.0262551 0.0122488 -0.0048512 1 0 0 0 0 0 0 0
325 1 0.1 6.42692 0.866625 0.51638 0.00816904 -0.00344694 0.00247275 0.0264535 -0.0410293 0.0488585 1 0 0 0 0 0 0 0
326 1 0.1 6.28445 1.0068 0.513501 0.00437146 -0.0127426 -0.00371352 -0.166983 -0.0115587 0.0609214 1 0 0 0 0 0 0 0
327 1 0.1 6.16506 1.62154 0.578171 -0.011254 0.0173397 -0.00233236 0.0214085 0.0441336 0.0699408 1 0 0 0 0 0 0 0
328 1 0.1 6.05496 1.78846 0.577613 -0.0123199 0.0164999 -0.000721934 -0.197147 -0.0194164 0.0914796 1 0 0 0 0 0 0 0
329 1 0.1 5.89167 1.93868 0.566935 -0.0236547 -0.0160726 -0.0816567 -0.152225 0.575483 -0.214991 1 0 0 0 0 0 0 0
330 1 0.1 5.73251 2.05776 0.587445 -0.0206416 -0.0226139 0.0131366 0.455478 0.36738 0.277211 1 0 0 0 0 0 0 0
331 1 0.1 5.68069 2.21023 0.470171 0.0348585 0.0025889 0.0300948 -0.361636 -0.180288 -1.13366 1 0 0 0 0 0 0 0
332 1 0.1 5.57067 2.37311 0.50583 0.110326 0.077202 -0.0420142 0.241743 -0.264995 0.308999 1 0 0 0 0 0 0 0
333 1 0.1 5.39538 2.46824 0.511914 0.0697214 0.0168702 -0.0124592 0.343569 0.289419 0.442544 1 0 0 0 0 0 0 0
334 1 0.1 5.25803 2.60527 0.558001 0.102111 0.0412521 0.0392969 0.291147 -0.18793 -0.955384 1 0 0 0 0 0 0 0
335 1 0.1 5.1076 2.72812 0.599668 0.0715979 0.0276923 -0.0193754 0.191393 -0.984304 1.04547 1 0 0 0 0 0 0 0
336 1 0.1 4.98824 2.80612 0.461636 0.0918983 0.0225933 -0.0354572 -0.605484 0.980316 -1.46132 1 0 0 0 0 0 0 0
337 1 0.1 4.87191 2.92915 0.573731 0.0298003 -0.0893775 -0.00658213 -0.479269 0.388754 0.458253 1 0 0 0 0 0 0 0
338 1 0.1 4.84658 3.12528 0.550151 0.0230197 -0.089163 -0.00632058 0.30738 0.417543 -0.586195 1 0 0 0 0 0 0 0
339 1 0.1 4.9528 3.28908 0.579826 0.0447035 -0.110687 0.0168903 0.352188 0.169126 0.378604 1 0 0 0 0 0 0 0
340 1 0.1 5.10794 3.38878 0.508106 -0.00539239 -0.0342487 0.0244546 0.0753142 0.00286579 0.44458 1 0 0 0 0 0 0 0
341 1 0.1 5.30084 3.43673 0.492804 -0.00802136 -0.0260923 0.0384482 -0.0698321 -0.116262 -0.209047 1 0 0 0 0 0 0 0
342 1 0.1 5.41397 3.57804 0.575161 0.0127421 -0.048486 0.0305157 -0.0868242 0.0377582 -0.210269 1 0 0 0 0 0 0 0
343 1 0.1 5.565 3.78319 0.492657 -0.00612885 -0.0153495 -0.0120901 0.423454 -0.244279 0.0187534 1 0 0 0 0 0 0 0
344 1 0.1 5.73272 3.84309 0.583485 -0.00733201 -0.0381809 0.000487299 0.133339 0.150728 -0.142209 1 0 0 0 0 0 0 0
345 1 0.1 5.81036 3.65231 0.58311 -0.072653 -0.114897 -0.0265257 -0.227371 -0.637177 0.855489 1 0 0 0 0 0 0 0
346 1 0.1 5.84132 4.00388 0.535184 -0.0724235 0.0257797 0.0772659 0.119114 0.840872 1.23817 1 0 0 0 0 0 0 0
347 1 0.1 5.96286 4.16208 0.521969 -0.0241863 -0.0189968 0.00692921 0.171135 0.297411 -0.333748 1 0 0 0 0 0 0 0
348 1 0.1 6.10394 4.95463 0.47283 0.000120447 0.00490173 -0.00884395 0.0831725 -0.00375454 -0.0477166 1 0 0 0 0 0 0 0
349 1 0.1 6.29284 5.02009 0.472898 0.00137705 0.00159155 0.00104203 0.0199873 -0.0656478 0.0168687 1 0 0 0 0 0 0 0
350 1 0.1 6.447 1.09992 0.583401 -0.00284819 0.00112537 -0.00275789 -0.0639958 -0.00801533 -0.0265334 1 0 0 0 0 0 0 0
351 1 0.1 6.24901 1.19044 0.588155 0.00112173 -0.00339088 -0.00377648 0.0320573 0.0404459 0.0609482 1 0 0 0 0 0 0 0
352 1 0.1 6.16371 1.40357 0.577168 -0.0103469 0.011587 -0.00394493 0.113033 0.10467 -0.0945018 1 0 0 0 0 0 0 0
353 1 0.1 6.11165 1.67731 0.762546 -0.0114301 0.0123319 -2.11542e-05 0.00980555 -0.0144085 0.0368777 1 0 0 0 0 0 0 0
354 1 0.1 5.68136 2.685 0.246902 0.126777 0.0701188 -0.0409706 -0.125264 -0.157361 -0.817434 1 0 0 0 0 0 0 0
355 1 0.1 5.55615 2.91548 0.13746 -0.0112268 -0.0406953 -0.000558275 -0.0422547 -0.1093 -0.124737 1 0 0 0 0 0 0 0
356 1 0.1 5.63036 2.6106 0.594352 -0.0420279 0.0219661 -0.00693352 -0.246445 -2.05989 0.150325 1 0 0 0 0 0 0 0
357 1 0.1 5.60554 2.79705 0.526167 0.124792 -0.0318894 -0.270175 0.329696 2.34006 -0.61417 1 0 0 0 0 0 0 0
358 1 0.1 5.32019 2.78741 0.762704 0.0620483 -0.0061034 -0.010556 -0.0812301 -0.664053 -0.205519 1 0 0 0 0 0 0 0
359 1 0.1 5.43245 2.69699 0.525457 0.125864 -0.0311159 -0.0197907 -0.910712 0.531112 0.238868 1 0 0 0 0 0 0 0
360 1 0.1 5.46022 2.93383 0.51342 0.134345 0.00518819 -0.0477031 -0.0466308 0.0678265 0.320907 1 0 0 0 0 0 0 0
361 1 0.1 5.29588 2.83562 0.570518 0.131747 -0.00615016 -0.0388134 0.00660503 0.011446 -0.205283 1 0 0 0 0 0 0 0
362 1 0.1 5.13151 2.9331 0.513414 0.139307 0.00392491 -0.111845 -0.267046 -0.87022 0.182451 1 0 0 0 0 0 0 0
363 1 0.1 5.07474 3.1053 0.581436 0.0516746 -0.0490951 -0.00838091 1.01518 1.94242 1.22934 1 0 0 0 0 0 0 0
364 1 0.1 5.27942 3.05095 0.578169 0.0711024 -0.0410038 0.0104164 0.229081 -0.442393 1.16858 1 0 0 0 0 0 0 0
365 1 0.1 5.22384 3.24166 0.587295 0.00732092 -0.0839014 0.0255531 -0.117798 0.765223 -0.541858 1 0 0 0 0 0 0 0
366 1 0.1 5.46794 3.10903 0.609382 0.0455463 -0.0139114 -0.00289434 -0.305171 0.539538 -0.883672 1 0 0 0 0 0 0 0
367 1 0.1 5.41987 3.30043 0.577014 0.0415997 -0.00102194 0.0118514 0.424318 0.19653 0.77211 1 0 0 0 0 0 0 0
368 1 0.1 5.62435 3.57908 0.57987 -0.0703901 -0.130715 -0.0520335 -0.923591 0.261091 -0.837514 1 0 0 0 0 0 0 0
369 1 0.1 5.68779 3.6527 0.404607 0.0228174 0.0160441 0.00212622 0.165117 -0.163474 -0.431593 1 0 0 0 0 0 0 0
370 1 0.1 5.61568 3.38444 0.535969 -0.0571774 -0.150483 0.0359337 0.0658523 0.759913 1.20466 1 0 0 0 0 0 0 0
371 1 0.1 5.5293 3.20548 0.308052 0.00619341 0.0396853 -0.0189468 0.11915 -0.153916 0.177124 1 0 0 0 0 0 0 0
372 1 0.1 6.10741 4.28511 0.459378 -0.045412 -0.00328082 -0.0105636 0.168712 0.242117 0.39467 1 0 0 0 0 0 0 0
373 1 0.1 6.09571 4.57134 0.588768 0.0105826 0.00235106 0.0151897 -0.0503946 -0.149534 -0.0428936 1 0 0 0 0 0 0 0
374 1 0.1 6.21214 4.78324 0.596813 -0.00569121 -0.0314834 0.00341527 -0.0996008 -0.0473082 -0.487351 1 0 0 0 0 0 0 0
375 1 0.1 6.12886 0.894367 0.751696 0.000222523 0.000273369 0.000179731 0.00580917 0.00443355 0.0100443 1 0 0 0 0 0 0 0
376 1 0.1 5.8583 1.15996 0.749773 -0.000572666 0.00110984 -0.000228678 0.00298752 -0.00167684 0.0150511 1 0 0 0 0 0 0 0
377 1 0.1 5.71908 1.30304 0.762185 -0.00225829 0.00294338 0.00055505 0.00662958 0.00241794 0.0349332 1 0 0 0 0 0 0 0
378 1 0.1 5.57611 1.44351 0.753918 -0.00436902 0.0108546 0.00721922 0.061134 -0.0525073 0.113208 1 0 0 0 0 0 0 0
379 1 0.1 5.42984 1.59044 0.749633 -0.00886475 0.00949637 -0.00130315 -0.0401435 -0.0108563 0.128393 1 0 0 0 0 0 0 0
380 1 0.1 5.28716 1.73362 0.749968 -0.0128397 0.0171081 0.00199355 -0.0656162 -0.0694171 0.155509 1 0 0 0 0 0 0 0
381 1 0.1 5.14654 1.87571 0.754419 -0.0149977 0.0173481 -0.0133018 -0.0142285 0.0837249 0.085974 1 0 0 0 0 0 0 0
382 1 0.1 5.00378 2.01827 0.753817 -0.00800438 0.010579 0.00505776 0.0549673 -0.0193277 0.124018 1 0 0 0 0 0 0 0
383 1 0.1 4.79835 2.22426 0.762641 -0.0253564 0.0349512 0.00117697 0.07237 0.0757417 0.467278 1 0 0 0 0 0 0 0
384 1 0.1 4.60151 2.41872 0.764247 -0.0053882 0.000319864 0.00392587 -0.215122 0.292158 0.0950759 1 0 0 0 0 0 0 0
385 1 0.1 4.34501 2.67863 0.749922 0.00136723 -0.00156599 -0.000210022 0.0155021 0.00882755 -0.00455106 1 0 0 0 0 0 0 0
386 1 0.1 4.20383 2.81987 0.749253 0.00100633 0.000177954 0.00177668 0.00935236 -0.00787401 -0.00232641 1 0 0 0 0 0 0 0
387 1 0.1 4.19271 3.0187 0.74003 -0.0010226 0.0025101 0.000116926 -0.0376152 0.00502837 0.0422884 1 0 0 0 0 0 0 0
388 1 0.1 4.23251 3.21437 0.749925 0.00114009 0.00176295 0.00067482 -0.00143453 -0.00593257 0.0217763 1 0 0 0 0 0 0 0
389 1 0.1 4.37444 3.35681 0.750582 -0.00203984 -0.00238331 0.00624329 -0.0363701 -0.0457994 -0.0277408 1 0 0 0 0 0 0 0
390 1 0.1 4.58988 3.574 0.749858 -0.00160198 -0.000837763 -0.00170284 0.0257392 -0.00487659 0.00602513 1 0 0 0 0 0 0 0
391 1 0.1 4.79853 3.77437 0.723196 0.019599 0.0180273 -0.0169351 0.00216047 0.239946 0.248264 1 0 0 0 0 0 0 0
392 1 0.1 4.93637 3.91668 0.749967 0.0139369 0.0198615 0.00114293 0.107656 -0.082708 0.146366 1 0 0 0 0 0 0 0
393 1 0.1 5.08452 4.06927 0.749796 -0.0026374 -0.00615157 -0.00885457 0.128939 0.0834263 0.14916 1 0 0 0 0 0 0 0
394 1 0.1 5.22586 4.2097 0.750478 -0.00463547 -0.0039563 -0.00519146 0.0503761 0.0328397 -0.0700203 1 0 0 0 0 0 0 0
395 1 0.1 5.36717 4.35025 0.749431 0.0104271 -0.0170908 -0.00893782 -0.42372 -0.366348 -0.113913 1 0 0 0 0 0 0 0
396 1 0.1 5.50835 4.49061 0.754525 0.00135601 0.000159263 -0.00495959 0.0807995 0.0417727 -0.0147564 1 0 0 0 0 0 0 0
397 1 0.1 5.65068 4.62978 0.762779 0.000742334 0.0041606 0.00211114 0.0717889 0.0286009 0.0384725 1 0 0 0 0 0 0 0
398 1 0.1 5.79202 4.77078 0.762585 0.00273249 0.00280198 0.000607934 -0.0152204 0.0206265 -0.0278186 1 0 0 0 0 0 0 0
399 1 0.1 5.93095 4.91375 0.750163 0.00257662 0.00422882 5.97385e-05 0.00535019 -0.0115659 0.0382269 1 0 0 0 0 0 0 0
400 1 0.1 6.27064 0.753417 0.754212 4.01074e-05 0.000150836 0.000136056 0.00129039 -0.00109502 0.0167099 1 0 0 0 0 0 0 0
401 1 0.1 5.99927 1.0286 0.679864 0.000590502 -0.00139427 0.000291539 -0.0116519 -0.00757381 -0.00228488 1 0 0 0 0 0 0 0
402 1 0.1 5.88369 1.39216 0.692184 -0.00394104 0.00416289 0.000576646 0.00168907 0.00718298 -0.0188543 1 0 0 0 0 0 0 0
403 1 0.1 5.72999 1.51157 0.646227 -0.00250677 0.0105224 0.00734392 -0.0219413 0.0583521 -0.145168 1 0 0 0 0 0 0 0
404 1 0.1 5.63357 1.6427 0.762186 -0.0298233 -0.00246383 -0.000102271 0.474953 -0.827521 -0.123304 1 0 0 0 0 0 0 0
405 1 0.1 5.48922 1.78082 0.762603 -0.0182179 0.00912041 -0.00135998 0.118471 0.242471 -0.0379716 1 0 0 0 0 0 0 0
406 1 0.1 5.33973 1.9294 0.763045 0.00234261 0.0327945 -0.00243444 0.320409 0.00464773 -0.758085 1 0 0 0 0 0 0 0
407 1 0.1 5.19643 2.06915 0.762886 -0.012161 0.0184431 -0.00215121 0.191901 0.168063 -0.0256096 1 0 0 0 0 0 0 0
408 1 0.1 4.99766 2.22252 0.761473 -0.0286422 0.0233285 0.0114604 0.155585 -0.171012 -0.592744 1 0 0 0 0 0 0 0
409 1 0.1 4.80031 2.43294 0.748888 -0.00764535 0.0325474 0.00225899 -0.110564 -0.213932 0.253136 1 0 0 0 0 0 0 0
410 1 0.1 4.53096 2.60555 0.754744 0.00741847 0.00808719 -0.00691074 0.0222086 0.0478928 0.130597 1 0 0 0 0 0 0 0
411 1 0.1 4.49609 2.80892 0.762525 0.000526917 -0.000754205 -0.000266501 -0.0133344 -0.00852927 0.0148457 1 0 0 0 0 0 0 0
412 1 0.1 4.38531 2.97531 0.763641 -0.00489339 -0.00334993 -0.0022267 -0.039401 0.0243814 -0.111643 1 0 0 0 0 0 0 0
413 1 0.1 4.43848 3.16794 0.762011 -0.00112894 -0.00231387 -0.00114062 0.172799 -0.091443 0.0477053 1 0 0 0 0 0 0 0
414 1 0.1 4.57287 3.37518 0.762753 -0.00271062 -0.00322309 0.000799467 -0.0576469 0.101061 0.00842417 1 0 0 0 0 0 0 0
415 1 0.1 4.78936 3.57234 0.762519 -0.00390508 0.0221523 0.00157131 -0.125095 -0.0326974 0.192528 1 0 0 0 0 0 0 0
416 1 0.1 4.97991 3.69948 0.707208 0.00281208 -0.0459476 -0.0246626 -0.350952 0.157231 -0.837782 1 0 0 0 0 0 0 0
417 1 0.1 5.13491 3.87619 0.756179 -0.0148484 -0.0135473 -0.0500637 0.355927 0.0852803 -0.182139 1 0 0 0 0 0 0 0
418 1 0.1 5.2754 4.01492 0.761358 -0.00488594 -0.0224632 -0.0270022 0.167824 -0.00622465 -0.166252 1 0 0 0 0 0 0 0
419 1 0.1 5.42059 4.14908 0.762919 -0.0107128 -0.0075109 0.00552356 -0.018135 -0.363249 0.322807 1 0 0 0 0 0 0 0
420 1 0.1 5.55824 4.29374 0.762861 0.0170031 -0.0135795 -0.00515478 -0.00126859 0.18276 0.423347 1 0 0 0 0 0 0 0
421 1 0.1 5.70387 4.43006 0.752755 -0.00609488 0.00718338 -0.0220248 0.143984 -0.285532 0.0229761 1 0 0 0 0 0 0 0
422 1 0.1 5.83192 4.57416 0.701682 0.000181586 0.01026 0.00190386 -0.114748 0.0115788 0.0389527 1 0 0 0 0 0 0 0
423 1 0.1 5.97319 4.70957 0.664642 0.0043408 0.00438148 -0.00232571 0.0299958 -0.089704 0.0113368 1 0 0 0 0 0 0 0
424 1 0.1 6.21248 5.19439 0.75011 0.00275178 0.00439833 0.000100134 -0.000791528 0.00302904 -0.00466829 1 0 0 0 0 0 0 0
425 1 0.1 6.41133 0.611411 0.749994 -0.000142487 0.000222459 0.000109973 0.000795088 -0.000261903 0.00339825 1 0 0 0 0 0 0 0
426 1 0.1 6.1684 1.09599 0.76254 0.000465419 -0.00285092 0.000626012 -0.0258784 0.0028267 0.0406276 1 0 0 0 0 0 0 0
427 1 0.1 6.03818 1.24626 0.742637 0.0019335 -0.00272911 1.47796e-05 0.00964112 -0.00171316 -0.0574748 1 0 0 0 0 0 0 0
428 1 0.1 5.94325 1.56956 0.762595 -0.00404301 0.00226316 0.000916497 0.0214721 0.0349501 0.0311464 1 0 0 0 0 0 0 0
429 1 0.1 5.83338 1.73838 0.762528 -0.126199 -0.015131 -0.000931074 0.000813258 -0.00191928 -0.0019274 1 0 0 0 0 0 0 0
430 1 0.1 5.67054 1.86474 0.76223 -0.00492029 -0.0166317 -0.0122284 0.4053 0.116837 -0.244156 1 0 0 0 0 0 0 0
431 1 0.1 5.52237 1.99539 0.715941 -0.0171693 0.0629927 -0.0576699 0.707501 0.661674 0.728577 1 0 0 0 0 0 0 0
432 1 0.1 5.37487 2.13069 0.697696 -0.0686646 0.0959311 -0.0960341 -0.964691 0.535146 1.18152 1 0 0 0 0 0 0 0
433 1 0.1 5.23686 2.41571 0.623898 0.021648 0.0226337 0.00647557 0.832097 0.446951 -0.157792 1 0 0 0 0 0 0 0
434 1 0.1 5.07607 2.40609 0.765296 0.0277855 -0.00160436 -0.000513832 -0.0718337 -0.291919 -0.0577421 1 0 0 0 0 0 0 0
435 1 0.1 4.98705 2.58381 0.763015 0.109663 0.0414962 -0.0109657 0.402863 -1.15619 -0.79206 1 0 0 0 0 0 0 0
436 1 0.1 4.70785 2.79432 0.762883 0.0242 -0.0746611 -0.00150714 -0.80029 -0.262366 0.284958 1 0 0 0 0 0 0 0
437 1 0.1 4.56317 3.01699 0.685915 -0.00383687 -0.00478977 -0.00268517 0.0816467 0.0517804 0.0991595 1 0 0 0 0 0 0 0
438 1 0.1 4.63745 3.18609 0.762599 -0.00350917 -0.00322898 0.00028599 -0.000382885 0.0784229 -0.0564334 1 0 0 0 0 0 0 0
439 1 0.1 4.82207 3.3751 0.762527 0.0146565 0.0270673 -0.00237777 0.26175 -0.179041 0.0109385 1 0 0 0 0 0 0 0
440 1 0.1 5.02176 3.51382 0.757281 -0.0307005 -0.0627534 -0.0216266 0.413555 -1.06233 0.558824 1 0 0 0 0 0 0 0
441 1 0.1 5.16706 3.68155 0.762932 -0.00209458 -0.0103334 0.00168365 -0.333989 -0.156839 0.388108 1 0 0 0 0 0 0 0
442 1 0.1 5.30665 3.809 0.668121 0.0088098 -0.0177312 -0.0219661 0.0966711 0.217461 -0.592617 1 0 0 0 0 0 0 0
443 1 0.1 5.45787 3.8821 0.765996 -0.000192247 -0.0871821 0.00594577 -0.0595818 -0.826893 -0.367558 1 0 0 0 0 0 0 0
444 1 0.1 5.6064 4.07525 0.762521 -0.0110919 -0.0334998 0.00222628 -0.332388 0.0867492 -0.25349 1 0 0 0 0 0 0 0
445 1 0.1 5.74434 4.2258 0.73906 0.0121904 -0.00528865 -0.0119573 -0.157459 -0.294686 -0.236049 1 0 0 0 0 0 0 0
446 1 0.1 5.89819 4.35113 0.762568 0.00239611 -0.00173847 0.000531247 -0.0231197 -0.0165437 0.165451 1 0 0 0 0 0 0 0
447 1 0.1 6.01255 4.51519 0.762648 -0.00415303 0.00294564 0.000976367 0.0422851 0.000816826 -0.154292 1 0 0 0 0 0 0 0
448 1 0.1 6.10703 4.82043 0.762681 0.00157674 0.00283947 0.000601245 0.0371204 0.0115602 -0.0620828 1 0 0 0 0 0 0 0
449 1 0.1 6.35386 5.33572 0.749995 0.00307353 0.00477311 -0.00015378 0.000302269 -0.000227396 0.00585153 1 0 0 0 0 0 0 0
450 1 0.1 6.45389 0.818738 0.708591 0.00112866 -0.000234369 0.00259316 -0.0443266 -0.0377182 -0.0101413 1 0 0 0 0 0 0 0
451 1 0.1 6.31015 0.966168 0.707591 0.00132453 -0.00086351 -0.000377387 0.0486094 0.00406534 -0.00773588 1 0 0 0 0 0 0 0
452 1 0.1 6.23298 1.28686 0.762563 0.004742 -0.0118583 0.000720651 0.0621477 0.0201511 -0.035132 1 0 0 0 0 0 0 0
453 1 0.1 6.09917 1.43531 0.762932 0.0116764 -0.00728153 0.00227588 -0.0339664 -0.150029 -0.0588132 1 0 0 0 0 0 0 0
454 1 0.1 6.01741 1.85363 0.762648 -0.00680616 0.0151795 0.000162219 0.193995 0.0891099 0.0322118 1 0 0 0 0 0 0 0
455 1 0.1 5.81209 2.00587 0.762764 0.0109142 -0.0289642 -0.0025916 -0.202439 -0.0427698 0.0482986 1 0 0 0 0 0 0 0
456 1 0.1 5.65546 2.13709 0.76255 -0.141654 0.158045 0.0159322 0.225951 -0.112093 1.39264 1 0 0 0 0 0 0 0
457 1 0.1 5.53955 2.21009 0.617071 -0.0456242 0.085626 -0.0573345 -0.362655 -1.44736 -0.662846 1 0 0 0 0 0 0 0
458 1 0.1 5.32888 2.31527 0.764434 0.0028518 -0.00418947 0.000100287 -0.622068 -0.624772 -0.020449 1 0 0 0 0 0 0 0
459 1 0.1 5.3382 2.51628 0.76288 0.0130196 -0.00745422 0.00892089 -0.102542 -0.114882 0.623272 1 0 0 0 0 0 0 0
460 1 0.1 5.18255 2.64256 0.762971 0.0165885 0.0355563 0.00309834 0.362956 -0.153075 -0.26973 1 0 0 0 0 0 0 0
461 1 0.1 4.90665 2.7884 0.762796 0.0204247 -0.0137177 0.000765755 -0.122576 0.126176 0.315806 1 0 0 0 0 0 0 0
462 1 0.1 4.74606 2.99815 0.762823 -0.00314406 0.00202762 -3.14557e-05 -0.0170696 0.0560916 0.0127733 1 0 0 0 0 0 0 0
463 1 0.1 4.8362 3.17566 0.743942 -0.00699103 0.0015464 -0.0278837 -0.0762287 0.203571 0.10069 1 0 0 0 0 0 0 0
464 1 0.1 5.01865 3.31808 0.765519 0.0605761 -0.0576729 0.00405942 -0.642347 -0.674777 0.330816 1 0 0 0 0 0 0 0
465 1 0.1 5.2073 3.50119 0.659315 -0.0809783 -0.00412847 0.0802396 0.347563 -1.33414 0.849487 1 0 0 0 0 0 0 0
466 1 0.1 5.35509 3.61861 0.763104 -0.00287265 -0.0272721 0.00162383 -0.401578 0.307866 -0.208585 1 0 0 0 0 0 0 0
467 1 0.1 5.51578 3.72242 0.666649 0.0522402 -0.0507648 -0.0230356 -0.142813 0.897576 0.188851 1 0 0 0 0 0 0 0
468 1 0.1 5.64982 3.82622 0.764639 0.0101601 -0.0434558 0.00610197 -0.610921 -0.141474 0.405677 1 0 0 0 0 0 0 0
469 1 0.1 5.79822 3.95998 0.762505 -0.00401323 -0.0235275 5.30157e-05 -0.00471856 -0.468625 -0.0156903 1 0 0 0 0 0 0 0
470 1 0.1 5.90946 4.11727 0.709338 0.00424902 -0.0231698 0.0162726 -0.0554725 0.0860412 0.0495126 1 0 0 0 0 0 0 0
471 1 0.1 6.05052 4.25496 0.675833 -0.00819765 -0.0163816 -0.00361175 -0.138687 0.0060903 0.0938473 1 0 0 0 0 0 0 0
472 1 0.1 6.169 4.39072 0.762505 -0.0163466 -0.0117422 -6.39691e-05 0.0744332 -0.14024 -0.0560032 1 0 0 0 0 0 0 0
473 1 0.1 6.08269 5.043 0.762521 0.000741674 0.00641399 0.000417151 0.00489796 0.00830938 -0.0229167 1 0 0 0 0 0 0 0
474 1 0.1 6.30828 5.03753 0.671459 -0.00223151 0.00123934 0.000822945 -0.0138004 0.0315621 -0.000156098 1 0 0 0 0 0 0 0
475 1 0.1 6.50631 1.00398 0.762522 0.00207427 0.000484291 0.00016179 0.00491314 -0.0183105 -0.0194498 1 0 0 0 0 0 0 0
476 1 0.1 6.39806 1.17203 0.762786 0.00262754 0.000909735 -0.000416934 0.0828 0.0486789 -0.0081506 1 0 0 0 0 0 0 0
477 1 0.1 6.3494 1.40535 0.651226 -0.0157429 0.0178386 0.0111213 0.170484 0.0239612 0.176452 1 0 0 0 0 0 0 0
478 1 0.1 6.26424 1.54812 0.762388 -0.00622025 0.0188187 0.0162597 -0.105491 -0.116711 0.0404142 1 0 0 0 0 0 0 0
479 1 0.1 5.68832 2.33542 0.663033 -0.0506764 0.00126478 0.0772445 -0.66115 -1.45792 -0.581405 1 0 0 0 0 0 0 0
480 1 0.1 5.63648 3.00833 0.571301 0.0919559 0.0611991 0.0192936 0.234561 -0.748238 0.363469 1 0 0 0 0 0 0 0
481 1 0.1 5.55877 2.83464 0.727175 -0.0993689 0.0427634 -0.0958058 0.354241 -0.733009 2.19511 1 0 0 0 0 0 0 0
482 1 0.1 5.6514 2.50481 0.762597 -0.102803 0.0267241 0.00211539 0.268005 1.02353 0.353752 1 0 0 0 0 0 0 0
483 1 0.1 5.49002 2.40837 0.690222 -0.104789 -0.0250171 -0.199148 1.02542 2.19134 -1.29342 1 0 0 0 0 0 0 0
484 1 0.1 5.47599 2.65304 0.715559 0.027154 -0.0207304 0.00021801 -0.426622 -0.124652 -0.999413 1 0 0 0 0 0 0 0
485 1 0.1 5.23641 2.98714 0.76257 0.0783098 -0.0498326 0.00571388 -0.128379 0.0665348 -0.894427 1 0 0 0 0 0 0 0
486 1 0.1 5.09852 2.84266 0.762708 0.0138575 0.010731 -0.000519339 0.12306 -0.141214 -0.0473293 1 0 0 0 0 0 0 0
487 1 0.1 4.94564 3.00926 0.762121 -0.002759 0.0130781 -0.0126521 -0.0284765 0.0632482 0.100407 1 0 0 0 0 0 0 0
488 1 0.1 5.11622 3.14673 0.764449 0.103537 -0.010084 -0.0112029 -0.966984 -1.00251 0.716716 1 0 0 0 0 0 0 0
489 1 0.1 5.21599 3.33079 0.763532 0.0497113 -0.0421444 -0.000320436 -0.455139 -0.616389 0.0125264 1 0 0 0 0 0 0 0
490 1 0.1 5.4165 3.22745 0.762748 0.0377209 -0.020834 0.00106014 -0.210058 -0.380068 -0.377302 1 0 0 0 0 0 0 0
491 1 0.1 5.39003 3.42418 0.740416 0.0340294 -0.0178023 0.00742099 0.281707 0.340275 0.400987 1 0 0 0 0 0 0 0
492 1 0.1 5.54287 3.55405 0.763869 -0.0044273 -0.0346623 0.00394097 -0.634991 -0.333177 -0.450989 1 0 0 0 0 0 0 0
493 1 0.1 5.56993 3.0315 0.762611 0.0237518 -0.0286133 0.00162768 -0.259792 -0.227945 -0.253028 1 0 0 0 0 0 0 0
494 1 0.1 5.72307 3.64022 0.762584 -0.00442697 -0.0452667 0.00266959 -0.410296 0.0900128 0.22265 1 0 0 0 0 0 0 0
495 1 0.1 5.87431 3.77092 0.762526 -0.0611561 0.0216482 -0.00227971 0.1871 -0.214316 0.653514 1 0 0 0 0 0 0 0
496 1 0.1 5.95474 3.8519 0.598414 -0.0617634 -0.00908693 -0.021511 -0.0192047 0.785657 -1.78446 1 0 0 0 0 0 0 0
497 1 0.1 6.22501 4.43324 0.524146 -0.026234 -0.0167777 -0.0164714 0.275997 0.401547 -0.374752 1 0 0 0 0 0 0 0
498 1 0.1 6.1746 4.63225 0.76244 -0.00301821 0.00103492 -0.0022955 -0.0618528 0.0200044 0.131515 1 0 0 0 0 0 0 0
499 1 0.1 6.30301 4.85961 0.762523 0.00150316 0.00115817 0.000250738 0.0249075 0.00520859 0.048175 1 0 0 0 0 0 0 0
