500
0 1 0.1 6.13275 0.888972 0.150116 -0.00152532 0.00330484 0.00221774 0.0385845 0.0123774 -0.0616407 1 0 0 0 0 0 0 0
1 1 0.1 5.99132 1.03024 0.149874 -0.00263511 0.00333755 0.00188114 -0.014016 -0.0366209 0.092204 1 0 0 0 0 0 0 0
2 1 0.1 5.84823 1.17544 0.14598 0.00104732 0.00184279 -0.00892116 -0.0444079 0.0932528 0.0152792 1 0 0 0 0 0 0 0
3 1 0.1 5.56679 1.45864 0.161083 -0.000348842 0.000301138 0.000591217 0.0090678 0.000977371 0.0115716 1 0 0 0 0 0 0 0
4 1 0.1 5.40627 1.62113 0.138171 -0.0018852 0.00164648 -0.00156987 0.0108383 0.0239403 0.0285172 1 0 0 0 0 0 0 0
5 1 0.1 5.26362 1.76096 0.147186 -0.00177895 0.00101048 0.00261856 0.0230149 -0.0246831 0.0396723 1 0 0 0 0 0 0 0
6 1 0.1 5.12395 1.90363 0.137392 -0.000708985 -0.000351632 0.00259806 0.00652238 -0.0152325 -0.0128114 1 0 0 0 0 0 0 0
7 1 0.1 4.8626 2.16081 0.143268 0.0149919 -0.0196867 0.00622511 0.0372653 -0.0646804 -0.265411 1 0 0 0 0 0 0 0
8 1 0.1 4.5149 2.50852 0.137045 -0.0131226 0.0221302 0.00414409 -0.00133445 0.0593401 -0.0290074 1 0 0 0 0 0 0 0
9 1 0.1 4.8001 2.48615 0.32534 0.0190965 -0.0170401 0.00371053 0.130538 0.123701 -0.0348967 1 0 0 0 0 0 0 0
10 1 0.1 4.37462 2.64808 0.13753 -0.0222289 0.031917 0.00437199 -0.0311189 0.00502036 0.0565358 1 0 0 0 0 0 0 0
11 1 0.1 4.2313 2.78438 0.133382 -0.0218083 0.0464731 0.00723767 -0.252829 -0.164734 0.184955 1 0 0 0 0 0 0 0
12 1 0.1 4.23289 2.97873 0.13547 0.0132125 0.0408003 -0.0287134 1.15741 0.0332397 -0.569732 1 0 0 0 0 0 0 0
13 1 0.1 4.19283 3.16799 0.159588 0.0203294 0.0344259 0.0126947 -0.48818 0.00786855 0.422557 1 0 0 0 0 0 0 0
14 1 0.1 4.33642 3.29765 0.135668 0.0814816 0.0229202 0.0179811 0.932082 0.262825 -1.02934 1 0 0 0 0 0 0 0
15 1 0.1 4.45809 3.43513 0.191396 0.0914247 0.0175894 0.167883 -0.941023 -2.10977 0.484346 1 0 0 0 0 0 0 0
16 1 0.1 4.60845 3.58637 0.131235 0.00403488 0.0124714 -0.0141386 -0.336632 0.153864 -0.0127279 1 0 0 0 0 0 0 0
17 1 0.1 4.74799 3.72729 0.134309 -0.0125102 0.0149857 -0.00501332 -0.340092 0.773455 0.328649 1 0 0 0 0 0 0 0
18 1 0.1 4.88822 3.86877 0.150097 0.00702136 0.00323762 -0.0150582 0.0714647 0.148828 0.0583593 1 0 0 0 0 0 0 0
19 1 0.1 5.16514 4.14664 0.165004 0.0124723 0.0165111 0.0185139 -0.157739 0.665849 -0.558942 1 0 0 0 0 0 0 0
20 1 0.1 5.30622 4.28525 0.137414 0.0163243 -0.00233065 -0.00247247 0.086857 0.0602608 0.113117 1 0 0 0 0 0 0 0
21 1 0.1 5.44504 4.4284 0.150925 0.00413405 0.00357923 -0.000492304 0.00251525 0.00601224 0.0271107 1 0 0 0 0 0 0 0
22 1 0.1 5.59764 4.57219 0.148517 0.05672 -0.0240761 0.0323568 -0.919486 -0.0158079 0.116096 1 0 0 0 0 0 0 0
23 1 0.1 5.73541 4.7165 0.150382 0.0205933 0.0118088 -0.0072006 0.226005 -0.155335 0.327187 1 0 0 0 0 0 0 0
24 1 0.1 6.01793 4.99898 0.150074 0.018482 0.012546 0.000645989 -0.0497017 0.0578728 0.233393 1 0 0 0 0 0 0 0
25 1 0.1 6.27412 0.747592 0.149986 -0.0018342 0.00181006 -0.000776706 -0.0182932 -0.008021 0.0287833 1 0 0 0 0 0 0 0
26 1 0.1 6.02803 1.26611 0.136851 -0.00996097 0.0189218 -0.00178656 -0.291442 -0.19036 -0.0435619 1 0 0 0 0 0 0 0
27 1 0.1 5.89282 1.41261 0.136762 -0.0126292 0.0145678 -0.000147862 -0.122442 -0.106139 0.0288706 1 0 0 0 0 0 0 0
28 1 0.1 5.70683 1.3168 0.146236 4.31985e-05 0.000814502 -0.00272321 0.00354851 0.0360786 0.00028905 1 0 0 0 0 0 0 0
29 1 0.1 5.60561 1.65289 0.137414 -0.000498722 -0.000295742 -0.000339356 -0.0246411 -0.0297407 -0.00411308 1 0 0 0 0 0 0 0
30 1 0.1 5.45333 1.82326 0.137461 -0.0049394 0.00940294 -0.000158926 -0.0302982 0.0553003 0.0448654 1 0 0 0 0 0 0 0
31 1 0.1 5.31263 1.9696 0.137394 0.00340742 -0.00994727 0.00445925 0.120823 0.0416631 -0.107596 1 0 0 0 0 0 0 0
32 1 0.1 5.15193 2.15736 0.136521 0.0133025 -0.00166145 0.00741647 -0.0503968 0.107836 0.0976792 1 0 0 0 0 0 0 0
33 1 0.1 4.65598 2.37038 0.136973 -0.00348306 0.0103338 0.00468099 -0.0529195 -0.0175167 -0.00847513 1 0 0 0 0 0 0 0
34 1 0.1 4.8058 2.54743 0.136657 0.0135748 -0.0182525 0.00240466 0.175288 0.0971989 0.10038 1 0 0 0 0 0 0 0
35 1 0.1 4.55534 2.73352 0.13791 -0.0980198 0.188891 0.00801762 -0.159389 -0.13011 1.47858 1 0 0 0 0 0 0 0
36 1 0.1 4.72502 2.68343 0.258884 -0.00162691 0.00599809 -0.0230625 0.130335 0.0223798 0.00272484 1 0 0 0 0 0 0 0
37 1 0.1 4.41228 2.87661 0.136612 0.139106 -0.0397616 -0.0205218 0.42608 1.1767 0.0824977 1 0 0 0 0 0 0 0
38 1 0.1 4.39239 3.0991 0.137377 0.0513719 0.000570037 -0.00469128 0.481724 0.549493 -0.531595 1 0 0 0 0 0 0 0
39 1 0.1 4.53129 3.25542 0.146745 0.0967914 0.0585021 -0.0813097 -1.74996 0.135584 -0.0691466 1 0 0 0 0 0 0 0
40 1 0.1 4.7624 3.48525 0.285899 0.24515 0.0325047 -0.130695 -0.527006 0.155065 2.15204 1 0 0 0 0 0 0 0
41 1 0.1 5.00635 3.67672 0.135247 -0.0624715 0.124098 0.00239025 -5.38572 0.903533 3.35834 1 0 0 0 0 0 0 0
42 1 0.1 5.13244 3.82385 0.136556 -0.132195 0.105016 0.00323293 0.614487 -1.6039 -3.64341 1 0 0 0 0 0 0 0
43 1 0.1 5.04013 3.998 0.136376 -0.058115 0.0989461 -0.00305183 -0.575288 -0.758192 -0.786208 1 0 0 0 0 0 0 0
44 1 0.1 5.39915 4.10032 0.195231 0.127303 -0.101273 -0.0153779 -0.0631207 -0.511341 -0.123325 1 0 0 0 0 0 0 0
45 1 0.1 5.53454 4.22982 0.136872 0.109921 -0.0658085 0.00251205 0.656678 0.904235 0.313237 1 0 0 0 0 0 0 0
46 1 0.1 5.65896 4.38264 0.13828 0.0742112 -0.0205031 0.0473788 0.711857 0.187694 0.286804 1 0 0 0 0 0 0 0
47 1 0.1 5.79476 4.52633 0.13708 0.0473082 0.0139865 0.00148151 -0.394284 0.785446 0.0931643 1 0 0 0 0 0 0 0
48 1 0.1 5.87683 4.85742 0.148384 0.0161863 0.0150883 0.0122531 -0.0623151 -0.00614511 -0.265407 1 0 0 0 0 0 0 0
49 1 0.1 6.18481 5.16002 0.153394 0.0055313 0.000757382 0.0129986 -0.106415 -0.0813942 0.0513963 1 0 0 0 0 0 0 0
50 1 0.1 6.41553 0.606216 0.150017 -0.00124973 0.00189252 0.000171662 0.00492493 0.00340342 -0.000239653 1 0 0 0 0 0 0 0
51 1 0.1 6.16771 1.1232 0.139431 -0.0107523 0.0178286 0.00621948 0.253345 0.114875 0.0535506 1 0 0 0 0 0 0 0
52 1 0.1 6.00853 1.63212 0.150412 -0.000475096 0.00289522 -0.0031086 -0.105143 0.0122975 -0.0627463 1 0 0 0 0 0 0 0
53 1 0.1 5.81135 1.60192 0.137385 -0.0015479 0.00374079 -0.000162563 -0.0320297 -0.0102842 0.0380813 1 0 0 0 0 0 0 0
54 1 0.1 5.70276 1.82718 0.137317 0.0015411 -0.00270069 -0.000482032 0.0166803 0.0118001 -0.0235635 1 0 0 0 0 0 0 0
55 1 0.1 5.64449 2.00685 0.201652 0.0111842 -0.00408633 -0.000627994 0.0183838 -0.110882 -0.0954169 1 0 0 0 0 0 0 0
56 1 0.1 5.5353 2.16065 0.137281 0.00800124 -0.0104325 0.00149622 0.0578484 0.179672 0.140516 1 0 0 0 0 0 0 0
57 1 0.1 5.3449 2.22389 0.136327 0.00049338 -0.00274893 0.00153838 0.00698896 0.0217498 0.18851 1 0 0 0 0 0 0 0
58 1 0.1 5.17684 2.29172 0.281019 0.000410039 -0.015393 0.0231463 -0.0907935 -0.0859012 -0.0401746 1 0 0 0 0 0 0 0
59 1 0.1 4.87428 2.36016 0.137332 0.0388541 -0.0163008 0.00476554 -0.0435178 0.0279726 0.0270898 1 0 0 0 0 0 0 0
60 1 0.1 4.92038 2.70966 0.226665 -0.00036538 0.00022118 -0.00459195 0.057569 -0.180457 -0.117605 1 0 0 0 0 0 0 0
61 1 0.1 4.72566 2.84165 0.136956 0.00871976 0.00483955 -0.00772746 -0.0364543 0.0774518 -0.0936378 1 0 0 0 0 0 0 0
62 1 0.1 4.86489 3.03792 0.136951 -0.00740989 -0.00449101 -0.00273541 0.0445494 -0.0315219 -0.0170811 1 0 0 0 0 0 0 0
63 1 0.1 4.65593 3.10046 0.137211 0.0250668 -0.0172322 0.00298283 0.247563 0.395982 -0.88426 1 0 0 0 0 0 0 0
64 1 0.1 4.70325 3.35726 0.144096 -0.0203671 0.259757 -0.255376 1.34789 1.65496 2.40159 1 0 0 0 0 0 0 0
65 1 0.1 4.9356 3.58326 0.282539 0.219129 0.315357 0.121218 3.28498 -1.80733 0.978432 1 0 0 0 0 0 0 0
66 1 0.1 5.27922 3.67688 0.137131 0.079832 -0.0294359 -0.0160148 0.246466 0.725568 0.176388 1 0 0 0 0 0 0 0
67 1 0.1 5.44493 3.80995 0.135612 0.183761 -0.0253893 -0.0149703 0.0164879 2.11873 0.114757 1 0 0 0 0 0 0 0
68 1 0.1 5.26394 3.9697 0.138399 0.130663 -0.134724 0.0523765 -1.13388 0.331142 0.023556 1 0 0 0 0 0 0 0
69 1 0.1 5.56726 4.08208 0.298346 0.100792 -0.0495172 0.0438821 0.397835 -0.00429285 0.661268 1 0 0 0 0 0 0 0
70 1 0.1 5.70251 4.21888 0.244446 0.0880066 -0.0228888 0.0428976 -0.810253 -0.942012 0.0262098 1 0 0 0 0 0 0 0
71 1 0.1 5.84506 4.30946 0.137482 0.0684728 -0.0351173 0.000677459 0.227161 0.673938 -0.167884 1 0 0 0 0 0 0 0
72 1 0.1 5.99987 4.44146 0.137353 -0.0478967 -0.00725901 0.00151578 0.069551 -0.464986 0.0813606 1 0 0 0 0 0 0 0
73 1 0.1 6.16641 4.86318 0.13739 0.0027657 0.00649303 -0.00022653 -0.0279118 0.0424751 -0.0617854 1 0 0 0 0 0 0 0
74 1 0.1 6.39888 5.3745 0.151906 0.00286131 0.00293376 -0.00130452 0.00105335 0.0149375 0.0471225 1 0 0 0 0 0 0 0
75 1 0.1 6.45061 0.840704 0.137508 -0.0106988 0.0181482 -0.000542373 0.188953 0.0937197 0.14505 1 0 0 0 0 0 0 0
76 1 0.1 6.30926 0.982147 0.137382 -0.00909567 0.0199355 0.00135833 -0.209139 -0.0901924 -0.0210538 1 0 0 0 0 0 0 0
77 1 0.1 6.12482 1.44942 0.137311 -0.00950199 0.00537024 -0.000473729 -0.0488273 -0.0944022 -0.00418904 1 0 0 0 0 0 0 0
78 1 0.1 5.90076 1.80012 0.138552 0.000485038 0.0020653 -0.00539487 0.0501056 0.0289703 0.0625932 1 0 0 0 0 0 0 0
79 1 0.1 5.73259 2.14255 0.318728 0.00227451 -0.0140834 0.015721 0.0354845 -0.146912 -0.103311 1 0 0 0 0 0 0 0
80 1 0.1 5.80746 2.10305 0.137457 -0.00211638 0.0199553 6.32963e-05 -0.19283 -0.00432349 0.459987 1 0 0 0 0 0 0 0
81 1 0.1 5.70052 2.27274 0.137437 0.00127329 -0.00247636 -0.00134947 0.0604394 -0.0400592 -0.0259139 1 0 0 0 0 0 0 0
82 1 0.1 5.58123 2.75646 0.138546 0.0108817 0.0130771 0.0120889 0.0858583 0.0022765 0.0221754 1 0 0 0 0 0 0 0
83 1 0.1 5.44405 2.39729 0.137502 -0.00304645 0.00364267 0.000606808 0.00453184 -0.0565861 -0.115214 1 0 0 0 0 0 0 0
84 1 0.1 5.07167 2.39174 0.138415 0.051554 -0.0737358 0.0174771 -0.11449 -0.177021 -0.56147 1 0 0 0 0 0 0 0
85 1 0.1 5.05422 2.59095 0.137482 -0.0756824 -0.084535 -0.000659571 0.2457 -0.13402 -1.35846 1 0 0 0 0 0 0 0
86 1 0.1 5.25467 2.89766 0.314408 0.0163018 -0.0201777 0.00213238 0.0359079 -0.397985 -0.136079 1 0 0 0 0 0 0 0
87 1 0.1 4.98352 2.87704 0.137467 0.00291992 0.00346517 0.000852573 -0.0368967 0.0313789 0.166928 1 0 0 0 0 0 0 0
88 1 0.1 4.95909 3.22241 0.136985 0.0176632 0.0179971 0.0048875 -0.118043 0.164363 -0.149634 1 0 0 0 0 0 0 0
89 1 0.1 4.99629 3.48615 0.129601 0.18072 0.230085 -0.0057544 -0.398032 3.95334 -0.125665 1 0 0 0 0 0 0 0
90 1 0.1 5.19511 3.49604 0.137191 0.172763 -0.0489377 -0.00732631 0.25369 0.490228 0.348778 1 0 0 0 0 0 0 0
91 1 0.1 5.46778 3.61144 0.137332 0.0614126 -0.0447275 -0.00860585 0.0194991 -0.00267768 -0.012088 1 0 0 0 0 0 0 0
92 1 0.1 5.65276 3.68645 0.137472 0.0574336 -0.0182269 0.00120987 0.106295 -0.0872654 0.257803 1 0 0 0 0 0 0 0
93 1 0.1 5.75307 3.85922 0.137123 0.073596 -0.0251997 -0.00086357 0.235039 0.752731 -0.407908 1 0 0 0 0 0 0 0
94 1 0.1 5.67983 4.04413 0.139912 0.108542 -0.015074 0.0378358 -0.336674 0.61094 0.0130652 1 0 0 0 0 0 0 0
95 1 0.1 5.8787 4.03774 0.13732 0.107084 -0.0690892 -0.0138206 0.740922 1.10483 -0.24193 1 0 0 0 0 0 0 0
96 1 0.1 6.02749 4.17102 0.137307 0.0714993 -0.0249233 0.00140673 0.574427 -0.141606 0.924524 1 0 0 0 0 0 0 0
97 1 0.1 6.10505 4.58987 0.220087 -0.075971 0.00708614 0.00805212 -0.0884647 0.28578 0.188866 1 0 0 0 0 0 0 0
98 1 0.1 6.30821 5.00363 0.137793 0.0069472 0.00283243 -6.99742e-05 0.211251 0.164516 -0.0269249 1 0 0 0 0 0 0 0
99 1 0.1 6.4097 5.17552 0.137409 0.00803338 0.00251737 9.84356e-05 -0.0257386 0.110634 0.0138621 1 0 0 0 0 0 0 0
100 1 0.1 6.41356 0.616829 0.378689 -0.0016325 0.00236022 8.74601e-05 0.00205441 -0.000646602 -0.00114307 1 0 0 0 0 0 0 0
101 1 0.1 6.35873 1.18216 0.137493 -0.0103475 0.0171294 0.000186187 0.0336376 0.039341 -0.0212362 1 0 0 0 0 0 0 0
102 1 0.1 6.2196 1.29653 0.224338 -0.00715254 0.0144043 0.00849688 -0.0718707 0.0997298 0.0426897 1 0 0 0 0 0 0 0
103 1 0.1 5.87112 2.26429 0.241386 0.000611159 -0.0253201 -0.0033333 0.0655457 0.0481082 -0.164705 1 0 0 0 0 0 0 0
104 1 0.1 5.75085 2.94234 0.33022 0.0292215 0.0135729 0.00573305 -0.0394127 -0.0283835 -0.0970028 1 0 0 0 0 0 0 0
105 1 0.1 5.81863 2.43369 0.145686 0.00725695 -0.00567423 -0.00536811 -0.0976077 0.0633849 -0.0350467 1 0 0 0 0 0 0 0
106 1 0.1 5.67876 2.57628 0.137051 0.00168286 -0.0124757 0.000523855 0.129968 0.027695 0.122023 1 0 0 0 0 0 0 0
107 1 0.1 5.57943 3.05707 0.364719 0.049445 -0.00785332 0.0111485 -0.474778 0.414132 0.029302 1 0 0 0 0 0 0 0
108 1 0.1 5.38464 2.79229 0.1375 0.0127846 0.022656 0.00972059 0.393673 -0.149123 0.252975 1 0 0 0 0 0 0 0
109 1 0.1 5.46173 2.59629 0.137447 0.0108162 0.00699639 0.00120522 -0.0189508 -0.0899413 -0.00260583 1 0 0 0 0 0 0 0
110 1 0.1 5.26526 2.63229 0.137309 0.0103123 0.00607368 0.00291332 -0.119933 0.144401 -0.037029 1 0 0 0 0 0 0 0
111 1 0.1 5.18019 2.81224 0.136149 0.00735164 0.00765818 -0.000541876 -0.0908747 0.0680068 0.0140709 1 0 0 0 0 0 0 0
112 1 0.1 5.29073 2.98222 0.137286 0.0271316 -0.00899129 0.0032962 0.0652917 0.282813 0.146846 1 0 0 0 0 0 0 0
113 1 0.1 5.13508 3.1283 0.137113 -0.0571451 -0.106138 -0.00206881 1.07962 -0.61397 -1.01939 1 0 0 0 0 0 0 0
114 1 0.1 5.29241 3.22874 0.208111 -0.0163475 -0.184933 0.0306676 -1.08484 0.243027 -0.103153 1 0 0 0 0 0 0 0
115 1 0.1 5.46069 3.3388 0.137522 -0.0962538 -0.0640389 0.00796151 0.426252 0.182367 -0.183839 1 0 0 0 0 0 0 0
116 1 0.1 5.45393 3.13745 0.137101 0.0460494 -0.065054 0.00837486 0.502064 0.28563 1.83141 1 0 0 0 0 0 0 0
117 1 0.1 5.64274 3.288 0.203054 -0.0330304 0.0609247 -0.0179256 0.205376 -0.0555185 1.79007 1 0 0 0 0 0 0 0
118 1 0.1 5.84593 3.63555 0.142969 0.0330936 -0.0816498 0.00460738 -0.10684 -0.0652976 -0.995992 1 0 0 0 0 0 0 0
119 1 0.1 5.92766 3.84274 0.233012 0.120045 0.0589573 -0.0655726 0.156136 -0.0327931 1.57788 1 0 0 0 0 0 0 0
120 1 0.1 5.71473 3.46264 0.13749 -0.0550522 0.0838208 0.00164882 -0.264372 -0.0114466 -1.05328 1 0 0 0 0 0 0 0
121 1 0.1 5.93618 3.45721 0.137503 -0.293401 -0.265578 0.0016979 0.706967 -1.12612 -2.60931 1 0 0 0 0 0 0 0
122 1 0.1 6.02131 4.28313 0.302612 0.0227944 -0.0241311 0.000255566 -0.57595 -0.164341 -0.399139 1 0 0 0 0 0 0 0
123 1 0.1 6.25952 4.68632 0.137457 -0.0592925 -0.0263001 -0.000122677 0.270523 -0.605905 -0.667654 1 0 0 0 0 0 0 0
124 1 0.1 6.33242 4.8376 0.246151 -0.0211233 -0.0190597 -0.0275841 0.0616896 0.216657 -0.558635 1 0 0 0 0 0 0 0
125 1 0.1 5.98712 1.03536 0.349638 -0.00284917 0.00313738 0.000987225 0.0303944 0.0287804 -0.00562782 1 0 0 0 0 0 0 0
126 1 0.1 5.84699 1.17695 0.345855 -0.000976905 0.00619444 -0.00957035 -0.100818 0.0141537 0.169516 1 0 0 0 0 0 0 0
127 1 0.1 5.65199 1.36291 0.35037 -0.000231599 0.000646169 -0.000726992 -0.00142328 0.00784662 0.00128254 1 0 0 0 0 0 0 0
128 1 0.1 5.51091 1.50473 0.347558 -0.000744402 0.000389762 0.00071648 0.00501632 -0.014681 0.00206652 1 0 0 0 0 0 0 0
129 1 0.1 5.36904 1.6531 0.332032 0.00277604 -0.0055282 -0.000325267 0.0279844 0.0116941 -0.040664 1 0 0 0 0 0 0 0
130 1 0.1 5.15902 1.8602 0.336379 0.00120857 -0.0075293 0.002917 -0.004595 -0.00798451 -0.037154 1 0 0 0 0 0 0 0
131 1 0.1 5.01775 2.0043 0.273248 0.00532713 0.00140349 0.00845617 0.0265228 0.0180731 -0.095675 1 0 0 0 0 0 0 0
132 1 0.1 4.88384 2.13598 0.340718 0.00652186 -0.0110188 0.0222912 0.0250273 -0.349069 -0.207194 1 0 0 0 0 0 0 0
133 1 0.1 4.75822 2.27177 0.27347 0.0167262 0.00663477 0.00720492 0.103064 0.0705918 0.122355 1 0 0 0 0 0 0 0
134 1 0.1 4.62516 2.40293 0.370684 0.0173149 -0.0131652 -0.00444462 0.10132 -0.0458646 -0.088464 1 0 0 0 0 0 0 0
135 1 0.1 4.32774 2.69578 0.397011 -0.0572664 0.0439913 -0.0358977 -0.584541 -1.27954 0.0606454 1 0 0 0 0 0 0 0
136 1 0.1 4.29365 2.85014 0.293085 0.145934 0.0242598 -0.0586941 0.315236 1.34081 -2.61781 1 0 0 0 0 0 0 0
137 1 0.1 4.25574 3.03739 0.330481 0.335582 0.0722666 -0.0813312 -0.57803 -0.0568695 0.773067 1 0 0 0 0 0 0 0
138 1 0.1 4.2484 3.22867 0.365839 0.0830203 0.0624169 -0.061517 0.817114 -0.196717 1.63641 1 0 0 0 0 0 0 0
139 1 0.1 4.39562 3.37166 0.370868 -0.0136472 -0.0155194 0.00894658 -0.0228789 -0.040613 -0.0981824 1 0 0 0 0 0 0 0
140 1 0.1 4.57243 3.54032 0.306653 0.187577 0.169673 0.0194026 -1.19351 1.77202 0.323332 1 0 0 0 0 0 0 0
141 1 0.1 4.74609 3.72538 0.330367 0.0980742 0.0683126 -0.0238974 -0.138735 0.532466 0.99897 1 0 0 0 0 0 0 0
142 1 0.1 4.88567 3.86703 0.350048 0.0992505 0.0663074 -0.0120249 0.0638423 -0.0196816 0.0208305 1 0 0 0 0 0 0 0
143 1 0.1 5.05501 4.02945 0.344853 -0.075616 -0.0631325 0.0323037 -0.0772471 -0.397761 -0.953445 1 0 0 0 0 0 0 0
144 1 0.1 5.27704 4.19708 0.316215 0.124053 -0.0580581 -0.0328388 0.155815 -0.145576 0.273484 1 0 0 0 0 0 0 0
145 1 0.1 5.37765 4.35936 0.358278 0.0123673 0.00337103 0.00681418 0.0261284 -0.338119 0.947044 1 0 0 0 0 0 0 0
146 1 0.1 5.52171 4.49569 0.358505 -0.0140448 0.0286106 0.0171166 -0.238263 -0.00891177 -0.529343 1 0 0 0 0 0 0 0
147 1 0.1 5.65749 4.64043 0.352216 0.00920564 0.00437458 0.00183206 0.00842771 -0.0097094 0.193515 1 0 0 0 0 0 0 0
148 1 0.1 5.79929 4.77985 0.342482 0.009978 0.00367519 0.0171878 0.0653486 -0.149629 -0.182539 1 0 0 0 0 0 0 0
149 1 0.1 5.93819 4.92183 0.345778 0.00266079 0.00861886 0.0218568 -0.188414 -0.0465462 0.286324 1 0 0 0 0 0 0 0
150 1 0.1 6.12851 0.894233 0.35003 -0.00191214 0.00280736 0.00233514 0.018408 -0.0139169 -0.0919133 1 0 0 0 0 0 0 0
151 1 0.1 5.87219 1.3736 0.329361 -0.0115696 0.00950972 -0.00312201 0.193778 0.126855 -0.0606442 1 0 0 0 0 0 0 0
152 1 0.1 5.69798 1.54867 0.292981 -0.00111587 0.00169541 0.000493021 0.0199265 0.0139613 0.00313196 1 0 0 0 0 0 0 0
153 1 0.1 5.77474 1.88093 0.315688 -0.00117406 -0.00328091 0.000754585 0.0146388 -0.0275884 0.0752952 1 0 0 0 0 0 0 0
154 1 0.1 5.54225 1.8217 0.316505 0.00702033 0.00426256 -0.0058676 0.162061 0.0732496 0.110986 1 0 0 0 0 0 0 0
155 1 0.1 5.35944 1.8427 0.394426 0.0144837 -0.0128265 0.0118833 0.111501 0.0978236 -0.0429265 1 0 0 0 0 0 0 0
156 1 0.1 5.21115 2.04786 0.292037 0.00832601 -0.0123769 0.0211863 0.179033 -0.0381905 -0.0654636 1 0 0 0 0 0 0 0
157 1 0.1 5.16559 2.21365 0.463123 -0.00375512 -0.0379283 0.0229495 0.266084 0.09989 -0.0262094 1 0 0 0 0 0 0 0
158 1 0.1 4.90634 2.38032 0.457541 -0.0323749 0.104666 0.144215 -0.923747 -1.77882 1.42286 1 0 0 0 0 0 0 0
159 1 0.1 4.86356 2.65424 0.410331 0.0254484 -0.017766 0.014478 -0.300068 0.00328166 -0.0984861 1 0 0 0 0 0 0 0
160 1 0.1 4.48472 2.61471 0.30335 -0.029577 0.0860823 -0.0284371 -0.0989244 0.128834 0.356239 1 0 0 0 0 0 0 0
161 1 0.1 4.57255 2.79262 0.328711 -0.0319877 -0.0128641 0.0623986 0.0309472 1.16674 -0.661895 1 0 0 0 0 0 0 0
162 1 0.1 4.46555 3.00974 0.300312 0.0779367 -0.0527084 -0.0497259 -3.19936 0.0716171 1.10705 1 0 0 0 0 0 0 0
163 1 0.1 4.49228 3.2029 0.334948 -0.0210313 -0.0013444 -0.119799 2.32951 -1.32034 -0.248014 1 0 0 0 0 0 0 0
164 1 0.1 4.58816 3.35458 0.423171 -0.0466816 -0.0105634 -0.0720005 0.149867 -0.0882147 0.000610958 1 0 0 0 0 0 0 0
165 1 0.1 4.8469 3.60289 0.437287 -0.00975524 0.0322167 -0.0271385 0.528124 -1.40959 -1.65635 1 0 0 0 0 0 0 0
166 1 0.1 5.03992 3.68009 0.417081 0.165494 0.201967 0.196721 0.141569 1.1728 0.19663 1 0 0 0 0 0 0 0
167 1 0.1 5.12921 3.84277 0.342958 0.229889 0.0637254 -0.0540323 1.1316 1.38903 -2.22373 1 0 0 0 0 0 0 0
168 1 0.1 5.26806 4.01058 0.375487 0.0339139 -0.0218169 0.0879899 -1.04407 0.838675 -0.641204 1 0 0 0 0 0 0 0
169 1 0.1 5.42244 4.12305 0.428411 0.0824307 -0.0947237 0.00886121 0.297523 -0.313269 -0.588818 1 0 0 0 0 0 0 0
170 1 0.1 5.56809 4.27626 0.402345 -0.170243 -0.0206714 -0.015848 0.780543 0.458061 -0.194332 1 0 0 0 0 0 0 0
171 1 0.1 5.70015 4.40988 0.332048 -0.0181015 0.00691443 0.0705553 -0.479344 -0.256617 0.495687 1 0 0 0 0 0 0 0
172 1 0.1 5.89446 4.44925 0.30686 -0.030217 0.0405043 0.0146717 -0.668812 0.678695 -0.0244154 1 0 0 0 0 0 0 0
173 1 0.1 5.90993 4.64068 0.251668 0.0316062 0.0303012 -0.00303071 0.648134 -0.453888 0.466423 1 0 0 0 0 0 0 0
174 1 0.1 6.16802 5.14546 0.354657 0.0264292 0.0199695 0.00260313 -0.016982 -0.0192003 0.337258 1 0 0 0 0 0 0 0
175 1 0.1 6.26986 0.752868 0.349989 -0.00230224 0.0020793 0.000573331 0.00757313 -1.96434e-05 0.0319206 1 0 0 0 0 0 0 0
176 1 0.1 6.0526 1.28797 0.333934 -0.0144545 0.00110741 -0.000736005 -0.107721 -0.260938 0.0140082 1 0 0 0 0 0 0 0
177 1 0.1 5.82508 1.69101 0.352319 -0.00344339 -0.000871524 0.0102177 -0.0536743 -0.203173 -0.0507393 1 0 0 0 0 0 0 0
178 1 0.1 5.87168 2.03511 0.413895 0.00845259 -0.0180396 0.00257792 -0.037672 0.337094 0.0516665 1 0 0 0 0 0 0 0
179 1 0.1 5.63116 1.99081 0.40019 -0.0142429 -0.0178551 -0.00546254 0.124212 -0.146056 0.042325 1 0 0 0 0 0 0 0
180 1 0.1 5.44697 2.04202 0.459114 -0.0230589 -0.0310706 0.0124135 -0.27447 0.260147 -0.202466 1 0 0 0 0 0 0 0
181 1 0.1 5.40455 2.08819 0.26928 0.00401803 0.00126622 0.00473062 -0.252881 -0.132178 0.028413 1 0 0 0 0 0 0 0
182 1 0.1 5.26374 2.38704 0.458588 0.00993174 -0.0341181 0.0250264 -0.112095 0.0806385 -0.0901449 1 0 0 0 0 0 0 0
183 1 0.1 5.02206 2.46789 0.319969 -0.571927 0.321376 -0.169368 -3.10953 2.66575 5.16312 1 0 0 0 0 0 0 0
184 1 0.1 5.05247 2.64441 0.470234 0.0262545 -0.00361148 0.00605131 0.0133348 -0.358122 -0.0717713 1 0 0 0 0 0 0 0
185 1 0.1 4.92341 2.83941 0.470965 0.0119936 0.0257273 0.00617908 -0.347675 -0.293296 0.537641 1 0 0 0 0 0 0 0
186 1 0.1 4.64857 2.59515 0.420648 0.00974327 -0.0121514 -0.0276704 0.0615107 0.0494413 0.106685 1 0 0 0 0 0 0 0
187 1 0.1 4.6638 2.96314 0.281943 -0.0132229 -0.0364563 -0.00235465 0.0303052 -0.0747829 0.449044 1 0 0 0 0 0 0 0
188 1 0.1 4.68301 3.14982 0.349855 -0.0254578 -0.0333996 -0.0496651 0.53742 -0.214291 0.0946711 1 0 0 0 0 0 0 0
189 1 0.1 4.88411 3.3424 0.355018 0.158357 -0.000537625 -0.0211055 1.65205 -0.982524 -0.840374 1 0 0 0 0 0 0 0
190 1 0.1 5.10301 3.48485 0.326881 0.155659 0.0108618 -0.0808469 1.97182 -0.557249 -0.687204 1 0 0 0 0 0 0 0
191 1 0.1 5.23508 3.633 0.326793 0.213386 -0.0533734 -0.00150385 -1.02279 0.602568 -0.0255614 1 0 0 0 0 0 0 0
192 1 0.1 5.31485 3.80921 0.281994 0.171092 -0.072685 -0.0428412 -0.154008 -2.16213 0.671457 1 0 0 0 0 0 0 0
193 1 0.1 5.48907 3.89919 0.317244 0.0520076 -0.0374228 0.0989911 -0.573207 -0.297676 -0.159743 1 0 0 0 0 0 0 0
194 1 0.1 5.64362 3.9357 0.437732 0.0403805 0.0928938 0.0212326 0.637082 1.34494 2.03893 1 0 0 0 0 0 0 0
195 1 0.1 5.70956 4.12786 0.429315 0.130472 -0.0613448 0.0289776 1.01662 0.74543 0.388521 1 0 0 0 0 0 0 0
196 1 0.1 5.83789 4.27278 0.381069 0.0452382 0.0320615 0.0643624 0.493791 0.463235 0.434557 1 0 0 0 0 0 0 0
197 1 0.1 5.78513 3.98311 0.30518 -0.138571 0.0594472 -0.134316 -1.07991 -3.11115 -1.71696 1 0 0 0 0 0 0 0
198 1 0.1 6.05488 4.77468 0.277586 0.0261988 0.0269347 0.0323353 0.107647 0.65091 -0.332222 1 0 0 0 0 0 0 0
199 1 0.1 6.30859 5.28744 0.350008 0.0261916 0.0197923 -7.78961e-05 -0.000962796 0.000830484 0.00115335 1 0 0 0 0 0 0 0
200 1 0.1 6.31623 0.96123 0.335977 -0.0192405 0.0546112 0.0085734 -0.121911 -0.082186 0.651942 1 0 0 0 0 0 0 0
201 1 0.1 6.16625 1.12363 0.340927 -0.00555999 0.00831153 -0.0011423 0.182346 0.119004 0.0828131 1 0 0 0 0 0 0 0
202 1 0.1 6.02322 1.50149 0.301048 -0.00666714 0.00664454 2.75437e-05 0.0645927 0.101433 -0.069501 1 0 0 0 0 0 0 0
203 1 0.1 5.84511 2.41492 0.452056 0.0149429 -0.0054991 -0.000484492 0.128113 0.032346 0.0931317 1 0 0 0 0 0 0 0
204 1 0.1 5.76132 2.53257 0.313715 0.0148413 -0.0115205 -0.00579661 0.0212897 0.0982013 -0.0504742 1 0 0 0 0 0 0 0
205 1 0.1 5.53777 2.1991 0.37075 -0.0157258 -0.0511309 -0.00888189 0.092951 0.0850969 -0.518241 1 0 0 0 0 0 0 0
206 1 0.1 5.37786 2.30783 0.312541 0.000606313 -0.0122779 0.00488749 0.0489721 0.0456164 -0.106642 1 0 0 0 0 0 0 0
207 1 0.1 5.45051 2.45151 0.429616 0.010065 -0.0230044 0.012677 0.101488 0.049279 0.0569352 1 0 0 0 0 0 0 0
208 1 0.1 5.27436 2.4585 0.232909 0.00818492 -0.00714359 0.0166465 0.0584774 -0.0285592 0.0206993 1 0 0 0 0 0 0 0
209 1 0.1 5.34049 2.72208 0.353028 0.0157652 -0.0188849 0.0187031 -0.0173904 0.00232983 0.195292 1 0 0 0 0 0 0 0
210 1 0.1 5.41189 2.88868 0.437573 0.0353712 -0.00908309 -0.0160736 -0.0206709 0.438796 0.256213 1 0 0 0 0 0 0 0
211 1 0.1 5.11278 2.73 0.302545 0.0364821 0.00369517 0.0141072 0.0222427 0.169955 0.264374 1 0 0 0 0 0 0 0
212 1 0.1 4.8596 2.938 0.309159 -0.000955031 -0.010491 -0.0102188 0.013574 0.322211 -0.320212 1 0 0 0 0 0 0 0
213 1 0.1 4.87548 3.14974 0.302156 1.48914e-05 0.00167083 -0.0059459 0.319474 -0.262956 0.0758673 1 0 0 0 0 0 0 0
214 1 0.1 5.11482 3.32015 0.214593 0.0815321 0.0260723 -0.0898215 -1.64798 0.0204325 -0.731694 1 0 0 0 0 0 0 0
215 1 0.1 5.28316 3.40816 0.293277 0.149789 -0.123763 -0.0469973 0.0975708 -0.121678 -1.55795 1 0 0 0 0 0 0 0
216 1 0.1 5.47087 3.47529 0.28335 0.17001 -0.0433904 -0.00481445 -0.182282 -0.396683 2.28561 1 0 0 0 0 0 0 0
217 1 0.1 5.42949 3.65246 0.369482 0.227237 -0.0433147 0.0619054 1.0514 -2.43204 -0.176497 1 0 0 0 0 0 0 0
218 1 0.1 5.72101 3.78102 0.318415 -0.0910957 -0.0747919 -0.0364562 0.662432 -0.927372 -0.474053 1 0 0 0 0 0 0 0
219 1 0.1 5.92799 3.7309 0.398748 0.147183 0.152032 -0.00117715 -1.29528 -0.504686 -0.28533 1 0 0 0 0 0 0 0
220 1 0.1 5.84776 3.44097 0.501854 0.0519284 0.0103075 -0.033601 0.177919 -0.331506 -0.470317 1 0 0 0 0 0 0 0
221 1 0.1 5.94269 3.9296 0.415953 -0.207936 0.177493 -0.0247686 1.52213 2.14768 3.84953 1 0 0 0 0 0 0 0
222 1 0.1 5.88822 3.53974 0.313287 0.0226537 0.0471308 -0.0413615 -0.104882 1.48153 -1.35498 1 0 0 0 0 0 0 0
223 1 0.1 6.13694 4.9528 0.313668 0.0634884 0.0143287 0.00552693 0.0374695 0.320927 0.10901 1 0 0 0 0 0 0 0
224 1 0.1 6.32403 5.02179 0.336297 -0.0194913 -0.037783 0.00550426 0.0701661 -0.0608184 -1.08664 1 0 0 0 0 0 0 0
225 1 0.1 6.31165 1.24965 0.395437 -0.000424909 0.00242099 0.00010937 0.126133 0.0243098 -0.201922 1 0 0 0 0 0 0 0
226 1 0.1 5.92942 1.97519 0.231066 -0.0110556 0.0124942 0.00121537 0.0970853 0.0950684 0.0650139 1 0 0 0 0 0 0 0
227 1 0.1 6.18352 1.42654 0.394119 -0.00850125 -0.00401024 -0.00386281 -0.0579445 0.16516 -0.13618 1 0 0 0 0 0 0 0
228 1 0.1 5.92483 2.58892 0.213451 0.0134953 -0.00710993 -0.00884319 0.112733 -0.00641307 -0.00646107 1 0 0 0 0 0 0 0
229 1 0.1 5.51173 2.9465 0.137262 0.105057 -0.0382184 -0.000989561 -0.553273 0.339175 -1.09965 1 0 0 0 0 0 0 0
230 1 0.1 5.7847 3.1125 0.42948 0.0681581 0.0201348 -0.0128657 -0.241634 -0.304935 -0.570612 1 0 0 0 0 0 0 0
231 1 0.1 5.70755 2.34048 0.327532 0.0114462 -0.0111215 0.00707185 -0.102682 0.086404 0.011011 1 0 0 0 0 0 0 0
232 1 0.1 5.57297 2.47785 0.274339 0.00910642 -0.010184 0.00964195 0.0204554 0.023091 -0.0508421 1 0 0 0 0 0 0 0
233 1 0.1 5.71529 2.73481 0.288565 0.0248436 0.0124979 0.00743687 -0.0351142 0.0126338 0.227122 1 0 0 0 0 0 0 0
234 1 0.1 5.5281 2.66857 0.311661 0.019509 -0.00356364 0.00817934 -0.0872722 0.1357 -0.00694983 1 0 0 0 0 0 0 0
235 1 0.1 5.56521 2.86489 0.31147 0.0473096 -0.00309931 0.00951657 -0.0689466 -0.259164 -0.208658 1 0 0 0 0 0 0 0
236 1 0.1 5.44587 3.03482 0.572269 0.0198605 0.0179001 0.00685069 0.367453 0.179847 -0.0991033 1 0 0 0 0 0 0 0
237 1 0.1 5.05752 2.91886 0.332701 0.0187397 0.000848762 0.0133162 -0.294194 0.509438 -0.00486123 1 0 0 0 0 0 0 0
238 1 0.1 5.09814 3.12181 0.33287 0.0138163 -0.0836839 0.00626915 -0.86887 1.41734 -1.52248 1 0 0 0 0 0 0 0
239 1 0.1 5.24949 3.05092 0.44253 0.0418427 -0.0288709 0.00987958 0.0754711 0.689943 0.0437554 1 0 0 0 0 0 0 0
240 1 0.1 5.39053 3.04331 0.301249 0.0544332 -0.0589162 0.0172034 -0.963776 -0.805789 -0.325789 1 0 0 0 0 0 0 0
241 1 0.1 5.49914 3.22457 0.540926 0.14396 0.00843282 0.0445205 0.0429632 0.144747 -1.09706 1 0 0 0 0 0 0 0
242 1 0.1 5.4039 3.27015 0.371727 0.103417 -0.1579 0.00257509 -2.40395 0.346044 0.58646 1 0 0 0 0 0 0 0
243 1 0.1 5.56845 3.42513 0.450339 0.194458 0.0388337 0.0116166 -0.258588 0.365484 -1.56046 1 0 0 0 0 0 0 0
244 1 0.1 5.65506 3.5491 0.307756 0.0871277 0.206773 0.0253494 -0.234958 -0.216322 -0.740084 1 0 0 0 0 0 0 0
245 1 0.1 5.64797 3.09409 0.155181 0.0834186 0.049261 -0.0183271 -0.212052 -0.0395365 -0.64742 1 0 0 0 0 0 0 0
246 1 0.1 5.76476 3.38333 0.329401 -0.0406788 0.106711 -0.0304519 0.692966 1.08879 -0.185066 1 0 0 0 0 0 0 0
247 1 0.1 6.05091 4.43408 0.4301 -0.00434808 -0.00409432 -0.0164424 0.0420042 -0.262596 -0.0291464 1 0 0 0 0 0 0 0
248 1 0.1 6.15265 4.60514 0.413653 -0.0326732 0.0161286 -0.0054062 0.0569469 0.236921 0.378805 1 0 0 0 0 0 0 0
249 1 0.1 6.25696 4.77533 0.420269 -0.0278229 0.0139037 -0.0184049 -0.0163955 0.0589685 -0.423535 1 0 0 0 0 0 0 0
250 1 0.1 6.02778 0.99629 0.54129 0.000350729 -6.8894e-05 -0.000700742 -0.0090636 0.00496489 0.000683007 1 0 0 0 0 0 0 0
251 1 0.1 5.86179 1.15456 0.55007 0.00143093 -0.000997883 -0.000215121 0.00600766 0.00887773 -0.0182279 1 0 0 0 0 0 0 0
252 1 0.1 5.71843 1.2995 0.549134 0.000743294 -0.000982006 0.00132496 -0.000695662 -0.0094303 -0.00881003 1 0 0 0 0 0 0 0
253 1 0.1 5.50009 1.52114 0.547918 0.0245586 -0.038298 0.011312 -0.0958503 -0.298099 0.168118 1 0 0 0 0 0 0 0
254 1 0.1 5.36365 1.66274 0.576791 0.0221738 -0.0416765 -0.0029101 0.0462099 0.0930093 -0.246456 1 0 0 0 0 0 0 0
255 1 0.1 5.22209 1.79902 0.54669 0.0146984 -0.054122 0.0321701 0.190439 0.139641 0.352658 1 0 0 0 0 0 0 0
256 1 0.1 5.08017 1.93791 0.55353 0.0244809 -0.0491698 0.0662639 0.472725 -0.261294 -0.463914 1 0 0 0 0 0 0 0
257 1 0.1 4.94555 2.07937 0.519161 0.0381829 -0.0423692 0.0115576 -0.19121 -0.130947 -0.313717 1 0 0 0 0 0 0 0
258 1 0.1 4.7517 2.27462 0.527253 -0.0157015 0.0069353 0.0266802 0.144363 -0.259186 0.17066 1 0 0 0 0 0 0 0
259 1 0.1 4.6131 2.41247 0.569235 -0.0205899 0.00449764 -0.0233495 -0.104983 -0.297578 0.417949 1 0 0 0 0 0 0 0
260 1 0.1 4.46664 2.56057 0.49464 0.00220433 -0.00132149 -0.0407127 -0.664559 -0.284665 -0.00256888 1 0 0 0 0 0 0 0
261 1 0.1 4.41977 2.86832 0.431232 -0.0176101 0.0452625 0.0500856 1.05164 -0.495676 -0.928645 1 0 0 0 0 0 0 0
262 1 0.1 4.19227 2.92719 0.54998 -0.00200372 -0.016959 -0.00031698 -0.00569075 0.00404159 -0.167371 1 0 0 0 0 0 0 0
263 1 0.1 4.19631 3.12605 0.57074 -0.00429048 -0.0146084 -0.0181199 -0.102029 0.193901 -0.126881 1 0 0 0 0 0 0 0
264 1 0.1 4.3074 3.29034 0.545579 -0.00652148 -0.0105387 -0.0109674 0.467589 -0.0890403 -0.0497005 1 0 0 0 0 0 0 0
265 1 0.1 4.50504 3.4859 0.548986 0.000994345 -0.00330217 -0.0411265 -0.232794 -0.975568 -1.19624 1 0 0 0 0 0 0 0
266 1 0.1 4.71814 3.69969 0.555179 -0.00531991 -0.0121166 0.0280913 -0.22541 -0.360355 -0.616102 1 0 0 0 0 0 0 0
267 1 0.1 4.8629 3.83226 0.572186 0.0881566 -0.126627 0.0244637 -0.407411 -0.0621155 -0.214841 1 0 0 0 0 0 0 0
268 1 0.1 5.00418 3.98308 0.549266 -0.14357 -0.165661 0.0683395 0.0048302 -0.859607 -2.07471 1 0 0 0 0 0 0 0
269 1 0.1 5.14613 4.12408 0.553462 -0.142621 -0.167565 -0.0617466 -0.0435287 0.67308 -1.74443 1 0 0 0 0 0 0 0
270 1 0.1 5.28806 4.26511 0.556241 -0.140834 -0.164564 -0.0673943 0.032094 0.74236 -1.86873 1 0 0 0 0 0 0 0
271 1 0.1 5.42837 4.40753 0.550004 -0.127852 -0.17263 -0.00133963 0.00479125 0.0129762 -2.21844 1 0 0 0 0 0 0 0
272 1 0.1 5.57965 4.56367 0.550224 -0.00633843 -0.0108971 0.0098222 -0.0692628 -0.0729816 -0.113696 1 0 0 0 0 0 0 0
273 1 0.1 5.72287 4.70807 0.549916 -0.0063752 -0.0114725 0.00430125 -0.000953987 -0.0290625 -0.11231 1 0 0 0 0 0 0 0
274 1 0.1 5.86588 4.84856 0.541878 -0.000319107 -0.00494648 -0.00560864 0.0385188 0.0570035 -0.0322636 1 0 0 0 0 0 0 0
275 1 0.1 6.16776 0.85379 0.549207 8.48393e-05 -0.000332781 0.000487394 -9.84202e-05 -0.012225 -0.00480404 1 0 0 0 0 0 0 0
276 1 0.1 5.92146 1.34331 0.522828 0.00504755 -0.00157825 0.00212819 0.0324303 0.0511508 -0.0231113 1 0 0 0 0 0 0 0
277 1 0.1 5.77899 1.47324 0.471049 0.0067873 -3.93389e-05 0.0117558 -0.0173326 0.0629623 -0.0140354 1 0 0 0 0 0 0 0
278 1 0.1 5.63933 1.68561 0.426212 -0.00705243 -0.0016455 0.000269223 0.0116323 -0.0629037 0.029696 1 0 0 0 0 0 0 0
279 1 0.1 5.53964 1.75703 0.583987 -0.00345553 0.000248239 -0.000972118 -0.0399342 0.085372 -0.0410172 1 0 0 0 0 0 0 0
280 1 0.1 5.39064 1.89818 0.590324 0.0101285 -0.0392889 0.0279417 0.16381 -0.0613053 0.119759 1 0 0 0 0 0 0 0
281 1 0.1 5.25498 1.99148 0.477012 -0.00543869 -0.0451103 0.0319246 0.153444 -0.0196166 0.394523 1 0 0 0 0 0 0 0
282 1 0.1 5.10761 2.1196 0.627509 0.0230952 -0.0392372 0.0451691 -0.473581 0.0649278 0.41547 1 0 0 0 0 0 0 0
283 1 0.1 4.85446 2.38126 0.661588 -0.0191974 0.0152959 0.0216957 -0.00773859 -0.215067 0.188718 1 0 0 0 0 0 0 0
284 1 0.1 4.7881 2.53288 0.54953 -0.0135658 0.00405147 0.00669004 0.17543 -0.644266 0.369323 1 0 0 0 0 0 0 0
285 1 0.1 4.61584 2.60312 0.621228 -0.0126618 -0.00285108 0.0076659 0.414527 0.120998 -0.54721 1 0 0 0 0 0 0 0
286 1 0.1 4.6137 2.80752 0.603203 -0.0258825 -0.0611145 0.0289167 0.395341 0.409087 1.0101 1 0 0 0 0 0 0 0
287 1 0.1 4.456 2.91941 0.604956 0.0121161 -0.0443601 0.0446052 -0.430556 0.599477 -0.438139 1 0 0 0 0 0 0 0
288 1 0.1 4.39697 3.10947 0.598338 -0.0102179 -0.0505648 0.00605498 0.219774 -1.11525 1.99066 1 0 0 0 0 0 0 0
289 1 0.1 4.50059 3.2931 0.592109 -0.00403895 -0.010526 -0.0428622 0.291263 0.442343 0.267181 1 0 0 0 0 0 0 0
290 1 0.1 4.66905 3.53394 0.462572 0.0504812 0.00974795 0.0654509 2.28847 0.0921012 0.220665 1 0 0 0 0 0 0 0
291 1 0.1 4.88662 3.62432 0.617539 -0.0402768 -0.133165 -0.0124115 0.956356 1.6556 -0.23835 1 0 0 0 0 0 0 0
292 1 0.1 5.05524 3.79309 0.585639 0.0900612 -0.129814 0.026213 -0.381194 -0.171205 -0.38867 1 0 0 0 0 0 0 0
293 1 0.1 5.2068 3.89354 0.518342 0.0621853 -0.0805831 0.0508389 -0.14885 -1.41083 2.20858 1 0 0 0 0 0 0 0
294 1 0.1 5.34857 4.01888 0.582901 -0.193997 0.173002 0.169046 -1.02343 -2.83345 0.0552301 1 0 0 0 0 0 0 0
295 1 0.1 5.51452 4.20579 0.581682 0.0313692 -0.0692879 0.0178818 -0.487936 -0.154071 0.918749 1 0 0 0 0 0 0 0
296 1 0.1 5.68321 4.31093 0.595101 -0.00959036 -0.00658023 0.000763521 0.0585339 0.0810162 -0.194941 1 0 0 0 0 0 0 0
297 1 0.1 5.76461 4.48787 0.551663 -0.00966355 -0.00947867 -0.00070348 0.07091 0.190929 0.124552 1 0 0 0 0 0 0 0
298 1 0.1 5.86971 4.62065 0.446138 -0.0219438 -0.016094 -0.0189781 -0.297721 -0.114036 -0.0368491 1 0 0 0 0 0 0 0
299 1 0.1 6.14596 5.11211 0.589492 0.0267933 0.0152191 0.016589 -0.0178354 0.137142 -0.236304 1 0 0 0 0 0 0 0
300 1 0.1 6.32688 0.697724 0.54749 -0.0018794 0.0036989 -0.00488182 -0.0822456 -0.0130897 0.0182499 1 0 0 0 0 0 0 0
301 1 0.1 6.05367 1.1939 0.51043 0.00346538 -0.00164529 -0.000245648 -0.023008 -0.0325251 0.0127015 1 0 0 0 0 0 0 0
302 1 0.1 5.96165 1.5531 0.483722 0.00441152 0.00252274 0.0042893 -0.00627045 0.0103406 0.0422592 1 0 0 0 0 0 0 0
303 1 0.1 5.8471 1.67784 0.589379 0.000579819 -0.000815946 0.00375157 -0.0157013 0.00696878 0.0344965 1 0 0 0 0 0 0 0
304 1 0.1 5.72361 1.83498 0.583616 -0.00258192 -0.00449167 -0.00478373 0.0206514 -0.0675169 -0.0105244 1 0 0 0 0 0 0 0
305 1 0.1 5.57864 1.97227 0.591465 0.00325286 -0.00463045 -0.00223211 -0.289721 0.280798 -0.026981 1 0 0 0 0 0 0 0
306 1 0.1 5.38332 2.22815 0.494336 0.00209616 -0.0143836 0.000236943 -0.00275298 0.0532859 -0.0178736 1 0 0 0 0 0 0 0
307 1 0.1 5.18383 2.30324 0.6463 -0.0270884 -0.00667017 -0.0382825 0.12184 -0.101352 0.000501199 1 0 0 0 0 0 0 0
308 1 0.1 5.21829 2.56864 0.389784 0.0242745 -0.0218819 0.0249099 0.0706457 0.153873 -0.147427 1 0 0 0 0 0 0 0
309 1 0.1 5.08844 2.4847 0.582326 2.91808e-05 -0.00381561 0.00760837 0.0191613 -0.0598673 0.041119 1 0 0 0 0 0 0 0
310 1 0.1 5.03481 2.72778 0.650821 0.0229269 -0.018946 0.0110985 0.11909 0.0293633 0.0588768 1 0 0 0 0 0 0 0
311 1 0.1 4.7957 2.7313 0.580355 0.00579228 0.0259069 -0.00316759 -0.192176 -0.344541 -0.0597984 1 0 0 0 0 0 0 0
312 1 0.1 4.72157 2.90061 0.462856 -0.0903352 0.0413265 0.0516584 -0.174707 -0.842258 1.11778 1 0 0 0 0 0 0 0
313 1 0.1 4.6345 3.15454 0.543021 -0.027152 -0.0236067 -0.056832 -0.728435 0.189858 -0.364193 1 0 0 0 0 0 0 0
314 1 0.1 4.76471 3.30236 0.510255 0.0501411 -0.0914567 -0.11498 0.437322 -0.00217734 -0.395052 1 0 0 0 0 0 0 0
315 1 0.1 4.9015 3.43398 0.656864 0.0768152 -0.132902 -0.124854 0.931344 -0.239994 1.01028 1 0 0 0 0 0 0 0
316 1 0.1 5.03019 3.44654 0.507023 0.0911383 -0.0741385 -0.112923 -0.53039 0.00932966 -0.525268 1 0 0 0 0 0 0 0
317 1 0.1 5.13668 3.61092 0.57271 0.228302 -0.059008 -0.00403301 1.68473 0.962295 -2.51351 1 0 0 0 0 0 0 0
318 1 0.1 5.38362 3.82052 0.467734 0.0551484 -0.0969919 0.0263101 -0.277718 1.72535 -3.18189 1 0 0 0 0 0 0 0
319 1 0.1 5.53052 3.87568 0.591085 0.0894334 -0.06619 0.00150347 -0.366781 -1.45059 0.264309 1 0 0 0 0 0 0 0
320 1 0.1 5.65435 4.06672 0.611524 0.0433335 -0.067884 8.45118e-05 0.66643 0.313525 -0.808466 1 0 0 0 0 0 0 0
321 1 0.1 5.83228 4.1581 0.582941 0.101627 -0.0598108 0.053158 -0.668695 -1.07874 0.0652906 1 0 0 0 0 0 0 0
322 1 0.1 5.9027 4.34338 0.556607 -0.0207579 -0.0201024 -0.00749955 -0.257002 0.106682 -0.283241 1 0 0 0 0 0 0 0
323 1 0.1 6.02311 4.74611 0.472941 -0.0114422 -0.0372506 0.0167816 0.085958 -0.421055 -0.430918 1 0 0 0 0 0 0 0
324 1 0.1 6.27775 5.25708 0.549675 0.0154453 0.0203782 -0.00170486 -0.0205321 0.0372335 0.253849 1 0 0 0 0 0 0 0
325 1 0.1 6.36599 0.891291 0.51643 -0.015768 0.0073845 -0.00613223 0.908263 -0.274014 0.335716 1 0 0 0 0 0 0 0
326 1 0.1 6.21192 1.07368 0.532465 0.00179275 -0.00243524 0.00400859 0.049045 -0.0371392 -0.0285926 1 0 0 0 0 0 0 0
327 1 0.1 5.89077 1.84555 0.474515 -0.00119736 -0.0212574 -0.00188394 0.0493557 0.0610527 -0.282561 1 0 0 0 0 0 0 0
328 1 0.1 5.94246 2.06963 0.622918 -0.0139647 0.132691 0.0573549 0.118095 -0.346615 1.55236 1 0 0 0 0 0 0 0
329 1 0.1 5.75016 2.0719 0.56835 0.00318229 -0.00766755 -0.00463214 0.218632 -0.30764 -0.00191167 1 0 0 0 0 0 0 0
330 1 0.1 5.5529 2.16959 0.582283 0.0053241 -0.0139929 -0.0143331 0.0982805 0.0712934 0.0117539 1 0 0 0 0 0 0 0
331 1 0.1 5.71603 2.26002 0.510257 0.00912993 -0.00255516 0.00954556 0.0146675 -0.155237 0.0876276 1 0 0 0 0 0 0 0
332 1 0.1 5.70355 2.44271 0.590473 0.0230085 -0.000864673 0.00684401 -0.00793093 0.0484159 -0.27941 1 0 0 0 0 0 0 0
333 1 0.1 5.62074 2.5615 0.452599 0.0221358 -0.00513898 0.00243424 0.0434024 -0.0145754 -0.100236 1 0 0 0 0 0 0 0
334 1 0.1 5.40828 2.70568 0.597087 0.0248512 -0.0151274 0.00360082 0.0700146 0.0698138 -0.0031527 1 0 0 0 0 0 0 0
335 1 0.1 5.21306 2.66524 0.587394 0.0241837 -0.00714581 0.00437392 0.127784 -0.0469974 -0.0263598 1 0 0 0 0 0 0 0
336 1 0.1 5.15844 2.82064 0.474359 0.0506184 0.00937918 0.00662907 -0.0997384 -0.00795534 -0.259674 1 0 0 0 0 0 0 0
337 1 0.1 4.84905 2.97582 0.604442 -0.0326885 0.0389121 0.00227118 -0.520107 0.375203 -0.735606 1 0 0 0 0 0 0 0
338 1 0.1 4.95504 3.04199 0.449348 -0.0194782 -0.00871986 0.00137385 0.0860281 -0.50312 0.510511 1 0 0 0 0 0 0 0
339 1 0.1 5.11155 3.16857 0.52617 0.0381442 -0.0152674 -0.0183412 0.05389 -1.72246 -0.23199 1 0 0 0 0 0 0 0
340 1 0.1 5.19034 3.33831 0.455999 0.116766 -0.0633485 -0.0439098 -0.968079 0.128214 -0.0160203 1 0 0 0 0 0 0 0
341 1 0.1 5.38012 3.38636 0.54109 -0.140118 -0.261235 -0.0800097 -0.411227 1.02823 -0.419117 1 0 0 0 0 0 0 0
342 1 0.1 5.32786 3.57869 0.524956 0.132186 -0.190154 -0.169863 0.743282 0.46506 0.657197 1 0 0 0 0 0 0 0
343 1 0.1 5.60609 3.73175 0.474493 -0.110443 -0.174123 -0.0720899 1.00796 1.0318 -0.553845 1 0 0 0 0 0 0 0
344 1 0.1 5.74801 3.76033 0.612783 -0.0730216 -0.108529 -0.0899805 -0.15837 0.301808 0.537985 1 0 0 0 0 0 0 0
345 1 0.1 5.72267 3.4089 0.762508 0.193804 -0.013166 -0.00240421 0.0983659 0.212301 -0.549047 1 0 0 0 0 0 0 0
346 1 0.1 5.80806 3.9461 0.569432 -0.0255825 -0.126286 -0.107006 0.462125 0.190799 -0.227014 1 0 0 0 0 0 0 0
347 1 0.1 5.99578 4.01178 0.590353 -0.0644759 -0.0235501 0.0138956 0.332253 -0.560889 0.279789 1 0 0 0 0 0 0 0
348 1 0.1 6.0533 4.95697 0.50481 -0.0185472 0.0364514 0.0298818 -0.393624 -0.356458 -0.464827 1 0 0 0 0 0 0 0
349 1 0.1 6.25309 4.95377 0.510413 -0.018906 -0.00474278 0.0185377 -0.0218611 0.476474 0.0416998 1 0 0 0 0 0 0 0
350 1 0.1 6.38795 1.16657 0.563061 -0.344773 -0.505767 -0.0254821 0.464345 0.0201808 -6.18365 1 0 0 0 0 0 0 0
351 1 0.1 6.22335 1.27968 0.5722 0.00358546 -0.000372775 0.00138777 -0.00583326 -0.0098557 0.0207764 1 0 0 0 0 0 0 0
352 1 0.1 6.09359 1.43203 0.572584 0.00376637 0.00158741 0.00168761 0.023075 -0.0225416 0.0961985 1 0 0 0 0 0 0 0
353 1 0.1 5.96357 1.85722 0.761744 -0.00724608 -0.00166063 -0.0021364 -0.0424525 0.0356699 -0.0999936 1 0 0 0 0 0 0 0
354 1 0.1 5.84463 2.75553 0.137464 0.0115265 -0.00036201 -0.000320413 -0.0342785 0.0823388 -0.00272302 1 0 0 0 0 0 0 0
355 1 0.1 5.7134 2.90627 0.137366 0.0170266 0.00873583 0.00440005 -0.0820723 0.11039 -0.105827 1 0 0 0 0 0 0 0
356 1 0.1 5.6894 2.67391 0.609249 0.0150651 -0.00289809 0.00498797 0.0229682 0.0342823 -0.0934486 1 0 0 0 0 0 0 0
357 1 0.1 5.75798 2.80348 0.473642 0.0218055 0.000361693 0.00711118 0.110729 0.0544427 -0.0596296 1 0 0 0 0 0 0 0
358 1 0.1 5.22487 2.77131 0.762589 0.0243792 -0.00796209 0.00184248 -0.0150443 -0.144049 -0.0958669 1 0 0 0 0 0 0 0
359 1 0.1 5.56221 2.76392 0.483937 0.0196165 0.00362801 0.00872416 0.0558087 -0.060559 0.149628 1 0 0 0 0 0 0 0
360 1 0.1 5.62938 2.94784 0.524408 0.0446674 0.00410641 0.019927 0.237093 -0.2539 -0.27715 1 0 0 0 0 0 0 0
361 1 0.1 5.50744 2.86663 0.660376 0.0287506 -0.00910603 -0.00553071 -0.0757871 0.0545454 0.0475244 1 0 0 0 0 0 0 0
362 1 0.1 5.29032 2.91023 0.594723 0.0724884 -0.0161739 0.00975732 0.0587893 0.00295425 -0.195035 1 0 0 0 0 0 0 0
363 1 0.1 5.07838 2.96545 0.586794 0.0129167 0.00613722 -0.0153462 0.623918 0.384852 0.537164 1 0 0 0 0 0 0 0
364 1 0.1 5.39761 2.99753 0.762642 0.0461838 -0.0191855 0.00139666 0.0931438 0.0418759 -0.223409 1 0 0 0 0 0 0 0
365 1 0.1 5.26878 3.10526 0.633766 0.110517 -0.0195129 0.00469982 -0.193376 -0.0428502 -0.304818 1 0 0 0 0 0 0 0
366 1 0.1 5.66894 3.13197 0.591458 0.13132 -0.0214185 0.0319158 0.261367 0.139074 0.036123 1 0 0 0 0 0 0 0
367 1 0.1 5.56203 3.29968 0.714907 0.205522 -0.0849993 0.0701133 0.454517 -0.216886 -0.603149 1 0 0 0 0 0 0 0
368 1 0.1 5.65828 3.53161 0.593567 0.214888 0.0482508 0.0141563 0.00429087 -0.397457 1.22304 1 0 0 0 0 0 0 0
369 1 0.1 5.77097 3.62035 0.454338 0.146685 0.165182 0.0361761 0.334011 0.284076 0.442765 1 0 0 0 0 0 0 0
370 1 0.1 5.69681 3.32941 0.570516 0.073235 -0.0292479 -0.0460869 0.792874 2.18761 0.0823782 1 0 0 0 0 0 0 0
371 1 0.1 5.63822 3.24503 0.398926 0.0539004 0.00141414 -0.0537659 0.350047 1.15318 0.445663 1 0 0 0 0 0 0 0
372 1 0.1 5.98409 4.15658 0.452908 0.0352439 -0.0564442 -0.0257394 0.56675 1.91838 0.00629251 1 0 0 0 0 0 0 0
373 1 0.1 6.05987 4.55252 0.590685 -0.0149076 -0.0131411 -0.00823749 0.0416014 0.20203 0.125054 1 0 0 0 0 0 0 0
374 1 0.1 6.18424 4.72747 0.600051 -0.0141933 0.00915282 -0.014837 0.257344 0.219945 -0.0549803 1 0 0 0 0 0 0 0
375 1 0.1 6.11922 0.904565 0.750075 0.000662629 -0.000442943 -0.000612638 -0.00672536 -0.00424284 -0.00310098 1 0 0 0 0 0 0 0
376 1 0.1 5.84501 1.18181 0.762619 0.000938181 -0.000200068 0.000229081 -0.00492235 -0.00692983 -0.0203882 1 0 0 0 0 0 0 0
377 1 0.1 5.70897 1.32661 0.746937 0.00145241 0.00105361 0.00069109 -0.00895476 0.0174078 0.00356117 1 0 0 0 0 0 0 0
378 1 0.1 5.5619 1.46103 0.749681 -0.000953163 0.000221292 0.000607595 -0.00817583 -0.00516626 0.0211242 1 0 0 0 0 0 0 0
379 1 0.1 5.42248 1.60296 0.759019 -0.00458168 -0.00097095 -0.0335463 -0.478 0.00583895 0.0228084 1 0 0 0 0 0 0 0
380 1 0.1 5.28055 1.7421 0.752562 -0.0124312 0.00447025 0.00752645 0.588484 0.456388 0.0538178 1 0 0 0 0 0 0 0
381 1 0.1 5.14377 1.88321 0.733611 -0.02422 0.0221679 0.14854 0.433584 0.603158 -0.291362 1 0 0 0 0 0 0 0
382 1 0.1 5.00301 2.02009 0.762305 -0.0150324 0.010072 0.0364197 -1.29741 -1.26901 0.395309 1 0 0 0 0 0 0 0
383 1 0.1 4.80356 2.21456 0.759415 0.00321592 0.000226727 0.00135742 -0.0831665 0.00451802 0.103114 1 0 0 0 0 0 0 0
384 1 0.1 4.66249 2.35549 0.757755 0.00164536 -0.00787578 -0.00638307 -0.0945369 0.056154 -0.0364589 1 0 0 0 0 0 0 0
385 1 0.1 4.40304 2.72876 0.579168 -0.0309588 -0.0107662 -0.0392322 0.424403 0.76668 0.617783 1 0 0 0 0 0 0 0
386 1 0.1 4.19259 2.83005 0.749961 -3.54229e-05 -0.000342581 0.000316519 0.000492027 -0.00365255 -0.00428645 1 0 0 0 0 0 0 0
387 1 0.1 4.19179 3.03274 0.762589 0.00672262 0.0423531 0.0090514 -0.0677382 -0.246562 0.337215 1 0 0 0 0 0 0 0
388 1 0.1 4.24254 3.22544 0.753956 0.0493405 0.0340473 -0.0190694 -0.0055758 -0.000629154 0.0154475 1 0 0 0 0 0 0 0
389 1 0.1 4.42962 3.40658 0.749957 0.0182385 0.0200698 -0.00267542 0.0144092 0.022397 0.280299 1 0 0 0 0 0 0 0
390 1 0.1 4.57095 3.54789 0.749988 0.0190685 0.0220771 -0.000944626 0.00088508 -0.00115565 0.000592222 1 0 0 0 0 0 0 0
391 1 0.1 4.79881 3.78151 0.753462 0.00469874 -0.0186982 0.0295133 -0.203896 -0.076558 -0.370724 1 0 0 0 0 0 0 0
392 1 0.1 4.94182 3.91828 0.762167 0.021169 -0.0381319 0.0047451 -0.0244817 0.214126 0.118455 1 0 0 0 0 0 0 0
393 1 0.1 5.08132 4.05791 0.733982 -0.00444048 -0.016748 -0.0090987 0.0623896 0.046289 -0.157888 1 0 0 0 0 0 0 0
394 1 0.1 5.22213 4.19851 0.738248 -5.26208e-05 -0.0257513 -0.00469782 0.0454741 -0.00108799 0.0610553 1 0 0 0 0 0 0 0
395 1 0.1 5.36075 4.34145 0.749881 -0.0133354 -0.0186439 -0.00167453 0.00813144 -0.00711057 0.14197 1 0 0 0 0 0 0 0
396 1 0.1 5.50348 4.48026 0.75296 -0.00391072 -0.0336957 -0.00605629 -0.0341741 0.0252629 0.0679914 1 0 0 0 0 0 0 0
397 1 0.1 5.66079 4.61475 0.7611 0.013607 -0.00372473 -0.00969982 0.00809245 -0.0228907 -0.032813 1 0 0 0 0 0 0 0
398 1 0.1 5.78811 4.76697 0.760367 -0.00053622 0.00397205 -0.00350322 0.063014 -0.00342738 0.106349 1 0 0 0 0 0 0 0
399 1 0.1 5.93077 4.90541 0.74458 0.00574183 -0.00224389 -0.0032677 0.0155531 0.0275794 0.0249384 1 0 0 0 0 0 0 0
400 1 0.1 6.26046 0.763294 0.750179 0.000353469 -8.03288e-06 -7.48877e-05 0.00353191 -0.0043838 0.00363422 1 0 0 0 0 0 0 0
401 1 0.1 6.00234 1.06483 0.727162 0.0010764 -0.000773813 -0.000319977 0.0102625 0.00309023 0.00397588 1 0 0 0 0 0 0 0
402 1 0.1 5.83854 1.45563 0.665917 0.00703014 -0.000533996 0.00312243 -0.0680007 -0.0945494 -0.00283743 1 0 0 0 0 0 0 0
403 1 0.1 5.68206 1.5676 0.613548 0.00622877 -0.00814044 0.00869914 -0.0916723 0.00225751 0.277896 1 0 0 0 0 0 0 0
404 1 0.1 5.60956 1.67217 0.763805 -0.00483268 -0.00595825 0.00105913 -0.048378 0.0105047 0.0270507 1 0 0 0 0 0 0 0
405 1 0.1 5.46699 1.80896 0.762724 8.56279e-05 -0.000114517 -0.00119698 0.0510759 -0.0755193 -0.083592 1 0 0 0 0 0 0 0
406 1 0.1 5.40497 1.99786 0.763068 0.0119096 -0.000136354 0.00297245 -0.0108255 -0.0600518 0.00440841 1 0 0 0 0 0 0 0
407 1 0.1 5.3055 2.11909 0.641084 0.0156046 -0.0036389 0.012284 -0.0684522 0.197471 -0.0841663 1 0 0 0 0 0 0 0
408 1 0.1 5.00294 2.2182 0.764049 0.00557827 -0.00690922 0.0065348 -0.102401 -0.124963 -0.242978 1 0 0 0 0 0 0 0
409 1 0.1 4.74595 2.53596 0.762631 0.0248628 -0.0242728 -0.000309382 0.22813 0.0772526 -0.153691 1 0 0 0 0 0 0 0
410 1 0.1 4.41757 2.60639 0.753338 0.0721277 -0.0785317 -0.0254052 -0.343621 0.132657 -1.21307 1 0 0 0 0 0 0 0
411 1 0.1 4.40878 2.8044 0.76295 0.00787638 -0.0828203 -0.00236697 0.53567 0.697883 1.8968 1 0 0 0 0 0 0 0
412 1 0.1 4.38133 2.9999 0.764473 -0.0226133 -0.077337 0.00466187 -0.624828 0.463862 -1.68181 1 0 0 0 0 0 0 0
413 1 0.1 4.44854 3.20819 0.763448 -0.0426891 0.0108416 -0.0113996 0.0721702 0.463863 -2.81815 1 0 0 0 0 0 0 0
414 1 0.1 4.70956 3.46058 0.61895 0.074464 -0.142855 -0.0197725 -0.489279 0.134358 -0.678743 1 0 0 0 0 0 0 0
415 1 0.1 4.77854 3.56765 0.768203 0.117486 -0.122185 0.0187047 -1.01344 -1.27153 0.600058 1 0 0 0 0 0 0 0
416 1 0.1 4.98236 3.70022 0.765086 0.0352476 -0.102762 -0.0184697 -0.999884 -0.431097 0.754557 1 0 0 0 0 0 0 0
417 1 0.1 5.12234 3.83596 0.765374 0.00977742 -0.0637652 0.0118829 -0.0362563 -0.714874 -0.244117 1 0 0 0 0 0 0 0
418 1 0.1 5.26332 3.9807 0.762562 0.0148828 0.00459112 -0.00316498 0.0580873 -0.14092 0.456656 1 0 0 0 0 0 0 0
419 1 0.1 5.41186 4.14193 0.762641 0.00549888 -0.002858 0.000765309 0.00694886 -0.070817 0.193109 1 0 0 0 0 0 0 0
420 1 0.1 5.57208 4.26075 0.762774 0.00419887 -0.00245837 -0.00112699 0.0174387 0.137904 -0.119584 1 0 0 0 0 0 0 0
421 1 0.1 5.69277 4.41886 0.762927 0.00166717 -0.00264968 0.00085635 -0.0893051 -0.104599 0.00773774 1 0 0 0 0 0 0 0
422 1 0.1 5.84447 4.54554 0.72538 0.0083062 -0.0105365 -0.00949987 -0.0379201 0.0403723 -0.0498244 1 0 0 0 0 0 0 0
423 1 0.1 5.94485 4.70321 0.654108 -0.00528076 -0.00793913 -0.00237433 -0.146321 0.0496894 -0.145419 1 0 0 0 0 0 0 0
424 1 0.1 6.21168 5.18844 0.761983 0.00531452 -0.00335452 0.0321215 0.191272 -0.547475 -0.0996624 1 0 0 0 0 0 0 0
425 1 0.1 6.40183 0.621958 0.750015 0.000226048 -0.000152644 0.000145267 0.00644775 0.00019943 -0.00201831 1 0 0 0 0 0 0 0
426 1 0.1 6.19234 1.11515 0.762573 0.00202702 -0.00107581 -0.000331681 -0.00417139 -0.00425499 -0.00371911 1 0 0 0 0 0 0 0
427 1 0.1 5.97853 1.32409 0.719954 0.00329598 -0.000433666 0.00555736 0.0865689 0.0270668 0.00488948 1 0 0 0 0 0 0 0
428 1 0.1 5.92174 1.60941 0.762621 0.0016076 0.0026091 0.000714341 0.0298619 -0.00127836 -0.0261649 1 0 0 0 0 0 0 0
429 1 0.1 5.78933 1.75915 0.762315 -0.00619464 -0.00383447 0.00234156 0.00182414 -0.0117502 0.11926 1 0 0 0 0 0 0 0
430 1 0.1 5.64568 1.89769 0.762902 0.000342975 0.00137611 -0.00115995 0.0946816 -0.146711 -0.333256 1 0 0 0 0 0 0 0
431 1 0.1 5.58299 2.08831 0.762533 0.006281 0.00980824 -0.000180965 -0.0172642 0.078725 0.111827 1 0 0 0 0 0 0 0
432 1 0.1 5.40733 2.24073 0.762559 0.00744904 0.00738457 0.00184862 0.0590296 -0.0620002 0.328479 1 0 0 0 0 0 0 0
433 1 0.1 5.34643 2.51658 0.586351 0.0153623 -0.0170885 0.00815904 -0.119283 -0.0249384 0.0683118 1 0 0 0 0 0 0 0
434 1 0.1 5.05942 2.40766 0.762844 0.0028464 -0.0119303 9.19302e-05 0.0359761 -0.04398 0.340664 1 0 0 0 0 0 0 0
435 1 0.1 4.94515 2.57021 0.75539 0.0276881 -0.00158869 0.00281999 0.0822755 0.0631695 0.120285 1 0 0 0 0 0 0 0
436 1 0.1 4.67921 2.72319 0.764759 0.0313209 -0.0299539 0.00454991 -0.356825 -0.24208 0.0891808 1 0 0 0 0 0 0 0
437 1 0.1 4.58453 3.02853 0.688583 -0.0311125 0.027087 -0.00935233 -0.480858 -0.593674 0.938234 1 0 0 0 0 0 0 0
438 1 0.1 4.66748 3.18391 0.763473 0.0308792 -0.0344325 0.000379518 2.14766 4.04372 0.608744 1 0 0 0 0 0 0 0
439 1 0.1 4.73377 3.36521 0.770531 0.0137578 -0.0471179 0.0146068 -0.588339 0.0160767 -0.366633 1 0 0 0 0 0 0 0
440 1 0.1 5.06355 3.46743 0.765086 -0.0138153 0.0031799 6.1712e-05 -0.314241 -0.0538979 2.63674 1 0 0 0 0 0 0 0
441 1 0.1 5.175 3.63324 0.764762 0.185222 -0.126668 -0.0047717 -1.39746 -1.76709 0.212564 1 0 0 0 0 0 0 0
442 1 0.1 5.27101 3.74455 0.631467 0.195631 -0.0609774 0.00560989 0.732669 -0.573259 1.90037 1 0 0 0 0 0 0 0
443 1 0.1 5.3936 3.82916 0.763046 0.0682258 0.0374231 0.018142 -0.035712 -0.0455191 0.0576305 1 0 0 0 0 0 0 0
444 1 0.1 5.5671 3.97039 0.762877 -0.00603075 -0.0264465 -0.00173924 -0.271558 0.00941154 -0.906759 1 0 0 0 0 0 0 0
445 1 0.1 5.74843 4.16798 0.763284 0.00258527 6.20583e-05 0.00391049 -0.0597045 -0.0731201 -0.00611128 1 0 0 0 0 0 0 0
446 1 0.1 5.87035 4.3264 0.760014 -0.0909544 0.0724068 -0.00223002 -0.0438422 -0.00722289 0.866699 1 0 0 0 0 0 0 0
447 1 0.1 6.02041 4.45884 0.762684 0.00576051 -0.00938717 -0.00064514 -0.152791 -0.0483326 0.0204669 1 0 0 0 0 0 0 0
448 1 0.1 6.10733 4.81427 0.762624 0.0045529 -0.00406206 0.000315347 -0.0405477 -0.0508972 -0.0515067 1 0 0 0 0 0 0 0
449 1 0.1 6.35111 5.33126 0.751014 0.00220782 -0.00220358 0.0125864 -0.677672 0.3192 0.169727 1 0 0 0 0 0 0 0
450 1 0.1 6.44202 0.816069 0.68535 0.00414953 -0.0627078 -0.0443574 -0.13004 0.441998 -0.655149 1 0 0 0 0 0 0 0
451 1 0.1 6.31292 0.972846 0.690989 -0.0523742 -0.0614413 0.0188998 0.114733 -0.468455 -1.03165 1 0 0 0 0 0 0 0
452 1 0.1 6.17332 1.31418 0.762592 0.00256256 -0.0001468 0.000228815 0.0041016 0.0158978 0.0160072 1 0 0 0 0 0 0 0
453 1 0.1 6.0844 1.49323 0.762591 0.00041124 -0.000425372 0.00114301 -0.002967 0.0133339 -0.0183134 1 0 0 0 0 0 0 0
454 1 0.1 5.81967 1.99605 0.762529 -0.00135427 0.00498473 0.000753802 0.0449913 0.0126134 0.084474 1 0 0 0 0 0 0 0
455 1 0.1 5.75718 2.1858 0.753599 0.00663975 0.00887188 0.0080742 0.0860776 -0.135386 -0.114633 1 0 0 0 0 0 0 0
456 1 0.1 5.60675 2.32006 0.762647 0.00944159 -0.0099605 0.000270872 -0.0973424 -0.0935941 -0.0102688 1 0 0 0 0 0 0 0
457 1 0.1 5.48611 2.35567 0.607605 0.0156561 -0.0144581 -0.00486704 -0.0339821 0.0369933 -0.0848191 1 0 0 0 0 0 0 0
458 1 0.1 5.30466 2.41225 0.762165 -0.0403377 -0.0196547 -0.00159492 0.111436 -0.256094 -0.0786785 1 0 0 0 0 0 0 0
459 1 0.1 5.34106 2.60859 0.762919 0.00402104 -0.0186123 0.00154334 0.0156898 0.0718734 -0.0921077 1 0 0 0 0 0 0 0
460 1 0.1 5.14289 2.5894 0.762349 0.0128303 -0.00331562 0.00212289 -0.0723341 -0.0718777 -0.0438181 1 0 0 0 0 0 0 0
461 1 0.1 4.87287 2.75488 0.763253 0.0197554 -0.013607 0.000862941 -0.19072 -0.115261 -0.0850478 1 0 0 0 0 0 0 0
462 1 0.1 4.73957 2.93131 0.764689 -0.0170429 0.0648531 0.00912449 1.025 0.117486 -0.507329 1 0 0 0 0 0 0 0
463 1 0.1 4.92587 3.16966 0.598001 0.0407313 0.015467 -0.00912151 -0.516689 1.65957 -0.125787 1 0 0 0 0 0 0 0
464 1 0.1 5.00492 3.28407 0.73537 0.150986 -0.0222393 -0.062101 0.985709 -0.679509 -1.20456 1 0 0 0 0 0 0 0
465 1 0.1 5.20786 3.43345 0.630976 -0.0485382 -0.150685 0.0155717 -1.27519 -0.358457 -0.689669 1 0 0 0 0 0 0 0
466 1 0.1 5.36939 3.59293 0.760679 0.190075 -0.0462901 0.0696236 0.51067 0.736763 0.627581 1 0 0 0 0 0 0 0
467 1 0.1 5.47005 3.68682 0.614493 -0.0985969 -0.02759 -0.0384449 0.259827 -1.46909 1.21398 1 0 0 0 0 0 0 0
468 1 0.1 5.58483 3.77131 0.762512 0.0494962 -0.0320823 -0.00192683 0.171157 0.0418809 0.415891 1 0 0 0 0 0 0 0
469 1 0.1 5.75211 3.895 0.762494 -0.0334998 -0.0740515 0.00368132 0.0378709 0.0349582 0.368364 1 0 0 0 0 0 0 0
470 1 0.1 5.89633 4.03345 0.762458 -0.057061 -0.0579102 0.00804728 0.118381 0.257617 -0.418197 1 0 0 0 0 0 0 0
471 1 0.1 5.99924 4.19081 0.687443 0.0512703 0.044423 0.105568 -0.746623 0.170535 0.287524 1 0 0 0 0 0 0 0
472 1 0.1 6.14708 4.30228 0.762569 0.0345652 0.139035 -0.000208649 -0.272237 0.557289 0.516866 1 0 0 0 0 0 0 0
473 1 0.1 6.07031 5.04707 0.762631 0.000441575 0.00131592 5.01604e-05 0.0344435 0.0341359 0.00597573 1 0 0 0 0 0 0 0
474 1 0.1 6.23956 4.95468 0.709885 0.0066751 0.00152927 0.0200529 -0.0446273 -0.220739 -0.00598549 1 0 0 0 0 0 0 0
475 1 0.1 6.46462 1.08169 0.762514 -0.0314695 -0.0733732 -0.00088601 -0.728783 0.308914 0.572143 1 0 0 0 0 0 0 0
476 1 0.1 6.36407 1.25452 0.761034 -0.0188861 -0.066686 -0.0249068 0.155555 0.19731 -0.716596 1 0 0 0 0 0 0 0
477 1 0.1 6.03203 1.76105 0.587809 -0.00157265 -0.0357423 -0.0096909 -0.304067 0.219734 -0.116828 1 0 0 0 0 0 0 0
478 1 0.1 6.10267 1.69444 0.762529 0.00633196 -0.00886666 -0.000672665 -0.0894017 -0.0635124 -0.0810896 1 0 0 0 0 0 0 0
479 1 0.1 5.8017 2.38065 0.75327 0.0123177 0.0062495 0.016992 -0.0565808 -0.144839 0.0544472 1 0 0 0 0 0 0 0
480 1 0.1 5.73983 3.20966 0.762638 0.0528167 -0.0209584 -0.0281136 -0.195316 -0.495971 0.599445 1 0 0 0 0 0 0 0
481 1 0.1 5.66654 2.93136 0.762535 0.0738106 -0.118611 -0.000670325 -0.00586209 -0.0765748 -0.0781193 1 0 0 0 0 0 0 0
482 1 0.1 5.68991 2.54607 0.762761 0.00658097 -0.000634858 0.00239278 -0.0113377 -0.045957 0.0211531 1 0 0 0 0 0 0 0
483 1 0.1 5.53792 2.54583 0.633483 0.0147938 -0.0117772 -0.00310344 0.0214263 -0.0751446 0.156741 1 0 0 0 0 0 0 0
484 1 0.1 5.52604 2.69672 0.76278 0.0147022 -0.00772929 -0.00227037 -0.0483584 -0.150005 -0.333107 1 0 0 0 0 0 0 0
485 1 0.1 5.19987 2.96918 0.762661 0.0446803 -0.00729306 -0.00448072 0.00298141 -0.444941 -0.0753776 1 0 0 0 0 0 0 0
486 1 0.1 5.01424 2.89417 0.76221 0.0412273 -0.0301823 -0.0165589 -0.348304 -0.201398 -0.204126 1 0 0 0 0 0 0 0
487 1 0.1 4.84349 3.0984 0.762975 0.0507591 0.0194516 -0.00920228 -1.51364 -1.9309 0.209823 1 0 0 0 0 0 0 0
488 1 0.1 5.0427 3.08991 0.745152 0.0459357 -0.0346495 -0.0896256 -0.45366 -0.308436 0.214278 1 0 0 0 0 0 0 0
489 1 0.1 5.19757 3.24323 0.762562 0.12932 -0.0737585 -0.00481322 0.0238457 -0.0501447 0.78622 1 0 0 0 0 0 0 0
490 1 0.1 5.391 3.19654 0.762701 0.131193 -0.0309269 0.0025983 0.072562 -0.0799608 -0.375107 1 0 0 0 0 0 0 0
491 1 0.1 5.39366 3.39561 0.762008 0.211338 -0.0382089 0.00460576 0.0380122 0.0200489 -0.445969 1 0 0 0 0 0 0 0
492 1 0.1 5.55333 3.51507 0.762721 0.193307 -0.0212149 0.00105736 -0.380319 -0.00329424 0.662027 1 0 0 0 0 0 0 0
493 1 0.1 5.56899 3.10579 0.76262 0.102294 -0.101662 0.000189605 0.145717 -0.161243 -0.251493 1 0 0 0 0 0 0 0
494 1 0.1 5.72031 3.62435 0.762539 0.147667 0.048885 -0.00658847 -0.0279107 -0.0607302 0.14388 1 0 0 0 0 0 0 0
495 1 0.1 5.88142 3.74255 0.762508 0.134822 0.0709789 -0.00547073 -0.0653852 0.00093427 0.12247 1 0 0 0 0 0 0 0
496 1 0.1 5.86563 3.59449 0.628649 0.169402 -0.0480531 0.0312512 0.490099 -0.630176 -1.86494 1 0 0 0 0 0 0 0
497 1 0.1 6.1132 4.30014 0.564856 -0.0210075 0.00621028 0.00279594 -0.341606 0.553419 0.185289 1 0 0 0 0 0 0 0
498 1 0.1 6.14206 4.61736 0.761509 -0.00128823 -0.00427073 -0.0195006 -0.161528 -0.0538863 0.0706193 1 0 0 0 0 0 0 0
499 1 0.1 6.29788 4.75385 0.7625 -0.0202595 -0.0830837 7.52522e-05 -0.0285005 0.0761767 -0.777248 1 0 0 0 0 0 0 0
