500
0 1 0.1 6.14401 0.874695 0.146674 0.00627454 -0.00634503 -5.67116e-05 0.00432076 0.0136851 0.0382774 1 0 0 0 0 0 0 0
1 1 0.1 6.00207 1.01509 0.149897 0.00660657 -0.0101195 0.000612115 -0.00674612 -0.000930635 -0.0172858 1 0 0 0 0 0 0 0
2 1 0.1 5.86114 1.1564 0.151533 0.00497723 -0.0144776 -0.0105463 -0.117566 -0.0266566 0.0665887 1 0 0 0 0 0 0 0
3 1 0.1 5.57915 1.43695 0.150008 0.00894734 -0.0140977 -0.00240158 0.0303603 0.0538952 -0.172601 1 0 0 0 0 0 0 0
4 1 0.1 5.43856 1.57787 0.151139 0.00170846 -0.0289161 0.0180319 0.0128009 0.181757 0.298073 1 0 0 0 0 0 0 0
5 1 0.1 5.298 1.71863 0.145858 0.0145443 -0.025057 -0.00354348 -0.348905 -0.16244 -0.426919 1 0 0 0 0 0 0 0
6 1 0.1 5.15439 1.86732 0.160584 -0.00987226 0.0298129 0.0195361 0.320725 0.594265 -0.432691 1 0 0 0 0 0 0 0
7 1 0.1 4.96994 2.05221 0.150097 0.00733053 -0.00673357 -0.00317497 -0.0130571 0.0308454 -0.0898911 1 0 0 0 0 0 0 0
8 1 0.1 4.8255 2.19643 0.151344 0.00951222 -0.00566794 -0.0166753 -0.170588 0.057716 -0.130297 1 0 0 0 0 0 0 0
9 1 0.1 4.5858 2.43231 0.150017 0.0037348 -0.00632569 -0.00205978 -0.033605 0.0251641 -0.0929601 1 0 0 0 0 0 0 0
10 1 0.1 4.37987 2.63495 0.14785 0.0114374 -0.0100197 -0.00106961 -0.00859373 -0.00535378 -0.164819 1 0 0 0 0 0 0 0
11 1 0.1 4.23773 2.77876 0.155672 -0.00116887 -0.000643668 0.000179811 -0.0101949 0.00429629 -0.103809 1 0 0 0 0 0 0 0
12 1 0.1 4.19601 2.97216 0.1373 0.00643085 -0.00181377 -0.000491854 -0.0148509 0.00847407 0.159077 1 0 0 0 0 0 0 0
13 1 0.1 4.19315 3.17096 0.149754 -0.00339933 -0.00238991 -0.00116578 0.00412767 0.00499146 -0.0383346 1 0 0 0 0 0 0 0
14 1 0.1 4.36951 3.34947 0.150177 -0.00326211 -0.0019806 0.00197545 -0.0321299 0.0117075 0.0122037 1 0 0 0 0 0 0 0
15 1 0.1 4.51087 3.49073 0.149336 -0.0150305 -0.00376226 -0.00320518 0.00712647 0.022833 -0.0169442 1 0 0 0 0 0 0 0
16 1 0.1 4.70825 3.68432 0.147495 -0.00333208 -0.000375844 -9.83442e-05 0.039241 0.0137602 -0.0317413 1 0 0 0 0 0 0 0
17 1 0.1 4.84992 3.82538 0.1473 -0.002037 -0.00152407 0.00148446 -0.00102687 -0.000411561 -0.00041439 1 0 0 0 0 0 0 0
18 1 0.1 4.99083 3.96721 0.150028 -0.00171713 -0.00174405 -6.44849e-05 -0.00545827 0.00547399 -0.00699243 1 0 0 0 0 0 0 0
19 1 0.1 5.20882 4.18403 0.142937 -0.0248656 -0.0340756 -0.0148195 -0.615414 0.743019 -0.635716 1 0 0 0 0 0 0 0
20 1 0.1 5.4115 4.38771 0.150023 -0.0675161 -0.073791 -0.0301732 0.39077 -0.127376 0.295153 1 0 0 0 0 0 0 0
21 1 0.1 5.5527 4.52902 0.149741 -0.0491307 -0.0530564 0.00750601 -0.000392356 -0.00597518 -0.0504893 1 0 0 0 0 0 0 0
22 1 0.1 5.69394 4.67017 0.150146 -0.0298437 -0.0307158 0.00162717 0.0233858 0.0588426 0.0204975 1 0 0 0 0 0 0 0
23 1 0.1 5.83507 4.81145 0.149407 -0.0126223 -0.013861 -0.000667526 0.0332895 0.00989226 -0.0697908 1 0 0 0 0 0 0 0
24 1 0.1 6.07342 5.05679 0.150243 -0.00258807 -0.0017786 -0.000365011 -0.000344238 0.00137812 -0.0299915 1 0 0 0 0 0 0 0
25 1 0.1 6.28453 0.732774 0.150055 0.00334532 -0.0040908 9.78584e-05 -0.011389 -0.0116556 -0.0464217 1 0 0 0 0 0 0 0
26 1 0.1 6.06302 1.21791 0.13733 0.0124377 0.0304797 -0.00281786 -0.058381 -0.00673163 -0.43555 1 0 0 0 0 0 0 0
27 1 0.1 5.91498 1.35149 0.143966 -0.00358128 0.0155483 -0.00725706 0.10178 -0.0949343 0.656677 1 0 0 0 0 0 0 0
28 1 0.1 5.72252 1.29943 0.140418 0.00417923 -0.0180793 -0.01407 0.0362767 0.0607469 -0.039888 1 0 0 0 0 0 0 0
29 1 0.1 5.61346 1.67384 0.137473 0.00631996 -0.048141 0.00058619 0.0696593 -0.0079552 -0.420354 1 0 0 0 0 0 0 0
30 1 0.1 5.47389 1.78707 0.224987 0.0308778 -0.0177971 0.000559156 0.198486 0.00446595 -0.0259398 1 0 0 0 0 0 0 0
31 1 0.1 5.34832 1.91116 0.136661 0.0205536 -0.0263831 0.00423672 0.206432 -0.214326 0.215639 1 0 0 0 0 0 0 0
32 1 0.1 5.21177 2.05607 0.13618 0.0529655 0.00485146 -0.00313865 0.0544334 0.542619 -0.480866 1 0 0 0 0 0 0 0
33 1 0.1 5.0189 2.24533 0.137409 0.0151935 -0.0111654 0.000197964 0.10425 0.158939 -0.0141229 1 0 0 0 0 0 0 0
34 1 0.1 4.80685 2.39472 0.135392 0.0278107 0.00741113 -0.00236451 -0.0995809 0.263828 0.301994 1 0 0 0 0 0 0 0
35 1 0.1 4.57861 2.63165 0.154356 0.0173232 -0.00663708 -0.00442016 -0.00271101 0.0978252 -0.201068 1 0 0 0 0 0 0 0
36 1 0.1 4.47278 2.80224 0.205483 0.00358856 -0.00377451 -0.0100876 -0.10503 -0.0552468 0.0442769 1 0 0 0 0 0 0 0
37 1 0.1 4.39438 2.97899 0.15482 0.003387 -0.0013681 -0.00550447 0.161519 0.0543518 -0.0517888 1 0 0 0 0 0 0 0
38 1 0.1 4.45333 3.16866 0.137348 0.00393135 -0.0020453 0.000123472 0.0237818 0.0499194 0.0303783 1 0 0 0 0 0 0 0
39 1 0.1 4.55869 3.31054 0.230867 -0.0106906 0.0306082 -0.0311409 0.023223 0.532494 0.555047 1 0 0 0 0 0 0 0
40 1 0.1 4.70392 3.49207 0.199664 -0.0391857 -0.00270697 -0.0207401 0.0762493 0.124632 0.063136 1 0 0 0 0 0 0 0
41 1 0.1 5.0325 3.67619 0.13746 -0.030927 -0.0200941 0.000202838 0.142245 0.0628825 -0.198561 1 0 0 0 0 0 0 0
42 1 0.1 5.24945 3.82547 0.139605 -0.22939 -0.0522202 0.102312 1.47185 5.67158 -0.781846 1 0 0 0 0 0 0 0
43 1 0.1 5.31419 4.01267 0.136385 -0.0683179 -0.0870613 0.0110548 0.628097 -0.497483 -0.744557 1 0 0 0 0 0 0 0
44 1 0.1 5.40803 4.18806 0.155921 -0.0276648 -0.0930134 0.0264897 -0.992991 -0.417004 0.15886 1 0 0 0 0 0 0 0
45 1 0.1 5.60045 4.32239 0.151093 -0.0639917 -0.0645299 -0.0106795 0.0366053 -0.189892 -0.0944773 1 0 0 0 0 0 0 0
46 1 0.1 5.74231 4.46723 0.137451 -0.0320081 -0.00306828 0.00250271 0.163916 -0.0174167 0.56882 1 0 0 0 0 0 0 0
47 1 0.1 5.88458 4.61218 0.137436 -0.0100464 0.0113054 0.00194615 -0.124732 -0.0368331 0.371372 1 0 0 0 0 0 0 0
48 1 0.1 6.02935 4.76762 0.137031 -0.00638424 -0.0166566 -0.000179693 0.12176 -0.0310146 -0.0352811 1 0 0 0 0 0 0 0
49 1 0.1 6.24313 5.22091 0.149732 0.00379402 0.00307881 -0.000915785 0.0153059 0.00273727 0.0540944 1 0 0 0 0 0 0 0
50 1 0.1 6.4603 0.562801 0.149788 0.000961525 -0.00151693 0.000269762 -0.00197247 -0.00542751 -0.0037749 1 0 0 0 0 0 0 0
51 1 0.1 6.20705 1.07958 0.137179 -0.010122 0.000450044 0.000834272 0.0324252 -0.0559713 0.0518111 1 0 0 0 0 0 0 0
52 1 0.1 6.05973 1.48913 0.137385 0.00550761 0.00788343 0.00043378 -0.0704923 0.0457955 -0.0544935 1 0 0 0 0 0 0 0
53 1 0.1 5.87356 1.56067 0.137039 0.0102663 0.0252335 0.00252405 -0.293431 0.106792 -0.120327 1 0 0 0 0 0 0 0
54 1 0.1 5.82997 1.75737 0.137304 0.076078 0.0539315 0.00339528 -0.559399 0.779331 0.477592 1 0 0 0 0 0 0 0
55 1 0.1 5.65926 1.85939 0.205733 -0.00919765 0.0778986 -0.00746004 0.366306 0.0315441 1.05144 1 0 0 0 0 0 0 0
56 1 0.1 5.52929 1.99571 0.137425 0.0333229 -0.0580853 0.0063854 -0.0912792 0.0499295 0.0107843 1 0 0 0 0 0 0 0
57 1 0.1 5.39972 2.14753 0.143286 0.0514233 -0.0323264 -0.0265233 -0.5008 0.125629 -0.316074 1 0 0 0 0 0 0 0
58 1 0.1 5.23043 2.25308 0.137131 0.0679742 0.0124045 0.00228514 -0.376741 0.746221 -0.196504 1 0 0 0 0 0 0 0
59 1 0.1 4.98644 2.42882 0.208887 0.0170757 -0.0174948 0.0132798 0.594866 0.0454941 0.0428411 1 0 0 0 0 0 0 0
60 1 0.1 4.77458 2.59634 0.137976 0.0175337 -0.030909 0.000440607 -0.103714 -0.129303 -0.0416498 1 0 0 0 0 0 0 0
61 1 0.1 4.6764 2.80341 0.173622 0.0221192 -0.00992629 0.00235602 0.185737 0.0932514 0.159234 1 0 0 0 0 0 0 0
62 1 0.1 4.76963 2.97518 0.137001 0.000327191 0.00178009 -0.000587594 -0.102134 0.118394 0.0489281 1 0 0 0 0 0 0 0
63 1 0.1 4.64925 3.13357 0.153893 0.0084372 0.00893869 -0.00798449 -0.213797 0.110938 -0.0166029 1 0 0 0 0 0 0 0
64 1 0.1 4.75358 3.30335 0.159948 -0.0132106 0.0142579 -0.0362501 0.0166739 0.107604 0.231233 1 0 0 0 0 0 0 0
65 1 0.1 4.89166 3.51852 0.137416 -0.0735176 0.00718068 -0.0061811 0.0556253 -0.101804 -0.0109782 1 0 0 0 0 0 0 0
66 1 0.1 5.22703 3.62907 0.136263 -0.125289 -0.0725238 -0.00767549 -0.572402 -0.210496 1.77962 1 0 0 0 0 0 0 0
67 1 0.1 5.45345 3.7924 0.137451 -0.183911 0.0236868 0.0173642 -0.00137552 -0.0113128 -3.76171e-05 1 0 0 0 0 0 0 0
68 1 0.1 5.51603 4.00413 0.137189 0.0165442 0.0184807 0.000983684 -0.188849 0.150573 -0.0685852 1 0 0 0 0 0 0 0
69 1 0.1 5.56961 4.1471 0.266305 0.0439603 0.0311884 -0.0256888 -0.146963 0.241874 0.226447 1 0 0 0 0 0 0 0
70 1 0.1 5.77219 4.2283 0.192664 -0.00163955 0.0103394 -0.000717636 0.10116 0.208321 0.327937 1 0 0 0 0 0 0 0
71 1 0.1 5.91123 4.36047 0.13748 -0.0140462 0.0227704 -0.00156968 0.0603292 -0.0245456 -0.22406 1 0 0 0 0 0 0 0
72 1 0.1 6.05164 4.50244 0.137438 -0.00611961 0.0143075 0.000439535 -0.127448 -0.0678998 0.10643 1 0 0 0 0 0 0 0
73 1 0.1 6.18578 4.89224 0.137312 -0.0104238 -0.00247231 -0.00168962 0.00546149 0.00565808 -0.0315242 1 0 0 0 0 0 0 0
74 1 0.1 6.4196 5.39921 0.149826 0.00164382 0.00166384 -0.0015959 0.0396024 -0.00757075 0.0316357 1 0 0 0 0 0 0 0
75 1 0.1 6.48211 0.761153 0.138958 0.00375788 -0.00340412 0.000218468 0.00221861 -0.000930808 -0.0199703 1 0 0 0 0 0 0 0
76 1 0.1 6.33896 0.924756 0.138071 0.00587579 -0.00440667 -0.000697254 0.0113215 0.0268017 0.0104053 1 0 0 0 0 0 0 0
77 1 0.1 6.20905 1.35669 0.13733 0.000847963 0.00069043 0.000629278 -0.0095073 0.01326 -0.0528448 1 0 0 0 0 0 0 0
78 1 0.1 6.02191 1.70148 0.137658 0.0397955 -0.0552931 0.0201991 -0.61943 -0.640317 -1.69272 1 0 0 0 0 0 0 0
79 1 0.1 5.93082 1.89603 0.29924 -0.0158613 -0.0222471 0.00696768 0.973349 -0.564823 0.0362337 1 0 0 0 0 0 0 0
80 1 0.1 5.83124 1.95695 0.137285 0.0109703 0.0549001 0.00804227 0.112097 0.0990259 0.142033 1 0 0 0 0 0 0 0
81 1 0.1 5.69675 2.10443 0.137255 -0.017657 0.0240798 0.00125589 -0.184416 -0.171005 0.241142 1 0 0 0 0 0 0 0
82 1 0.1 5.50775 2.72867 0.137649 -0.0252953 -0.0803491 0.017424 0.288563 -0.499336 -0.952765 1 0 0 0 0 0 0 0
83 1 0.1 5.40807 2.37914 0.136498 0.0217461 -0.0409466 -0.000803866 0.370902 0.232749 -0.0397483 1 0 0 0 0 0 0 0
84 1 0.1 5.16701 2.44194 0.133677 -0.00495282 -0.0122036 -0.00375818 -0.453005 -0.00701297 -0.676884 1 0 0 0 0 0 0 0
85 1 0.1 4.97348 2.6162 0.137497 0.0162703 0.0167229 0.00101766 -0.171067 0.0900516 0.522009 1 0 0 0 0 0 0 0
86 1 0.1 4.88263 2.79647 0.133405 0.00604452 -0.0110926 -0.00976142 1.56411 -0.349586 0.431176 1 0 0 0 0 0 0 0
87 1 0.1 4.96943 2.96757 0.13401 0.0024122 -0.011188 0.00179048 0.357896 -0.0734919 0.613168 1 0 0 0 0 0 0 0
88 1 0.1 4.87351 3.14473 0.14201 -0.00912677 0.00781976 0.025072 -0.127493 -0.216013 0.0586051 1 0 0 0 0 0 0 0
89 1 0.1 4.9528 3.32749 0.136633 -0.00425806 0.00312993 -0.00579013 -0.0641595 -0.109054 0.0782899 1 0 0 0 0 0 0 0
90 1 0.1 5.08826 3.48402 0.137697 -0.0805477 -0.0561797 -0.00358794 0.0828819 0.0461676 -0.631693 1 0 0 0 0 0 0 0
91 1 0.1 5.42827 3.594 0.13968 0.014936 -0.00597288 0.00580842 -0.0632122 0.09297 0.144486 1 0 0 0 0 0 0 0
92 1 0.1 5.61697 3.65873 0.137411 -0.000641165 -0.000412476 -0.00866853 -0.043235 -0.0167849 0.00915634 1 0 0 0 0 0 0 0
93 1 0.1 5.65536 3.85455 0.13679 -0.00639456 0.0034893 -0.00904888 0.0151241 -0.07947 0.0202466 1 0 0 0 0 0 0 0
94 1 0.1 5.71084 4.04651 0.137414 0.0170101 0.00317994 -0.00385846 -0.000258628 -0.0820771 -0.0625424 1 0 0 0 0 0 0 0
95 1 0.1 5.90809 4.07808 0.137484 0.0180823 -0.00727326 -0.000951817 0.0039961 0.0599526 -0.0497876 1 0 0 0 0 0 0 0
96 1 0.1 6.05129 4.2175 0.137494 -0.00505736 0.0167203 0.00117807 0.174208 0.0691198 0.387574 1 0 0 0 0 0 0 0
97 1 0.1 6.15868 4.64475 0.22787 -0.0108421 0.0209982 -0.00134733 -0.00956971 -0.0427127 -0.0998893 1 0 0 0 0 0 0 0
98 1 0.1 6.32326 5.03841 0.137347 0.00467679 0.00374766 0.000141519 -0.0461239 0.0467178 -0.0345858 1 0 0 0 0 0 0 0
99 1 0.1 6.44165 5.20088 0.137494 0.00332643 0.00211617 -0.000245758 -0.0468972 0.0273977 -0.0110114 1 0 0 0 0 0 0 0
100 1 0.1 6.54651 0.937621 0.207169 0.00346257 -0.00254108 -0.00144445 -0.0148847 -0.038953 0.00710042 1 0 0 0 0 0 0 0
101 1 0.1 6.44441 1.09464 0.137462 0.00199922 -0.0014235 0.000870781 0.0151048 0.0217088 -0.000895384 1 0 0 0 0 0 0 0
102 1 0.1 6.32914 1.22799 0.231364 0.000167724 -0.0004584 0.00240559 -0.0282416 -0.00142836 0.0223514 1 0 0 0 0 0 0 0
103 1 0.1 5.87892 2.18676 0.138982 -0.0236263 0.0329964 -0.0068275 0.0838277 0.179735 -0.230908 1 0 0 0 0 0 0 0
104 1 0.1 5.48148 2.77123 0.331856 -0.0118215 -0.0408031 -0.00868792 -1.24669 -0.167345 -0.218398 1 0 0 0 0 0 0 0
105 1 0.1 5.71358 2.30344 0.137221 0.00463416 0.0190316 0.00151033 -0.0583013 0.0391844 -0.02835 1 0 0 0 0 0 0 0
106 1 0.1 5.53745 2.53116 0.145691 0.0555531 -0.0714564 0.0488763 0.263017 -0.257984 -0.40364 1 0 0 0 0 0 0 0
107 1 0.1 5.36027 2.92682 0.36453 0.015644 -0.0147555 -0.0749578 -0.433118 1.42732 -0.121324 1 0 0 0 0 0 0 0
108 1 0.1 5.32679 2.81358 0.137183 0.0208112 0.00737668 -6.30988e-05 -0.0795375 0.226875 -0.024248 1 0 0 0 0 0 0 0
109 1 0.1 5.34128 2.56896 0.137389 0.067131 -0.020492 0.00106632 -0.156471 -0.302764 -0.154085 1 0 0 0 0 0 0 0
110 1 0.1 5.16221 2.62885 0.202454 0.0506144 0.0160181 -0.0785496 -0.24581 -0.505747 -0.103497 1 0 0 0 0 0 0 0
111 1 0.1 5.08431 2.80626 0.155968 0.0676487 0.0159805 -0.116166 0.388633 -0.70589 0.233093 1 0 0 0 0 0 0 0
112 1 0.1 5.19511 2.97146 0.137463 0.0113852 0.063626 0.00101707 0.391561 -0.250127 0.511427 1 0 0 0 0 0 0 0
113 1 0.1 5.07652 3.13202 0.147944 -0.0352077 0.0230165 0.0100511 -0.216097 0.121768 -0.129754 1 0 0 0 0 0 0 0
114 1 0.1 5.16381 3.30478 0.183795 0.0151516 0.00311385 -0.00317814 -0.00960599 -0.1973 -0.431525 1 0 0 0 0 0 0 0
115 1 0.1 5.29738 3.44353 0.137476 0.0485251 -0.0192294 0.00698175 -0.00473534 0.0124323 0.0678721 1 0 0 0 0 0 0 0
116 1 0.1 5.3678 3.25692 0.137096 0.0208467 -0.0306864 -0.0015022 0.306486 0.121748 -0.406422 1 0 0 0 0 0 0 0
117 1 0.1 5.51213 3.35853 0.230494 0.0347945 -0.0441561 0.0189157 0.0134941 -0.0582916 0.393181 1 0 0 0 0 0 0 0
118 1 0.1 5.81625 3.67459 0.137509 -0.00405276 0.0183801 -0.00173844 -0.0487956 -0.0596387 0.174962 1 0 0 0 0 0 0 0
119 1 0.1 5.85095 3.8877 0.161216 -0.00221794 -0.0174626 -0.0320143 0.686125 0.0943845 -0.13979 1 0 0 0 0 0 0 0
120 1 0.1 5.85435 3.58246 0.310882 -0.28802 -0.385487 -0.154518 1.7348 0.467069 -5.47278 1 0 0 0 0 0 0 0
121 1 0.1 6.03206 3.80647 0.137425 -0.0727499 -0.184132 0.000413094 1.84097 -0.727791 -1.65311 1 0 0 0 0 0 0 0
122 1 0.1 6.15189 4.35987 0.2354 -0.0659973 0.0158365 0.0635261 0.013691 -1.02885 -0.194666 1 0 0 0 0 0 0 0
123 1 0.1 6.31129 4.73666 0.137442 -0.000942502 0.00549584 0.000194525 -0.0472384 -0.0132055 -0.0593469 1 0 0 0 0 0 0 0
124 1 0.1 6.4023 4.88421 0.237087 0.00136173 0.00273206 0.00168573 -0.0783683 0.0496573 -0.0813982 1 0 0 0 0 0 0 0
125 1 0.1 6.06381 0.959893 0.356657 -0.0268984 0.0322579 -0.0033209 0.142194 0.157039 0.386166 1 0 0 0 0 0 0 0
126 1 0.1 5.91651 1.10723 0.353031 -0.0269728 0.0313373 0.000838728 0.103183 0.0770067 0.401547 1 0 0 0 0 0 0 0
127 1 0.1 5.73763 1.28613 0.365917 -0.0571414 0.0323544 -0.00837711 -0.0722827 0.0699635 0.652096 1 0 0 0 0 0 0 0
128 1 0.1 5.56959 1.45131 0.350015 0.0138439 -0.018816 -0.00020379 0.00742995 0.00138912 -0.00421487 1 0 0 0 0 0 0 0
129 1 0.1 5.42986 1.59388 0.360322 0.0146726 -0.0189982 0.00749134 0.153563 -0.0297743 -0.0543184 1 0 0 0 0 0 0 0
130 1 0.1 5.21553 1.80762 0.340021 0.0244605 -0.0281031 -0.0140452 -0.10608 -0.0069838 -0.03326 1 0 0 0 0 0 0 0
131 1 0.1 5.05897 1.96791 0.337817 -0.000926339 0.000651735 0.00420279 -0.00944764 -0.0341884 0.0481351 1 0 0 0 0 0 0 0
132 1 0.1 4.87463 2.14013 0.348301 0.00209466 -0.00496536 0.0097635 0.047151 -0.0251609 0.0860423 1 0 0 0 0 0 0 0
133 1 0.1 4.73469 2.2827 0.341745 0.00318599 -0.00525457 0.00327278 -0.0089769 -0.0447175 -0.036408 1 0 0 0 0 0 0 0
134 1 0.1 4.59177 2.42202 0.35075 0.00547555 -0.00670661 0.000138764 -0.114278 0.286817 -0.0326248 1 0 0 0 0 0 0 0
135 1 0.1 4.35332 2.67156 0.344711 -0.00116296 0.00273354 -0.0065968 -0.0564731 0.0262171 0.0334734 1 0 0 0 0 0 0 0
136 1 0.1 4.19679 2.82604 0.349637 -0.00511134 0.00417777 -0.00259797 -0.0345415 0.0199541 0.0835595 1 0 0 0 0 0 0 0
137 1 0.1 4.19553 3.02503 0.336896 -0.00276045 0.00454047 -0.00248733 0.0151989 0.0194415 -0.0500169 1 0 0 0 0 0 0 0
138 1 0.1 4.23585 3.21989 0.349687 0.000863673 0.00278055 -0.000804033 0.00888083 0.0360244 0.0410409 1 0 0 0 0 0 0 0
139 1 0.1 4.43858 3.41805 0.349144 -0.00150054 0.00152287 0.00451229 -0.0292466 -0.0108912 -0.00450181 1 0 0 0 0 0 0 0
140 1 0.1 4.58766 3.5688 0.343133 -0.008136 -0.00517178 -0.00471012 0.019967 0.113261 -0.0439488 1 0 0 0 0 0 0 0
141 1 0.1 4.77664 3.74896 0.36363 -0.00904312 0.00328509 -0.0247896 0.199955 0.153389 -0.0576447 1 0 0 0 0 0 0 0
142 1 0.1 4.92916 3.90362 0.339737 0.0109466 0.00241598 -0.00595235 0.081596 0.0150513 0.134895 1 0 0 0 0 0 0 0
143 1 0.1 5.0688 4.04628 0.349991 0.00385039 0.00589013 0.000225139 0.00190964 -0.000624778 -0.0226793 1 0 0 0 0 0 0 0
144 1 0.1 5.25623 4.22712 0.331632 0.036352 -0.0328568 -0.0317355 0.111175 -0.221473 0.0743742 1 0 0 0 0 0 0 0
145 1 0.1 5.39281 4.37088 0.348449 0.00973925 -0.00281794 -0.00703314 0.221459 -0.205209 -0.0805421 1 0 0 0 0 0 0 0
146 1 0.1 5.53475 4.5109 0.354659 0.012079 0.00305064 0.0195276 -0.0885224 -0.0378172 0.135146 1 0 0 0 0 0 0 0
147 1 0.1 5.67487 4.65301 0.350343 0.0116192 0.00543892 0.0109016 -0.0812799 -0.0091646 -0.113742 1 0 0 0 0 0 0 0
148 1 0.1 5.81599 4.79437 0.349958 0.0111198 0.00908483 0.004545 -0.0358416 -0.0171914 0.140141 1 0 0 0 0 0 0 0
149 1 0.1 5.95757 4.9355 0.351071 0.00461219 0.0130084 -0.0228762 0.0651335 0.253813 0.0991522 1 0 0 0 0 0 0 0
150 1 0.1 6.20577 0.815195 0.350368 0.0013645 -0.0012383 -0.000238235 0.000208052 0.00263969 -0.0188682 1 0 0 0 0 0 0 0
151 1 0.1 5.95979 1.30165 0.335981 -0.0968809 0.0511038 0.0820893 0.523339 -0.980684 0.392022 1 0 0 0 0 0 0 0
152 1 0.1 5.83055 1.44912 0.297266 -0.0778342 0.0385091 -0.00573855 -0.255256 -0.679947 -0.173304 1 0 0 0 0 0 0 0
153 1 0.1 5.78657 1.64392 0.295237 0.0825964 0.0654218 0.0196172 0.648072 -0.0366772 -1.43206 1 0 0 0 0 0 0 0
154 1 0.1 5.60983 1.71459 0.349554 0.0501621 0.00999076 -0.00683143 0.90515 -0.744025 1.63356 1 0 0 0 0 0 0 0
155 1 0.1 5.40018 1.7849 0.408572 0.0211475 -0.0227655 -0.000284812 -0.102915 -0.116624 0.0133243 1 0 0 0 0 0 0 0
156 1 0.1 5.24321 2.02078 0.391793 -0.00104157 0.0125908 0.0024778 0.102107 0.0982044 0.0880931 1 0 0 0 0 0 0 0
157 1 0.1 5.0673 2.15714 0.400408 0.000899186 -0.00239708 0.00106676 -0.0408854 0.0259637 -0.0414012 1 0 0 0 0 0 0 0
158 1 0.1 4.9568 2.32014 0.368812 0.0124831 -0.000901328 -0.00183462 -0.688439 0.0702984 -0.355895 1 0 0 0 0 0 0 0
159 1 0.1 4.77259 2.48468 0.307565 0.00272171 -0.0218633 0.0173495 0.490588 -0.464377 0.0221153 1 0 0 0 0 0 0 0
160 1 0.1 4.54382 2.61543 0.367075 -0.00296098 -0.00680328 -0.00841656 -0.0507351 0.0266353 -0.138242 1 0 0 0 0 0 0 0
161 1 0.1 4.44086 2.84208 0.398768 -0.00530236 0.00358166 -0.0153905 0.025545 -0.00209945 0.0100059 1 0 0 0 0 0 0 0
162 1 0.1 4.38469 3.03355 0.400229 -0.00474979 0.00206608 -0.00938911 0.0443133 0.0384728 0.0265417 1 0 0 0 0 0 0 0
163 1 0.1 4.43448 3.22677 0.405574 -0.00661475 0.00243115 0.000436066 0.0746881 0.0114217 -0.0134906 1 0 0 0 0 0 0 0
164 1 0.1 4.62259 3.38792 0.421017 -0.00429849 -0.00346398 0.0135338 -0.0514804 -0.0571018 -0.0780126 1 0 0 0 0 0 0 0
165 1 0.1 4.78294 3.54984 0.373249 -0.00422488 0.00879949 -0.0370058 -0.149514 0.258658 0.177596 1 0 0 0 0 0 0 0
166 1 0.1 4.9773 3.71051 0.326497 0.0900351 0.0117133 0.0316215 -0.598267 -0.222063 0.379818 1 0 0 0 0 0 0 0
167 1 0.1 5.12228 3.81908 0.408707 0.109544 0.0250809 -0.0185962 0.375464 -0.374256 -0.161972 1 0 0 0 0 0 0 0
168 1 0.1 5.26836 4.04658 0.413038 0.0896764 -0.0475416 -0.0634495 0.210705 -0.107694 0.702615 1 0 0 0 0 0 0 0
169 1 0.1 5.42982 4.16402 0.408183 0.0477476 0.0076862 -0.0184825 0.244493 -0.143598 0.00530742 1 0 0 0 0 0 0 0
170 1 0.1 5.5746 4.30114 0.393752 0.0281082 0.0318441 -0.0244243 0.0575385 0.317577 0.368487 1 0 0 0 0 0 0 0
171 1 0.1 5.72664 4.45798 0.336598 0.00155325 -0.0506413 0.00197013 0.155542 0.207158 -0.702924 1 0 0 0 0 0 0 0
172 1 0.1 5.91823 4.5035 0.301618 -0.00025594 0.0212691 0.0129508 0.127556 -0.316157 0.326718 1 0 0 0 0 0 0 0
173 1 0.1 5.98345 4.69128 0.315059 0.00337596 0.00427277 0.0104553 -0.234204 0.0978499 -0.400843 1 0 0 0 0 0 0 0
174 1 0.1 6.21706 5.20173 0.35014 0.000172554 0.000447772 -0.00150147 0.0167287 0.0110379 -0.00268114 1 0 0 0 0 0 0 0
175 1 0.1 6.35267 0.671542 0.335462 -0.000315901 -0.000563894 0.000685957 0.00028629 -0.00820584 -0.00179422 1 0 0 0 0 0 0 0
176 1 0.1 6.1087 1.1512 0.319914 -0.0248266 0.0302885 0.00284882 -0.074813 -0.096336 -0.424919 1 0 0 0 0 0 0 0
177 1 0.1 5.97815 1.58838 0.306626 0.0716069 -0.0334422 -0.0759979 -0.191097 0.258722 0.248133 1 0 0 0 0 0 0 0
178 1 0.1 5.92429 1.74079 0.424944 -0.068771 -0.0729106 -0.0649805 -0.410527 0.83544 -0.84762 1 0 0 0 0 0 0 0
179 1 0.1 5.76352 1.85956 0.421738 -0.0486045 -0.0378336 -0.0113827 -0.197995 0.405117 0.467559 1 0 0 0 0 0 0 0
180 1 0.1 5.57343 1.90789 0.383992 -0.0478413 -0.0147687 0.00370479 -0.568459 -0.0504905 -0.831799 1 0 0 0 0 0 0 0
181 1 0.1 5.42278 2.01251 0.305655 -0.0105794 0.0254251 -0.0224202 -0.0056966 0.156165 0.0277701 1 0 0 0 0 0 0 0
182 1 0.1 5.28817 2.2034 0.324989 0.0336903 0.0116112 0.0181102 0.0521233 -0.151204 -0.456279 1 0 0 0 0 0 0 0
183 1 0.1 5.13944 2.33219 0.29322 0.0309318 -0.00752241 0.0110825 0.275943 -0.357551 0.414066 1 0 0 0 0 0 0 0
184 1 0.1 4.9398 2.57129 0.374677 0.0390844 -0.0787184 0.0111456 0.174915 -0.766442 1.28352 1 0 0 0 0 0 0 0
185 1 0.1 4.75954 2.63482 0.433587 0.0622746 -0.00475219 0.0172869 -1.53941 0.696196 -0.856396 1 0 0 0 0 0 0 0
186 1 0.1 4.63269 2.79456 0.368572 -0.00372806 -0.00634767 -0.00200265 -0.0754053 -0.190333 0.00306976 1 0 0 0 0 0 0 0
187 1 0.1 4.5414 2.97624 0.289982 -0.000254146 0.00849733 -0.00712368 -0.150985 -0.0545857 0.191607 1 0 0 0 0 0 0 0
188 1 0.1 4.6115 3.15419 0.349156 -0.0100497 0.0231006 -0.0136833 0.122399 0.0805685 0.136116 1 0 0 0 0 0 0 0
189 1 0.1 4.82339 3.35845 0.408286 0.00441837 0.0103557 0.00672721 -0.323554 -0.0709616 -0.147481 1 0 0 0 0 0 0 0
190 1 0.1 4.97494 3.49698 0.388015 -0.00694096 -0.014151 -0.0135387 -0.186697 -0.574485 -0.247866 1 0 0 0 0 0 0 0
191 1 0.1 5.17442 3.64555 0.327932 -0.00170606 -0.0183396 0.00583865 -0.829891 1.13899 -0.736047 1 0 0 0 0 0 0 0
192 1 0.1 5.29236 3.86967 0.326185 0.185717 -0.0909594 0.0359579 -1.46847 -1.64224 -0.70992 1 0 0 0 0 0 0 0
193 1 0.1 5.45388 3.98308 0.325203 0.117052 -0.0163048 0.0263402 0.040715 0.692063 1.69967 1 0 0 0 0 0 0 0
194 1 0.1 5.61865 4.02053 0.428275 0.115658 0.0262997 -0.0134762 -0.0887296 -0.287112 -1.16989 1 0 0 0 0 0 0 0
195 1 0.1 5.75724 4.15348 0.377315 0.155142 -0.0297053 -0.010701 0.0245587 0.108107 0.463333 1 0 0 0 0 0 0 0
196 1 0.1 5.86733 4.31614 0.34564 0.0734634 0.0125708 -0.0104895 0.0108383 0.00467466 0.464009 1 0 0 0 0 0 0 0
197 1 0.1 6.045 4.22498 0.337237 0.0205794 -0.0974281 0.00723422 0.0567169 -0.195258 -1.61332 1 0 0 0 0 0 0 0
198 1 0.1 6.12946 4.82721 0.317495 0.00790441 -0.00730233 -0.00132013 -0.00774473 -0.00919098 0.32384 1 0 0 0 0 0 0 0
199 1 0.1 6.35848 5.3431 0.349984 -0.000119469 7.60801e-05 -0.000194918 0.00326984 0.00154274 -0.0123231 1 0 0 0 0 0 0 0
200 1 0.1 6.39863 0.865506 0.320815 0.000603772 -0.00203413 -0.00564842 -0.0796523 -0.0554641 -0.011446 1 0 0 0 0 0 0 0
201 1 0.1 6.25599 1.00539 0.315493 0.000745364 -0.00124382 -0.00393084 0.00432305 0.153518 0.00186752 1 0 0 0 0 0 0 0
202 1 0.1 6.13974 1.41196 0.316249 -0.00317925 0.00761806 -0.00158472 -0.0194604 -0.103109 -0.0454919 1 0 0 0 0 0 0 0
203 1 0.1 6.05761 1.90472 0.453484 -0.3141 0.292344 0.246236 -0.820993 -3.07707 5.05503 1 0 0 0 0 0 0 0
204 1 0.1 5.91683 2.07348 0.491659 -0.194557 0.571998 -0.166326 1.16902 1.0646 4.23827 1 0 0 0 0 0 0 0
205 1 0.1 5.80008 2.04446 0.328208 -0.0341947 -0.0106055 -0.135965 -0.187971 -1.42186 -0.0553181 1 0 0 0 0 0 0 0
206 1 0.1 5.60662 2.09238 0.314892 -0.0427999 -0.0248311 -0.0137951 0.530828 1.08801 0.345725 1 0 0 0 0 0 0 0
207 1 0.1 5.46522 2.19022 0.41617 0.00932317 -0.0165656 0.0412894 -0.781842 -0.0883679 -0.275417 1 0 0 0 0 0 0 0
208 1 0.1 5.32355 2.43646 0.305943 -0.00222286 -0.0339385 -0.0168553 -0.533377 -0.448055 0.189485 1 0 0 0 0 0 0 0
209 1 0.1 5.14204 2.60911 0.399874 -0.0463002 0.0268168 -0.0864238 0.091665 -0.525537 0.448566 1 0 0 0 0 0 0 0
210 1 0.1 5.02934 2.76325 0.34317 -0.0605278 -0.00390622 -0.16329 -0.223053 -0.405637 -0.0318207 1 0 0 0 0 0 0 0
211 1 0.1 4.82024 2.73426 0.293298 0.0188823 -0.182279 -0.0931598 0.0416823 0.444679 -0.190026 1 0 0 0 0 0 0 0
212 1 0.1 4.73505 2.99823 0.334131 0.0020815 0.0457505 -0.0546569 -0.0509158 0.501352 0.145393 1 0 0 0 0 0 0 0
213 1 0.1 4.85417 3.17438 0.337565 0.00154674 -0.000798192 0.0224976 0.235452 0.336928 0.235043 1 0 0 0 0 0 0 0
214 1 0.1 5.0015 3.30905 0.328548 0.00602659 -0.00938214 -0.0142765 0.268187 0.153272 0.196933 1 0 0 0 0 0 0 0
215 1 0.1 5.16091 3.44724 0.32245 -0.0161757 -0.0145937 0.0385263 0.509831 -0.0359889 0.607103 1 0 0 0 0 0 0 0
216 1 0.1 5.33996 3.53521 0.309357 -0.00450118 -0.0322567 0.0272538 0.193046 -0.477648 0.23649 1 0 0 0 0 0 0 0
217 1 0.1 5.38185 3.70761 0.401506 0.101841 -0.105991 0.110514 0.52981 -0.444625 -1.12163 1 0 0 0 0 0 0 0
218 1 0.1 5.57208 3.77069 0.296857 -0.0438967 -0.00752244 -0.0460722 0.125152 -0.37408 -0.074601 1 0 0 0 0 0 0 0
219 1 0.1 5.72784 3.89459 0.31852 0.0134758 -0.0536566 -0.0137141 0.325659 0.12062 -0.577877 1 0 0 0 0 0 0 0
220 1 0.1 5.86629 3.82862 0.446527 0.0085376 -0.00198558 0.0222525 -0.346616 -0.59505 1.27724 1 0 0 0 0 0 0 0
221 1 0.1 5.88918 4.0125 0.325472 0.0586058 -0.122207 -0.0371189 -0.17052 0.380472 -1.48109 1 0 0 0 0 0 0 0
222 1 0.1 6.03181 3.80396 0.337304 -0.0431068 -0.24412 0.000293912 -1.2354 1.08867 -3.15407 1 0 0 0 0 0 0 0
223 1 0.1 6.21232 5.00804 0.300607 -0.0334792 0.00843111 -0.0252686 -0.393486 -0.548758 0.288825 1 0 0 0 0 0 0 0
224 1 0.1 6.39151 5.11278 0.309845 0.00341809 0.0047668 0.000643152 -0.0058978 -0.0416581 0.0700805 1 0 0 0 0 0 0 0
225 1 0.1 6.53127 0.990643 0.402865 0.00141884 -0.00435644 -0.00531852 0.055174 0.0216907 -0.0311883 1 0 0 0 0 0 0 0
226 1 0.1 6.38921 1.13112 0.395528 -0.000343826 -0.00284865 0.00223616 0.0720895 -0.0339594 0.0367191 1 0 0 0 0 0 0 0
227 1 0.1 6.24441 1.2684 0.407881 -0.00165406 0.00163782 0.0021646 0.0675365 0.104254 0.041349 1 0 0 0 0 0 0 0
228 1 0.1 5.80253 2.41527 0.277192 -0.534506 0.593679 -0.0954085 -0.764754 0.83617 7.78192 1 0 0 0 0 0 0 0
229 1 0.1 5.3856 3.03212 0.13747 0.0177106 0.0312244 0.000744985 -0.0957861 0.038685 -0.00820848 1 0 0 0 0 0 0 0
230 1 0.1 5.49401 3.12641 0.486388 0.0808961 0.115209 -0.017402 -0.11825 -0.629413 0.753984 1 0 0 0 0 0 0 0
231 1 0.1 5.65433 2.29082 0.327276 -0.00889165 0.0303819 0.000762019 -0.0801956 -0.143211 0.111816 1 0 0 0 0 0 0 0
232 1 0.1 5.51465 2.42852 0.362019 -0.00654249 0.0256687 -0.0143339 -0.447039 0.465381 0.10952 1 0 0 0 0 0 0 0
233 1 0.1 5.4804 2.59571 0.465154 0.0176855 0.0527454 -0.054695 -0.171159 0.270345 0.0330377 1 0 0 0 0 0 0 0
234 1 0.1 5.33659 2.63378 0.331461 -0.0416367 -0.0326085 -0.0147283 0.44602 -0.692558 0.0219323 1 0 0 0 0 0 0 0
235 1 0.1 5.22218 2.79506 0.305749 -0.0249904 -0.00936473 -0.038063 0.38077 -0.845523 -0.122814 1 0 0 0 0 0 0 0
236 1 0.1 5.16742 2.98337 0.342653 -0.017369 -0.00932871 -0.00029294 0.200092 0.357685 -0.00249432 1 0 0 0 0 0 0 0
237 1 0.1 4.92317 2.93185 0.331442 -0.0196815 0.0165972 -0.146524 0.17295 0.42841 -0.494776 1 0 0 0 0 0 0 0
238 1 0.1 5.03808 3.12534 0.397041 0.00801509 0.00489509 0.000148095 -0.442592 -0.077417 -0.236152 1 0 0 0 0 0 0 0
239 1 0.1 5.18575 3.25935 0.386029 0.0176935 -0.00547866 -0.00446078 -0.0328759 -0.263423 0.203284 1 0 0 0 0 0 0 0
240 1 0.1 5.25159 3.13532 0.244002 -0.0127459 -0.00387651 -0.00955253 -0.00605058 0.126462 -0.322238 1 0 0 0 0 0 0 0
241 1 0.1 5.30231 3.10458 0.434518 0.0636329 -0.00220675 -0.0351892 0.0745855 0.642109 0.393953 1 0 0 0 0 0 0 0
242 1 0.1 5.37525 3.32088 0.371392 0.0111365 0.0162236 -0.00642672 0.35421 0.295653 0.0921273 1 0 0 0 0 0 0 0
243 1 0.1 5.50672 3.5384 0.418684 0.00349589 -0.0349198 0.0250911 0.15657 0.554086 -0.0449827 1 0 0 0 0 0 0 0
244 1 0.1 5.63655 3.50993 0.269345 0.00142539 0.00170246 0.0150285 -0.150001 -0.0517628 0.104904 1 0 0 0 0 0 0 0
245 1 0.1 5.70329 3.30855 0.199924 -0.230418 -0.833349 -0.373394 -0.181144 3.02863 -10.3388 1 0 0 0 0 0 0 0
246 1 0.1 5.61302 3.23232 0.365115 -0.669192 -0.0336268 -0.975876 -4.06877 9.69761 0.964121 1 0 0 0 0 0 0 0
247 1 0.1 6.07348 4.45753 0.418782 0.0138066 0.0703455 0.0201663 -0.386828 0.351577 0.131675 1 0 0 0 0 0 0 0
248 1 0.1 6.19081 4.63664 0.424889 -0.0105304 -0.0161727 -0.000679365 0.350286 0.0607125 -0.21908 1 0 0 0 0 0 0 0
249 1 0.1 6.30762 4.83918 0.407333 0.00344852 0.0117152 0.00517246 0.0760062 -0.0286814 -0.0714235 1 0 0 0 0 0 0 0
250 1 0.1 6.1128 0.911404 0.552762 0.00136344 -0.0037068 -0.00924181 0.0404506 -0.00476939 0.0331723 1 0 0 0 0 0 0 0
251 1 0.1 5.88498 1.13667 0.548647 0.00629266 -0.003954 -0.00193228 -0.0100722 0.0318506 -0.0541872 1 0 0 0 0 0 0 0
252 1 0.1 5.74642 1.27927 0.565676 0.00620409 -0.00792684 -0.000952837 -0.0181621 -0.0125741 -0.0567414 1 0 0 0 0 0 0 0
253 1 0.1 5.59329 1.42554 0.549973 -0.0570078 0.0384116 -0.000113388 -0.101514 -0.0626699 0.178413 1 0 0 0 0 0 0 0
254 1 0.1 5.36498 1.65757 0.562249 -0.00902097 0.0132037 -0.00140548 0.0099577 0.0168166 0.00238886 1 0 0 0 0 0 0 0
255 1 0.1 5.22189 1.79653 0.550012 -0.00761318 0.0109684 0.000880567 0.00495043 0.000917136 0.00627265 1 0 0 0 0 0 0 0
256 1 0.1 5.08218 1.93914 0.540838 -0.00761978 0.00676046 0.00214764 0.0120554 -0.00476387 0.0158803 1 0 0 0 0 0 0 0
257 1 0.1 4.93961 2.0791 0.551254 -0.0175744 0.0187504 -0.0126522 -0.0133225 0.10925 0.186384 1 0 0 0 0 0 0 0
258 1 0.1 4.79991 2.2214 0.566559 -0.0108071 0.0267776 0.00791436 0.33781 0.269735 0.278884 1 0 0 0 0 0 0 0
259 1 0.1 4.65794 2.35967 0.562822 0.000738996 0.024806 0.057341 -0.0873261 -0.334847 -0.766839 1 0 0 0 0 0 0 0
260 1 0.1 4.47299 2.54944 0.542035 0.0624151 -0.0477296 0.00298175 0.187801 0.127917 -0.779876 1 0 0 0 0 0 0 0
261 1 0.1 4.30584 2.71539 0.539109 0.0116279 0.000468725 -0.0115331 -0.0347156 0.13344 -0.0237977 1 0 0 0 0 0 0 0
262 1 0.1 4.18894 2.88448 0.548654 -0.00553282 0.0195753 -0.00463454 -0.0152674 0.0854319 0.19827 1 0 0 0 0 0 0 0
263 1 0.1 4.18707 3.1 0.55 -1.62837e-11 -7.40477e-10 -2.28622e-05 -2.49176e-05 -0.00130371 4.22086e-08 1 0 0 0 0 0 0 0
264 1 0.1 4.30676 3.28974 0.545393 -0.00448203 -0.00480791 0.00180553 0.0416045 -0.0250654 -0.0398098 1 0 0 0 0 0 0 0
265 1 0.1 4.51473 3.49644 0.554352 0.00217656 0.0030122 0.0046625 0.0834356 0.0107093 0.150052 1 0 0 0 0 0 0 0
266 1 0.1 4.71971 3.69925 0.551059 0.00258537 -0.00103064 -0.00371467 -0.0421403 0.0138418 -0.000952926 1 0 0 0 0 0 0 0
267 1 0.1 4.86467 3.84662 0.552318 0.00278065 0.00474278 -0.0243138 0.0632969 0.250455 0.00136851 1 0 0 0 0 0 0 0
268 1 0.1 5.00827 3.98765 0.556313 0.0134421 0.0153205 -0.00507028 0.0809667 -0.0546053 0.0479091 1 0 0 0 0 0 0 0
269 1 0.1 5.15036 4.12669 0.552074 0.0490772 -0.0235447 -0.111792 -1.34304 -0.0572182 -0.344149 1 0 0 0 0 0 0 0
270 1 0.1 5.29264 4.27417 0.549596 0.0072071 -0.0081639 -0.0165669 0.227008 0.0788057 0.0405808 1 0 0 0 0 0 0 0
271 1 0.1 5.43859 4.42144 0.553763 -0.0164165 -0.0270981 -0.00691054 -0.00469855 0.0741313 -0.320937 1 0 0 0 0 0 0 0
272 1 0.1 5.57943 4.56323 0.549968 -0.0191684 -0.0300233 -0.00557109 0.0631381 -0.0219716 0.286308 1 0 0 0 0 0 0 0
273 1 0.1 5.72226 4.70285 0.55923 -0.0235696 -0.0303023 -0.0241748 -0.0413442 0.292674 -0.280556 1 0 0 0 0 0 0 0
274 1 0.1 5.92993 4.91202 0.549913 0.000693482 0.000649283 0.000465943 0.00898593 0.00129031 0.00829298 1 0 0 0 0 0 0 0
275 1 0.1 6.25381 0.769988 0.550308 0.00200691 -0.00265757 -0.00290352 -0.0783015 -0.0508369 -0.000442504 1 0 0 0 0 0 0 0
276 1 0.1 6.01811 1.29019 0.548877 -0.0238227 -0.00539345 -0.00425538 0.121961 -0.344621 -0.249207 1 0 0 0 0 0 0 0
277 1 0.1 5.87263 1.41601 0.495286 -0.0136021 0.00337687 -0.00197709 0.0951247 0.180005 0.193659 1 0 0 0 0 0 0 0
278 1 0.1 5.74529 1.56739 0.473317 0.0116385 0.0160416 -0.0147699 0.232678 -0.471583 -0.269649 1 0 0 0 0 0 0 0
279 1 0.1 5.55816 1.62096 0.526405 -0.0166939 0.0377665 -0.0608751 -0.138927 0.62288 0.267541 1 0 0 0 0 0 0 0
280 1 0.1 5.41568 1.84849 0.594642 0.00491898 -0.0106027 0.00140864 -0.0198749 -0.0334079 0.157826 1 0 0 0 0 0 0 0
281 1 0.1 5.27657 1.99133 0.586536 -0.00862529 -0.0170149 0.0015313 0.222001 -0.199823 -0.0470757 1 0 0 0 0 0 0 0
282 1 0.1 5.13064 2.12733 0.587472 0.00208971 -0.000129502 0.00184059 -0.0200225 0.0147416 -0.124195 1 0 0 0 0 0 0 0
283 1 0.1 5.00836 2.28188 0.559549 0.0224743 0.013852 0.00637683 0.00585546 0.045104 -0.102237 1 0 0 0 0 0 0 0
284 1 0.1 4.85588 2.4017 0.514412 0.0341156 0.018441 0.00354386 0.157787 -0.224367 0.0689359 1 0 0 0 0 0 0 0
285 1 0.1 4.66673 2.55221 0.580941 0.0594482 0.0217173 0.0223968 -0.240378 0.0887786 0.227757 1 0 0 0 0 0 0 0
286 1 0.1 4.49733 2.76216 0.57298 0.0201668 0.0368668 -0.00682028 0.388755 0.0159996 0.446193 1 0 0 0 0 0 0 0
287 1 0.1 4.37839 2.91827 0.57271 -0.0135611 0.000972663 -0.00887101 0.0873638 -0.0169668 -0.376116 1 0 0 0 0 0 0 0
288 1 0.1 4.39411 3.1148 0.58305 0.00240738 -0.00470835 0.000158525 -0.12723 0.17577 0.0726374 1 0 0 0 0 0 0 0
289 1 0.1 4.50156 3.30238 0.588614 -0.0034431 0.00674498 0.00284007 -0.0519066 0.000976157 -0.386308 1 0 0 0 0 0 0 0
290 1 0.1 4.71262 3.503 0.585759 -0.0284877 -0.000710468 0.0132232 -0.144469 -0.157324 -0.305734 1 0 0 0 0 0 0 0
291 1 0.1 4.90342 3.64581 0.49897 0.0011245 -0.0186233 -0.0145987 0.100315 0.0105965 -0.216304 1 0 0 0 0 0 0 0
292 1 0.1 5.04688 3.78586 0.588238 0.00471157 0.012675 -0.0544847 -0.0922511 0.0538372 -0.0121939 1 0 0 0 0 0 0 0
293 1 0.1 5.19479 3.91731 0.565847 0.0163215 0.00899578 0.0340161 -0.119593 -0.447692 0.100003 1 0 0 0 0 0 0 0
294 1 0.1 5.34109 4.08551 0.594368 0.0275124 -0.0184432 -0.0307219 -0.131494 -0.440561 0.0906573 1 0 0 0 0 0 0 0
295 1 0.1 5.48363 4.22997 0.589013 0.00484207 -0.0170514 -0.00206553 0.0477545 -0.184493 0.305847 1 0 0 0 0 0 0 0
296 1 0.1 5.63056 4.36997 0.572951 -0.0253495 -0.0634425 0.0332585 0.0662537 -0.528593 -0.0281231 1 0 0 0 0 0 0 0
297 1 0.1 5.79168 4.47818 0.525493 -0.0892221 0.0163992 -0.0167971 0.143772 1.30643 0.90284 1 0 0 0 0 0 0 0
298 1 0.1 5.91738 4.63024 0.49348 -0.0858142 0.018682 -0.0124674 0.572644 -0.542826 -1.07863 1 0 0 0 0 0 0 0
299 1 0.1 6.16372 5.14227 0.554518 0.000233457 0.000866529 -0.00202216 0.035449 -0.0103318 0.00314926 1 0 0 0 0 0 0 0
300 1 0.1 6.39578 0.629444 0.5453 0.00120729 -0.002526 0.00295722 0.00923569 -0.0026493 -0.00315048 1 0 0 0 0 0 0 0
301 1 0.1 6.08447 1.10519 0.513215 -0.023459 -0.00367201 -0.012821 -0.00743193 0.250458 0.23206 1 0 0 0 0 0 0 0
302 1 0.1 6.05141 1.50168 0.471117 -0.00930017 0.00783035 -0.000720566 0.197543 -0.0593495 -0.191749 1 0 0 0 0 0 0 0
303 1 0.1 5.9139 1.60562 0.571799 -0.000577945 0.00664485 0.00657555 -0.292507 0.389408 0.151109 1 0 0 0 0 0 0 0
304 1 0.1 5.76493 1.73769 0.580138 0.000411584 -0.0092935 0.00416203 -0.163646 -0.0368736 -0.0424803 1 0 0 0 0 0 0 0
305 1 0.1 5.61277 1.86614 0.57549 0.0147062 0.00400554 -0.0125612 -0.195858 0.146938 -0.0788068 1 0 0 0 0 0 0 0
306 1 0.1 5.46649 2.03435 0.541358 -0.00481421 -0.00178091 0.0397609 0.522473 -0.0331342 0.029589 1 0 0 0 0 0 0 0
307 1 0.1 5.29649 2.21926 0.524055 -0.00304952 0.0100213 0.019291 -0.0748259 -0.405119 -1.0541 1 0 0 0 0 0 0 0
308 1 0.1 5.19379 2.42472 0.454659 0.0138484 0.0466408 -0.0169535 -0.799411 0.466723 0.152543 1 0 0 0 0 0 0 0
309 1 0.1 5.04137 2.47857 0.572348 0.0554917 0.0178347 -0.00914033 -0.11174 0.306322 0.194756 1 0 0 0 0 0 0 0
310 1 0.1 4.87246 2.58469 0.583592 0.075613 0.0333215 0.000529565 -0.220909 0.0777497 -0.556543 1 0 0 0 0 0 0 0
311 1 0.1 4.68971 2.74201 0.579805 0.00104911 -0.00648405 -0.00745326 -0.332742 -0.533259 -0.0919255 1 0 0 0 0 0 0 0
312 1 0.1 4.57507 2.93502 0.513387 -0.00687623 0.0238832 -0.0204929 -0.431346 -0.239101 -0.216543 1 0 0 0 0 0 0 0
313 1 0.1 4.58821 3.13003 0.547282 -0.0069083 0.0147979 -0.0195013 0.374362 -0.0580534 0.151419 1 0 0 0 0 0 0 0
314 1 0.1 4.70064 3.30395 0.584797 -0.00508178 -0.00675853 0.0151554 0.0865327 -0.120075 0.519889 1 0 0 0 0 0 0 0
315 1 0.1 4.91371 3.48363 0.612919 0.00978209 0.00171002 0.0114647 -0.0258734 -0.41615 -0.0798453 1 0 0 0 0 0 0 0
316 1 0.1 5.08151 3.56625 0.543099 0.0127257 0.00397202 0.0249516 -0.239675 0.128262 0.21943 1 0 0 0 0 0 0 0
317 1 0.1 5.22855 3.70073 0.529498 0.0244735 -0.0052247 0.021006 -0.320251 -0.607568 -0.296431 1 0 0 0 0 0 0 0
318 1 0.1 5.38334 3.90263 0.50104 0.0384305 -0.00585514 0.101735 -0.142057 -0.233972 -0.2513 1 0 0 0 0 0 0 0
319 1 0.1 5.52165 4.0006 0.607059 0.0513732 0.0436313 0.0423244 -0.341174 -0.0548017 0.427263 1 0 0 0 0 0 0 0
320 1 0.1 5.67277 4.13726 0.579964 0.0596281 0.00260379 0.023684 0.106701 -0.983711 0.5036 1 0 0 0 0 0 0 0
321 1 0.1 5.80886 4.28128 0.555383 0.0277183 0.0355487 0.0236498 -0.683053 0.356768 0.0575399 1 0 0 0 0 0 0 0
322 1 0.1 5.96946 4.39792 0.578731 0.0281063 0.0346697 0.0190549 0.763098 -0.215502 -0.0375875 1 0 0 0 0 0 0 0
323 1 0.1 6.06151 4.77155 0.495971 0.0102904 0.00742071 0.00240429 -0.184278 -0.0576227 -0.00610488 1 0 0 0 0 0 0 0
324 1 0.1 6.30428 5.28428 0.550034 2.20162e-05 0.00028828 0.0019721 0.0128598 -0.00335416 0.00118159 1 0 0 0 0 0 0 0
325 1 0.1 6.42609 0.866349 0.518929 0.00246124 -0.00540169 -0.0049854 -0.0148701 0.0288019 -0.00351168 1 0 0 0 0 0 0 0
326 1 0.1 6.28369 1.00659 0.512923 0.00262816 -0.00554343 -0.00573869 0.0388916 -0.140039 -0.0256775 1 0 0 0 0 0 0 0
327 1 0.1 6.1834 1.60327 0.581639 -0.0296666 0.0858891 -0.0421916 -0.0436161 0.837956 1.47574 1 0 0 0 0 0 0 0
328 1 0.1 6.04964 1.752 0.582279 -0.0708721 0.0718939 0.00558963 1.23165 0.545559 0.793868 1 0 0 0 0 0 0 0
329 1 0.1 5.90015 1.88497 0.579677 -0.0459998 0.0433773 -0.0705378 0.0679525 0.355456 0.099999 1 0 0 0 0 0 0 0
330 1 0.1 5.74708 2.01351 0.578428 0.00846188 0.0360459 -0.0296623 0.388701 0.240154 0.240947 1 0 0 0 0 0 0 0
331 1 0.1 5.69139 2.18417 0.491585 -0.0332329 0.0411065 0.00701017 0.0946999 -0.477059 0.359049 1 0 0 0 0 0 0 0
332 1 0.1 5.53797 2.33242 0.536134 0.0330699 0.0124587 -0.0125085 -0.0768294 -0.168588 -0.277738 1 0 0 0 0 0 0 0
333 1 0.1 5.38286 2.45419 0.567169 0.0467868 0.0350314 -0.0426321 0.138251 -0.252065 -0.0286104 1 0 0 0 0 0 0 0
334 1 0.1 5.21998 2.5672 0.589344 0.060642 0.0443166 -0.00718538 0.848902 -0.010552 -0.283628 1 0 0 0 0 0 0 0
335 1 0.1 5.05663 2.68106 0.589469 0.079324 0.0214922 -0.0699921 -0.34009 -1.22305 0.367003 1 0 0 0 0 0 0 0
336 1 0.1 4.90049 2.75964 0.494371 0.0958438 0.0207575 -0.0399977 0.502063 2.03366 -1.29132 1 0 0 0 0 0 0 0
337 1 0.1 4.81318 2.93841 0.511684 -0.179153 -0.0856787 -0.0276535 0.502257 1.2524 -2.67959 1 0 0 0 0 0 0 0
338 1 0.1 4.78379 3.13498 0.519276 0.0112176 -0.0178311 0.0178076 -0.0133075 -0.290095 -0.368424 1 0 0 0 0 0 0 0
339 1 0.1 4.89902 3.28722 0.578368 -0.00319617 -0.00409026 0.0069751 -0.332595 0.208066 -0.456926 1 0 0 0 0 0 0 0
340 1 0.1 5.06823 3.36666 0.508383 0.00923349 -0.0517491 0.00494502 0.129646 -0.253007 0.0538514 1 0 0 0 0 0 0 0
341 1 0.1 5.25858 3.42561 0.49504 -0.000381702 -0.0249309 0.0369934 0.064962 -0.00941693 0.234467 1 0 0 0 0 0 0 0
342 1 0.1 5.37404 3.57009 0.570804 0.0186304 -0.022831 -0.000376877 0.191673 0.923478 0.0394016 1 0 0 0 0 0 0 0
343 1 0.1 5.55196 3.79001 0.493631 -0.0222429 -0.0248857 -0.04347 0.0415243 0.495156 -0.32531 1 0 0 0 0 0 0 0
344 1 0.1 5.70422 3.90087 0.563286 0.0465384 -0.0105059 -0.0105501 -0.165273 0.491506 -0.136146 1 0 0 0 0 0 0 0
345 1 0.1 5.77208 3.71362 0.580021 0.0358933 -0.0220854 0.0114154 -0.172987 -0.149709 0.0145534 1 0 0 0 0 0 0 0
346 1 0.1 5.83942 4.04178 0.521075 0.0634818 0.00546051 0.0350944 -0.0264444 -1.47477 0.222933 1 0 0 0 0 0 0 0
347 1 0.1 5.98006 4.18365 0.521843 0.0285282 0.0340229 0.0413086 -0.991663 0.370822 0.258787 1 0 0 0 0 0 0 0
348 1 0.1 6.13562 4.9565 0.487285 0.00500994 0.0036212 -0.00772393 0.0193976 -0.0159831 0.0317489 1 0 0 0 0 0 0 0
349 1 0.1 6.31807 5.03781 0.47993 0.00173468 0.00288269 -0.00229027 0.0172801 -0.017016 -0.0154124 1 0 0 0 0 0 0 0
350 1 0.1 6.44761 1.09651 0.583566 -0.00162771 -0.0053351 0.00224935 -0.0253046 0.00210805 0.0386216 1 0 0 0 0 0 0 0
351 1 0.1 6.2646 1.18984 0.590345 -0.00681052 -0.00946529 0.00133729 0.0902262 -0.154973 -0.00023419 1 0 0 0 0 0 0 0
352 1 0.1 6.18177 1.3998 0.583221 -0.0163978 -0.0187709 -0.00157856 -0.132004 0.104763 -0.10009 1 0 0 0 0 0 0 0
353 1 0.1 6.12517 1.66539 0.762524 0.0191503 0.0191853 -0.000993959 -0.0118625 0.139802 0.2091 1 0 0 0 0 0 0 0
354 1 0.1 5.67506 2.53719 0.411368 -0.196279 0.364277 -0.107681 1.44435 1.44407 4.2315 1 0 0 0 0 0 0 0
355 1 0.1 5.54862 2.98227 0.32718 -0.0486388 0.12155 -0.216399 2.21476 0.571176 1.22348 1 0 0 0 0 0 0 0
356 1 0.1 5.62592 2.57772 0.600978 -0.0503108 0.01278 0.0107093 0.814779 -1.27002 0.00189364 1 0 0 0 0 0 0 0
357 1 0.1 5.52376 2.7492 0.585215 0.00130216 0.0388486 -0.032248 0.356525 -0.636779 -0.141204 1 0 0 0 0 0 0 0
358 1 0.1 5.30677 2.71143 0.747326 0.0240157 0.0150394 -0.016277 -0.16289 0.351882 0.229712 1 0 0 0 0 0 0 0
359 1 0.1 5.33435 2.71779 0.525714 0.0359557 0.0514738 -0.0269184 -0.56398 0.738613 0.245617 1 0 0 0 0 0 0 0
360 1 0.1 5.39963 2.90339 0.559078 0.0313502 0.0573217 -0.0710586 0.201607 -0.464993 -0.147391 1 0 0 0 0 0 0 0
361 1 0.1 5.19019 2.85281 0.494417 -0.0146819 -0.00900818 -0.0420492 -0.466142 -0.676621 -1.1564 1 0 0 0 0 0 0 0
362 1 0.1 5.00793 2.91754 0.544436 -0.0239634 0.0458133 -0.147753 0.475286 0.0266422 0.950289 1 0 0 0 0 0 0 0
363 1 0.1 4.98646 3.10876 0.588514 0.0187865 0.00534931 -0.00768748 0.395588 0.144687 0.351084 1 0 0 0 0 0 0 0
364 1 0.1 5.17128 3.03757 0.569108 0.0475589 -0.0136013 -0.0283871 0.195573 -0.48934 -0.679882 1 0 0 0 0 0 0 0
365 1 0.1 5.21914 3.23122 0.58106 -0.0232242 -0.00281619 -0.000175777 0.0327701 -0.0737408 -0.12814 1 0 0 0 0 0 0 0
366 1 0.1 5.35638 3.08602 0.625973 0.0393625 0.0379085 -0.0300146 0.378329 -0.097365 -0.0776238 1 0 0 0 0 0 0 0
367 1 0.1 5.40117 3.31367 0.579279 -0.0123596 -0.0533627 0.0305027 0.308674 -0.126248 -0.386941 1 0 0 0 0 0 0 0
368 1 0.1 5.61069 3.59592 0.578864 0.0385693 -0.0326615 0.00548571 -0.149226 -0.149332 0.0645851 1 0 0 0 0 0 0 0
369 1 0.1 5.68973 3.64872 0.403025 -0.0336227 0.0386081 -0.00420301 -0.0438734 0.346182 0.693839 1 0 0 0 0 0 0 0
370 1 0.1 5.57966 3.38778 0.528212 -0.0210266 -0.0820951 -0.0210775 0.132728 0.880794 -0.0519322 1 0 0 0 0 0 0 0
371 1 0.1 5.44493 3.1506 0.293727 0.063188 0.0363256 -0.0861394 0.0953745 0.50133 0.743392 1 0 0 0 0 0 0 0
372 1 0.1 6.14262 4.29919 0.534203 0.0458821 0.0206516 -0.0658886 -0.248705 0.0556943 -0.517286 1 0 0 0 0 0 0 0
373 1 0.1 6.08932 4.58288 0.588409 -0.00862387 -0.0374765 -0.00803562 0.0308111 0.0204317 0.00508925 1 0 0 0 0 0 0 0
374 1 0.1 6.23713 4.79303 0.588656 0.00449013 0.0069977 0.00406487 0.00525944 -0.0050738 -0.0602261 1 0 0 0 0 0 0 0
375 1 0.1 6.1251 0.898478 0.751455 0.00144792 -0.00520409 -0.011767 -0.116869 0.0720619 -0.0271792 1 0 0 0 0 0 0 0
376 1 0.1 5.85932 1.15852 0.749831 -0.00113548 0.000438918 -0.00301532 -0.00166146 -0.00782199 -0.0215847 1 0 0 0 0 0 0 0
377 1 0.1 5.72027 1.30147 0.762614 -0.000693379 0.00196027 -0.00121142 0.0257282 0.0164146 0.0205091 1 0 0 0 0 0 0 0
378 1 0.1 5.57729 1.44067 0.752011 0.000387703 0.00180381 0.0025636 0.0307873 -0.0245862 0.0288321 1 0 0 0 0 0 0 0
379 1 0.1 5.4349 1.58304 0.749963 0.00384093 -0.00649052 -0.00115798 0.00454933 0.0117054 -0.0537385 1 0 0 0 0 0 0 0
380 1 0.1 5.29206 1.72666 0.750004 -0.00375886 0.00596427 5.98629e-05 0.00678046 0.00360574 0.0707806 1 0 0 0 0 0 0 0
381 1 0.1 5.15047 1.86785 0.751355 -0.00336925 0.00469495 0.00073942 -0.0182825 -0.00853784 0.0735137 1 0 0 0 0 0 0 0
382 1 0.1 5.00449 2.01684 0.754088 0.000298978 -0.00163505 -0.00257141 -0.0731805 -0.0183501 -0.00407149 1 0 0 0 0 0 0 0
383 1 0.1 4.80887 2.20996 0.763386 -0.00307261 -0.0014238 0.00121449 -0.29127 -0.0190516 -0.0127169 1 0 0 0 0 0 0 0
384 1 0.1 4.60924 2.41188 0.763209 0.00281275 -0.00668652 0.00816059 0.198378 -0.112316 -0.0726054 1 0 0 0 0 0 0 0
385 1 0.1 4.36975 2.65135 0.743544 -0.0197196 0.019368 0.00465201 -0.00012444 -0.0644279 0.266617 1 0 0 0 0 0 0 0
386 1 0.1 4.204 2.82008 0.748539 0.0177332 -0.0195749 0.00442001 0.0243207 -0.0379997 -0.256747 1 0 0 0 0 0 0 0
387 1 0.1 4.19228 3.01935 0.741956 -0.00312798 -0.021771 -0.00919995 0.0829169 0.0817514 -0.145211 1 0 0 0 0 0 0 0
388 1 0.1 4.23511 3.21316 0.733026 -0.0153065 -0.0220991 -0.00369316 0.0972161 -0.00715629 -0.333758 1 0 0 0 0 0 0 0
389 1 0.1 4.37689 3.36057 0.750295 0.00181411 0.00268099 -0.000366648 -0.00147083 -0.000567771 0.0378185 1 0 0 0 0 0 0 0
390 1 0.1 4.58847 3.57167 0.749999 0.00167838 0.00263263 5.36412e-05 -0.0011287 -0.00010024 0.0321438 1 0 0 0 0 0 0 0
391 1 0.1 4.76746 3.74474 0.750678 0.0272397 0.0242929 0.00305655 -0.0358853 0.0399321 0.376052 1 0 0 0 0 0 0 0
392 1 0.1 4.90924 3.88563 0.749978 0.0252281 0.0242475 -0.00230473 0.0299501 -0.00998835 0.18724 1 0 0 0 0 0 0 0
393 1 0.1 5.08454 4.06877 0.750312 0.000809721 0.00151786 -0.00167841 0.0200077 0.0102769 0.0276996 1 0 0 0 0 0 0 0
394 1 0.1 5.22577 4.2096 0.749864 -0.000209922 0.000656513 1.98618e-05 0.00790744 -0.00596294 -0.00417903 1 0 0 0 0 0 0 0
395 1 0.1 5.36703 4.35052 0.749281 -0.000719782 -0.000701052 -0.00109129 -0.00212042 0.0196238 -0.00846604 1 0 0 0 0 0 0 0
396 1 0.1 5.50824 4.49156 0.753562 0.000360545 -0.00215525 0.00210542 -0.00147479 -0.0971934 -0.0880606 1 0 0 0 0 0 0 0
397 1 0.1 5.65071 4.62896 0.762599 0.00581225 -0.00851405 0.000234018 -0.0158111 -0.0115444 0.0802416 1 0 0 0 0 0 0 0
398 1 0.1 5.79175 4.7706 0.762201 -0.00142234 -0.00221442 0.000752457 -0.0069421 0.00717905 -0.0238762 1 0 0 0 0 0 0 0
399 1 0.1 5.93099 4.91359 0.750012 -0.00126297 -0.00203187 -0.000319474 0.000998442 0.00379859 -0.00971672 1 0 0 0 0 0 0 0
400 1 0.1 6.2666 0.757535 0.752569 0.000165098 -0.0026385 -0.00412595 -0.0600108 0.00228124 0.0114038 1 0 0 0 0 0 0 0
401 1 0.1 5.99644 1.03185 0.677079 0.0023569 -0.00773676 -0.00486579 -0.0165739 0.0485888 -0.0865533 1 0 0 0 0 0 0 0
402 1 0.1 5.89265 1.37097 0.689054 -0.00502243 0.0281811 0.00397999 -0.293348 -0.210217 0.384639 1 0 0 0 0 0 0 0
403 1 0.1 5.74414 1.50386 0.662509 -0.0102586 -9.69533e-05 -0.0177598 -0.084882 0.241698 0.00126637 1 0 0 0 0 0 0 0
404 1 0.1 5.63601 1.63865 0.762764 0.00740553 -0.00390584 -0.000376119 0.0524399 0.00939447 0.0303167 1 0 0 0 0 0 0 0
405 1 0.1 5.49004 1.77472 0.763046 0.0105585 -0.0122146 1.44697e-05 0.0690955 0.0378134 -0.0207262 1 0 0 0 0 0 0 0
406 1 0.1 5.34157 1.92212 0.763003 0.00128531 -0.00444839 -0.00221129 -0.0769731 0.0128612 -0.198633 1 0 0 0 0 0 0 0
407 1 0.1 5.19867 2.0614 0.762894 -0.000469167 0.000859867 -0.000632791 0.0144803 -0.0177035 0.0145352 1 0 0 0 0 0 0 0
408 1 0.1 5.01081 2.21572 0.748637 -0.00419614 -0.00159877 -0.00448152 0.0513846 -0.0357496 0.0369613 1 0 0 0 0 0 0 0
409 1 0.1 4.80914 2.41137 0.761987 0.00332179 0.00933783 0.0591931 0.0317816 0.0878868 -0.304848 1 0 0 0 0 0 0 0
410 1 0.1 4.65785 2.60056 0.766354 0.00653027 -0.0257773 0.00650226 -0.990734 -0.0918982 0.0446209 1 0 0 0 0 0 0 0
411 1 0.1 4.48395 2.81217 0.763286 -0.00393497 -0.00118804 -0.00101775 0.00481233 0.138352 -0.582074 1 0 0 0 0 0 0 0
412 1 0.1 4.38505 2.98255 0.763328 -0.00941936 -0.0153807 0.00246023 -0.194487 -0.216548 0.193024 1 0 0 0 0 0 0 0
413 1 0.1 4.45297 3.17635 0.76291 0.00641613 0.00429597 -0.00183104 0.0546629 -0.0736355 0.015987 1 0 0 0 0 0 0 0
414 1 0.1 4.57603 3.3725 0.762506 0.00162309 0.00274011 -9.00898e-05 0.00263573 0.000473992 -0.0338194 1 0 0 0 0 0 0 0
415 1 0.1 4.79909 3.5488 0.762827 0.00204072 0.0216021 -0.00471504 0.219535 -0.00724213 -0.585648 1 0 0 0 0 0 0 0
416 1 0.1 4.95778 3.68985 0.736118 0.0329743 0.0304699 -0.0132428 -0.554977 0.153309 -0.418199 1 0 0 0 0 0 0 0
417 1 0.1 5.11637 3.87262 0.762449 0.0360271 0.00974955 0.000989774 -0.0412573 -0.0460126 0.341172 1 0 0 0 0 0 0 0
418 1 0.1 5.27143 3.99883 0.762502 0.0143864 0.0381242 1.5131e-05 -0.0384037 -0.0211573 0.169268 1 0 0 0 0 0 0 0
419 1 0.1 5.4211 4.15416 0.76302 -0.00669865 -0.0038235 -0.00443948 -0.0361773 0.0109623 0.00222857 1 0 0 0 0 0 0 0
420 1 0.1 5.55943 4.29843 0.762522 -0.00504382 -0.00364308 -0.00022951 0.0308187 -0.047145 -0.0209526 1 0 0 0 0 0 0 0
421 1 0.1 5.70306 4.43662 0.747011 -3.04521e-06 -0.0102927 0.00213357 -0.00903219 0.0351537 -0.0629905 1 0 0 0 0 0 0 0
422 1 0.1 5.82983 4.58216 0.691995 -0.00101881 -0.0149537 -0.0132886 0.48328 0.0904093 -0.420049 1 0 0 0 0 0 0 0
423 1 0.1 5.96741 4.72205 0.663752 0.00730188 -0.0272368 -0.0118646 0.0393261 0.0158363 0.28346 1 0 0 0 0 0 0 0
424 1 0.1 6.21864 5.20296 0.74651 0.000102955 -0.00133475 -0.00316469 0.0494344 0.0153595 0.0411307 1 0 0 0 0 0 0 0
425 1 0.1 6.4082 0.61662 0.745669 0.000605307 -0.00123852 0.00026661 -0.00012077 -0.00289191 -0.00489327 1 0 0 0 0 0 0 0
426 1 0.1 6.16808 1.09286 0.762795 -0.0127006 -0.00921885 0.00333564 0.0412228 0.121357 0.13877 1 0 0 0 0 0 0 0
427 1 0.1 6.03913 1.24548 0.74268 -0.00290849 -0.00112318 -0.00250497 0.00678366 -0.00360686 0.0259836 1 0 0 0 0 0 0 0
428 1 0.1 5.95155 1.56637 0.762888 0.0188051 0.0168723 0.000430375 0.203164 -0.174885 -0.253978 1 0 0 0 0 0 0 0
429 1 0.1 5.8468 1.73665 0.762535 -0.00358182 0.00262803 0.00261745 0.0412214 0.0250065 0.264349 1 0 0 0 0 0 0 0
430 1 0.1 5.68116 1.84851 0.762533 -0.0123021 -0.0124892 -0.00296355 -0.0456706 -0.126596 -0.110253 1 0 0 0 0 0 0 0
431 1 0.1 5.53044 1.97368 0.723223 0.000884887 -0.00142199 -0.00662509 0.0678592 0.0734201 -0.0458165 1 0 0 0 0 0 0 0
432 1 0.1 5.38428 2.10906 0.707655 0.00118437 -0.0030352 0.00870764 -0.11644 0.0929363 0.037222 1 0 0 0 0 0 0 0
433 1 0.1 5.19092 2.34971 0.63259 0.0278256 0.0628342 -0.0135698 0.642267 -0.333126 -0.0604806 1 0 0 0 0 0 0 0
434 1 0.1 5.05684 2.40877 0.764163 0.0137847 -0.00738572 0.00285191 -0.0230766 -0.0729876 -0.231062 1 0 0 0 0 0 0 0
435 1 0.1 4.9394 2.57528 0.765293 0.0373825 0.0154025 0.00444443 0.149418 -0.42244 -0.130074 1 0 0 0 0 0 0 0
436 1 0.1 4.73688 2.80013 0.762778 0.000858718 0.0404228 -0.00861906 0.746599 -0.151798 -0.233685 1 0 0 0 0 0 0 0
437 1 0.1 4.57408 3.0043 0.702112 -0.0237782 0.00627147 -0.0345974 -0.181535 0.108141 -0.279841 1 0 0 0 0 0 0 0
438 1 0.1 4.65254 3.18773 0.762502 0.00531111 0.00421216 0.000423847 0.00784686 0.0542634 -0.0146019 1 0 0 0 0 0 0 0
439 1 0.1 4.77566 3.35181 0.762702 -0.0157326 0.0266244 0.00178092 -0.159132 0.280546 0.372138 1 0 0 0 0 0 0 0
440 1 0.1 5.04049 3.51345 0.762828 0.00783782 0.0218706 -0.00148091 0.263898 0.273988 0.219524 1 0 0 0 0 0 0 0
441 1 0.1 5.15413 3.67718 0.76336 0.0240848 0.00955449 0.00546207 0.0479867 -0.200185 -0.450602 1 0 0 0 0 0 0 0
442 1 0.1 5.29461 3.79904 0.690443 0.0387014 -0.00397015 0.00737193 0.432786 0.644855 -0.00711648 1 0 0 0 0 0 0 0
443 1 0.1 5.45039 3.89842 0.763448 0.0350176 -0.00717018 0.0014017 0.0920056 -0.325139 0.531716 1 0 0 0 0 0 0 0
444 1 0.1 5.61015 4.09047 0.763034 -0.00744704 -0.00859988 -0.00161396 0.0764975 -0.0923081 0.024786 1 0 0 0 0 0 0 0
445 1 0.1 5.74702 4.23357 0.739461 -0.00538281 -0.00835998 0.00385141 0.00360687 0.00686339 -0.0294654 1 0 0 0 0 0 0 0
446 1 0.1 5.89788 4.36198 0.761911 0.014996 -0.0362174 0.00426807 0.154239 0.125058 -0.290003 1 0 0 0 0 0 0 0
447 1 0.1 6.0083 4.52803 0.762717 -0.00276716 -0.0272422 -0.00242382 -0.297732 -0.174951 0.483297 1 0 0 0 0 0 0 0
448 1 0.1 6.10986 4.8201 0.762715 -0.00562231 -0.00347212 -0.00318142 0.0103453 -0.0160735 0.0326669 1 0 0 0 0 0 0 0
449 1 0.1 6.3595 5.34483 0.75 -0.000517889 -0.000844002 2.43721e-05 -0.000797689 0.000175768 -0.0112184 1 0 0 0 0 0 0 0
450 1 0.1 6.45217 0.819399 0.711556 -4.96801e-05 -0.00123202 -0.00304181 -0.0288866 -0.0430503 0.022511 1 0 0 0 0 0 0 0
451 1 0.1 6.30895 0.962638 0.706326 -3.37758e-05 0.00620979 -0.00198244 -0.0567454 -0.164077 0.150992 1 0 0 0 0 0 0 0
452 1 0.1 6.23456 1.28572 0.762705 -0.011549 -0.0112232 0.00245931 -0.0667591 0.0915671 0.0173987 1 0 0 0 0 0 0 0
453 1 0.1 6.10115 1.43448 0.762804 -0.00246551 -0.00353319 0.00308371 0.0374456 0.0234711 -0.0873528 1 0 0 0 0 0 0 0
454 1 0.1 6.02054 1.83566 0.762517 -0.00260469 0.00122384 -0.00159846 -0.0880252 -0.0214051 0.0670204 1 0 0 0 0 0 0 0
455 1 0.1 5.86406 1.95986 0.761554 0.00116889 -0.00286619 -0.0188121 -0.0735998 -0.0601742 -0.055922 1 0 0 0 0 0 0 0
456 1 0.1 5.69948 2.07284 0.762848 0.00217456 0.00360037 -0.0138929 0.0542871 0.0920349 6.94263e-05 1 0 0 0 0 0 0 0
457 1 0.1 5.56564 2.1735 0.654016 -0.00138433 0.00843914 -0.00877386 0.0569298 -0.0330305 -0.00710487 1 0 0 0 0 0 0 0
458 1 0.1 5.32346 2.29011 0.764324 -0.0178817 -0.00558431 0.000473608 -0.15637 0.135161 0.281322 1 0 0 0 0 0 0 0
459 1 0.1 5.29445 2.48761 0.762162 0.0331961 -0.00194067 0.00832186 0.146897 0.0315085 -0.023582 1 0 0 0 0 0 0 0
460 1 0.1 5.13603 2.60896 0.76357 0.0350703 -0.00445766 0.00210849 -0.0197089 -0.243138 -0.022701 1 0 0 0 0 0 0 0
461 1 0.1 4.93489 2.77492 0.757736 -0.000800386 0.0165025 -0.00607721 -0.109464 0.0386345 -0.00284526 1 0 0 0 0 0 0 0
462 1 0.1 4.80907 2.98294 0.76298 0.0138201 0.0283831 0.00244245 -0.520232 0.222206 0.0438848 1 0 0 0 0 0 0 0
463 1 0.1 4.86011 3.17253 0.746195 0.0111444 0.0324662 -0.0255059 0.286578 -0.0076878 -0.0819241 1 0 0 0 0 0 0 0
464 1 0.1 4.98231 3.32765 0.76388 0.024304 0.0187513 0.0105625 -0.196011 -0.00279911 -0.14604 1 0 0 0 0 0 0 0
465 1 0.1 5.21932 3.49505 0.677872 0.014196 0.00725934 0.0231521 -0.260756 -0.137045 -0.870317 1 0 0 0 0 0 0 0
466 1 0.1 5.34857 3.62001 0.762646 0.0399638 0.00291543 -0.000749266 -0.375196 -0.0905161 0.371823 1 0 0 0 0 0 0 0
467 1 0.1 5.48965 3.72661 0.671349 0.0392503 -0.00277184 -0.00991113 -0.0288618 0.458766 -0.415388 1 0 0 0 0 0 0 0
468 1 0.1 5.64156 3.83527 0.741082 0.0445704 -0.00712153 -0.00676518 0.020618 -0.573638 0.363909 1 0 0 0 0 0 0 0
469 1 0.1 5.79395 3.96236 0.762641 0.0149272 0.0293347 -0.000177713 -0.244928 0.387249 0.130135 1 0 0 0 0 0 0 0
470 1 0.1 5.91275 4.12177 0.742837 0.0178539 0.0219592 -0.0621752 0.019764 0.359174 -0.253662 1 0 0 0 0 0 0 0
471 1 0.1 6.05838 4.2547 0.710052 0.0215361 0.015878 -0.0793522 0.398063 0.256838 0.0661387 1 0 0 0 0 0 0 0
472 1 0.1 6.17126 4.41228 0.759173 0.0100701 -0.00739597 0.0252062 0.622352 -0.469323 -0.132921 1 0 0 0 0 0 0 0
473 1 0.1 6.15462 5.01463 0.762659 0.00100216 -0.00228254 -0.000890858 -0.0105109 -0.024554 -0.0838943 1 0 0 0 0 0 0 0
474 1 0.1 6.33196 5.05275 0.678785 0.000333251 -0.00209981 -0.00156884 0.0174218 0.0357958 0.0870535 1 0 0 0 0 0 0 0
475 1 0.1 6.50937 1.00409 0.762505 -0.00031889 -0.00169846 2.84368e-05 0.0370433 -0.0315711 -0.0392481 1 0 0 0 0 0 0 0
476 1 0.1 6.39716 1.16955 0.762586 -0.00412862 -0.00372252 -0.000136346 -0.034529 0.0205318 0.0812754 1 0 0 0 0 0 0 0
477 1 0.1 6.36752 1.39075 0.656605 -0.0142417 -0.00821188 0.00800275 0.0423632 -0.183067 0.088264 1 0 0 0 0 0 0 0
478 1 0.1 6.27509 1.53307 0.762486 -0.00301849 -0.00283977 -0.000739171 -0.0883241 -0.0493572 -0.358984 1 0 0 0 0 0 0 0
479 1 0.1 5.70555 2.32089 0.644547 -0.116083 -0.183979 0.196038 -0.358544 -2.29446 -2.33602 1 0 0 0 0 0 0 0
480 1 0.1 5.58142 2.98012 0.591089 0.014542 0.0276054 0.021032 0.505478 -0.396009 -0.2318 1 0 0 0 0 0 0 0
481 1 0.1 5.55209 2.83703 0.762548 -0.0280519 -0.00158139 -0.00228467 0.0752775 0.198702 -0.067238 1 0 0 0 0 0 0 0
482 1 0.1 5.69455 2.482 0.76253 -0.110067 -0.0420746 0.00170761 -0.205452 0.643713 -0.174876 1 0 0 0 0 0 0 0
483 1 0.1 5.48696 2.39947 0.728915 -0.00654983 -0.0301475 -0.0296821 -0.0327673 0.149241 0.0177448 1 0 0 0 0 0 0 0
484 1 0.1 5.47088 2.59739 0.752293 0.00176607 -0.0271619 -0.0310874 -0.0167018 7.4833e-05 -0.179228 1 0 0 0 0 0 0 0
485 1 0.1 5.20349 2.9981 0.762502 0.0161573 0.0258376 -0.00375165 0.158761 -0.0506572 0.260788 1 0 0 0 0 0 0 0
486 1 0.1 5.13194 2.80725 0.762561 0.00679587 -0.00309214 -0.00459795 -0.10257 -0.0866552 0.309326 1 0 0 0 0 0 0 0
487 1 0.1 5.00725 2.96124 0.75352 0.0168322 0.0111917 -0.0143857 0.110061 -0.0047127 -0.110287 1 0 0 0 0 0 0 0
488 1 0.1 5.06836 3.14973 0.763179 -0.00180434 0.00861656 -0.000963583 -0.159145 -0.302937 0.15686 1 0 0 0 0 0 0 0
489 1 0.1 5.18094 3.31596 0.757929 0.0207733 0.00268678 0.00464681 0.0715231 0.0830672 0.00501786 1 0 0 0 0 0 0 0
490 1 0.1 5.3611 3.2308 0.762778 0.0241991 0.00373482 0.000452846 -0.00362847 -0.103879 0.00816492 1 0 0 0 0 0 0 0
491 1 0.1 5.39492 3.42646 0.744393 0.0176643 -0.00183286 0.00282527 0.0301892 0.0535999 0.0398125 1 0 0 0 0 0 0 0
492 1 0.1 5.54363 3.55825 0.762995 0.0134818 -0.00886944 -0.000636793 -0.129264 -0.128836 -0.0620667 1 0 0 0 0 0 0 0
493 1 0.1 5.48979 3.02699 0.76253 -0.00956582 0.00492385 0.00523568 0.0435753 -0.30436 -0.123292 1 0 0 0 0 0 0 0
494 1 0.1 5.72047 3.65122 0.762648 0.00643351 -0.0081061 0.00410608 -0.068403 -0.0645968 0.0928924 1 0 0 0 0 0 0 0
495 1 0.1 5.87409 3.77911 0.762572 -0.00459039 -0.00407579 0.00799346 -0.00451202 0.00598735 0.00519772 1 0 0 0 0 0 0 0
496 1 0.1 5.94104 3.89956 0.617844 -0.0126707 0.00127469 0.0412357 0.481523 0.323166 -0.333872 1 0 0 0 0 0 0 0
497 1 0.1 6.24933 4.4652 0.566057 0.032453 0.0244716 -0.0387006 0.559824 -0.0748631 0.679745 1 0 0 0 0 0 0 0
498 1 0.1 6.17874 4.63243 0.762035 -0.0166919 -0.00690559 -0.00110331 0.00156605 -0.0655121 -0.155259 1 0 0 0 0 0 0 0
499 1 0.1 6.30507 4.86412 0.762587 0.00263881 0.00175074 0.00174409 0.0131741 -0.00331692 0.0027931 1 0 0 0 0 0 0 0
