time meanMaxOverlap maxOverlap meanRelativeMaxOverlap maxRelativeOverlap
0 0 0 0 0
0.01005 0.000240101 0.0015625 0.106854 0.709618
0.02 0.000128733 0.000845296 0.0569923 0.384225
0.03 7.63038e-05 0.000343144 0.0339035 0.158643
0.04 4.43644e-05 0.000243119 0.0196887 0.109071
0.05 3.11886e-05 0.000144482 0.0138029 0.0615342
0.06 2.19588e-05 6.93076e-05 0.00978585 0.0310936
0.07 1.73297e-05 6.05471e-05 0.0077368 0.0280051
0.08005 1.6941e-05 7.08098e-05 0.00750032 0.0313734
0.09005 1.59679e-05 8.8916e-05 0.00710903 0.0377563
0.10005 2.51618e-05 0.000110519 0.011167 0.0469295
0.11005 3.71134e-05 0.000158249 0.0165119 0.0702081
0.12005 3.34638e-05 8.70121e-05 0.0148752 0.0394076
0.13005 2.46547e-05 9.12346e-05 0.0109452 0.0403872
0.14005 1.79091e-05 9.66961e-05 0.00796063 0.0425225
0.15005 1.65291e-05 8.13827e-05 0.0073197 0.0376249
0.16005 1.43215e-05 9.12999e-05 0.00634917 0.0419963
0.17005 1.33862e-05 6.45098e-05 0.00592692 0.0274978
0.18005 1.42329e-05 7.38602e-05 0.00629965 0.0332255
0.19005 1.05966e-05 4.47906e-05 0.00468986 0.0195166
0.20005 9.8334e-06 3.92017e-05 0.00435821 0.0171561
0.21005 1.05881e-05 4.18713e-05 0.00468281 0.0187848
0.22005 7.90573e-06 3.11906e-05 0.00349981 0.0135083
0.23005 7.39023e-06 4.88834e-05 0.00326791 0.0212259
0.24005 7.89819e-06 3.13038e-05 0.00349432 0.013646
0.25005 7.67664e-06 3.09004e-05 0.00339645 0.0135954
0.26005 7.4856e-06 2.73986e-05 0.00331169 0.0120592
0.27005 7.87947e-06 3.18188e-05 0.00348813 0.0140047
0.28005 8.58451e-06 3.32561e-05 0.00379779 0.014516
0.29005 7.24512e-06 6.65303e-05 0.00321079 0.0309876
0.30005 7.81381e-06 3.27862e-05 0.00345773 0.0149641
0.31005 7.66893e-06 3.16476e-05 0.00339473 0.0142162
0.32005 6.52126e-06 3.36819e-05 0.00288585 0.0147404
0.33005 6.70473e-06 3.36518e-05 0.00296647 0.0147273
0.34005 6.88892e-06 3.27504e-05 0.00304849 0.0143328
0.35005 6.51445e-06 3.03797e-05 0.00288391 0.0132953
0.36005 6.04344e-06 2.75553e-05 0.00267495 0.0120592
0.37005 6.3782e-06 2.87152e-05 0.00282275 0.0125668
0.38005 6.26513e-06 3.07634e-05 0.00277337 0.0134632
0.39005 6.02474e-06 2.95394e-05 0.00266635 0.0129275
0.40005 6.03565e-06 3.06237e-05 0.0026709 0.013402
0.41005 6.1975e-06 3.20108e-05 0.0027429 0.0140091
